0 332.895 184.161 298.727 16.6121 372.013 57.4982 285.352 285.093 155.547 52.7812 172.171 71.1981 24.731 54.4756 23.7126 296.954 130.272 6.3046 66.8858 85.932 24.9388 8.84907 18.939 348.757 0.0363599 20.8323 4.68498 
299.128 0 458.377 382.768 5.75997 361.31 7.05007 256.696 483.757 64.5049 0.42956 104.219 71.3324 6.80397 0.34169 81.9031 322.373 96.334 15.4472 2.88742 163.627 10.7166 0.0646039 55.6039 333.124 43.5718 2.69657 26.2842 
22.5657 16.1168 0 282.298 41.5448 33.1736 50.8859 275.03 1.12294 13.1217 143.594 45.1868 72.2745 6.67543 27.9851 12.3736 10.3291 38.51 53.9506 2.32104 54.3053 9.49978 6.47442 8.54654 23.7346 27.1221 18.367 17.4506 
329.834 584.651 226.442 0 1.62348 343.403 103.086 592.922 301.938 7.32114 44.9808 252.689 39.9536 23.072 21.5521 34.2566 279.713 145.954 19.209 4.43457 355.911 15.9551 18.86 10.7185 278.086 44.6103 3.4816 23.4527 
179.464 294.079 105.553 163.558 0 265.759 331.71 219.348 24.1094 303.448 231.864 37.0578 76.3005 54.8161 47.5407 59.7005 1.9092 15.8034 79.584 20.0453 18.5282 13.6477 7.14181 2.70581 9.40742 8.98872 30.6993 28.3862 
406.555 509.953 0.293171 313.108 937.84 0 1083.78 88.2817 293.795 381.452 229.533 115.577 337.019 18.0127 34.9249 0.0994818 283.495 17.3236 0.0450287 3.91048 2.03708 20.3795 14.3858 2.09421 289.247 7.03635 19.687 0.900926 
1.57435 12.5087 187.515 171.993 314.358 892.328 0 202.359 400.627 371.614 41.2649 280.794 16.6509 69.3324 20.6698 102.4 31.2375 74.7501 1.67055 93.0959 137.304 22.9045 26.4134 42.5592 0.517213 99.0828 51.6163 0.0113884 
50.5539 3.1417 3.51445 131.805 221.457 170.151 138.818 0 626.481 81.3144 308.115 5.63434 1.59265 119.499 91.8548 241.127 43.403 112.166 116.09 116.819 197.933 15.3826 102.074 64.1368 179.135 119.242 70.4326 2.55893 
493.572 632.583 132.07 595.119 350.33 293.086 13.6813 0.270341 0 146.444 39.1063 210.414 141.206 12.4767 318.816 56.4352 309.714 152.923 34.2221 106.6 92.3016 0.288465 86.939 52.9856 276.6 64.8849 5.55274 38.4533 
12.7568 40.7144 1.51487 106.789 0.244556 508 131.983 6.63001 346.276 0 532.392 245.73 300.614 48.4483 132.455 79.7465 0.0152278 101.318 25.3959 54.4415 43.361 19.9796 53.514 59.668 41.6392 0.172341 3.11896 21.3242 
192.157 122.859 62.1669 40.0651 232.621 273.168 125.532 38.6733 780.676 176.043 0 297.637 0.251307 188.491 393.925 228.783 0.224827 55.9296 3.48431 58.569 118.381 31.3193 0.0140926 28.2427 131.531 153.673 70.8202 0.0711757 
59.0664 82.9276 58.6916 214.434 131.319 45.0546 151.287 83.0973 195.475 27.0086 518.451 0 99.2939 121.177 273.246 295.518 67.3204 8.07802 14.3863 21.2036 42.9602 34.9639 55.4066 185.71 105.339 27.7888 19.2768 4.10315 
48.1602 10.4654 51.9788 4.81605 127.879 81.9636 203.525 145.467 99.2925 9.60742 92.5942 155.254 0 53.5423 41.7247 6.2103 1.56702 102.529 71.4244 2.11759 66.6925 80.4503 38.2146 68.2071 15.7629 4.48732 1.56782 32.7155 
33.9562 65.5017 0.160678 1.2145 46.3837 15.2275 20.6804 36.2646 2.03056 49.8686 181.494 78.7421 147.978 0 10.8395 16.4839 14.7036 45.9682 22.2111 3.99102 9.11324 3.27692 9.54545 0.968182 16.358 0.9893 3.5484 3.10507 
0.489304 96.4792 6.65524 18.143 82.1559 11.0225 45.2765 155.911 5.6992 0.308902 407.974 90.7926 11.2604 0.329473 0 5.53748 16.7554 58.8658 38.3814 0.0161018 30.9807 17.2521 0.0700292 0.664375 15.6436 10.6967 16.4704 12.4264 
6.28568 7.62684 6.48384 9.16315 9.93126 18.9756 84.1752 78.7343 82.5115 5.68671 228.806 356.227 45.0084 13.9807 3.28533 0 25.2995 57.0106 12.1838 8.79233 61.6899 8.34242 8.08531 18.5704 1.61568 15.0047 12.329 0.00543892 
382.01 401.51 13.9822 319.529 36.2698 285.086 103.805 53.1387 387.562 0.120026 18.4968 11.2083 18.2972 1.0127 18.0828 22.7601 0 20.4963 439.736 24.7362 22.1155 19.5588 9.86962 0.149432 284.597 0.457705 6.4009 21.0863 
217.599 99.3664 78.0072 45.9222 171.573 122.269 100.48 63.3487 216.358 108.211 169.914 5.12347 16.2609 46.3189 4.17991 10.8216 204.254 0 29.2504 12.5925 7.66381 38.1098 17.8579 47.8707 57.6273 5.02526 11.4326 18.4302 
96.3007 48.4164 4.81888 58.4227 84.3495 41.0935 32.348 58.6373 140.695 1.05973 2.41899 96.4309 56.9466 0.0324842 5.35942 2.13642 132.311 50.9682 0 7.35617 5.43105 2.07834 19.3081 17.3362 0.0194791 9.60202 19.4844 24.1207 
179.333 114.833 16.7796 4.64306 5.85709 0.306602 0.691661 2.10015 2.76445 38.7846 7.82079 65.6299 42.2465 0.281354 11.6962 9.67518 8.83687 18.8168 0.110138 0 311.712 6.03446 0.0135148 0.000280046 9.63334 8.84869 1.22494 7.34591 
234.745 178.796 41.6695 121.628 1.92411 6.74039 125.7 198.455 90.8814 12.9053 82.6874 128.813 0.0248876 27.7133 13.0908 43.7842 47.9725 1.78346 23.0743 17.7909 0 2.42422 4.52771 47.737 33.7828 53.3477 9.08567 24.3323 
1.04875 27.4171 0.987459 0.394166 43.0868 8.36982 24.6692 65.0509 0.682652 38.5487 76.9612 57.3601 77.5084 10.8547 0.172491 3.87923 2.63163 26.403 3.06786 1.58461 23.3585 0 14.8381 12.8043 18.9644 1.79499 12.34 9.83005 
6.09059 0.0646379 12.3033 9.6977 0.848552 2.41708 51.0305 75.8083 100.492 23.1891 95.1503 32.6899 29.2051 9.22366 12.8765 10.1713 1.01395 1.87536 0 0.0587461 6.20465 14.8725 0 7.58325 2.78494 9.50024 1.55914 6.41675 
50.6275 24.5672 4.38248 8.56356 56.1851 14.2307 56.4527 113.409 3.85792 10.7489 44.3073 142.422 69.7722 0.0681728 4.63476 13.9813 11.3273 0.0267438 11.6509 3.6551 41.8336 0.231314 10.1247 0 4.92909 11.3679 8.89719 5.97974 
281.358 283.179 2.58686 280.536 18.3066 276.501 85.6813 10.2849 402.863 37.9779 73.2483 827.779 3.08912 15.6178 13.1555 54.354 295.048 58.9916 27.5251 5.73915 6.36296 46.7227 12.1247 23.0192 0 0.00815472 15.0786 140.911 
74.836 75.2956 6.87764 43.8153 10.7248 23.8747 48.1705 226.317 7.94384 51.091 158.304 330.366 23.8514 9.11139 4.10124 10.2502 0.328665 4.40511 15.6563 0.60118 13.5579 0.0176462 5.37607 7.99486 20.029 0 2.52947 0.540115 
6.36269 7.72127 18.4611 15.1215 11.902 13.0021 60.5187 100.497 75.8512 47.7086 25.8293 58.5801 6.21087e-05 7.73723 2.93243 10.9682 18.9026 0.16053 5.51066 10.407 9.21467 12.2645 13.4874 6.00536 37.0784 17.1334 0 81.2186 
11.6084 4.63652 10.6548 4.85501 11.3657 3.31865 4.87849 99.989 42.3925 17.6755 56.0672 116.983 7.14136 7.31967 1.60665 0.886235 9.17762 22.9288 10.8013 11.0163 51.074 3.92717 0.375216 12.6017 35.8692 37.9452 18.092 0 
