0 516.816 191.904 464.393 11.5335 516.374 67.0673 277.87 437.547 156.189 48.1303 178.357 69.1226 23.7818 55.7356 25.5604 443.747 121.446 5.06255 64.0151 95.5779 25.4144 8.28516 17.947 497.936 0.000327161 21.5405 5.26008 
472.754 0 471.795 553.298 0.330297 497.106 19.6708 264.032 610.224 73.5011 0.00529799 97.6068 75.09 5.95437 0.694746 81.142 466.92 115.04 12.2726 1.52862 166.36 11.3098 0.145028 56.2503 480.345 45.4205 3.02697 25.2351 
30.8185 2.03767 0 254.611 34.3345 29.9154 38.7849 271.655 1.21536 15.9001 155.456 51.6897 72.6611 7.09146 27.123 11.6471 9.31605 32.9344 52.8412 1.85903 49.8606 9.35258 6.22878 8.22341 23.2242 26.9188 18.4958 17.7958 
501.987 737.375 243.035 0 0.626684 491.513 112.611 41.1835 463.04 5.76425 51.8555 247.761 38.4413 23.1405 20.4753 35.4313 428.937 145.786 17.8882 3.42585 137.837 15.8569 18.728 10.1122 427.21 44.6781 3.18096 24.0914 
168.508 251.943 96.5785 163.869 0 249.551 306.667 220.848 33.2443 291.964 225.89 33.6373 70.9717 53.6005 45.171 58.4252 3.07878 20.1937 95.7689 22.1155 20.482 14.4054 6.5313 2.33172 10.2254 9.89226 30.1151 27.5542 
553.747 661.254 0.0202138 459.157 969.427 0 1247.19 79.1462 463.566 702.241 217.81 120.063 70.4548 17.5571 33.8337 0.0307989 431.305 19.992 0.309054 4.33569 1.55877 20.4358 14.1606 1.87522 438.489 7.61308 19.7741 1.06141 
3.7784 28.1397 200.645 164.797 338.866 870.507 0 224.74 210.394 408.745 60.4996 282.913 21.2327 66.8182 24.5582 101.627 33.4015 82.4946 2.81819 92.3768 138.63 21.877 24.937 43.9965 0.245924 98.668 50.9594 0.002977 
60.7822 5.94709 0.831295 72.6019 222.378 177.516 160.377 0 646.729 74.1737 294.779 2.53822 2.34075 117.686 99.2644 248.266 45.0813 107.881 116.359 116.283 200.375 16.2363 101.857 68.5834 183.01 131.199 72.3295 1.60869 
634.473 795.156 92.1976 734.511 345.488 429.111 97.3213 2.33679 0 125.132 234.483 229.861 146.977 13.1543 293.67 61.5562 460.364 146.962 37.6638 106.614 87.4077 0.444332 88.6695 55.2998 425.539 69.3192 6.24036 36.4191 
15.296 48.4349 2.61792 106.949 2.32047 528.44 95.428 9.40666 331.593 0 563.903 246.608 286.824 51.1244 131.042 81.7095 0.00330756 97.9095 28.3407 54.8353 45.1404 21.2054 54.4059 59.9554 40.0134 0.411157 2.77688 22.3576 
190.79 113.392 51.7913 33.8437 238.039 273.654 154.069 49.5096 864.204 128.766 0 265.503 1.22204 181.176 377.787 227.927 0.0995397 52.307 2.62656 56.9811 120.869 29.9748 0.235709 25.1203 128.729 150.276 71.9804 0.000473212 
65.5788 76.5627 51.9153 223.96 135.093 49.7407 140.507 164.934 176.007 32.9429 516.987 0 102.953 115.217 270.743 240.196 68.4159 9.51054 15.6071 22.973 46.4639 33.6675 59.2219 186.886 109.836 12.7489 21.5397 2.3537 
50.3142 12.4687 50.3973 4.09078 122.931 84.2767 207.481 144.49 105.597 18.2063 83.4201 153.943 0 62.6337 46.3113 7.60632 1.27976 101.797 70.1237 2.41305 65.9079 82.1573 41.411 68.7812 14.8678 5.06772 1.76208 33.294 
33.0305 66.2917 0.0887136 0.995345 47.7448 14.6865 22.977 39.7271 3.17503 47.1784 188.776 85.3053 143.225 0 16.8946 17.2659 14.9587 45.3714 22.538 3.93984 8.58476 3.54773 9.6654 0.708579 16.2444 0.810128 3.71124 2.90604 
0.765764 96.1459 5.80778 17.0702 83.7375 12.3006 50.3035 150.301 2.85643 0.00159799 406.666 75.8861 14.1906 0.124673 0 1.41128 17.1649 59.7342 38.2787 0.00520272 31.96 17.3432 0.000243351 1.10406 16.5851 11.7459 16.2029 12.9601 
5.25247 8.8049 7.13194 10.4189 11.012 19.6425 81.7831 65.0661 77.2602 7.22876 228.239 303.903 47.5437 12.8997 8.76353 0 25.1734 57.5578 12.6466 8.68741 61.3139 8.12029 8.57036 20.5178 2.06863 13.4071 11.9592 0.00360239 
530.963 553.504 15.1505 467.113 32.3875 432.818 102.67 54.8223 536.808 0.0274191 17.2856 10.3505 19.1867 0.90224 17.6772 22.9876 0 12.9406 112.612 25.2457 21.1913 19.4394 10.0751 0.191099 432.941 0.37275 6.59079 20.9055 
222.138 90.5844 84.7523 50.5466 178.799 121.283 108.635 59.202 214.666 104.958 170.476 6.28924 14.9053 46.8853 3.60407 11.6371 189.165 0 25.8127 11.1443 8.86964 38.3964 18.444 47.7214 57.282 5.59351 10.998 19.078 
94.0567 53.7544 3.98088 59.1235 100.789 44.3605 36.3795 60.942 142.979 0.50293 3.24538 97.0843 58.5558 0.0677209 4.90001 1.90257 113.812 46.8035 0 7.89591 6.03545 2.2521 19.5278 17.6055 0.0455921 10.0099 19.6808 23.9274 
166.712 119.069 15.9193 3.61156 7.1123 0.445901 0.33408 1.35644 3.63591 37.7275 8.81401 67.5826 42.4289 0.250496 11.6601 9.65983 8.33642 17.108 0.0493384 0 324.994 6.00352 0.0201281 0.00283892 9.83588 9.03321 1.30672 7.49754 
230.557 179.119 37.4852 146.266 2.63962 7.66435 127.834 195.759 85.9907 14.1326 79.5812 125.4 0.00109398 28.3579 13.9205 42.6447 47.0564 2.40503 22.0366 36.0269 0 2.25732 4.19739 47.8301 34.8025 54.1764 8.65567 23.5945 
1.21046 28.1397 1.08035 0.331983 43.8357 8.74422 23.6257 65.4054 0.912635 37.2906 77.3591 56.2179 75.4599 10.8057 0.105158 3.65649 2.49022 26.8718 3.27357 1.64188 23.0631 0 14.6234 13.0254 19.0671 1.91082 12.2751 9.89084 
6.58944 0.0162585 12.2255 10.0649 1.09133 2.65694 52.425 73.6117 101.085 24.5806 91.2524 36.0958 32.2509 9.50661 11.6249 10.5573 1.10802 2.12123 0.00384838 0.0717409 5.82584 14.6656 0 5.65572 3.28823 9.3647 1.72505 6.57933 
51.3166 23.5031 4.67613 7.9886 56.2902 13.9417 55.2311 116.757 4.80072 11.8061 48.0041 149.161 69.416 0.166917 3.73236 11.9291 11.095 0.0045809 11.9537 3.5638 41.3358 0.342354 12.1927 0 6.07447 11.8136 9.34345 6.26636 
429.257 432.724 2.20941 428.512 19.3475 425.133 86.7146 14.1085 550.632 36.3371 77.7391 1041.71 3.56357 15.4074 14.0889 64.4519 444.003 58.7801 27.2643 5.52121 7.00755 26.2104 11.7829 25.1751 0 13.2441 45.2269 130.101 
75.6765 76.3678 6.23945 44.1651 9.7892 24.3205 45.5468 221.392 10.1032 52.9374 155.505 354.663 22.8314 9.43198 4.86905 8.78773 0.408776 4.94119 15.2189 0.512936 14.5311 0.00741454 5.60889 8.47829 19.0838 0 1.90656 1.56635 
5.89602 8.24523 18.5839 15.5802 11.3908 13.2737 60.4554 100.526 75.268 47.7221 27.2489 55.5639 0.00719172 7.89845 2.68898 10.5862 18.7487 0.106188 5.71868 10.4644 9.65466 12.1952 13.4669 6.4231 38.0045 15.8138 0 76.164 
10.7943 5.20426 11.0812 4.36329 10.7084 3.04436 5.58922 96.5196 40.3229 18.6655 58.6385 123.124 6.66981 7.09499 1.88805 1.14951 8.92647 23.5984 11.1102 11.0787 51.1287 3.80839 0.441732 12.7917 35.1475 33.8272 12.8692 0 
