0 477.867 189.952 430.594 12.802 488.692 64.4659 279.958 407.628 156.042 49.3566 176.733 69.6783 24.0346 55.4029 25.0639 415.396 123.803 5.38108 65.1555 92.9855 25.2879 8.43412 18.2101 468.962 0.00141296 21.3513 5.10381 
436.419 0 469.515 518.546 1.12847 471.64 15.7034 262.144 587.288 71.0681 0.0520623 99.3661 74.0877 6.17591 0.588595 81.3534 439.163 443.49 13.0865 1.84965 165.655 11.1505 0.120451 56.081 451.889 44.928 2.93709 25.5141 
28.5112 4.49813 0 263.544 36.2061 30.7824 41.8845 272.733 0.276708 15.1371 152.323 49.928 72.5657 6.98015 27.3571 11.8407 9.5822 34.3905 53.1432 1.97764 51.0399 9.39207 6.29429 8.30968 23.3624 26.9768 18.4623 17.7046 
466.564 707.764 238.341 0 0.847245 462.837 110.077 809.569 430.665 6.16225 49.9901 249.195 38.845 23.1244 20.7628 35.1245 399.94 145.863 18.2378 3.6832 75.578 15.8836 18.7645 10.2732 398.238 44.669 3.25997 23.9225 
171.457 263.189 98.9774 163.832 0 253.303 313.51 220.486 30.6786 295.19 227.529 34.5371 72.387 53.9278 45.8026 58.769 2.74018 18.9752 91.3676 21.5564 19.9532 14.202 6.69174 2.42888 10.0044 9.64773 30.2713 27.7761 
525.327 631.859 0.0618659 431.011 509.33 0 679.985 81.5641 428.336 769.43 221.039 118.882 275.349 17.6805 34.1308 0.0452868 402.685 19.2651 0.215593 4.22058 1.68024 20.4221 14.2216 1.93256 409.491 7.45786 19.7516 1.01738 
3.09882 23.3872 197.254 166.773 332.513 883.044 0 218.784 256.775 399.251 55.0558 282.426 19.9616 67.4947 23.495 101.849 32.8201 80.4117 2.48341 92.5806 138.29 22.15 25.3289 43.6145 0.308534 98.7919 51.1365 0.000133724 
57.9832 5.11366 1.36651 86.8317 222.17 175.601 154.565 0 642.092 76.0622 298.426 0.286445 2.12739 118.189 97.2905 246.518 44.6331 109.028 116.296 116.442 199.755 16.0071 101.926 67.3968 182.032 128.021 71.8273 1.84092 
607.743 762.789 102.333 708.379 346.928 402.807 67.9354 0.965895 0 130.738 203.765 224.695 145.453 12.9495 303.144 60.1831 430.988 148.565 36.7349 106.623 88.7116 0.399508 88.2166 54.6835 396.604 68.1354 6.05348 36.9594 
14.5987 46.3258 2.29511 106.926 1.56075 525.389 104.754 8.62072 335.697 0 556.294 246.439 290.714 50.4141 131.47 81.2008 8.5324e-05 98.8246 27.5441 54.7345 44.6653 20.8768 54.1732 59.8846 40.448 0.337523 2.86628 22.0811 
191.182 115.908 54.493 35.4628 236.644 273.689 146.292 46.5068 843.174 140.881 0 274.101 0.891972 183.204 382.642 228.274 0.128038 53.2667 2.84376 57.4067 120.213 30.3324 0.15034 25.9396 129.498 151.217 71.6746 0.00758126 
63.8218 78.2492 53.6981 221.509 134.096 48.4778 143.384 140.794 181.18 31.3108 517.77 0 101.982 116.827 271.596 255.028 68.1257 9.11785 15.2776 22.4963 45.5211 34.0128 58.2024 186.64 106.626 16.2202 20.9264 2.77374 
49.7391 11.9188 50.8221 4.27878 124.263 83.1033 206.478 144.764 103.915 15.6594 85.8442 154.309 0 60.1819 45.0785 7.22148 1.35356 101.998 70.475 2.33249 66.1193 81.716 40.556 68.637 15.1049 4.90986 1.70922 33.1406 
33.2782 66.0862 0.105845 1.05177 47.3839 14.8319 22.3563 38.795 2.83856 47.8985 186.913 83.5549 144.587 0 15.1888 17.0679 14.8909 45.5324 22.4516 3.95361 8.72453 3.47494 9.64712 0.774183 16.2767 0.856281 3.66765 2.95869 
0.686074 96.2468 6.02935 17.3557 83.3244 11.9556 48.9505 151.834 3.51685 0.0315453 407.635 79.7866 13.3801 0.011195 0 2.25389 17.0559 59.5058 38.3084 0.00752214 31.6991 17.3205 0.00673094 0.976296 16.3342 11.464 16.275 12.818 
5.51958 8.4834 6.95725 10.0785 10.7192 19.4663 82.4309 68.6309 78.662 6.80094 228.51 318.244 46.8692 13.1933 7.06522 0 25.2078 57.4149 12.5229 8.71589 61.4186 8.17988 8.44242 20.0083 1.93786 13.8309 12.0583 0.000593151 
502.053 523.79 14.8361 438.56 33.4073 404.219 102.982 54.3737 507.817 0.0457211 17.6055 10.5764 18.9483 0.9311 17.7856 22.9276 0 14.7959 102.042 25.1107 21.4367 19.4716 10.0204 0.17949 404.183 0.394567 6.54 20.9541 
220.983 93.985 82.9536 49.3025 176.901 121.567 106.454 60.3013 215.152 105.833 170.343 5.96718 15.262 46.7361 3.75369 11.4174 193.254 0 26.7127 11.5232 8.54009 38.3209 18.2874 47.763 57.3765 5.43926 11.1133 18.9047 
94.6638 52.3152 4.19717 58.9423 96.3269 43.4881 35.2878 60.3276 142.387 0.631459 3.01341 96.9153 58.1291 0.0570756 5.02081 1.9637 118.813 47.9049 0 7.75061 5.87143 2.20515 19.4698 17.534 0.0375613 9.90073 19.6287 23.9795 
170.188 117.967 16.1497 3.87509 6.76659 0.406258 0.416903 1.53917 3.39226 38.011 8.54402 67.0653 42.3822 0.25856 11.6703 9.66455 8.46889 17.5577 0.0631947 0 322.078 6.01189 0.0182365 0.00189571 9.78217 8.98434 1.28468 7.45724 
231.746 179.061 38.5891 140.008 2.438 7.41271 127.276 196.508 87.2933 13.8007 80.4105 126.319 0.00439684 28.1865 13.6975 42.9503 47.3018 2.23038 22.3121 30.6005 0 2.30129 4.28437 47.8074 34.5311 53.9584 8.76959 23.7911 
1.16625 27.9472 1.05521 0.348057 43.6374 8.64418 23.903 65.3137 0.848089 37.6274 77.2575 56.5246 76.0182 10.8203 0.121503 3.71554 2.5276 26.7471 3.21815 1.62654 23.1421 0 14.6848 12.9682 19.0402 1.87966 12.2928 9.87487 
6.45484 0.0260222 12.2471 9.96703 1.02366 2.59206 52.0558 74.2028 100.939 24.2082 92.3019 35.1772 31.4316 9.44421 11.9582 10.4572 1.08255 2.05425 0.00206303 0.0681504 5.92592 14.7251 0 6.15432 3.14927 9.40167 1.68011 6.53613 
51.1357 23.786 4.59729 8.14083 56.265 14.0195 55.5601 115.883 4.53964 11.5205 47.012 147.403 69.5201 0.136385 3.96505 12.4727 11.157 0.00869288 11.873 3.58818 41.4702 0.310657 11.6446 0 5.74487 11.6958 9.22436 6.18977 
400.612 403.641 2.3074 399.847 19.0682 396.296 86.4476 13.0339 522.045 36.7748 76.5428 546.651 3.43395 15.4654 13.8393 62.2021 415.082 58.8391 27.3347 5.57919 6.83303 30.9211 11.8712 24.5182 0 7.39455 27.8368 138.995 
75.46 76.0884 6.40753 44.0805 10.0352 24.2038 46.2455 222.814 9.50363 52.4488 156.289 348.614 23.1028 9.3473 4.659 9.17104 0.38657 4.79545 15.3355 0.535812 14.2692 0.00971632 5.54685 8.34935 19.3343 0 2.06456 1.24143 
6.01896 8.10409 18.552 15.458 11.5264 13.2015 60.4749 100.527 75.4273 47.7206 26.8682 56.3675 0.00413199 7.85566 2.75302 10.6883 18.79 0.11959 5.66294 10.4493 9.5366 12.2141 13.4733 6.311 37.7591 16.1644 0 77.5831 
11.0092 5.04994 10.9674 4.49223 10.8823 3.11651 5.39539 97.4544 40.8731 18.4002 57.9534 121.504 6.79428 7.15507 1.81099 1.07614 8.9933 23.4197 11.0277 11.0624 51.1162 3.83999 0.423493 12.7419 35.3485 34.9316 14.1916 0 
