0 539.465 193.312 483.053 10.6235 530.252 69.041 276.261 453.138 156.287 47.2173 179.564 68.7047 23.5924 55.9836 25.9344 458.135 119.677 4.82966 63.0353 97.5297 25.5092 8.17414 17.7502 512.785 0.00358217 21.6826 5.37875 
493.51 0 472.875 572.51 0.043635 509.355 22.9276 265.414 620.556 75.3412 0.00191493 96.2899 75.8415 5.79065 0.780171 80.9795 480.864 415.702 11.6783 1.30771 166.878 11.4298 0.164956 56.3759 494.807 45.7894 3.09521 25.0262 
32.5975 0.821666 0 247.244 32.9555 29.2669 36.5235 270.763 2.35376 16.4828 157.79 53.0237 72.729 7.17506 26.9454 11.5021 9.11836 31.8581 52.612 1.77239 48.9789 9.32289 6.17966 8.15867 23.1196 26.8735 18.5206 17.8636 
521.814 752.553 245.219 0 0.482966 506.133 114.507 255.187 480.54 5.47389 53.2697 246.629 38.1383 23.1515 20.2595 35.6583 443.808 145.713 17.6274 3.23846 474.738 15.8367 18.7 9.99178 442.063 44.6807 3.12224 24.2175 
166.285 243.528 94.7786 163.875 0 246.895 301.465 221.102 35.2296 289.469 224.64 32.9683 69.9133 53.3536 44.6976 58.1658 3.34543 21.1302 99.1057 22.5381 20.8822 14.5586 6.41199 2.2601 10.3923 10.0773 29.9979 27.388 
568.169 676.349 0.00387656 473.386 792.991 0 1418.58 77.3428 483.456 452.664 215.34 120.94 169.308 17.4637 33.6081 0.0217587 445.894 20.5442 0.390125 4.42277 1.47065 20.4454 14.1144 1.8327 453.358 7.73013 19.7906 1.095 
4.33164 31.9758 203.133 163.289 343.535 858.035 0 229.198 178.078 415.652 64.7273 283.241 22.2087 66.308 25.368 101.453 33.8391 84.065 3.08282 92.2182 138.879 21.673 24.6441 44.2825 0.203582 98.5686 50.8258 0.00753676 
62.9133 6.61254 0.516468 63.0111 222.515 178.926 164.761 0 649.836 72.7647 292.005 5.69184 2.50732 117.3 100.743 249.5 45.4177 107.019 116.402 116.156 200.824 16.409 101.799 69.4738 183.717 133.577 72.7045 1.44475 
647.622 812.462 84.8595 747.12 344.338 442.366 122.51 3.75471 0 120.97 840.776 233.724 148.112 13.3192 285.675 62.5898 475.519 145.754 38.3659 106.602 86.4302 0.479512 89.0052 55.7616 440.37 70.2076 6.38239 36.0149 
15.8284 50.04 2.8738 106.958 2.98815 529.544 88.6526 10.0177 328.428 0 569.215 246.703 283.809 51.6555 130.698 82.0837 0.00877833 97.2202 28.9431 54.909 45.4971 21.4527 54.578 60.0058 39.6871 0.471109 2.71069 22.5654 
190.483 111.51 49.7983 32.6495 239.061 273.549 159.973 51.8138 878.965 119.939 0 259.048 1.50333 179.619 373.894 227.609 0.0805238 51.5906 2.46924 56.661 121.357 29.7073 0.312279 24.5124 128.143 149.553 72.2082 0.000745967 
66.9062 75.3037 50.5901 225.753 135.836 50.6934 138.351 184.048 172.136 34.1897 516.214 0 103.679 114 270.016 229.089 68.6323 9.81016 15.8561 23.3328 47.1751 33.4089 59.9875 187.037 112.923 10.4124 22.0041 2.06094 
50.7459 12.8884 50.0773 3.95238 121.925 85.4342 208.207 144.278 106.857 20.2352 81.614 153.66 0 64.4831 47.2397 7.90089 1.22572 101.643 69.8582 2.47433 65.7483 82.4813 42.0533 68.8852 14.6908 5.18757 1.80223 33.4086 
32.8444 66.4433 0.0768574 0.954021 48.0146 14.577 23.4465 40.4299 3.44228 46.6374 190.134 86.6179 142.159 0 18.2106 17.4092 15.0095 45.2498 22.6024 3.92946 8.4805 3.60254 9.67252 0.661136 16.2191 0.776289 3.74404 2.86677 
0.828392 96.0645 5.64377 16.8565 84.0431 12.5613 51.3239 149.133 2.40822 0.00399696 405.645 73.0007 14.8119 0.289775 0 0.906582 17.2466 59.904 38.2553 0.00374157 32.1555 17.3595 0.00117155 1.20478 16.7731 11.958 16.1484 13.0664 
5.05618 9.04943 7.26385 10.6767 11.2336 19.7739 81.2924 62.4348 76.2084 7.55744 227.979 293.018 48.0488 12.6772 10.1432 0 25.1472 57.6635 12.7395 8.66581 61.2333 8.07544 8.66555 20.8944 2.17149 13.0906 11.8848 0.0075282 
545.762 568.901 15.3877 481.648 31.6302 447.39 102.433 55.1584 551.669 0.0167461 17.0473 10.1825 19.366 0.88088 17.5959 23.0322 0 11.6267 200.327 25.3464 21.0077 19.4151 10.1162 0.200037 447.631 0.356795 6.62895 20.8689 
222.978 87.5287 86.1001 51.4842 180.21 121.06 110.272 58.3815 214.284 104.297 170.567 6.53611 14.6401 46.9961 3.49377 11.8029 186.072 0 25.1455 10.8637 9.12053 38.4527 18.5616 47.6894 57.2099 5.71044 10.9118 19.208 
93.5975 54.8407 3.82216 59.2566 104.169 45.015 37.2057 61.4024 143.415 0.416128 3.42482 97.2084 58.875 0.0762997 4.81028 1.85731 110.042 45.982 0 8.00553 6.15973 2.28763 19.5711 17.659 0.0521266 10.0921 19.7197 23.888 
164.058 119.882 15.7461 3.41946 7.37677 0.476827 0.277953 1.22696 3.82407 37.5142 9.01902 67.9689 42.4631 0.244528 11.6522 9.65599 8.23746 16.7735 0.040066 0 326.873 5.99719 0.021608 0.0036711 9.87604 9.06968 1.32336 7.52774 
229.631 179.149 36.6634 150.715 2.79596 7.85541 128.247 195.182 85.0143 14.3836 78.9588 124.706 6.50351e-05 28.4862 14.0885 42.4149 46.8719 2.54028 21.8306 40.3507 0 2.2246 4.13262 47.846 35.0059 54.3384 8.5706 23.4471 
1.24416 28.2841 1.09938 0.320173 43.9837 8.81937 23.4179 65.4729 0.962575 37.0375 77.4331 55.9868 75.0357 10.7941 0.0936662 3.61238 2.46234 26.9652 3.31539 1.65341 23.0038 0 14.5753 13.0673 19.087 1.93433 12.2617 9.90269 
6.69119 0.0104371 12.2088 10.1384 1.14348 2.70601 52.7004 73.1656 101.19 24.8605 90.4604 36.7895 32.8686 9.54704 11.3754 10.6311 1.12731 2.17213 0.00554897 0.0744925 5.75133 14.6191 0 5.29056 3.39469 9.33658 1.7591 6.61166 
51.4507 23.2913 4.73554 7.87502 56.3077 13.883 54.9829 117.404 5.00098 12.022 48.7509 150.461 69.3335 0.191809 3.56171 11.5239 11.0485 0.00235177 12.0143 3.5455 41.2344 0.367102 12.6006 0 6.33294 11.9014 9.43282 6.32392 
443.864 447.66 2.13718 443.135 19.5578 439.884 86.9107 14.94 565.186 36.0086 78.6358 477.551 3.66226 15.3631 14.2765 65.8954 458.814 58.7346 27.2111 5.47778 7.13966 23.1804 11.7181 25.6995 0 18.5294 61.1543 121.084 
75.8352 76.574 6.11447 44.2244 9.60651 24.4069 45.0232 220.275 10.5636 53.302 154.899 358.977 22.6282 9.49511 5.02909 8.50358 0.425825 5.05177 15.1314 0.496089 14.7286 0.00589213 5.65538 8.57497 18.8969 0 1.79195 1.83411 
5.80454 8.35172 18.6075 15.6716 11.2895 13.3277 60.4394 100.522 75.1467 47.7222 27.5352 54.962 0.0100393 7.93044 2.64135 10.5095 18.7176 0.0966606 5.76062 10.4755 9.74354 12.1809 13.4617 6.50753 38.1877 15.5515 0 75.0676 
10.6344 5.32143 11.1665 4.26757 10.5788 2.99071 5.73672 95.8138 39.9107 18.8652 59.1521 124.33 6.5771 7.04986 1.94685 1.20607 8.87641 23.7326 11.1722 11.0907 51.1371 3.78473 0.45566 12.8286 34.9927 32.9972 11.9132 0 
