0 381.757 206.446 270.049 2.42396 246.6 94.7287 253.589 193.044 156.67 36.4799 193.509 63.4857 21.2728 58.9215 30.6537 181.359 97.958 2.39627 53.8638 121.984 26.6669 6.85481 15.3777 241.252 0.330008 23.4436 6.93846 
318.237 0 442.155 355.475 18.3106 208.5 81.3439 279.985 295.088 98.8951 2.18856 80.2823 85.0747 3.94584 2.23334 78.699 198.818 722.513 5.5045 2.96307e-05 172.427 12.946 0.515474 57.8185 218.629 50.3052 3.99488 22.479 
57.547 29.92 0 127.521 17.9388 21.4718 13.6965 254.063 45.6604 24.3427 185.025 70.2114 73.3042 8.21375 24.6297 9.72981 6.82688 19.7879 49.5914 0.865845 38.4064 8.94966 5.57521 7.36002 21.7646 26.1886 18.7986 18.6667 
318.938 474.561 84.3964 0 0.248794 231.347 137.315 363.611 248.08 2.48939 71.603 228.92 34.3993 23.2119 17.6016 38.2194 172.892 143.731 14.5141 1.34284 680.31 15.5716 18.3135 8.53319 170.971 44.4124 2.43814 25.7233 
138.318 144.141 72.7664 162.412 0 202.236 233.791 222.957 63.669 253.966 207.798 25.1666 57.143 50.212 38.8964 54.8535 7.50916 34.1906 142.034 27.9616 26.0692 16.4896 5.0215 1.46571 12.5399 12.4739 28.5424 25.3418 
290.572 402.889 0.84935 194.463 418.709 0 887.377 56.021 295.19 541.068 182.103 131.151 53.2097 16.2561 30.6455 0.0391817 171.51 27.8243 2.15455 5.54998 0.592092 20.5175 13.5139 1.34469 182.282 9.21565 19.9687 1.54971 
14.1455 96.6338 229.235 143.078 393.226 538.67 0 282.575 3.37876 482.707 125.78 284.603 35.7711 59.8471 36.1391 98.7693 39.3578 103.873 7.28911 89.8656 141.485 19.1951 21.1075 47.7566 0.0101028 96.8989 49.1178 0.234628 
91.2344 17.5911 2.76318 41.1703 222.919 194.414 219.765 0 660.997 56.0451 255.286 141.367 5.01953 111.921 118.688 259.108 49.5786 96.2869 116.631 114.071 205.271 18.5871 100.694 80.4081 190.486 162.032 77.1926 0.144763 
354.08 564.559 17.2299 440.951 325.403 180.203 594.359 47.7423 0 73.483 949.369 279.942 161.498 16.1257 215.679 75.4868 208.057 130.504 47.3553 106.051 74.4751 1.02216 92.8417 61.4037 169.421 81.1359 8.25073 31.1205 
23.0373 71.2769 6.96229 106.409 17.9276 461.663 23.6447 19.0198 284.046 0 604.477 245.677 240.688 58.0452 124.822 86.1649 0.291281 88.5464 36.7107 55.6744 49.9082 24.5501 56.52 60.4283 35.6441 1.54144 1.95689 25.1522 
185.802 88.7808 27.844 19.4413 249.885 266.765 236.138 83.5816 938.962 33.855 0 180.687 7.32382 158.189 310.26 219.762 0.0116338 43.0041 0.924104 52.652 127.098 26.4505 2.1321 17.5108 120.259 139.54 74.891 0.39875 
83.8455 60.2579 35.2438 244.444 144.628 62.7857 111.981 469.904 125.759 51.0726 493.833 0 112.432 98.4598 255.087 101.964 71.2284 13.8542 19.0555 27.9176 56.1953 30.2411 69.4354 186.597 137.842 1.12766 28.0329 0.0462493 
56.0823 18.5679 46.0427 2.43326 109.181 117.369 215.326 141.217 122.293 52.9563 60.3242 149.634 0 87.6125 58.8758 11.9309 0.653848 99.537 66.4468 3.28857 63.7122 85.9795 49.9942 69.8621 12.5665 6.76729 2.33248 34.7905 
30.5279 68.1337 0.000503788 0.51422 51.2639 13.1973 29.4819 49.3353 7.75918 39.931 203.939 102.636 126.179 0 35.8161 18.7782 15.6271 43.6922 23.3688 3.79753 7.23609 4.29444 9.29984 0.206773 15.8411 0.415828 4.15409 2.39822 
1.79896 94.6592 3.78419 14.2569 87.5051 15.8879 64.2031 133.639 0.24755 1.77713 373.141 40.8426 23.359 7.65452 0 3.84045 18.2486 61.8858 37.8908 0.00547218 34.5522 17.506 0.418577 2.78033 19.071 14.6197 15.4526 14.3669 
2.92784 12.3012 8.94267 14.0133 14.1125 21.3321 74.9422 33.4801 63.3007 12.139 220.821 158.151 54.183 9.82994 33.0321 0 24.7965 58.8624 13.8918 8.383 60.0921 7.51218 9.7776 25.0437 3.76327 9.3301 10.9544 0.17324 
273.461 303.69 18.4 206.372 22.8722 172.798 99.2144 59.2795 280.21 0.100376 14.2169 8.21059 21.6154 0.637764 16.5869 23.5603 0 1.14354 490.903 26.5567 18.7826 19.1031 10.6219 0.326902 174.352 0.188421 7.1049 20.4044 
231.353 28.5471 102.51 63.3156 196.505 117.613 130.478 48.5309 208.423 95.9211 171.113 9.9484 11.5379 48.2973 2.2683 13.9195 146.641 0 17.5206 7.66403 12.4749 39.1161 20.0197 47.2363 56.2385 7.24026 9.86757 20.8261 
87.6614 68.6508 2.11837 60.6994 147.384 53.0495 47.8822 67.0577 148.172 0.021592 6.01925 98.559 62.7169 0.223934 3.76307 1.34165 64.8562 36.2216 0 9.40015 7.78646 2.74586 20.0872 18.3057 0.168538 11.1181 20.1892 23.3841 
128.747 128.862 13.5936 1.46282 10.9924 0.940758 0.00997544 0.162068 6.51318 34.8381 11.7141 72.6016 42.8189 0.176577 11.5353 9.58764 7.05204 12.8666 0.00501002 0 327.6 5.91523 0.0441288 0.0226985 10.3607 9.50685 1.53586 7.89518 
215.929 178.578 27.027 177.993 5.08261 10.3798 132.95 187.078 73.0867 17.6262 71.2701 115.872 0.0896533 30.0503 16.2147 39.5288 44.563 4.50301 19.3385 108.31 0 1.83945 3.37141 47.9695 37.4934 56.2308 7.54839 21.6369 
1.69624 30.0564 1.34627 0.19186 45.7593 9.75142 20.8907 66.2113 1.6857 33.8827 78.1921 53.0745 69.4368 10.6007 0.00653901 3.08178 2.12986 28.1065 3.84942 1.79779 22.263 0 13.8472 13.5216 19.3136 2.23329 12.0836 10.0405 
7.99829 0.0443198 11.974 11.0404 1.88376 3.33988 55.9932 67.5082 102.088 28.3447 80.4217 45.6328 40.6574 9.5851 8.36903 11.4364 1.37786 2.84648 0.052023 0.112585 4.86505 13.9092 0 1.61944 4.85447 8.96314 2.20155 7.00419 
53.0035 20.7142 5.48421 6.51553 56.4287 13.136 51.8214 124.698 7.78414 14.8008 58.1151 164.973 68.0142 0.634751 1.75507 6.82881 10.4743 0.0353313 12.7609 3.31894 39.9311 0.740286 17.1587 0 10.25 12.9413 10.534 7.03704 
169.755 177.567 1.33904 169.203 22.2031 167.42 89.0303 26.9104 289.631 31.9652 89.582 342.097 4.98061 14.7575 16.5975 64.5349 187.013 58.0868 26.5284 4.94763 8.85551 31.0752 11.0163 33.0281 0 88.5523 107.283 28.7278 
77.5287 78.8889 4.65154 44.6585 7.47443 25.3938 38.627 203.105 16.9966 57.6542 146.224 394.905 20.1476 10.2424 7.16317 5.28359 0.664198 6.50568 14.054 0.310703 17.2371 0.00148799 6.22446 9.76099 16.6634 0 0.66286 6.74547 
4.7285 9.71012 18.8704 16.7921 10.067 13.985 60.153 100.18 73.5263 47.6545 31.1283 47.6009 0.0840541 8.31756 2.08433 9.55982 18.3255 0.0159318 6.28618 10.6042 10.863 11.9924 13.3659 7.56848 40.4031 12.3885 0 59.7319 
8.7406 6.86207 12.2166 3.16409 9.03119 2.3631 7.69745 86.8372 34.8961 21.3694 65.4429 138.458 5.47882 6.4888 2.73729 2.00635 8.26436 25.3895 11.94 11.2253 51.1703 3.49575 0.64413 13.2539 32.8131 22.8714 2.96346 0 
