0 1019.58 16.2888 741.811 113.032 462.112 7.29731 223.742 452.596 1.6809 173.778 84.6173 8.91108 45.9683 56.7998 75.0214 553.837 222.883 35.4929 43.6716 204.905 0.59347 5.9858 34.7906 521.008 79.4647 50.7097 22.9454 
1030.57 0 471.795 704.541 224.495 558.136 0.0494281 34.4757 763.114 152.259 66.7269 9.85322 135.852 6.57242 22.3256 2.77462 466.535 86.6703 159.404 139.741 0.243843 51.242 20.2224 0.253477 465.572 0.0868721 54.152 57.2577 
65.525 2.03754 0 177.527 122.489 57.6856 134.147 248.91 13.2385 14.2057 227.32 172.77 0.622459 14.3274 33.8589 5.3009 34.2323 9.42287 59.9045 5.98342 1.28793 1.0813 0.00966372 6.4811 0.539343 20.3463 19.3835 16.4816 
773.181 721.402 70.2557 0 94.3035 462.659 110.711 968.464 586.123 8.33395 195.282 34.5401 34.7021 9.76504 39.4588 30.4988 450.777 3.53559 56.015 46.1998 143.374 2.95114 0.712173 18.7045 467.886 36.6975 19.5072 12.1712 
262.368 522.978 174.47 78.6482 0 113.224 171.147 93.2083 1.95205 139.722 5.43282 99.5367 2.00159 42.8401 0.566612 56.2203 70.285 189.449 73.8097 15.6412 20.6151 21.057 35.5833 11.0534 16.9569 70.4988 41.2495 0.995139 
508.233 675.367 59.2948 503.852 1089.53 0 813.183 204.939 873.445 293.413 0.018222 33.8571 521.493 20.662 4.6661 5.59249 507.166 100.252 5.81051 18.1212 0.0249499 0.965661 8.27759 4.72337 459.878 21.3462 9.9736 11.4195 
15.0323 0.445371 102.146 166.283 62.7285 111.226 0 152.638 1304.37 225.282 345.465 105.64 4.30282 47.3343 1.42322 0.615638 1.8497 234.367 15.0202 93.2666 7.41427 62.4013 44.3278 59.6065 91.8542 98.1576 31.8814 65.8515 
49.395 290.03 66.39 495.341 83.4828 0.00338242 216.796 0 192.902 196.29 2.82093 647.562 54.6304 25.1905 173.269 51.8522 0.120322 13.1743 78.7479 115.556 40.0111 43.2182 17.1155 11.9957 173.086 229.642 75.4047 133.749 
708.055 452.59 185.213 615.907 354.036 924.373 720.199 330.816 0 217.402 1140.35 1.22158 197.337 144.545 288.026 137.283 563.649 18.7918 20.9935 10.5239 100.134 1.58681 59.3801 28.0534 477.503 80.8422 4.05605 50.1139 
123.346 123.593 1.92077 81.6704 103.62 134.856 289.779 180.305 378.789 0 57.9699 232.751 13.9951 4.75976 0.277687 5.73664 34.2102 9.50507 108.388 51.1657 40.3441 9.48612 6.68629 14.9067 53.1274 2.19091 1.99985 44.4789 
137.706 8.72032 36.5724 111.092 140.607 51.5525 233.183 374.36 793.056 598.968 0 170.505 131.633 5.37459 312.304 212.215 13.5717 166.387 62.9063 1.22889 118.381 75.4291 7.00227 19.3525 90.3593 139.54 2.50187 109.723 
4.23183 20.5733 88.7633 177.31 93.8789 0.0632912 284.179 944.041 401.875 6.47989 489.053 0 90.0072 26.1964 77.5256 222.227 87.7238 54.4973 18.2758 0.273108 130.851 76.6105 124.273 51.5983 60.8249 142.828 93.9171 60.5739 
105.178 72.8986 23.66 2.5433 27.4145 134.737 130.19 98.8342 172.933 330.338 252.213 0.0904043 0 114.163 113.142 54.9613 1.50032 11.0864 31.2435 6.88031 4.941 77.4329 89.7765 68.8163 49.1846 55.1404 24.0711 44.262 
38.3751 65.7176 2.5439 16.8133 57.7544 18.7137 57.5585 124.156 142.192 83.7093 131.922 110.994 3.79887 0 58.4214 9.94837 0.492293 46.4321 26.2373 0.149901 0.226597 0.350472 0.684599 0.943973 13.3781 8.01852 5.20619 2.73518 
1.05463 74.7814 23.2715 39.209 85.0763 33.5797 1.65567 2.45458 59.3807 128.901 374.476 271.12 118.393 57.8643 0 5.53749 24.4302 5.45419 9.13648 0.524378 0.386068 10.4486 25.272 25.7229 31.3941 30.0461 11.1902 3.41926 
15.1672 77.2358 23.5977 42.894 12.9141 8.10523 16.5306 253.936 24.2805 37.7387 213.636 159.939 83.6645 0.430695 3.28529 0 0.436814 9.96935 17.2466 1.00997 18.5374 2.55645 11.1904 11.5457 37.5183 27.2064 7.35053 19.2002 
477.098 568.698 50.81 498.997 2.33388 507.246 105.854 0.395742 501.103 32.2092 48.5633 0.96535 37.7893 20.7371 2.5029 4.34756 0 24.2603 182.615 2.34508 0.544706 17.7239 6.54898 1.79624 477.62 27.2057 19.9894 22.8189 
119.878 125.336 119.655 77.91 214.724 53.5991 232.744 48.8181 6.0659 13.6054 20.9922 47.6129 99.1776 45.852 67.6687 11.43 51.6312 0 49.0224 44.0842 95.1033 15.0167 32.3484 5.06678 46.5695 1.51443 30.5026 34.5195 
11.5753 120.175 12.9156 0.0069011 69.2532 61.8557 62.45 115.28 129.072 118.277 26.5051 26.4412 84.5186 1.99302 38.4231 0.311865 42.3222 27.6328 0 27.1689 12.3568 12.853 2.85397 2.10147 30.3854 30.1606 22.5404 22.1681 
213.242 25.4738 21.5765 46.3399 3.44084 23.0642 0.808578 12.7023 104.453 12.0361 72.2239 16.6219 43.1037 2.11274 11.6994 0.0286619 31.4289 35.9752 36.5641 0 40.0803 5.77006 3.75666 2.70828 6.60341 0.0154851 1.51797 8.84872 
137.986 8.24064 0.000454912 89.7758 2.69129 16.5318 0.979161 0.0511477 98.716 74.2327 82.6874 34.3335 48.4872 44.2466 3.34548 1.12182 5.90381 80.4375 13.7744 326.766 0 0.142682 32.5867 46.5621 0.162312 18.2858 43.9654 0.0372813 
23.3416 48.7119 12.5676 16.8069 49.3641 14.7755 62.6937 63.4753 2.38914 49.5746 7.66969 70.7752 80.5178 9.77058 6.56054 0.114731 1.06743 3.67519 11.2083 2.03533 12.4208 0 1.15197 0.214103 0.954316 9.92084 2.14966 2.98366 
8.97179 23.9613 3.91952 16.2554 9.84634 8.6854 33.3729 0.641847 32.7337 36.7697 120.011 113.045 86.5091 0.268425 13.2802 12.2481 0.0601103 44.7513 23.0402 3.59846 30.5691 1.09545 0 10.0379 3.29508 6.87338 13.4886 0.915758 
10.2942 56.8206 6.34204 20.6727 51.3798 0.776338 38.5868 54.8578 85.2634 13.8264 128.707 3.39095 69.3889 4.28692 11.717 14.5051 18.3363 38.9124 6.462 0.153701 32.2245 10.1087 7.66685 0 2.69743 7.5256 6.84154 12.5762 
456.732 494.44 19.7453 487.662 8.36886 450.543 2.54886 107.614 559.093 56.2547 119.646 72.7704 45.7668 11.6124 31.2786 44.0606 450.148 50.2025 1.01622 8.81413 12.0042 19.1243 16.6695 51.2723 0 19.9039 48.0193 35.6058 
2.89724 17.5723 23.6132 33.0144 41.1472 4.41421 66.0878 108.932 16.8052 59.4419 146.224 315.097 17.3222 1.68324 25.6378 30.38 24.7458 1.89672 0.0803146 11.1369 56.9376 5.79171 0.14525 10.9246 6.37842 0 14.0098 63.0666 
17.4113 54.3483 19.39 1.06664 49.1574 18.2834 51.7387 100.382 73.9115 38.7764 38.0401 1.24869 31.1769 9.20888 19.8677 6.01207 5.00662 10.3041 9.68478 3.64514 11.7271 2.29229 1.07545 9.78382 11.0491 1.18183 0 14.8796 
59.1049 4.34626 21.2597 15.1189 1.98904 22.055 73.3215 38.3963 54.1207 47.5469 43.7301 37.4148 3.15033 0.216714 15.3391 15.0487 12.0575 30.092 0.131103 4.02589 30.4587 10.2511 1.69231 14.2022 28.2345 25.9855 78.2811 0 
