0 302.363 208.748 173.146 1.0954 125.559 102.747 245.932 79.8032 156.487 33.4918 197.289 61.9156 20.5909 59.7493 32.088 62.5437 91.6016 1.8323 56.8883 129.299 27.0069 6.48115 14.6929 123.829 0.528782 23.9695 7.43549 
235.988 0 418.398 253.875 31.2413 83.5425 104.421 283.384 162.598 106.119 3.62705 75.6384 87.7942 3.46141 2.80595 77.9254 78.5211 842.123 4.09748 0.120601 173.771 13.409 0.656856 58.2087 99.8764 51.6307 4.28273 21.7336 
65.8478 53.2645 0 90.2412 14.2554 19.2674 8.9069 247.194 67.9919 26.8971 192.421 75.5268 73.3811 8.52372 23.9018 9.21209 6.20045 16.6737 48.6295 0.656342 35.3981 8.83638 5.39656 7.12314 21.3404 25.9412 18.8713 18.8927 
223.369 351.544 22.2972 0 0.728215 112.817 143.781 140.735 144.185 1.82086 77.3094 222.417 33.2902 23.203 16.8167 38.8888 55.7772 142.762 13.6288 0.933267 152.797 15.4874 18.1841 8.11097 53.8204 44.2262 2.24947 26.1519 
129.917 117.522 66.3977 161.434 0 177.97 213.035 223.049 73.3966 241.966 202.33 23.0169 53.4722 49.2465 37.1927 53.832 9.05092 38.5762 155.106 29.6414 27.6954 17.0776 4.63765 1.26172 13.2084 13.2252 28.1066 24.7362 
171.08 283.136 1.4694 74.9547 514.197 0 1287.08 50.0975 208.316 181.513 171.451 133.946 588.024 15.8788 29.7078 0.0903234 53.3744 30.1416 2.94658 5.90265 0.406096 20.5225 13.325 1.21296 65.0701 9.67041 20.0125 1.69895 
18.0912 121.165 235.141 136.59 404.738 413.624 0 297.533 41.1511 495.121 146.55 284.05 40.3057 57.8777 39.5885 97.7866 41.0354 109.865 8.86671 89.0283 142.093 18.4745 20.0867 48.7678 0.069994 96.2468 48.5895 0.362907 
100.263 21.8064 5.59704 59.9885 222.579 198.274 236.094 0 654.518 51.349 243.641 211.452 5.92701 110.112 123.858 259.895 50.8174 93.0742 116.593 113.268 206.194 19.2511 100.228 83.6181 191.778 170.021 78.4744 0.0184265 
229.807 451.632 6.67796 311.042 318.172 75.6614 760.463 69.637 0 61.0746 834.459 292.939 165.232 17.2247 228.636 79.3422 91.9499 125.872 50.1328 105.744 70.9735 1.22205 93.8692 63.0558 52.4604 84.3517 8.84705 29.7019 
25.3965 78.0277 8.49884 106.016 24.6541 416.632 11.9497 22.1973 269.262 0 603.609 244.59 226.151 59.8736 122.518 87.1781 0.451695 85.9171 39.1256 55.8504 51.2209 25.4852 57.0307 60.4828 34.4403 1.97602 1.7554 25.9279 
184.098 82.26 22.377 16.1013 252.441 262.838 259.283 94.0835 909.175 17.8517 0 158.489 9.87417 151.14 286.869 216.076 0.0503134 40.5502 0.607324 51.4417 128.7 25.4999 2.98148 15.6197 117.697 136.198 75.642 0.657361 
89.0472 55.9834 31.0875 248.678 147.101 66.4759 104.304 563.219 112.686 56.5789 482.796 0 114.953 93.7029 248.639 71.1108 71.9724 15.1773 20.0502 29.3287 58.9555 29.3093 72.2288 185.645 122.245 5.45906 29.9246 0.0220916 
57.6685 20.4278 44.8167 2.04993 105.294 130.979 216.763 140.151 126.811 65.123 54.4128 148.248 0 94.4217 62.3615 13.2627 0.51788 98.8393 65.3864 3.5511 63.0833 86.8343 52.3404 70.0425 11.9575 7.27171 2.50244 35.1895 
29.8333 68.5707 0.00284733 0.408897 52.1994 12.7788 31.3532 52.0497 9.39603 37.9399 206.916 107.285 120.545 0 41.0103 19.0325 15.8076 43.2092 23.5863 3.75699 6.88148 4.50457 9.03136 0.120299 15.7052 0.329487 4.27779 2.26494 
2.15732 94.1005 3.29377 13.5011 88.4201 16.9088 68.0981 128.695 0.814936 2.918 356.955 32.7442 26.186 11.5091 0 7.8503 18.5439 62.4334 37.7554 0.013027 35.2582 17.5301 0.685085 3.36046 19.7422 15.4196 15.2375 14.7477 
2.40239 13.3479 9.45741 15.0524 15.0172 21.7707 72.9588 26.3355 59.5183 13.6782 217.327 121.512 55.9613 8.96905 41.1388 0 24.6827 59.1807 14.2363 8.29329 59.7014 7.3416 10.082 26.0562 4.3471 8.28269 10.6744 0.264037 
155.759 187.977 19.3226 87.8885 20.493 54.5965 98.1591 60.4932 162.788 0.201954 13.4161 7.66107 22.2963 0.572822 16.2854 23.7089 0 0.135053 244.622 26.904 18.1358 19.0061 10.7717 0.3705 56.491 0.148572 7.24812 20.2619 
233.114 13.1236 107.251 66.8998 200.914 116.348 136.437 45.7112 206.279 93.359 171.067 11.0909 10.6781 48.6596 1.9531 14.5728 134.735 0 15.4829 6.80975 13.5619 39.3024 20.4556 47.081 55.921 7.72543 9.56441 21.3113 
85.8084 72.8688 1.70479 61.0558 160.454 55.4016 51.2071 68.7254 149.36 0.146276 6.92385 98.8951 63.8232 0.282667 3.47378 1.20373 52.9501 33.4703 0 9.82908 8.30245 2.88919 20.234 18.4933 0.21588 11.4273 20.325 23.2277 
117.693 131.131 12.9524 1.03418 12.188 1.10757 0.0819901 0.0370621 7.44108 34.0288 12.5726 73.9274 42.9013 0.158422 11.4937 9.55988 6.71263 11.7873 0.0228987 0 319.84 5.88949 0.0523421 0.0314728 10.5008 9.63202 1.60159 8.0026 
211.091 178.074 24.3657 175.202 5.88809 11.1877 134.203 184.331 69.5973 18.6403 68.9873 113.157 0.152737 30.5079 16.8648 38.6552 43.8657 5.19 18.6161 132.182 0 1.73157 3.15863 47.98 38.224 56.7541 7.25445 21.1022 
1.84354 30.5798 1.42393 0.159946 46.2683 10.0297 20.1529 66.3969 1.93852 32.936 78.3623 52.1876 67.6535 10.5257 0.000191447 2.92928 2.03515 28.4417 4.01452 1.84142 22.0401 0 13.5851 13.6333 19.373 2.32524 12.0264 10.0784 
8.40484 0.0920751 11.894 11.3067 2.13807 3.53797 56.9315 65.7774 102.215 29.3878 77.3615 48.3475 43.0132 9.43223 7.51644 11.6357 1.45682 3.06334 0.0749197 0.125378 4.61391 13.652 0 0.901495 5.33665 8.84302 2.34082 7.1185 
53.4274 19.9621 5.71187 6.12798 56.4305 12.9062 50.8489 126.607 8.71984 15.6651 60.9352 168.688 67.5161 0.812883 1.33192 5.59085 10.3036 0.0666805 12.9824 3.2514 39.5258 0.874848 18.2492 0 11.6457 13.2334 10.8597 7.24975 
51.7129 60.7028 1.13581 51.2121 23.0065 49.826 89.5515 31.0378 170.887 30.7701 92.7741 594.203 5.40779 14.5571 17.2861 58.0577 69.5818 57.8635 26.316 4.79224 9.39509 46.7651 10.8427 34.9393 0 89.2218 42.7506 58.8663 
77.936 79.4926 4.24714 44.6807 6.88592 25.658 36.7569 196.891 19.1638 58.8899 143.24 398.854 19.4215 10.4523 7.84918 4.4442 0.744969 6.9692 13.7347 0.26369 18.0068 0.005308 6.39157 10.1091 16.0314 0 0.431508 8.73305 
4.42768 10.1295 18.9386 17.1215 9.71355 14.1769 60.036 99.9772 73.001 47.6095 32.2155 45.4449 0.119907 8.42977 1.92996 9.27682 18.206 0.00508381 6.44531 10.6392 11.2039 11.9321 13.3264 7.88973 41.0483 11.4821 0 54.7166 
8.20738 7.35338 12.5273 2.86443 8.59025 2.18911 8.32942 84.0864 33.4338 22.1266 67.2906 142.351 5.16893 6.32091 2.99481 2.2796 8.08441 25.8828 12.1693 11.2605 51.1551 3.41093 0.706015 13.3692 32.0743 19.9932 1.4227 0 
