0 361.109 4.29731 360.654 4.85818 179.5 124.38 308.308 262.562 156.429 12.6285 209.91 108.528 0.610285 1.86545 3.17834 138.163 43.8006 73.0914 212.057 228.334 23.045 43.7797 2.88401 125.317 2.7712 27.6581 59.9923 
429.421 0 126.793 128.397 262.506 309.963 525.388 50.1399 383.976 242.27 266.757 223.419 9.52499 71.3343 71.418 75.7679 274.924 331.423 81.5557 90.3497 173.655 17.7426 56.6865 43.9712 202.796 77.9358 20.4101 40.7952 
152.443 349.2 0 113.459 75.0577 64.2296 248.709 163.442 5.07367 105.782 217.324 47.9408 73.1437 1.92137 6.55924 22.928 14.8345 24.6886 1.23302 12.6864 77.048 3.05645 10.5098 13.545 26.4357 9.06095 6.62287 14.5329 
311.187 259.948 327.32 0 0.00672998 185.858 166.876 130.657 450.251 106.937 68.5028 20.6298 59.4519 8.19896 0.315517 0.0513091 173.36 132.398 1.53886 12.7668 500.22 1.84577 18.3814 4.36217 146.132 22.9955 22.6175 12.002 
148.986 1.06654 140.147 163.478 0 112.487 5.37707 80.4775 42.9387 229.447 159.14 58.7528 155.297 49.8893 95.067 41.3743 121.101 169.458 200.984 80.4429 75.1609 4.34791 49.7713 55.3147 67.6097 16.0206 8.11887 41.1371 
134.951 293.425 50.0925 184.657 848.757 0 1267.63 197.597 359.031 384.116 11.5015 157.303 440.373 1.03364 40.9234 20.6225 127.808 51.8255 79.2793 9.87053 68.4048 19.4248 13.4864 6.36674 135.259 10.2143 20.1454 21.4452 
30.5861 526.488 0.0286654 109.942 371.84 102.478 0 217.778 329.656 52.5164 466.41 283.536 101.57 63.3754 70.7507 102.91 93.7003 68.4899 157.614 1.32714 119.77 22.179 48.2833 0.588388 2.94834 2.03582 59.1808 0.794928 
4.45695 115.355 165.381 127.385 90.1414 51.1622 280.726 0 527.604 118.431 89.1181 78.7653 123.654 74.0671 57.8979 0.579917 75.7956 156.189 80.66 2.82211 133.2 0.0410813 92.2272 138.088 55.05 232.262 4.37535 10.1652 
187.723 144.947 73.1666 125.463 339.615 523.65 1148.75 265.773 0 335.516 392.701 9.99182 44.7233 34.3266 251.715 5.69411 141.572 217.167 136.175 102.401 84.6979 35.1184 53.379 85.9101 219.066 104.965 70.5244 77.3307 
16.7338 238.669 87.3146 5.99688 32.3529 49.9043 452.697 0.00672219 370.811 0 498.987 151.022 108.604 82.3467 20.056 89.253 19.4339 141.241 3.94387 21.6154 95.1002 36.1917 58.5477 33.3974 8.36978 74.128 19.5429 37.6222 
71.2062 139.475 50.9757 203.933 12.0562 103.827 486.804 317.161 826.302 220.403 0 461.614 0.493941 1.00154 5.61031 210.965 91.8345 0.127611 96.6872 80.2161 4.01025 7.04182 93.6733 125.809 19.7639 7.41179 77.6319 5.7201 
217.049 221.997 187.49 155.505 108.128 139.397 136.195 6.88408 394.158 191.272 446.463 0 90.3466 140.888 4.11758 26.2995 31.0566 45.5652 99.5625 92.9342 59.7137 22.0238 19.5625 144.978 87.6029 397.354 21.2264 11.4529 
3.42257 69.4565 38.8014 71.8425 110.453 102.255 210.81 20.8396 84.0632 177.743 89.5119 157.697 0 156.061 38.899 50.722 30.9295 50.6068 78.6249 10.5775 62.444 39.0588 37.2163 1.56695 0.949016 11.3197 39.1301 24.0313 
0.23485 0.0407072 13.6504 11.5131 0.843112 2.83645 26.1656 16.4395 18.3859 8.1023 112.782 6.293 17.5015 0 42.3815 18.2454 13.3976 37.78 4.8168 3.51818 24.1635 10.7204 9.3301 3.98737 3.57111 4.13834 0.38979 4.51053 
59.0825 25.0117 1.65825 0.000364565 13.9854 0.035064 99.601 59.9686 14.7635 125.376 43.3366 201.828 76.4684 12.6663 0 89.6352 25.998 66.5118 10.6175 10.0565 37.9244 3.15578 24.8722 27.7625 1.58111 13.8517 0.900316 22.4108 
61.0683 16.1649 0.0241102 13.2498 40.7994 20.4277 97.9043 242.355 150.764 17.7669 212.436 5.23203 9.55286 2.66936 71.4165 0 9.95651 20.956 0.204695 4.73632 61.006 11.7846 11.2488 27.7679 20.7126 30.7817 16.7876 1.80546 
182.847 134.495 9.58341 148.043 151.212 126.876 0.545669 67.0125 226.73 21.1853 91.8566 44.7534 0.139501 17.1983 7.86721 22.9695 0 0.112262 73.1732 16.0854 34.4356 20.4227 0.0117539 14.2339 142.937 16.1578 8.64874 21.0099 
234.221 383.769 161.625 11.5857 14.6405 39.9368 45.7068 114.101 191.98 138.007 124.042 52.3767 5.04802 2.84148 7.52284 61.2392 122.89 0 128.59 33.9845 1.53702 0.128094 42.5 40.784 49.3942 51.4696 44.6981 49.5708 
109.856 1.86178 47.3408 61.0135 195.907 79.4338 136.14 8.15598 28.3679 17.3122 122.87 22.4509 4.98384 10.0901 11.1873 22.5528 173.434 142.852 0 26.0275 17.1942 25.4033 19.1319 18.3356 10.9185 9.17202 9.63705 4.70581 
118.696 15.5878 0.577585 13.0831 92.1494 3.52589 93.8273 102.621 0.0610136 55.5659 0.0575935 58.4304 17.1799 0.0741179 2.89911 7.27774 18.5262 42.052 7.91919 0 18.6308 5.81181 3.29203 0.172292 0.58402 9.4912 8.6087 10.3045 
8.07609 178.126 89.4424 11.893 106.759 36.9136 133.323 199.418 86.1131 71.1586 110.925 112.411 0.232466 12.1614 52.8507 58.8726 58.3288 7.15537 70.2124 312.597 0 8.43077 4.04489 25.6911 41.5091 62.144 28.2151 31.4262 
40.3681 35.1302 6.73944 9.47506 3.84847 14.7117 20.4565 42.0097 32.6934 27.5424 35.8867 5.14018 0.00601061 1.47986 14.8116 11.1666 11.8703 6.23685 25.1652 0.00371781 29.7649 0 11.6475 14.1233 23.6897 1.81026 1.47248 0.222322 
10.3074 55.8096 12.0883 10.8947 55.3539 2.58448 19.2844 98.7713 78.9012 32.9919 0.0670402 39.6282 46.5212 8.87445 16.8717 9.50408 5.98692 25.6225 12.9686 3.48769 2.6823 11.5552 0 4.70026 22.0763 1.62644 2.69665 4.25191 
57.8244 2.7716 4.42675 2.83521 4.79421 17.3916 56.0393 125.781 28.8791 55.7389 11.0008 69.9955 0.808006 7.90424 22.6547 3.33014 19.1321 3.66433 22.3773 4.68725 43.4453 2.56297 13.2725 0 4.75799 6.20735 15.3239 0.00192755 
199.699 134.543 5.58944 128.031 65.6134 152.568 91.8876 193.081 149.657 6.15017 64.7799 931.463 35.8122 5.38779 2.8481 46.0289 135.774 45.6584 10.5065 12.4313 60.1732 62.7896 9.0742 67.4911 0 93.6517 40.7545 9.27053 
79.4412 48.3519 2.60983 27.4148 4.97675 25.9521 30.9692 97.8228 142.445 16.7149 11.8753 2.96837 14.4195 11.9177 21.5946 32.5013 22.0797 52.3274 16.1225 6.20008 30.2646 0.0160298 10.3052 3.15309 13.6 0 37.5993 36.7124 
2.58001 29.148 6.82763 14.57 26.0466 14.9264 45.6636 11.9063 6.99805 38.5886 81.5786 120.627 36.5328 0.414215 5.1693 17.5829 17.0027 38.2596 0.116451 0.0911663 40.5064 1.35447 13.2083 12.6837 15.6043 33.0306 0 67.5604 
25.7959 58.8019 7.45417 26.3039 23.3452 10.0388 9.97128 115.161 73.9014 33.8883 82.8771 168.853 14.8246 8.73818 12.3453 5.2243 23.8983 50.8325 13.2203 11.3845 49.4629 7.77449 9.94944 3.24905 24.7833 0.793851 6.62746 0 
