0 287.346 210.057 143.883 0.394747 75.9087 109.398 239.392 36.7797 156.237 31.1224 200.247 60.6264 20.036 60.4102 33.2697 14.7674 86.4602 1.42626 62.6487 135.266 27.2834 6.18191 14.1403 77.1347 0.725828 24.4004 7.85315 
219.525 0 394.753 219.761 44.1925 31.1562 124.884 285.831 104.028 112.072 5.06838 71.8893 90.0058 3.08758 3.32157 77.2609 29.5668 214.502 3.09717 0.393014 174.762 13.7917 0.785079 58.5145 52.1123 52.7071 4.52503 21.1286 
72.8627 76.6135 0 62.5621 11.5325 17.5175 5.72849 240.984 88.9483 29.0522 198.178 79.9229 73.4117 8.77719 23.2946 8.79287 5.70757 14.3024 47.8225 0.506036 32.9937 8.74299 5.25093 6.92981 20.9868 25.7244 18.9273 19.073 
194.587 299.082 3.00199 0 1.30628 65.1721 148.926 209.853 109.057 1.35028 82.0406 216.717 32.385 23.1866 16.1779 39.4029 9.37605 141.843 12.9195 0.652497 530.13 15.4166 18.0733 7.76999 7.39517 44.038 2.10026 26.4955 
123.055 97.2187 61.2866 160.451 0 153.857 196.077 222.968 81.7323 231.758 197.717 21.3187 50.5208 48.4471 35.8094 52.9848 10.4123 42.3222 165.779 31.0354 29.0526 17.5631 4.33392 1.10593 13.7651 13.8526 27.7492 24.242 
122.607 233.951 2.09889 26.5982 1052.45 0 1278.9 45.4242 187.841 491.846 162.562 136.142 45.0221 15.5646 28.9242 0.147767 6.14237 32.0839 3.68335 6.19662 0.279822 20.521 13.1671 1.10989 18.5723 10.0462 20.0452 1.82576 
21.6519 142.652 239.271 131.159 412.897 314.285 0 309.336 101.714 502.411 164.207 283.273 44.1707 56.2539 42.4818 96.9217 42.4186 114.784 10.265 88.2977 142.532 17.8908 19.263 49.5866 0.15898 95.6612 48.1507 0.488458 
107.814 25.5629 8.63317 75.4964 222.144 201.157 249.313 0 645.939 47.6152 233.929 276.319 6.72308 108.564 128.009 259.82 51.8306 90.4434 116.524 112.55 206.811 19.7996 99.8006 86.2209 192.584 176.339 79.5037 0.00417554 
177.427 407.709 1.6688 253.518 311.751 42.6831 891.704 90.2179 0 51.6249 221.678 303.232 168.193 18.21 248.725 82.4909 46.366 122.06 52.4364 105.445 68.1327 1.39859 94.6697 64.3966 6.24028 86.9628 9.3486 28.5555 
27.3953 83.6696 9.86034 105.616 30.883 374.16 5.27192 24.9584 256.758 0 598.973 243.438 213.838 61.3398 120.456 87.9356 0.608882 83.7533 41.1316 55.9766 52.2942 26.254 57.425 60.5031 33.4562 2.37057 1.5984 26.5642 
182.601 77.0296 18.3057 13.5838 254.297 259.004 278.128 102.98 874.3 8.45209 0 140.944 12.2312 145.19 266.682 212.622 0.102099 38.5793 0.397232 50.4465 129.973 24.7288 3.7793 14.1422 115.533 133.352 76.24 0.916432 
93.3451 52.5651 27.8439 251.659 149.072 69.5174 98.1096 638.526 102.326 61.2297 472.375 0 116.984 89.7837 242.735 49.3842 72.5712 16.2997 20.8782 30.4977 61.2365 28.5511 74.5017 184.59 100.902 11.3731 31.5028 0.199024 
58.9644 22.0048 43.8064 1.76007 102.088 142.261 217.702 139.227 130.472 75.7728 49.7426 147.052 0 99.9011 65.2072 14.3948 0.418301 98.2446 64.5043 3.77273 62.561 87.4679 54.2467 70.1521 11.4674 7.69586 2.64566 35.5116 
29.2633 68.9052 0.0133113 0.331538 52.9534 12.4343 32.9066 54.2866 10.8509 36.3178 208.945 111.029 115.688 0 45.0452 19.1854 15.9541 42.8075 23.7606 3.72338 6.59679 4.6776 8.76245 0.0667066 15.5864 0.266136 4.37952 2.15804 
2.47395 93.5961 2.9152 12.8901 89.1281 17.7515 71.2924 124.557 1.68995 4.05517 341.797 26.7001 28.5845 15.1005 0 12.0654 18.7844 62.867 37.6355 0.0216049 35.8331 17.5432 0.950159 3.87009 20.2857 16.0743 15.0589 15.0568 
2.00999 14.23 9.88265 15.9153 15.773 22.1202 71.308 21.0606 56.4551 14.9936 214.027 94.0302 57.3961 8.26856 47.8765 0 24.5864 59.4278 14.5185 8.21805 59.3647 7.20113 10.3206 26.7943 4.86029 7.45682 10.4445 0.352329 
108.819 142.617 20.0854 40.3448 18.6292 7.30999 97.2632 61.4816 116.086 0.311129 12.7755 7.22417 22.8571 0.52221 16.0383 23.8275 0 0.042967 201.652 27.1838 17.612 18.9254 10.8941 0.408167 9.46426 0.119469 7.36586 20.1439 
234.298 5.26156 111.062 69.8435 204.359 115.234 141.275 43.4465 204.393 91.2428 170.958 12.0681 9.9967 48.9474 1.7123 15.1149 125.035 0 13.8993 6.14534 14.4809 39.4509 20.8128 46.947 55.6516 8.13239 9.31895 21.7096 
84.2653 76.3452 1.39886 61.3221 171.096 57.3051 53.9702 70.0834 150.254 0.330643 7.70834 99.1475 64.715 0.335752 3.24488 1.09625 44.0981 31.2775 0 10.1845 8.73532 3.00883 20.3518 18.6452 0.258929 11.6816 20.4347 23.0977 
108.599 132.84 12.4291 0.737566 13.2051 1.25368 0.192565 0.000423546 8.24264 33.3629 13.2938 74.9927 42.9606 0.144278 11.4575 9.53466 6.4397 10.9341 0.0471805 0 310.929 5.86798 0.0595767 0.0397104 10.6139 9.7327 1.65622 8.0898 
206.893 177.547 22.2674 170.224 6.58876 11.8672 135.177 181.974 66.7683 19.486 67.1239 110.91 0.21673 30.8796 17.4023 37.9361 43.292 5.78679 18.0317 152.302 0 1.64561 2.98927 47.9797 38.8181 57.1684 7.01746 20.6662 
1.96837 31.0067 1.48887 0.135965 46.6781 10.2575 19.5546 66.5371 2.15812 32.1598 78.4825 51.4557 66.1591 10.4585 0.00168013 2.80644 1.95908 28.7145 4.1517 1.87736 21.8568 0 13.3561 13.7164 19.4186 2.40145 11.9781 10.1084 
8.74327 0.143963 11.8251 11.5237 2.35761 3.70309 57.6843 64.3472 102.27 30.2421 74.8408 50.5908 44.9458 9.25329 6.8388 11.7841 1.52293 3.24625 0.0967352 0.136342 4.41271 13.4269 0 0.464175 5.74584 8.74182 2.45727 7.21111 
53.761 19.3522 5.8996 5.8171 56.4203 12.716 50.043 128.076 9.52107 16.384 63.2482 171.504 67.0733 0.973496 1.02711 4.64954 10.1639 0.0996717 13.1633 3.19611 39.1884 0.992708 19.0191 0 12.854 13.4658 11.1252 7.42378 
4.56192 14.5089 0.981488 4.10226 23.6689 3.02629 89.9399 34.5901 123.07 29.7967 95.3563 990.839 5.76893 14.3867 17.8472 51.5677 22.9044 57.6705 26.1392 4.66599 9.8463 60.6982 10.7127 36.2084 0 79.6281 9.035 95.842 
78.2358 79.9569 3.92756 44.6623 6.42054 25.8637 35.2412 191.472 21.0176 59.879 140.673 399.665 18.8319 10.6194 8.42571 3.80338 0.814413 7.35876 13.4739 0.228038 18.6441 0.0101808 6.52732 10.3917 15.5273 0 0.278654 10.5175 
4.18822 10.4777 18.9908 17.3897 9.4279 14.3326 59.9294 99.7767 72.5569 47.5643 33.1107 43.6959 0.153949 8.52055 1.80761 9.04533 18.1072 0.000695072 6.57648 10.6668 11.4853 11.8814 13.2904 8.15413 41.5721 10.7551 0 50.5351 
7.78167 7.76635 12.7806 2.62929 8.23622 2.0512 8.86256 81.8142 32.2492 22.7498 68.7917 145.415 4.92124 6.18333 3.21278 2.51467 7.93797 26.2862 12.3572 11.2876 51.1342 3.34194 0.758603 13.4596 31.4414 17.7176 0.573759 0 
