0 323.126 210.782 167.227 0.0656051 80.8202 115.364 233.387 47.7554 155.938 29.0761 202.77 59.4774 19.5455 60.9847 34.3254 21.3798 81.943 1.10754 70.4095 140.544 27.5279 5.92105 13.6553 84.6638 0.926858 24.7836 8.23256 
254.706 0 370.974 238.116 57.3929 34.0073 144.109 287.751 101.388 117.382 6.54727 68.5995 91.9594 2.77236 3.8148 76.647 35.1595 950.393 2.32339 0.766018 175.561 14.1348 0.908491 58.7759 58.7057 53.6577 4.7455 20.5944 
79.2372 100.165 0 41.2311 9.33989 16.0075 3.47894 235.044 109.351 31.0132 203.057 83.8575 73.4146 9.00218 22.747 8.42399 5.28473 12.3333 47.0909 0.388498 30.9026 8.65943 5.12196 6.75844 20.6676 25.521 18.9745 19.2298 
217.89 300.62 14.5568 0 1.95965 71.8243 153.373 946.959 127.185 0.990228 86.2855 211.382 31.5825 23.1652 15.6133 39.8338 17.1977 140.931 12.3009 0.44449 158.831 15.3523 17.9713 7.47054 15.199 43.8438 1.9716 26.7954 
116.981 80.448 56.8342 159.442 0 130.025 181.114 222.777 89.4025 222.43 193.518 19.857 47.9406 47.7297 34.5884 52.2237 11.6962 45.7644 175.205 32.2884 30.2786 17.9978 4.07189 0.975905 14.2672 14.4193 27.431 23.8037 
128.494 238.834 2.74905 32.6878 376.302 0 880.761 41.4121 219.304 9.32973 154.564 138.024 522.631 15.2814 28.2165 0.210545 13.2294 33.8433 4.4039 6.46187 0.187208 20.5154 13.0243 1.02187 26.2953 10.383 20.0719 1.942 
25.0601 162.656 242.389 126.252 419.156 233.431 0 319.454 175.753 506.653 180.307 282.338 47.7161 54.803 45.1026 96.1077 43.6553 119.159 11.5875 87.6146 142.878 17.3769 18.5401 50.3076 0.268249 95.102 47.7556 0.615579 
114.63 29.1276 11.8618 85.9845 221.639 203.504 260.905 0 635.904 44.3835 225.18 338.432 7.4707 107.14 131.63 259.209 52.7306 88.105 116.436 111.866 207.254 20.2908 99.3858 88.514 193.107 181.767 80.4033 0.0588857 
179.852 417.005 0.0193124 251.012 305.681 64.6501 999.851 110.367 0 43.795 634.614 312.097 170.751 19.1493 268.782 85.2809 54.9078 118.659 54.5044 105.142 65.6288 1.56534 95.3503 65.5793 14.2643 89.2656 9.8043 27.548 
29.2219 88.7611 11.1469 105.202 36.9436 333.569 1.58481 27.5311 245.385 0 591.932 242.216 202.641 62.6188 118.494 88.554 0.768089 81.8223 42.9357 56.0752 53.2472 26.9397 57.7574 60.5027 32.5832 2.75031 1.46481 27.1305 
181.193 72.4668 15.004 11.5137 255.766 255.141 294.704 111.094 839.328 2.98852 0 125.899 14.526 139.782 248.142 209.234 0.16335 36.8569 0.247683 49.5584 131.076 24.0489 4.56537 12.883 113.561 130.743 76.7588 1.18246 
97.1918 49.5893 25.0858 253.934 150.782 72.2332 92.6799 703.236 93.3942 65.466 462.114 0 118.763 86.2883 237.037 33.0782 73.0958 17.3268 21.6245 31.5472 63.2794 27.8805 76.5102 183.446 78.0282 18.3669 32.9276 0.504631 
60.1143 23.4469 42.9037 1.52054 99.2252 151.861 218.355 138.367 133.695 85.7086 45.7259 145.943 0 104.678 67.7265 15.4318 0.338656 97.6981 63.7096 3.9748 62.091 87.9807 55.9285 70.2208 11.0382 8.0813 2.77606 35.7946 
28.7559 69.1851 0.0290608 0.2695 53.6144 12.1268 34.3025 56.2846 12.2295 34.883 210.434 114.306 111.206 0 48.3991 19.279 16.0835 42.4456 23.9127 3.69319 6.34794 4.83212 8.48865 0.0321771 15.475 0.215392 4.47031 2.06476 
2.77285 93.1128 2.59637 12.3532 89.7262 18.5051 74.1322 120.817 2.77571 5.21756 327.022 21.7932 30.7764 18.5618 0 16.4374 18.9974 63.2412 37.5221 0.0310375 36.3417 17.5498 1.2205 4.34832 20.7637 16.6553 14.8982 15.3293 
1.68985 15.0329 10.2633 16.6905 16.4564 22.4237 69.8209 16.8269 53.7606 16.2034 210.77 71.9241 58.6547 7.65196 53.8135 0 24.4984 59.6373 14.7697 8.14982 59.0526 7.0757 10.5243 27.3775 5.34251 6.74877 10.2396 0.441288 
116.117 151.285 20.7688 47.1341 17.0372 14.3478 96.443 62.3561 123.603 0.427819 12.2172 6.8457 23.3582 0.47914 15.8185 23.9307 0 0.515578 491.368 27.4289 17.1507 18.8526 11.0026 0.443139 16.7192 0.0962503 7.47089 20.0379 
235.156 2.93068 114.388 72.4644 207.292 114.186 145.541 41.4668 202.619 89.3484 170.809 12.9683 9.40789 49.1967 1.51121 15.6024 116.484 0 12.5565 5.58129 15.3196 39.5801 21.1307 46.8226 55.405 8.50156 9.1027 22.0643 
82.8746 79.4493 1.15171 61.5395 180.471 58.9781 56.4551 71.2848 150.987 0.556575 8.43849 99.3546 65.4971 0.386717 3.04741 1.00476 37.0116 29.3748 0 10.5036 9.12805 3.11691 20.4547 18.7789 0.300461 11.9086 20.5313 22.9805 
100.533 134.245 11.9657 0.515361 14.1379 1.3907 0.329794 0.0175019 8.98645 32.7684 13.9484 75.9244 43.0073 0.132242 11.4235 9.51035 6.20069 10.1989 0.0760341 0 301.186 5.84851 0.0663928 0.0478297 10.7133 9.8208 1.70541 8.16678 
202.99 176.995 20.4649 164.611 7.24302 12.4849 136.003 179.799 64.276 20.2499 65.4711 108.895 0.282968 31.2077 17.884 37.294 42.7797 6.3431 17.5176 170.371 0 1.57093 2.84235 47.9726 39.3432 57.5261 6.80945 20.2799 
2.08261 31.3849 1.54764 0.116278 47.037 10.4599 19.0269 66.6528 2.3629 31.469 78.5749 50.8003 64.8057 10.3945 0.00805228 2.69882 1.89257 28.9557 4.27518 1.90947 21.6932 0 13.1421 13.7839 19.4567 2.46995 11.9342 10.1343 
9.04847 0.199751 11.7613 11.7158 2.56137 3.8521 58.3417 63.0664 102.283 31.0016 72.59 52.5993 46.6646 9.05515 6.25359 11.9047 1.58281 3.41294 0.118455 0.146457 4.2372 13.2162 0 0.194345 6.11994 8.64972 2.56261 7.29271 
54.0473 18.8143 6.06746 5.54568 56.4025 12.5451 49.3197 129.308 10.2597 17.0315 65.3058 173.83 66.6535 1.12709 0.7883 3.87289 10.0398 0.134527 13.324 3.14696 38.8843 1.10321 19.6015 0 13.9731 13.6673 11.3603 7.5784 
11.724 22.5163 0.853441 11.3008 24.2613 10.4893 90.2562 37.8727 129.571 28.935 97.6262 232.26 6.09859 14.2304 18.3437 45.3974 30.4676 57.4913 25.9797 4.55443 10.2546 72.1484 10.6062 37.0522 0 65.1138 9.76905 126.152 
78.4769 80.3469 3.65224 44.6183 6.01918 26.0385 33.9062 186.419 22.725 60.7403 138.299 398.547 18.3115 10.7643 8.94874 3.27047 0.878664 7.71271 13.2426 0.19848 19.216 0.0158317 6.6472 10.6408 15.0898 0 0.170582 12.2137 
3.98048 10.7909 19.0347 17.6268 9.17674 14.4701 59.8265 99.5726 72.1513 47.5178 33.9104 42.1538 0.187769 8.6004 1.70185 8.8398 18.0187 0.000184817 6.69377 10.6904 11.7374 11.8352 13.2555 8.39008 42.035 10.1211 0 46.7893 
7.41139 8.14155 13.0051 2.42808 7.92669 1.93202 9.34843 79.7804 31.2054 23.3062 70.1172 148.043 4.70557 6.06098 3.41199 2.73203 7.80835 26.6446 12.5244 11.3105 51.1091 3.28093 0.806794 13.5369 30.8585 15.7672 0.136257 0 
