0 755.048 209.654 555.452 1.4054 397.552 138.728 208.651 389.351 154.112 21.7057 211.549 55.0098 17.671 63.0914 38.4491 344.96 65.0501 0.251158 120.648 160.572 28.4634 4.95632 11.8328 411.388 1.93327 26.2697 9.77262 
690.456 0 262.083 602.409 121.649 346.298 225.209 292.847 392.757 137.934 13.9907 56.2899 99.3966 1.70649 6.03136 74.0684 355.058 978.449 0.368752 3.35882 177.912 15.4883 1.46999 59.6952 381.944 57.2734 5.64405 18.5604 
104.688 208.562 0 0.647403 2.96729 10.6383 0.0385878 208.744 199.645 38.9602 219.567 99.2135 73.209 9.86812 20.5677 7.03451 3.78669 6.00737 44.1389 0.0787947 23.27 8.33124 4.62749 6.10005 19.3927 24.6408 19.1339 19.8043 
601.872 597.176 166.743 0 5.70798 394.893 169.287 132.598 496.837 0.119972 102.927 188.626 28.4989 23.021 13.4629 41.2593 345.333 136.581 10.016 0.013927 74.8605 15.0912 17.5447 6.346 343.297 42.8574 1.50889 27.9052 
93.9011 28.9573 40.5984 154.357 0 39.0177 125.43 220.986 121.067 184.675 176.486 14.6323 38.3742 44.8953 29.9512 49.2092 17.3028 60.0128 210.468 37.2474 35.1902 19.708 3.12854 0.547885 16.2731 16.6929 26.1937 22.1174 
448.355 551.665 6.03661 354.209 383.43 0 421.17 27.2892 639.445 537.615 123.241 144.641 51.7469 14.154 25.3914 0.557051 338.562 40.9185 7.75933 7.52141 0.00348935 20.456 12.4506 0.713461 353.937 11.7067 20.1541 2.42259 
40.2929 245.507 249.327 106.767 434.066 55.7349 0 354.708 587.525 502.764 244.839 276.574 62.3257 49.1378 55.6119 92.5675 48.4975 136.035 17.3917 84.6776 143.824 15.4307 15.8286 53.0336 0.958192 92.5994 46.1832 1.24506 
141.702 44.8205 28.8224 77.9335 218.649 210.6 303.694 0 577.163 32.711 190.64 597.74 10.7153 101.213 144.933 252.088 56.2066 79.0748 115.852 108.822 208.028 22.2254 97.4761 97.1641 193.412 200.848 83.7454 0.86796 
486.494 744.298 18.5125 536.124 279.233 464.104 1279.07 202.024 0 19.0557 922.922 343.456 179.951 23.3283 289.353 95.9426 385.777 105.429 62.6758 103.651 56.1489 2.29746 97.7037 70.0662 343.545 97.9797 11.6568 23.7544 
36.7102 108.989 16.7737 103.088 64.6438 174.214 7.64529 38.4863 199.856 0 540.221 235.771 158.072 67.3302 109.829 90.4475 1.55698 74.2945 50.0798 56.3367 56.9244 29.611 58.8814 60.3375 29.2222 4.47488 1.00081 29.3293 
175.082 55.6814 5.19831 5.04865 259.82 236.395 355.936 144.018 716.514 8.1314 0 73.7131 25.1229 118.067 174.144 193.477 0.535448 30.4632 0.000273398 46.0953 135.079 21.4668 8.27563 8.51064 105.526 119.991 78.6524 2.52731 
112.244 38.6756 15.5982 259.305 157.028 82.8099 72.4838 913.772 61.723 82.6667 414.361 0 125.411 72.7482 211.417 0.428134 75.058 21.5594 24.6037 35.6944 71.3089 25.3164 84.1477 177.231 9.61011 59.5809 38.6241 2.99552 
64.5425 29.3747 39.3738 0.755394 88.0591 178.14 219.26 134.7 145.84 127.435 31.476 141.248 0 121.986 77.3101 19.7022 0.109198 95.4267 60.5435 4.80194 60.2213 89.5098 62.2857 70.2308 9.43514 9.64683 3.30846 36.8606 
26.7852 70.1114 0.147151 0.0893631 56.0891 10.9292 39.8226 64.0753 18.2939 29.4188 213.338 126.436 92.7295 0 58.3858 19.2597 16.5763 41.0032 24.4763 3.57354 5.42203 5.4344 7.1647 0.0161073 14.9938 0.0689723 4.82498 1.71904 
4.08397 90.9335 1.52482 10.336 91.7584 21.4464 85.0522 105.9 9.65981 11.012 260.797 7.26693 39.7253 33.2958 0 37.3464 19.8143 64.5887 37.0228 0.0836036 38.289 17.5304 2.56129 6.40338 22.5629 18.8837 14.2597 16.3636 
0.708127 18.3019 11.7549 19.7476 19.1983 23.5298 63.9124 4.75526 43.6385 21.2223 195.474 12.4112 63.3584 5.36583 74.3936 0 24.1362 60.3581 15.7436 7.8738 57.7323 6.5854 11.2319 28.9333 7.42647 4.27232 9.44293 0.877587 
441.836 481.961 23.4561 371.131 11.4737 339.483 93.061 65.7042 450.23 1.05351 10.1564 5.46826 25.3211 0.329453 14.9655 24.3103 0 7.21915 544.404 28.346 15.4025 18.5613 11.4215 0.591908 342.568 0.0299092 7.88144 19.6177 
236.717 37.8245 126.619 82.5968 217.432 109.625 161.644 34.1163 194.913 81.9123 169.754 16.7289 7.28113 50.1028 0.848676 17.5382 84.5612 0 7.95237 3.63857 18.7567 40.0545 22.3646 46.2948 54.3868 9.99583 8.28305 23.4452 
77.3328 91.5244 0.418545 62.2082 215.342 65.2467 66.2903 75.8817 153.278 1.97889 11.554 100.004 68.4262 0.617553 2.33637 0.686909 17.6732 22.4484 0 11.7668 10.7184 3.55105 20.8372 19.2852 0.490126 12.7951 20.8961 22.5125 
70.2254 138.628 10.1945 0.0287116 17.9919 1.98371 1.20536 0.524273 12.1389 30.4476 16.6026 79.3899 43.1338 0.0904466 11.2769 9.39954 5.30867 7.56506 0.252303 0 249.643 5.77006 0.0962221 0.0863424 11.0877 10.1496 1.90149 8.46005 
186.48 174.106 14.0888 147.169 10.0497 14.9949 138.844 170.7 54.8512 23.3092 59.1174 100.951 0.622433 32.4581 19.7838 34.7848 40.7765 8.72384 15.5744 238.016 0 1.29723 2.30562 47.8853 41.3484 58.8145 6.02795 18.7956 
2.5538 32.8379 1.7845 0.0544511 48.3798 11.2432 17.0226 67.0217 3.24027 28.7905 78.804 48.2244 59.367 10.1087 0.0775229 2.29633 1.64471 29.8793 4.76708 2.03533 21.054 0 12.226 13.9887 19.5807 2.7416 11.7542 10.2273 
10.2677 0.501486 11.4919 12.4519 3.4261 4.44807 60.7783 58.036 102.009 33.9363 63.8309 60.47 53.2901 7.97474 4.16865 12.2662 1.82469 4.09464 0.223219 0.188932 3.58709 12.3118 0 0.246447 7.65135 8.27464 2.98634 7.60206 
55.0646 16.7728 6.72534 4.54086 56.2554 11.8694 46.4596 133.408 13.3472 19.6085 73.2528 181.189 64.7997 1.81107 0.157526 1.47459 9.55975 0.318623 13.9439 2.95669 37.6692 1.58074 20.8425 0 18.6266 14.3984 12.2598 8.17534 
337.373 351.383 0.439995 337.089 26.5855 337.2 91.221 51.587 452.065 25.6399 106.15 710.945 7.45054 13.5843 20.2375 25.842 357.49 56.7288 25.3421 4.12907 11.8972 87.2338 10.2728 37.1506 0 6.41453 146.069 104.451 
79.1818 81.6527 2.6679 44.2038 4.5767 26.643 28.8611 165.036 29.8293 63.9109 128.35 378.25 16.3318 11.291 11.056 1.55809 1.14974 9.15037 12.3512 0.103098 21.4754 0.0494244 7.10329 11.5832 13.4995 0 0.00109779 19.6037 
3.22168 12.0369 19.1809 18.5334 8.22862 14.993 59.3563 98.5533 70.4866 47.2812 37.0376 36.3104 0.350239 8.90216 1.31985 8.04687 17.6695 0.0283587 7.15416 10.7745 12.7301 11.647 13.096 9.31035 43.8028 7.78943 0 32.4756 
6.05142 9.66584 13.8666 1.71906 6.77523 1.50119 11.3337 71.81 27.2546 25.4804 75.1583 157.294 3.9107 5.58692 4.22928 3.64556 7.31162 28.0313 13.1734 11.3877 50.9547 3.04755 1.00616 13.8088 28.4366 9.02448 1.28931 0 
