0 868.104 201.001 634.21 7.84911 403.223 164.897 178.69 425.16 150.799 14.5417 219.413 49.9644 15.6149 65.227 43.1259 358.678 47.523 0.0150668 188.479 181.833 29.4945 3.9592 9.89438 427.855 3.4944 27.9448 11.6374 
818.767 0 133.274 649.865 212.249 354.224 321.088 294.023 378.67 160.525 25.5011 43.4065 107.462 0.807163 9.09203 70.7992 365.206 444.42 0.186059 8.40428 179.117 17.0579 2.26021 60.5498 394.763 61.1977 6.74042 16.3423 
133.405 337.632 0 47.6349 0.0389983 5.6993 6.34128 174.279 308.165 48.4213 232.98 116.366 72.5655 10.8255 18.0341 5.56151 2.37727 1.51799 40.6172 0.0115508 15.705 7.95326 4.0824 5.37216 17.8925 23.4827 19.2685 20.387 
668.721 569.024 163.9 0 12.168 406.826 184.178 234.356 562.388 0.150261 121.662 159.928 25.0897 22.7428 11.1326 42.3764 363.911 130.196 7.67038 0.25218 82.3548 14.7743 17.0059 5.15474 361.883 41.3143 1.05714 29.0503 
69.3892 1.34977 24.8006 146.502 0 5.82251 70.7204 216.99 159.35 140.96 156.14 9.62083 28.54 41.6119 24.9424 45.703 24.7512 77.5459 245.894 42.9885 41.009 21.6815 2.20532 0.211215 18.6435 19.3944 24.792 20.2418 
456.251 546.298 11.078 365.634 887.167 0 263.376 14.4848 748.737 498.044 88.8172 150.719 403.971 12.8365 22.0984 1.14099 354.079 49.2928 12.5483 8.76886 0.131657 20.3173 11.7677 0.429555 371.746 13.2257 20.206 3.02068 
60.8969 340.814 246.992 84.5776 432.246 220.212 0 385.32 1079.66 460.853 317.352 266.13 80.147 42.7346 67.9115 87.8821 54.0247 154.599 25.1484 80.8418 144.13 13.3296 12.9581 55.9635 2.23951 89.1625 44.3342 2.21337 
172.699 65.7246 55.462 63.1767 213.341 214.591 345.898 0 479.613 21.3658 151.566 861.777 15.0154 93.829 158.216 235.451 60.0934 69.024 114.731 104.668 207.095 24.4619 94.7614 106.337 190.471 217.873 87.2204 2.9088 
480.155 749.475 82.6375 503.227 244.785 583.032 1221.3 321.629 0 3.05963 778.068 372.001 188.841 29.0077 188.335 107.488 407.316 90.5752 72.1079 101.374 45.9772 3.28548 99.7967 74.9101 364.084 107.281 13.9051 19.7105 
45.8482 132.219 24.2245 99.763 102.461 50.4934 51.7785 52.5339 148.149 0 443.056 225.378 108.604 72.1028 98.3117 91.5949 2.77083 65.7868 58.3397 56.3994 61.027 32.6346 59.8269 59.8403 25.5004 6.88523 0.581115 31.8066 
167.002 38.7804 0.204074 0.874146 261.195 209.024 415.23 182.918 602.942 62.3454 0 29.6225 40.0789 93.0065 95.8306 171.393 1.21133 23.8328 0.356542 42.1646 139.056 18.6649 13.6704 4.60257 95.8311 106.871 80.5579 4.63275 
129.269 27.6854 7.41134 258.615 163.288 94.6696 51.7606 1027.15 32.7401 103.199 348.362 0 132.382 57.8162 177.248 26.2991 77.1313 26.7924 28.1195 40.4987 80.5177 22.4993 92.3802 167.019 50.2706 127.434 45.3319 8.23745 
69.4608 36.6534 35.3604 0.208233 75.4836 177.442 217.165 129.954 158.712 177.743 18.2237 135.235 0 138.241 87.5444 24.9405 0.00212911 92.5801 56.8235 5.81684 58.0235 90.3386 69.0305 69.7532 7.74813 11.5428 3.96003 38.0014 
24.5619 70.8488 0.388054 0.00245927 58.7003 9.57856 46.1936 72.8488 26.403 23.5266 211.064 138.744 70.8562 0 61.9485 18.5174 17.1157 39.3031 25.0612 3.43371 4.45336 6.11436 5.33396 0.222043 14.3611 0.00116845 5.22936 1.36101 
5.84651 87.9124 0.645285 8.20401 93.4879 24.7518 96.9731 88.6445 22.2584 19.8184 177.565 0.177812 50.4646 49.1129 0 63.0026 20.7181 65.9076 36.3471 0.173309 40.4331 17.423 4.57783 9.03917 24.4663 21.3102 13.5115 17.4806 
0.103237 22.2638 13.4496 23.2395 22.4557 24.6328 57.0416 0.000666233 33.0153 27.4314 173.801 5.23242 68.268 3.11587 88.1059 0 23.6882 60.9943 16.8408 7.54156 56.0381 6.02698 11.8558 29.2386 10.1406 2.08033 8.54374 1.53921 
456.962 501.957 26.5401 384.802 6.42946 354.769 88.8791 69.3908 466.491 2.08713 8.03383 4.08808 27.57 0.193655 14.003 24.699 0 23.6613 485.326 29.3147 13.5107 18.2154 11.89 0.784845 358.406 0.000316345 8.35085 19.1261 
235.093 117.077 138.836 93.8024 226.35 103.594 178.696 26.4987 184.728 73.4112 167.669 21.4695 5.18657 51.008 0.327052 19.8034 52.4659 0 3.96247 1.92703 22.9736 40.5392 23.7581 45.613 53.1216 11.7981 7.39404 25.0118 
70.8412 105.021 0.0267176 62.6258 249.979 71.7812 77.6328 80.9295 154.79 4.60733 15.5918 100.44 71.521 0.940948 1.64079 0.399205 12.3121 15.5787 0 13.2368 12.6389 4.06939 21.2371 19.8328 0.758658 13.8066 21.2895 21.9587 
40.0924 141.45 8.27086 0.203295 22.7574 2.76634 2.83968 1.93066 16.1832 27.8095 19.8059 82.9994 43.1723 0.0526306 11.0833 9.24336 4.37068 5.02659 0.573384 0 174.478 5.67588 0.136344 0.143152 11.4883 10.4952 2.13291 8.78061 
165.656 169.461 8.17788 165.558 13.7168 18.0329 141.34 159.277 44.7593 26.9383 52.0851 91.7953 1.16269 33.8251 21.9827 31.9271 38.4868 11.8268 13.4825 298.745 0 1.01853 1.76349 47.6726 43.5465 60.0761 5.19452 17.1492 
3.1392 34.4501 2.06862 0.012462 49.7984 12.1204 14.8463 67.2853 4.38763 25.7837 78.8153 45.2578 52.9445 9.71791 0.240856 1.87239 1.38415 30.8983 5.34684 2.17995 20.3231 0 11.05 14.1084 19.6695 3.05927 11.5335 10.3184 
11.7096 1.00409 11.1473 13.2628 4.54209 5.15231 63.2996 52.2751 101.086 37.2072 54.0106 69.4079 60.5675 6.29755 2.24406 12.4639 2.11608 4.93071 0.380558 0.243023 2.91236 11.1463 0 2.3335 9.5024 7.81966 3.49191 7.9368 
56.0313 14.5588 7.47757 3.50483 55.9408 11.0846 43.141 136.683 17.2364 22.6269 82.061 186.128 62.2947 2.72852 0.0260375 0.111115 9.02014 0.619523 14.6373 2.74285 36.2321 2.20759 20.1635 0 24.2262 15.1195 13.246 8.84132 
353.292 370.804 0.134914 353.166 29.2527 354.111 91.804 68.589 463.329 22.0304 115.126 908.8 9.11213 12.7845 22.2904 28.5295 374.608 55.7411 24.5863 3.66359 13.8602 43.1957 10.0445 30.8024 0 41.6673 8.51934 37.5679 
79.5344 82.724 1.72574 43.2776 3.17143 27.1804 23.4676 138.383 38.6691 67.1347 115.91 327.998 14.1782 11.8132 13.5454 0.360751 1.49732 10.8934 11.3575 0.0324434 24.0966 0.109576 7.59843 12.5911 11.9353 0 0.287829 28.9799 
2.45566 13.5013 19.3003 19.5297 7.20848 15.5635 58.6901 96.9746 68.4365 46.9075 40.6071 30.0253 0.593365 9.22695 0.943277 7.16386 17.2637 0.11769 7.68457 10.8547 13.8794 11.4173 12.8699 10.3525 45.7391 5.44141 0 18.0153 
4.66537 11.514 14.8181 1.05897 5.57039 1.07614 13.759 62.7491 23.0014 27.9571 80.6236 165.754 3.09408 5.05489 5.23198 4.80112 6.76224 29.5883 13.9069 11.453 50.6718 2.79031 1.25446 14.0616 25.4505 3.415 7.83529 0 
