0 831.143 199.536 594.683 8.90939 356.324 167.829 175.181 381.808 150.338 13.8068 220.165 49.3895 15.3846 65.4538 43.6592 312.709 45.6472 0.0376617 194.836 184.138 29.6105 3.85169 9.68149 382.144 3.70076 28.1357 11.8585 
784.186 0 119.877 606.762 223.311 308.092 331.792 293.845 330.189 163.029 27.0136 42.0132 108.356 0.725283 9.47777 70.4031 318.872 469.428 0.302499 9.1174 179.155 17.2398 2.36086 60.6348 348.657 61.6339 6.87106 16.0947 
136.593 351.112 0 58.3915 0.000511288 5.22209 7.73399 170.123 320.019 49.5242 234.126 118.289 72.4645 10.933 17.742 5.40076 2.23599 1.19214 40.2043 0.0230596 14.9203 7.90963 4.02119 5.29033 17.7176 23.34 19.2807 20.449 
627.426 517.707 167.457 0 13.0488 360.576 185.64 661.891 522.141 0.222251 123.772 156.512 24.7064 22.7033 10.8745 42.4695 318.476 129.372 7.41934 0.3282 403.718 14.7367 16.9407 5.02448 316.451 41.1103 1.0104 29.1734 
66.734 0.45491 23.2005 145.471 0 8.77909 65.2399 216.403 163.819 136.019 153.762 9.11078 27.4901 41.2324 24.3882 45.2966 25.6719 79.6271 249.528 43.6505 41.6904 21.9095 2.10959 0.182725 18.9207 19.7114 24.6317 20.0296 
409.516 497.74 11.7334 319.411 1036.84 0 721.439 13.2571 711.953 676.324 85.0455 151.314 87.9068 12.6837 21.7186 1.22035 308.302 50.269 13.1575 8.91424 0.168942 20.2966 11.6876 0.401547 326.21 13.4002 20.2091 3.09259 
63.4491 351.28 246.04 82.0733 430.771 261.976 0 388.108 1123.71 453.768 325.332 264.683 82.2507 42.0072 69.3308 87.3036 54.6583 156.667 26.1095 80.3707 144.113 13.0965 12.6442 56.2873 2.41927 88.7307 44.1184 2.34118 
176.218 68.3 58.9338 69.7174 212.608 214.767 350.189 0 466.892 20.205 147.168 886.133 15.548 92.9444 159.597 233.016 60.5341 67.8906 114.572 104.147 206.867 24.7206 94.4149 107.336 189.916 219.47 87.596 3.21679 
431.858 701.694 92.3745 451.902 240.607 549.552 1188.89 335.705 0 2.09461 1479.45 374.736 189.748 29.7174 179.861 108.761 362.21 88.8952 73.1936 101.074 44.8572 3.40908 99.9966 75.4463 318.916 108.299 14.1722 19.2661 
46.9319 134.865 25.1413 99.3222 107.117 42.8611 59.0864 54.2384 142.379 0 430.011 223.992 103.206 72.6066 96.8986 91.6578 2.93098 64.8189 59.2905 56.3909 61.4914 32.9793 59.9127 59.7627 25.0817 7.19056 0.54027 32.0886 
166.005 37.0076 0.0585266 0.615092 261.134 205.551 421.103 187.408 585.012 71.4731 0 25.755 41.9708 90.1646 87.8097 168.632 1.30566 23.1182 0.440067 41.7154 139.473 18.3532 14.3634 4.22882 94.6896 105.32 80.7594 4.9121 
131.201 26.5288 6.65885 258.079 163.946 96.0087 49.5607 1029.71 29.951 105.595 340.235 0 133.139 56.1554 173.097 33.3413 77.3583 27.4191 28.5306 41.0539 81.5749 22.1833 93.2877 165.652 59.0485 136.178 46.1133 8.99455 
70.0155 37.5204 34.9018 0.167342 74.0595 175.564 216.717 129.372 160.115 183.51 16.919 134.503 0 139.819 88.6592 25.5629 0.00018514 92.2366 56.3899 5.93807 57.7669 90.3717 69.7641 69.6658 7.56414 11.7675 4.03781 38.1274 
24.3086 70.9119 0.422716 0.000444813 58.9853 9.42517 46.9263 73.8427 27.4067 22.8775 210.432 140.039 68.361 0 61.7676 18.386 17.1761 39.1044 25.1244 3.41744 4.34803 6.19159 5.11407 0.2604 14.2832 6.48707e-05 5.27576 1.32239 
6.06628 87.531 0.567983 7.97165 93.6464 25.125 98.2925 86.6697 24.0001 20.9622 168.074 0.0257596 51.7192 50.6574 0 65.7011 20.82 66.0442 36.2625 0.185591 40.6739 17.405 4.83789 9.35694 24.6735 21.5787 13.4244 17.6043 
0.068509 22.7329 13.6427 23.6374 22.8375 24.7482 56.2481 0.0777246 31.8675 28.1717 171.078 8.69682 68.7978 2.88903 88.7983 0 23.6344 61.0549 16.9658 7.5023 55.8313 5.96306 11.9143 29.1726 10.4718 1.8758 8.44134 1.62578 
411.085 456.584 26.8943 338.793 5.94103 308.965 88.3781 69.8049 420.751 2.22701 7.80566 3.94246 27.8287 0.180398 13.8932 24.7407 0 26.0965 332.566 29.4207 13.3004 18.1748 11.9433 0.808563 312.648 0 8.40485 19.0688 
234.68 124.626 140.105 95.0556 227.187 102.85 180.549 25.6781 183.472 72.4375 167.372 22.0429 4.96854 51.1032 0.282901 20.0671 49.1615 0 3.59146 1.76494 23.4767 40.5911 23.9172 45.5294 52.9694 12.0114 7.29503 25.191 
70.0871 106.54 0.0116877 62.6505 253.502 72.4833 78.9352 81.495 154.889 4.97494 16.0868 100.47 71.8593 0.982083 1.56873 0.371198 12.7247 14.8636 0 13.4073 12.8664 4.13049 21.2806 19.8936 0.792975 13.9226 21.3332 21.8937 
37.0596 141.625 8.05799 0.2721 23.327 2.86303 3.06912 2.14698 16.676 27.5079 20.1849 83.3898 43.1697 0.04895 11.0593 9.22347 4.26838 4.76728 0.618233 0 165.436 5.66474 0.14136 0.150536 11.5325 10.5329 2.15999 8.81649 
163.161 168.84 7.59649 170.458 14.1682 18.3927 141.577 157.902 43.6496 27.3638 51.294 90.741 1.23491 33.9781 22.2371 31.5999 38.2237 12.2083 13.2508 304.008 0 0.988754 1.70592 47.6406 43.7926 60.2068 5.10267 16.9633 
3.20965 34.6321 2.10217 0.00954753 49.9537 12.2198 14.6041 67.3051 4.52908 25.4424 78.7999 44.9157 52.1974 9.66888 0.26519 1.82617 1.3557 31.013 5.41467 2.19664 20.239 0 10.9076 14.1145 19.6759 3.09625 11.5071 10.3279 
11.8786 1.07233 11.1053 13.3539 4.67878 5.23466 63.5711 51.6146 100.939 37.5766 52.9023 70.4253 61.3769 6.08579 2.0577 12.4719 2.15061 5.03063 0.401153 0.249613 2.83934 11.0049 0 2.6935 9.71996 7.76573 3.55136 7.97399 
56.1292 14.3126 7.56389 3.3936 55.8949 10.9937 42.7571 136.963 17.7064 22.9777 83.0492 186.455 61.9821 2.84144 0.0506949 0.0536462 8.95871 0.660138 14.716 2.71852 36.0638 2.28475 19.9478 0 24.8721 15.1943 13.3562 8.91666 
307.564 325.466 0.111141 307.456 29.5597 308.482 91.836 70.6084 416.998 21.6273 116.1 157.314 9.31067 12.6887 22.5176 30.8066 328.993 55.6199 24.4976 3.61151 14.0915 37.1382 10.0281 29.7085 0 51.0986 1.60221 48.5613 
79.5445 82.8187 1.63016 43.1416 3.02639 27.2318 22.8749 135.231 39.7272 67.4771 114.421 320.726 13.9383 11.8677 13.8345 0.276635 1.53978 11.1003 11.245 0.0268902 24.4001 0.117942 7.65344 12.7017 11.7739 0 0.352663 30.0848 
2.37439 13.6723 19.3108 19.6414 7.09544 15.6273 58.6049 96.7658 68.1912 46.8577 41.0166 29.3318 0.625136 9.26293 0.904058 7.06413 17.2166 0.131772 7.74586 10.8629 14.0125 11.3899 12.841 10.4713 45.9551 5.19504 0 16.5562 
4.51744 11.7334 14.9251 0.993295 5.43936 1.03182 14.0478 61.7162 22.5312 28.2408 81.2302 166.576 3.00636 4.99447 5.35147 4.94071 6.70028 29.7653 13.9906 11.4589 50.6322 2.76137 1.28434 14.0867 25.0964 2.93309 8.90853 0 
