0 680.505 193.689 437.558 13.1263 175.48 177.95 162.819 213.5 148.595 11.3726 222.556 47.3824 14.5868 66.2186 45.5202 135.123 39.3148 0.196783 212.788 191.967 30.0133 3.48609 8.95122 205.372 4.46706 28.8028 12.6448 
642.721 0 77.093 437.46 262.508 130.76 368.191 292.721 144.971 171.629 32.6074 37.2774 111.437 0.473 10.8835 68.9821 140.084 387.977 0.930981 11.8239 179.13 17.8803 2.72965 60.9116 170.533 63.1376 7.33671 15.2379 
147.49 394.268 0 101.664 0.346906 3.70486 13.6462 155.363 359.464 53.4038 237.477 124.93 72.0669 11.3054 16.7188 4.85201 1.77443 0.360054 38.7446 0.0942643 12.3144 7.75628 3.80895 5.00634 17.1015 22.825 19.3186 20.658 
463.582 320.775 219.597 0 16.3496 181.889 190.339 1052.82 364.029 0.584584 131.076 144.419 23.3762 22.553 9.98628 42.738 142.722 126.351 6.56942 0.672213 122.596 14.6026 16.7065 4.57884 140.714 40.3537 0.854857 29.591 
57.7247 1.06672 17.9705 141.663 0 27.9781 47.5438 214.142 179.508 118.972 145.381 7.42998 23.9437 39.8982 22.4815 43.8675 28.9982 87.0139 261.447 45.973 44.0975 22.7109 1.7908 0.0992174 19.9013 20.8329 24.0706 19.2915 
229.094 310.523 14.1402 140.955 1070.31 0 644.897 9.36582 562.849 403.871 72.2236 153.226 525.543 12.1466 20.3881 1.51816 131.368 53.7077 15.3824 9.42691 0.335888 20.2167 11.4039 0.310823 150.078 14.0113 20.2157 3.34996 
72.654 386.582 241.629 73.4183 423.606 430.773 0 396.63 1243.91 425.739 352.436 259.231 89.6936 39.4736 74.3003 85.2143 56.8747 163.79 29.5847 78.6718 143.971 12.2929 11.5696 57.401 3.10137 87.1586 43.3557 2.81551 
188.428 77.5773 71.662 109.41 209.845 214.926 364.216 0 420.606 16.3762 131.974 958.042 17.4759 89.7905 164.185 223.714 62.0691 63.9547 113.967 102.255 205.874 25.6303 93.1453 110.745 187.63 224.452 88.874 4.41306 
246.101 516.462 129.466 255.75 225.689 415.321 1041.42 384.726 0 0.15088 1387.35 383.383 192.738 32.2937 169.182 113.128 187.592 83.0579 76.9996 99.9654 41.0131 3.85873 100.632 77.292 144.165 111.78 15.1222 17.7416 
50.7801 144.061 28.4436 97.6851 123.808 27.961 87.8288 60.3459 122.602 0 382.225 218.839 84.9545 74.2973 91.825 91.7667 3.52543 61.4439 62.6216 56.3355 63.1075 34.1834 60.176 59.4579 23.6295 8.30544 0.408935 33.0727 
162.401 31.0822 0.242634 0.0657679 260.567 192.943 439.945 203.108 507.119 107.489 0 14.2686 48.8626 80.3261 61.8774 158.657 1.66331 20.6896 0.801264 40.1446 140.866 17.2767 16.9063 3.04181 90.65 99.8338 81.4376 5.95046 
137.919 22.6507 4.33324 255.472 166.156 100.652 42.1649 1021.06 21.104 114.03 311.134 0 135.72 50.4405 158.311 63.8429 78.1359 29.6568 29.9836 43.0043 85.2775 21.0883 96.4016 160.573 84.0805 167.74 48.8673 11.8895 
71.9436 40.6073 33.2996 0.059319 69.1079 167.43 214.817 127.278 164.902 203.483 12.7117 131.871 0 144.835 92.4548 27.7744 0.0100284 91.0058 54.8606 6.37066 56.8604 90.388 72.2629 69.3076 6.93499 12.5664 4.31533 38.5607 
23.424 71.0984 0.555373 0.00619763 59.96 8.89095 49.4926 77.2984 31.0324 20.6522 207.632 144.37 59.7241 0 60.1873 17.8549 17.3854 38.4022 25.3398 3.36004 3.98831 6.46068 4.34284 0.417872 14.0017 0.0069567 5.43835 1.19111 
6.86436 86.14 0.335754 7.17847 94.1367 26.4192 102.822 79.7855 30.5451 25.1667 135.613 0.567953 56.135 55.4148 0 74.3361 21.1742 66.4992 35.9547 0.23183 41.5091 17.3328 5.78981 10.4892 25.3806 22.5007 13.117 18.0301 
0.00283333 24.3986 14.3159 25.0233 24.1879 25.1344 53.4641 1.35273 27.9707 30.8034 161.222 27.4518 70.5967 2.15262 89.6633 0 23.4421 61.2469 17.4024 7.36292 55.087 5.73936 12.097 28.781 11.6595 1.23922 8.08395 1.94584 
233.71 280.883 28.1349 161.008 4.37832 131.936 86.5913 71.241 243.864 2.75122 7.03059 3.45271 28.7365 0.137671 13.5094 24.882 0 35.4448 420.207 29.7835 12.5744 18.0308 12.1288 0.894214 135.75 0.00384669 8.59441 18.8665 
232.872 144.932 144.318 99.3824 229.814 100.165 186.857 22.893 178.936 69.0315 166.235 24.0988 4.24066 51.4232 0.153503 20.9967 38.2921 0 2.43392 1.25277 25.2701 40.767 24.4733 45.2277 52.425 12.7693 6.95271 25.8187 
67.4328 111.8 0.00732019 62.6996 265.001 74.8589 83.4905 83.4531 155.116 6.36732 17.8703 100.541 73.0165 1.1327 1.32881 0.281105 15.5516 12.4797 0 14.0076 13.6751 4.34703 21.4291 20.1039 0.9189 14.3296 21.484 21.6638 
27.254 141.993 7.32608 0.591068 25.3572 3.2127 3.93966 2.99225 18.4478 26.4528 21.5304 84.7187 43.149 0.0371064 10.9725 9.15055 3.91866 3.91106 0.78824 0 133.99 5.62519 0.159599 0.177796 11.6845 10.6615 2.25583 8.94069 
154.279 166.525 5.72154 189.953 15.7978 19.671 142.322 152.992 39.8438 28.8688 48.5481 87.0437 1.50461 34.5076 23.1316 30.4547 37.3012 13.5859 12.4522 319.125 0 0.887911 1.5117 47.5163 44.6454 60.6422 4.78683 16.3169 
3.46173 35.2654 2.22129 0.00239943 50.4855 12.5665 13.7673 67.3573 5.04059 24.2535 78.7189 43.714 49.5683 9.49059 0.35941 1.66815 1.2583 31.4117 5.65448 2.25527 19.9439 0 10.3985 14.1233 19.6914 3.22675 11.4129 10.3595 
12.4759 1.32851 10.9543 13.6695 5.17164 5.52553 64.4936 49.302 100.36 38.8599 49.0566 73.9702 64.1643 5.327 1.46444 12.476 2.27331 5.38715 0.477423 0.27332 2.5906 10.499 0 4.11826 10.4881 7.57419 3.76195 8.10233 
56.4511 13.4626 7.8662 3.0165 55.7183 10.6739 41.4069 137.785 19.3891 24.2138 86.4695 187.209 60.8478 3.2474 0.200838 0.0155702 8.74411 0.812331 14.9905 2.63359 35.4685 2.56295 18.9867 0 27.1214 15.443 13.7374 9.17871 
130.805 150.054 0.046034 130.76 30.637 132.046 91.8923 77.7692 238.019 20.233 119.415 21.4795 10.0189 12.3476 23.2985 41.1661 152.59 55.1823 24.1837 3.43111 14.9108 20.1492 9.98585 25.48 0 81.2101 36.2606 103.698 
79.5312 83.1049 1.31587 42.6182 2.5444 27.3949 20.8438 124.109 43.4959 68.631 109.123 293.317 13.1095 12.0492 14.8502 0.0696711 1.69287 11.8361 10.853 0.0115533 25.4676 0.14961 7.84318 13.0805 11.239 0 0.630714 33.9604 
2.1002 14.2764 19.3426 20.0288 6.70565 15.8479 58.2926 95.9903 67.3156 46.6719 42.4512 26.9488 0.742806 9.38691 0.773026 6.71731 17.0505 0.187316 7.96135 10.8898 14.4809 11.2923 12.7351 10.886 46.7 4.37119 0 11.8485 
4.01702 12.5137 15.2963 0.779598 4.9918 0.88375 15.0764 58.1134 20.9124 29.2341 83.3206 169.204 2.70864 4.7839 5.77711 5.44057 6.48483 30.3836 14.2836 11.4774 50.4818 2.66084 1.39127 14.1684 23.8415 1.52524 13.1337 0 
