0 625.68 190.852 381.177 15.1699 110.019 182.206 157.499 153.458 147.788 10.3973 223.463 46.5251 14.2489 66.5324 46.3146 71.0558 36.7164 0.303013 218.229 195.2 30.1844 3.33455 8.6454 141.61 4.81626 29.0881 12.9873 
592.182 0 61.0854 376.089 279.378 67.1952 383.142 292 78.2009 175.226 35.1432 35.3172 112.733 0.381204 11.5119 68.3575 75.5391 1080.28 1.30509 13.0813 179.042 18.1564 2.8955 61.0204 106.21 63.7711 7.54022 14.8758 
152.011 410.468 0 122.012 0.723995 3.12966 16.6595 148.966 375.15 55.0731 238.595 127.726 71.8758 11.463 16.2802 4.62359 1.59238 0.151266 38.1131 0.139475 11.2658 7.69026 3.71898 4.88589 16.8355 22.597 19.3325 20.7438 
404.098 248.183 258.409 0 17.8655 117.295 192.146 340.178 307.998 0.792153 134.159 139.19 22.8119 22.4828 9.61325 42.8257 79.422 124.991 6.21911 0.856469 702.45 14.5441 16.6035 4.39287 77.4225 40.0096 0.792047 29.7636 
54.0086 3.10888 15.9118 139.939 0 39.3725 40.7145 213.077 186.234 111.816 141.768 6.75966 22.4871 39.3241 21.6805 43.252 30.4713 90.2213 266.15 46.97 45.1396 23.0558 1.66189 0.0711651 20.326 21.3192 23.8302 18.9772 
163.742 242.079 15.2219 76.5255 398.488 0 324.061 7.8955 509.085 763.839 66.9329 153.964 84.1326 11.9154 19.8182 1.65507 67.5698 55.1902 16.3785 9.6483 0.424759 20.1788 11.2809 0.275432 86.6056 14.2732 20.2164 3.46285 
76.7194 400.942 239.237 69.7718 419.602 509.201 0 399.679 1277.06 412.316 363.586 256.714 92.9149 38.3951 76.4272 84.289 57.824 166.785 31.1253 77.9208 143.87 11.9544 11.1209 57.8687 3.41868 86.4567 43.0258 3.03162 
193.598 81.6696 77.3662 133.114 208.567 214.776 369.73 0 400.105 14.8484 125.575 981.845 18.3321 88.4126 166.03 219.375 62.7234 62.2839 113.684 101.412 205.356 26.0222 92.5745 112.161 186.489 226.29 89.4041 4.98167 
178.527 448.515 146.568 183.863 219.176 369.426 964.733 405.443 0 0.00434677 834.42 386.639 193.929 33.4407 173.808 114.954 124.771 80.5789 78.6314 99.4614 39.4036 4.05944 100.873 78.0677 81.3268 113.231 15.5366 17.1033 
52.4538 147.963 29.9004 96.9396 131.117 27.1604 101.52 63.0267 114.364 0 360.971 216.492 77.4855 74.9862 89.5955 91.7604 3.79624 60.0047 64.0487 56.2997 63.7956 34.6978 60.2714 59.3116 23.0137 8.80482 0.35819 33.493 
160.804 28.6804 0.651321 0.000905592 260.156 187.347 447.156 209.808 466.705 124.68 0 10.3497 51.9389 76.1756 51.9043 154.249 1.82964 19.6845 0.988765 39.4726 141.432 16.8225 18.0505 2.59142 88.9004 97.4577 81.7153 6.42433 
140.774 21.0717 3.48547 254.011 167.057 102.62 39.1467 1009.05 17.7606 117.66 298.425 0 136.793 48.0444 151.883 79.4701 78.461 30.6361 30.6127 43.8431 86.8645 20.6241 97.7049 158.26 89.8899 181.579 50.0558 13.2445 
72.7628 41.9535 32.6147 0.0297846 67.0045 163.586 213.847 126.352 166.892 211.888 11.083 130.711 0 146.731 94.0273 28.7366 0.0221705 90.4652 54.2 6.55989 56.4682 90.3474 73.2989 69.1293 6.67254 12.9144 4.43672 38.7429 
23.0459 71.1618 0.617567 0.0147632 60.3667 8.66346 50.5921 78.7667 32.6375 19.7222 206.156 146.126 56.0881 0 59.0727 17.5947 17.4741 38.0982 25.4292 3.33523 3.83844 6.57529 4.0151 0.496197 13.877 0.015029 5.50807 1.13671 
7.21987 85.518 0.254631 6.84841 94.316 26.9674 104.718 76.8544 33.5547 27.0582 122.22 1.31075 58.035 57.1052 0 77.5696 21.3248 66.6831 35.8173 0.253183 41.8633 17.2975 6.2162 10.9827 25.6745 22.8868 12.9843 18.2092 
0.00130621 25.1232 14.6028 25.6131 24.7728 25.2911 52.2691 2.37511 26.3609 31.9494 156.859 38.5057 71.3401 1.86609 89.2845 0 23.3578 61.3197 17.5889 7.30228 54.7584 5.64356 12.1648 28.5378 12.1814 1.00517 7.93136 2.09096 
169.681 217.527 28.6666 96.8287 3.77943 68.0964 85.8094 71.8499 180.048 2.99223 6.70974 3.25232 29.1265 0.121114 13.3452 24.9404 0 39.8266 579.985 29.9351 12.2679 17.9682 12.208 0.932201 71.9524 0.00785317 8.67592 18.7791 
231.926 150.557 146.011 101.206 230.793 98.9771 189.471 21.7411 176.929 67.5741 165.703 25.0026 3.94565 51.554 0.110038 21.3984 33.9849 0 2.00546 1.05967 26.0538 40.8396 24.7113 45.0941 52.1862 13.0993 6.80802 26.0877 
66.2885 114.025 0.0284172 62.7029 269.511 75.8363 85.4391 84.2822 155.156 7.0135 18.659 100.556 73.4997 1.20041 1.23187 0.246287 17.3436 11.5161 0 14.2663 14.0274 4.44125 21.491 20.1926 0.975605 14.5042 21.5476 21.5641 
23.4644 142.034 7.01929 0.76466 26.2439 3.36775 4.34447 3.39608 19.2287 26.0013 22.1161 85.2698 43.1347 0.0325283 10.9339 9.11777 3.77273 3.5688 0.867271 0 120.806 5.60796 0.16774 0.190154 11.7484 10.7152 2.29737 8.9933 
150.412 165.467 4.99548 198.698 16.5199 20.2275 142.603 150.841 38.2515 29.5212 47.383 85.4568 1.62821 34.7318 23.5169 29.9643 36.905 14.1962 12.116 323.936 0 0.846304 1.43189 47.4572 45.0065 60.818 4.65424 16.0419 
3.57242 35.5348 2.27313 0.000789604 50.7079 12.7142 13.4141 67.3717 5.26751 23.747 78.6713 43.1974 48.4364 9.41109 0.404082 1.60226 1.21759 31.5812 5.75841 2.28051 19.817 0 10.1757 14.1211 19.6949 3.28315 11.3717 10.3723 
12.7348 1.44648 10.8876 13.8033 5.38968 5.65138 64.8753 48.3114 100.081 39.405 47.4264 75.4799 65.3348 4.99689 1.23917 12.4665 2.32678 5.54317 0.512103 0.283785 2.48727 10.2774 0 4.7984 10.82 7.49081 3.85332 8.15643 
56.5791 13.104 7.99575 2.86082 55.6351 10.5362 40.8256 138.062 20.1283 24.7469 87.9152 187.345 60.3426 3.42592 0.295387 0.0769741 8.65235 0.882281 15.1076 2.59731 35.2105 2.68599 18.4828 0 28.0753 15.5434 13.8985 9.29023 
67.0836 86.9014 0.0267638 67.0663 31.0996 68.4518 91.8897 80.8746 173.295 19.6442 120.79 911.501 10.3287 12.1984 23.626 46.4226 89.0032 54.9886 24.0475 3.35477 15.2667 15.8848 9.97481 23.5328 0 90.1206 70.288 126.229 
79.5022 83.2058 1.19096 42.3716 2.3502 27.4568 19.9945 119.316 45.1408 69.104 106.814 280.766 12.7596 12.1227 15.2866 0.0229446 1.76054 12.157 10.686 0.00693314 25.9274 0.164324 7.92311 13.2387 11.0244 0 0.774023 35.6148 
1.98762 14.5378 19.3539 20.193 6.54145 15.9412 58.1519 95.6368 66.9323 46.5868 43.0662 25.9495 0.79628 9.43911 0.719892 6.56985 16.9788 0.214089 8.05416 10.9006 14.6829 11.2496 12.6875 11.063 47.0133 4.03711 0 10.0367 
3.81095 12.854 15.4538 0.695726 4.8053 0.823659 15.5256 56.5776 20.2323 29.6598 84.2004 170.211 2.5855 4.6941 5.96287 5.65987 6.39318 30.6477 14.4091 11.4841 50.4118 2.61814 1.4382 14.2004 23.2975 1.05852 15.1533 0 
