0 618.051 190.36 373.362 15.5239 100.759 182.911 156.612 145.103 147.65 10.2385 223.607 46.3825 14.1929 66.5839 46.4468 62.028 36.2905 0.322955 218.999 195.731 30.2129 3.30963 8.59486 132.631 4.87563 29.1355 13.0448 
585.286 0 58.5699 367.459 282.187 58.2741 385.592 291.866 68.7564 175.82 35.5737 34.9947 112.947 0.366858 11.618 68.2524 66.4337 1089.32 1.37346 13.2964 179.023 18.2025 2.92356 61.0379 97.1378 63.8759 7.57435 14.8156 
152.755 413.017 0 125.461 0.800081 3.03829 17.1892 147.896 377.683 55.3515 238.763 128.189 71.8427 11.4892 16.2073 4.586 1.56299 0.125144 38.0075 0.147847 11.0951 7.67922 3.70402 4.86591 16.7911 22.5586 19.3346 20.7579 
395.756 237.725 265.455 0 18.1238 108.177 192.436 254.2 300.288 0.829735 134.67 138.317 22.7184 22.4708 9.55154 42.8387 70.521 124.76 6.1616 0.889273 736.88 14.5342 16.5862 4.36214 68.5231 39.9512 0.781805 29.792 
53.3985 3.55228 15.5799 139.646 0 41.3952 39.622 212.893 187.356 110.633 141.164 6.65098 22.2481 39.2284 21.548 43.1493 30.7196 90.7589 266.909 47.1361 45.3139 23.1134 1.64089 0.0669404 20.397 21.4005 23.7901 18.9249 
154.497 232.308 15.4049 67.4381 341.599 0 192.094 7.66213 501.656 747.408 66.0642 154.082 36.4049 11.8769 19.7233 1.67842 58.5862 55.4379 16.5468 9.68525 0.440564 20.1723 11.2603 0.269743 77.6752 14.3168 20.2163 3.4818 
77.4037 403.285 238.809 69.1676 418.881 522.358 0 400.151 1281.42 410.004 365.413 256.284 93.4533 38.2158 76.7812 84.1332 57.9821 167.279 31.385 77.7943 143.851 11.8984 11.0469 57.9462 3.47303 86.338 42.9705 3.06843 
194.455 82.358 78.3305 137.346 208.349 214.739 370.619 0 396.659 14.6005 124.516 985.371 18.4765 88.1817 166.331 218.632 62.8323 62.0065 113.635 101.269 205.264 26.0875 92.4779 112.394 186.29 226.579 89.4913 5.07979 
168.915 438.806 149.481 173.543 218.083 363.39 951.34 408.866 0 0.020062 1043.79 387.155 194.123 33.6341 175.047 115.255 115.949 80.1675 78.9037 99.3758 39.1376 4.09332 100.911 78.1961 72.5044 113.471 15.606 16.9979 
52.7341 148.612 30.1458 96.8129 132.343 27.3446 103.876 63.477 113.007 0 357.396 216.092 76.2658 75.0989 89.221 91.7563 3.84229 59.7655 64.2868 56.293 63.9101 34.7835 60.2862 59.2863 22.9115 8.88933 0.350057 33.5629 
160.534 28.2886 0.73868 6.0778e-05 260.078 186.404 448.304 210.922 459.617 127.638 0 9.75684 52.4582 75.4884 50.3149 153.508 1.8581 19.519 1.0219 39.3605 141.525 16.7472 18.2441 2.51985 88.6076 97.0604 81.7608 6.50497 
141.248 20.8133 3.35296 253.748 167.204 102.947 38.6528 1006.58 17.2303 118.266 296.3 0 136.969 47.6481 150.807 82.2086 78.5148 30.8005 30.7178 43.983 87.129 20.5471 97.9204 157.867 90.4937 183.894 50.2543 13.4769 
72.8988 42.1792 32.5007 0.0258458 66.6552 162.944 213.676 126.196 167.22 213.276 10.8219 130.516 0 147.031 94.2862 28.8976 0.0246526 90.3743 54.0896 6.59164 56.4025 90.3378 73.4694 69.0982 6.62922 12.9727 4.4571 38.773 
22.983 71.1715 0.628245 0.0165439 60.4338 8.62568 50.7753 79.0104 32.9076 19.5685 205.894 146.413 55.4867 0 58.8625 17.5495 17.4888 38.0473 25.444 3.33108 3.8137 6.59435 3.96075 0.509884 13.856 0.0166729 5.5197 1.12776 
7.27991 85.4127 0.242193 6.794 94.3441 27.0585 105.031 76.3679 34.068 27.3786 120.026 1.46423 58.3521 57.3647 0 78.0773 21.3497 66.7131 35.7941 0.256833 41.9222 17.2914 6.28826 11.0653 25.7229 22.9505 12.9621 18.2388 
0.00260523 25.2446 14.6505 25.7111 24.8707 25.3167 52.07 2.57301 26.0962 32.1414 156.124 40.5132 71.4623 1.82007 89.1778 0 23.3437 61.3313 17.62 7.29213 54.7031 5.62762 12.1754 28.4929 12.2691 0.968462 7.90597 2.1156 
160.656 208.613 28.7551 87.7808 3.68374 59.1059 85.6782 71.9511 171.059 3.03334 6.65697 3.2195 29.1916 0.118458 13.3179 24.95 0 40.5781 581.194 29.9602 12.2171 17.9577 12.2212 0.9386 62.9682 0.00865871 8.68952 18.7644 
231.758 151.324 146.286 101.508 230.948 98.7768 189.901 21.5517 176.59 67.3315 165.611 25.1546 3.89748 51.5754 0.103499 21.4654 33.2884 0 1.93811 1.02905 26.1853 40.8516 24.751 45.0716 52.1461 13.1546 6.78406 26.1325 
66.0978 114.393 0.0332624 62.7024 270.237 75.9968 85.7635 84.4195 155.16 7.12424 18.7917 100.558 73.5793 1.21188 1.21607 0.24071 17.6721 11.3589 0 14.3096 14.0865 4.45703 21.5012 20.2073 0.985233 14.5333 21.5582 21.5474 
22.8587 142.034 6.96848 0.795751 26.3926 3.39391 4.41378 3.46579 19.3599 25.9261 22.2141 85.3607 43.132 0.0317947 10.9274 9.11221 3.74866 3.51323 0.88078 0 118.634 5.60508 0.169115 0.19225 11.7589 10.7241 2.30433 9.00202 
149.765 165.287 4.87908 200.139 16.6414 20.3207 142.648 150.481 37.9882 29.6304 47.1896 85.1925 1.64928 34.7689 23.5812 29.8825 36.839 14.2991 12.0603 324.637 0 0.839459 1.41877 47.447 45.0664 60.8467 4.63229 15.9962 
3.59104 35.5796 2.28182 0.000606384 50.7446 12.7388 13.3555 67.3736 5.30577 23.6627 78.6627 43.1111 48.2475 9.39765 0.411769 1.5914 1.21088 31.6093 5.7758 2.28473 19.7959 0 10.1383 14.1204 19.6952 3.29259 11.3648 10.3744 
12.7781 1.46662 10.8764 13.8256 5.42639 5.67243 64.9382 48.1468 100.032 39.4954 47.1562 75.7312 65.5286 4.94174 1.20335 12.4643 2.33574 5.56934 0.517992 0.285546 2.47025 10.2402 0 4.91539 10.8754 7.47685 3.86863 8.16541 
56.5998 13.0446 8.01733 2.83519 55.6208 10.5132 40.7287 138.104 20.2524 24.8359 88.1547 187.357 60.2574 3.45594 0.312898 0.091731 8.63708 0.894226 15.1271 2.59128 35.1673 2.70674 18.3937 0 28.2333 15.5597 13.9252 9.30874 
58.113 78.025 0.0240541 58.1002 31.1769 59.5017 91.8877 81.3936 164.154 19.5465 121.017 830.843 10.3806 12.1735 23.6802 47.3278 80.0538 54.9559 24.0247 3.34209 15.3264 15.3887 9.9734 23.2035 0 91.2641 76.2596 129.454 
79.496 83.2214 1.17072 42.3292 2.31852 27.4667 19.8542 118.516 45.4164 69.1816 106.427 278.636 12.7016 12.1347 15.3594 0.0176139 1.77193 12.2108 10.6583 0.00627754 26.0041 0.166839 7.93634 13.2647 10.9896 0 0.79929 35.8898 
1.96915 14.5815 19.3556 20.2203 6.51425 15.9567 58.1281 95.5767 66.868 46.5723 43.1688 25.7842 0.805348 9.44774 0.711218 6.54536 16.9668 0.218724 8.06965 10.9023 14.7167 11.2424 12.6794 11.0925 47.0652 3.98254 0 9.74755 
3.77711 12.9111 15.4799 0.682211 4.77452 0.813853 15.601 56.3218 20.1197 29.7307 84.3461 170.372 2.56523 4.67916 5.99401 5.69666 6.37795 30.6916 14.43 11.4852 50.3999 2.61104 1.4461 14.2056 23.2065 0.988829 15.5012 0 
