0 583.137 181.228 338.52 22.1202 44.4943 194.626 141.543 104.301 145.152 7.72145 225.752 43.9664 13.2508 67.4223 48.6821 9.6921 29.3692 0.758169 226.402 204.415 30.692 2.89872 7.75464 81.0031 5.93674 29.9411 14.035 
563.482 0 23.2611 319.635 329.395 8.74881 424.939 288.99 10.8425 185.651 43.2228 29.6999 116.524 0.164997 13.4873 66.4289 12.876 967.692 2.80081 17.189 178.506 18.9906 3.42056 61.3106 43.9814 65.6291 8.16464 13.8078 
164.917 448.968 0 184.095 2.67062 1.68508 27.3283 129.691 416.591 60.0859 240.781 135.903 71.2284 11.928 14.9692 3.96458 1.104 0.0598818 36.1998 0.327573 8.37736 7.49129 3.45288 4.52958 16.0322 21.8884 19.3653 20.9876 
351.529 160.777 379.122 0 22.7587 54.1656 196.795 1055.25 269.369 1.60151 143.203 123.448 21.1428 22.2518 8.52396 42.9893 20.2909 120.687 5.22011 1.53929 745.34 14.3647 16.2851 3.85386 18.3222 38.9091 0.61763 30.2579 
43.4382 15.531 10.4335 134.454 0 77.9513 23.1614 209.539 206.305 91.0733 130.888 4.93287 18.3569 37.5959 19.3411 41.3964 35.0513 99.9666 278.664 49.9602 48.2993 24.0955 1.30334 0.0148923 21.6149 22.7963 23.1094 18.0424 
98.2876 166.812 18.6269 14.1199 369.689 0 177.409 4.21754 471.049 806.933 51.9279 155.879 229.703 11.2199 18.1152 2.0988 6.97301 59.6578 19.5074 10.3173 0.753333 20.0521 10.9073 0.181932 26.9208 15.0577 20.2107 3.81066 
89.2904 440.55 230.331 59.1202 404.368 736.199 0 406.578 1302.83 367.795 394.986 248.542 102.657 35.193 82.772 81.4122 60.6654 175.524 35.9187 75.5891 143.425 10.961 9.81915 59.2365 4.45914 84.2543 42.0247 3.72575 
208.801 94.3149 95.2186 214.36 204.41 213.547 384.35 0 337.272 10.6883 106.89 1025.15 21.0044 84.1965 171.107 205.21 64.6717 57.3384 112.753 98.7678 203.473 27.2041 90.7697 116.237 182.499 230.697 90.9286 6.88408 
106.673 373.442 200.849 99.7982 199.314 359.754 705.107 465.457 0 2.03837 1556.67 394.724 197.172 37.0298 208.079 120.249 67.0466 73.2443 83.5224 97.848 34.7202 4.69002 101.483 80.336 23.6899 117.425 16.8048 15.2452 
57.5516 159.482 34.4065 94.5504 153.415 43.522 146.706 71.2725 90.7327 0 295.829 208.971 56.6152 76.9188 82.7444 91.5509 4.66559 55.7216 68.3203 56.1489 65.8418 36.2331 60.4939 58.8165 21.1932 10.3778 0.226003 34.747 
155.836 21.9952 3.05608 0.4211 258.325 170.007 465.433 229.699 329.668 181.429 0 2.32813 61.5697 64.0504 26.7168 140.648 2.37493 16.8012 1.66807 37.4624 143.019 15.4868 21.668 1.45356 83.5978 90.2645 82.5011 7.94676 
149.227 16.6467 1.48909 248.426 169.587 108.426 30.671 944.746 9.40354 128.57 259.845 0 139.884 41.0746 132.457 133.925 79.4071 33.6441 32.5214 46.3668 91.6167 19.2519 101.493 150.869 84.3907 223.354 53.6437 17.7059 
75.1922 46.0694 30.5695 0.00162992 60.7784 153.007 210.385 123.477 172.626 236.256 6.84353 127.123 0 151.45 98.5294 31.6679 0.0870795 88.7969 52.2008 7.14109 55.2778 90.0547 76.2713 68.506 5.91176 13.978 4.80967 39.276 
21.9168 71.2927 0.823041 0.062363 61.5452 7.98768 53.8814 83.1146 37.6218 17.0238 200.767 151.014 45.5194 0 54.2848 16.7046 17.7365 37.1755 25.687 3.26012 3.40454 6.9158 3.06079 0.768933 13.4893 0.0576191 5.71737 0.980436 
8.33367 83.5603 0.0782196 5.8959 94.7419 28.5835 110.218 68.1718 43.2696 33.0289 84.7462 5.35397 63.7373 60.7367 0 85.1845 21.7719 67.194 35.3857 0.322756 42.9119 17.1761 7.55316 12.4846 26.521 24.0082 12.5825 18.7328 
0.0925563 27.3327 15.4558 27.3615 26.5483 25.7291 48.6855 7.12531 21.7643 35.4417 143.362 81.3467 73.4667 1.11941 85.5077 0 23.0981 61.5037 18.1466 7.11729 53.7392 5.35683 12.329 27.5467 13.7868 0.446997 7.47616 2.55412 
108.238 157.947 30.2589 35.0314 2.24199 7.37501 83.4097 73.6526 119.262 3.77342 5.7893 2.68596 30.2993 0.0777824 12.854 25.1076 0 54.2077 244.124 30.3757 11.3668 17.7776 12.4445 1.05061 11.3071 0.0283601 8.92121 18.5138 
228.482 158.349 150.66 106.548 233.191 95.2867 196.965 18.4421 170.69 63.2182 163.948 27.7931 3.12227 51.9226 0.0229166 22.6134 22.4445 0 0.966591 0.576535 28.4564 41.0476 25.4238 44.6782 51.4501 14.1077 6.38162 26.8942 
62.8403 120.569 0.174237 62.6485 281.401 78.6122 91.2553 86.7292 155.071 9.12666 21.1082 100.545 74.9011 1.41468 0.962437 0.155556 24.3265 8.84094 0 15.0477 15.1047 4.72847 21.6702 20.4537 1.1556 15.0287 21.7348 21.2607 
13.7279 141.742 6.12566 1.41624 28.9584 3.85109 5.67096 4.75578 21.6456 24.6505 23.9031 86.8558 43.0724 0.0205928 10.8131 9.01399 3.34969 2.63281 1.12635 0 83.4051 5.5553 0.193321 0.229631 11.9351 10.8707 2.42367 9.14872 
138.646 162.061 3.10367 221.985 18.7674 21.9262 143.305 144.244 33.6223 31.5028 43.9351 80.6968 2.02748 35.3939 24.6784 28.4955 35.7146 16.0959 11.1296 331.982 0 0.727326 1.20506 47.259 46.0731 61.3069 4.26629 15.2247 
3.91385 36.3359 2.43142 0.00119419 51.3545 13.1541 12.3749 67.3859 5.97564 22.2395 78.4826 41.6421 45.031 9.16178 0.553321 1.41142 1.09928 32.0842 6.07414 2.35658 19.4352 0 9.49328 14.0934 19.693 3.45395 11.245 10.408 
13.5212 1.82962 10.681 14.1991 6.06766 6.03286 65.9701 45.3486 99.1331 41.0202 42.6162 79.9646 68.7485 4.00817 0.67211 12.3973 2.49044 6.02261 0.623234 0.316267 2.18904 9.59793 0 7.03475 11.8213 7.23634 4.13135 8.31544 
56.9271 12.05 8.38404 2.41583 55.3581 10.1209 39.0747 138.623 22.4062 26.3562 92.169 187.079 58.7629 3.97501 0.686156 0.538199 8.37803 1.10917 15.4571 2.48897 34.4264 3.06809 16.6802 0 30.8737 15.821 14.3727 9.62144 
6.72436 28.214 0.000113081 6.78859 32.4905 8.43243 91.7859 90.2771 109.749 17.9108 124.738 6.50302 11.2794 11.7416 24.5805 62.9644 28.9784 54.3853 23.633 3.12927 16.3509 16.981 9.96675 17.5565 0 93.2711 144.367 146.236 
79.3318 83.4305 0.852238 41.5539 1.81236 27.6138 17.5283 104.95 50.1687 70.4423 99.7762 241.006 11.7302 12.3272 16.5953 0.034648 1.97093 13.1389 10.1887 0.000111906 27.3138 0.212507 8.15752 13.6971 10.4357 0 1.28934 40.4988 
1.66782 15.3312 19.3788 20.6786 6.05924 16.2168 57.7058 94.5014 65.7543 46.3124 44.9112 23.036 0.967546 9.59221 0.571468 6.13227 16.7617 0.30507 8.33424 10.9301 15.2931 11.1186 12.5366 11.591 47.9277 3.10634 0 5.42664 
3.2233 13.8951 15.9198 0.472302 4.26531 0.655668 16.9015 52.0076 18.2431 30.9348 86.7779 172.789 2.23228 4.42665 6.53145 6.33456 6.12084 31.4365 14.7849 11.5003 50.1821 2.49143 1.58283 14.2858 21.6502 0.165347 21.8682 0 
