0 865.626 163.33 634.361 35.2301 319.17 212.66 117.053 404.528 140.44 4.32448 228.005 40.0361 11.7482 68.6494 52.3022 290.71 19.3819 1.86941 221.501 217.141 31.4638 2.27786 6.45163 362.722 7.89054 31.2579 15.7201 
869.126 0 5.64428e-05 598.677 402.001 298.41 478.088 281.835 289.029 200.583 57.0836 21.8017 122.107 0.00595897 16.8141 63.2792 292.294 1134.48 6.2203 24.5074 176.858 20.3033 4.31798 61.6541 323.374 68.3831 9.17612 12.2054 
182.546 473.461 0 261.912 8.07192 0.310405 48.2766 100.179 460.112 67.8254 240.65 147.85 70.005 12.6247 12.957 3.02346 0.519204 1.50962 33.1834 0.774373 4.68897 7.17944 3.05161 3.99174 14.7712 20.7186 19.3904 21.3249 
630.989 401.444 366.643 0 31.3229 331.921 201.612 1018.97 580.697 3.4078 156.501 99.2359 18.6237 21.8326 6.92709 42.9454 304.567 113.384 3.82647 2.9778 214.468 14.0746 15.7633 3.0749 302.655 37.0054 0.388614 30.9539 
28.9216 52.5683 4.11881 125.08 0 126.758 5.37699 203.055 236.703 61.6857 113.988 2.65065 12.6854 34.8972 15.9055 38.4925 42.6074 115.351 292.925 54.5885 53.3001 25.7242 0.830443 0.0106458 23.6603 25.1441 21.9911 16.614 
372.302 424.447 24.3089 293.679 270.005 0 718.273 0.751513 763.834 578.359 31.6662 157.947 158.229 10.1372 15.5074 2.88328 289.062 66.6231 24.7514 11.3687 1.44765 19.8168 10.3141 0.0746489 310.228 16.27 20.1789 4.3777 
109.711 489.231 211.751 43.6722 371.84 945.896 0 410.423 1126.07 289.651 436.313 234.115 117.893 30.3395 92.4392 76.6625 65.0519 188.282 43.8361 71.7453 142.311 9.48432 7.93251 61.2513 6.33489 80.5561 40.4376 4.93852 
231.23 114.868 124.518 307.623 197.016 209.337 400.911 0 239.965 5.52514 79.7603 1003.71 25.4569 77.4317 177.55 180.311 67.653 49.8744 111.063 94.3386 199.585 29.0587 87.6974 122.016 174.678 234.138 93.0975 10.4131 
371.621 627.463 288.14 348.821 167.964 707.782 300.781 548.378 0 12.4614 913.159 402.093 201.192 43.0277 231.813 127.873 353.418 62.2024 91.0759 95.0466 27.9027 5.7542 102.092 83.6763 310.601 123.427 18.8484 12.532 
65.6648 176.616 41.7502 90.4039 188.418 114.107 225.411 84.6025 58.0425 0 196.225 195.967 29.666 79.5033 71.7549 90.6602 6.18368 49.1897 74.8942 55.7858 68.9636 38.5905 60.6495 57.8825 18.4513 13.0362 0.0804501 36.673 
147.619 13.2352 10.2275 2.89548 253.719 141.982 483.097 259.576 139.994 279.883 0 1.25121 77.6006 46.4919 3.59416 118.766 3.35999 12.7272 3.0693 34.3626 145.144 13.4937 27.8078 0.329552 75.2456 78.9889 83.5794 10.6073 
161.95 10.7321 0.0438675 236.321 172.999 117.1 19.3438 773.185 1.59284 145.429 200.12 0 144.3 31.0053 102.562 233.312 80.7883 38.5182 35.5483 50.3009 98.9565 17.1812 106.982 138.174 37.6213 285.634 59.2688 25.7556 
78.877 52.6734 27.4295 0.138034 51.4045 146.884 203.412 118.732 180.781 270.512 2.23955 121.238 0 155.734 104.813 36.3315 0.272831 86.0701 49.0499 8.08383 53.3897 89.0938 80.4501 67.2781 4.81006 15.6861 5.41533 40.0643 
20.1794 71.3186 1.19748 0.201437 63.2496 6.96137 58.9427 89.6664 45.8169 13.1324 189.681 157.402 30.51 0 43.3515 15.0317 18.1329 35.7116 26.056 3.14136 2.7775 7.43292 1.73832 1.29887 12.848 0.178239 6.04271 0.75848 
10.2018 80.2592 0.00503005 4.53405 95.0682 30.9917 118.137 55.1417 60.171 43.0605 37.5982 16.8668 72.5145 61.6473 0 89.684 22.4528 67.866 34.6579 0.447183 44.4971 16.9416 9.76834 14.8514 27.7247 25.6283 11.9483 19.5046 
0.519264 30.8621 16.7515 29.9955 29.3626 26.3107 43.1477 19.3242 15.3661 40.9958 121.559 170.423 76.4432 0.322987 72.6087 0 22.6743 61.6872 19.0059 6.82098 52.0582 4.91389 12.4654 25.2861 16.3768 0.0209663 6.77788 3.3532 
388.561 440.68 32.7182 315.087 0.63786 289.268 79.5274 76.3777 400.652 5.15846 4.48482 1.90971 32.1281 0.0293275 12.0948 25.344 0 79.7379 225.458 31.017 10.0205 17.4727 12.8086 1.24807 293.167 0.0855158 9.30508 18.093 
221.379 165.074 156.527 114.41 235.286 89.2082 207.489 13.7968 160.403 56.5199 160.756 32.3564 2.02817 52.4251 0.016699 24.5308 8.98354 0 0.0944868 0.114199 32.3376 41.3412 26.5259 43.987 50.2485 15.7274 5.74137 28.146 
57.4493 130.282 0.645746 62.3733 294.586 82.4237 100.154 90.4065 154.325 12.9127 25.1541 100.361 76.9324 1.78083 0.60801 0.0555505 37.9634 5.34802 0 16.2747 16.838 5.18892 21.9295 20.8444 1.4645 15.8451 22.0146 20.7764 
3.90936 140.05 4.82575 2.80825 33.3231 4.65398 8.05821 7.30043 25.6112 22.567 26.7656 89.112 42.9174 0.00741241 10.6111 8.83674 2.73668 1.45287 1.59398 0 35.769 5.47051 0.236525 0.298112 12.2107 11.0957 2.62487 9.38306 
120.066 156.107 1.03916 235.629 22.4967 24.648 143.974 133.605 26.8981 34.6515 38.7284 73.3195 2.73279 36.3916 26.4989 26.2252 33.8599 19.2492 9.66457 324.87 0 0.559819 0.890029 46.8886 47.6797 61.9496 3.69298 13.9787 
4.47237 37.558 2.68558 0.017423 52.2978 13.8267 10.8226 67.3217 7.15679 19.9389 78.0525 39.2129 39.743 8.74396 0.83009 1.13572 0.926649 32.8501 6.57656 2.47593 18.838 0 8.4014 13.9874 19.652 3.72409 11.0391 10.4555 
14.7718 2.51144 10.3407 14.7961 7.19158 6.63617 67.5177 40.7817 97.3365 43.4636 35.4227 86.7606 73.7199 2.5542 0.128276 12.1701 2.75433 6.80148 0.817087 0.369978 1.76112 8.50896 0 10.8468 13.3816 6.82908 4.5742 8.55234 
57.3597 10.4783 8.98505 1.79197 54.8474 9.47051 36.3376 138.679 26.117 28.8802 98.4968 184.666 56.1241 4.85623 1.60357 2.04951 7.95434 1.51214 15.9942 2.32213 33.1796 3.69756 13.218 0 34.9368 16.1809 15.0806 10.1254 
289.202 313.184 0.0516467 289.392 34.6575 291.314 91.3389 104.996 386.761 15.324 130.313 562.363 12.8193 11.006 25.972 81.9919 311.774 53.3825 22.972 2.78975 18.0829 51.9655 10.0255 9.37955 0 41.6038 29.4194 50.1043 
78.8189 83.5453 0.43521 40.0587 1.11168 27.7709 13.9527 83.0477 58.2136 72.275 88.5981 176.255 10.1932 12.5961 18.6115 0.503583 2.31977 14.7205 9.42728 0.0105037 29.4859 0.299454 8.5049 14.3582 9.69071 0 2.33823 47.6316 
1.22449 16.5902 19.3916 21.4117 5.341 16.6315 56.9408 92.5172 63.8422 45.8286 47.7733 18.775 1.26615 9.81959 0.373801 5.46778 16.4186 0.478255 8.77437 10.9676 16.2535 10.9062 12.2785 12.3996 49.2534 1.88398 0 0.979149 
2.40224 15.5719 16.6242 0.209665 3.48463 0.431506 19.121 45.0552 15.3112 32.9085 90.5868 175.443 1.73205 4.01735 7.44627 7.42849 5.70511 32.652 15.3673 11.5129 49.7659 2.29872 1.81889 14.3861 19.0713 0.318987 33.8324 0 
