0 874.536 25.6688 647.366 98.8609 339.801 12.6888 238.345 331.644 3.04001 169.426 93.6522 7.46848 46.8062 58.3058 76.238 433.739 217.165 38.9036 57.6436 213.719 0.453192 5.38274 36.1042 402.72 79.242 50.5077 21.6626 
900.786 0 469.458 606.041 172.892 421.946 4.23395 25.6619 666.698 164.274 77.436 13.5943 138.403 5.52238 24.9985 3.74223 351.142 617.129 163.052 141.176 0.000202913 51.4054 19.0698 0.460655 344.901 0.303826 54.3078 56.3678 
51.4324 3.51244 0 112.814 111.431 60.3194 114.157 259.903 0.838293 17.876 219.237 167.208 0.286524 14.6899 34.0205 6.07401 35.8586 5.83904 59.1546 5.09666 0.395349 1.20441 0.0345706 6.079 0.799185 21.164 19.3917 16.0027 
669.228 580.961 91.1509 0 86.4978 346.2 122.662 530.164 440.999 10.6753 190.692 24.062 32.787 10.412 39.4294 28.7422 332.031 5.70076 57.1038 45.164 204.656 3.16031 0.547781 19.4146 347.29 38.036 18.9699 13.0449 
257.006 504.217 167.909 86.4955 0 77.7817 206.661 84.9976 6.35559 116.574 2.63998 104.938 0.816394 41.0422 0.198353 54.4838 76.1874 197.476 55.3147 18.0506 23.2095 22.1379 34.4334 10.1565 15.6981 70.255 41.8014 0.738034 
383.255 562.665 56.5037 387.276 632.147 0 539.248 209.338 713.014 275.869 1.68167 39.3169 565.456 20.2932 5.86216 4.86328 387.875 103.859 8.00545 17.4856 0.149718 0.772256 7.85694 5.1182 341.485 20.6324 9.61325 10.917 
9.11948 8.65593 122.03 156.51 39.7529 304.052 0 125.787 1217.15 171.044 307.921 118.988 1.90554 50.8166 0.396392 1.33267 2.7028 234.453 18.8455 92.3768 9.35593 62.1156 42.4117 60.9722 91.6622 98.8214 30.7268 66.8912 
37.6796 285.89 49.8387 447.484 75.455 0.752095 188.433 0 256.026 202.257 7.69691 794.54 50.649 21.481 168.247 68.1425 0.0176296 16.1996 75.9882 116.42 34.1447 44.4351 14.8368 15.3508 166.534 232.945 77.6617 134.686 
584.519 331.003 129.267 523.601 355.608 803.217 436.625 264.433 0 189.164 432.76 0.015953 200.173 143.386 284.935 133.07 444.537 23.5784 24.6519 8.67016 93.9344 2.0221 56.2622 25.4519 354.883 86.3843 3.3558 47.4545 
118.617 136.184 3.51558 78.0877 126.235 88.211 343.704 172.525 368.739 0 104.697 237.61 27.0854 6.47697 0.0159998 7.72597 36.285 7.35568 105.305 50.3041 38.1274 10.7057 5.59888 16.4129 54.9168 3.10488 2.37612 43.3361 
143.727 4.94693 48.3401 121.226 129.118 37.3964 193.537 374.023 756.624 577.873 0 133.351 119.423 1.93907 271.236 203.612 12.2282 167.869 59.3282 0.774999 121.519 76.1046 4.80372 22.9666 84.7821 133.673 1.88958 109.171 
7.08803 25.6933 98.1848 161.481 88.4269 0.586526 284.725 1011.05 403.387 10.6671 467.358 0 85.2198 32.5251 96.627 292.394 87.805 58.2533 16.6318 0.0631814 126.587 76.4983 125.527 61.0167 100.75 186.215 97.0328 52.7853 
106.157 77.6579 25.7197 1.88625 22.6576 117.739 140.248 102.718 178.551 324.464 249.497 0.00643707 0 103.194 110.197 57.9952 1.89677 12.6139 29.165 7.50596 4.28331 79.8501 90.6284 69.4044 49.9924 55.0302 23.4734 44.0376 
39.4583 66.6913 2.94018 16.2221 59.1267 18.1745 54.1165 125.236 140.375 83.084 118.503 103.025 8.31939 0 52.9535 8.46349 0.39595 45.692 26.4502 0.121603 0.36139 0.492596 1.31497 1.32001 12.9423 7.57921 5.42672 2.98304 
1.55826 72.1215 21.9596 38.9448 83.1594 32.0962 3.41095 0.77332 47.9419 131.315 345.304 273.697 119.172 61.2296 0 0.762857 24.0152 4.63143 9.87496 0.430538 0.614389 10.9219 25.2295 26.5453 31.3092 30.4509 11.628 2.9541 
17.2021 75.7406 23.162 43.0119 14.4391 8.96471 19.392 246.762 29.3474 34.0069 205.336 228.457 84.0973 0.977206 10.6225 0 0.555366 10.9743 17.8372 1.15083 17.1371 2.31198 11.5596 9.04921 37.4644 28.6618 6.87679 18.5911 
360.653 444.734 49.8166 378.763 3.99612 388.089 106.915 0.71006 379.236 34.2649 46.5954 1.34108 39.0094 20.5666 2.79912 4.02834 0 36.8819 530.972 2.72814 0.791097 17.5169 6.79726 1.63478 358.419 27.1332 20.1524 22.6515 
131.059 80.162 126.994 71.6865 208.391 48.942 230.486 53.819 3.6906 11.0418 24.3353 51.2556 100.335 46.5856 68.0711 10.4084 36.8312 0 54.371 46.7637 97.642 15.6074 31.6616 4.56124 45.6067 1.1427 29.9054 33.7156 
9.48069 113.248 11.2771 0.0220189 51.2292 65.6372 68.5456 115.833 132.821 119.939 23.671 28.3742 84.959 2.27755 38.3035 0.20342 25.1225 32.1245 0 26.4243 13.4421 12.4585 2.60906 1.88959 30.5101 30.2935 22.7021 22.4668 
203.984 20.3034 20.6346 45.3352 4.7164 22.7279 0.334085 10.3638 105.274 10.883 73.774 18.6836 43.0199 2.19777 11.7359 0.0581105 31.0259 38.6265 36.5251 0 16.6057 5.71966 3.71847 2.82402 6.88428 0.00227842 1.40773 8.67761 
125.388 11.1366 0.279676 102.319 3.76489 18.2125 1.77933 0.0933802 92.5138 72.2361 78.751 38.4696 49.8331 44.4495 2.7897 0.747868 5.21644 83.3324 12.6784 310.399 0 0.201824 33.1039 46.2311 0.324875 16.9563 43.8376 0.0038692 
22.7261 48.2666 12.538 16.7773 50.1075 14.3388 62.4852 62.8573 2.91381 48.2633 8.73586 71.6235 78.1633 9.98674 6.09485 0.0631174 0.950455 4.02863 10.8174 2.11353 12.0235 0 1.58081 0.353631 0.963192 10.0239 2.3059 3.12526 
9.71003 22.7684 3.63437 15.9035 8.96312 9.10473 35.3248 1.23273 29.8357 34.9967 116.585 115.944 88.1558 0.716812 14.8558 12.3907 0.0927735 44.611 22.9892 3.55387 31.1351 1.51547 0 7.45033 4.04604 7.15024 13.462 1.04237 
9.28337 57.5565 6.7467 21.3158 52.016 0.606403 36.7291 60.4137 83.1076 12.4096 129.12 6.66916 68.7964 4.88803 13.3148 17.1127 18.1364 39.5744 6.12442 0.119889 31.3475 9.6495 10.2631 0 3.85321 6.91888 6.30487 12.8168 
336.526 377.285 20.5241 367.487 7.42448 331.252 1.73295 117.474 442.977 57.9256 123.885 916.153 44.767 11.1128 31.3833 58.7861 331.073 49.3481 1.21023 8.54248 10.9825 1.26443 15.3781 50.5035 0 61.6006 90.1387 47.3529 
2.07883 19.5223 22.9265 34.5682 42.8009 3.82531 62.9083 93.8931 20.5996 61.4803 140.964 276.493 18.5471 1.99502 26.6379 31.3493 24.4811 1.47877 0.146879 10.9893 56.0335 5.98547 0.0841174 10.3355 5.06074 0 15.655 61.6347 
18.2793 54.2022 19.3899 1.30337 49.1705 18.0662 50.908 100.112 74.7459 38.0632 36.1115 0.593891 30.676 9.37816 19.8339 5.56136 4.78756 9.77431 9.99181 3.79882 11.1315 2.45241 0.907811 9.21781 8.55387 1.83683 0 21.9508 
58.6117 3.69168 21.0292 14.2252 2.39375 21.8509 73.4783 42.9066 51.4654 46.5102 40.5625 44.4535 3.58627 0.301006 14.6887 14.2737 11.7283 29.2508 0.0814555 3.83561 29.5364 10.1974 1.53545 14.095 26.902 31.2151 84.16 0 
