0 981.429 142.642 778.587 50.8432 460.996 228.736 93.5252 571.596 135.03 1.89077 228.637 36.1856 10.312 69.6783 55.8186 438.611 11.3179 3.46288 214.502 227.654 32.2123 1.7284 5.25463 510.739 10.0878 32.5592 17.4663 
1007.68 0 23.3932 733.163 462.755 459.625 512.899 271.808 442.118 213.642 72.3006 15.0103 127.267 0.0634781 20.4244 59.969 439.129 988.341 10.9201 32.8171 174.238 21.6311 5.31041 61.8647 469.315 70.955 10.2342 10.6801 
196.456 451.303 0 287.589 16.2044 0.0355093 73.4771 72.4553 473.206 75.3675 236.236 158.628 68.5267 13.2834 11.0036 2.1942 0.151299 4.86337 30.1441 1.40313 2.03609 6.86537 2.66752 3.47677 13.5053 19.4772 19.3838 21.6097 
759.187 511.828 241.509 0 40.8939 476.006 203.369 410.028 751.307 5.85942 168.607 76.1124 16.2121 21.3432 5.46364 42.5396 455.444 105.444 2.63695 4.84762 406.275 13.7719 15.2115 2.37356 453.593 34.8928 0.211851 31.5574 
17.0656 108.184 0.660595 114.848 0 150.062 0.043711 195.45 265.269 36.9363 97.3677 1.06483 7.99441 32.2002 12.7438 35.5824 50.603 130.777 300.261 59.1495 58.3781 27.3622 0.462503 0.107781 25.7471 27.5421 20.8783 15.2211 
512.543 547.829 30.2916 440.36 447.282 0 1347.29 0.106034 892.765 674.803 15.9048 158.88 517.112 9.06265 12.9872 3.77555 437.879 73.5301 30.3681 12.426 2.36127 19.5359 9.70892 0.0142912 460.013 17.4641 20.1194 4.97431 
130.735 518.624 188.35 30.0022 330.291 856.257 0 405.769 757.05 207.877 466.409 217.855 132.97 25.6891 101.695 71.627 69.3727 199.83 52.2212 67.6701 140.691 8.09679 6.22463 63.1186 8.51119 76.5586 38.8184 6.30829 
251.663 136.108 154.466 325.768 188.574 202.435 409.367 0 150.679 2.02411 55.6527 879.92 30.2422 70.4898 182.099 152.995 70.5634 42.7431 109.086 89.5621 194.57 30.9275 84.3252 127.042 165.058 233.323 95.0084 14.5983 
504.037 742.501 368.422 470.419 136.92 899.133 39.9483 612.286 0 31.2644 1185.84 402.928 203.924 49.4854 153.499 134.642 506.271 51.7253 98.4994 91.9102 21.7122 6.91641 102.283 86.7657 464.462 128.727 20.9717 10.0499 
73.9208 192.444 49.3811 85.7816 222.441 215.673 307.116 98.3613 31.6215 0 108.569 181.592 10.8088 81.5418 60.6302 89.0944 7.89639 42.8659 81.3145 55.268 71.9981 40.8976 60.5723 56.7546 15.8364 15.93 0.00840114 38.5607 
138.882 6.60522 21.3371 7.53495 247.043 113.737 486.804 287.42 69.3222 380.864 0 14.046 94.6219 31.0629 2.04064 96.7204 4.50845 9.17875 4.88161 31.3096 146.841 11.6111 34.4948 0.00351521 66.8645 67.7907 84.4784 13.6057 
173.994 6.06077 0.6441 220.445 175.749 125.23 10.473 547.559 0.30562 161.872 143.577 0 148.206 22.0654 74.3402 335.218 82.0555 43.6052 38.6349 54.2223 106.182 15.1957 111.921 124.32 40.1127 338.888 64.904 35.0169 
82.4294 59.4703 24.3604 0.492973 42.5155 158.537 194.629 113.683 187.914 298.553 0.136535 115.026 0 156.12 110.1 41.0692 0.561208 83.1937 45.8637 9.07097 51.4613 87.5298 84.0242 65.7462 3.81229 17.4523 6.05086 40.8009 
18.4716 71.1279 1.63567 0.418776 64.7882 5.97422 63.8866 95.8888 54.4321 9.66273 175.66 162.189 17.899 0 30.0678 13.0844 18.5146 34.2171 26.385 3.02056 2.21047 7.93033 0.72909 1.94346 12.1653 0.363912 6.36676 0.563316 
12.225 76.6723 0.177471 3.33054 94.9831 33.2373 125.144 42.9472 78.7815 53.751 8.36194 34.221 81.0086 56.7251 0 84.5448 23.1144 68.3858 33.8641 0.590939 46.021 16.653 12.0816 17.1959 28.7779 27.0726 11.3056 20.2194 
1.2892 34.48 17.9958 32.4863 32.226 26.766 37.7108 36.8388 9.97588 46.6236 99.4884 272.892 78.9834 0.00508631 53.7416 0 22.2274 61.7447 19.8532 6.5155 50.2685 4.47691 12.4544 22.2926 19.033 0.144532 6.0951 4.24022 
535.078 588.995 35.1388 461.679 0.00950125 437.888 75.4855 78.9972 548.279 6.74358 3.33947 1.26312 33.9578 0.004035 11.3434 25.5508 0 108.106 213.539 31.6025 8.74528 17.1578 13.1674 1.46139 441.566 0.173296 9.69127 17.663 
212.273 204.963 160.614 121.618 235.362 82.7862 216.476 9.77733 149.515 49.9664 157.021 37.1676 1.16568 52.8397 0.167849 26.474 1.4976 0 0.136396 0.00707134 36.3756 41.5978 27.6183 43.2434 48.9816 17.4041 5.13029 29.3919 
52.0663 139.29 1.41079 61.8679 300.766 85.5587 108.768 93.9094 152.84 17.2666 29.4637 99.9739 78.7726 2.18583 0.333651 0.00589594 51.9706 2.70511 0 17.5109 18.6359 5.6651 22.1645 21.2153 1.80793 16.66 22.2803 20.2782 
1.11084 136.887 3.65127 4.63502 37.824 5.51368 10.8193 10.3462 29.7993 20.5151 29.7152 91.099 42.6924 0.000819546 10.3922 8.64096 2.18069 0.617281 2.13836 0 6.82648 5.38237 0.283792 0.375027 12.4673 11.2993 2.83153 9.60785 
101.53 149.411 0.0742986 216.376 26.4899 27.4521 144.124 122.616 20.8106 37.8683 33.7398 66.0267 3.53887 37.3468 28.3297 23.9828 32.0062 22.6287 8.28804 295.032 0 0.41387 0.62175 46.444 49.2164 62.4464 3.1576 12.7664 
5.06327 38.7481 2.94884 0.0526083 53.1622 14.4822 9.35381 67.1528 8.43133 17.7048 77.4576 36.7802 34.53 8.2933 1.15954 0.887128 0.768141 33.5947 7.09182 2.59635 18.2375 0 7.29319 13.8058 19.5613 3.99895 10.8229 10.4932 
16.0518 3.29537 9.97896 15.3679 8.39608 7.24848 68.8673 36.2994 95.1607 45.806 28.6696 93.2629 78.2035 1.33099 0.0113659 11.8024 3.02919 7.61886 1.03607 0.427456 1.37773 7.40131 0 14.6038 14.9195 6.41043 5.02779 8.77576 
57.6583 8.99542 9.5792 1.25543 54.2409 8.81767 33.598 137.742 30.0073 31.4139 104.404 179.88 53.2865 5.74756 2.87403 4.43023 7.53502 1.97521 16.5223 2.15781 31.9027 4.36376 9.37791 0 38.4802 16.4494 15.7478 10.6131 
438.427 464.758 0.215948 438.742 36.8211 440.789 90.5474 119.526 529.952 12.8873 135.133 836.065 14.4271 10.2458 27.2349 82.3517 461.073 52.3044 22.2923 2.46503 19.8638 84.5687 10.1658 4.99138 0 11.9607 59.4521 61.2935 
78.0079 83.374 0.155671 38.3112 0.579381 27.821 10.7247 62.386 66.4361 73.7894 77.3209 113.979 8.74107 12.8025 20.5734 1.50591 2.69421 16.3627 8.68261 0.0464158 31.6678 0.400802 8.82917 14.9493 9.1639 0 3.67184 53.831 
0.84811 17.8768 19.3727 22.1151 4.66287 17.0282 56.0916 90.2785 61.839 45.277 50.6147 14.8765 1.60336 10.0332 0.217316 4.82641 16.0691 0.689701 9.21939 10.9948 17.2261 10.6837 11.9932 13.1876 50.4195 0.954163 0 0.137 
1.69752 17.3129 17.3003 0.0519069 2.77822 0.253367 21.4277 38.3628 12.5931 34.862 94.1266 176.406 1.29298 3.61815 8.39208 8.56573 5.29969 33.8507 15.946 11.5103 49.2795 2.11167 2.06756 14.4463 16.5224 2.33437 46.7986 0 
