0 861.163 26.2137 636.864 98.125 328.03 13.0117 239.087 319.964 3.12243 169.188 94.1321 7.39582 46.8492 58.3834 76.2981 422.067 216.84 39.0853 58.1954 214.157 0.446328 5.35178 36.1729 391.145 79.2264 50.4962 21.5955 
888.185 0 468.734 595.406 170.263 409.445 4.74055 25.2303 656.211 164.894 78.0131 13.8068 138.53 5.46941 25.142 3.79699 339.731 716.489 163.229 141.232 0.000117476 51.4132 19.0096 0.47325 333.205 0.318875 54.3151 56.3198 
50.7215 4.19177 0 109.497 110.84 60.4469 113.108 260.411 0.59523 18.0787 218.766 166.895 0.272392 14.7083 34.0259 6.11569 35.9435 5.67309 59.1116 5.0515 0.362497 1.21105 0.036306 6.05795 0.814234 21.2061 19.3918 15.9772 
658.191 568.129 94.0749 0 86.0852 334.729 123.284 388.741 428.048 10.8057 190.425 23.5571 32.6864 10.4462 39.4253 28.6481 320.436 5.82845 57.1587 45.1039 293.537 3.17148 0.539707 19.4514 335.596 38.1037 18.9414 13.0912 
256.683 502.956 167.533 86.9079 0 75.6657 208.547 84.5693 6.65622 115.38 2.5203 105.221 0.768435 40.9471 0.184193 54.3911 76.4985 197.882 54.3972 18.1812 23.3493 22.1951 34.3726 10.1102 15.6328 70.24 41.83 0.725546 
371.333 551.321 56.3466 375.788 502.75 0 392.136 209.536 698.962 361.777 1.84366 39.612 529.386 20.2726 5.9283 4.82597 376.247 104.043 8.12979 17.4516 0.159185 0.762653 7.83482 5.13925 329.908 20.5941 9.5943 10.8906 
8.84744 9.37102 123.083 155.973 38.6722 315.971 0 124.412 1209.33 168.277 305.888 119.698 1.80578 50.9997 0.359878 1.37791 2.75205 234.432 19.0573 92.3245 9.46395 62.0989 42.3103 61.0422 91.6476 98.8503 30.666 66.944 
37.1001 285.634 49.0176 445.16 75.0378 0.827694 186.944 0 259.456 202.554 8.01873 801.635 50.4414 21.2923 167.961 69.0412 0.0147642 16.3667 75.8417 116.458 33.8462 44.4987 14.7206 15.5375 166.168 233.065 77.7785 134.726 
572.64 319.364 126.481 513.382 355.62 791.103 422.391 260.991 0 187.675 609.981 0.0365345 200.306 143.314 283.305 132.836 432.918 23.8437 24.8511 8.57712 93.6078 2.04643 56.0974 25.3173 343.088 86.6737 3.32071 47.3147 
118.362 136.843 3.61236 77.8949 127.453 86.2476 346.446 172.103 368.104 0 107.466 237.839 27.8835 6.57405 0.0258826 7.83814 36.3946 7.24975 105.136 50.2572 38.0113 10.7715 5.54403 16.4934 55.0092 3.15721 2.39677 43.275 
144.038 4.77715 48.9941 121.755 128.513 36.7034 191.478 373.938 754.289 576.352 0 131.475 118.781 1.80523 268.963 203.116 12.1592 167.94 59.1402 0.753981 121.68 76.1381 4.69896 23.1636 84.4863 133.352 1.85968 109.136 
7.25808 25.9765 98.6804 160.631 88.14 0.628668 284.717 1013.27 403.382 10.915 466.068 0 84.9672 32.8728 97.6612 296.037 87.8075 58.4523 16.547 0.0562055 126.358 76.4905 125.583 61.5244 103.79 188.536 97.1929 52.3836 
106.205 77.9083 25.8292 1.8543 22.4179 117.052 140.77 102.92 178.834 324.033 249.323 0.0100597 0 102.599 110.028 58.1525 1.91888 12.6967 29.0566 7.53949 4.24993 79.9713 90.6633 69.4312 50.0336 55.0227 23.4418 44.025 
39.5146 66.7401 2.96167 16.1906 59.1972 18.1452 53.9344 125.284 140.266 83.0434 117.789 102.599 8.60338 0 52.6068 8.38583 0.391166 45.6522 26.4609 0.120194 0.369344 0.500712 1.35301 1.34131 12.9188 7.55592 5.43835 2.99628 
1.58742 71.9787 21.8896 38.9284 83.0546 32.0157 3.52033 0.710872 47.3655 131.42 343.56 273.748 119.196 61.3343 0 0.631371 23.993 4.58985 9.91434 0.425847 0.627846 10.9466 25.2217 26.5842 31.3022 30.4689 11.6509 2.93041 
17.3118 75.6585 23.1374 43.0135 14.5211 9.01056 19.5475 246.312 29.6243 33.8125 204.855 232.157 84.1133 1.0118 11.1115 0 0.561987 11.0282 17.8682 1.15847 17.0644 2.29937 11.5775 8.9221 37.4569 28.7333 6.85204 18.558 
349.18 432.856 49.762 367.087 4.09563 376.468 106.966 0.729115 367.476 34.3737 46.4919 1.36253 39.0733 20.5574 2.81512 4.01182 0 37.6093 510.009 2.74904 0.805312 17.5059 6.81039 1.62648 346.798 27.129 20.1609 22.6425 
131.645 78.4024 127.367 71.3588 208.038 48.6988 230.343 54.0863 3.58155 10.9137 24.5169 51.4492 100.394 46.6234 68.0903 10.3556 36.1107 0 54.656 46.9045 97.7732 15.6386 31.6252 4.5353 45.5554 1.12456 29.8738 33.673 
9.37565 112.878 11.1933 0.0257824 50.3389 65.8319 68.8685 115.859 133.012 120.018 23.5252 28.4771 84.9792 2.29301 38.2962 0.198346 24.3156 32.3678 0 26.3846 13.5002 12.4377 2.59644 1.87872 30.5162 30.2999 22.7104 22.4823 
203.418 20.0447 20.5838 45.2767 4.78881 22.7092 0.314807 10.2467 105.312 10.8235 73.8535 18.7947 43.0146 2.20225 11.7376 0.0599451 31.004 38.7667 36.5219 0 15.6347 5.71696 3.71641 2.83012 6.89907 0.00190888 1.40202 8.66851 
124.723 11.3002 0.308624 102.855 3.82626 18.3025 1.82795 0.11126 92.1873 72.1296 78.5434 38.6919 49.9036 44.4593 2.76178 0.730256 5.18135 83.4833 12.6217 309.26 0 0.205219 33.1308 46.2127 0.334968 16.8872 43.8303 0.00305937 
22.6936 48.2424 12.5363 16.7755 50.1457 14.3156 62.4726 62.8236 2.94281 48.1928 8.79365 71.6665 78.0335 9.99755 6.07054 0.0608228 0.944474 4.04763 10.7969 2.11767 12.0027 0 1.60505 0.36191 0.964759 10.0292 2.31424 3.13277 
9.7495 22.7059 3.61953 15.8845 8.91756 9.12674 35.4278 1.26908 29.6853 34.9029 116.396 116.088 88.2331 0.745977 14.9379 12.3964 0.0946881 44.603 22.9862 3.55148 31.1646 1.53927 0 7.31799 4.08744 7.16465 13.4601 1.04924 
9.23135 57.5937 6.76809 21.3489 52.0484 0.598021 36.6312 60.7081 82.9909 12.3365 129.132 6.87111 68.7611 4.91986 13.3994 17.2485 18.1257 39.6088 6.10682 0.118224 31.301 9.62494 10.4015 0 3.92555 6.88714 6.27692 12.8291 
324.855 365.772 20.5644 355.813 7.37616 319.628 1.69425 117.988 431.513 58.0115 124.099 893.97 44.7134 11.0861 31.3863 59.5419 319.46 49.3023 1.2209 8.52811 10.9297 0.896317 15.3098 50.399 0 63.9242 95.8734 50.5129 
2.03936 19.6269 22.8891 34.6479 42.8875 3.79528 62.7392 93.1101 20.8082 61.5849 140.673 274.34 18.6121 2.01204 26.6881 31.3941 24.4669 1.45817 0.150929 10.9813 55.9844 5.99564 0.0813558 10.3042 4.99532 0 15.7424 61.5364 
18.3252 54.1936 19.3895 1.31645 49.1705 18.0544 50.8634 100.094 74.7881 38.0251 36.0103 0.566055 30.6494 9.38692 19.8316 5.53792 4.77612 9.74669 10.008 3.80695 11.1005 2.46095 0.899352 9.18805 8.43096 1.87509 0 22.3503 
58.5842 3.65862 21.0164 14.1783 2.41604 21.8396 73.4842 43.1478 51.3254 46.4545 40.3971 44.8353 3.60993 0.305815 14.6542 14.2325 11.711 29.2064 0.0791672 3.82566 29.4877 10.1944 1.52736 14.0888 26.8292 31.492 84.4329 0 
