0 806.331 129.948 625.278 60.7393 314.681 236.886 80.7499 439.384 131.648 0.942257 228.267 34.0294 9.52347 70.1748 57.7697 295.601 7.6355 4.58478 217.291 232.571 32.6291 1.44722 4.62039 367.533 11.4463 33.2946 18.4889 
844.372 0 56.2997 577.718 490.059 326.108 523.341 264.868 305.619 220.143 81.5016 11.6592 130.006 0.193495 22.6019 58.0148 295.759 1081.09 14.1521 37.9436 172.316 22.3954 5.91875 61.9249 325.039 72.3358 10.8587 9.84519 
202.469 419.009 0 273.357 21.9823 0.377219 89.2558 57.921 466.157 79.5345 231.846 164.171 67.5718 13.6405 9.92467 1.77452 0.0396382 7.60558 28.4085 1.8409 1.00372 6.68524 2.45655 3.19399 12.7837 18.7406 19.3658 21.7482 
597.536 349.736 246.811 0 46.7435 330.603 202.974 955.77 617.359 7.53804 174.887 63.7055 14.8879 21.0334 4.69318 42.1477 314.003 100.668 2.05243 6.09547 533.582 13.5934 14.8838 2.0097 312.184 33.6034 0.13458 31.8591 
11.6037 146.499 0.0129845 108.693 0 162.773 2.73741 190.635 280.424 25.3081 88.1029 0.476417 5.77752 30.6658 11.0709 33.9236 55.3304 139.509 301.193 61.7087 61.3023 28.3002 0.299918 0.208684 26.9551 28.9303 20.2456 14.4425 
364.916 390.748 33.7691 296.776 294.306 0 1303.33 1.0132 725.943 475.562 9.18746 158.897 468.819 8.45632 11.6022 4.3305 295.322 77.4173 33.7059 13.0298 2.97977 19.3554 9.35913 0.00100097 317.894 18.1347 20.0729 5.32758 
142.819 525.719 173.304 23.1519 303.416 680.031 0 399.353 516.087 162.778 477.86 207.866 141.402 23.1432 106.729 68.6437 71.8017 205.809 57.1795 65.2524 139.542 7.34606 5.3333 64.1152 9.88342 74.1549 37.8808 7.15883 
262.238 148.38 171.329 332.296 183.319 197.35 410.411 0 106.325 0.791655 43.4989 772.464 33.1137 66.4764 183.806 136.802 72.1902 38.8395 107.831 86.6951 191.22 31.9998 82.2741 129.548 158.836 230.953 95.9799 17.2668 
352.561 578.6 406.86 315.551 119.691 768.132 0.124414 638.027 0 45.4512 1738.81 400.452 204.891 53.3608 107.322 138.082 365.9 46.0399 102.655 89.9771 18.479 7.62318 102.204 88.4095 324.867 131.411 22.2176 8.74104 
78.6667 200.756 53.8157 82.9495 240.859 277.124 351.894 106.334 19.8231 0 67.7261 172.867 4.12081 82.4498 54.3308 87.9054 8.95891 39.367 84.8859 54.9038 73.6877 42.1876 60.4237 56.026 14.4067 17.6789 0.000327114 39.6187 
133.691 3.81966 29.3067 11.1209 242.341 97.965 482.538 302.115 74.7305 435.31 0 27.351 104.663 23.4162 10.9996 84.3669 5.23633 7.39707 6.09719 29.5926 147.614 10.5881 38.5263 0.177459 62.1049 61.5058 84.91 15.4622 
180.506 3.97253 1.90222 209.892 177.014 129.586 6.57718 412.366 2.5242 170.961 113.873 0 150.197 17.5399 59.4976 387.722 82.7271 46.5966 40.4206 56.4475 110.238 14.1025 114.472 116.02 80.6618 363.054 68.1098 40.785 
84.3922 63.4175 22.6475 0.793167 37.6976 170.864 188.861 110.674 191.495 311.126 0.0759868 111.348 0 154.576 112.628 43.7864 0.771716 81.4879 44.0344 9.65371 50.3435 86.3732 85.7707 64.7397 3.29051 18.4843 6.42694 41.1978 
17.5119 70.9221 1.91323 0.577557 65.5894 5.43137 66.6375 99.2669 59.4912 7.88929 166.517 164.165 12.0197 0 22.3905 11.8866 18.7257 33.3514 26.5546 2.95076 1.91405 8.20378 0.333893 2.35609 11.759 0.498499 6.55095 0.464193 
13.4459 74.5064 0.385477 2.71878 94.7498 34.4332 128.686 36.4605 89.9593 60.0423 0.998635 46.4462 85.6626 51.6122 0 77.6239 23.4831 68.6135 33.3821 0.681563 46.862 16.4645 13.4171 18.4999 29.307 27.8092 10.9354 20.6003 
1.88084 36.5765 18.6781 33.829 33.8775 26.9676 34.6738 48.9194 7.38343 49.8401 87.0741 330.642 80.2264 0.0455784 41.8127 0 21.9621 61.721 20.3308 6.33737 49.2007 4.23085 12.3818 20.3306 20.5599 0.461061 5.71341 4.78289 
390.972 445.639 36.4973 317.769 0.0921148 295.217 73.1139 80.4427 404.823 7.73594 2.7582 0.952646 35.0015 3.95329e-06 10.9182 25.6555 0 125.11 572.453 31.9111 8.04998 16.9735 13.3699 1.59023 298.686 0.237134 9.91279 17.4133 
206.238 248.237 162.11 125.398 234.496 78.9932 220.861 7.77405 143.072 46.3085 154.653 40.0178 0.778367 53.0365 0.324652 27.5929 0.0411592 0 0.571027 0.105785 38.7452 41.7277 28.2371 42.7958 48.2298 18.3854 4.79453 30.1 
49.0114 144.065 1.97711 61.4772 301.022 87.0237 113.518 95.8251 151.665 19.9906 32.0335 99.6623 79.7343 2.43424 0.213294 0.000198052 59.2979 1.5894 0 18.2193 19.69 5.94388 22.2877 21.4181 2.01934 17.1242 22.4257 19.9876 
2.75703 134.444 3.04292 5.86017 40.4405 6.02792 12.5549 12.3 32.2796 19.3612 31.4339 92.1084 42.5326 1.77447e-05 10.26 8.52114 1.88947 0.297106 2.48292 0 0.406895 5.33053 0.312583 0.422677 12.605 11.4056 2.95193 9.73178 
91.1259 145.28 0.024008 198.022 28.8808 29.085 143.977 116.23 17.6399 39.7314 30.9991 61.9188 4.04387 37.8727 29.3777 22.7186 30.9496 24.6548 7.54291 269.305 0 0.340235 0.489671 46.1571 50.0607 62.6639 2.86904 12.0901 
5.41497 39.4126 3.1031 0.0811967 53.6196 14.8481 8.5544 67.0095 9.19996 16.4634 77.0447 35.3921 31.6126 8.02275 1.37063 0.757803 0.683989 34.0101 7.3916 2.66557 17.8932 0 6.66157 13.6688 19.4861 4.15785 10.6948 10.5102 
16.7948 3.78803 9.76334 15.6822 9.11874 7.60109 69.5463 33.7904 93.7538 47.0924 25.0449 96.8145 80.5162 0.784544 0.138411 11.5324 3.19099 8.10247 1.1723 0.46194 1.17906 6.76899 0 16.5267 15.7773 6.16719 5.29093 8.89703 
57.7681 8.1903 9.91431 0.989631 53.8522 8.44482 32.0374 136.765 32.2996 32.8592 107.562 176.124 51.5863 6.25132 3.74512 6.12 7.29765 2.26631 16.8197 2.06522 31.1613 4.75819 7.21497 0 40.2062 16.5606 16.1088 10.8835 
296.111 323.715 0.359999 296.494 38.0524 298.547 89.9427 127.613 383.956 11.5691 137.523 91.928 15.3736 9.803 27.8926 73.8502 318.689 51.6557 21.8962 2.28657 20.9008 84.0578 10.2801 4.96073 0 32.4838 139.017 124.935 
77.413 83.148 0.0588205 37.2087 0.351874 27.8015 9.04869 51.429 71.1714 74.5062 70.9117 82.0631 7.95219 12.8917 21.657 2.30597 2.91935 17.326 8.2654 0.0783422 32.915 0.465059 9.0032 15.2529 8.96422 0 4.55322 56.8103 
0.663507 18.6231 19.3477 22.5027 4.29391 17.2463 55.5695 88.8901 60.6565 44.9319 52.2241 12.8247 1.81315 10.1488 0.146651 4.47171 15.8667 0.827588 9.47562 11.0057 17.7865 10.5523 11.8185 13.6262 50.9937 0.560508 0 1.31224 
1.34816 18.3341 17.6725 0.00924976 2.40865 0.172543 22.7804 34.6849 11.1422 35.9656 96.0183 176.187 1.07004 3.39533 8.94382 9.23033 5.0729 34.5271 16.2746 11.502 48.9705 2.00745 2.21497 14.4625 15.101 4.28036 54.2645 0 
