0 466.211 109.419 324.812 77.3885 36.3542 247.922 62.072 182.379 125.978 0.113877 226.628 30.7353 8.34156 70.8149 60.7175 22.1413 3.29706 6.63693 234.174 238.556 33.2635 1.05647 3.70475 93.3839 13.7088 34.4295 20.1186 
519.62 0 130.158 278.741 519.666 69.8278 525.033 252.402 47.2574 228.758 96.4635 7.23326 133.961 0.537394 26.1537 54.8845 22.1021 437.329 19.95 46.4004 168.712 23.5955 6.92689 61.9315 49.3922 74.3554 11.8619 8.59742 
208.769 345.856 0 214.78 32.4842 1.62724 115.095 37.7595 434.83 85.7647 222.411 171.821 65.9261 14.1673 8.30786 1.20229 0.00955938 13.0323 25.714 2.63331 0.112291 6.40322 2.14038 2.77039 11.664 17.557 19.3171 21.929 
286.051 51.2202 235.161 0 56.3264 53.145 200.331 1108.2 351.879 10.5455 183.641 45.9084 12.9047 20.5071 3.59268 41.3082 42.7879 92.928 1.28168 8.28249 335.634 13.307 14.3551 1.49754 41.0105 31.4857 0.0486924 32.2661 
5.11066 212.753 0.956035 98.7434 0 204.594 15.168 182.485 301.957 11.29 74.1143 0.0241841 3.01593 28.2865 8.66493 31.347 62.8905 152.891 297.854 65.6161 65.8884 29.7659 0.115872 0.432107 28.8605 31.1194 19.2632 13.2535 
83.9695 95.8355 39.1794 22.612 815.14 0 1441.95 4.26705 399.242 727.196 2.2974 158.174 469.017 7.52578 9.53921 5.25777 22.46 83.3575 39.0514 13.9683 4.08316 19.0452 8.80859 0.0111766 45.5471 19.1605 19.9824 5.89613 
161.52 522.082 148.14 14.0457 258.343 331.02 0 384.106 188.604 99.0823 486.745 191.425 154.155 19.3541 114.133 63.8599 75.5233 214.153 65.108 61.3665 137.429 6.23728 4.0688 65.5643 12.2054 70.2472 36.4003 8.58274 
276.898 167.505 196.568 385.898 174.54 187.868 406.481 0 50.4075 0.00303367 27.1922 572.111 37.7812 60.1849 185.141 111.381 74.6734 33.0201 105.695 82.0404 185.318 33.6782 78.9043 132.894 148.195 224.553 97.3172 21.8108 
66.5828 270.241 451.114 28.8415 94.0211 493.304 113.825 660.4 0 72.0178 1632.36 392.358 205.525 59.6566 106.477 142.78 96.2723 37.6584 108.986 86.7662 13.8996 8.78716 101.805 90.7891 56.7225 135.07 24.2075 6.86328 
86.0736 212.492 60.7759 78.2802 267.374 366.077 414.71 118.834 6.71061 0 21.7432 158.642 0.00222485 83.4819 44.7362 85.6355 10.7356 34.0954 90.2848 54.237 76.2559 44.1544 60.0407 54.7702 12.2765 20.535 0.0359271 41.2371 
125.342 0.974423 43.856 18.0124 233.776 74.4911 466.802 322.912 92.7794 509.841 0 56.2021 120.621 13.4274 38.4605 65.8528 6.47574 4.98385 8.25095 26.958 148.531 9.07049 45.0773 0.971835 54.77 51.9605 85.463 18.5579 
190.052 1.5796 5.17547 191.594 178.535 135.911 2.27174 218.719 10.227 184.555 72.772 0 152.943 11.4093 38.8583 452.825 83.6978 51.3777 43.236 59.8875 116.44 12.4587 118.032 102.698 155.293 389.272 73.0716 50.385 
87.3517 69.6445 20.0432 1.40228 30.6089 189.968 178.861 105.812 196.324 325.04 1.64472 105.441 0 149.663 115.808 48.0142 1.16666 78.7394 41.1728 10.5897 48.5766 84.1982 88.04 62.9851 2.5479 20.1253 7.0326 41.7817 
16.0397 70.4607 2.38409 0.875007 66.7234 4.61916 70.799 104.246 67.5176 5.44734 150.887 166.105 5.04498 0 11.6485 9.94831 19.0449 31.9843 26.7924 2.84071 1.49196 8.61276 0.0189946 3.05402 11.1041 0.749005 6.83674 0.327869 
15.4414 70.9713 0.867091 1.8795 94.1184 36.1569 133.483 27.16 107.887 69.9738 3.87661 68.3526 92.5469 41.1794 0 62.3887 24.0446 68.8675 32.5898 0.835218 48.1295 16.1368 15.4809 20.451 30.0213 28.8189 10.3545 21.1524 
3.02127 39.8796 19.6946 35.788 36.4711 27.1954 30.0623 70.2704 4.08315 54.8208 68.3993 410.286 81.85 0.430706 23.9211 0 21.5337 61.6015 21.066 6.05461 47.472 3.85294 12.1736 17.0258 22.9292 1.30394 5.1315 5.67733 
115.36 170.791 38.5735 42.6849 0.863438 22.1794 69.3334 82.6209 130.245 9.40752 1.95831 0.554347 36.6261 0.00888635 10.2612 25.7994 0 152.125 547.8 32.3544 7.01402 16.6796 13.6823 1.80152 25.198 0.356661 10.26 17.018 
195.706 327.635 163.194 130.756 231.835 72.9327 226.55 5.08685 132.756 40.7495 150.629 44.6027 0.32852 53.2853 0.671484 29.3494 1.93827 0 1.84316 0.492167 42.5265 41.9061 29.1947 42.0643 47.017 19.9488 4.29017 31.1992 
44.2941 150.913 3.04466 60.721 296.637 88.8125 120.629 98.6837 149.364 24.5603 36.1892 99.0451 81.1011 2.84627 0.0787348 0.0243303 69.535 0.433403 0 19.3259 21.3729 6.38863 22.4637 21.7212 2.3713 17.8459 22.6433 19.5254 
9.96772 129.749 2.19161 8.01492 44.5703 6.8613 15.4813 15.6464 36.2625 17.5913 34.1592 93.4958 42.238 0.003085 10.0433 8.32281 1.47402 0.0283872 3.06862 0 6.02335 5.24747 0.360115 0.502392 12.8068 11.5569 3.14315 9.91852 
75.3683 138.427 0.676091 176.169 32.762 31.6719 143.408 106.166 13.1636 42.671 26.8918 55.6167 4.89612 38.6636 31.0139 20.7743 29.3053 27.9481 6.44148 219.908 0 0.239478 0.314539 45.6619 51.3279 62.9059 2.44411 11.0594 
5.98426 40.4265 3.34934 0.138156 54.2796 15.405 7.36632 66.7178 10.4572 14.5825 76.2949 33.2318 27.1808 7.5836 1.73238 0.57492 0.561991 34.6436 7.86721 2.77422 17.354 0 5.68961 13.4077 19.3329 4.40832 10.4885 10.5304 
17.9702 4.621 9.41454 16.1537 10.2954 8.15412 70.4691 29.9646 91.3284 49.0168 19.7712 102.083 83.7286 0.2054 0.615296 11.0294 3.45051 8.88107 1.40099 0.518144 0.898755 5.79446 0 18.9569 17.0718 5.78293 5.70662 9.07677 
57.8506 6.9974 10.4296 0.635641 53.1848 7.86447 29.6151 134.611 35.9664 35.1043 112.142 168.863 48.8301 7.01649 5.29428 9.13069 6.93042 2.75897 17.2772 1.92271 29.9881 5.39032 4.1594 0 42.3906 16.6715 16.6408 11.2924 
23.6375 53.1216 0.657042 24.1214 39.9643 26.0849 88.7802 139.762 105.425 9.6269 140.7 38.3097 16.889 9.10273 28.8194 54.0584 45.9501 50.5968 21.2671 2.01864 22.5451 54.7064 10.5049 8.9281 0 88.3583 69.1871 132.908 
76.2961 82.6097 2.13409e-05 35.3495 0.109082 27.7009 6.6904 35.9215 78.5639 75.4037 61.06 40.707 6.78246 12.988 23.2776 3.86195 3.28691 18.8641 7.62671 0.144704 34.8585 0.574546 9.25757 15.6743 8.80256 0 6.08998 60.4789 
0.419904 19.8035 19.2881 23.086 3.74516 17.5742 54.7017 86.5695 58.7578 44.3503 54.7117 9.8918 2.16528 10.3197 0.0638385 3.93671 15.5469 1.06759 9.87853 11.016 18.6678 10.3409 11.5292 14.2917 51.7249 0.152283 0 5.4769 
0.881361 19.964 18.2318 0.0120162 1.882 0.0770846 24.9383 29.1911 9.03283 37.6666 98.7694 174.73 0.763067 3.05601 9.81861 10.2834 4.72589 35.5697 16.7844 11.4792 48.4433 1.84871 2.45246 14.4615 12.9604 8.3709 65.4538 0 
