0 804.566 28.4425 591.927 95.194 278.224 14.3419 242.028 270.541 3.46279 168.223 96.0548 7.10845 47.0201 58.6919 76.5346 372.642 215.511 39.8144 60.1669 215.879 0.419382 5.22867 36.4474 342.11 79.1603 50.4494 21.3277 
834.631 0 465.247 550.021 159.853 356.724 7.05005 23.5375 611.462 167.363 80.3342 14.6723 139.031 5.25994 25.7185 4.01974 291.364 553.566 163.919 141.439 0.0125166 51.4431 18.7693 0.525308 283.691 0.382705 54.3434 56.1265 
47.912 7.50149 0 96.4762 108.472 60.9452 108.921 262.367 0.0379619 18.8991 216.835 165.62 0.219432 14.781 34.0443 6.28342 36.282 5.03247 58.9361 4.87239 0.245346 1.23779 0.0436704 5.97393 0.875786 21.3735 19.3915 15.8748 
611.09 513.986 105.732 0 84.434 286.118 125.765 839.218 373.558 11.3343 189.333 21.586 32.2845 10.5829 39.406 28.27 271.329 6.35267 57.3759 44.858 716.46 3.21628 0.507995 19.598 286.092 38.3715 18.8269 13.2766 
255.356 497.645 165.999 88.5565 0 67.095 216.097 82.86 7.92671 110.633 2.06909 106.351 0.591009 40.5662 0.132785 54.0188 77.7429 199.486 50.7872 18.7068 23.9123 22.4241 34.1289 9.92546 15.3725 70.1777 41.9439 0.676662 
320.917 503.146 55.7083 327.098 496.579 0 2.4954 210.291 639.793 662.244 2.56544 40.7997 228.259 20.1892 6.19595 4.67798 327.001 104.769 8.63587 17.3151 0.199948 0.724806 7.74636 5.2237 280.866 20.4404 9.51851 10.7849 
7.79912 12.5088 127.296 153.804 34.4852 364.618 0 118.953 1175.11 157.331 297.71 122.542 1.43334 51.7318 0.231406 1.56623 2.95344 234.323 19.9145 92.1097 9.90179 62.0309 41.9042 61.3206 91.585 98.9597 30.4228 67.1535 
34.8223 284.572 45.7874 436.475 73.3744 1.16599 181 0 273.253 203.722 9.37024 829.227 49.6131 20.5438 166.794 72.6727 0.00584082 17.0426 75.2544 116.604 32.6627 44.7528 14.2595 16.294 164.683 233.493 78.2433 134.874 
522.365 270.183 115.535 469.753 355.598 739.531 366.776 247.307 0 181.724 1287.32 0.202953 200.823 143.017 275.713 131.888 383.704 24.9175 25.6544 8.20951 92.3016 2.14516 55.4379 24.7811 293.18 87.8285 3.18206 46.7555 
117.336 139.476 4.01226 77.1197 132.342 78.9207 357.287 170.403 365.461 0 118.818 238.725 31.1801 6.96908 0.0890729 8.29412 36.8336 6.83335 104.454 50.0678 37.5478 11.0363 5.32709 16.8168 55.3772 3.3707 2.48024 43.0299 
145.276 4.12718 51.6427 123.865 126.093 33.9869 183.285 373.531 744.115 569.874 0 124.058 116.217 1.31737 259.785 201.087 11.8846 168.214 58.3888 0.672729 122.323 76.2704 4.29122 23.9581 83.301 132.057 1.74239 108.994 
7.95754 27.1231 100.661 157.219 86.9923 0.811811 284.651 1020.82 403.281 11.9338 460.766 0 83.956 34.2773 101.822 310.491 87.816 59.2498 16.2095 0.0323765 125.439 76.457 125.797 63.5656 116.522 197.831 97.8288 50.7857 
106.394 78.909 26.2685 1.7292 21.47 114.544 142.853 103.726 179.955 322.186 248.593 0.0325752 0 100.201 109.336 58.7789 2.00858 13.0301 28.6237 7.67419 4.1176 80.4503 90.793 69.5344 50.1974 54.9909 23.3155 43.9737 
39.7392 66.9332 3.04822 16.064 59.4772 18.0272 53.2051 125.462 139.814 82.8734 114.93 100.892 9.78373 0 51.1678 8.07605 0.37231 45.4923 26.5031 0.114635 0.402024 0.533817 1.50963 1.42793 12.8243 7.46268 5.48483 3.04946 
1.70672 71.4048 21.6086 38.86 82.6311 31.6915 3.97464 0.487295 45.0879 131.815 336.391 273.866 119.277 61.6778 0 0.22926 23.9041 4.42528 10.0724 0.407325 0.683147 11.0454 25.1852 26.7351 31.2718 30.5377 11.7427 2.83652 
17.7531 75.3272 23.0375 43.0151 14.8512 9.19462 20.1744 244.436 30.7418 33.0375 202.886 246.978 84.1705 1.15581 13.1604 0 0.588874 11.245 17.992 1.18923 16.7743 2.24919 11.6473 8.41879 37.4218 29.0142 6.75322 18.4247 
300.557 382.608 49.5416 317.648 4.50547 327.25 107.168 0.807825 317.703 34.8093 46.0778 1.45004 39.3289 20.5202 2.87955 3.94599 0 40.5784 372.989 2.83334 0.863452 17.4616 6.86295 1.59345 297.582 27.1118 20.1945 22.6062 
133.986 72.0714 128.846 70.0484 206.603 47.728 229.744 55.1589 3.16145 10.408 25.2494 52.2253 100.624 46.7735 68.1653 10.1458 33.2888 0 55.7992 47.4674 98.2957 15.7636 31.4791 4.43216 45.3495 1.05341 29.7472 33.5025 
8.96108 111.39 10.8603 0.0437985 46.8415 66.6052 70.1617 115.955 133.768 120.324 22.9457 28.8899 85.0568 2.3553 38.2658 0.178693 21.2021 33.3477 0 26.2254 13.7336 12.3547 2.54621 1.83555 30.5401 30.3252 22.7435 22.544 
201.079 19.0236 20.3792 45.0371 5.0837 22.6332 0.2434 9.78397 105.458 10.5869 74.1697 19.2415 42.9924 2.22019 11.7439 0.0675623 30.9156 39.3279 36.5084 0 12.0304 5.70611 3.70814 2.85456 6.95822 0.000758515 1.37931 8.63198 
122.062 11.9662 0.438592 104.756 4.07643 18.6642 2.02883 0.198428 90.8813 71.7025 77.7127 39.5857 50.1851 44.4978 2.65141 0.661871 5.04203 84.0857 12.3959 304.441 0 0.219075 33.2376 46.1384 0.376889 16.6117 43.8006 0.000770181 
22.5637 48.1448 12.5291 16.7681 50.2976 14.2224 62.4207 62.6877 3.06016 47.9096 9.02654 71.8365 77.5084 10.0402 5.97359 0.052066 0.920746 4.12403 10.7149 2.13423 11.9194 0 1.70363 0.395985 0.972118 10.0501 2.34772 3.16284 
9.9079 22.4562 3.56037 15.8085 8.73628 9.21475 35.8392 1.41961 29.086 34.5271 115.63 116.657 88.5331 0.867904 15.2656 12.4171 0.102537 44.57 22.9738 3.54188 31.282 1.63607 0 6.79431 4.25491 7.22209 13.4524 1.0769 
9.02439 57.7413 6.85373 21.4805 52.1769 0.565044 36.2397 61.8871 82.5211 12.0461 129.167 7.70764 68.6159 5.04726 13.7378 17.7893 18.0827 39.7456 6.03659 0.111676 31.1148 9.52641 10.955 0 4.22607 6.76037 6.16547 12.8778 
275.441 316.986 20.7252 306.384 7.18421 270.401 1.54381 120.037 382.918 58.3531 124.95 137.109 44.498 10.9793 31.3958 62.4797 270.274 49.1184 1.26399 8.47053 10.7195 0.0814658 15.0366 49.9154 0 72.8698 119.839 64.8324 
1.88534 20.0473 22.7385 34.9642 43.2334 3.67621 62.0613 89.9902 21.6516 62.0004 139.496 265.632 18.8729 2.08068 26.8865 31.5667 24.4096 1.37721 0.167691 10.9489 55.7865 6.03634 0.0707651 10.1786 4.73777 0 16.0929 61.1207 
18.5093 54.1584 19.3874 1.36941 49.17 18.0073 50.6844 100.018 74.9554 37.8721 35.6062 0.461367 30.5424 9.42178 19.8218 5.44444 4.73051 9.63654 10.0729 3.83952 10.9765 2.49523 0.865886 9.06902 7.94811 2.0319 0 23.9723 
58.4729 3.52778 20.9647 13.991 2.50619 21.7939 73.5057 44.1163 50.7657 46.2307 39.7369 46.3734 3.70527 0.325426 14.5158 14.0672 11.6417 29.0287 0.0703385 3.78591 29.2927 10.1825 1.49521 14.0638 26.5355 32.5999 85.4856 0 
