0 424.809 94.4996 314.277 90.1082 49.1255 254.479 49.7805 209.808 121.629 0.0141475 224.657 28.4273 7.53049 71.1716 62.754 38.1574 1.27476 8.33338 251.404 241.53 33.707 0.812333 3.10409 108.616 15.4371 35.2348 21.3137 
486.283 0 194.538 272.521 530.131 99.6823 515.163 242.305 77.6258 233.717 107.574 4.67961 136.548 0.890445 28.8105 52.582 38.255 751.303 24.653 52.757 165.679 24.4627 7.69479 61.87 63.6819 75.7 12.604 7.74357 
210.85 281.74 0 155.759 41.0302 3.05162 134.035 25.5341 398.628 89.9936 213.806 176.502 64.6302 14.5213 7.2048 0.855987 0.0970145 17.7517 23.7973 3.28153 0.0212596 6.2 1.92355 2.48016 10.8672 16.685 19.2665 22.0317 
269.555 53.5014 123.67 0 63.4867 66.1207 196.93 727.233 368.806 12.9859 189.07 34.5402 11.5463 20.0979 2.88285 40.5379 60.2613 87.1943 0.836597 10.0189 454.847 13.0953 13.9629 1.17281 58.5039 29.8953 0.0132922 32.5094 
2.04025 263.023 3.09919 91.405 0 256.766 30.0393 176.183 315.582 4.57018 64.5006 0.0527321 1.57132 26.593 7.09805 29.5093 68.4277 162.237 291.894 68.3457 69.1922 30.8194 0.0364829 0.642319 30.2428 32.7065 18.5611 12.4197 
94.4429 97.1987 42.9873 38.2751 553.542 0 1349.68 7.96275 367.517 508.092 0.172994 157.09 546.999 6.87196 8.1432 5.96745 38.8236 87.5048 42.9606 14.6377 4.97851 18.801 8.41045 0.0418431 62.1523 19.8794 19.9037 6.31707 
174.667 508.479 129.317 8.80471 224.591 119.653 0 369.432 42.3458 60.8958 486.145 179.09 162.924 16.7853 119.059 60.345 78.138 219.352 70.9118 58.5016 135.675 5.48915 3.25841 66.5228 14.0043 67.3332 35.3246 9.67677 
285.9 181.079 213.443 451.469 167.832 179.979 399.519 0 22.1537 0.298382 17.656 419.878 41.2661 55.6701 185.083 93.4635 76.4129 29.0597 104.029 78.5752 180.591 34.8869 76.3641 134.857 139.935 218.002 98.1404 25.3445 
74.2178 259.986 468.71 39.6048 76.7898 493.244 309.517 662.283 0 93.9856 719.824 383.443 205.317 64.3505 143.335 145.621 114.819 32.0424 113.398 84.3204 10.9758 9.66878 101.313 92.353 76.5305 137.282 25.6699 5.6422 
91.3673 219.892 65.7607 74.7577 284.303 418.697 452.011 127.791 1.52321 0 4.10062 148.059 1.91042 83.9273 38.1187 83.7036 12.0993 30.4652 94.011 53.6848 78.0462 45.5289 59.6521 53.7806 10.8273 22.6743 0.0979237 42.373 
119.184 0.083172 55.7105 23.8884 226.745 58.8647 448.982 336.027 95.3652 552.285 0 82.4571 132.19 7.85123 67.2315 53.3859 7.44326 3.53279 9.98828 25.103 148.97 8.04143 49.9495 1.93458 49.6034 45.3633 85.7686 20.9251 
196.398 0.525133 8.4916 177.31 179.282 140.065 0.550486 108.453 18.8734 193.783 48.0403 0 154.635 7.75712 26.3144 482.528 84.3362 54.8903 45.2777 62.3279 120.784 11.3263 120.256 92.9729 178.959 398.368 76.5916 57.6685 
89.3949 74.1513 18.2302 1.94517 25.8716 197.649 170.992 102.203 199.198 330.41 4.01773 101.086 0 144.336 117.487 51.0238 1.50032 76.7024 39.1163 11.2815 47.2911 82.3661 89.3116 61.591 2.06935 21.3251 7.48185 42.1742 
15.003 70.0241 2.7496 1.12565 67.4482 4.06456 73.6736 107.582 73.3388 3.95128 138.833 166.62 1.82902 0 5.65986 8.54118 19.2664 30.9911 26.9427 2.76086 1.21953 8.89185 0.0328419 3.58866 10.6197 0.958721 7.04061 0.243986 
16.9395 68.325 1.32942 1.36668 93.4643 37.2776 136.343 21.1756 120.928 77.095 16.6739 85.8273 97.1518 32.6047 0 49.3733 24.4373 68.973 31.9911 0.954741 49.0049 15.8766 16.9222 21.7688 30.4475 29.4324 9.93526 21.516 
4.00171 42.2684 20.3844 37.0809 38.3423 27.2928 26.8641 87.1114 2.2949 58.3434 55.7695 454.246 82.7704 0.943213 13.1088 0 21.2151 61.4534 21.5861 5.84819 46.1852 3.58661 11.9539 14.5547 24.6041 2.1628 4.72476 6.3527 
129.501 185.177 40.0272 57.3716 1.89989 38.4173 66.564 84.1251 145.141 10.6989 1.46547 0.333604 37.7894 0.0267388 9.79426 25.8878 0 171.448 193.794 32.6434 6.30744 16.4636 13.904 1.96104 41.0201 0.457553 10.5105 16.7295 
187.371 374.749 163.016 134.168 228.948 68.4974 229.731 3.49499 125.188 36.8838 147.498 47.9931 0.122694 53.4196 0.997537 30.6177 6.42116 0 3.20091 0.944412 45.3005 42.0158 29.8762 41.5143 46.1165 21.0951 3.94257 31.9841 
40.955 155.337 3.94729 60.0687 289.952 89.7101 125.476 100.634 147.364 28.067 39.276 98.5031 81.9797 3.16049 0.0224851 0.0666204 76.3881 0.0499689 0 20.1206 22.6094 6.71549 22.5779 21.9288 2.64073 18.3621 22.7926 19.1868 
18.4822 125.745 1.65834 9.73075 47.5596 7.48143 17.7393 18.2642 39.1996 16.3459 36.1459 94.3478 41.9924 0.00855179 9.87992 8.172 1.20546 0.0105822 3.52503 0 21.5482 5.18617 0.39621 0.563669 12.9417 11.6543 3.28306 10.0476 
64.5424 133.22 1.69275 173.851 35.657 33.5554 142.744 98.9017 10.3178 44.8037 24.077 51.1861 5.55674 39.2089 32.1886 19.402 28.1283 30.4092 5.69721 180.173 0 0.177792 0.212179 45.2706 52.1986 63.0059 2.15808 10.338 
6.40865 41.137 3.53033 0.188394 54.7127 15.7941 6.55895 66.4569 11.4032 13.2773 75.6773 31.6861 24.1093 7.2567 2.01599 0.458136 0.48138 35.0876 8.21471 2.85277 16.9651 0 5.00917 13.1854 19.1948 4.59007 10.3354 10.5399 
18.8259 5.26724 9.15515 16.4776 11.1767 8.55267 71.0269 27.2944 89.4181 50.3322 16.2965 105.638 85.717 0.0183831 1.16244 10.6106 3.64226 9.45828 1.57741 0.560312 0.719984 5.111 0 20.1445 17.9601 5.50414 6.00857 9.19855 
57.8427 6.18944 10.793 0.428081 52.6598 7.44942 27.8885 132.596 38.66 36.7047 115.151 162.655 46.78 7.54203 6.53461 11.4971 6.66899 3.14172 17.6009 1.82191 29.1335 5.85481 2.36612 0 43.5362 16.7035 16.9981 11.5757 
40.2877 71.0408 0.924337 40.8389 41.3288 42.6668 87.7822 148.031 117.507 8.32255 142.549 884 18.0049 8.59465 29.4061 40.9597 62.2914 49.8015 20.8069 1.83434 23.7448 27.3724 10.6996 14.625 0 106.115 2.93106 63.1672 
75.354 82.0839 0.027781 33.9181 0.0198165 27.5758 5.19817 26.1918 83.843 75.8785 54.1596 19.0512 5.99021 13.0247 24.3791 5.193 3.56316 19.9941 7.17763 0.204815 36.2505 0.660105 9.42677 15.9356 8.80055 0 7.30664 62.2916 
0.278629 20.6631 19.2296 23.4882 3.37141 17.8002 54.0387 84.7901 57.355 43.9001 56.478 7.99624 2.43705 10.4351 0.0251889 3.56718 15.314 1.25882 10.1703 11.0182 19.306 10.1843 11.3093 14.7539 52.1049 0.0172304 0 10.1032 
0.605667 21.1613 18.6165 0.0664174 1.54168 0.0317974 26.5213 25.451 7.63824 38.8704 100.588 172.849 0.573615 2.81902 10.4555 11.0481 4.48189 36.3088 17.1483 11.4553 48.0309 1.73762 2.62852 14.4407 11.4976 12.0143 72.8057 0 
