0 553.113 80.6072 471.884 102.55 233.273 259.532 39.199 407.149 117.336 0.302386 222.197 26.3018 6.7966 71.4276 64.6039 225.145 0.228831 10.0977 265.333 243.283 34.1154 0.610723 2.58296 294.645 17.1398 35.9855 22.4567 
619.488 0 258.623 436.212 531.249 300.604 497.637 231.997 280.603 237.392 118.246 2.7679 138.782 1.30406 31.3871 50.3778 225.586 995.529 29.4693 58.9093 162.493 25.2833 8.45112 61.7612 248.926 76.8818 13.3191 6.97285 
210.882 217.693 0 98.2581 49.7436 4.78052 151.738 15.9949 355.97 93.7568 204.412 180.243 63.325 14.8348 6.2168 0.581208 0.263215 22.7858 22.0127 3.94959 0.359729 6.00819 1.72753 2.21814 10.1246 15.85 19.2068 22.1073 
423.325 231.262 21.0438 0 70.3897 250.14 192.608 751.644 552.906 15.4891 193.475 25.0862 10.3202 19.6893 2.27903 39.6883 248.499 81.6934 0.502192 11.7683 458.17 12.8913 13.5846 0.901021 246.75 28.3523 0.000247599 32.7003 
0.408115 310.624 6.22159 84.4018 0 316.452 48.2789 169.929 326.823 0.94938 55.8416 0.35198 0.633201 25.0125 5.75094 27.7921 73.6994 170.775 283.648 70.8485 72.3051 31.8115 0.00248441 0.878472 31.5537 34.2103 17.9031 11.6503 
276.12 271.245 46.4625 225.051 255.544 0 946.254 12.453 504.739 318.902 0.390149 155.639 468.415 6.26958 6.90309 6.6669 226.075 91.2998 46.6689 15.2628 5.8996 18.555 8.03401 0.0886791 249.531 20.541 19.8191 6.72277 
186.7 487.644 111.437 4.93438 192.55 14.8097 0 352.982 0.338106 32.4336 480.197 167.159 170.817 14.4938 123.358 56.9882 80.5502 223.602 76.434 55.7553 133.843 4.82251 2.57207 67.3604 15.7954 64.5161 34.3025 10.7609 
293.107 193.625 228.047 504.567 161.235 171.799 389.88 0 5.79355 1.2394 10.4599 283.531 44.6428 51.441 184.245 77.2034 78.0157 25.5095 102.361 75.2284 175.784 36.0271 73.8864 136.354 131.754 210.418 98.8085 28.8667 
253.844 421.74 473.265 225.066 61.7082 654.249 549.265 653.005 0 116.494 1485.67 372.768 204.61 68.8895 160.931 147.868 304.017 27.0879 117.434 81.916 8.51356 10.5337 100.692 93.7104 267.056 139.032 27.0712 4.59255 
96.312 225.997 70.4086 71.3267 298.305 455.603 479.484 136.159 0.00274412 0 0.238833 137.886 7.42195 84.1162 32.17 81.6622 13.4489 27.1768 97.3876 53.1089 79.6885 46.7914 59.1996 52.7833 9.5279 24.7501 0.184356 43.421 
113.281 0.138482 67.7896 30.0865 219.491 45.3699 427.59 346.827 104.551 581.669 0 110.88 143.079 3.91287 100.047 42.4728 8.41347 2.38691 11.7677 23.3873 149.214 7.12026 54.6407 3.13931 44.8404 39.3958 85.9855 23.2593 
201.948 0.0489642 12.3312 163.176 179.717 143.656 0.000313967 36.8472 29.3063 201.995 28.9976 0 156.009 4.92713 16.5104 495.074 84.8919 58.2534 47.2137 64.5979 124.78 10.298 122.084 83.7937 170.911 398.995 79.8631 64.7734 
91.2526 78.4088 16.5714 2.53679 21.7054 196.989 163.109 98.7225 201.432 331.763 7.19579 96.9088 0 138.037 118.589 53.8235 1.85294 74.738 37.1819 11.9478 46.068 80.4417 90.2246 60.1793 1.66149 22.47 7.9158 42.5228 
14.0436 69.5325 3.11379 1.38965 68.0604 3.56627 76.2816 110.524 78.8291 2.74916 127.014 166.423 0.251784 0 1.8457 7.23373 19.4692 30.0475 27.0684 2.68507 0.986793 9.14243 0.231244 4.11172 10.1542 1.17847 7.23145 0.17592 
18.398 65.7571 1.85212 0.95494 92.6956 38.2358 138.564 16.1286 133.173 83.7142 36.4666 103.284 101.187 24.3776 0 36.6868 24.799 69.013 31.4049 1.07428 49.8017 15.6131 18.2281 22.9308 30.7798 29.9201 9.53931 21.8323 
5.04665 44.5249 20.9999 38.2024 40.1076 27.3331 23.9533 103.805 1.07083 61.5997 44.6687 482.153 83.4435 1.59746 5.50037 0 20.9067 61.2662 22.0694 5.65146 44.9404 3.34017 11.695 12.2225 26.1476 3.15574 4.35101 7.01152 
314.474 370.149 41.3634 242.984 3.24321 225.551 63.9199 85.4942 330.83 11.9832 1.06457 0.176155 38.8814 0.052391 9.35848 25.9597 0 189.237 512.758 32.8928 5.67127 16.2564 14.1107 2.11722 227.691 0.564147 10.7475 16.4544 
178.987 400.68 162.113 137.022 225.495 64.2769 232.007 2.26069 117.97 33.352 144.372 51.2556 0.0194969 53.5118 1.36351 31.8157 12.9715 0 4.81603 1.50385 47.9541 42.1049 30.513 40.9774 45.2461 22.1916 3.62657 32.7197 
37.8578 159.096 4.89909 59.3717 281.056 90.2504 129.819 102.389 145.221 31.5277 42.256 97.917 82.7263 3.47034 0.000702086 0.125657 83.0591 0.0351042 0 20.8679 23.7945 7.02887 22.676 22.1164 2.90715 18.8465 22.9278 18.8629 
28.8569 121.52 1.21903 11.4629 50.3832 8.08055 19.9792 20.8864 42.0164 15.195 38.0363 95.0372 41.735 0.0162142 9.72028 8.02372 0.975792 0.128927 3.98181 0 44.1528 5.12715 0.431709 0.62444 13.0609 11.7372 3.41678 10.1652 
54.8244 128.117 3.06632 182.862 38.4613 35.3458 141.923 92.0642 7.93131 46.8265 21.5349 47.0984 6.21593 39.7046 33.2933 18.1302 27.0236 32.7973 5.03293 141.846 0 0.127912 0.133881 44.8748 52.9876 63.043 1.90346 9.67347 
6.82026 41.7921 3.70393 0.242895 55.0888 16.1516 5.83465 66.1717 12.3268 12.0855 75.0352 30.2362 21.3186 6.94114 2.30091 0.359573 0.410847 35.4973 8.54647 2.92715 16.5975 0 4.38738 12.95 19.0426 4.76262 10.1875 10.5452 
19.64 5.91222 8.9044 16.7707 12.0339 8.92838 71.4701 24.8461 87.4946 51.5164 13.2841 108.793 87.3309 0.0274802 1.82813 10.1757 3.82694 10.0155 1.75289 0.601407 0.569025 4.4856 0 20.7621 18.7583 5.24001 6.29514 9.3075 
57.7835 5.46707 11.1297 0.2691 52.1307 7.06054 26.2755 130.349 41.2368 38.1991 117.755 156.108 44.8023 8.01234 7.78736 13.8163 6.42459 3.52444 17.9018 1.7282 28.32 6.29854 1.09125 0 44.2657 16.6968 17.3147 11.8341 
227.814 259.698 1.21695 228.423 42.6059 230.07 86.7191 155.393 300.578 7.16698 143.947 292.452 19.0758 8.11377 29.895 33.871 249.437 49.026 20.3673 1.66721 24.8878 12.055 10.9069 21.7407 0 89.8815 64.1245 29.3535 
74.3611 81.4824 0.107793 32.5034 0.00146562 27.4177 3.95303 18.259 88.7647 76.1934 47.8438 5.84147 5.28187 13.0339 25.3608 6.59339 3.83272 21.0768 6.76224 0.270964 37.5565 0.74599 9.57536 16.1489 8.8865 0 8.53193 63.3191 
0.171597 21.4813 19.1626 23.8537 3.03523 18.0055 53.3839 83.0306 56.0051 43.4515 58.1236 6.37905 2.70737 10.5381 0.00488845 3.23114 15.0922 1.45342 10.4469 11.0164 19.9108 10.0332 11.093 15.1759 52.3345 0.0128936 0 15.5736 
0.392281 22.3084 18.9653 0.157955 1.25066 0.00713157 28.0357 22.1022 6.4201 39.989 102.174 170.449 0.419181 2.60134 11.0605 11.7719 4.25605 36.9971 17.4894 11.427 47.6166 1.63525 2.79843 14.4058 10.1897 15.9024 78.9588 0 
