0 663.749 56.5891 631.762 125.924 449.053 265.753 22.7965 645.066 109.105 1.77998 216.264 22.576 5.54265 71.6901 67.7739 445.487 0.503511 13.7019 267.967 243.792 34.8327 0.316313 1.75123 512.699 20.4054 37.3267 24.5715 
731.641 0 368.095 610.418 511.42 547.71 447.157 211.54 535.355 241.476 137.917 0.559952 142.306 2.25563 36.2236 46.3037 447.081 1031.28 39.0933 70.3391 155.922 26.7805 9.9043 61.4363 465.819 78.8063 14.6568 5.66021 
206.124 107.762 0 20.5708 66.8989 8.81936 182.35 4.14697 264.383 99.9572 184.539 185.267 60.7543 15.3512 4.56689 0.214771 0.773653 33.2613 18.8449 5.29607 2.02954 5.65923 1.39337 1.77248 8.80274 14.3092 19.0685 22.1916 
581.135 444.892 88.5703 0 83.1601 464.898 182.124 858.129 758.855 20.5097 199.588 11.4566 8.23576 18.8923 1.35199 37.8516 470.795 71.5538 0.110134 15.188 189.659 12.5099 12.8769 0.495224 469.028 25.463 0.0274918 32.9496 
0.645469 392.666 14.5339 71.6206 0 409.643 90.6672 157.866 342.836 1.33184 41.2822 1.57509 0.00169174 22.1897 3.64087 24.7186 83.3357 185.444 262.587 75.1946 77.9412 33.6092 0.0430923 1.40212 33.9518 36.9561 16.7162 10.2954 
486.698 470.95 52.3561 445.315 135.966 0 495.549 22.9908 630.568 711.993 6.3136 151.956 43.4861 5.21618 4.86175 8.00698 446.732 97.8569 53.3888 16.3791 7.76071 18.0692 7.34913 0.218487 470.173 21.6975 19.6394 7.48098 
207.323 432.008 79.8026 0.716757 136.019 124.403 0 317.365 175.754 2.97261 456.391 144.996 184.048 10.683 130.217 50.8209 84.7873 229.615 86.5146 50.6791 130.085 3.71002 1.52354 68.7129 19.2751 59.2505 32.4276 12.8578 
302.791 215.493 250.516 509.431 148.647 155.327 365.164 0 3.32651 4.5909 2.10146 88.0307 50.9858 43.8816 180.784 50.1563 80.8306 19.5463 99.0951 68.9816 166.229 38.0984 69.1963 138.169 116.119 193.447 99.7481 35.7017 
462.316 596.277 451.018 451.266 37.7506 804.579 999.844 609.657 0 160.637 440.057 348.106 202.058 77.3808 91.9731 150.83 527.923 18.9985 124.42 77.3187 4.79967 12.1881 99.1745 95.8735 493.698 141.351 29.6715 2.94598 
105.123 234.751 78.6291 64.8631 318.135 481.256 506.88 151.028 5.73082 0 25.4107 119.125 26.2976 83.8783 22.2759 77.4363 16.0553 21.5661 103.141 51.9272 82.5526 48.9947 58.165 50.8166 7.34358 28.6495 0.41133 45.2636 
102.379 2.47809 91.4888 42.8437 204.877 24.6212 378.758 362.188 214.431 604.714 0 169.864 162.575 0.212509 169.533 25.2178 10.3189 0.869311 15.3442 20.3609 149.227 5.57221 63.3413 6.05603 36.5242 29.3058 86.2003 27.7407 
210.865 0.485846 20.9971 136.419 179.829 149.311 1.69503 4.39256 53.5707 215.522 6.2594 0 157.94 1.38775 4.30576 477.133 85.7845 64.4766 50.7538 68.6315 131.762 8.53137 124.708 67.3623 148.85 380.33 85.6604 78.1242 
94.4477 86.1283 13.6964 3.80831 14.9423 175.58 147.796 92.2216 204.273 324.884 15.2515 89.1714 0 123.788 119.359 58.7789 2.58822 71.0651 33.687 13.1923 43.8202 76.48 91.1508 57.3835 1.03018 24.5799 8.73033 43.1024 
12.3487 68.4417 3.82131 1.93718 68.9918 2.72736 80.7339 115.32 88.7154 1.10547 104.89 164.363 1.10777 0 0.303981 4.98533 19.822 28.3171 27.2564 2.54619 0.62469 9.56375 1.02759 5.09183 9.29046 1.63053 7.5743 0.0801241 
21.1552 60.9333 3.011 0.390733 90.9247 39.7137 141.363 8.57026 154.855 95.294 89.0306 136.444 107.655 10.9756 0 15.9222 25.434 68.9364 30.2872 1.30839 51.1757 15.0898 20.4173 24.8031 31.2056 30.57 8.81936 22.3381 
7.23823 48.6196 22.0238 39.975 43.309 27.2769 18.9594 135.229 0.0242714 67.3003 26.9958 493.623 84.1704 3.173 0.00688821 0 20.3267 60.8071 22.9292 5.2894 42.605 2.90514 11.1019 8.17049 28.8277 5.37909 3.69814 8.25653 
530.548 585.654 43.6956 460.529 6.58222 445.998 59.0473 87.8546 548.211 14.4781 0.496948 0.017314 40.852 0.121087 8.57827 26.0612 0 219.557 435.872 33.2873 4.59112 15.8708 14.4807 2.41555 447.123 0.786504 11.18 15.9465 
162.626 405.06 158.658 141.257 217.459 56.5675 234.295 0.694899 104.738 27.2473 138.274 57.3333 0.0598201 53.5929 2.17394 33.9956 30.3321 0 8.5688 2.84903 52.8592 42.231 31.6554 39.9567 43.613 24.2212 3.08147 34.0446 
32.3828 164.829 6.87165 57.9048 258.937 90.4567 137.075 105.359 140.699 38.1615 47.8263 96.6662 83.8745 4.06672 0.0394432 0.280819 97.7716 0.87569 0 22.2186 25.9942 7.61149 22.8301 22.4371 3.42224 19.7199 23.1598 18.2625 
52.7647 112.818 0.58629 14.8574 55.4991 9.20116 24.3051 26.0118 47.2334 13.1671 41.5075 96.0004 41.203 0.0364088 9.41642 7.73949 0.617978 0.681315 4.87665 0 101.015 5.01683 0.499863 0.742319 13.2573 11.8656 3.66432 10.3685 
38.6452 118.42 6.57384 210.891 43.7289 38.6257 139.95 79.7497 4.36066 50.5247 17.2096 39.9247 7.50376 40.5585 35.2907 15.8796 25.0299 37.2947 3.92064 76.6901 0 0.0579967 0.0372225 44.0891 54.3389 62.9672 1.47874 8.50614 
7.59668 42.9451 4.02656 0.359745 55.6905 16.7763 4.61312 65.5561 14.0823 10.0242 73.7212 27.6252 16.5504 6.3524 2.86067 0.209827 0.29637 36.2193 9.15952 3.06314 15.9271 0 3.32178 12.4605 18.7094 5.07878 9.90992 10.5452 
21.1364 7.17197 8.43436 17.2717 13.6548 9.60914 72.0662 20.5912 83.708 53.5188 8.51344 113.993 89.5794 0.503113 3.38587 9.29696 4.17245 11.0605 2.09457 0.679406 0.338921 3.41152 0 20.5407 20.094 4.75859 6.81945 9.49047 
57.5464 4.25549 11.7245 0.0733146 51.0846 6.36163 23.3898 125.433 45.9932 40.8684 121.869 142.67 41.1137 8.78803 10.2312 18.0581 5.98563 4.27394 18.4379 1.56144 26.824 7.11429 0.0132139 0 44.6735 16.5921 17.8367 12.2803 
448.985 482.751 1.84806 449.681 44.8987 450.868 84.4892 167.488 513.323 5.26122 145.607 821.252 21.0654 7.23961 30.6164 39.6775 469.692 47.5542 19.5544 1.38042 26.9916 29.4325 11.3391 37.0726 0 28.9623 127.737 125.619 
72.3016 80.1286 0.387078 29.7916 0.132992 27.0307 2.10788 7.27746 97.4988 76.4301 36.9735 1.39693 4.09435 12.9873 26.9842 9.44712 4.34516 23.0852 6.02807 0.414691 39.909 0.914991 9.81698 16.451 9.26036 0 10.9303 63.416 
0.0427755 22.9872 19.0111 24.4827 2.46493 18.3591 52.1213 79.6372 53.4866 42.5763 61.0593 3.88011 3.23398 10.7105 0.00847273 2.65315 14.6833 1.8429 10.9536 11.0032 21.018 9.75015 10.6786 15.9051 52.3853 0.312719 0 27.7519 
0.121575 24.4354 19.5624 0.42451 0.796905 0.00753362 30.8358 16.5013 4.45583 41.9759 104.725 164.572 0.199419 2.22114 12.167 13.0858 3.85626 38.2261 18.1038 11.3613 46.8006 1.4552 3.11643 14.304 8.02056 23.8231 87.6198 0 
