0 641.892 54.397 614.153 128.211 437.148 266.144 21.4236 635.156 108.284 1.98773 215.593 22.2264 5.42731 71.7015 68.0657 433.978 0.679713 14.0762 266.124 243.656 34.9002 0.29288 1.67903 500.932 20.7315 37.4545 24.778 
709.412 0 377.386 594.312 508.054 538.839 441.149 209.462 527.487 241.688 139.823 0.43497 142.609 2.36107 36.6994 45.9069 435.719 999.002 40.0767 71.4509 155.237 26.9253 10.0498 61.3963 453.958 78.9763 14.7885 5.53969 
205.341 98.393 0 16.3021 68.6263 9.2662 185.136 3.40182 255.017 100.508 182.452 185.626 60.4932 15.3972 4.41844 0.188695 0.83712 34.3544 18.5452 5.43456 2.26243 5.62554 1.36269 1.73166 8.67735 14.1593 19.0531 22.1961 
563.674 433.447 105.091 0 84.3988 452.841 180.941 394.854 745.354 21.0245 200.042 10.4031 8.04483 18.8118 1.27459 37.6553 459.452 70.5709 0.0872271 15.5321 462.631 12.4724 12.8073 0.462232 457.682 25.1795 0.0336242 32.9669 
0.888829 400.021 15.5086 70.3924 0 415.434 95.3087 156.658 344.06 1.84879 39.9663 1.73946 0.0149171 21.9212 3.46111 24.4259 84.2655 186.793 260.172 75.5987 78.4825 33.7822 0.0540436 1.4591 34.1839 37.2217 16.6024 10.1677 
474.245 457.681 52.8888 433.82 26.0003 0 107.341 24.1619 610.089 519.535 7.25788 151.53 36.7062 5.11771 4.68048 8.14065 435.243 98.4637 54.0318 16.4852 7.95292 18.0197 7.28313 0.234069 458.664 21.8057 19.6203 7.5555 
209.21 425.579 76.8709 0.508353 130.799 153.342 0 313.585 207.896 1.78197 453.244 142.839 185.24 10.3409 130.809 50.2236 85.1851 230.074 87.4859 50.1849 129.693 3.60953 1.43622 68.8314 19.6257 58.7339 32.2455 13.0687 
303.482 217.524 252.367 503.522 147.396 153.641 362.318 0 4.98399 5.02569 1.62835 74.3124 51.6108 43.1642 180.319 47.7643 81.0951 19.0059 98.7643 68.3696 165.255 38.298 68.732 138.281 114.569 191.61 99.8198 36.3887 
449.773 580.416 446.858 440.906 35.7032 785.052 1037.52 603.774 0 165.049 816.905 345.392 201.725 78.2146 81.8276 151.037 516.726 18.2839 125.068 76.8606 4.49479 12.3533 99.0017 96.0609 482.786 141.514 29.9258 2.80525 
105.958 235.427 79.4015 64.2264 319.63 480.44 507.86 152.432 6.86051 0 29.9727 117.308 28.6922 83.8155 21.3935 76.9951 16.3169 21.0512 103.668 51.8041 82.8204 49.2006 58.0508 50.6167 7.14544 29.0334 0.438031 45.437 
101.318 2.8568 93.8684 44.1682 203.376 22.9104 373.457 363.362 233.251 604.739 0 175.949 164.423 0.0983755 176.653 23.7528 10.5125 0.762052 15.7121 20.0757 149.198 5.43168 64.189 6.38646 35.7485 28.3905 86.2087 28.1887 
211.641 0.617427 21.9431 133.795 179.793 149.793 2.04305 8.33657 56.249 216.723 4.92869 0 158.087 1.15924 3.53645 472.673 85.8625 65.0838 51.0966 69.0136 132.415 8.368 124.912 65.8085 150.693 377.227 86.2082 79.4342 
94.7432 86.8701 13.4293 3.94432 14.348 172.469 146.26 91.5836 204.462 323.589 16.1806 88.4166 0 122.244 119.348 59.246 2.66558 70.704 33.3517 13.3146 43.6015 76.0676 91.1892 57.0988 0.97689 24.7852 8.8107 43.1546 
12.1887 68.3231 3.89254 1.99455 69.0691 2.65126 81.1422 115.743 89.6577 0.984867 102.738 164.048 1.44583 0 0.542046 4.78119 19.855 28.1492 27.2718 2.53271 0.593956 9.60194 1.13178 5.18748 9.20612 1.67763 7.60708 0.0728097 
21.4281 60.4584 3.13666 0.34916 90.7285 39.8374 141.546 7.95825 156.884 96.3697 95.051 139.686 108.214 9.88314 0 14.2414 25.4937 68.9188 30.1758 1.3321 51.303 15.0364 20.6133 24.9655 31.2343 30.6161 8.74994 22.382 
7.46925 49.0133 22.1157 40.1268 43.617 27.2625 18.4998 138.284 0.00498783 67.8325 25.4857 491.923 84.2061 3.34892 0.102588 0 20.2695 60.7547 23.0109 5.2542 42.3749 2.86413 11.0367 7.8021 29.0759 5.61998 3.63706 8.37949 
518.586 573.6 43.9135 448.73 6.96489 434.488 58.5735 88.0733 536.376 14.7295 0.453277 0.0107496 41.0413 0.129233 8.50384 26.069 0 222.298 316.518 33.3212 4.49219 15.833 14.516 2.44535 435.503 0.809917 11.2219 15.897 
160.98 404.029 158.203 141.598 216.567 55.8238 234.388 0.59074 103.458 26.6813 137.658 57.9291 0.0793866 53.5948 2.26202 34.2059 32.3567 0 8.98546 3.00113 53.3376 42.2407 31.7645 39.8551 43.4519 24.4194 3.03094 34.1716 
31.8668 165.304 7.078 57.7498 256.43 90.423 137.729 105.63 140.222 38.8226 48.3734 96.5328 83.9707 4.12652 0.0485692 0.299076 99.4737 1.01616 0 22.3482 26.2094 7.66861 22.8433 22.4667 3.47401 19.8037 23.1812 18.2038 
55.3674 111.914 0.536931 15.1994 55.9902 9.31124 24.7388 26.5294 47.7421 12.9761 41.8446 96.0732 41.1473 0.0387883 9.38621 7.71109 0.587588 0.757707 4.96734 0 107.307 5.00597 0.50669 0.754198 13.2749 11.8764 3.68852 10.3874 
37.1978 117.458 6.97995 213.108 44.2483 38.9435 139.727 78.5738 4.07006 50.8828 16.8133 39.2516 7.63414 40.6377 35.4826 15.6671 24.8387 37.7389 3.81992 71.0515 0 0.0526746 0.0310416 44.0087 54.4635 62.9501 1.44037 8.39637 
7.67355 43.0537 4.05818 0.372242 55.7429 16.8348 4.50196 65.49 14.2568 9.83284 73.5844 27.375 16.1134 6.29472 2.91745 0.197427 0.286266 36.2874 9.21936 3.07631 15.8622 0 3.22418 12.4092 18.6733 5.10947 9.88253 10.5445 
21.2819 7.29946 8.38809 17.3178 13.8154 9.67462 72.1092 20.1949 83.3235 53.7013 8.10371 114.455 89.748 0.579119 3.55834 9.20675 4.20646 11.1635 2.12908 0.687157 0.319775 3.31298 0 20.427 20.2142 4.71213 6.87023 9.50708 
57.5146 4.1457 11.7806 0.0608779 50.978 6.29482 23.1149 124.903 46.4564 41.1223 122.221 141.279 40.7525 8.85668 10.4762 18.459 5.94364 4.3499 18.4889 1.5456 26.6785 7.19338 0.000580715 0 44.6486 16.5757 17.8833 12.3217 
437.546 471.482 1.91567 438.249 45.1179 439.383 84.2539 168.558 501.051 5.09106 145.706 865.321 21.2601 7.15547 30.6742 41.4456 458.149 47.4079 19.4751 1.35394 27.1963 33.6322 11.3844 38.5949 0 25.6029 113.379 134.809 
72.0861 79.9803 0.423154 29.5214 0.157005 26.9866 1.95913 6.46844 98.3239 76.4297 35.9735 2.34118 3.9868 12.9785 27.1289 9.74053 4.39609 23.2816 5.9587 0.430161 40.1342 0.932174 9.83829 16.4741 9.3112 0 11.1722 63.3028 
0.0348698 23.1337 18.9944 24.5409 2.41272 18.3919 51.9945 79.297 53.2394 42.4878 61.3386 3.66986 3.28721 10.7261 0.0116031 2.59972 14.6434 1.88295 11.0028 11.0012 21.1254 9.72226 10.6372 15.9727 52.3628 0.362677 0 29.0474 
0.103549 24.6433 19.6174 0.457061 0.758324 0.0106851 31.1091 15.9962 4.28378 42.1641 104.948 163.904 0.182409 2.18555 12.2739 13.212 3.81842 38.3431 18.1627 11.3539 46.7176 1.43824 3.14773 14.2915 7.82703 24.63 88.2565 0 
