0 391.165 41.2232 387.285 142.718 246.611 267.736 13.6611 456.594 102.999 3.56569 210.966 20.0607 4.72189 71.7156 69.849 245.758 2.40401 16.5457 245.996 242.043 35.3195 0.165317 1.2561 310.931 22.8347 38.255 26.0914 
454.248 0 427.908 376.947 481.237 367.333 399.283 195.969 363.357 242.27 151.85 0.00935728 144.361 3.08229 39.74 43.388 248.574 454.539 46.4962 78.4786 150.704 27.8415 10.9903 61.1075 263.44 79.9844 15.6306 4.8041 
199.109 47.2634 0 6.18094 79.7582 12.3038 201.818 0.389198 195.634 103.775 168.683 187.365 58.7915 15.6716 3.52805 0.0625894 1.29602 41.5684 16.681 6.34151 4.02239 5.41272 1.17545 1.48287 7.89564 13.2103 18.9475 22.2091 
339.162 248.554 171.381 0 92.2231 261.134 172.824 1238.33 542.221 24.3937 202.346 4.87944 6.88191 18.289 0.835883 36.3406 272.191 64.3632 0.00408684 17.7554 687.689 12.2324 12.3628 0.279275 270.38 23.3764 0.0867511 33.0483 
3.32628 443.161 22.3339 62.6848 0 434.224 126.492 148.872 350.41 7.05847 32.0491 2.9682 0.403332 20.2422 2.42494 22.5934 90.1234 195.007 243.503 78.0851 81.8897 34.873 0.152203 1.84556 35.654 38.9001 15.8861 9.3737 
280.071 259.413 56.0815 245.768 501.279 0 224.127 32.1524 367.581 522.074 14.7002 148.557 17.2266 4.50961 3.60389 9.00113 247.097 102.179 58.0564 17.1482 9.21768 17.6965 6.86653 0.345007 270.33 22.4742 19.4923 8.03163 
220.636 381.41 59.0908 0.0181226 99.2389 381.193 0 288.52 454.273 1.28774 430.141 129.195 192.387 8.29053 134.241 46.4485 87.6518 232.465 93.6018 47.05 127.104 3.00373 0.942117 69.5312 21.8971 55.4412 31.0915 14.4345 
306.816 229.961 262.617 456.119 139.363 142.663 342.612 0 23.0711 8.22099 0.0305268 13.6229 55.6084 38.6887 176.857 33.7272 82.7374 15.7414 96.6108 64.4699 158.894 39.5586 65.7546 138.726 104.665 179.29 100.194 40.8314 
255.502 365.246 413.112 262.248 23.9436 542.509 1226.34 560.381 0 193.247 647.475 326.991 199.276 83.5277 33.9322 152.016 330.348 14.052 129.047 73.91 2.79186 13.4195 97.8033 97.1553 298.284 142.295 31.5462 1.99249 
111.16 238.984 84.1776 60.161 327.252 460.506 507.017 161.146 16.2972 0 66.8232 105.846 45.965 83.2555 16.1541 74.0787 18.0108 17.9134 106.871 50.9892 84.4756 50.4731 57.2712 49.3127 5.94741 31.486 0.626368 46.513 
94.5945 5.86821 109.145 52.8794 193.558 13.4114 338.017 369.457 375.36 595.785 0 215.54 175.91 0.383983 222.181 15.4025 11.7742 0.246278 18.1287 18.302 148.899 4.58042 69.5613 8.6696 30.9722 22.8689 86.2108 31.0782 
216.178 1.81525 28.3443 117.189 179.375 152.578 4.99143 61.4595 74.4445 223.845 0.183154 0 158.853 0.188015 0.414015 434.368 86.322 68.944 53.2658 71.3963 136.446 7.36635 125.995 56.1817 186.278 352.727 89.615 87.7632 
96.5546 91.5341 11.7855 4.85741 10.8443 151.162 136.358 87.5133 205.302 312.922 22.6482 83.6205 0 111.914 118.926 62.1427 3.181 68.3967 31.2436 14.0962 42.2142 73.3447 91.2207 55.2409 0.671812 26.0889 9.32556 43.4687 
11.1928 67.5191 4.35398 2.37536 69.5047 2.19117 83.6281 118.246 95.5441 0.381744 89.1806 161.594 4.60997 0 3.58604 3.56026 20.0587 27.0848 27.3572 2.4473 0.417115 9.83256 1.88682 5.79186 8.67027 1.989 7.81299 0.0345961 
23.1792 57.4233 3.98516 0.139825 89.3874 40.5382 142.339 4.59014 169.356 102.949 136.02 160.111 111.466 4.14284 0 5.53742 25.8646 68.7652 29.4585 1.48667 52.0858 14.6871 21.7785 25.9091 31.3637 30.8375 8.31179 22.6395 
9.00711 51.4919 22.6664 41.0031 45.5563 27.1357 15.6942 157.452 0.219737 71.1116 16.8334 469.966 84.2892 4.54516 3.28538 0 19.9021 60.3903 23.521 5.03079 40.903 2.60907 10.5942 5.60837 30.5939 7.23814 3.25941 9.1666 
327.342 381.615 45.2583 258.599 9.62455 246.216 55.5674 89.4178 345.926 16.3609 0.223246 0.005329 42.2309 0.186933 8.03708 26.1101 0 238.667 493.366 33.5191 3.88909 15.5914 14.7374 2.63765 246.489 0.965939 11.4871 15.5816 
150.351 400.217 154.837 143.465 210.471 51.1404 234.438 0.127268 95.3792 23.2072 133.66 61.7278 0.267367 53.5822 2.85905 35.5337 46.4571 0 11.8386 4.05219 56.3778 42.2918 32.4497 39.2011 42.4208 25.6808 2.71968 34.9701 
28.6591 167.969 8.44618 56.7165 239.231 89.9907 141.653 107.277 137.035 43.0789 51.8654 95.6384 84.5186 4.51355 0.128321 0.427872 111.722 2.14606 0 23.1641 27.5813 8.03299 22.9198 22.6475 3.80995 20.3307 23.3128 17.8295 
72.7742 105.966 0.27402 17.4117 59.0767 10.0137 27.5413 29.889 50.9751 11.7898 43.9792 96.4502 40.7774 0.0555856 9.19144 7.5277 0.412645 1.33449 5.55788 0 148.985 4.93652 0.550829 0.831304 13.3799 11.9383 3.84263 10.5038 
28.5803 111.291 9.81376 220.027 47.5702 40.9545 138.184 71.2128 2.45789 53.1479 14.398 35.0845 8.48315 41.124 36.6905 14.3432 23.6348 40.5852 3.21096 39.3845 0 0.024916 0.00491288 43.4828 55.2265 62.8013 1.20873 7.71442 
8.16711 43.7289 4.25985 0.456215 56.0506 17.1967 3.8268 65.0452 15.3807 8.65627 72.6795 25.8034 13.4547 5.92751 3.28736 0.127531 0.226306 36.7113 9.60022 3.15981 15.4518 0 2.6317 12.0689 18.4287 5.30391 9.70703 10.5377 
22.2048 8.12867 8.09217 17.5994 14.847 10.0867 72.3209 17.7548 80.8196 54.8085 5.73157 117.212 90.6097 1.17202 4.73056 8.61782 4.42414 11.8232 2.35356 0.737061 0.21134 2.71397 0 19.3498 20.9342 4.41899 7.19149 9.60763 
57.2776 3.48134 12.1296 0.00890308 50.2809 5.87573 21.3948 121.341 49.3945 42.7088 124.262 132.156 38.4517 9.26163 12.0515 20.9146 5.67983 4.84519 18.8078 1.44658 25.7552 7.69342 0.30257 0 44.2283 16.4462 18.1618 12.5762 
249.721 284.679 2.36956 250.46 46.4928 251.226 82.6878 174.875 307.889 4.07419 146.075 330.73 22.5011 6.62583 30.9899 55.7149 269.609 46.4672 18.9699 1.19157 28.4951 62.2812 11.6848 47.8514 0 27.9091 16.9613 139.219 
70.6545 78.9718 0.688158 27.7853 0.355244 26.6806 1.14168 2.4347 103.443 76.3324 29.8771 13.8355 3.33641 12.9048 27.99 11.6535 4.72452 24.5329 5.52654 0.534432 41.5493 1.04437 9.96453 16.5953 9.69181 0 12.7381 62.0923 
0.00354044 24.0644 18.8809 24.8983 2.09441 18.5932 51.1736 77.096 51.6603 41.912 63.0847 2.47121 3.6334 10.8205 0.0428205 2.27212 14.3899 2.14605 11.3145 10.9861 21.8056 9.54365 10.37 16.3881 52.099 0.76364 0 37.5743 
0.02291 25.968 19.9541 0.690769 0.535918 0.0433741 32.846 12.9586 3.26984 43.3392 106.257 159.29 0.0922613 1.96552 12.9502 14.0055 3.58229 39.0761 18.5332 11.3036 46.1754 1.3328 3.34787 14.2022 6.67414 29.8315 91.3817 0 
