0 80.0981 19.4381 104.062 171.284 31.4224 266.316 3.24289 261.61 92.0762 8.05338 199.843 15.9957 3.44644 71.4447 73.0563 34.1468 8.9434 21.9676 180.164 234.984 36.1147 0.0187622 0.591317 95.0149 27.212 39.807 28.7408 
124.563 0 473.412 109.893 403.028 188.014 301.307 167.679 203.775 239.494 175.367 1.05752 146.998 4.79592 45.916 38.3482 39.8259 887.153 60.1636 92.2458 140.722 29.6654 12.9648 60.3505 46.8935 81.636 17.3553 3.47948 
180.577 0.148021 0 71.7187 102.493 19.2963 228.89 3.31512 88.2244 109.088 139.013 188.031 55.161 16.1296 2.02188 0.0141651 2.50306 57.2289 13.1509 8.29372 8.9718 4.99042 0.838885 1.03819 6.40425 11.3249 18.6948 22.1564 
67.4474 58.0935 168.553 0 107.516 42.5619 153.704 946.259 290.25 31.6285 203.908 0.023461 4.80497 17.1819 0.232131 33.376 61.9988 52.181 0.159078 22.3595 773.545 11.7407 11.4565 0.0503597 60.0339 19.7613 0.266688 33.0644 
12.7259 506.589 39.0234 47.8691 0 400.021 195.367 132.709 355.625 27.0762 18.5609 6.37891 2.74711 17.0101 0.895869 19.0575 101.575 209.539 204.331 82.644 88.5617 37.0235 0.496816 2.74871 38.5804 42.2292 14.4791 7.86514 
56.8316 33.9723 61.3765 34.91 231.89 0 705.007 50.7779 70.0528 538.083 36.6232 141.254 63.753 3.38303 1.84464 10.7823 35.3903 108.89 65.7504 18.4197 11.9834 17.0018 6.04511 0.629421 57.888 23.7176 19.2007 9.00282 
240.386 281.011 29.002 3.33165 46.5153 824.673 0 234.124 1006.85 36.0473 369.634 102.396 204.416 4.82156 139.388 39.005 92.2843 234.523 105.523 40.7984 121.387 1.95239 0.263265 70.6585 26.684 48.7943 28.7816 17.3149 
307.999 252.28 274.889 412.643 122.873 119.56 295.75 0 95.5049 16.8228 4.10498 39.8941 63.7658 30.1844 167.382 12.319 85.8378 10.066 92.0214 56.6109 145.315 42.0526 59.6454 138.242 84.7095 151.747 100.525 50.1176 
34.5233 104.449 315.059 80.6117 7.1849 214.404 1260.68 447.905 0 249.052 192.426 284.841 192.647 94.2476 81.038 152.234 121.706 7.17826 136.303 67.7919 0.588986 15.6502 94.8823 98.8549 93.7295 142.53 34.8276 0.778033 
121.027 242.234 92.9977 51.9355 332.532 346.637 469.744 177.456 46.2426 0 174.768 83.4793 89.8172 81.3108 7.67508 67.68 21.5746 12.3106 112.534 49.185 87.5657 52.8418 55.4291 46.5242 3.85739 36.4674 1.10196 48.5447 
81.2197 14.9832 140.014 71.6931 172.54 1.86305 260.537 374.516 640.457 533.302 0 296.961 197.429 6.12515 308.316 3.92014 14.4785 0.0665594 23.3829 14.9415 147.677 3.08474 80.2188 14.1808 22.2136 13.4009 85.9512 37.099 
223.222 6.07015 43.0534 84.8714 177.556 156.669 14.6417 290.747 116.273 235.412 9.93967 0 159.518 0.729684 3.36567 317.133 87.0597 76.7096 57.5834 75.9445 143.939 5.53698 127.065 38.3916 300.825 282.959 96.0641 104.359 
99.8569 100.632 8.76721 6.94367 5.24231 117.472 115.931 79.2596 205.124 279.893 38.4072 74.0041 0 89.1668 116.284 67.5685 4.33993 63.6912 27.122 15.6923 39.4291 67.383 90.1918 51.271 0.231353 28.7035 10.3848 44.0111 
9.29797 65.6463 5.32413 3.22323 70.095 1.39106 88.0433 122.292 106.755 0.0178841 63.1385 154.38 15.9486 0 16.4625 1.57692 20.4399 24.9563 27.467 2.27639 0.156447 10.2324 3.76898 6.96857 7.59614 2.67436 8.21461 0.000325386 
26.7822 51.2537 5.93617 0.00373267 86.2103 41.4976 142.013 0.593814 191.769 114.647 225.914 198.954 116.361 0.0848399 0 0.394847 26.5668 68.2426 27.9649 1.81715 53.5238 13.9356 23.6615 27.322 31.351 30.9115 7.44607 23.0432 
12.4493 56.3436 23.5969 42.295 49.3627 26.6969 10.6742 193.547 2.38334 77.1224 4.67887 375.775 83.7152 7.26995 21.381 0 19.1451 59.4956 24.5029 4.58328 37.8946 2.12564 9.57195 2.14624 33.3073 10.8733 2.55478 10.7705 
108.898 160.946 47.7526 42.791 16.116 34.268 49.5588 91.8866 129.039 19.812 0.00495943 0.18167 44.565 0.333806 7.12948 26.1488 0 265.284 326.825 33.8235 2.80672 15.0985 15.1688 3.04066 32.8217 1.31738 12.0169 14.9438 
128.332 434.87 145.744 145.65 196.132 41.9893 231.787 0.21861 79.5014 16.8701 125.198 69.4269 0.973754 53.4302 4.25122 38.1605 80.2986 0 18.5925 6.5965 62.4909 42.3407 33.7857 37.839 40.3043 28.2285 2.14497 36.5354 
22.6072 171.477 11.4768 54.3937 199.296 88.007 148.318 110.199 129.887 51.8676 58.9564 93.598 85.2906 5.32834 0.401058 0.753091 144.288 5.62609 0 24.7631 30.3634 8.775 23.0362 22.9762 4.52111 21.3645 23.5538 17.0697 
110.701 93.1018 0.0105537 22.0035 65.0842 11.4386 33.3944 36.9816 57.4544 9.54731 48.2382 96.7643 39.9511 0.0980721 8.78606 7.14414 0.154612 2.96246 6.8184 0 232.933 4.7941 0.643711 0.994913 13.5576 12.0275 4.15507 10.7191 
14.4329 98.655 16.7618 188.156 54.3594 44.9521 134.447 57.0654 0.440562 57.6518 10.0798 27.2889 10.2969 42.0177 39.0624 11.8238 21.2716 46.427 2.14582 2.86499 0 0.000209477 0.0202025 42.3444 56.6127 62.2969 0.80503 6.42326 
9.18789 45.0111 4.67006 0.648888 56.5393 17.8742 2.63241 64.0214 17.7175 6.496 70.6757 22.7327 8.75613 5.1882 4.07626 0.0331416 0.12733 37.5194 10.3706 3.32679 14.6329 0 1.59809 11.3146 17.8572 5.6929 9.34604 10.5103 
24.0551 9.89624 7.48789 18.1081 16.9792 10.8953 72.4286 13.2605 75.485 56.7596 2.1843 121.77 91.2492 2.83624 7.42805 7.36878 4.87079 13.178 2.83202 0.840884 0.0614212 1.66493 0 15.6129 22.1436 3.84121 7.83027 9.78429 
56.6195 2.31832 12.7914 0.0443066 48.7784 5.06124 18.0761 113.213 55.2679 45.7561 127.311 112.637 33.8164 9.90178 15.2602 25.1561 5.1638 5.90583 19.4243 1.25567 23.9018 8.68154 2.76648 0 42.0618 16.0577 18.6296 13.0431 
38.6681 75.3875 3.40571 39.4338 49.1679 39.3021 79.1762 184.957 85.9223 2.36482 145.485 697.318 25.0143 5.58987 31.3553 83.0911 56.8266 44.5134 17.948 0.895453 31.1004 78.9988 12.3497 61.6396 0 105.153 148.784 28.1004 
67.4712 76.606 1.40298 24.2172 0.988904 25.9336 0.162346 0.17735 113.052 75.6465 19.0875 62.9866 2.20045 12.6675 29.4064 15.6704 5.40885 27.0663 4.70116 0.774961 44.3101 1.28558 10.1706 16.7042 10.7461 0 16.0051 57.2505 
0.0380162 25.9362 18.6125 25.5528 1.5228 18.9632 49.4418 72.4772 48.4429 40.6841 66.451 0.77487 4.37196 10.9854 0.164018 1.6754 13.8777 2.7209 11.9396 10.9415 23.1665 9.17695 9.81157 17.1476 50.9021 1.99215 0 55.2827 
0.0359521 28.6487 20.5639 1.29794 0.205983 0.174487 36.3426 7.76567 1.64268 45.5899 108.335 148.201 0.00322225 1.55436 14.2877 15.5493 3.12909 40.4967 19.2606 11.1828 45.0093 1.13236 3.75705 13.97 4.77342 40.2542 92.6474 0 
