0 449.999 3.40976 464.799 203.483 450.576 256.522 0.270429 697.731 78.4963 15.7514 183.41 11.599 2.15612 70.5879 76.2381 455.663 22.0597 29.288 125.545 220.013 36.9964 0.0359647 0.116255 510.057 32.7412 41.5893 31.9641 
459.855 0 415.947 477.831 280.573 643.183 176.293 132.46 690.211 229.301 201.963 5.67382 148.598 7.33007 53.4368 32.3301 465.976 859.62 77.6959 107.75 127.257 31.8467 15.5041 59.1213 461.894 82.9613 19.5054 2.14852 
149.446 55.6807 0 225.69 129.25 28.8668 247.311 22.3006 9.41623 113.136 101.676 183.822 50.4233 16.5131 0.734606 0.319063 4.4575 77.5439 9.30652 10.8418 17.3075 4.48755 0.503049 0.599918 4.75342 9.10797 18.3166 21.9528 
451.221 526.9 408.326 0 124.727 455.94 126.756 1037.42 649.336 41.0629 200.323 5.4552 2.76194 15.7488 0.00198864 29.3037 484.33 38.2741 0.915974 28.0039 574.154 11.1272 10.3391 0.020911 482.021 15.4843 0.614253 32.8229 
31.5928 531.539 63.4236 31.6503 0 359.179 281.251 112.54 348.348 66.2479 6.90031 12.1436 8.30235 13.3643 0.0409595 15.0544 114.641 223.214 150.857 87.3293 96.2958 39.556 1.1753 4.06687 42.0726 46.1735 12.8284 6.19063 
465.177 451.032 65.4706 457.987 239.151 0 1163.38 76.9149 449.915 175.554 73.4866 130.235 256.613 2.20305 0.4776 13.0066 456.359 115.543 74.1231 19.8407 15.7152 16.0824 5.08209 1.08182 477.342 25.0349 18.7859 10.2031 
257.711 157.303 5.85757 14.7085 7.72085 824.786 0 165.739 1305.56 132.097 279.09 72.0094 214.442 1.83209 142.35 30.3754 97.2894 232.1 119.049 33.3953 113.597 0.974757 0.00181997 71.524 32.8323 40.7823 25.9982 21.0354 
299.655 273.711 273.999 394.365 102.604 90.9159 230.187 0 232.275 30.8628 21.6445 306.924 73.8059 20.9169 151.855 0.395913 89.2359 4.81756 86.0185 47.1619 127.707 45.0063 52.0863 135.233 61.3203 115.499 100.18 61.8384 
449.9 479.052 173.042 553.459 0.00217269 513.423 735.249 288.715 0 309.859 640.025 227.415 181.741 107.099 63.0434 149.404 545.517 1.86523 143.683 60.108 0.109117 18.5091 90.4669 100.013 522.944 140.449 38.8446 0.0565786 
131.773 239.152 102.013 42.0454 320.863 136.18 371.499 194.651 98.9099 0 337.983 58.3301 153.468 77.5548 1.47118 59.1432 26.159 6.83345 117.925 46.7134 90.8822 55.362 52.7272 42.8713 1.90622 42.5298 1.85069 50.7682 
65.4645 31.1463 175.493 96.0195 145.426 2.09566 165.127 367.705 777.31 396.142 0 389.811 219.944 21.7525 383.858 0.173447 18.0522 1.36811 30.4151 11.2452 145.107 1.65674 92.6334 22.3796 13.2773 5.11953 85.1697 44.7164 
227.917 14.4097 63.5295 49.862 173.637 158.867 32.5531 671.222 173.492 244.18 54.3817 0 158.773 5.76262 22.7913 150.213 87.6241 86.0916 62.7343 80.9964 151.861 3.64922 126.378 20.4761 281.322 178.642 103.098 123.623 
103.243 111.057 5.64406 9.90428 1.11807 118.63 90.9747 69.1929 201.61 223.738 61.7919 62.4883 0 60.4856 110.028 73.3292 5.96294 57.8804 22.353 17.6713 36.0557 59.431 87.0479 46.0964 0.00487032 31.853 11.7146 44.5114 
7.19549 62.9331 6.56352 4.39017 70.3015 0.653405 92.2885 125.375 118.929 1.08547 35.5464 141.907 37.2216 0 38.2043 0.20573 20.8527 22.3966 27.4901 2.07043 0.0084302 10.5984 6.27532 8.25961 6.31332 3.59981 8.6797 0.034335 
31.2751 43.7315 8.6865 0.344692 81.5454 41.8392 138.244 0.80878 212.878 125.506 327.364 238.274 119.196 9.32684 0 17.0212 27.3424 67.2313 26.0663 2.25261 55.0243 12.9424 25.0084 28.1047 30.8536 30.3441 6.42514 23.3273 
17.2021 61.9457 24.3946 42.9927 53.7903 25.846 5.77731 229.475 8.00119 83.2257 0.0536517 211.819 81.7216 10.8443 54.5465 0 18.1931 58.1251 25.6163 4.04487 34.1723 1.59403 8.14502 0.0973622 35.8981 15.7086 1.80121 12.7259 
520.855 569.007 50.3794 458.624 25.8727 454.964 42.3787 94.4613 542.783 24.2837 0.1734 0.727529 47.293 0.567024 6.08238 26.1181 0 284.124 307.274 34.0269 1.72427 14.4859 15.6686 3.55985 451.042 1.81127 12.6557 14.1613 
101.274 490.928 131.033 145.468 175.507 31.5532 223.792 2.13989 61.1967 10.4081 114.26 78.8307 2.41036 53.0213 6.27528 41.2654 127.881 0 28.448 10.4173 69.8769 42.3044 35.3345 36.1019 37.661 31.3356 1.53655 38.3653 
16.0412 172.362 15.6035 51.1642 145.504 83.7002 154.088 113.039 120.007 62.7719 67.6246 90.6977 85.6386 6.38165 0.930364 1.26494 193.027 11.9137 0 26.6241 33.7785 9.69323 23.1109 23.3137 5.44814 22.5734 23.8054 16.133 
156.707 76.4206 0.165827 27.6512 71.934 13.175 40.7974 46.0763 65.2072 7.09238 53.3253 96.3568 38.8027 0.165096 8.27034 6.65385 0.00822029 5.748 8.47313 0 309.47 4.6159 0.763883 1.20862 13.7141 12.0729 4.53948 10.9474 
3.51004 83.1334 27.1743 124.055 62.7445 49.6947 128.819 41.3293 0.188496 63.0115 5.8229 18.9457 12.688 42.953 41.8344 9.03255 18.5059 53.6948 1.13631 15.8106 0 0.0253163 0.159029 40.8201 58.0294 61.3233 0.424251 4.99818 
10.4791 46.4336 5.17659 0.925229 56.9016 18.6043 1.47487 62.5499 20.6877 4.25484 67.9234 19.1723 4.31046 4.30113 5.10698 0.000927542 0.0452003 38.4238 11.315 3.52843 13.6478 0 0.663441 10.2886 17.0206 6.16156 8.89302 10.4526 
26.2897 12.2148 6.74137 18.6209 19.6648 11.836 71.9954 8.58924 68.543 58.6193 0.127243 125.464 90.0748 5.31081 11.1129 5.79633 5.42994 14.8739 3.46132 0.973218 8.12639e-05 0.708254 0 9.48546 23.1482 3.16595 8.58989 9.95302 
55.5016 1.21691 13.5193 0.334588 46.7785 4.12709 14.3177 101.851 62.2755 49.1736 129.079 87.8846 28.2439 10.3347 19.0457 28.4764 4.56181 7.30856 20.1297 1.03853 21.6601 9.83228 8.20432 0 37.3137 15.3671 19.0295 13.5277 
460.442 498.775 4.87012 461.136 52.249 459.665 74.3094 192.12 494.283 0.900876 142.425 225.445 28.0874 4.39816 31.3146 75.0418 475.999 42.0337 16.6963 0.590298 34.2443 17.0736 13.2546 65.1481 0 68.5452 18.9573 147.168 
63.1015 73.1576 2.58065 19.8411 2.17159 24.802 0.164012 7.88047 123.276 73.9565 8.95339 156.402 1.13116 12.2252 30.5239 20.5719 6.28286 30.1669 3.77668 1.12083 47.4987 1.60602 10.3341 16.5963 12.5016 0 20.0763 47.7762 
0.252683 28.2098 18.216 26.2318 0.949409 19.3506 47.1971 66.5613 44.4702 39.0703 70.2687 0.00147662 5.34476 11.1416 0.414282 1.06494 13.2499 3.50126 12.6971 10.8623 24.8081 8.71796 9.09892 17.9275 48.1712 4.18988 0 74.7812 
0.36221 31.927 21.1818 2.27318 0.0135224 0.449113 40.5776 3.17956 0.408902 48.1132 109.855 131.955 0.0586938 1.11288 15.8585 17.3035 2.61589 42.1282 20.1135 11.0013 43.4591 0.909198 4.26466 13.5961 3.25382 51.5499 85.2766 0 
