0 433.608 2.26834 443.673 207.382 434.257 254.62 0.677236 682.974 76.7155 16.9287 181.057 11.0709 2.00905 70.4341 76.5927 439.491 24.1597 30.2958 123.172 217.583 37.1046 0.0539358 0.0812388 492.943 33.4756 41.8133 32.3842 
438.473 0 400.306 456.275 263.705 630.738 160.861 127.885 682.304 227.447 205.219 6.53984 148.676 7.69583 54.4126 31.558 450.493 411.83 80.0264 109.635 125.408 32.1284 15.846 58.9364 444.833 83.0785 19.7902 1.99762 
144.87 71.1225 0 243.145 132.566 30.1637 248.401 25.9257 4.88365 113.46 96.8636 182.877 49.7823 16.5489 0.612602 0.387837 4.75032 80.2414 8.84474 11.1844 18.5661 4.42281 0.465265 0.551192 4.55233 8.82696 18.2616 21.9151 
433.537 518.213 399.476 0 126.821 438.746 123.039 186.078 624.358 42.3325 199.421 7.06174 2.53519 15.5557 0.0128386 28.7422 468.191 36.557 1.06005 28.7308 698.219 11.0459 10.1924 0.0371425 465.822 14.9426 0.669901 32.7704 
34.6007 530.208 66.8473 29.7164 0 357.965 292 109.893 346.32 72.3529 5.78364 13.0221 9.23795 12.9131 0.0110518 14.5577 116.259 224.649 143.726 87.8671 97.2708 39.8795 1.28456 4.25638 42.5222 46.6786 12.6177 5.98515 
447.387 435.298 65.7979 442.062 495.858 0 930.631 80.5262 434.216 185.415 78.9331 128.641 593.828 2.06553 0.364058 13.2992 440.081 116.281 75.1189 20.015 16.2302 15.9567 4.95972 1.14927 460.816 25.1902 18.727 10.3611 
259.379 142.379 4.09818 16.7476 5.01687 776.573 0 156.982 1293.2 147.811 266.55 68.2917 215.356 1.54453 142.464 29.2936 97.8892 231.39 120.716 32.452 112.518 0.871612 0.0132644 71.5959 33.6567 39.7501 25.6374 21.5371 
297.799 275.992 272.599 376.116 99.9674 87.2233 221.268 0 252.605 32.9603 24.8947 354.481 75.12 19.8061 149.545 0.0624787 89.6487 4.26986 85.2035 45.9465 125.343 45.385 51.0952 134.65 58.4027 110.706 100.075 63.3887 
433.36 458.034 155.133 544.814 0.162867 484.872 644.561 267.879 0 316.87 244.582 219.646 180.104 108.742 45.0679 148.79 529.537 1.42421 144.523 59.0914 0.224201 18.8935 89.8245 100.09 507.696 139.989 39.3701 0.0236242 
133.062 238.189 103.033 40.7775 317.93 110.613 355.599 196.653 106.806 0 359.558 55.268 162.142 76.9584 1.01502 57.9824 26.7758 6.23078 118.501 46.3694 91.2785 55.6605 52.3393 42.3757 1.70039 43.3157 1.96204 51.0378 
63.4659 33.6331 179.801 99.2497 141.813 3.28747 153.279 365.788 794.259 375.154 0 400.799 222.535 24.4267 390.235 0.532261 18.5408 1.65958 31.3805 10.7957 144.685 1.50221 94.1904 23.5596 12.262 4.31736 85.0304 45.7292 
228.21 15.7428 66.3594 45.7935 172.991 158.926 35.3487 718.943 181.249 244.877 62.5449 0 158.552 6.76058 26.5008 130.182 87.671 87.307 63.3973 81.6143 152.793 3.43035 126.128 18.4947 274.151 164.83 103.945 126.02 
103.633 112.357 5.28277 10.3233 0.802408 121.147 87.7638 67.8826 200.89 215.521 65.1309 61.0081 0 56.8394 108.981 74.0057 6.19178 57.1165 21.7524 17.9323 35.6166 58.3483 86.4906 45.3979 0.000260195 32.2605 11.8915 44.5639 
6.93783 62.5452 6.72902 4.55272 70.2872 0.576829 92.747 125.625 120.378 1.34495 32.3964 140.011 40.4752 0 41.0104 0.12053 20.9025 22.0652 27.4842 2.04372 0.00272197 10.6361 6.58769 8.41215 6.14898 3.72705 8.73849 0.0448551 
31.8682 42.7544 9.07163 0.429671 80.8759 41.8165 137.487 1.24694 215.054 126.614 338.536 242.521 119.307 11.5092 0 20.6808 27.4372 67.0693 25.8125 2.31209 55.1998 12.807 25.102 28.1283 30.7505 30.2181 6.29471 23.3476 
17.8641 62.6489 24.4708 43.0119 54.3498 25.7103 5.24155 233.299 8.96512 83.9145 0.296864 189.976 81.3595 11.3092 58.8797 0 18.0663 57.9239 25.755 3.97523 33.6829 1.5294 7.94788 0.0254166 36.1728 16.3536 1.71153 12.9794 
503.34 550.897 50.6876 441.666 27.2832 438.652 41.4558 94.7624 525.491 24.8876 0.230246 0.825391 47.6398 0.601859 5.95033 26.1079 0 285.377 437.077 34.0399 1.60188 14.4049 15.7319 3.63001 434.377 1.88109 12.7387 14.0585 
97.7813 489.779 128.859 145.216 172.598 30.2611 222.378 2.53491 58.9112 9.67026 112.787 80.0571 2.64392 52.95 6.56548 41.6626 134.352 0 29.8541 10.9716 70.8341 42.292 35.5306 35.8688 37.3108 31.7412 1.4644 38.5982 
15.2537 172.203 16.1735 50.7122 138.383 82.9939 154.645 113.351 118.631 64.1988 68.7548 90.2862 85.6363 6.52402 1.0152 1.34104 199.361 12.8919 0 26.8597 34.2264 9.81432 23.1152 23.3528 5.57408 22.7273 23.8349 16.0097 
162.328 74.2011 0.224262 28.38 72.7846 13.4007 41.7798 47.2924 66.2029 6.79498 53.9799 96.2402 38.6415 0.175073 8.20128 6.5881 0.00261896 6.17432 8.69841 0 315.871 4.59221 0.780148 1.23768 13.7297 12.0738 4.59002 10.9745 
2.62272 81.1132 28.6711 119.94 63.8455 50.302 128.001 39.4137 0.333274 63.7001 5.34961 17.9542 13.0149 43.0627 42.1865 8.69125 18.1539 54.6537 1.02773 22.0789 0 0.0330288 0.18681 40.6102 58.1923 61.1676 0.383422 4.824 
10.6516 46.6082 5.2433 0.964675 56.9302 18.6918 1.34783 62.3399 21.0852 3.99462 67.5394 18.7224 3.8393 4.18718 5.2467 0.00338542 0.0375508 38.5355 11.4388 3.55465 13.52 0 0.569813 10.1471 16.9001 6.22231 8.83278 10.4431 
26.5798 12.5305 6.64331 18.6791 20.0222 11.9549 71.8937 8.04719 67.6059 58.8194 0.0441025 125.792 89.766 5.63881 11.6114 5.59116 5.50427 15.0991 3.54725 0.990977 0.00180932 0.61156 0 8.66238 23.2394 3.08043 8.68736 9.9713 
55.3306 1.09861 13.6078 0.39219 46.5039 4.01007 13.8513 100.267 63.1743 49.5943 129.151 84.6492 27.5271 10.3616 19.5174 28.7298 4.48526 7.50066 20.2182 1.01142 21.3688 9.97707 9.02172 0 36.5481 15.2603 19.0678 13.5841 
444.269 482.77 5.07661 444.944 52.6366 443.28 73.6294 192.623 476.36 0.760289 141.841 1069.13 28.489 4.24916 31.2702 70.4258 459.449 41.7021 16.5322 0.554956 34.6519 11.7064 13.3798 64.5339 0 55.6376 34.7364 138.644 
62.4943 72.6637 2.75799 19.2738 2.35867 24.6371 0.260389 9.70068 124.478 73.6686 7.89351 170.117 1.0171 12.1556 30.6187 21.1929 6.40031 30.5726 3.66243 1.17017 47.9003 1.65001 10.3483 16.563 12.7656 0 20.6078 46.3168 
0.294582 28.5063 18.1587 26.3109 0.884361 19.3961 46.8933 65.7679 43.9478 38.8502 70.7436 0.00511053 5.47772 11.1584 0.455166 0.994836 13.1675 3.60969 12.7958 10.85 25.0214 8.65701 9.00347 18.0172 47.7091 4.52934 0 76.9604 
0.429683 32.3557 21.2523 2.41903 0.00521819 0.494156 41.1275 2.72588 0.3085 48.4243 109.971 129.648 0.0791041 1.06015 16.058 17.5206 2.55192 42.3333 20.2223 10.9749 43.2463 0.881724 4.33161 13.5401 3.12091 52.8269 83.6557 0 
