0 385.592 1.22732 389.163 211.826 384.42 252.225 1.3832 634.764 74.6393 18.3504 178.256 10.4688 1.84378 70.2424 76.9883 389.779 26.7159 31.4858 121.546 214.619 37.2289 0.0794682 0.0482895 442.106 34.335 42.0721 32.8739 
384.601 0 380.17 400.828 244.038 585.142 143.374 122.572 642.107 225.139 208.944 7.62535 148.728 8.13233 55.5478 30.6617 401.608 574.825 82.7507 111.786 123.228 32.4559 16.2479 58.7136 394.074 83.1987 20.1235 1.82832 
139.421 91.0498 0 261.078 136.365 31.683 249.273 30.4618 1.44893 113.778 91.299 181.663 49.0287 16.5863 0.484016 0.476376 5.10263 83.3894 8.3184 11.5865 20.0801 4.34753 0.422971 0.496856 4.32217 8.50225 18.1957 21.8678 
383.107 477.515 373.62 0 129.212 387.857 118.664 1033.31 564.267 43.8217 198.245 9.18949 2.28244 15.3287 0.0374243 28.08 418.495 34.5871 1.24117 29.5734 189.703 10.9507 10.0212 0.0619166 416.053 14.3165 0.737783 32.7032 
38.2567 527.309 70.8923 27.5205 0 356.705 304.285 106.805 343.65 79.7167 4.60293 14.0822 10.389 12.3944 6.80108e-05 13.9864 118.118 226.216 135.428 88.4721 98.3973 40.2547 1.41807 4.48244 43.0446 47.2645 12.3734 5.74923 
395.82 386.39 66.1169 392.649 570.156 0 1521.03 84.7805 386.813 650.138 85.4309 126.741 145.182 1.9101 0.250884 13.6409 390.234 117.102 76.249 20.215 16.8386 15.8085 4.81803 1.23036 410.668 25.3663 18.6569 10.5455 
261.143 125.576 2.43647 19.2774 2.59026 710.762 0 146.883 1263.18 166.785 251.846 64.0406 216.304 1.23963 142.515 28.0467 98.5728 230.45 122.629 31.36 111.243 0.758461 0.0399119 71.6677 34.6239 38.5518 25.2172 22.127 
295.418 278.495 270.598 349.63 96.9002 82.9467 210.825 0 276.722 35.4784 28.952 411.925 76.6526 18.542 146.776 0.0371231 90.1211 3.67162 84.2444 44.5358 122.57 45.8248 49.9388 133.915 55.0495 105.128 99.9355 65.1995 
383.346 403.078 134.894 504.043 0.671943 422.101 539.093 243.906 0 324.714 454.491 210.549 178.135 110.645 25.4976 148.003 480.019 0.984253 145.465 57.9025 0.410232 19.3452 89.0566 100.159 459.036 139.399 39.9835 0.00308141 
134.53 236.905 104.172 39.3078 314.118 83.1474 336.442 198.911 116.248 0 384.345 51.7709 172.273 76.233 0.588892 56.6176 27.4999 5.56154 119.135 45.9623 91.73 55.9997 51.877 41.7927 1.47483 44.2298 2.09586 51.3461 
61.1549 36.6382 184.705 103.021 137.587 5.01048 139.766 363.26 816.263 350.194 0 413.171 225.446 27.7157 396.502 1.19779 19.1171 2.03481 32.5198 10.2812 144.169 1.33129 95.9847 24.9657 11.1241 3.46587 84.8571 46.9146 
228.458 17.3663 69.6955 41.2209 172.198 158.928 38.7343 772.075 190.339 245.557 72.6808 0 158.256 8.02104 31.1407 108.024 87.7178 88.7211 64.1677 82.3224 153.85 3.18319 125.792 16.2978 269.152 148.938 104.911 128.774 
104.072 113.855 4.8752 10.8214 0.499921 124.154 84.042 66.3565 199.976 205.765 69.0984 59.2899 0 52.6487 107.697 74.7713 6.46363 56.2244 21.0584 18.2376 35.1051 57.0749 85.7996 44.5773 0.00216329 32.7348 12.0989 44.6212 
6.64242 62.0833 6.92291 4.74517 70.2585 0.493354 93.253 125.871 122.024 1.68228 28.8744 137.728 44.3813 0 44.17 0.0496368 20.9594 21.6796 27.4747 2.01261 3.48799e-05 10.6771 6.94165 8.58467 5.95836 3.87713 8.80644 0.0588909 
32.5616 41.6179 9.52754 0.540473 80.0781 41.7704 136.53 1.87659 217.411 127.811 350.719 247.175 119.359 14.2724 0 25.2548 27.546 66.8718 25.5146 2.38219 55.3986 12.6474 25.1865 28.1327 30.6192 30.0561 6.14351 23.3663 
18.6477 63.4603 24.5514 43.0132 54.9966 25.5449 4.64781 237.47 10.1546 84.685 0.828034 165.103 80.9081 11.8467 63.7546 0 17.9177 57.6827 25.9147 3.89423 33.1112 1.45547 7.71556 0.000352936 36.4738 17.1062 1.60951 13.2739 
452.035 498.876 51.0366 391.026 28.9653 388.767 40.3843 95.1032 474.442 25.5976 0.306729 0.947275 48.0414 0.643773 5.79766 26.0941 0 286.473 255.539 34.0512 1.46471 14.31 15.8052 3.71252 384.072 1.96407 12.8354 13.9385 
93.7289 484.957 126.257 144.855 169.15 28.777 220.625 3.03755 56.28 8.84169 111.058 81.4865 2.92968 52.8616 6.91148 42.1234 141.926 0 31.5268 11.6338 71.948 42.2752 35.7574 35.5951 36.9007 32.2143 1.38233 38.8681 
14.3561 171.938 16.8471 50.1767 130.112 82.1299 155.235 113.697 117.003 65.8623 70.0713 89.7966 85.6197 6.69146 1.11875 1.43248 206.547 14.0774 0 27.1323 34.7493 9.95602 23.1187 23.3969 5.7225 22.9055 23.8684 15.8656 
168.704 71.608 0.303431 29.2252 73.763 13.6635 42.9287 48.7174 67.3587 6.45493 54.7401 96.0859 38.4501 0.187071 8.12025 6.51093 2.63926e-05 6.68951 8.96379 0 322.078 4.56447 0.799288 1.27192 13.7464 12.0733 4.64908 11.0053 
1.74935 78.7622 30.453 117.074 65.1302 51.0063 127.024 37.2236 0.553889 64.4998 4.82178 16.8275 13.4004 43.1872 42.5943 8.30013 17.746 55.7746 0.907816 30.6008 0 0.0433235 0.222054 40.3621 58.3759 60.9776 0.338359 4.62428 
10.854 46.8085 5.32128 1.01168 56.958 18.7916 1.20668 62.0896 21.5518 3.70065 67.0847 18.2022 3.32265 4.05503 5.41103 0.00819495 0.0295182 38.6641 11.5835 3.58522 13.3711 0 0.469289 9.9801 16.7562 6.29308 8.76218 10.4314 
26.9176 12.9025 6.52878 18.7444 20.441 12.0924 71.7618 7.43526 66.5046 59.0401 0.00150607 126.128 89.3614 6.0166 12.195 5.3527 5.59135 15.3629 3.6486 1.01183 0.00666125 0.507377 0 7.71665 23.334 2.98153 8.80055 9.99152 
55.1238 0.968112 13.709 0.465064 46.1797 3.87506 13.3146 98.3924 64.2172 50.0772 129.189 80.8876 26.695 10.3842 20.0588 28.9687 4.39653 7.7273 20.3204 0.980162 21.0294 10.1442 9.98638 0 35.6181 15.1309 19.1084 13.6477 
394.546 433.23 5.32174 395.196 53.0842 393.303 72.8241 193.081 424.599 0.611214 141.108 346.643 28.9573 4.07751 31.2071 64.4631 409.275 41.3129 16.3406 0.515032 35.1265 8.16257 13.5277 63.5606 0 42.8491 69.8555 117.761 
61.7756 72.075 2.97147 18.6146 2.58643 24.4399 0.400732 12.0519 125.837 73.3134 6.73771 186.294 0.891532 12.071 30.714 21.9082 6.53827 31.0459 3.53109 1.22892 48.3642 1.70193 10.3629 16.5185 13.0829 0 21.2261 44.5644 
0.347499 28.8519 18.0902 26.4003 0.811322 19.4477 46.5358 64.837 43.3372 38.5907 71.2906 0.0398938 5.63462 11.1769 0.505217 0.915896 13.0712 3.73813 12.9109 10.835 25.2699 8.58562 8.89144 18.1182 47.1389 4.93971 0 79.3616 
0.515641 32.8558 21.3315 2.59444 0.000433574 0.549353 41.7678 2.23993 0.209165 48.782 110.082 126.91 0.106747 1.00009 16.2889 17.7699 2.47817 42.5704 20.3485 10.9432 42.9951 0.850148 4.40991 13.4728 2.98495 54.2444 81.5927 0 
