0 66.9612 0.516777 28.9861 230.491 32.1665 238.997 7.73895 287.206 65.2039 25.4862 164.764 7.91137 1.1762 69.2023 78.5416 37.4558 39.7709 37.0979 120.931 199.421 37.7688 0.25882 0.00620709 84.2812 38.2911 43.2185 35.1022 
39.9399 0 269.596 30.3595 157.278 248.127 72.9644 98.8052 330.852 212.69 224.857 13.5945 148.442 10.2585 60.6774 26.6439 53.3592 744.946 95.2091 120.884 112.987 33.9381 18.1217 57.6006 36.8368 83.5218 21.6612 1.14761 
113.463 201.061 0 298.281 152.557 38.6237 247.729 55.01 11.5334 114.39 66.8818 174.622 45.5139 16.6991 0.0878716 0.993319 6.85408 97.6784 6.09111 13.4436 27.5852 4.00753 0.254665 0.283534 3.33437 7.06401 17.873 21.6081 
41.6716 169.057 248.531 0 139.351 30.3879 98.3811 222.479 164.062 50.7112 191.218 22.2464 1.29227 14.2725 0.312781 24.9755 65.9565 26.0941 2.24554 33.3201 194.153 10.5112 9.23786 0.254911 63.1138 11.554 1.0884 32.3137 
56.8114 496.253 89.8502 18.3853 0 332.637 355.74 92.7732 327.42 116.121 0.908228 19.4033 16.4405 10.1328 0.27747 11.4905 126.175 231.874 98.4632 90.9211 103.384 41.9378 2.10951 5.58307 45.4006 49.8939 11.2773 4.72527 
35.5278 41.6492 66.6984 41.8173 395.92 0 1288.53 104.599 68.141 286.379 116.62 117.538 603.407 1.27127 0.000970258 15.2 37.1648 120.291 80.9472 21.0793 19.7189 15.1104 4.1865 1.63312 56.0323 26.0998 18.3176 11.3913 
266.65 59.4412 0.323783 32.7747 1.64531 354.474 0 103.034 943.934 258.837 185.054 45.9294 218.982 0.270023 141.65 22.5793 101.468 224.632 130.882 26.4988 105.195 0.340608 0.343559 71.8298 39.1072 33.1707 23.3105 24.8778 
281.684 287.656 256.618 204.355 83.056 64.0198 163.312 0 388.768 47.9039 50.9285 680.086 83.6357 13.2185 133.219 4.88068 92.1511 1.50476 79.7519 38.2099 109.749 47.8039 44.669 129.83 40.5659 80.1717 99.0584 73.483 
31.3867 32.7156 55.9747 193.846 7.36498 31.466 134.396 142.4 0 355.403 817.915 169.02 168.372 119.099 15.3557 143.475 128.16 0.00491832 149.244 52.4478 1.96619 21.4502 85.3045 100.173 111.159 135.979 42.7845 0.154694 
140.724 228.896 108.668 32.7524 291.644 6.77585 244.041 208.124 161.843 0 487.702 36.9219 217.72 72.5305 0.110779 50.2688 30.8697 2.97284 121.494 44.0242 93.6408 57.4211 49.6349 39.0664 0.645341 48.3561 2.7608 52.6676 
50.9107 51.6892 205.137 120.166 118.244 17.2986 83.5407 347.836 921.235 234.506 0 462.529 237.133 44.8617 408.119 7.56833 21.8339 4.22735 37.891 8.0706 141.475 0.679873 103.839 31.7691 6.58581 0.752861 83.9184 52.3755 
228.292 25.6936 85.3008 22.9712 168.06 158.024 55.7936 961.904 231.895 246.817 126.474 0 156.416 15.0507 56.2261 29.4729 87.8241 95.1202 67.642 85.3764 158.247 2.16701 123.629 7.91296 308.874 82.1242 109.011 140.686 
105.862 120.407 3.20875 13.218 0.0246367 131.501 67.4904 59.4322 194.794 159.834 88.0845 51.5769 0 34.7132 101.011 77.9319 7.77123 52.1387 17.9866 19.6409 32.7766 51.14 82.0966 40.7627 0.110686 34.8802 13.059 44.8316 
5.36353 59.8465 7.81792 5.66116 69.9625 0.193734 95.1614 126.375 128.885 3.68784 15.0791 126.404 63.4011 0 56.0638 0.120108 21.2027 19.9317 27.3961 1.87132 0.0422248 10.8226 8.35732 9.28935 5.10547 4.58337 9.10861 0.14715 
35.7429 36.48 11.6917 1.20499 76.2131 41.2925 131.163 6.35035 225.568 131.908 392.677 263.98 118.55 28.9165 0 48.5476 28.0171 65.8522 24.1329 2.71238 56.2232 11.8986 25.2295 27.8359 29.872 29.1177 5.46581 23.3837 
22.3721 67.0339 24.8041 42.7302 57.866 24.696 2.37374 252.246 16.4433 87.7306 6.60008 66.7789 78.458 14.189 81.8374 0 17.2295 56.4938 26.6168 3.52778 30.4939 1.13798 6.6309 0.68943 37.5717 20.5048 1.17999 14.6014 
92.0952 135.368 52.483 34.3089 37.1237 35.5299 35.5672 96.5164 115.615 28.9106 0.795011 1.60958 49.837 0.852705 5.11937 26.0062 0 286.409 125.866 34.0488 0.914378 13.872 16.1321 4.09883 28.805 2.36426 13.2761 13.3878 
75.6604 424.929 113.577 142.307 152.74 22.3437 211.239 5.89863 44.7871 5.50328 103.018 87.9883 4.41587 52.3866 8.59179 44.1921 176.295 0 39.5757 14.8639 76.9919 42.1679 36.7681 34.3204 35.0097 34.3712 1.03647 40.076 
10.5596 169.639 20.0274 47.621 93.4739 77.6618 157.112 115.039 109.274 73.4096 76.0532 87.4333 85.3531 7.47459 1.6536 1.88671 234.548 20.0744 0 28.3447 37.1422 10.608 23.1133 23.5782 6.41951 23.7027 24.0081 15.2032 
194.684 59.7959 0.814344 32.9893 78.0277 14.8538 48.2047 55.2964 72.5433 4.99945 58.1633 95.1304 37.5316 0.24673 7.74377 6.15227 0.0422495 9.28059 10.2098 0 331.95 4.43606 0.88899 1.43277 13.8035 12.0506 4.92034 11.1351 
0.00151259 68.1346 39.0323 126.391 71.0007 54.1639 122.246 27.8609 2.26644 68.0984 2.74979 12.099 15.2181 43.7056 44.4141 6.61153 15.9207 60.9189 0.453577 83.7638 0 0.108087 0.421495 39.1864 59.1245 59.9979 0.168051 3.76032 
11.7944 47.6786 5.67955 1.23973 57.0101 19.2148 0.659493 60.8758 23.7187 2.49269 64.9135 15.8904 1.42513 3.46317 6.17899 0.0567597 0.0050853 39.226 12.2465 3.7244 12.694 0 0.13202 9.19289 16.0553 6.6144 8.43537 10.3704 
28.4517 14.6503 6.00483 19.0071 22.3776 12.7029 70.9814 4.92724 61.3783 59.8721 0.552745 127.033 86.9138 7.613 14.8558 4.28463 5.99441 16.5821 4.12642 1.109 0.0677443 0.152819 0 3.8094 23.5992 2.54243 9.30939 10.0687 
54.0809 0.475586 14.1432 0.875207 44.6477 3.28006 10.9688 89.5206 68.8943 52.171 128.722 64.0521 22.9619 10.3659 22.384 29.2619 3.99944 8.79754 20.7725 0.842468 19.4867 10.8794 14.3205 0 30.9391 14.478 19.2372 13.9098 
42.0442 81.3891 6.49665 42.5275 55.0656 39.5298 68.986 193.394 62.8514 0.135947 137.049 669.257 31.0928 3.32483 30.7647 36.9215 54.5648 39.5059 15.4637 0.35095 37.2786 30.3147 14.2287 56.6039 0 47.0814 147.313 25.6116 
58.3618 69.2229 4.03382 15.6518 3.75463 23.4754 1.42263 25.7567 131.451 71.4316 2.59039 259.754 0.421785 11.6398 30.9383 25.0093 7.18144 33.2076 2.95771 1.51352 50.4184 1.94746 10.4004 16.2399 14.6523 0 24.0128 36.0552 
0.644469 30.4281 17.7554 26.7697 0.517035 19.663 44.8616 60.517 40.538 37.3688 73.6895 0.616775 6.37489 11.247 0.766175 0.59494 12.6293 4.35087 13.4361 10.7585 26.4 8.25549 8.3715 18.5285 44.1203 7.00021 0 88.0921 
1.00696 35.1387 21.6513 3.46641 0.0458704 0.837758 44.6722 0.620912 7.42151e-05 50.3389 110.258 113.846 0.285528 0.746098 17.316 18.8517 2.1534 43.6212 20.9146 10.7877 41.8069 0.712564 4.76951 13.1373 2.62346 59.5928 70.1118 0 
