0 62.5673 1.81076 6.58261 236.209 7.31226 233.636 11.0834 262.913 61.9978 28.1691 159.897 7.10848 0.98047 68.7835 78.9767 12.3414 44.7373 39.0852 119.11 193.627 37.9436 0.34411 0.0329166 57.1453 39.6563 43.5982 35.8632 
27.3553 0 228.072 2.24088 129.835 226.815 53.3172 90.9134 318.652 207.738 229.859 16.0163 148.144 11.0368 62.4102 25.2969 29.7454 179.376 99.4613 123.703 109.38 34.4413 18.7787 57.1829 9.98935 83.5466 22.1943 0.949424 
104.34 242.556 0 291.653 157.597 40.9717 245.12 64.7111 24.5266 114.28 59.0117 171.662 44.2836 16.7155 0.0252041 1.21257 7.50735 102.497 5.39686 14.0853 30.3649 3.89234 0.206422 0.223695 3.02042 6.58957 17.7539 21.5025 
25.435 159.495 255.843 0 142.503 3.60294 91.398 62.1947 122.732 53.0964 188.202 27.9234 1.01539 13.9034 0.468722 23.8873 40.6574 23.3893 2.65656 34.5562 768.746 10.3586 8.9691 0.351221 37.6516 10.6483 1.22396 32.1491 
63.8138 479.267 96.449 15.6157 0 310.583 371.171 88.0074 320.397 129.417 0.293281 21.4048 18.8075 9.39899 0.496581 10.6789 128.761 233.233 86.4078 91.6391 105.032 42.5034 2.37754 5.9862 46.1967 50.7772 10.9088 4.39435 
7.88347 20.5478 66.5632 17.2517 937.542 0 1431.78 111.469 62.5841 733.773 127.693 114.199 69.1068 1.07981 0.0170257 15.7323 11.7431 121.168 82.3715 21.3565 20.7435 14.8633 3.97612 1.7834 30.0029 26.3239 18.1941 11.6823 
267.553 41.6411 1.69199 38.0808 5.17085 243.654 0 89.1242 786.848 290.985 162.871 40.2628 219.267 0.0992171 140.937 20.7979 102.373 222.072 133.516 24.8847 103.041 0.234894 0.516557 71.8224 40.6663 31.3661 22.6614 25.842 
275.939 289.911 250.085 167.904 78.3915 57.8275 147.374 0 426.411 52.4907 59.6848 765.405 86.0198 11.5722 128.264 8.3868 92.7986 0.977776 78.1708 36.0915 105.311 48.4713 42.8705 128.16 35.9579 71.9407 98.6678 76.3171 
7.05039 3.74933 35.6839 183.283 11.2871 1.9911 51.0363 111.972 0 363.771 611.405 154.976 164.748 121.888 43.6647 141.576 103.045 0.0610408 150.337 50.5719 2.76616 22.188 83.928 100.065 87.4255 134.536 43.7446 0.299719 
142.645 225.361 109.93 30.574 282.166 4.33627 211.964 210.848 178.101 0 517.625 32.2932 232.586 71.1199 0.505331 48.0602 32.0477 2.26499 122.097 43.3305 94.2383 57.8593 48.8183 38.1093 0.437613 49.7485 3.00917 53.0876 
47.5271 57.3182 211.295 125.964 111.635 23.1099 66.8314 341.139 938.252 196.2 0 476.351 240.499 51.4589 405.474 10.9812 22.7975 5.15938 39.7936 7.36611 140.425 0.505631 106.389 34.2363 5.28645 0.275082 83.5409 54.2618 
227.744 28.8831 90.7457 17.8045 166.447 157.369 62.2029 1000.8 245.972 246.547 147.33 0 155.6 17.9232 66.1227 13.2187 87.8197 97.2892 68.8159 86.3537 159.588 1.86143 122.654 5.69356 337.562 62.4742 110.295 144.487 
106.394 122.539 2.71255 14.0851 0.206105 129.131 62.0262 57.0794 192.644 143.972 94.872 48.9888 0 29.1521 98.4265 78.8835 8.24477 50.7344 16.9716 20.1255 31.9809 49.0698 80.6278 39.4332 0.185742 35.6076 13.3934 44.8841 
4.95203 59.0324 8.12755 5.98875 69.7987 0.122253 95.6607 126.311 130.975 4.54838 11.2872 122.213 70.2296 0 58.8291 0.293136 21.28 19.3376 27.3556 1.82316 0.0773501 10.8565 8.74467 9.49658 4.82055 4.83262 9.20912 0.186538 
36.8382 34.7432 12.461 1.49215 74.8074 41.0282 128.959 8.47705 227.34 132.778 401.193 267.933 117.877 34.266 0 56.6543 28.1689 65.4582 23.6512 2.82936 56.4743 11.6346 25.1141 27.6151 29.5608 28.7226 5.23848 23.364 
23.7011 68.207 24.8467 42.5243 58.8163 24.3704 1.76295 255.589 18.9111 88.5899 9.81667 41.5002 77.474 14.932 85.8478 0 16.9898 56.0532 26.8471 3.40354 29.5951 1.03692 6.25352 1.22296 37.8405 21.6392 1.0467 15.0482 
64.2426 106.189 52.9218 7.63099 40.089 10.054 33.9477 96.9464 88.1218 30.0722 1.01515 1.87682 50.4377 0.931018 4.89394 25.9666 0 284.467 168.461 34.0275 0.754659 13.7199 16.2413 4.23498 2.59225 2.50958 13.4268 13.1978 
69.6772 398.086 108.969 141.097 146.898 20.2782 207.518 7.09186 41.0608 4.53066 100.212 90.2049 4.99384 52.1968 9.20552 44.8872 187.773 0 42.4799 16.0471 78.7033 42.1194 37.1051 33.8739 34.3544 35.1092 0.92878 40.481 
9.3756 168.442 21.1545 46.7048 81.6058 75.9422 157.442 115.408 106.52 75.9684 78.0886 86.575 85.1894 7.75011 1.86041 2.05632 241.545 22.3434 0 28.7479 37.9644 10.8335 23.1033 23.6328 6.66596 23.9697 24.051 14.9744 
202.154 55.7911 1.04528 34.2334 79.4083 15.2575 50.0192 57.5724 74.2817 4.53787 59.3175 94.7081 37.1999 0.26904 7.6123 6.02705 0.077232 10.2575 10.6497 0 328.128 4.39135 0.920618 1.48963 13.8157 12.0352 5.01393 11.1754 
0.257511 64.5454 42.1219 133.764 73.0123 55.2225 120.492 24.9063 3.11949 69.3114 2.16865 10.6396 15.8632 43.8645 45.0217 6.07018 15.3092 62.6904 0.333251 106.197 0 0.137052 0.504544 38.7671 59.3471 59.6195 0.123091 3.48232 
12.1229 47.9599 5.80323 1.32305 56.9995 19.3475 0.508916 60.4328 24.4755 2.13012 64.1338 15.1225 0.952878 3.26535 6.4485 0.0834795 0.00135144 39.4093 12.4748 3.77203 12.4627 0 0.0635386 8.91474 15.7985 6.72387 8.3216 10.3465 
28.9744 15.268 5.82501 19.0835 23.0506 12.9053 70.6463 4.17785 59.588 60.0899 1.02362 127.101 85.8529 8.08676 15.7536 3.92985 6.13473 17.0058 4.29599 1.14305 0.103453 0.0782372 0 2.70794 23.6263 2.3969 9.48067 10.0894 
53.6862 0.345998 14.2813 1.04485 44.1028 3.08441 10.2054 86.3751 70.462 52.8453 128.321 58.4694 21.7109 10.3135 23.1163 29.0572 3.86626 9.17795 20.9221 0.797169 18.9605 11.1201 15.6881 0 29.2018 14.2315 19.2598 13.9887 
16.8182 56.3234 6.91964 17.2245 55.7208 13.8284 67.6119 192.826 34.4876 0.0512824 135.395 940.578 31.8233 3.07929 30.5553 30.4521 28.5281 38.8752 15.162 0.301598 38.0107 47.0385 14.4783 53.7551 0 70.4662 88.6386 46.4388 
57.1438 68.1843 4.43006 14.6594 4.20349 23.1211 1.91646 31.5093 133.141 70.6897 1.60757 283.599 0.300165 11.4754 30.9346 25.9951 7.40705 33.9486 2.77108 1.61723 51.0978 2.03484 10.4023 16.1161 15.2327 0 24.948 33.0203 
0.767294 30.9677 17.6323 26.8815 0.430968 19.7291 44.2719 59.0115 39.5743 36.936 74.4739 0.972654 6.63786 11.2655 0.867873 0.500041 12.4768 4.5711 13.6162 10.7291 26.786 8.14072 8.19019 18.6497 42.9322 7.7729 0 90.1342 
1.21285 35.9209 21.745 3.79186 0.0869698 0.950352 45.6598 0.29543 0.0212374 50.8432 110.192 109.188 0.366762 0.666805 17.6573 19.1997 2.04651 43.9696 21.1049 10.7302 41.384 0.667875 4.89357 13.0119 2.59599 60.9536 65.5336 0 
