0 474.043 10.2797 357.129 250.912 335.426 215.344 24.4909 589.45 52.5731 36.8623 144.736 4.94292 0.498777 67.3447 79.9705 338.981 60.9003 45.1891 94.709 174.789 38.4339 0.671929 0.239125 377.35 43.7466 44.691 38.1234 
418.604 0 110.141 330.109 59.9038 559.93 11.9236 68.4482 679.146 191.068 243.245 24.3534 146.645 13.5072 67.4831 21.385 361.143 502.87 111.981 131.084 98.3807 35.9281 20.7835 55.8257 331.319 83.3561 23.8053 0.466409 
77.2972 360.918 0 218.916 170.764 47.7332 231.221 96.7208 88.9488 112.971 37.6066 161.262 40.5447 16.6957 0.064754 1.9923 9.61342 116.423 3.54684 16.0016 39.2153 3.55256 0.0917421 0.0863218 2.16256 5.23769 17.3725 21.1365 
392.255 531.712 219.377 0 150.808 325.578 70.8721 470.859 403.351 60.2369 177.453 48.1717 0.383218 12.7831 1.12126 20.5963 366.408 16.0266 4.08461 38.0511 796.31 9.89698 8.16701 0.730675 362.831 8.09312 1.67568 31.5631 
86.3612 412.113 116.053 8.56181 0 201.85 408.618 74.0137 295.361 170.455 0.481337 27.9067 26.7244 7.34111 1.52974 8.39652 135.89 235.458 53.4852 93.3987 109.752 44.1557 3.2727 7.26875 48.536 53.354 9.82999 3.46854 
327.648 363.064 65.1388 345.595 698.378 0 981.601 131.87 466.81 761.548 160.98 103.747 506.382 0.59569 0.377578 17.3069 337.31 123.1 86.0029 22.1222 23.9119 14.1022 3.36799 2.2689 353.544 26.9064 17.8031 12.5539 
267.173 6.61031 12.0614 55.7018 27.1218 71.783 0 52.1907 306.578 381.905 101.467 25.2184 218.161 0.0896409 137.556 15.7984 104.8 212.768 140.721 20.2498 96.3813 0.035123 1.24384 71.6069 45.3733 26.1287 20.7375 28.7814 
255.882 293.833 225.837 139.463 64.8087 40.5669 102.183 0 529.633 67.0668 89.1186 962.318 93.0871 7.23901 112.733 24.1952 94.5812 0.0749152 73.3327 29.9535 92.0174 50.4298 37.5466 122.387 23.5016 48.9532 97.2276 84.7078 
337.972 326.304 1.66915 551.904 27.767 343.489 43.5838 40.0706 0 381.349 236.674 114.537 153.152 129.796 104.506 134.899 429.192 1.43366 152.96 44.974 5.96331 24.4396 79.5562 99.3958 417.717 129.429 46.6092 1.01803 
147.729 212.539 112.795 24.3294 249.245 75.7331 121.831 217.568 227.067 0 583.033 20.0535 272.984 66.5088 3.3809 41.4243 35.628 0.713553 123.25 41.1732 95.8424 59.0136 46.2409 35.1913 0.0552971 53.8176 3.81354 54.2382 
37.8768 75.3981 226.644 142.796 92.1737 44.8858 26.8136 317.161 857.734 94.9374 0 506.58 248.455 72.9125 377.788 24.7018 25.7705 8.48845 45.6472 5.43062 136.909 0.136924 113.505 41.9683 2.22469 0.256405 82.2433 59.9177 
224.611 39.37 107.075 6.09177 161.052 154.367 82.8327 1019.4 286.587 243.587 214.752 0 152.601 27.8093 98.6986 3.39162 87.6812 103.677 72.2656 89.0492 163.063 1.08142 119.043 1.19437 376.658 18.1048 113.739 154.837 
107.725 128.528 1.46721 16.8078 1.80403 103.504 46.5483 50.1388 185.121 98.1694 115.749 41.4617 0 14.9194 89.9177 81.2982 9.73577 46.5351 14.064 21.5828 29.613 42.8276 75.6749 35.4141 0.526072 37.7517 14.4083 44.9804 
3.80744 56.4616 9.05667 7.00587 69.1185 0.00600063 96.6657 125.395 136.353 7.62823 3.11257 108.92 90.873 0 61.9485 1.24995 21.4918 17.5803 27.1934 1.68025 0.245812 10.9081 9.51895 9.99775 3.99678 5.59477 9.4995 0.332089 
40.1139 29.6557 14.8231 2.52768 70.3791 39.9374 121.337 16.5632 229.376 133.687 406.666 273.79 114.68 49.113 0 77.5692 28.5923 64.1466 22.1903 3.19013 57.1263 10.8262 24.3771 26.6019 28.4692 27.3293 4.57587 23.2259 
27.8136 71.5364 24.8375 41.5803 61.5453 23.2964 0.470308 259.943 27.168 90.5642 22.9931 1.07975 74.1143 16.8888 89.2846 0 16.2624 54.6373 27.502 3.03737 26.9104 0.759683 5.1267 3.65511 38.3025 24.858 0.692533 16.3483 
382.341 420.061 54.052 329.44 49.3984 335.47 29.2214 98.062 407.214 33.6133 1.83407 2.79812 52.185 1.18556 4.2427 25.8191 0 272.93 298.123 33.9008 0.36669 13.2598 16.559 4.65321 325.688 2.96864 13.8764 12.6268 
52.6743 339.895 94.6094 136.485 128.974 14.5853 194.972 11.2952 30.6615 2.1683 91.7097 96.7721 6.92809 51.5469 11.1521 46.9181 220.088 0 51.5393 19.7996 83.7488 41.9385 38.0827 32.5116 32.376 37.3071 0.640592 41.6624 
6.21716 163.649 24.6158 43.8549 49.4551 70.2854 157.46 116.225 98.016 83.474 84.1042 83.8659 84.4792 8.59418 2.54947 2.60532 251.879 29.7287 0 29.9118 40.425 11.5135 23.0483 23.7725 7.42507 24.7477 24.1641 14.2856 
219.062 44.1292 1.90101 37.7585 83.2598 16.4447 55.4293 64.3963 79.3322 3.27755 62.6978 93.1597 36.1579 0.341359 7.21251 5.64663 0.244691 13.4357 12.0007 0 295.708 4.25564 1.01783 1.6647 13.8293 11.9653 5.29549 11.2831 
3.64268 54.0612 51.707 142.028 78.9995 58.3044 114.914 16.9289 6.47256 72.8647 0.835187 6.79477 17.857 44.2807 46.7845 4.57241 13.5271 67.9954 0.0831138 179.401 0 0.244412 0.797668 37.4657 59.9062 58.3609 0.0300539 2.70837 
13.1237 48.7472 6.17528 1.5877 56.8801 19.7051 0.173577 59.0274 26.777 1.20884 61.6991 12.9071 0.102835 2.69328 7.27022 0.194109 0.00447544 39.9279 13.1598 3.91407 11.7741 0 0.00682793 8.06331 14.9825 7.04861 7.97659 10.2658 
30.5245 17.1678 5.28843 19.2696 25.0861 13.4871 69.4413 2.28954 54.1618 60.531 3.28602 126.561 82.035 9.17603 18.3298 2.9212 6.5607 18.2887 4.8202 1.24706 0.255585 0.00301762 0 0.464167 23.5099 1.97914 9.98153 10.1334 
52.3953 0.0803513 14.6596 1.63911 42.4166 2.52688 8.0565 76.7417 75.0167 54.7185 126.387 42.6627 18.0833 10.0186 25.0633 27.536 3.47737 10.3554 21.3522 0.667824 17.3979 11.7995 19.0191 0 23.7615 13.4302 19.2609 14.1902 
342.973 382.755 8.24007 343.081 57.6017 338.445 63.3442 189.079 351.414 0.0402046 129.689 1018.99 33.9968 2.3881 29.7564 29.0847 352.104 36.957 14.2583 0.175629 40.1759 80.0068 15.2506 46.1897 0 123.492 80.4351 144.596 
53.3727 64.9058 5.70535 11.7921 5.6906 21.994 3.82521 51.517 137.422 68.1878 0.0570319 345.47 0.0588405 10.9361 30.676 28.6362 8.09665 36.1593 2.24447 1.94535 53.0472 2.30564 10.3743 15.6619 17.0782 0 27.6498 23.9623 
1.19872 32.5771 17.2392 27.1695 0.219466 19.9026 42.4628 54.4523 36.6865 35.6009 76.6963 2.51729 7.45178 11.3038 1.20884 0.263857 12.0182 5.26034 14.1544 10.6321 27.9347 7.79299 7.64022 18.9501 38.9475 10.2603 0 92.9738 
1.94214 38.253 21.9751 4.84273 0.288253 1.32847 48.579 0.0363886 0.370048 52.2565 109.608 94.8926 0.670686 0.454393 18.639 20.1626 1.74084 44.9735 21.6622 10.5457 40.0735 0.541955 5.26611 12.6061 2.79681 63.398 50.6319 0 
