0 542.952 12.1395 416.345 252.797 389.433 212.31 26.9434 642.792 51.1767 38.2588 142.379 4.64738 0.439714 67.1032 80.0798 392.677 63.4959 46.1295 88.3533 171.77 38.5036 0.730933 0.286819 430.024 44.3637 44.8503 38.4623 
485.161 0 94.5707 385.315 51.3037 613.934 8.16896 65.2319 737.239 188.327 245.046 25.7507 146.34 13.8984 68.2324 20.8108 415.589 673.536 113.835 132.052 96.6981 36.1502 21.0912 55.6068 384.198 83.2927 24.0506 0.407945 
73.321 376.617 0 202.925 172.478 48.7071 228.366 101.861 101.521 112.646 34.6981 159.501 39.9737 16.6837 0.100506 2.12582 9.95066 118.444 3.29818 16.2892 40.614 3.50189 0.0783379 0.0710754 2.04397 5.04309 17.3116 21.0747 
453.54 591.959 187.242 0 151.905 378.615 67.8549 207.394 450.566 61.3113 175.615 51.6176 0.313627 12.6122 1.24388 20.0977 419.926 15.0165 4.32582 38.5485 350.812 9.82658 8.04632 0.799818 416.251 7.72932 1.74991 31.4625 
89.9457 400.167 118.96 7.66588 0 182.712 412.999 71.9434 291.095 176.712 0.77581 28.9535 28.0245 7.04881 1.73497 8.07144 136.882 235.55 49.0191 93.6127 110.436 44.3999 3.42009 7.47233 48.8833 53.7342 9.67017 3.33716 
380.401 419.616 64.7924 399.552 348.051 0 305.721 134.902 534.117 970.175 165.947 102.116 129.875 0.534441 0.472759 17.5417 390.824 123.3 86.4652 22.2293 24.4031 13.9846 3.27907 2.34684 406.726 26.9826 17.7412 12.6855 
266.711 3.89388 14.4184 58.5622 31.8615 72.9796 0 47.316 244.843 394.385 93.0533 23.213 217.738 0.154028 136.885 15.0895 105.129 211.156 141.715 19.5774 95.3496 0.0202582 1.38101 71.549 46.088 25.3613 20.4495 29.2322 
252.505 294.05 221.623 140.88 62.8142 38.1506 95.7921 0 543.452 69.3688 93.9426 981.842 94.1438 6.66515 110.312 27.238 94.8299 0.0273019 72.5889 29.0558 90.0148 50.7204 36.7518 121.417 21.8106 45.7439 96.9748 85.9592 
392.564 380.363 0.326717 611.586 30.8505 402.966 74.823 32.1002 0 382.977 1066.44 108.71 151.31 130.924 101.175 133.765 482.749 1.79825 153.271 44.1323 6.55023 24.7854 78.8644 99.2495 471.899 128.558 47.0404 1.16364 
148.407 210.324 113.105 23.4261 243.758 95.6029 109.538 218.391 234.374 0 589.297 18.4284 278.408 65.7645 4.03333 40.4236 36.1754 0.554138 123.338 40.8371 96.0604 59.1671 45.8349 34.7442 0.0290565 54.4178 3.94301 54.3978 
36.4857 78.2734 228.527 145.25 89.293 48.6978 22.2162 313.06 829.948 82.0809 0 509.589 249.37 76.3352 371.18 27.2061 26.2312 9.06111 46.5508 5.16132 136.329 0.101314 114.507 43.1772 1.87272 0.438833 82.0255 60.7717 
223.943 41.0716 109.527 4.83835 160.164 153.779 86.1171 1009.05 292.449 242.861 225.388 0 152.076 29.4604 103.916 7.12985 87.6438 104.626 72.7779 89.4256 163.517 0.98129 118.409 0.802462 371.493 13.5791 114.205 156.255 
107.891 129.379 1.31098 17.2353 2.18278 97.6783 44.3411 49.1055 183.847 91.6281 118.954 40.3561 0 13.1272 88.5412 81.6046 9.97061 45.9018 13.6424 21.8038 29.2573 41.8829 74.8581 34.8034 0.592619 38.0709 14.5634 44.9869 
3.64607 56.0562 9.19698 7.16404 68.991 0.00130853 96.7527 125.161 137.045 8.15741 2.31078 106.829 93.959 0 61.7034 1.44932 21.5213 17.3176 27.1635 1.65883 0.279558 10.9093 9.58059 10.057 3.87647 5.71167 9.54198 0.357675 
40.6078 28.9035 15.186 2.70667 69.6829 39.7342 120.059 18.0006 229.252 133.6 404.824 273.874 114.045 51.0315 0 80.0141 28.6522 63.9313 21.9672 3.24602 57.2116 10.7019 24.2157 26.4042 28.2839 27.0924 4.47817 23.1947 
28.4511 72.0146 24.8181 41.3956 61.9417 23.1217 0.345999 259.846 28.5225 90.7824 25.422 0.0427572 73.5545 17.1436 88.6277 0 16.1512 54.4107 27.5964 2.98284 26.5061 0.721179 4.95824 4.12253 38.327 25.315 0.644983 16.5393 
434.703 471.755 54.1983 382.388 50.856 388.963 28.5246 98.2078 459.715 34.1562 1.97875 2.95324 52.4424 1.22666 4.1474 25.793 0 270.466 383.498 33.8735 0.319912 13.1896 16.6058 4.71782 378.815 3.04115 13.9442 12.5401 
50.2422 335.7 92.3844 135.662 126.224 13.793 192.903 12.0118 29.1958 1.88425 90.4135 97.754 7.24686 51.4381 11.4602 47.2181 224.621 0 52.9511 20.3929 84.5 41.9064 38.2263 32.3024 32.075 37.6374 0.601512 41.8369 
5.79162 162.769 25.1489 43.4111 45.1312 69.3694 157.335 116.311 96.7008 84.5839 85.0013 83.4385 84.3432 8.72421 2.66267 2.69365 251.953 30.9181 0 30.0818 40.7965 11.6169 23.0367 23.7905 7.54258 24.8624 24.1791 14.1811 
220.838 42.4235 2.0513 38.2612 83.8032 16.621 56.2415 65.4259 80.0736 3.1033 63.1982 92.8888 35.9941 0.353009 7.1513 5.58849 0.278218 13.9481 12.2092 0 288.323 4.23487 1.03285 1.69177 13.8284 11.9517 5.33823 11.2977 
4.49343 52.5172 53.1903 139.781 79.8984 58.7578 114.03 15.8414 7.08241 73.3909 0.687269 6.28379 18.1663 44.3358 47.0434 4.36246 13.2643 68.7959 0.0597728 190.632 0 0.263353 0.847798 37.2632 59.9766 58.1543 0.021449 2.59908 
13.2771 48.859 6.23173 1.62968 56.8506 19.7539 0.138092 58.8048 27.1293 1.09138 61.3183 12.5834 0.048912 2.60978 7.3961 0.214814 0.00682241 40.0024 13.2636 3.93548 11.6704 0 0.017783 7.93264 14.8531 7.09728 7.92383 10.2524 
30.7567 17.4613 5.20769 19.292 25.3962 13.5718 69.2329 2.05144 53.3354 60.5698 3.73816 126.382 81.3773 9.2908 18.6993 2.77711 6.62584 18.4845 4.90159 1.26305 0.284498 0.0111646 0 0.282158 23.4665 1.91848 10.0556 10.1377 
52.1861 0.0562738 14.7121 1.74001 42.1548 2.44645 7.75015 75.2647 75.6852 54.9819 126 40.4153 17.5522 9.95632 25.3223 27.1929 3.41988 10.5383 21.4149 0.649106 17.1636 11.8964 19.3949 0 22.922 13.3013 19.2523 14.216 
396.576 436.373 8.44625 396.629 57.8751 391.801 62.6803 188.249 403.648 0.0703298 128.731 648.117 34.3232 2.28969 29.6136 31.256 405.298 36.6633 14.1216 0.159457 40.4993 79.7158 15.3704 45.3505 0 122.449 110.719 140.444 
52.7878 64.389 5.90912 11.3745 5.93384 21.8155 4.16921 54.865 137.964 67.7739 0.00681903 353.181 0.0385219 10.8487 30.6047 28.9896 8.2027 36.4922 2.16913 1.99722 53.3304 2.34773 10.3657 15.5825 17.3696 0 28.0429 22.6282 
1.27225 32.8195 17.1767 27.2069 0.193557 19.9256 42.1838 53.7574 36.2499 35.394 77.0152 2.81296 7.57823 11.3074 1.26511 0.234504 11.9486 5.36845 14.2356 10.6163 28.1074 7.7399 7.55628 18.9872 38.2934 10.6568 0 92.9593 
2.06711 38.604 22.0032 5.01129 0.328921 1.39094 49.0148 0.09124 0.460092 52.4572 109.47 92.7012 0.724561 0.425611 18.7819 20.2972 1.69651 45.1201 21.7448 10.5161 39.8697 0.52396 5.32251 12.5409 2.86276 63.5449 48.2931 0 
