0 666.826 19.0449 509.309 258.183 462.97 202.195 35.4885 713.458 46.7756 42.8552 134.755 3.76042 0.275586 66.2906 80.3558 465.073 72.0224 49.1593 64.8433 161.872 38.7188 0.93616 0.468342 499.078 46.3303 45.3488 39.5398 
602.999 0 51.3011 464.794 27.9233 686.097 0.889141 55.3249 822.257 179.23 250.385 30.4461 145.226 15.178 70.5913 19.0096 490.427 554.721 119.667 134.868 91.2994 36.8548 22.0819 54.8837 453.963 83.0287 24.8373 0.246999 
60.9633 420.391 0 148.304 177.422 51.7088 218.02 118.639 145.446 111.385 26.0664 153.567 38.1417 16.6294 0.267207 2.57919 11.0598 124.714 2.56016 17.2015 45.1716 3.34128 0.0425241 0.0322044 1.68543 4.43985 17.1116 20.866 
552.249 684.291 70.5636 0 155.115 448.996 58.4387 892.314 503.371 64.726 169.396 63.2224 0.137655 12.0637 1.67738 18.5084 491.678 11.9823 5.14061 40.0752 462.831 9.60075 7.66186 1.04138 487.67 6.61089 1.99748 31.1201 
101.641 359.583 128.082 5.11846 0 125.026 424.522 65.427 276.708 196.597 2.18523 32.4067 32.3508 6.1492 2.47639 7.06968 139.891 235.413 35.824 94.2026 112.566 45.1701 3.91184 8.13978 49.9816 54.931 9.1655 2.93282 
449.964 501.835 63.4611 472.778 446.639 0 114.973 144.434 651.99 885.036 181.539 96.8284 439.391 0.360336 0.847957 18.2839 462.606 123.773 87.7824 22.5555 25.9925 13.6044 3.00065 2.60368 477.4 27.2049 17.5387 13.1056 
264.528 0.00285585 23.26 67.9836 49.3263 128.054 0 33.1511 87.7735 431.007 68.0917 17.3124 215.938 0.476017 134.465 12.9136 106.111 205.656 144.715 17.4833 92.0127 3.75326e-06 1.86706 71.3192 48.3749 22.9576 19.5345 30.6818 
241.165 294.071 207.329 139.544 56.565 30.8236 76.3552 0 583.479 76.8709 109.921 1022.5 97.4952 4.9806 102.493 38.0117 95.5872 0.0330804 70.1926 26.2452 83.6459 51.6389 34.2351 118.156 16.7766 36.0506 96.1056 89.9156 
468.25 455.641 3.00593 702.186 41.6849 499.562 224.249 12.3565 0 386.291 921.344 90.7459 145.282 134.393 70.4656 129.935 554.593 3.23902 154.107 41.456 8.60563 25.8988 76.6022 98.7027 545.728 125.606 48.4146 1.69413 
150.405 202.792 113.875 20.6204 225.498 170.305 73.6298 220.664 257.297 0 602.273 13.6583 294.281 63.3104 6.49175 37.2412 37.9334 0.179008 123.467 39.7466 96.7129 59.6195 44.5106 33.3073 0.00133752 56.3049 4.37047 54.8823 
32.1722 87.6785 233.716 152.893 80.2287 61.6804 10.3194 299.195 729.124 46.5077 0 516.302 251.77 87.4977 346.277 35.9026 27.7223 11.0117 49.4671 4.34285 134.396 0.0233137 117.568 47.1005 0.948233 1.3481 81.2916 63.4945 
221.475 46.6995 117.293 1.78608 157.204 151.668 96.8583 953.882 310.541 240.054 259.717 0 150.274 34.9875 120.918 27.9856 87.4952 107.63 74.3977 90.5715 164.837 0.693321 116.232 0.0697072 339.118 3.39507 115.597 160.505 
108.362 131.996 0.869144 18.6275 3.63322 77.5528 37.5551 45.8365 179.544 71.7056 129.235 36.8856 0 8.10956 84.003 82.477 10.7374 43.8828 12.3288 22.5106 28.1246 38.8714 72.1378 32.8512 0.831843 39.0812 15.0622 44.9938 
3.15169 54.733 9.64416 7.67656 68.5403 0.00920354 96.9151 124.25 139.036 9.9557 0.542414 100.035 103.639 0 59.6619 2.1762 21.6108 16.4843 27.0586 1.59071 0.402027 10.9016 9.67363 10.2158 3.50024 6.08733 9.67516 0.445721 
42.1817 26.5353 16.3523 3.31725 67.4147 39.0191 115.768 22.9529 228.086 132.926 394.31 272.709 111.759 56.288 0 86.1157 28.8362 63.2136 21.251 3.42678 57.4607 10.3015 23.6154 25.6973 27.6575 26.2918 4.17067 23.0769 
30.5119 73.4951 24.7247 40.7328 63.1784 22.5424 0.0760012 258.198 33.0228 91.3354 33.892 6.01642 71.6782 17.8748 84.5088 0 15.7938 53.6655 27.8899 2.81026 25.2184 0.604274 4.42631 5.76948 38.3242 26.7111 0.503824 17.1379 
502.771 537.645 54.6215 452.365 55.5888 460.679 26.3321 98.6333 528.205 35.9018 2.47777 3.47645 53.2516 1.36258 3.8486 25.703 0 261.387 16.1472 33.7715 0.191618 12.9642 16.7531 4.92668 449.342 3.2783 14.1603 12.2628 
42.7497 328.985 85.2182 132.817 117.401 11.3895 186.01 14.4403 24.7127 1.10799 86.2614 100.869 8.31124 51.0718 12.4687 48.1637 238.323 0 57.5228 22.3314 86.8777 41.7958 38.6775 31.6285 31.1106 38.689 0.484632 42.3867 
4.52679 159.695 26.8653 41.9723 32.4307 66.3466 156.71 116.518 92.4548 88.0752 87.8415 82.0426 83.8581 9.1437 3.04014 2.98517 249.579 34.8371 0 30.6142 41.9817 11.9482 22.9938 23.8424 7.92262 25.2237 24.2236 13.8461 
225.034 37.1017 2.56701 39.806 85.4669 17.1776 58.8213 68.7052 82.399 2.57602 64.7762 91.9591 35.4599 0.391499 6.95457 5.40173 0.399764 15.6391 12.8819 0 261.087 4.16811 1.08139 1.77936 13.8201 11.9026 5.47504 11.3411 
7.79979 47.6658 57.9727 125.501 82.756 60.183 111.138 12.5876 9.21066 75.0516 0.310513 4.77853 19.1686 44.4978 47.8561 3.72152 12.4366 71.3499 0.0108595 225.555 0 0.32865 1.01824 36.6056 60.1761 57.4663 0.0036437 2.26376 
13.7712 49.2033 6.41236 1.76731 56.736 19.9003 0.0517293 58.0756 28.2621 0.755282 60.08 11.5705 0.00948874 2.34872 7.80082 0.287993 0.0176491 40.2333 13.5953 4.00372 11.3403 0 0.0873 7.51277 14.4299 7.25196 7.75442 10.2076 
31.4944 18.4097 4.95059 19.3537 26.3907 13.8361 68.5217 1.37583 50.6871 60.6441 5.37362 125.638 79.1415 9.5593 19.836 2.33418 6.83535 19.1129 5.16531 1.31458 0.387337 0.0717347 0 0.00228302 23.2826 1.72936 10.2889 10.1473 
51.4932 0.00796922 14.8712 2.08166 41.3062 2.19649 6.8053 70.523 77.7835 55.7875 124.599 33.5317 15.8887 9.72743 26.0814 25.9127 3.23853 11.1314 21.6109 0.590797 16.4186 12.195 20.3258 0 20.2382 12.8766 19.2093 14.2902 
468.643 508.441 9.11553 468.504 58.7285 463.053 60.5299 185.141 471.394 0.222816 125.51 348.144 35.3613 1.98663 29.1197 41.2234 476.025 35.7193 13.6851 0.112902 41.5258 68.2229 15.7582 43.4754 0 101.336 175.57 89.1714 
50.8953 62.7028 6.57825 10.0727 6.74315 21.231 5.36449 66.0459 139.505 66.3908 0.174106 374.251 0.0023077 10.5597 30.3204 30.0283 8.54465 37.5526 1.93606 2.16682 54.2139 2.48432 10.3303 15.3106 18.319 0 29.2664 18.4881 
1.52185 33.5919 16.9711 27.3152 0.12155 19.9934 41.2832 51.5301 34.8564 34.7246 78.0037 3.86615 7.98843 11.3147 1.45313 0.152093 11.7256 5.72074 14.4948 10.5634 28.6574 7.56941 7.28685 19.0909 36.1218 11.9552 0 92.121 
2.49203 39.7216 22.0813 5.56639 0.476935 1.59984 50.396 0.432791 0.813724 53.0748 108.938 85.677 0.910686 0.339617 19.2276 20.7069 1.55824 45.5791 22.0056 10.419 39.2087 0.468322 5.50277 12.3259 3.13282 63.6111 40.8053 0 
