0 583.294 29.5856 388.869 263.483 313.295 188.782 47.5741 558.618 41.4395 48.8585 125.096 2.77963 0.123919 65.1906 80.5418 313.675 83.0881 52.9821 33.8566 149.082 38.9703 1.22753 0.756877 343.346 48.7648 45.9471 40.8692 
515.361 0 14.4402 326.794 8.32115 531.773 2.12792 43.8479 683.306 167.238 256.109 36.7731 143.544 16.8344 73.4477 16.8413 342.155 14.5435 126.708 137.759 84.5448 37.7217 23.3317 53.9323 299.243 82.569 25.8235 0.102166 
46.5285 458.04 0 82.5231 182.385 55.1763 202.732 140.005 205.857 109.348 16.839 145.56 35.8472 16.5278 0.586568 3.1996 12.5071 132.077 1.76415 18.3197 51.0143 3.14392 0.0129957 0.00495837 1.28316 3.73023 16.8504 20.5823 
436.886 555.012 11.2165 0 158.454 295.28 47.2883 106.492 330.331 68.9257 160.951 78.8003 0.0180879 11.3769 2.30548 16.5461 339.314 8.63427 6.24814 41.8323 170.617 9.31721 7.1861 1.38597 334.848 5.31632 2.32802 30.6491 
116.632 305.238 138.981 2.63876 0 72.539 433.326 57.5437 257.326 220.799 4.93802 36.9335 38.0911 5.1034 3.58215 5.90193 143.281 234.312 21.9218 94.7347 115.099 46.1073 4.5692 9.00708 51.3237 56.3828 8.54941 2.46228 
295.427 363.971 61.338 322.39 1069.47 0 521.794 155.89 559.124 894.215 200.125 90.107 449.943 0.190222 1.4658 19.1904 310.37 124.006 89.0723 22.927 28.0129 13.1218 2.66632 2.94016 323.689 27.4355 17.2763 13.6275 
260.307 5.50082 36.8871 80.223 75.661 293.248 0 18.7452 1.19845 468.235 41.6518 11.0881 212.746 1.12542 130.878 10.401 107.186 198.093 148.058 14.9969 87.7762 0.0331995 2.57422 70.9374 51.2241 20.0733 18.4065 32.5075 
225.966 292.657 188 108.602 49.0658 22.6029 54.5455 0 623.205 86.4969 130.878 1023.83 101.61 3.20792 92.6245 53.4913 96.4502 0.378969 67.168 22.8786 75.7981 52.7612 31.1533 113.76 11.3397 25.3041 94.8925 94.7423 
321.831 311.446 21.0211 571.064 57.1627 389.207 489.978 0.628985 0 386.321 1180.88 69.9767 137.494 138.397 27.1563 124.742 402.269 5.61995 154.813 38.1553 11.5466 27.3044 73.6795 97.8526 395.848 121.58 50.1171 2.49387 
152.53 192.501 114.353 17.3092 201.498 276.352 37.4988 222.727 284.55 0 602.883 8.65194 310.575 60.1019 10.3306 33.3251 40.1411 0.000445695 123.298 38.3541 97.4309 60.101 42.8056 31.502 0.0872078 58.5855 4.93238 55.4301 
27.0921 99.8021 238.341 161.928 69.2946 79.367 1.73025 280.435 608.279 15.4695 0 518.32 253.621 101.749 308.201 48.1056 29.6197 13.6964 53.1581 3.41439 131.812 0.00295827 121.067 52.1026 0.229427 3.17504 80.2968 66.8679 
217.689 54.0999 126.762 0.0636521 153.258 148.552 110.694 842.862 331.504 235.536 302.548 0 147.766 42.3719 142.499 71.4806 87.2478 111.302 76.3772 91.8755 166.199 0.403026 113.205 0.277042 290.831 0.231178 117.115 165.17 
108.816 135.031 0.443065 20.417 5.94906 53.3261 29.7172 41.8403 173.705 49.4228 142.06 32.7041 0 3.46814 78.0878 83.3314 11.7275 41.3785 10.7655 23.3927 26.7227 35.1485 68.5275 30.4216 1.18672 40.3181 15.6901 44.9719 
2.58151 53.0259 10.1978 8.32948 67.8867 0.0681022 96.8686 122.763 141.031 12.4178 0.0604498 91.3828 115.134 0 54.6037 3.2598 21.7125 15.4589 26.9075 1.5066 0.585959 10.867 9.56429 10.3463 3.05018 6.55874 9.83551 0.568787 
44.1312 23.666 17.814 4.15877 64.5011 37.9914 110.011 29.8529 225.008 131.243 371.783 268.218 108.376 60.595 0 89.5867 29.0496 62.2565 20.3519 3.65675 57.7203 9.79641 22.6936 24.6629 26.8061 25.2054 3.79769 22.8916 
33.1258 75.2354 24.5409 39.7557 64.6529 21.7778 0.0133021 253.308 38.9738 91.7115 45.8466 32.7642 69.161 18.5942 75.451 0 15.344 52.6912 28.2377 2.59888 23.6243 0.471993 3.78169 8.10595 38.1478 28.2962 0.351306 17.857 
345.842 377.924 55.0526 297.897 61.6279 308.368 23.6778 99.0758 371.751 38.099 3.17785 4.18781 54.2325 1.54182 3.48863 25.5765 0 247.657 197.944 33.6134 0.0771554 12.6808 16.9319 5.19212 295.499 3.58549 14.4288 11.9162 
34.0651 325.208 76.2272 128.829 106.381 8.67994 176.861 17.7607 19.5744 0.424472 81.0696 104.696 9.73479 50.5758 13.7753 49.3131 253.499 0 63.3345 24.8343 89.7883 41.6402 39.2233 30.7771 29.9034 39.99 0.356095 43.0556 
3.15745 155.314 29.028 40.1381 19.2218 62.3937 155.451 116.63 87.0831 92.2971 91.3197 80.2389 83.1462 9.67484 3.54386 3.36823 241.447 39.9596 0 31.2536 43.4547 12.363 22.928 23.8952 8.40622 25.6623 24.2714 13.4269 
227.005 30.7858 3.28347 41.5886 87.3792 17.8557 61.9953 72.7577 85.1973 1.98301 66.6962 90.6651 34.7712 0.442144 6.70694 5.16709 0.58215 17.8576 13.7341 0 220.921 4.084 1.14306 1.8907 13.7983 11.83 5.64603 11.3887 
13.1516 41.819 63.9927 96.0584 86.2809 61.9054 107.394 9.0168 12.2396 77.0745 0.0471435 3.17951 20.4466 44.6695 48.8376 2.98788 11.4314 74.5187 0.00506546 265.096 0 0.420332 1.25261 35.7651 60.3704 56.5491 0.00223507 1.87582 
14.3948 49.6043 6.63802 1.94623 56.5498 20.0621 0.00222381 57.1294 29.6884 0.421119 58.4919 10.354 0.245487 2.03673 8.30958 0.394081 0.0382753 40.5058 14.009 4.08845 10.9307 0 0.247351 6.98579 13.8817 7.44293 7.54127 10.1472 
32.4042 19.6132 4.63255 19.4088 27.637 14.1518 67.5391 0.718655 47.3796 60.6301 7.81312 124.348 76.0812 9.67392 21.1425 1.82341 7.09924 19.9023 5.50181 1.37975 0.537904 0.220776 0 0.309842 22.9575 1.50417 10.5726 10.1502 
50.5784 0.00916359 15.0508 2.54771 40.2239 1.9005 5.70231 64.5911 80.3102 56.712 122.506 25.6552 13.8937 9.38046 26.8731 23.9586 3.01756 11.8885 21.8461 0.521399 15.4988 12.5425 20.8638 0 16.9363 12.3217 19.1227 14.3649 
316.764 356.461 9.97041 316.343 59.7482 310.105 57.7915 180.321 314.258 0.533153 121.169 792.695 36.6436 1.63431 28.4253 56.5601 322.41 34.5308 13.1415 0.0659096 42.7878 39.0279 16.2513 43.0959 0 57.7299 108.61 24.2793 
48.4914 60.5296 7.44846 8.52639 7.81927 20.4746 7.05639 80.8616 141.008 64.5414 1.08389 392.049 0.0188366 10.1794 29.8471 31.116 8.97749 38.8666 1.66219 2.38632 55.2681 2.65882 10.2696 14.9335 19.5362 0 30.7143 13.6853 
1.8642 34.5498 16.7034 27.4265 0.0549523 20.0657 40.1416 48.7431 33.1233 33.8725 79.1679 5.40847 8.51229 11.3152 1.70495 0.0739331 11.4465 6.17444 14.8174 10.4929 29.3387 7.35514 6.94888 19.188 33.2602 13.6326 0 89.4115 
3.07639 41.1056 22.1529 6.29251 0.700135 1.87981 52.0913 1.21371 1.395 53.793 108.085 76.9246 1.17251 0.245425 19.7596 21.1722 1.39311 46.1309 22.3241 10.292 38.3644 0.402972 5.72733 12.0442 3.59005 62.8297 31.6764 0 
