0 458.908 48.12 343.314 73.2808 4.09619 26.6573 263.126 0.408903 6.67686 160.259 111.094 5.06359 48.283 60.9847 78.1476 100.503 203.953 45.5647 61.8785 227.654 0.238793 4.31782 38.548 73.0862 78.4405 50.0392 19.2803 
509.6 0 408.324 302.846 86.9689 60.5594 39.7346 12.2949 371.634 185.651 98.9118 22.189 142.509 3.76624 30.3188 5.94786 28.1117 489.017 168.393 141.998 0.798689 51.6269 16.9345 1.01963 11.2019 1.07283 54.5151 54.5672 
28.2733 63.2022 0 20.5895 89.9257 64.1467 77.4485 273.372 18.0443 25.7249 199.602 154.713 0.00286406 15.3045 34.0169 7.63081 38.8549 1.35015 57.3889 3.57466 0.110767 1.45373 0.123628 5.33121 1.4255 22.614 19.3673 15.0646 
344.661 201.723 97.0955 0 71.6529 20.7609 144.36 563.735 65.3346 15.7958 179.588 9.07411 29.1909 11.6464 39.115 25.2709 2.0122 11.1301 58.9227 42.6671 384.563 3.57145 0.294165 20.6997 13.6266 40.283 17.9272 14.7265 
243.019 443.287 152.617 101.191 0 11.1807 273.99 69.8886 21.3664 75.8771 0.078143 115.005 0.00463899 37.5959 0.0190402 51.0685 87.3562 210.907 26.4399 22.9634 28.4464 24.2114 32.2261 8.54049 13.409 69.5772 42.8012 0.355145 
41.56 237.22 50.2804 60.5443 562.506 0 152.351 214.238 282.715 283.945 12.0815 50.3645 466.733 19.4816 8.42803 3.59535 56.3476 110.012 13.004 16.2321 0.672291 0.463273 7.06348 5.8913 11.949 19.2164 8.9326 9.9685 
1.88716 51.1818 159.488 135.992 9.83933 727.913 0 79.4703 786.852 81.1837 232.902 144.768 0.00341798 57.3667 0.194238 3.42422 4.74603 232.1 27.0851 90.1547 13.6003 61.4181 38.7363 63.3726 90.8611 99.4753 28.5387 68.6721 
19.3985 274.35 23.9872 414.365 60.8391 5.7165 136.01 0 381.824 211.756 23.2429 988.774 43.3185 15.1241 156.648 102.448 0.0745025 22.6873 70.6437 117.344 24.0952 46.6972 10.9009 22.6661 152.146 233.857 81.7248 135.49 
242.325 5.96818 44.4009 240.922 351.603 431.01 51.0377 148.224 0 136.403 587.885 6.02546 203.924 140.165 213.971 123.927 113.241 33.9161 32.2137 5.6156 82.2059 2.98599 50.311 20.7628 17.8363 96.6002 2.20454 42.4402 
109.105 159.482 7.78286 70.9169 170.942 53.0796 432.238 156.642 339.666 0 219.047 244.063 61.9525 10.3756 1.8544 12.2093 40.2516 4.00917 98.8366 48.5171 33.997 13.1706 3.78123 19.385 58.1254 5.24745 3.17244 41.0842 
154.507 0.692153 73.724 139.813 107.455 16.1556 122.956 366.775 597.727 500.056 0 72.2165 96.5736 0.139977 186.067 183.25 9.8496 169.923 52.6019 0.199451 127.098 77.186 1.7466 30.4493 74.0474 121.43 0.961128 107.609 
14.4114 36.7067 115.847 130.295 78.1284 3.0138 282.172 1003.97 397.953 21.256 412.631 0 76.1089 45.8472 134.934 411.159 87.7876 65.4888 13.6913 0.0691307 118.105 76.0918 126.907 79.844 208.026 268.487 102.524 38.9514 
107.655 86.6228 29.7224 0.905326 14.7428 108.588 158.486 109.821 187.915 301.634 241.281 0.642414 0 81.0426 103.238 63.475 2.77048 15.7373 25.328 8.74904 3.15961 83.8171 91.2516 70.1076 51.3969 54.6526 22.3313 43.5326 
41.44 68.2962 3.75056 15.0635 61.5453 17.0667 47.5295 126.306 135.581 81.1483 92.7295 87.454 21.2163 0 37.804 5.75654 0.241752 44.2089 26.8012 0.0759346 0.701642 0.823844 2.93074 2.17196 12.0647 6.73477 5.84528 3.47158 
2.77287 66.8221 19.3914 38.1929 79.1446 29.0667 8.38595 0.1829 29.0728 133.615 272.229 270.169 118.987 60.2219 0 3.84044 23.1995 3.24598 11.3238 0.277342 1.1895 11.7996 24.6086 27.6496 30.9019 30.8882 12.4476 2.15458 
21.3023 72.5879 22.1774 42.7768 17.5005 10.6492 25.2744 226.245 39.8949 27.1832 185.463 357.95 84.2423 2.56156 33.0321 0 0.817912 12.9794 18.945 1.4391 14.5826 1.87522 12.097 4.86937 36.8951 30.8852 5.99906 17.3404 
34.9798 104.042 47.7171 45.563 8.31428 56.8129 108.495 1.55293 43.1489 38.2092 42.8754 2.21846 41.2927 20.2184 3.40063 3.45129 0 66.5442 321.376 3.52538 1.38158 17.112 7.27316 1.34814 27.2883 26.9577 20.4476 22.3136 
151.851 59.4348 139.474 59.9574 194.469 40.3482 223.792 63.6582 0.788423 6.87163 31.2182 58.3268 102.257 47.889 68.6396 8.57966 14.9984 0 64.8005 51.8023 102.207 16.7389 30.3328 3.66949 43.72 0.579857 28.758 32.1686 
6.04516 99.6214 8.41863 0.343898 23.4883 72.3086 80.2374 116.487 139.24 122.225 18.6531 32.1458 85.4944 2.86334 37.9742 0.0610284 4.26016 41.2758 0 24.9675 15.593 11.7121 2.17169 1.51665 30.6994 30.4915 22.9895 23.0106 
179.216 11.9108 18.7351 42.8927 7.64567 21.9908 0.00102834 6.5355 106.3 8.8232 76.5043 22.8328 42.7723 2.35949 11.7788 0.141868 30.1925 43.6954 36.3453 0 0.125244 5.61947 3.64147 3.04449 7.4162 0.00953397 1.2087 8.34385 
101.53 17.7138 2.21017 100.381 6.27273 21.545 3.93299 1.71956 80.7973 68.3273 71.2701 46.7406 52.3436 44.7494 1.86944 0.2452 4.02235 88.6675 10.7023 254.533 0 0.341695 34.0433 45.5132 0.784641 14.5279 43.5394 0.0345209 
21.5539 47.3462 12.4622 16.6974 51.4244 13.4876 61.9321 61.5725 4.04318 45.6415 10.9194 73.06 73.1432 10.3384 5.23605 0.00723746 0.746664 4.73762 10.0821 2.26368 11.2786 0 2.55097 0.709807 1.08759 10.2027 2.61342 3.39861 
11.1665 20.5386 3.11245 15.1985 7.38403 9.89206 39.0258 2.86589 24.5745 31.5971 109.234 120.586 90.3338 2.07039 17.7254 12.476 0.173882 44.2772 22.859 3.46521 32.173 2.47074 0 3.18954 5.64436 7.65688 13.3698 1.30183 
7.48688 58.8041 7.52072 22.4561 53.1125 0.340465 33.2073 71.0726 78.7178 9.88661 128.889 15.7082 67.2739 6.03189 16.352 21.7731 17.7412 40.7769 5.50155 0.0671701 29.6566 8.74577 15.0786 0 7.12808 5.79308 5.32102 13.2328 
3.77322 50.0114 21.933 34.349 5.77347 0.0940395 0.61267 135.468 117.102 60.8822 131.049 904.227 42.7793 10.1356 31.3334 76.0623 0.252094 47.6513 1.62204 8.02077 9.14619 26.1417 12.9236 42.6968 0 95.3443 155.766 149.16 
0.893552 23.4043 21.509 37.2842 45.8852 2.80944 56.7346 66.6709 28.6336 65.0609 129.696 194.8 20.9214 2.64309 28.2824 32.5447 23.9491 0.826819 0.327258 10.6835 54.1737 6.35028 0.0136571 9.19265 2.97219 0 18.8339 56.7419 
19.9483 53.8381 19.3496 1.81304 49.1305 17.6271 49.2528 99.2208 76.1588 36.6573 32.4996 0.0124792 29.6982 9.68314 19.7162 4.73688 4.38244 8.79861 10.5774 4.09398 10.0321 2.76688 0.626827 8.15093 4.71186 3.44353 0 37.5742 
57.5312 2.5906 20.5286 12.5527 3.25788 21.4099 73.5467 51.7919 46.4278 44.4398 34.7091 58.8084 4.4821 0.497296 13.4306 12.7688 11.1057 27.6467 0.0195902 3.48166 27.7753 10.0838 1.2558 13.8434 24.1328 41.0526 91.3816 0 
