0 557.51 63.4594 293.543 269.396 132.435 152.594 83.5645 357.528 29.0895 64.9163 100.762 0.965621 0.00655985 62.053 80.2311 127.245 112.035 62.6054 2.76482 116.04 39.5122 2.12199 1.77299 145.423 54.6778 47.3165 44.0914 
496.934 0 23.3934 191.895 10.2139 325.542 53.8137 20.3139 510.122 135.162 265.511 54.5566 137.985 21.2192 80.0593 11.877 163.734 472.018 142.747 141.761 67.8674 39.8139 26.4965 51.3368 104.427 80.8005 28.2948 0.0154312 
17.5056 451.303 0 15.0172 188.433 62.1083 155.943 192.132 356.771 102.146 2.33137 123.252 30.1451 16.1128 1.90756 4.98686 16.3839 147.625 0.412362 20.9585 65.9987 2.66888 0.013632 0.0409048 0.510362 2.19481 16.1461 19.766 
342.671 405.005 159.359 0 163.347 104.073 23.4831 401.405 106.94 78.9221 137.181 121.14 0.208701 9.6685 4.27255 11.8635 149.722 2.58218 9.42288 45.381 222.757 8.60459 6.02743 2.44594 143.896 2.64002 3.2526 29.2734 
154.697 167.166 162.704 0.000224658 0 60.9044 426.99 39.4153 204.066 274.778 16.4639 49.1507 53.8174 2.8911 7.18362 3.4145 149.827 227.129 1.72854 95.0543 120.752 48.3166 6.41185 11.3259 54.5121 59.774 7.0853 1.45991 
103.201 215.104 54.0469 138.181 748.536 0 942.011 181.355 502.529 493.307 239.723 73.0698 314.041 0.000570802 3.6983 21.3237 121.524 122.844 90.4983 23.6712 33.1901 11.8877 1.90299 3.85039 130.756 27.7776 16.5767 14.9097 
242.898 66.8013 80.8661 111.863 158.111 839.62 0 0.456394 356.324 508.992 3.16245 1.48873 200.411 3.92195 119.415 5.21805 109.108 176.269 154.309 9.49302 76.9675 0.399899 4.81129 69.5308 58.2338 13.5363 15.6742 37.1085 
184.286 282.269 135.55 0.695375 32.1244 7.26806 14.8121 0 662.789 111.283 186.123 801.313 111.449 0.46048 68.1975 99.4667 98.1898 2.8769 59.5173 15.2762 57.0227 55.4307 23.8407 101.427 2.27263 6.26681 91.2687 106.06 
151.645 159.11 126.679 419.418 103.634 338.42 1167.99 35.8039 0 366.686 1612.29 28.3178 117.126 146.498 121.908 110.068 212.412 14.2908 154.915 30.2038 20.6108 30.8707 65.9868 94.939 211.82 110.067 54.2796 5.14083 
155.962 163.31 113.18 10.1159 139.24 485.652 0.0905751 224.012 341.965 0 530.955 1.0581 331.327 51.5476 23.2791 24.0218 45.6704 0.966568 121.282 34.7548 98.7408 60.8881 38.3441 26.9829 0.884414 63.8389 6.46572 56.5111 
16.0692 131.212 240.425 181.387 44.4534 128.17 11.8268 228.312 402.192 11.8257 0 492.562 252.578 137.201 193.256 83.5692 34.5048 21.5422 62.5289 1.56832 124.596 0.32688 128.067 64.8833 0.577146 10.9718 77.4468 75.0746 
205.009 74.0772 148.631 6.01368 142.304 138.588 146.378 445.858 373.776 219.63 401.93 0 140.323 62.6179 194.681 237.015 86.3316 120.008 81.0817 94.485 168.181 0.0193489 104.281 6.19426 306.548 38.3513 119.797 173.412 
109.288 141.385 1.09399e-05 25.0938 14.0787 29.6854 13.7202 32.3723 157.125 10.41 173.167 23.1153 0 0.409126 62.543 84.2892 14.3464 35.2491 7.26744 25.5814 23.2982 26.2059 58.6875 24.4727 2.34002 43.2654 17.277 44.7695 
1.39594 48.5351 11.5398 10.0068 65.8264 0.45113 95.5453 117.417 143.523 19.4941 7.221 69.5729 139.135 0 33.474 6.63042 21.9165 12.9862 26.435 1.30207 1.19385 10.6604 8.26324 10.3332 2.03601 7.731 10.205 0.937574 
48.8802 17.0155 21.4198 6.61396 56.9185 34.8275 94.0706 50.0381 209.815 123.136 278.977 243.147 97.6136 58.4692 0 77.1079 29.5008 59.5862 18.0984 4.24842 58.1143 8.52234 19.6649 21.4444 24.3797 22.136 2.92608 22.2477 
39.7731 79.0076 23.763 36.6464 67.9645 19.6943 1.18998 228.273 55.1128 91.1092 80.8857 173.957 62.1396 19.3454 41.0655 0 14.2087 50.0613 29.0105 2.09474 19.7412 0.210847 2.31624 14.7584 36.8863 31.3202 0.0889447 19.489 
145.121 170.053 55.6457 103.628 77.0787 119.367 17.5147 99.7427 171.945 43.6269 5.291 6.23733 56.5249 2.0341 2.6573 25.1936 0 203.839 371.785 33.0713 0.0150066 11.9662 17.3523 5.87548 102.493 4.40342 15.0909 11.0512 
16.1814 242.889 54.2715 116.968 79.4782 3.44202 151.907 27.3527 9.17827 0.124899 68.2037 113.877 13.725 49.1558 17.2459 52.0135 279.946 0 78.1066 31.4126 96.7166 41.1679 40.4953 28.6122 26.8894 43.161 0.120877 44.6329 
0.796478 141.982 34.45 35.4224 1.01388 51.8986 150.044 116.204 73.5078 102.005 99.5922 75.4674 80.8675 11.0304 4.95126 4.41237 203.997 53.6513 0 32.7158 47.0796 13.4007 22.7042 23.968 9.65264 26.6924 24.352 12.3801 
215.966 17.0499 5.39064 45.2111 91.2914 19.4494 69.5877 82.5419 91.5985 0.831898 71.2082 86.8162 32.9556 0.580627 6.08246 4.57839 1.18366 23.8539 15.907 0 110.044 3.87093 1.30165 2.1771 13.689 11.5939 6.07262 11.4743 
32.0151 28.4588 78.9095 34.911 94.7962 65.8935 97.4957 2.63122 21.5089 81.8454 0.401098 0.591576 23.7528 44.9481 51.1119 1.49409 9.07114 82.2717 0.259394 327.146 0 0.69793 1.9401 33.5813 60.5857 53.9937 0.100021 1.06098 
15.979 50.4608 7.19966 2.42566 55.8775 20.3616 0.162788 54.6044 33.2884 0.00934573 54.3483 7.56959 2.206 1.33627 9.58459 0.72834 0.124207 41.1077 15.0364 4.29723 9.92427 0 0.99006 5.67664 12.4309 7.90681 7.00333 9.97574 
34.6086 22.6949 3.85899 19.439 30.752 14.864 64.6482 0.000992718 39.2095 60.0767 15.7144 119.426 67.3133 8.88342 23.7167 0.792122 7.76731 21.888 6.37379 1.54589 1.02009 0.937416 0 4.00865 21.7037 1.00064 11.2383 10.1135 
48.0683 0.311097 15.403 3.89072 37.4265 1.24556 3.34395 50.0091 86.1036 58.6024 115.703 10.1301 9.37454 8.25217 28.023 17.8161 2.49416 13.852 22.3847 0.365487 13.264 13.2736 19.0655 0 9.40808 10.8386 18.7486 14.4619 
128.808 167.768 12.1746 127.474 62.0549 119.261 50.7685 164.111 114.011 1.88241 108.969 513.047 39.7563 0.892165 26.3442 71.352 129.851 31.5303 11.7967 0.00337717 45.8254 11.5023 17.5157 51.0389 0 78.4052 171.153 140.545 
42.3535 54.8269 9.75904 5.1231 10.8055 18.4772 12.1917 120.222 142.648 59.3894 6.69213 390.492 0.359841 9.14934 28.1197 32.706 10.082 42.0795 1.0648 2.96852 57.6442 3.11171 10.0392 13.825 22.6593 0 33.8621 4.35262 
2.86447 36.9005 15.9839 27.5857 0.00263625 20.1848 37.2221 41.8146 28.8548 31.6761 81.7165 10.3159 9.87295 11.2749 2.41227 0.000576675 10.7488 7.37113 15.6149 10.2959 31.0074 6.81531 6.1037 19.2706 25.6322 17.9984 0 75.4359 
4.78763 44.4855 22.205 8.24919 1.44135 2.66762 56.1524 4.85272 3.51236 55.3167 105.066 55.7196 1.96636 0.0760136 20.9537 22.0917 1.01874 47.3995 23.0817 9.94816 36.1735 0.260404 6.28205 11.2814 5.23303 56.8991 12.2283 0 
