0 926.012 83.9894 645.985 268.215 441.528 133.007 104.785 652.268 23.3374 73.7237 88.2816 0.390388 0.0937197 60.2181 79.6341 432.861 127.357 67.5807 25.1647 98.877 39.7442 2.67837 2.46386 444.753 57.6181 47.9542 45.6988 
878.448 0 82.997 531.1 39.6461 614.365 104.421 11.3898 811.948 117.911 267.496 64.7369 134.371 23.6153 83.151 9.5837 473.517 9.29185 149.998 141.953 59.4625 40.855 28.1548 49.8736 405.681 79.5413 29.5779 0.126004 
7.51954 392.636 0 57.1077 187.84 64.5483 128.888 216.541 418.614 97.3185 0.0272717 110.753 27.2346 15.8091 2.87386 6.03241 18.5208 153.802 0.080151 22.2125 73.7908 2.43311 0.0559866 0.118151 0.244894 1.54379 15.7529 19.2845 
689.103 716.489 146.008 0 163.863 407.789 13.9871 811.095 404.431 83.7327 123.742 143.86 0.583166 8.79454 5.5028 9.61821 453.292 0.819929 11.2837 46.6917 678.247 8.23318 5.44693 3.10266 446.638 1.59508 3.78592 28.4531 
174.05 103.826 172.448 0.67838 0 72.6182 408.048 31.0597 174.998 297.239 24.9204 55.9344 62.6088 1.97801 9.50354 2.37697 152.074 220.995 0.216105 94.6478 123.28 49.3841 7.47673 12.6099 56.0656 61.3897 6.36926 1.0392 
406.986 540.755 49.3339 444.673 1072.01 0 1197.22 192.265 852.391 339.044 255.081 64.2772 676.642 0.0363867 5.2181 22.3407 425.715 121.268 90.2045 23.9494 35.9284 11.2349 1.55046 4.35888 432.62 27.821 16.19 15.5595 
230.329 121.164 107.343 128.119 206.432 928.719 0 1.54003 738.694 497.446 0.489442 0.0128302 191.734 6.01258 112.226 3.19063 109.666 163.575 156.302 7.07492 71.2863 0.749502 6.22788 68.5509 61.7718 10.5686 14.3098 39.5036 
161.408 273.18 107.936 50.4953 24.5017 2.56108 3.80909 0 647.035 124.266 215.209 597.362 116.258 0.00935543 56.0729 125.688 98.8529 5.08103 55.5223 11.8418 47.9144 56.7351 20.3078 94.3989 0.277887 1.33624 89.0682 111.418 
467.535 490.21 203.955 732.305 131.016 718.438 1305.78 87.8214 0 346.113 1660.29 13.5339 106.243 149.461 147.845 101.68 515.642 20.2512 154.028 26.2902 26.2202 32.7449 61.8202 92.9968 517.862 103.388 56.3783 6.86954 
156.654 146.736 111.252 7.06198 107.822 511.222 13.4387 222.481 363.644 0 458.9 0.000676757 329.883 46.8996 31.6117 19.5717 48.5273 2.25931 119.354 32.8327 99.1436 61.058 35.9395 24.6555 1.62296 66.2785 7.33181 56.9062 
11.3761 147.716 236.111 189.398 33.2804 154.446 34.3616 199.449 256.282 51.72 0 462.953 248.855 154.525 132.371 103.736 37.1107 26.2165 67.4319 0.884444 120.452 0.705745 130.644 71.5571 1.96422 16.7317 75.7704 79.1638 
196.747 85.101 158.601 14.7153 136.063 132.298 164.978 239.919 388.937 209.002 444.969 0 135.837 73.7998 218.774 331.736 85.6895 124.23 83.3747 95.461 168.395 0.0141542 98.9656 12.1897 315.541 80.7563 120.545 175.642 
109.157 143.95 0.1235 27.6181 19.5424 40.7153 7.67966 27.7962 147.56 1.38374 188.303 18.6783 0 3.7515 54.31 84.113 15.7826 32.1581 5.69554 26.7044 21.5705 21.8603 53.2496 21.4951 3.08574 44.7045 18.1092 44.5814 
0.919075 46.0958 12.2044 10.8953 64.5243 0.780332 94.1881 113.773 143.381 23.6103 15.4525 58.5115 147.977 0 20.9971 8.6163 21.9939 11.7584 26.1371 1.19941 1.59203 10.487 7.11615 10.1355 1.57869 8.32729 10.3783 1.16234 
51.2563 13.9003 23.2256 8.06827 52.8599 32.8881 85.1582 61.826 198.079 116.903 218.308 223.303 90.9104 50.4983 0 60.9993 29.688 58.051 16.931 4.56388 58.174 7.86026 17.7652 19.4877 22.9746 20.3833 2.51014 21.8146 
43.2468 80.6195 23.1864 34.696 69.4591 18.5307 2.54322 209.015 64.001 89.9331 100.955 269.198 58.1492 19.1156 22.6069 0 13.6143 48.5927 29.3559 1.84819 17.7963 0.115487 1.66464 18.304 35.7909 32.282 0.0208734 20.2296 
443.126 464.35 55.6766 405.121 85.1524 423.498 14.6091 99.8395 470.255 46.497 6.58842 7.45092 57.621 2.31418 2.26552 24.9575 0 177.276 303.634 32.7083 0.109301 11.592 17.5553 6.24106 404.463 4.85546 15.4295 10.6035 
9.31999 160.895 43.5699 109.884 66.2261 1.63818 138.099 33.0065 5.25377 0.766429 61.653 118.389 16.0288 48.3198 19.1531 53.311 286.282 0 85.7798 34.9714 100.093 40.876 41.1018 27.4707 25.3321 44.7544 0.0474953 45.3965 
0.184689 133.88 37.2357 32.9251 0.597812 46.2498 146.016 115.584 66.4719 106.484 103.61 72.8538 79.4112 11.7472 5.76181 5.00138 181.163 61.1358 0 33.3938 48.922 13.9391 22.5548 23.9724 10.3194 27.1881 24.372 11.8379 
201.842 11.3017 6.6409 46.5649 92.8053 20.2109 73.2843 87.3562 94.5498 0.425571 73.3732 84.4893 31.9631 0.659031 5.75643 4.27327 1.5766 27.1865 17.0527 0 59.3457 3.75882 1.38632 2.32992 13.6014 11.4413 6.29325 11.4999 
44.5626 22.3401 86.3796 40.5263 99.0146 67.7686 92.1028 0.80509 27.2141 84.1473 1.15479 0.0573986 25.5269 45.007 52.186 0.915713 7.93552 86.1746 0.542719 331.651 0 0.869303 2.3536 32.4051 60.5443 52.5265 0.207907 0.726716 
16.8144 50.8219 7.48918 2.69224 55.4129 20.4569 0.406245 53.2077 35.17 0.0364272 52.1096 6.27562 3.97683 1.02249 10.2425 0.939602 0.188186 41.3748 15.565 4.4038 9.41176 0 1.55671 5.01212 11.64 8.13936 6.72169 9.87523 
35.7095 24.3288 3.4722 19.3938 32.3618 15.1876 62.9146 0.15469 35.0712 59.4998 20.7506 115.96 62.2471 7.93254 24.5946 0.414001 8.11864 22.9235 6.84292 1.6338 1.32958 1.49185 0 7.16596 20.8215 0.775175 11.5572 10.0698 
46.6468 0.635801 15.5297 4.68124 35.928 0.955715 2.35412 42.7348 88.7854 59.3373 111.347 4.73184 7.32378 7.54521 28.1273 14.2568 2.2391 14.9085 22.6358 0.294703 12.1443 13.5698 16.5686 0 6.17643 10.0273 18.4674 14.4614 
433.461 471.768 13.3444 431.523 63.1099 422.303 47.0594 153.638 412.835 2.89961 101.995 286.705 41.3111 0.589944 25.0884 55.3482 431.986 29.9612 11.108 0.00204963 47.3286 47.0743 18.1838 57.7025 0 123.835 115.422 62.6245 
39.1272 51.7408 11.0175 3.6533 12.5137 17.391 15.3327 140.84 142.289 56.4507 11.4051 363.985 0.704948 8.57751 26.9387 32.8535 10.667 43.6998 0.804784 3.28816 58.7241 3.35561 9.87636 13.1653 24.2861 0 35.1893 1.44859 
3.4639 38.093 15.5834 27.6008 0.0399701 20.2118 35.6744 38.2675 26.6845 30.5022 82.8282 13.4268 10.607 11.2304 2.82158 0.0316586 10.3865 8.02695 16.0236 10.182 31.8529 6.53322 5.66734 19.2226 21.573 20.3054 0 65.0157 
5.81312 46.1874 22.1602 9.33636 1.92843 3.12423 58.1477 7.66272 4.97764 55.9496 103.013 45.4057 2.45588 0.0259074 21.4912 22.4244 0.84621 47.9941 23.4528 9.75523 34.9941 0.198243 6.56504 10.8552 6.31167 51.8604 5.25384 0 
