0 414.606 3.00393 423.517 3.71376 255.608 128.907 308.421 340.73 156.561 13.6943 208.274 108.377 0.69367 1.68001 2.87338 213.057 41.0862 71.9697 210.438 226.32 22.8505 43.6292 2.70151 199.671 3.05082 27.9448 60.0985 
482.386 0 147.379 201.01 279.377 379.621 526.401 53.6504 466.734 242.224 267.161 223.469 8.8022 71.3294 70.5494 75.2715 348.785 732.036 79.2221 88.2009 174.334 18.0182 56.7462 43.5735 277.168 77.5591 20.6976 41.2083 
147.931 328.73 0 134.297 71.5477 64.6995 247.73 169.736 9.67846 106.643 214.322 45.3706 73.0535 1.81485 6.21684 22.7692 14.3668 26.6534 1.42211 13.0356 78.8096 2.99859 10.4363 13.633 26.2984 8.78042 6.73577 14.6947 
373.382 343.203 359.562 0 0.0124588 260.712 169.76 761.453 522.128 106.885 65.4662 17.881 59.9205 8.0025 0.243274 0.101004 247.263 133.518 1.36485 12.1203 75.3188 1.79256 18.3135 4.17983 220.865 22.4238 22.7587 11.7295 
144.421 3.10875 136.969 163.197 0 119.475 3.16402 83.0289 47.42 222.43 162.672 57.1434 156.734 50.4127 95.0843 41.9942 119.557 166.463 194.208 79.7155 74.0687 4.16296 50.0104 55.2115 67.5992 16.4677 8.29822 40.8377 
210.223 372.586 48.9507 258.241 271.02 0 516.205 195.5 415.001 631.314 9.18738 156.864 575.548 1.13421 41.0835 20.873 202.298 50.3552 80.1278 10.0936 67.9972 19.3554 13.5878 6.23327 209.285 10.4675 20.1582 21.5226 
33.5283 526.219 0.323813 106.131 363.621 80.5571 0 208.821 411.493 63.701 471.216 284.028 104.832 62.325 72.8809 103.117 93.0205 65.5249 157.546 1.56993 118.779 22.5899 48.8636 0.487226 3.25817 1.74881 59.2877 0.913403 
5.81662 110.874 159.049 129.674 92.7456 54.3882 272.321 0 510.197 115.432 94.9173 53.857 124.625 75.5518 55.1661 1.30021 75.2154 154.96 81.509 2.45414 135.517 0.0633831 92.8073 138.316 52.2244 233.065 4.04048 9.36143 
258.676 215.542 60.0884 200.632 336.709 583.981 1203.09 286.583 0 329.302 1111.12 12.5641 42.6596 32.4831 269.404 4.92334 216.452 216.617 135.092 102.791 86.6503 34.684 54.3709 86.5539 294.534 103.388 70.1861 78.0269 
17.8495 239.571 88.7225 6.60974 36.9435 58.8726 441.189 0.0797709 374.187 0 515.054 147.465 100.534 82.6469 21.7899 89.6323 18.8771 141.777 4.46143 22.0564 95.3865 35.6812 58.7512 32.8568 7.95225 73.8496 19.2636 38.0257 
69.1672 143.283 55.0242 203.853 13.6256 97.9643 485.746 312.226 789.224 199.614 0 453.297 0.89198 0.499102 2.75222 208.341 91.5847 0.226854 97.6646 79.8611 3.61677 7.35963 95.2188 125.299 21.0096 6.44616 77.26 6.18527 
218.3 221.536 187.815 150.338 109.811 140.722 131.888 17.6611 391.678 194.28 455.158 0 91.8507 142.758 5.84435 37.1516 31.5575 44.444 99.422 92.5986 61.2365 22.4972 18.4685 147.663 79.7547 394.75 20.3147 12.7854 
3.73062 67.9576 38.1137 71.6849 112.55 104.152 209.505 19.9348 81.589 186.387 85.8446 157.36 0 155.602 37.127 49.7217 30.5378 49.8416 78.997 10.3503 62.091 37.9354 35.9525 1.35791 1.05549 11.655 39.156 24.2922 
0.187261 0.0741311 13.5184 11.7192 0.721784 2.99399 27.1479 15.4367 17.1486 7.47113 108.479 5.33016 15.1986 0 45.0451 18.0177 13.2914 38.0859 4.94515 3.49422 23.8982 10.6887 9.44207 4.17414 3.71157 4.27065 0.364743 4.42173 
58.624 25.8765 1.85211 0.00246375 14.6638 0.0098223 101.543 62.7608 12.7133 124.185 34.8664 207.465 74.6352 15.1003 0 89.1894 26.1108 66.3216 10.3766 10.0028 37.5491 3.039 24.7363 27.6377 1.42042 13.4182 0.84308 22.4949 
60.377 16.7956 0.0456021 12.6998 40.1777 20.1716 97.3389 245.303 151.172 18.7311 209.909 10.7499 8.91632 2.35361 67.6672 0 9.82319 20.5564 0.175118 4.66566 61.1753 11.807 11.1233 28.1165 20.2433 31.0848 16.8835 1.94584 
256.151 209.65 9.98816 222.774 151.695 201.327 0.687343 66.376 301.514 20.6116 92.0983 44.2305 0.105489 17.2883 7.72255 22.8791 0 0.515629 84.2384 15.8553 34.0381 20.456 0.00803161 14.1467 217.32 16.2945 8.73032 21.0818 
233.446 369.446 161.05 12.6711 13.0826 41.3389 43.1352 112.401 193.654 138.681 122.644 51.2128 5.37917 2.99407 7.83706 61.1601 116.485 0 127.322 33.1612 1.33031 0.107659 42.6098 40.5886 49.6667 51.1649 44.7264 49.6664 
110.392 2.37615 47.8874 60.821 189.056 78.5617 134.782 8.63261 27.1171 16.3326 123.349 21.8826 5.31034 9.92851 11.4337 22.3861 166.175 142.056 0 26.2674 16.8143 25.3927 19.0409 18.2326 11.076 9.33261 9.73376 4.80179 
124.739 17.0048 0.681941 12.4314 91.7932 3.68701 94.0162 103.436 0.0218653 55.6721 0.0280631 57.604 17.4398 0.0676098 2.96416 7.21637 18.7557 41.2062 8.13918 0 12.8892 5.82689 3.30865 0.160523 0.548851 9.42181 8.56615 10.3431 
6.70881 177.794 91.084 7.16842 105.886 36.2789 132.622 200.357 88.0678 71.8023 112.01 110.91 0.282968 12.3983 52.6219 58.6258 58.0447 6.7109 70.0449 305.684 0 8.31766 4.17357 25.9831 41.1258 62.2516 28.4215 31.1379 
40.3778 35.4003 6.807 9.56005 4.02691 14.848 20.8596 42.3996 32.2601 28.0589 35.3377 5.40408 0.0388063 1.40076 14.9219 11.1181 11.7839 6.09989 25.1387 0.00255488 29.6889 0 11.8475 14.1211 23.6462 1.85641 1.43122 0.20838 
10.0667 55.9196 12.1261 11.0404 55.2504 2.48853 18.7412 98.4065 79.7301 33.5589 0.0125825 38.2143 45.2319 9.04713 17.3405 9.3268 5.91077 25.859 13.0875 3.50262 2.78929 11.757 0 4.02546 22.2385 1.55926 2.7783 4.18514 
57.802 2.95503 4.31056 2.68378 4.99832 17.3393 56.5231 124.725 29.724 56.0274 10.1548 73.1499 0.971674 8.06576 23.0513 2.82349 19.1851 3.80673 22.3164 4.6547 43.6152 2.68601 14.0622 0 4.44588 6.39485 15.4672 0.000179347 
273.95 208.391 5.37501 202.538 65.453 226.743 91.893 193.362 222.832 5.787 62.9965 27.9041 36.1969 5.54732 2.63542 41.152 209.901 45.9647 10.3509 12.4843 60.1027 53.408 9.11307 66.1814 0 80.1622 43.7783 1.3443 
79.4889 47.6191 2.78804 26.8564 4.70831 26.0811 31.9469 93.11 142.289 16.0648 10.6604 1.05418 14.0581 11.8373 21.1913 32.6233 22.1891 52.033 15.9477 6.28423 30.7322 0.011646 10.2865 3.30585 14.1592 0 37.4813 38.3473 
2.45566 29.4439 6.94132 14.3856 26.2866 15.0262 45.9767 12.452 7.29844 38.8112 81.8524 120.717 36.6311 0.440819 5.2924 17.6599 16.9308 38.116 0.130476 0.0821056 40.3853 1.31471 13.1781 12.8528 15.7597 33.3846 0 65.0156 
26.2119 58.552 7.61572 26.5318 23.0183 10.1965 10.3531 114.038 74.6332 34.3065 83.7618 169.883 14.5791 8.65633 12.5591 5.44059 23.8675 50.8817 13.0946 11.3708 49.5676 7.81778 9.93012 3.3464 24.9735 0.467457 5.25366 0 
