0 667.092 125.222 404.072 257.878 138.387 95.7625 148.263 315.179 13.8191 91.1855 65.3094 0.00423414 0.544813 56.3416 77.6683 122.298 156.178 76.9274 83.839 67.4661 40.0926 3.91657 4.09212 121.669 62.9264 49.031 48.633 
656.408 0 258.624 287.871 141.045 261.481 230.675 1.34192 473.698 85.2228 265.596 85.6183 126.155 28.3893 88.3218 5.79722 170.697 559.968 161.393 138.676 44.181 42.7558 31.3425 46.8665 86.8445 76.5 32.0288 0.636403 
0.00953767 217.692 0 217.415 179.584 66.6846 77.4482 253.846 473.237 86.3052 5.99311 86.0459 21.8296 15.067 5.21487 8.21793 22.7965 161.437 0.16677 24.3287 88.2414 2.00375 0.217367 0.377519 0.0049899 0.601567 14.9496 18.2588 
425.399 389.523 403.944 0 160.917 94.6591 2.40237 1101.75 100.688 91.9954 96.9702 185.766 1.824 7.16507 8.21727 5.81305 138.083 0.202533 15.2118 48.08 558.145 7.5206 4.38416 4.54909 129.614 0.310402 4.9045 26.6944 
208.519 19.6067 185 5.87259 0 58.9646 345.839 17.4514 119.982 325.779 45.3632 69.5956 80.2551 0.699844 14.7465 0.898391 154.06 204.997 14.8784 92.7796 127.292 51.2665 9.71397 15.2115 58.8267 64.1814 5.08539 0.428345 
95.1596 265.552 39.1094 134.999 596.969 0 1457.96 207.635 558.736 508.494 271.996 47.9939 141.26 0.362429 8.73506 24.0793 112.13 116.443 87.6694 24.267 41.2207 9.97078 0.965806 5.3938 114.233 27.6446 15.4066 16.7657 
200.615 251.012 159.488 157.061 298.844 468.417 0 23.8222 1281.42 416.88 29.3017 4.05052 171.348 11.1656 96.5858 0.667525 109.875 137.422 157.614 3.36838 60.4057 1.72187 9.40427 66.2108 68.2655 5.80324 11.8115 44.0682 
117.403 249.368 59.2101 167.686 12.4904 0.277493 2.99532 0 552.2 148.625 268.64 197.592 124.785 1.04366 34.9216 175.664 99.6538 10.9906 47.8927 6.36609 32.0775 59.0668 14.1451 80.0926 1.8532 2.1073 84.2808 120.467 
179.315 239.026 355.113 412.607 186.542 520.128 951.337 235.084 0 290.326 1471.59 0.20912 85.3105 152.383 91.0659 84.6344 199.407 34.2255 150.55 19.3121 38.5218 36.3628 53.6209 88.4971 206.48 89.5647 60.2567 10.8291 
155.852 113.698 105.149 2.66338 54.655 396.25 96.872 215.4 385.706 0 284.916 3.60555 303.911 37.8412 49.8134 12.0218 53.9256 6.22151 114.044 29.0816 99.3756 60.9206 31.2249 20.287 3.64521 70.3187 9.11907 57.3374 
4.53786 178.647 218.032 200.068 15.8828 202.335 105.839 143.727 15.8101 191.516 0 381.01 235.868 183.319 38.3827 142.913 42.2102 36.217 76.7904 0.11422 111.828 1.83271 133.412 84.1204 6.87985 30.6753 72.2016 86.5634 
178.11 106.991 174.232 41.0319 123.208 118.424 199.381 8.56772 403.048 184.812 502.129 0 126.165 95.6195 254.699 468.004 84.1439 131.665 87.4531 96.5799 167.231 0.377939 87.7101 28.7223 177.584 188.534 120.712 175.806 
108.184 147.368 1.03776 32.5903 32.1532 59.744 0.899053 19.7856 127.841 7.76081 214.229 11.3382 0 19.0125 38.899 82.4861 18.6694 26.4546 3.18271 28.8206 18.3689 14.3226 42.5427 16.1022 4.78755 47.265 19.716 44.0626 
0.278596 41.2625 13.3952 12.611 61.6069 1.65096 90.351 105.279 140.348 32.1314 38.8178 38.7092 156.257 0 3.17828 12.4888 22.0871 9.52525 25.4673 1.01021 2.51089 10.0333 4.45271 9.41063 0.85021 9.42451 10.6735 1.65349 
55.59 8.67805 26.463 11.1473 44.9696 28.7151 67.4969 85.9544 169.569 101.709 102.918 175.803 76.4684 27.7416 0 24.6548 29.9549 54.8436 14.7142 5.18112 58.0088 6.60498 13.7402 15.3967 20.0655 16.8301 1.78907 20.8054 
49.843 82.9982 21.7737 30.4325 71.8605 16.1842 6.51012 163.577 81.4718 86.0816 140.196 431.481 50.0213 17.5262 1.04609 0 12.4693 45.5977 29.9071 1.40853 14.2391 0.011944 0.684138 24.3409 32.9332 32.8318 0.0229691 21.4146 
117.793 132.165 55.2014 86.6513 100.352 109.835 9.6703 99.5431 145.144 51.9474 9.44663 10.0546 59.5305 2.89683 1.59397 24.4347 0 123.51 53.418 31.8599 0.533006 10.8693 17.9144 6.96135 86.557 5.77216 16.0679 9.74908 
1.33552 80.8506 25.3588 94.9391 43.0511 0.0272337 110.863 44.9803 0.738154 3.51171 49.5082 126.463 20.8582 46.5354 22.9839 55.5802 283.111 0 100.156 41.9678 106.081 40.2277 42.1572 25.2567 22.3762 47.6883 0.00100578 46.7491 
0.213026 116.557 42.4219 28.1082 17.2842 35.4185 136.14 113.64 53.2499 113.801 110.686 67.6143 76.1205 13.1398 7.45823 6.21504 143.495 75.875 0 34.5272 52.3603 14.9672 22.2056 23.9161 11.6312 28.059 24.3682 10.8033 
162.141 3.4067 9.27405 48.0416 94.6593 21.5238 79.772 95.9055 99.4071 0.0227851 77.1425 79.4481 29.9744 0.821258 5.13151 3.69395 2.4804 33.9023 19.2658 0 3.0669 3.5413 1.55263 2.62945 13.3752 11.0929 6.71368 11.5123 
72.8164 12.4364 99.6811 73.1472 106.625 70.9496 81.4118 0.251436 39.6771 88.1893 3.68158 0.607044 29.026 44.9546 54.0261 0.196901 5.94103 93.3521 1.37435 284.459 0 1.24992 3.25262 30.0799 60.1707 49.4663 0.524165 0.259687 
18.4365 51.3506 8.03821 3.23572 54.3044 20.5221 1.17825 50.3778 38.7822 0.55166 47.6808 4.10389 8.73198 0.528387 11.4811 1.41329 0.347972 41.7987 16.5663 4.60429 8.44974 0 2.94683 3.79354 10.0735 8.56733 6.17893 9.6609 
37.7247 27.5059 2.76616 19.1907 35.4145 15.7129 59.1804 1.45859 27.4574 57.8519 31.9436 107.723 51.8741 5.43662 25.2802 0.0259477 8.79948 24.9108 7.77104 1.80501 2.03473 2.86187 0 13.9605 18.7452 0.417756 12.112 9.93885 
43.7159 1.57716 15.6621 6.35531 32.9832 0.501826 0.927683 29.7453 93.2285 60.2531 101.608 0.0433723 4.03025 6.0354 27.3673 7.66101 1.78317 16.9978 23.061 0.179188 10.0868 13.9654 10.0681 0 1.84036 8.42687 17.7682 14.3625 
120.758 157.315 15.6027 117.39 64.8441 106.332 39.9275 130.514 90.1969 5.43356 87.7304 282.965 44.1514 0.180453 22.4011 14.0729 114.262 26.9469 9.81102 0.0595023 50.0494 67.7524 19.4679 65.6726 0 50.5042 178.049 110.255 
32.9539 45.6565 13.4967 1.48533 16.0644 15.2435 22.1593 177.866 139.287 50.408 23.5859 274.341 1.68476 7.43107 24.2037 31.8118 11.8076 46.695 0.405031 3.92999 60.4812 3.83811 9.48487 11.7667 27.313 0 37.0575 0.278035 
4.76272 40.3168 14.7676 27.4998 0.235574 20.1959 32.6605 31.6372 22.6377 28.1977 84.5364 20.3781 12.0635 11.1003 3.68156 0.223853 9.6926 9.34814 16.796 9.94167 33.4295 5.99062 4.84279 18.9569 14.0776 24.6592 0 42.107 
8.02947 49.3276 21.9368 11.5338 3.05498 4.08519 61.7229 14.7062 8.46047 56.8483 98.1982 27.7234 3.53915 0.00361064 22.3487 22.7703 0.558126 49.0067 24.1195 9.35905 32.6623 0.102174 7.09445 9.98844 8.65873 39.5671 0.0136892 0 
