0 758.011 118.664 488.018 260.225 229.353 101.593 141.178 412.079 15.1948 88.3632 68.8615 0.00205844 0.447738 56.9904 78.0536 214.496 151.679 75.459 77.0762 72.2793 40.0455 3.70396 3.80587 215.901 62.1116 48.8723 48.1786 
740.775 0 228.378 369.577 121.65 361.184 208.927 2.29627 572.061 90.3345 266.404 82.1864 127.575 27.6135 87.5676 6.34501 261.693 312.755 159.814 139.518 46.5313 42.4612 30.8337 47.3634 180.351 77.0394 31.6387 0.528587 
0.129123 247.946 0 191.651 181.513 66.5776 85.3451 248.91 471.127 88.2012 4.13206 90.0062 22.6733 15.1991 4.80077 7.85521 22.1009 160.61 0.0886912 24.0192 86.0018 2.07021 0.184554 0.326361 0.0192153 0.723931 15.0821 18.4312 
513.532 486.768 392.84 0 161.732 187.176 3.62636 537.974 189.856 90.7715 101.28 179.365 1.5801 7.42015 7.75477 6.37015 231.084 0.0543197 14.5551 47.9613 194.598 7.63433 4.54894 4.30247 222.925 0.449818 4.71773 26.9907 
203.333 28.957 183.582 4.70599 0 59.3693 357.745 19.3948 128.539 322.647 41.755 67.3659 77.3881 0.86133 13.8428 1.08835 153.952 207.904 11.0304 93.173 126.728 50.981 9.3401 14.7844 58.4061 63.764 5.28227 0.508356 
187.365 352.564 40.8154 227.137 620.537 0 974.704 205.714 654.759 315.12 270.488 50.5208 636.629 0.28778 8.12512 23.8221 204.835 117.368 88.2454 24.2357 40.3747 10.1733 1.05078 5.22369 207.731 27.6957 15.5353 16.5771 
205.79 229.049 151.319 152.724 284.638 578.323 0 18.5428 1237.25 434.236 21.8116 2.8014 174.9 10.2463 99.2195 0.946395 109.918 141.718 157.63 3.87436 62.1349 1.54014 8.85795 66.6242 67.2588 6.47784 12.1994 43.3437 
124.334 253.691 66.3904 162.152 14.1631 0.0345929 1.30451 0 572.383 144.818 260.46 253.705 123.49 0.710726 38.0668 167.944 99.5679 9.90168 49.1047 7.13711 34.4443 58.7101 15.0703 82.4317 1.12342 1.07181 85.0932 119.14 
267.759 321.06 332.758 508.325 177.57 598.707 1053.51 208.531 0 300.449 864.043 0.952036 88.6331 152.175 84.0637 87.4153 292.604 31.7828 151.26 20.3745 36.4309 35.7839 54.9428 89.2815 298.956 91.845 59.6514 10.1418 
156.169 119.011 106.327 3.23083 62.2812 424.986 79.1409 216.889 384.032 0 314.023 2.53457 309.995 39.2882 46.7567 13.1293 53.0732 5.46003 115.03 29.6847 99.3866 60.9836 31.9838 20.9734 3.26979 69.7337 8.82288 57.2977 
5.43131 173.823 221.734 198.805 18.2747 195.109 92.2887 152.509 29.975 164.98 0 395.927 238.439 179.215 50.3156 136.752 41.3882 34.5343 75.3054 0.188822 113.261 1.61761 133.167 82.1495 5.90032 28.2147 72.8016 85.426 
181.31 103.452 172.079 36.0576 125.33 120.782 194.065 25.2762 402.177 188.97 495.58 0 127.798 92.1462 250.054 452.826 84.4182 130.54 86.8315 96.4687 167.556 0.286798 89.5888 25.6743 198.774 170.039 120.798 176.147 
108.403 146.958 0.832193 31.7873 29.9646 59.5401 1.5415 20.9922 131.089 4.64809 210.414 12.4012 0 15.8553 41.2941 82.8586 18.1974 27.3434 3.53825 28.4866 18.8695 15.4458 44.2598 16.9306 4.4923 46.8749 19.4587 44.1594 
0.356313 42.0456 13.2134 12.3371 62.1086 1.49144 91.0696 106.76 141.074 30.7265 34.4882 41.7048 155.754 0 5.11135 11.8839 22.0771 9.87049 25.5828 1.03971 2.35059 10.1162 4.8936 9.55521 0.952741 9.25444 10.6297 1.56993 
54.9201 9.44096 25.9705 10.6327 46.233 29.4156 70.3355 82.0166 174.573 104.385 120.028 184.011 78.8858 31.6313 0 30.1721 29.9205 55.3779 15.0654 5.08164 58.0599 6.80345 14.4039 16.0693 20.5458 17.4089 1.89719 20.9818 
48.8005 82.6833 22.025 31.1533 71.5195 16.567 5.7589 171.385 78.6711 86.8333 134.003 410.284 51.352 17.8752 2.72034 0 12.6524 46.0909 29.8291 1.47563 14.7902 0.0213851 0.814505 23.4863 33.4512 32.8615 0.0108584 21.2475 
212.356 227.788 55.3245 180.107 97.9678 202.549 10.3998 99.6331 239.705 51.0843 8.95813 9.61488 59.2432 2.79983 1.694 24.5243 0 132.117 193.457 32.0086 0.443868 10.9851 17.8598 6.84468 179.955 5.6215 15.967 9.88507 
2.13491 82.9354 28.0196 97.4247 46.5153 0.118215 115.236 42.9763 1.18666 2.94079 51.4029 125.229 20.0522 46.8359 22.3583 55.238 284.978 0 97.9066 40.8404 105.171 40.339 41.9984 25.6121 22.8448 47.2315 6.83019e-05 46.5433 
0.101764 119.457 41.6122 28.8767 13.1296 37.1295 137.896 114.017 55.3258 112.754 109.617 68.4695 76.6886 12.9162 7.17535 6.01407 148.682 73.5034 0 34.3615 51.8207 14.8035 22.2668 23.9308 11.419 27.9272 24.3725 10.9679 
169.365 4.3726 8.83597 47.9084 94.4581 21.3281 78.795 94.6083 98.7063 0.0534862 76.5762 80.3015 30.2991 0.794331 5.2311 3.78572 2.32305 32.8059 18.9118 0 7.48283 3.57624 1.52575 2.5811 13.4165 11.1534 6.64682 11.5135 
67.9923 13.8454 97.67 71.3491 105.456 70.4801 83.1431 0.0770502 37.5627 87.5785 3.18343 0.379833 28.4595 44.9777 53.7524 0.276708 6.24288 92.2366 1.21616 296.45 0 1.18455 3.09982 30.4569 60.2564 49.9757 0.463996 0.318724 
18.1759 51.2808 7.95119 3.14614 54.5005 20.5221 1.02813 50.8424 38.206 0.428529 48.3986 4.42248 7.8578 0.597268 11.2861 1.33179 0.319181 41.7389 16.4076 4.57263 8.60145 0 2.70057 3.982 10.3269 8.50067 6.26574 9.69702 
37.4119 26.9956 2.87542 19.2334 34.931 15.6377 59.8111 1.16166 28.639 58.1621 30.0341 109.17 53.5723 5.87142 25.2621 0.0569829 8.6902 24.5937 7.62046 1.77747 1.91232 2.61846 0 12.9 19.1074 0.467952 12.0287 9.96389 
44.201 1.39887 15.6509 6.07507 33.4588 0.565048 1.11286 31.7167 92.5841 60.1512 103.275 0.274909 4.49648 6.28603 27.5723 8.64905 1.85298 16.659 22.9981 0.195814 10.4068 13.9179 11.1748 0 2.34707 8.68468 17.8936 14.387 
213.322 250.202 15.2423 210.208 64.5935 199.432 41.0636 134.428 184.23 4.97877 90.0699 1081.71 43.7115 0.230397 22.852 18.6496 207.642 27.428 10.0158 0.0450168 49.6302 74.4455 19.2637 65.2696 0 66.7091 140.071 79.1941 
33.9344 46.639 13.0973 1.77073 15.4744 15.5907 21.0035 172.308 139.969 51.4041 21.3818 291.254 1.50047 7.61749 24.6778 32.0932 11.624 46.2276 0.459997 3.82513 60.2292 3.75985 9.55419 12.0004 26.8427 0 36.8225 0.0624513 
4.54233 39.9676 14.9019 27.5275 0.193363 20.2044 33.1452 32.6771 23.2724 28.5698 84.3018 19.1859 11.8268 11.125 3.53784 0.181483 9.80329 9.13163 16.6737 9.98194 33.182 6.07734 4.97304 19.0146 15.2251 23.9772 0 45.8514 
7.65412 48.8381 21.9846 11.1741 2.85827 3.9245 61.1758 13.4418 7.8464 56.7332 99.0419 30.3279 3.35358 0.000610812 22.2277 22.7414 0.600303 48.8565 24.0171 9.42457 33.0404 0.11545 7.01125 10.1308 8.26685 41.696 0.0739381 0 
