0 608.456 130.898 352.786 255.617 82.0026 90.7236 154.473 253.461 12.6637 93.6597 62.2475 0.0261507 0.637487 55.7657 77.3095 64.8257 160.066 78.2012 88.3101 63.3403 40.131 4.10701 4.3505 62.4102 63.6275 49.1656 49.0256 
603.592 0 284.811 239.356 158.755 197.26 249.894 0.715166 410.318 80.8063 264.732 88.6426 124.882 29.071 88.9576 5.33663 114.261 350.477 162.694 137.842 42.1581 43.0106 31.7868 46.4269 28.2336 76.012 32.3693 0.738872 
0.247464 191.459 0 238.027 177.714 66.7038 70.7147 257.8 472.902 84.6099 7.89652 82.5925 21.099 14.9473 5.5887 8.53859 23.4078 162.033 0.255102 24.5897 90.1725 1.94632 0.248239 0.425261 0.000124051 0.503608 14.8327 18.1054 
370.297 326.912 392.301 0 160.097 36.9351 1.53534 247.036 46.4424 93.0333 93.2075 191.234 2.05138 6.94389 8.63001 5.34336 79.8899 0.409295 15.7944 48.151 408.768 7.42123 4.24175 4.76929 71.1448 0.209419 5.07025 26.4307 
212.933 12.8675 186.048 6.99495 0 61.3673 334.912 15.8288 112.616 328.045 48.6175 71.5577 82.7719 0.572151 15.5563 0.746916 154.088 202.355 18.6905 92.4063 127.761 51.5113 10.0459 15.5883 59.188 64.5371 4.91577 0.363918 
37.7402 212.423 37.6033 77.5507 566.983 0 901.811 209.137 495.877 32.8777 272.927 45.8131 574.246 0.434681 9.282 24.2975 54.2076 115.588 87.1135 24.2883 41.96 9.79374 0.894218 5.54395 55.6085 27.5928 15.293 16.9294 
195.976 270.304 166.508 160.743 310.958 371.482 0 28.9465 1302.44 400.554 36.6976 5.32879 168.161 11.9979 94.2476 0.463119 109.813 133.641 157.53 2.95368 58.8979 1.88899 9.89372 65.8372 69.1349 5.24179 11.4761 44.6998 
111.403 245.439 53.176 168.954 11.1083 0.680161 5.03751 0 533.231 151.918 275.645 152.989 125.895 1.3868 32.2552 182.273 99.7156 11.9867 46.836 5.72576 30.0635 59.3737 13.3558 78.0356 2.63884 3.29446 83.5562 121.587 
125.17 190.583 373.587 351.428 194.373 472.871 853.431 258.892 0 281.166 1314.51 1.20219e-05 82.4179 152.479 105.34 82.1917 141.032 36.4231 149.881 18.4006 40.3865 36.8689 52.4629 87.7914 148.718 87.5529 60.7812 11.4468 
155.517 109.06 104.058 2.21065 48.3126 369.37 113.493 213.989 386.573 0 259.572 4.69457 298.033 36.5792 52.52 11.0868 54.6672 6.9265 113.14 28.5537 99.3509 60.8527 30.5605 19.691 3.98956 70.8106 9.38133 57.3629 
3.82059 182.816 214.559 201.03 13.9185 208.469 118.239 136.123 13.6039 215.586 0 367.516 233.473 186.728 29.1418 148.232 42.9308 37.7131 78.0845 0.064236 110.56 2.03168 133.563 85.8289 7.79551 32.8933 71.668 87.5425 
175.249 110.089 175.999 45.5965 121.333 116.323 203.957 1.16307 403.371 181.094 506.981 0 124.712 98.6407 258.379 478.709 83.8955 132.628 87.987 96.6558 166.904 0.467939 86.0455 31.5038 164.314 204.805 120.601 175.394 
107.973 147.683 1.23592 33.2946 34.1175 58.6536 0.4777 18.7549 124.978 11.1173 217.45 10.4442 0 21.9758 36.834 82.1257 19.0854 25.685 2.88649 29.1113 17.9344 13.368 41.044 15.3893 5.05287 47.5999 19.9412 43.9737 
0.218397 40.575 13.5513 12.8504 61.1574 1.79665 89.6909 103.949 139.64 33.3703 42.7678 36.1522 156.433 0 1.84583 13.0085 22.0942 9.22714 25.3637 0.984657 2.65521 9.95785 4.06947 9.27581 0.765047 9.57134 10.7106 1.72807 
56.1683 8.03425 26.885 11.6036 43.8655 28.0937 65.0179 89.41 165.079 99.304 88.6768 168.492 74.3281 24.378 0 20.1195 29.9824 54.3699 14.408 5.26835 57.9563 6.4323 13.1568 14.8057 19.6416 16.3221 1.69685 20.6466 
50.7496 83.2529 21.5463 29.7918 72.1449 15.8475 7.20258 156.636 83.9165 85.3831 145.551 447.879 48.8505 17.1937 0.221551 0 12.3091 45.1622 29.9721 1.35089 13.7629 0.00592137 0.578882 25.0437 32.4627 32.7689 0.0372397 21.5535 
58.2535 71.713 55.0793 28.0819 102.418 51.9059 9.05156 99.4511 85.5944 52.699 9.88343 10.4463 59.7762 2.98286 1.50881 24.3545 0 116.035 283.939 31.7258 0.617614 10.7679 17.9613 7.06381 28.0286 5.90518 16.1558 9.63036 
0.788364 81.4701 23.1195 92.7405 40.1058 7.39143e-05 107.044 46.7581 0.432394 4.05156 47.8678 127.523 21.5732 46.268 23.535 55.8729 281.063 0 102.104 42.9551 106.862 40.1279 42.2929 24.9458 21.9679 48.0838 0.00444632 46.9258 
0.343661 113.988 43.1229 27.4373 21.3568 33.9335 134.552 113.291 51.4496 114.677 111.602 66.8614 75.6109 13.3356 7.70921 6.39287 139.219 77.9495 0 34.6672 52.829 15.1102 22.1503 23.9014 11.8175 28.1719 24.3632 10.6595 
155.62 2.65813 9.66165 48.1253 94.8051 21.6902 80.6063 97.0158 99.9956 0.00650233 77.626 78.6874 29.6886 0.845109 5.04454 3.614 2.62198 34.867 19.5751 0 0.784432 3.5107 1.57623 2.67185 13.3376 11.0386 6.77201 11.5101 
77.1137 11.2614 101.398 72.6554 107.631 71.3476 79.8919 0.48599 41.5615 88.7122 4.14645 0.84919 29.5237 44.9299 54.259 0.138158 5.6826 94.3172 1.52053 272.814 0 1.30851 3.38908 29.7488 60.0877 49.0148 0.579763 0.212963 
18.6648 51.4069 8.11406 3.31486 54.1272 20.5188 1.31781 49.9677 39.2856 0.672034 47.0505 3.83432 9.53072 0.471395 11.6505 1.48631 0.374169 41.8485 16.7045 4.63184 8.31775 0 3.16892 3.63115 9.85119 8.62505 6.10299 9.62874 
37.9952 27.9526 2.67181 19.1502 35.8357 15.7758 58.6189 1.74565 26.4364 57.5664 33.6472 106.419 50.381 5.05201 25.267 0.00866819 8.8952 25.1879 7.90338 1.82916 2.14474 3.08158 0 14.8564 18.4199 0.376066 12.1832 9.91567 
43.2868 1.74167 15.6688 6.60403 32.5658 0.449491 0.779309 28.0584 93.7707 60.3281 100.118 0.00468512 3.64206 5.81446 27.1626 6.82878 1.72308 17.2955 23.1143 0.165228 9.80973 14.0018 9.1028 0 1.45955 8.20122 17.6544 14.3384 
62.9582 99.2193 15.9172 59.3611 65.055 48.0593 38.9368 127.038 31.1514 5.84649 85.6702 967.968 44.5315 0.141694 22.001 11.3267 55.7449 26.5267 9.63275 0.0738197 50.4108 59.2577 19.6459 65.668 0 40.2677 190.628 129.364 
32.0994 44.7948 13.8464 1.25547 16.5868 14.939 23.1878 182.581 138.63 49.5286 25.588 259.006 1.85447 7.2673 23.7785 31.5309 11.9685 47.1001 0.35975 4.02231 60.6924 3.90687 9.42221 11.5595 27.719 0 37.2425 0.592097 
4.95939 40.62 14.649 27.472 0.27591 20.1865 32.236 30.7344 22.0865 27.871 84.7293 21.4447 12.2717 11.0775 3.80908 0.264521 9.59585 9.53908 16.9025 9.90586 33.6446 5.91481 4.72941 18.9017 13.0959 25.2495 0 38.8532 
8.36415 49.7517 21.8912 11.8507 3.2322 4.22787 62.1933 15.8531 9.01485 56.9401 97.4382 25.5228 3.70526 0.00828806 22.4494 22.7873 0.522442 49.1344 24.2078 9.30108 32.3302 0.0912152 7.16672 9.86281 9.00477 37.6732 0.209059 0 
