0 647.791 126.851 386.753 257.252 119.511 94.316 150.036 294.792 13.4843 91.8924 64.4298 0.00859204 0.570575 56.1778 77.5678 103.112 157.294 77.2925 85.257 66.2795 40.1038 3.97054 4.16524 101.973 63.1279 49.0699 48.7456 
638.763 0 266.15 271.267 146.04 240.383 236.15 1.14296 452.871 83.9549 265.364 86.4803 125.794 28.5839 88.5058 5.66377 151.808 757.085 161.772 138.447 43.5996 42.8289 31.4695 46.7413 67.3321 76.3621 32.1262 0.66488 
0.0449202 210.156 0 223.516 179.066 66.6972 75.5063 255.011 473.349 85.8242 6.51092 85.058 21.6201 15.0331 5.32069 8.30917 22.9709 161.619 0.190105 24.4043 88.7959 1.98727 0.225983 0.390879 0.00287765 0.572705 14.9163 18.2152 
407.003 368.936 402.519 0 160.692 75.3981 2.13506 1022.58 82.3689 92.2951 95.8951 187.341 1.88765 7.10167 8.33444 5.67719 118.692 0.254256 15.3776 48.1034 704.416 7.49217 4.34328 4.61159 110.145 0.279522 4.95164 26.6194 
209.793 17.5411 185.318 6.18369 0 59.3572 342.763 16.9809 117.865 326.472 46.2841 70.1555 80.9735 0.662077 14.976 0.853702 154.074 204.252 15.926 92.6757 127.429 51.337 9.80839 15.3188 58.9306 64.2839 5.0366 0.409414 
75.9827 247.626 38.6801 115.822 338.091 0 1167.46 208.081 538.203 349.627 272.299 47.3677 191.909 0.382419 8.8901 24.1423 92.8157 116.203 87.5155 24.2737 41.432 9.92019 0.94508 5.4366 94.7183 27.6305 15.3742 16.8126 
199.3 256.521 161.506 158.125 302.337 440.584 0 25.2383 1289.14 412.316 31.3362 4.39817 170.445 11.4007 95.9209 0.605352 109.86 136.344 157.597 3.24721 59.9743 1.76888 9.54309 66.1051 68.5151 5.64011 11.7153 44.2488 
115.683 248.259 57.4614 168.321 12.0878 0.374411 3.52525 0 546.9 149.569 270.657 184.392 125.105 1.13681 34.151 177.567 99.6727 11.271 47.5904 6.17992 31.4965 59.1551 13.9177 79.5058 2.06361 2.41978 84.075 120.791 
161.076 222.408 360.499 392.421 188.782 504.027 924.043 241.837 0 287.737 1027.71 0.107331 84.4824 152.418 94.4164 83.9371 179.965 34.8474 150.363 19.05 39.0513 36.5075 53.2901 88.2972 187.215 88.9914 60.4071 11.0041 
155.762 112.371 104.843 2.52982 52.8106 388.71 101.52 215.007 386.011 0 277.653 3.90233 302.283 37.4802 50.5841 11.7513 54.1378 6.41927 113.789 28.9308 99.37 60.9024 31.0352 20.1162 3.7421 70.4612 9.19373 57.3456 
4.32689 179.844 217.062 200.357 15.3087 204.106 109.333 141.546 14.2298 198.321 0 377.194 235.198 184.311 35.6254 144.44 42.4159 36.6418 77.1608 0.0984801 111.467 1.88855 133.461 84.6102 7.1359 31.3029 72.05 86.8446 
177.298 107.875 174.748 42.316 122.674 117.827 200.696 5.75865 403.182 183.757 503.6 0 125.753 96.4845 255.788 471.315 84.0737 131.942 87.6066 96.6036 167.142 0.402681 87.2364 29.5064 173.241 193.18 120.684 175.699 
108.126 147.462 1.09261 32.7914 32.7098 59.5546 0.765229 19.4887 127.026 8.66023 215.161 11.0794 0 19.8406 38.3057 82.3864 18.788 26.2339 3.09664 28.9038 18.2443 14.0471 42.114 15.8974 4.86269 47.3613 19.7804 44.0377 
0.26065 41.0664 13.4401 12.6795 61.4794 1.69202 90.1654 104.902 140.153 32.4845 39.9318 37.9724 156.332 0 2.76247 12.6383 22.0892 9.4397 25.4379 1.00288 2.55174 10.0121 4.3429 9.37288 0.825447 9.46666 10.6842 1.67466 
55.756 8.49163 26.5845 11.2771 44.654 28.5384 66.7881 86.9407 168.296 101.028 98.773 173.725 75.8591 26.7747 0 23.3283 29.963 54.7089 14.6265 5.20603 57.9945 6.55555 13.5737 15.228 19.9447 16.685 1.76251 20.7605 
50.1025 83.073 21.7094 30.2505 71.9431 16.0881 6.70461 161.604 82.1708 85.8857 141.733 436.378 49.6875 17.4337 0.74881 0 12.4235 45.4737 29.926 1.39196 14.1024 0.0100101 0.653223 24.5461 32.8004 32.8173 0.0266981 21.455 
98.0158 112.125 55.1679 67.1509 100.944 90.5186 9.49157 99.5181 125.365 52.1625 9.5705 10.1659 59.6013 2.92129 1.56942 24.412 0 121.368 95.795 31.8219 0.556559 10.8403 17.9279 6.99057 67.0694 5.81006 16.0931 9.71514 
1.16466 80.8283 24.7099 94.3128 42.2014 0.0144798 109.771 45.4859 0.642488 3.66213 49.0377 126.767 21.0615 46.4594 23.141 55.6646 282.566 0 100.714 42.2497 106.306 40.1994 42.1962 25.168 22.2594 47.8017 0.00173969 46.7999 
0.247176 115.826 42.623 27.9163 18.4071 34.993 135.691 113.542 52.734 114.055 110.95 67.3995 75.9762 13.1958 7.52964 6.26565 142.248 76.4677 0 34.5677 52.4946 15.0081 22.1899 23.9121 11.6844 28.0915 24.3669 10.7621 
160.296 3.18358 9.38437 48.0686 94.7038 21.5718 80.0124 96.2251 99.5776 0.0171232 77.2817 79.2319 29.8929 0.828046 5.10664 3.67107 2.52049 34.1774 19.3542 0 2.26265 3.53256 1.55937 2.64155 13.3646 11.0775 6.73037 11.5118 
74.0374 12.0954 100.176 73.21 106.914 71.0645 80.9779 0.310637 40.2124 88.3399 3.81163 0.672101 29.1679 44.948 54.0933 0.179064 5.86669 93.629 1.41538 281.236 0 1.26653 3.29136 29.9855 60.1477 49.3379 0.539773 0.245864 
18.5018 51.3671 8.05991 3.25826 54.2544 20.5214 1.21733 50.2608 38.9261 0.584853 47.501 4.02597 8.95696 0.511788 11.5296 1.43399 0.355366 41.8132 16.6058 4.61216 8.41197 0 3.00965 3.74692 10.01 8.58388 6.15723 9.65177 
37.8024 27.6335 2.73908 19.1794 35.535 15.7311 59.0209 1.53795 27.1644 57.7717 32.4272 107.354 51.448 5.32706 25.2791 0.0200702 8.8268 24.99 7.80878 1.81191 2.06587 2.924 0 14.2198 18.653 0.405626 12.1325 9.93235 
43.5937 1.62334 15.6643 6.42605 32.864 0.486581 0.883991 29.2597 93.3855 60.2759 101.185 0.0166967 3.91743 5.97241 27.3112 7.41995 1.76591 17.0827 23.0763 0.175143 10.0074 13.9763 9.79169 0 1.72555 8.36241 17.7361 14.3559 
101.478 137.952 15.6926 98.046 64.9052 86.9176 39.6444 129.526 70.5578 5.55013 87.143 640.395 44.2605 0.168899 22.2873 13.162 94.7778 26.8268 9.76 0.0634322 50.1531 65.5453 19.5189 65.7063 0 47.1276 183.972 116.754 
32.7092 45.4105 13.5966 1.41773 16.213 15.1565 22.4512 179.228 139.105 50.1574 24.151 270.006 1.73245 7.38433 24.0831 31.7348 11.8535 46.8112 0.391821 3.9563 60.5424 3.85771 9.46716 11.7078 27.4297 0 37.1123 0.355863 
4.81855 40.4036 14.7338 27.4922 0.246777 20.1934 32.5393 31.3785 22.4798 28.1044 84.5927 20.6807 12.1229 11.0939 3.71781 0.23513 9.66494 9.40253 16.8264 9.93149 33.4911 5.96895 4.81033 18.9415 13.7948 24.8285 0 41.1743 
8.12445 49.4492 21.9241 11.6241 3.10515 4.12578 61.858 15.03 8.61727 56.8754 97.9832 27.087 3.58626 0.00475127 22.378 22.7759 0.547813 49.0436 24.1449 9.34254 32.5675 0.0989794 7.11516 9.95264 8.75734 39.0286 0.0459002 0 
