0 584.291 134.906 334.558 253.885 60.7541 87.1646 158.909 228.325 11.8668 95.4289 60.0892 0.0532329 0.708061 55.3496 77.0411 42.7963 162.813 79.1049 90.6651 60.4455 40.1568 4.24551 4.53952 39.1011 64.1212 49.2593 49.303 
583.607 0 303.169 223.569 171.772 170.314 263.671 0.387024 383.783 77.6872 264.026 90.8139 123.956 29.5597 89.3981 5.01874 92.9625 145.949 163.577 137.193 40.7335 43.1908 32.1037 46.1105 5.395 75.6545 32.612 0.816664 
0.61284 173.048 0 251.298 176.276 66.6749 66.0194 260.411 471.419 83.3794 9.41041 80.135 20.5815 14.8596 5.86208 8.7694 23.8458 162.385 0.329561 24.7705 91.5343 1.9057 0.271519 0.461051 0.000982283 0.438847 14.7484 17.9945 
349.27 300.811 374.191 0 159.452 14.7414 1.03366 1115.67 27.0386 93.7551 90.5268 195.056 2.22175 6.78714 8.92921 5.01836 57.3361 0.600871 16.2151 48.183 79.4085 7.35035 4.14106 4.92914 48.3903 0.149381 5.18995 26.24 
216.011 8.90147 186.685 7.85398 0 65.0303 326.841 14.715 107.431 329.389 50.9949 72.9646 84.5725 0.488737 16.1454 0.647221 154.071 200.41 21.6604 92.1233 128.082 51.6832 10.2857 15.8592 59.4419 64.7857 4.79618 0.321086 
15.7823 193.377 36.5223 55.5216 944.138 0 1485.2 210.108 468.853 260.87 273.368 44.274 641.627 0.490206 9.67985 24.4492 31.8529 114.951 86.6871 24.3 42.4873 9.66731 0.844684 5.65187 32.7489 27.5517 15.2113 17.0453 
192.601 284.068 171.433 163.304 319.404 304.323 0 32.8875 1307.02 388.303 42.4454 6.3468 165.84 12.6081 92.56 0.339834 109.756 130.928 157.43 2.67361 57.8247 2.01297 10.2497 65.5637 69.7494 4.85727 11.2387 45.1493 
107.159 242.551 49.0176 168.737 10.1681 1.07603 6.81468 0 518.993 154.245 280.553 124.046 126.674 1.66131 30.4018 186.899 99.7521 12.7228 46.0836 5.28825 28.6581 59.5898 12.804 76.5609 3.28361 4.30162 83.031 122.363 
105.54 175.066 386.073 326.397 199.948 457.113 780.117 276.152 0 274.464 1487.26 0.102943 80.3623 152.5 119.386 80.4426 118.343 38.026 149.377 17.7603 41.7383 37.2303 51.6352 87.2766 126.456 86.1072 61.1526 11.8971 
155.245 105.758 103.246 1.91263 43.9829 349.483 125.934 212.92 386.849 0 241.646 5.55844 293.532 35.6805 54.4691 10.4391 55.1943 7.45215 112.472 28.1765 99.3247 60.7969 30.0857 19.2681 4.2444 71.1502 9.57033 57.3759 
3.34537 185.76 211.949 201.634 12.5906 212.733 127.379 130.748 17.4526 233.164 0 357.649 231.681 189.055 23.2652 151.984 43.4462 38.7949 79.0054 0.0372765 109.645 2.1799 133.636 87.0392 8.48256 34.5129 71.282 88.2326 
173.173 112.304 177.193 48.9718 119.984 114.802 207.178 0.0598372 403.348 178.397 509.937 0 123.661 100.786 260.781 484.813 83.7134 133.304 88.3625 96.6978 166.645 0.538061 84.8457 33.553 158.299 216.414 120.503 175.035 
107.811 147.883 1.3879 33.7985 35.5474 57.147 0.25746 18.0331 122.921 13.869 219.681 9.82666 0 24.2015 35.3779 81.8488 19.3841 25.14 2.68342 29.3181 17.6265 12.703 39.9762 14.8875 5.24631 47.8354 20.102 43.9078 
0.179851 40.0829 13.661 13.021 60.8304 1.90411 89.2016 102.979 139.093 34.2603 45.6768 34.3645 156.408 0 1.10882 13.3733 22.0984 9.0165 25.2882 0.966556 2.76063 9.90218 3.79854 9.17488 0.706833 9.67502 10.7366 1.7822 
56.5766 7.5884 27.1809 11.9327 43.0783 27.6454 63.2515 91.8809 161.81 97.5505 78.9775 163.21 72.7867 22.0217 0 17.0833 30.0006 54.028 14.1902 5.33074 57.9144 6.30954 12.7395 14.3827 19.3369 15.9587 1.63232 20.5307 
51.3936 83.4227 21.3797 29.3288 72.3401 15.6062 7.717 151.628 85.6582 84.8614 149.332 458.262 48.0105 16.9413 0.00565865 0 12.1948 44.8489 30.0167 1.31033 13.4264 0.00289955 0.508826 25.5183 32.1171 32.703 0.0495299 21.6485 
34.7492 47.5664 54.9837 5.27132 103.881 29.5471 8.62107 99.3778 62.077 53.2337 10.2008 10.73 59.9482 3.04494 1.44933 24.2961 0 110.744 422.521 31.6278 0.681818 10.6955 17.9943 7.13723 5.24162 6.00089 16.2184 9.54576 
0.485147 82.8743 21.5735 91.1583 38.0527 0.0106511 104.323 48.0424 0.263706 4.46018 46.7066 128.269 22.0894 46.0743 23.9304 56.078 279.366 0 103.483 43.6608 107.411 40.0554 42.3879 24.7235 21.677 48.3639 0.0083998 47.0501 
0.455894 112.135 43.6189 26.9592 24.5078 32.8803 133.389 113.03 50.173 115.279 112.244 66.321 75.2398 13.4756 7.89036 6.52106 136.306 79.43 0 34.7644 53.1617 15.212 22.1098 23.8899 11.9509 28.2512 24.359 10.5571 
150.863 2.17923 9.94068 48.1664 94.892 21.8064 81.1901 97.7949 100.401 0.000924581 77.9644 78.1365 29.4833 0.862313 4.98253 3.55713 2.72531 35.5589 19.7959 0 0.0707472 3.48882 1.59313 2.70221 13.3098 10.9989 6.81358 11.508 
80.2234 10.4552 102.599 71.0737 108.34 71.6245 78.8045 0.700408 42.927 89.0789 4.49495 1.04685 29.88 44.9096 54.4215 0.102539 5.50112 94.9999 1.62937 263.898 0 1.35113 3.4881 29.5116 60.0238 48.6892 0.621182 0.182415 
18.828 51.4445 8.16808 3.37186 53.9973 20.5145 1.42215 49.6728 39.6445 0.765194 46.599 3.6471 10.1199 0.432607 11.7708 1.53944 0.393459 41.8826 16.803 4.65145 8.22383 0 3.33121 3.51647 9.6922 8.66594 6.04879 9.60545 
38.1866 28.2718 2.60516 19.1195 36.1355 15.8191 58.2124 1.96615 25.7149 57.3544 34.882 105.467 49.3107 4.77626 25.241 0.00198221 8.9636 25.3856 7.99825 1.84642 2.22501 3.24223 0 15.4734 18.183 0.347584 12.233 9.8984 
42.9776 1.86403 15.6719 6.78371 32.267 0.413837 0.681153 26.8758 94.1456 60.3736 99.037 0.0707571 3.37608 5.65589 27.0021 6.25492 1.68073 17.5089 23.1514 0.155593 9.61367 14.0249 8.41995 0 1.22395 8.04009 17.5708 14.3197 
40.6912 76.7338 16.1413 36.9257 65.2006 25.4527 38.2313 124.528 8.01766 6.14978 84.1923 256.012 44.8002 0.116858 21.7122 10.1495 32.9641 26.2267 9.50596 0.0849852 50.666 52.0992 19.7726 65.4505 0 35.9963 185.023 135.632 
31.4914 44.1785 14.0961 1.10282 16.9636 14.7211 23.933 185.859 138.125 48.8967 27.0584 247.81 1.98049 7.15003 23.4694 31.3109 12.0836 47.3871 0.329045 4.08859 60.838 3.95615 9.37633 11.4101 28.0055 0 37.3627 0.887516 
5.10205 40.8353 14.5636 27.4502 0.306653 20.1788 31.9325 30.0943 21.6956 27.6372 84.86 22.2196 12.4209 11.0605 3.90119 0.295616 9.52682 9.67634 16.9783 9.87997 33.7973 5.86072 4.64884 18.8596 12.4089 25.6671 0 36.5512 
8.60669 50.0519 21.8566 12.0782 3.36164 4.33093 62.5245 16.6956 9.42059 57.0005 96.8829 23.9977 3.82604 0.0128014 22.5183 22.7946 0.497659 49.2235 24.27 9.25932 32.0922 0.0837653 7.21803 9.77248 9.25329 36.3065 0.4899 0 
