0 601.692 145.1 369.906 248.938 90.7852 78.0947 170.414 247.971 9.90699 100.03 54.5945 0.168186 0.908695 54.2506 76.2957 70.7873 169.82 81.4272 93.7713 53.1374 40.218 4.6153 5.04809 63.752 65.3771 49.4931 50.0129 
611.853 0 348.627 267.067 206.75 185.201 299.396 0.00163952 398.987 69.7383 261.85 96.4954 121.481 30.835 90.4876 4.235 122.815 86.6312 165.686 135.293 37.1118 43.6521 32.9256 45.2779 31.2984 74.6904 33.241 1.03693 
2.3197 127.369 0 278.635 172.154 66.4339 54.321 266.332 462.765 80.1094 13.9363 73.7953 19.2551 14.623 6.59655 9.37595 24.9891 163.014 0.567449 25.2173 94.9988 1.80177 0.336814 0.560648 0.0201106 0.291073 14.527 17.7009 
377.134 316.71 310.681 0 157.546 42.3629 0.191275 1186.67 63.0573 95.5536 83.5979 204.64 2.69536 6.38457 9.72383 4.21525 83.9258 1.26955 17.3252 48.1924 284.615 7.16642 3.88347 5.35399 74.4457 0.0405336 5.50611 25.7347 
223.7 1.97522 187.902 10.3063 0 83.3017 304.939 11.9963 94.2905 331.795 57.372 76.6421 89.2618 0.30248 17.717 0.421182 153.879 195.147 30.3096 91.3239 128.859 52.1187 10.9191 16.5701 60.0865 65.4105 4.49145 0.222214 
44.0866 228.615 33.698 83.4444 889.229 0 1122.1 212.224 479.533 78.1224 273.64 40.3506 413.338 0.649809 10.741 24.8275 58.984 113.195 85.4667 24.3167 43.8545 9.33919 0.72216 5.93511 58.5531 27.4292 14.9969 17.3435 
183.619 319.491 183.835 169.675 340.432 149.714 0 44.1899 1278.06 354.48 59.1179 9.39817 159.648 14.2544 88.1138 0.108263 109.553 123.845 157.012 2.00907 55.0502 2.35301 11.1994 64.827 71.3195 3.92294 10.6306 46.3121 
96.3164 234.745 38.8493 169.267 7.91009 2.52483 12.6593 0 479.612 160.198 292.912 61.672 128.647 2.48904 25.7943 198.497 99.8174 14.731 44.1376 4.22841 25.1382 60.1396 11.4161 72.7143 5.28212 7.53158 81.636 124.288 
139.837 220.16 415.338 345.241 214.327 497.194 584.072 321.63 0 256.506 1269.94 1.35306 75.0628 152.36 163.824 75.8873 144.558 42.3193 147.962 16.1385 45.325 38.1686 49.4835 85.8969 153.739 82.3206 62.1064 13.1028 
154.407 97.2334 101.007 1.23718 33.5518 296.56 160.169 209.907 386.224 0 196.224 8.13577 280.715 33.3593 59.5827 8.83573 56.5541 8.90348 110.646 27.196 99.223 60.6235 28.8522 18.1803 4.94146 71.9871 10.0683 57.3892 
2.25503 193.275 204.684 202.878 9.43664 223.321 152.114 117.019 44.4894 279.883 0 331.247 226.71 194.663 10.9565 161.519 44.7887 41.6577 81.3849 0.00129962 107.235 2.5889 133.685 90.1429 10.395 38.8556 70.2597 89.9889 
167.65 118.059 180.026 58.1682 116.443 110.772 215.355 13.5207 402.308 171.234 515.591 0 120.875 106.305 266.115 494.417 83.2216 135.012 89.3157 96.7593 165.879 0.743082 81.687 39.1106 155.887 246.234 120.167 173.85 
107.347 148.305 1.82322 35.1106 39.3669 50.59 0.0008692 16.2142 117.537 22.3635 225.202 8.30363 0 30.3858 31.6753 81.0536 20.167 23.7421 2.18921 29.8517 16.8347 11.0412 37.2162 13.6111 5.76443 48.4329 20.52 43.7269 
0.0970993 38.7993 13.9391 13.463 59.9579 2.19669 87.8616 100.384 137.51 36.5901 53.5545 29.8776 155.754 0 0.0635884 14.2918 22.1059 8.47799 25.0864 0.920084 3.0436 9.75087 3.11217 8.89528 0.565835 9.93965 10.8014 1.9261 
57.6195 6.4838 27.9282 12.8003 41.0375 26.4642 58.6848 98.3042 153.106 92.8693 55.8692 149.305 68.7386 16.1911 0 10.145 30.0419 53.1261 13.6272 5.49323 57.7884 5.99293 11.6548 13.2827 18.5381 15.013 1.46993 20.2197 
53.0537 83.8171 20.9308 28.1057 72.8163 14.9761 9.13011 138.469 90.1609 83.4178 158.957 479.626 45.8168 16.2305 0.90601 0 11.8979 44.0258 30.1254 1.20736 12.5658 3.88555e-05 0.347109 26.6375 31.1834 32.4502 0.0896384 21.8786 
58.9144 70.099 54.7032 31.2418 107.634 56.67 7.54697 99.1579 86.1833 54.6147 11.0466 11.4831 60.3825 3.20889 1.30003 24.1404 0 97.2217 94.5223 31.3642 0.863438 10.5072 18.078 7.32895 31.2509 6.25223 16.3802 9.32631 
0.039366 87.9068 17.7702 87.0031 32.9229 0.155021 97.2836 51.4315 0.0192482 5.61116 43.7292 130.165 23.4522 45.561 24.9657 56.596 274.059 0 107.015 45.4952 108.8 39.8615 42.6279 24.1453 20.9251 49.0822 0.0245124 47.3655 
0.821519 107.259 44.89 25.7213 33.6065 30.178 130.258 112.306 46.8943 116.751 113.866 64.9065 74.2483 13.8394 8.3686 6.85856 129.206 83.2706 0 35.0056 54.0184 15.4761 22.001 23.8562 12.299 28.4518 24.3454 10.2916 
138.186 1.15414 10.674 48.1995 95.0502 22.0974 82.6599 99.7629 101.4 0.0100309 78.8168 76.6749 28.9458 0.907664 4.82183 3.41013 3.00244 37.3675 20.3689 0 1.80819 3.43186 1.63722 2.78131 13.2343 10.8928 6.92132 11.5003 
88.4496 8.49202 105.618 62.3965 110.145 72.3152 75.97 1.43947 46.548 90.0057 5.46438 1.65659 30.8104 44.8467 54.829 0.0347117 5.04206 96.7484 1.92947 238.714 0 1.46502 3.75156 28.8922 59.8399 47.8303 0.735435 0.114014 
19.2526 51.5319 8.3078 3.52168 53.6471 20.4962 1.7116 48.8989 40.5755 1.03525 45.4206 3.18126 11.7232 0.339247 12.0805 1.68126 0.445822 41.9656 17.0577 4.70209 7.98143 0 3.7664 3.22442 9.27827 8.77084 5.90796 9.54366 
38.6767 29.1017 2.4348 19.0327 36.9101 15.9253 57.1349 2.59945 23.8708 56.7724 38.1577 102.913 46.5212 4.06256 25.1092 0.00668969 9.14162 25.8984 8.24611 1.89137 2.44021 3.67347 0 16.968 17.5503 0.278626 12.3584 9.85071 
42.1642 2.20092 15.6727 7.258 31.4881 0.327875 0.456618 23.8938 95.0706 60.4604 96.1635 0.607485 2.72971 5.24205 26.5304 4.85283 1.5729 18.0664 23.2443 0.13187 9.11075 14.0737 6.69314 0 0.75581 7.6219 17.3446 14.2651 
68.05 103.496 16.7216 63.8288 65.56 51.9213 36.4056 117.91 33.214 6.97072 80.329 339.707 45.4874 0.0634182 20.9502 10.2609 58.981 25.449 9.17853 0.117668 51.3169 31.7563 20.0997 64.0219 0 38.4175 125.528 119.116 
29.92 42.5742 14.7448 0.751234 17.9567 14.1541 25.9067 193.997 136.679 47.2388 31.0345 218.026 2.32676 6.84426 22.6454 30.6648 12.3834 48.124 0.255525 4.26212 61.1953 4.08488 9.25267 11.0165 28.7356 0 37.6283 1.92789 
5.48132 41.3898 14.3393 27.3853 0.394141 20.1546 31.1427 28.4483 20.6892 27.0279 85.1722 24.2833 12.8114 11.0136 4.1445 0.384399 9.34766 10.0365 17.1744 9.81141 34.1908 5.72024 4.44092 18.74 10.6836 26.7352 0 30.699 
9.25077 50.8227 21.7582 12.6739 3.70927 4.60333 63.3669 18.9718 10.5127 57.1371 95.3923 20.2206 4.14825 0.0290985 22.6856 22.7951 0.435987 49.4466 24.4287 9.14938 31.4705 0.0658681 7.35018 9.53561 9.90294 32.7205 1.76466 0 
