0 694.336 153.406 480.314 244.266 199.663 70.6523 180.082 347.769 8.37789 103.919 50.0881 0.315606 1.09757 53.3019 75.6126 177.935 175.582 83.3594 93.7493 47.2233 40.2628 4.93894 5.49731 168.062 66.4069 49.68 50.5999 
713.483 0 383.404 386.359 237.247 280.967 329.128 0.204116 494.162 63.2145 259.627 101.335 119.317 31.9193 91.346 3.62128 231.489 580.057 167.256 133.455 34.1456 44.0343 33.6181 44.5629 136.7 73.8367 33.7707 1.24346 
4.60697 92.3203 0 292.16 168.248 66.0441 45.079 270.331 450.197 77.2701 18.4099 68.5041 18.1552 14.4134 7.24349 9.89536 25.9604 163.22 0.8183 25.5686 97.8375 1.71575 0.397392 0.652209 0.0553378 0.189454 14.337 17.4467 
481.072 412.025 268.879 0 155.679 149.26 0.00285476 1129.81 178.28 96.9842 77.8027 212.305 3.13035 6.04992 10.4138 3.58476 189.846 2.02629 18.282 48.1174 686.059 7.01127 3.67038 5.72366 179.9 0.00198407 5.77911 25.2973 
229.83 0.00418439 188.431 12.6221 0 109.029 285.535 9.90116 83.6089 332.593 62.9769 79.7722 93.2301 0.179489 19.0908 0.267515 153.552 190.468 38.6201 90.5768 129.453 52.4739 11.4664 17.1787 60.6138 65.9144 4.24066 0.152674 
151.64 341.268 31.3056 190.454 324.001 0 536.765 213.547 567.41 521.249 272.882 37.1253 342.674 0.801788 11.6668 25.1289 165.389 111.601 84.3103 24.3153 45.0063 9.06222 0.625641 6.17748 163.82 27.308 14.8132 17.5916 
175.807 348.679 193.78 174.715 357.021 55.3172 0 54.8835 1209.33 324.077 75.0525 12.428 154.244 15.7119 84.2956 0.0129989 109.321 117.831 156.483 1.51943 52.7229 2.66062 12.0298 64.1751 72.6155 3.20728 10.1266 47.288 
87.3918 227.823 31.029 177.938 6.21338 4.21892 18.9534 0 444.06 165.109 302.871 25.019 130.253 3.31661 22.1459 207.76 99.8391 16.5345 42.5038 3.42091 22.3164 60.591 10.2964 69.4513 7.33015 10.9388 80.4239 125.808 
252.382 341.877 435.996 443.189 226.304 609.602 422.383 360.293 0 240.809 1480.66 3.51376 70.6397 152.023 199.031 72.0338 250.138 46.0878 146.651 14.8163 48.438 38.9606 47.6647 84.6843 260.171 79.091 62.8993 14.1613 
153.554 90.1129 98.9748 0.779074 25.7157 252.138 190.822 207.1 384.187 0 159.775 10.6843 268.709 31.4163 63.9452 7.5728 57.6914 10.2253 109.006 26.3673 99.0993 60.445 27.8101 17.274 5.56942 72.6421 10.4969 57.3772 
1.49838 199.458 198.028 203.559 7.11055 231.659 173.959 105.732 79.3079 319.889 0 308.241 222.166 198.885 4.05688 169.293 45.9265 44.1335 83.3795 0.00937844 105.163 2.96143 133.568 92.7162 12.1525 42.6684 69.3745 91.4304 
162.848 122.915 182.109 66.3825 113.41 107.285 222.03 42.9042 400.323 165.019 518.047 0 118.464 110.892 269.569 495.288 82.7849 136.401 90.0956 96.7575 165.123 0.942097 78.9749 44.0546 165.068 270.665 119.796 172.567 
106.905 148.552 2.23662 36.2224 42.7068 42.5977 0.14068 14.7417 112.947 30.9973 229.544 7.10992 0 36.0275 28.6457 80.2974 20.8361 22.5818 1.80931 30.2986 16.175 9.71414 34.9051 12.5656 6.2196 48.9215 20.8733 43.5634 
0.0468237 37.7101 14.1661 13.8349 59.1949 2.45865 86.6533 98.1105 135.993 38.5754 60.5396 26.2751 154.542 0 0.183094 15.0294 22.1084 8.03289 24.9095 0.881443 3.29305 9.61561 2.5604 8.64031 0.458369 10.1577 10.8534 2.05139 
58.4799 5.61255 28.5341 13.5467 39.3199 25.4494 54.8613 103.719 145.54 88.7853 39 137.432 65.2788 11.7289 0 5.53737 30.0702 52.3485 13.1549 5.63095 57.6626 5.72808 10.7424 12.3552 17.8562 14.2139 1.33864 19.9461 
54.4398 84.0971 20.5339 27.0518 73.1833 14.4407 10.4091 127.261 93.9323 82.1008 166.824 490.9 43.9524 15.572 3.28542 0 11.6472 43.3202 30.2092 1.12305 11.8545 0.00325638 0.233787 27.4454 30.3563 32.1458 0.132749 22.054 
162.838 172.688 54.4298 136.693 110.743 163.071 6.69016 98.9387 190.029 55.7718 11.7849 12.1371 60.7348 3.3504 1.17976 24.0041 0 86.1234 297.676 31.1316 1.03363 10.348 18.1466 7.49215 136.71 6.46775 16.5161 9.14139 
0.0498283 90.6645 14.8069 83.4496 28.8278 0.408772 91.3835 54.354 0.0318317 6.68361 41.2612 131.717 24.6282 45.1159 25.8492 57.0166 268.591 0 109.939 47.0453 109.934 39.6918 42.8226 23.6562 20.2936 49.6785 0.0447217 47.6236 
1.21368 103.076 45.9425 24.681 42.2705 27.9373 127.492 111.644 44.1695 117.888 115.182 63.6995 73.3795 14.1473 8.78113 7.14889 123.609 86.5043 0 35.1967 54.7334 15.6986 21.9048 23.8231 12.5949 28.6153 24.331 10.0679 
127.214 0.537645 11.3021 48.1446 95.1075 22.331 83.8471 101.361 102.181 0.0443614 79.5063 75.4066 28.487 0.94673 4.68649 3.28687 3.2464 38.9069 20.8521 0 7.28904 3.38362 1.67468 2.84844 13.1665 10.7995 7.01203 11.4912 
95.5434 6.98272 108.049 50.845 111.628 72.8661 73.5666 2.26896 49.6879 90.7593 6.35556 2.2801 31.6017 44.7821 55.1566 0.00532293 4.66801 98.1966 2.20266 215.607 0 1.5648 3.98122 28.3653 59.6643 47.0904 0.839523 0.0686162 
19.6123 51.594 8.42517 3.65034 53.3367 20.4724 1.9768 48.236 41.36 1.29496 44.419 2.81088 13.1575 0.268836 12.3389 1.80531 0.49262 42.0295 17.2717 4.74457 7.77828 0 4.14849 2.98422 8.92787 8.85802 5.78897 9.49002 
39.0829 29.8037 2.29408 18.9514 37.56 16.0077 56.2008 3.20225 22.3478 56.2457 40.9981 100.668 44.1576 3.47134 24.9259 0.0355739 9.29237 26.331 8.45718 1.92947 2.6295 4.05255 0 18.0833 16.9977 0.22607 12.4598 9.80722 
41.4653 2.50703 15.6656 7.66709 30.8271 0.262821 0.301411 21.4801 95.797 60.4981 93.6656 1.47151 2.23448 4.89158 26.0716 3.77997 1.48422 18.5408 23.3186 0.113297 8.69327 14.1021 5.31684 0 0.525009 7.26942 17.1435 14.2123 
174.647 209.557 17.2091 170.02 65.8422 157.758 34.8729 112.227 138.086 7.701 77.0437 211.959 46.0556 0.0308271 20.2943 13.777 164.437 24.7933 8.90408 0.149428 51.8536 16.12 20.3736 61.8351 0 54.4301 66.6081 77.7115 
28.6028 41.2156 15.292 0.505548 18.8114 13.6739 27.616 200.413 135.306 45.8217 34.5611 192.475 2.6406 6.58495 21.927 30.0375 12.6376 48.7367 0.200522 4.41021 61.4736 4.19442 9.14327 10.678 29.3352 0 37.7994 3.10748 
5.81157 41.8529 14.147 27.3216 0.476656 20.1294 30.474 27.0774 19.8498 26.5105 85.405 26.0827 13.1442 10.971 4.35461 0.468401 9.19646 10.3449 17.3392 9.75205 34.5195 5.60163 4.26688 18.6273 9.30043 27.617 0 25.955 
9.81055 51.463 21.6658 13.1821 4.01579 4.83864 64.0575 20.9924 11.4776 57.2298 94.0796 17.2462 4.42997 0.0480265 22.8137 22.7746 0.386935 49.6258 24.5595 9.05484 30.9416 0.0523956 7.46053 9.33298 10.4542 29.6753 3.44438 0 
