0 715.88 154.88 505.315 243.37 224.686 69.3241 181.829 371.113 8.11283 104.624 49.2834 0.347349 1.13379 53.1276 75.4833 202.643 176.612 83.7072 93.5777 46.176 40.2702 4.99885 5.58082 192.253 66.5907 49.7129 50.7052 
736.628 0 389.269 413.166 242.846 303.582 334.453 0.292957 516.585 62.0508 259.185 102.217 118.917 32.1169 91.4957 3.51455 256.469 291.773 167.521 133.098 33.6165 44.103 33.7436 44.432 161.093 73.6778 33.8667 1.28298 
5.10466 86.3985 0 293.575 167.499 65.9551 43.4707 270.956 447.416 76.7473 19.2847 67.5506 17.9576 14.3744 7.3635 9.99025 26.1372 163.225 0.868784 25.6298 98.3443 1.70029 0.408925 0.669559 0.0636164 0.173296 14.3021 17.3999 
504.892 434.433 264.444 0 155.315 173.929 0.020353 1178.44 204.576 97.235 76.7566 213.651 3.21278 5.98973 10.5409 3.47515 214.327 2.1825 18.4577 48.0956 675.873 6.98309 3.63214 5.79185 204.296 0.000256997 5.82926 25.2168 
230.906 0.0321596 188.477 13.0661 0 114.657 281.936 9.54089 81.7134 332.615 64.0147 80.3431 93.951 0.160552 19.3445 0.24329 153.476 189.596 40.2244 90.4342 129.555 52.5372 11.567 17.29 60.7079 66.0035 4.19575 0.141432 
176.436 366.911 30.8715 215.129 601.67 0 658.875 213.742 588.189 544.211 272.647 36.5489 203.465 0.831079 11.8377 25.1818 189.96 111.3 84.0882 24.3136 45.215 9.01193 0.608814 6.22182 188.184 27.2843 14.7796 17.6363 
174.369 353.875 195.527 175.594 359.906 42.7573 0 56.9328 1192.8 318.415 78.1181 13.0222 153.247 15.9832 83.597 0.00560852 109.273 116.737 156.369 1.43762 52.3022 2.71847 12.1834 64.0538 72.8479 3.08454 10.0359 47.4646 
85.7972 226.536 29.6892 180.829 5.92614 4.57258 20.227 0 437.417 165.989 304.629 20.0573 130.539 3.47958 21.5085 209.384 99.8398 16.8724 42.2081 3.28305 21.8193 60.6717 10.0983 68.8573 7.73747 11.623 80.2004 126.074 
278.075 369.236 439.306 466.087 228.459 634.763 394.305 367.295 0 237.916 1035.46 4.01445 69.842 151.94 204.229 71.3338 274.555 46.786 146.402 14.581 49.0112 39.1045 47.3345 84.4595 284.737 78.5019 63.042 14.3575 
153.385 88.8292 98.5923 0.707011 24.3931 244.239 196.519 206.565 383.669 0 153.396 11.1833 266.421 31.0656 64.7403 7.35274 57.8967 10.4747 108.698 26.2167 99.0731 60.4094 27.6211 17.1107 5.68731 72.7559 10.5755 57.3728 
1.37718 200.563 196.77 203.646 6.72184 233.11 178.005 103.716 86.1265 327.152 0 304.008 221.308 199.599 3.15956 170.674 46.1335 44.5889 83.7402 0.014644 104.783 3.03176 133.532 93.1783 12.4858 43.3744 69.2117 91.6881 
161.963 123.797 182.456 67.9144 112.855 106.644 223.218 49.9461 399.854 163.875 518.262 0 118.02 111.716 270.091 494.726 82.7035 136.647 90.2347 96.7519 164.976 0.980788 78.4784 44.9757 167.31 274.994 119.72 172.307 
106.82 148.586 2.31623 36.4246 43.3242 40.969 0.201236 14.4807 112.11 32.7026 230.299 6.90231 0 37.0902 28.1061 80.1518 20.9583 22.373 1.74403 30.3794 16.0561 9.48075 34.488 12.379 6.30399 49.0086 20.9376 43.5326 
0.0396291 37.5119 14.2065 13.9023 59.0539 2.50768 86.4264 97.6897 135.7 38.9372 61.8383 25.6399 154.258 0 0.303992 15.1591 22.1084 7.95303 24.8767 0.87449 3.33936 9.59032 2.46364 8.59223 0.440016 10.1967 10.8625 2.0745 
58.634 5.46046 28.6415 13.6835 39.0087 25.2636 54.1711 104.7 144.148 88.032 36.2207 135.27 64.6473 10.9756 0 4.83809 30.0748 52.2056 13.0694 5.65602 57.6379 5.68023 10.5774 12.1872 17.7317 14.0689 1.31537 19.8953 
54.6899 84.1427 20.4601 26.8586 73.2464 14.3431 10.6498 125.223 94.6136 81.8523 168.223 492.251 43.6131 15.4472 3.87154 0 11.6016 43.1911 30.2236 1.10801 11.7269 0.00439709 0.215524 27.5778 30.2024 32.0816 0.141486 22.084 
186.962 196.574 54.3766 161.095 111.302 187.642 6.53948 98.8955 214.136 55.981 11.9214 12.2577 60.7974 3.37639 1.15849 23.9788 0 84.1457 372.442 31.0884 1.06621 10.319 18.1588 7.52189 161.11 6.50721 16.5407 9.10785 
0.089921 90.7798 14.2945 82.8001 28.1078 0.467833 90.3175 54.8902 0.0557432 6.88819 40.8175 131.994 24.8442 45.0339 26.0105 57.0913 267.503 0 110.464 47.3267 110.137 39.6604 42.8572 23.5673 20.1793 49.7857 0.0490421 47.6697 
1.29308 102.31 46.1315 24.4925 43.9362 27.5349 126.979 111.519 43.6794 118.085 115.416 63.4792 73.2187 14.2032 8.85693 7.20211 122.62 87.09 0 35.2302 54.8624 15.739 21.8869 23.8167 12.6488 28.6444 24.3281 10.0273 
125.204 0.450451 11.4169 48.1264 95.1104 22.3722 84.0572 101.645 102.316 0.0532273 79.6286 75.1728 28.4032 0.953901 4.66194 3.26456 3.29168 39.1874 20.9397 0 8.67145 3.37485 1.6815 2.86067 13.1538 10.7822 7.02848 11.4893 
96.8444 6.72369 108.478 48.4559 111.893 72.9629 73.1295 2.43968 50.2658 90.8932 6.52448 2.40399 31.7458 44.7692 55.2144 0.00274035 4.60141 98.4569 2.25422 211.273 0 1.58328 4.02358 28.2694 59.6304 46.9546 0.859173 0.06159 
19.6777 51.6041 8.44644 3.67393 53.2789 20.4673 2.02703 48.1146 41.5023 1.34523 44.2366 2.74596 13.4259 0.256903 12.3855 1.82827 0.501367 42.0405 17.3105 4.75225 7.7415 0 4.21919 2.94131 8.86418 8.87371 5.76738 9.48013 
39.1559 29.9312 2.26885 18.9358 37.6776 16.022 56.0289 3.31843 22.0748 56.1467 41.5206 100.252 43.7283 3.36586 24.8855 0.0432744 9.31976 26.4095 8.49566 1.9364 2.66468 4.12279 0 18.2692 16.8956 0.217098 12.4778 9.79902 
41.3373 2.56472 15.6636 7.7422 30.7068 0.251755 0.276629 21.0524 95.9234 60.5014 93.2055 1.6687 2.14957 4.82796 25.9825 3.59707 1.46835 18.6273 23.3317 0.110068 8.61824 14.106 5.07754 0 0.499473 7.20551 17.106 14.2021 
199.254 234.063 17.2974 194.551 65.8913 182.225 34.5955 111.186 162.39 7.83724 76.445 479.354 46.1576 0.0261486 20.174 14.7171 188.836 24.6744 8.85442 0.155604 51.9497 13.7285 20.423 61.3433 0 58.3522 59.3126 69.2323 
28.3648 40.9686 15.3913 0.466017 18.9683 13.5866 27.9306 201.53 135.042 45.5627 35.2174 187.834 2.69964 6.53777 21.7944 29.9157 12.6839 48.847 0.191239 4.43726 61.5219 4.21442 9.12291 10.616 29.4423 0 37.8252 3.35053 
5.87252 41.9365 14.1117 27.3091 0.492497 20.1244 30.3523 26.8304 19.6986 26.4164 85.4442 26.4148 13.205 10.963 4.39322 0.484541 9.16901 10.4013 17.369 9.74111 34.5789 5.58009 4.23545 18.6056 9.0571 27.7749 0 25.1182 
9.91382 51.5782 21.6481 13.2748 4.07276 4.88187 64.1809 21.3686 11.6571 57.2444 93.8359 16.7281 4.48209 0.0519722 22.8356 22.7688 0.378325 49.6574 24.583 9.0375 30.8452 0.0501099 7.48044 9.29593 10.5543 29.123 3.80708 0 
