0 807.682 185.8 694.445 217.967 442.099 40.2967 222.154 546.292 2.99291 121.372 31.526 1.56081 2.17352 48.7981 71.9294 412.663 199.362 91.6903 99.64 24.0222 40.3859 6.52882 7.74936 389.847 70.6749 50.3998 53.1012 
861.091 0 472.215 660.979 374.559 462.569 447.747 7.17481 663.189 36.5549 245.309 123.445 108.747 36.8767 94.4824 1.42129 472.474 177.876 171.827 122.611 21.9369 45.6726 36.7209 41.206 363.783 69.5428 36.1428 2.41139 
24.1275 1.57234 0 231.473 146.253 62.2018 12.7535 276.171 342.168 63.7628 45.4148 45.7953 13.4509 13.3604 10.4364 12.3006 30.3867 160.391 2.5197 26.837 109.462 1.34761 0.73276 1.15022 0.433721 0.00161452 13.4451 16.231 
667.199 578.072 244.362 0 144.436 383.497 5.17493 1304.91 461.928 102.357 52.7702 240.89 5.49119 4.60827 13.7219 1.32992 418.562 7.61032 22.8033 46.8305 600.981 6.31298 2.76269 7.50947 406.357 0.445107 7.07827 23.2061 
252.714 35.585 185.035 25.7139 0 286.396 192.325 2.85409 41.4722 321.943 90.4384 94.1 111.053 0.022889 25.7851 0.00684967 150.177 166.965 85.9508 86.3988 131.398 53.9316 14.0736 20.0171 62.7915 67.9072 3.18427 0.000562796 
389.732 592.506 20.7449 423.543 780.009 0 541.017 214.064 672.859 139.113 258.299 23.7595 495.167 1.68145 16.1305 26.2694 396.59 103.185 77.7255 24.1305 50.1522 7.81751 0.272117 7.30518 389.716 26.5584 13.954 18.6674 
138.734 461.743 230.377 192.952 414.551 226.896 0 114.471 560.825 179.406 164.206 31.0843 128.256 23.0124 66.6203 0.744056 107.585 90.7137 152.079 0.150629 42.4543 4.28258 16.0893 60.9013 78.0916 0.848169 7.96279 51.6123 
50.7033 193.369 6.00046 362.411 1.05322 17.0928 61.8282 0 270.766 185.655 341.215 65.9499 136.785 8.4989 8.79057 241.652 99.5508 25.8698 35.2653 0.8142 11.436 62.4766 5.8769 54.7234 20.5337 33.5964 74.5776 131.387 
511.812 641.092 472.323 621.424 276.983 809.175 0.818778 523.479 0 166.906 956.38 25.6479 51.4829 147.916 174.033 54.796 477.037 64.5791 139.43 9.43086 63.3552 42.5293 39.4878 78.6913 490.323 64.308 66.3268 19.3865 
148.061 59.5458 88.3222 0.0272382 2.89441 93.1889 335.408 191.572 358.147 0 33.8688 26.282 204.051 22.9507 83.6525 2.99581 62.6831 17.2655 100.526 22.6309 98.1041 59.2714 23.1294 13.3461 8.84342 74.9808 12.5223 57.0559 
0.00179384 225.067 162.989 202.324 0.65004 260.929 278.126 59.5852 217.976 487.727 0 201.441 198.035 211.437 15.2205 200.023 51.1026 55.9277 92.1718 0.490317 95.4119 4.95323 131.229 103.662 21.6444 61.2801 65.1336 97.4232 
139.838 144.589 187.767 107.398 99.3164 90.7721 248.984 345.644 378.947 135.517 502.173 0 106.952 130.361 272.473 418.979 80.5701 142.026 93.3204 96.1281 160.489 2.13753 66.3479 68.7359 151.332 361.701 117.113 163.624 
104.349 148.389 4.62085 41.2638 58.946 4.80679 4.86511 8.85998 91.9655 84.4445 245.104 2.81958 0 65.1017 16.3551 75.9404 23.9438 17.5883 0.533707 32.2713 13.3039 4.66877 24.8533 8.24981 8.47358 50.9344 22.4729 42.7004 
0.0469587 32.7498 15.0929 15.4899 55.4617 3.8045 80.3616 86.9984 127.165 47.6311 94.8734 12.4625 141.795 0 11.5893 17.7688 22.0743 6.13832 24.036 0.714197 4.53863 8.92327 0.616923 7.30322 0.110678 11.0711 11.0559 2.65847 
62.1131 2.41474 30.9466 17.0466 31.6854 20.7327 38.2693 127.576 109.889 69.3081 0.164361 84.7408 49.4887 0.202988 0 2.46815 30.1226 48.6639 11.0634 6.2577 56.8712 4.56751 6.79138 8.29366 14.7237 10.6559 0.815142 18.5898 
60.4758 84.7414 18.5537 22.1211 74.4288 12.0041 17.1179 77.7988 110.363 75.1017 198.143 459.203 35.4879 12.0758 29.463 0 10.5155 40.0211 30.4937 0.77428 8.83162 0.082835 7.43795e-07 29.3015 26.2455 29.7694 0.433386 22.621 
383.175 387.601 52.7827 363.925 123.952 394.286 3.41749 97.5642 409.67 60.8734 15.3923 15.2961 62.1573 4.02438 0.704449 23.3343 0 41.7219 116.009 29.967 1.99556 9.62539 18.4313 8.24318 363.684 7.47781 17.1208 8.311 
4.54912 43.6547 4.5719 67.1043 13.3364 3.06295 65.6502 68.1564 2.61454 12.6547 30.7043 138.134 30.2119 42.9741 29.9324 58.7167 233.634 0 122.329 54.0114 114.579 38.8549 43.6101 21.4386 17.4875 52.2471 0.212377 48.6933 
3.93556 83.692 50.4176 20.0653 90.8265 18.4555 113.745 108.081 32.4693 121.761 120.491 58.119 69.109 15.5418 10.7398 8.51862 98.5156 100.845 0 35.9125 57.86 16.6969 21.4209 23.6219 13.9519 29.2844 24.2318 9.06463 
77.6468 0.673257 14.2051 46.9467 94.4839 23.2392 88.5453 107.783 104.952 0.506679 82.2602 69.3138 26.3607 1.13184 4.08071 2.74191 4.45987 45.9528 23.0204 0 73.2559 3.16395 1.84643 3.15504 12.8155 10.3372 7.41842 11.4206 
128.6 1.94705 117.485 0.873016 117.809 74.9697 62.6612 8.34499 64.7031 93.8159 11.2003 6.33312 35.2324 44.357 56.4412 0.195457 3.13901 104.387 3.66244 104.814 0 2.05736 5.0999 25.9472 58.6385 43.59 1.39706 0.00680199 
21.2476 51.7391 8.94771 4.25539 51.768 20.2702 3.41204 45.1395 44.8786 2.82832 39.8354 1.40903 20.4859 0.0509357 13.4636 2.41301 0.733879 42.2452 18.225 4.93304 6.87819 0 6.00899 1.98508 7.34714 9.23469 5.25158 9.23081 
40.8243 32.9781 1.69744 18.4938 40.4387 16.2956 51.7233 6.69289 15.9131 53.4744 54.5189 89.614 33.5575 1.18272 23.2977 0.449564 9.97791 28.2769 9.42947 2.10303 3.57156 5.90342 0 20.8452 14.3301 0.0556829 12.8652 9.57431 
38.1812 4.13471 15.5429 9.60282 27.8096 0.0571465 0.000794211 11.9185 98.4225 60.257 81.6831 9.99886 0.598192 3.33967 23.3588 0.508949 1.11152 20.7234 23.6072 0.046444 6.89548 14.0812 0.803941 0 1.40146 5.7012 16.1235 13.8969 
406.717 438.843 19.3691 400.009 66.8663 386.306 28.096 86.0057 363.583 11.408 62.1069 281.706 48.4754 0.0293998 17.2202 48.8512 391.291 21.849 7.6895 0.340652 54.1195 26.2735 21.5684 42.48 0 117.313 191.029 88.2663 
22.8054 35.0688 17.736 0 22.8451 11.5031 35.765 223.203 127.434 39.2724 52.1721 83.9477 4.29972 5.41095 18.4735 26.3546 13.7961 51.3865 0.0342303 5.09535 62.4569 4.69827 8.59409 9.09638 31.8083 0 37.9483 11.566 
7.41629 43.8826 13.2458 26.93 0.948997 19.9613 27.4378 21.1368 16.1893 24.1468 86.0965 34.8059 14.6819 10.7433 5.35428 0.950572 8.51439 11.7865 18.0732 9.46683 35.9632 5.06671 3.50155 17.986 4.1105 31.3052 0 8.35856 
12.5164 54.2263 21.1414 15.5266 5.54834 5.95974 66.9279 31.1622 16.3116 57.3845 87.5614 6.52546 5.81216 0.19291 23.2359 22.4404 0.200472 50.3275 25.1121 8.60877 28.5108 0.0105242 7.94311 8.39169 12.9101 16.4899 17.2872 0 
