0 625.041 191.904 538.119 210.574 300.784 34.0337 231.543 393.981 2.09636 125.464 27.6012 1.99839 2.48368 47.6768 70.9118 269.587 204.374 93.563 110.661 19.4778 40.3958 6.9382 8.33852 243.673 71.591 50.5406 53.6583 
684.14 0 472.548 522.952 404.41 306.901 469.829 10.2889 502.155 31.032 240.905 128.716 106.053 38.0667 95.0419 1.04109 330.706 471.989 172.28 119.456 19.3493 46.0406 37.4518 40.3775 218.956 68.4183 36.7021 2.74653 
30.8181 0.693231 0 193.478 140.1 60.8044 7.77224 274.501 307.276 60.4328 53.299 40.7869 12.4021 13.0854 11.2537 12.882 31.4436 158.81 3.06106 27.0572 111.892 1.26505 0.82748 1.28902 0.577063 0.0238362 13.2249 15.926 
505.182 415.917 163.695 0 141.117 240.437 7.84972 1318.38 332.825 103.355 47.2089 245.989 6.148 4.28391 14.5497 0.946547 273.946 9.45338 23.9227 46.297 82.1053 6.14743 2.56073 7.96063 261.168 0.70081 7.40312 22.6823 
256.857 54.259 182.83 29.4214 0 320.862 170.001 1.78677 33.2304 316.016 97.408 97.5366 115.225 0.083688 27.488 0.051434 148.918 160.873 99.105 85.2146 131.678 54.2419 14.7262 20.7135 63.2586 68.3108 2.95162 0.00415041 
247.8 451.067 18.3685 279.809 389.281 0 87.0235 212.844 492.241 703.636 252.228 20.9122 208.451 1.93666 17.2474 26.4846 252.635 100.905 75.8489 24.0429 51.3585 7.52361 0.208496 7.5808 244.465 26.3314 13.7424 18.9119 
129.668 481.853 236.59 196.059 423.218 385.395 0 130.878 386.724 146.592 188.475 36.667 121.787 24.9102 62.379 1.20149 107.004 84.3658 150.549 0.0341216 40.0826 4.72492 17.1271 60.0442 79.2949 0.505359 7.47615 52.6182 
43.0634 184.541 2.83083 408.515 0.451964 21.3655 75.186 0 229.868 190.078 348.48 124.298 138.155 10.0739 6.44155 247.406 99.3874 28.3699 33.583 0.453814 9.32884 62.8873 4.98805 51.263 24.5815 40.5924 73.1006 132.386 
374.574 512.394 465.857 461.871 287.86 644.096 16.9371 556.248 0 149.34 928.671 33.796 47.1749 146.303 159.457 50.7933 331.923 69.2986 137.405 8.30073 67.0894 43.3751 37.5628 77.1461 345.831 60.781 67.1034 20.7338 
146.363 52.8163 85.4664 0.173585 0.772785 71.7854 367.912 187.225 348.084 0 16.6498 30.9364 186.966 21.0367 88.226 2.19697 63.8314 19.1927 98.2638 21.7465 97.7607 58.9032 22.0281 12.4564 9.72593 75.3812 13.0257 56.9141 
0.120146 230.5 153.704 200.978 0.127607 265.558 302.906 50.0685 251.62 520.188 0 176.598 191.507 212.729 27.9842 206.009 52.3415 58.8701 94.2016 0.713476 93.0046 5.5021 130.234 106.074 24.2597 65.9803 64.0671 98.7144 
134.103 149.63 188.168 117.802 95.8849 86.7026 254.502 444.59 370.965 128.259 491.97 0 104.077 134.6 270.017 384.206 79.984 143.201 94.0132 95.8264 159.092 2.49429 63.2814 75.0486 115.043 376.439 116.231 160.758 
103.605 148.036 5.31213 42.4637 63.0532 2.12482 6.97505 7.65565 86.964 99.9978 247.748 2.0748 0 72.5762 13.8288 74.6834 24.7037 16.4637 0.339267 32.7289 12.6478 3.71474 22.5915 7.33012 9.05731 51.3647 22.8544 42.4648 
0.102774 31.5642 15.2878 15.8758 54.5061 4.16232 78.6728 84.1739 124.609 49.782 103.462 9.84175 137.119 0 16.4626 18.2441 22.0551 5.71649 23.8101 0.676204 4.86397 8.73979 0.333916 6.948 0.0622873 11.2692 11.0961 2.81266 
62.9123 1.83989 31.4342 17.9042 29.9106 19.5928 34.5539 132.994 101.285 64.5358 1.04175 73.0013 45.764 0.0848455 0 6.2399 30.1165 47.747 10.5772 6.40777 56.6284 4.30133 5.92226 7.3831 13.9731 9.83423 0.707897 18.2392 
61.8478 84.7417 18.0409 20.9227 74.6229 11.4243 18.9283 66.8409 114.07 73.199 204.307 432.679 33.4837 11.1555 38.1619 0 10.2465 39.21 30.5382 0.699345 8.16117 0.117674 0.0137937 29.2745 25.1936 28.9754 0.530671 22.6994 
236.731 240.037 52.2916 219.113 126.858 250.343 2.78888 97.1434 262.974 62.0528 16.3162 16.0973 62.454 4.19332 0.608073 23.1616 0 32.997 467.893 29.6624 2.27168 9.45252 18.4929 8.42542 218.74 7.72714 17.2626 8.11451 
6.69451 25.0985 2.96036 63.1945 10.4423 4.0583 59.8404 71.5696 3.8433 14.3431 28.3492 139.511 31.6043 42.4328 30.9244 59.0715 223.14 0 125.048 55.6506 115.564 38.6385 43.7749 20.9092 16.8317 52.8267 0.271037 48.9241 
4.81267 79.022 51.4063 18.9933 104.168 16.3914 110.201 107.095 29.8546 122.363 121.592 56.762 68.0114 15.8742 11.2283 8.85855 91.5859 104.16 0 36.0462 58.5777 16.9328 21.2937 23.5613 14.2796 29.4264 24.1997 8.82758 
66.5731 1.42166 14.904 46.4336 94.12 23.4181 89.4923 109.105 105.422 0.691735 82.8249 67.7808 25.8422 1.17799 3.93813 2.61545 4.77551 47.6424 23.5317 0 96.8823 3.11121 1.88792 3.22875 12.721 10.2174 7.51434 11.3965 
136.553 1.19636 119.318 1.17897 119.148 75.3739 60.067 10.349 68.4549 94.4564 12.5498 7.59599 36.11 44.2233 56.6985 0.319827 2.81488 105.769 4.06486 80.5307 0 2.18493 5.38603 25.3627 58.3377 42.7204 1.55122 0.027269 
21.6395 51.7404 9.07013 4.40522 51.3543 20.1988 3.81113 44.3783 45.7087 3.28015 38.7322 1.14256 22.4188 0.024044 13.7197 2.56876 0.798669 42.2788 18.4485 4.97708 6.66823 0 6.47664 1.77034 6.97405 9.32008 5.12371 9.16495 
41.2154 33.7332 1.56546 18.363 41.1086 16.3431 50.5987 7.707 14.4999 52.7222 57.8691 86.7874 31.0913 0.784578 22.726 0.615608 10.1423 28.7378 9.66546 2.14468 3.81701 6.3698 0 20.8579 13.6634 0.0317746 12.9485 9.51 
37.3704 4.58146 15.4916 10.0826 27.0848 0.0299963 0.0278188 9.99924 98.8833 60.0988 78.6883 13.1158 0.359066 2.98783 22.5725 0.16773 1.02962 21.2524 23.6643 0.0347314 6.48963 14.0397 0.289178 0 2.07085 5.33733 15.8547 13.8033 
262.97 294.347 19.8697 255.704 67.0481 241.702 26.5277 79.7583 218.577 12.3859 58.5671 238.586 49.0138 0.06485 16.4687 55.0009 246.292 21.1534 7.40676 0.397827 54.619 44.7187 21.839 36.4431 0 98.3103 143.893 125.473 
21.4704 33.6106 18.3061 0.0294148 23.8449 10.989 37.7948 226.925 125.17 37.6885 56.7095 62.4166 4.75289 5.13317 17.6128 25.2965 14.0744 51.9872 0.014851 5.26205 62.623 4.82029 8.45054 8.71038 32.3307 0 37.8301 14.2349 
7.82568 44.3501 13.0237 26.8115 1.08585 19.9079 26.7122 19.7902 15.3517 23.5782 86.1724 37.0148 15.0563 10.6806 5.60409 1.09014 8.35212 12.1416 18.2455 9.39476 36.2966 4.93961 3.32502 17.8018 3.17879 32.0979 0 5.42658 
13.2024 54.8511 20.9907 16.0942 5.94908 6.24029 67.548 33.8165 17.574 57.3563 85.874 4.68313 6.16771 0.241872 23.2975 22.3023 0.164684 50.4681 25.2343 8.498 27.9226 0.00521859 8.05387 8.16206 13.4728 13.6665 21.8683 0 
