0 641.255 191.424 552.141 211.204 313.446 34.5383 230.774 407.563 2.16504 125.125 27.9196 1.95989 2.4571 47.7708 70.9982 282.393 203.968 93.4092 109.548 19.8395 40.3952 6.90367 8.28874 256.736 71.5163 50.5293 53.6126 
699.926 0 472.853 535.411 402.002 320.748 468.109 10.0088 516.483 31.4781 241.285 128.278 106.28 37.9676 94.9983 1.07057 343.406 619.369 172.252 119.727 19.5593 46.0103 37.3911 40.4468 231.906 68.5133 36.6556 2.71782 
30.2347 0.433918 0 196.831 140.623 60.9273 8.14235 274.686 310.265 60.7107 52.6248 41.1961 12.4883 13.1086 11.1849 12.8336 31.3558 158.955 3.01403 27.0401 111.696 1.27185 0.819382 1.27717 0.564357 0.0209863 13.2434 15.9516 
519.655 430.337 171.348 0 141.402 253.24 7.60647 1243.74 344.444 103.277 47.6638 245.593 6.09204 4.3106 14.4803 0.976089 286.882 9.2926 23.8291 46.3447 37.9823 6.1612 2.57731 7.92279 274.152 0.67733 7.37587 22.7263 
256.533 52.5687 183.034 29.1049 0 318.354 171.845 1.86637 33.8872 316.557 96.8224 97.2507 114.879 0.0771633 27.3451 0.046133 149.029 161.386 97.9902 85.3158 131.657 54.2167 14.6715 20.6553 63.2205 68.2782 2.97071 0.00325775 
260.506 463.773 18.5632 292.674 247.74 0 15.4428 212.965 508.22 699.422 252.769 21.1437 271.957 1.91477 17.1539 26.4676 265.515 101.099 76.0093 24.0508 51.2586 7.54799 0.213474 7.55777 257.453 26.351 13.7601 18.8918 
130.423 480.304 236.115 195.82 422.579 371.487 0 129.487 400.622 149.254 186.426 36.1866 122.328 24.7501 62.7318 1.15925 107.055 84.8908 150.683 0.040673 40.2786 4.68734 17.0397 60.1166 79.1964 0.530542 7.51624 52.5348 
43.6802 185.283 3.05049 405.252 0.492513 20.9931 74.0327 0 233.22 189.718 347.906 118.817 138.044 9.93804 6.62375 246.966 99.4024 28.158 33.7222 0.479861 9.49674 62.8537 5.05943 51.5498 24.2324 39.9893 73.2247 132.308 
386.897 524.026 466.619 476.083 286.976 658.914 13.6802 553.651 0 150.791 1145.91 33.0773 47.5292 146.447 159.966 51.1241 344.901 68.9012 137.578 8.3924 66.7764 43.3047 37.7225 77.2763 358.759 61.0741 67.0394 20.6203 
146.51 53.366 85.708 0.15655 0.898062 73.2684 365.276 187.596 348.974 0 17.8618 30.536 188.401 21.1941 87.8491 2.25899 63.7365 19.0288 98.4553 21.82 97.7909 58.9351 22.1196 12.5297 9.65111 75.3503 12.9836 56.9269 
0.103189 230.059 154.487 201.105 0.155788 265.21 300.862 50.8352 248.358 517.647 0 178.64 192.06 212.648 26.7828 205.534 52.2384 58.6234 94.0337 0.693293 93.206 5.4553 130.323 105.877 24.0374 65.5862 64.1566 98.6091 
134.583 149.213 188.149 116.932 96.1711 87.0425 254.058 436.184 371.67 128.865 492.91 0 104.318 134.254 270.267 387.29 80.0336 143.106 93.9567 95.8538 159.212 2.46357 63.5369 74.5186 118.285 375.338 116.308 161.007 
103.668 148.07 5.25278 42.3641 62.7085 2.19303 6.78518 7.75284 87.3793 98.6715 247.545 2.13256 0 71.9502 14.0323 74.7912 24.6402 16.5563 0.353805 32.691 12.7019 3.79026 22.7774 7.40485 9.00807 51.3296 22.8227 42.4848 
0.0972953 31.6628 15.272 15.8439 54.5867 4.13203 78.816 84.4111 124.828 49.6033 102.745 10.0493 137.531 0 16.0345 18.2076 22.0569 5.75113 23.8292 0.679342 4.83647 8.75529 0.354337 6.97797 0.0657972 11.253 11.0929 2.7997 
62.8468 1.88493 31.395 17.8326 30.0574 19.6876 34.8587 132.549 101.999 64.9329 0.813226 73.9586 46.0724 0.0526688 0 5.86404 30.1173 47.8239 10.6175 6.39527 56.6494 4.32329 5.99315 7.45782 14.0355 9.90211 0.716552 18.2687 
61.7348 84.7439 18.0841 21.0226 74.6083 11.4725 18.7748 67.7338 113.766 73.3608 203.816 435.128 33.6503 11.2328 37.422 0 10.2689 39.2778 30.5349 0.705458 8.21622 0.114538 0.0116069 29.2838 25.2821 29.0446 0.522199 22.6938 
249.816 253.212 52.3339 232.063 126.62 263.221 2.83888 97.1798 276.081 61.9552 16.2384 16.0299 62.43 4.17915 0.615839 23.1761 0 33.6901 440.587 29.6881 2.24802 9.46692 18.4879 8.41021 231.701 7.70626 17.2508 8.13084 
6.50039 26.5176 3.08171 63.5195 10.6706 3.97015 60.318 71.2841 3.73209 14.1989 28.5426 139.399 31.4876 42.4782 30.8416 59.0428 224.041 0 124.826 55.5147 115.484 38.6568 43.7615 20.9532 16.886 52.7789 0.265885 48.9053 
4.73628 79.4106 51.3253 19.0819 103.039 16.5598 110.499 107.179 30.0693 122.318 121.503 56.8754 68.1037 15.8465 11.1873 8.83007 92.1861 103.886 0 36.0356 58.5185 16.9132 21.3045 23.5666 14.2524 29.4149 24.2025 8.84727 
67.4744 1.34882 14.846 46.4796 94.1534 23.4038 89.4161 108.998 105.386 0.675232 82.7793 67.9094 25.8855 1.17412 3.94997 2.62592 4.74883 47.5018 23.4892 0 94.8324 3.11561 1.88446 3.22262 12.729 10.2275 7.50637 11.3986 
135.893 1.25199 119.172 0.89668 119.039 75.3418 60.2825 10.1741 68.1408 94.4044 12.4347 7.48652 36.037 44.2349 56.6778 0.3083 2.84123 105.656 4.03051 82.4773 0 2.17415 5.3619 25.4115 58.3635 42.7932 1.53808 0.0250408 
21.6068 51.7408 9.05997 4.39269 51.3893 20.2051 3.77706 44.442 45.6397 3.24128 38.8241 1.16374 22.2555 0.025905 13.6986 2.55564 0.793159 42.2762 18.43 4.97343 6.68563 0 6.43743 1.78786 7.00501 9.31304 5.13437 9.1705 
41.1832 33.6704 1.57628 18.3742 41.0531 16.3394 50.693 7.62015 14.6156 52.7862 57.5887 87.025 31.2953 0.814943 22.7761 0.600827 10.1286 28.6995 9.64576 2.14121 3.7963 6.33068 0 20.8669 13.7192 0.0335144 12.9418 9.51548 
37.4384 4.54344 15.4962 10.0424 27.1453 0.031929 0.0240961 10.1532 98.8474 60.1135 78.939 12.841 0.37667 3.0167 22.6398 0.18917 1.03633 21.2082 23.6597 0.0356428 6.52309 14.0437 0.322429 0 2.00859 5.36743 15.8775 13.8113 
275.832 307.273 19.8283 268.614 67.0339 254.636 26.6574 80.2762 231.54 12.3033 58.8609 144.888 48.9696 0.0613731 16.5314 54.6024 259.258 21.2112 7.43017 0.392904 54.578 43.1751 21.8167 36.9521 0 100.337 149.498 123.5 
21.5804 33.7316 18.2589 0.024729 23.7613 11.0316 37.625 226.643 125.364 37.8206 56.3277 64.1151 4.71434 5.15621 17.6848 25.3868 14.0512 51.9376 0.0161602 5.24814 62.6102 4.81012 8.46267 8.74259 32.2884 0 37.8422 14.0049 
7.79122 44.3115 13.0423 26.8218 1.0741 19.9126 26.7726 19.901 15.4208 23.6256 86.1674 36.8292 15.025 10.686 5.58315 1.07816 8.36562 12.1119 18.2312 9.40082 36.269 4.95019 3.33961 17.8176 3.25132 32.0334 0 5.64852 
13.1448 54.7996 21.0036 16.0468 5.9152 6.21678 67.4974 33.5926 17.4672 57.3597 86.0163 4.82534 6.13772 0.237586 23.293 22.3146 0.167533 50.4568 25.2243 8.50729 27.9717 0.00559011 8.04471 8.18123 13.4265 13.8945 21.4719 0 
