0 333.304 201.414 295.303 195.453 94.3291 23.3312 248.472 166.203 0.819152 133.152 20.7215 2.98441 3.1328 45.4921 68.8268 59.9139 213.107 96.996 145.036 12.0094 40.3933 7.75116 9.51734 28.096 73.221 50.7751 54.6768 
399.679 0 449.255 317.376 455.016 73.8821 502.795 17.7446 256.492 21.5571 231.503 138.701 100.75 40.3388 95.8987 0.476146 123.298 732.381 172.44 112.889 14.7954 46.7176 38.8342 38.7692 6.03075 66.1704 37.7614 3.44682 
45.4457 22.9813 0 113.368 127.593 57.664 1.60875 268.034 236.212 54.0286 69.6013 31.7995 10.4889 12.537 12.8609 13.9926 33.4535 154.843 4.23642 27.3839 116.108 1.11337 1.02385 1.57491 0.907368 0.139154 12.7971 15.3289 
253.332 168.349 22.7002 0 134.161 30.9086 14.44 1206.89 151.294 104.936 37.1838 253.623 7.50016 3.68839 16.1628 0.39099 61.2318 13.4959 26.0951 45.0433 646.343 5.83289 2.19208 8.84571 47.3266 1.34865 8.03836 21.6586 
263.205 99.2698 177.174 37.0526 0 358.898 128.863 0.433909 19.7842 301.287 111.032 104.088 123.042 0.306361 30.8397 0.252669 146.034 148.831 125.504 82.7614 132.01 54.7928 16.0033 22.0618 64.0916 69.0007 2.52899 0.0544348 
40.6374 241.806 14.0822 68.5734 370.753 0 705.969 209.079 208.948 662.984 238.097 15.8962 154.627 2.47056 19.4159 26.8309 41.2521 96.2872 71.9712 23.829 53.6307 6.96719 0.10998 8.11268 30.5795 25.8474 13.3319 19.3645 
112.382 510.537 245.258 200.516 433.566 699.584 0 163.798 120.5 89.9588 236.418 48.4341 109.285 28.6797 54.3529 2.37779 105.718 72.5027 147.127 0.042111 35.6575 5.62817 19.1772 58.3299 81.47 0.0944818 6.5807 54.5049 
29.9297 167.238 0.04139 447.713 4.65318e-05 30.7056 103.466 0 156.618 197.92 360.043 276.315 140.554 13.429 2.9341 255.494 98.973 33.4197 30.429 0.05504 5.86789 63.6276 3.47935 44.7723 33.1828 55.391 70.2005 133.92 
175.831 328.279 437.552 218.447 306.898 380.279 180.467 608.48 0 116.847 1070.14 52.1824 39.3011 142.549 189.932 43.3487 118.188 78.5813 133.231 6.32136 74.3715 44.9814 33.9329 74.0823 133.108 54.1017 68.5383 23.4076 
142.718 40.7672 79.7305 0.806465 0.490719 53.7263 423.655 178.304 325.193 0 0.483073 40.7404 153.739 17.5302 96.6691 1.00601 65.971 23.1241 93.7139 20.0707 96.9913 58.1063 19.951 10.8164 11.5147 75.9698 14.0077 56.5729 
0.863462 240.023 135.351 197.29 0.253852 271.57 348.397 33.8512 360.783 569.23 0 131.476 178.352 213.271 61.973 215.694 54.7071 64.6057 97.988 1.25656 88.3355 6.62794 127.872 110.429 29.5974 75.1384 61.9761 101.018 
122.978 159.044 187.885 137.907 89.2878 78.8575 263.913 638.521 352.872 114.325 466.069 0 98.4694 142.141 262.001 306.385 78.8037 145.256 95.2497 95.0875 156.118 3.25196 57.4112 87.3724 48.596 394.888 114.293 154.551 
102.041 147.025 6.75962 44.7444 71.0895 8.58872 12.0311 5.58193 77.4942 131.673 251.567 0.963165 0 86.9892 9.5153 72.064 26.1723 14.3943 0.0889635 33.5868 11.4281 2.18098 18.4683 5.70374 10.2193 52.1294 23.5821 41.9829 
0.269881 29.3055 15.6294 16.6 52.6169 4.8816 75.2654 78.6319 119.28 53.8413 119.935 5.64262 126.674 0 27.0802 18.926 22.0065 4.94531 23.3606 0.605843 5.51493 8.37156 0.0300147 6.24236 0.0081073 11.6236 11.1639 3.11637 
64.3595 0.953309 32.2611 19.5565 26.5893 17.4222 27.8104 142.897 85.065 55.4417 13.9384 52.188 38.7959 2.89104 0 17.6128 30.0845 45.9591 9.66468 6.6944 56.1071 3.80662 4.37885 5.7391 12.5468 8.31176 0.522805 17.5429 
64.3801 84.5748 17.0248 18.634 74.8799 10.3254 22.5905 47.4792 120.843 69.3459 214.364 366.121 29.703 9.36011 55.2768 0 9.7345 37.6382 30.5979 0.565638 6.93998 0.201269 0.115912 28.7049 23.1337 27.2421 0.743679 22.7863 
20.726 22.1047 51.2515 6.19724 132.094 38.9896 1.75882 96.2404 46.3924 64.2568 18.1462 17.6767 62.973 4.52446 0.442818 22.8183 0 18.856 264.294 29.0529 2.84898 9.12212 18.6036 8.77649 5.49455 8.2118 17.5306 7.74119 
11.9143 6.26712 0.837727 55.7898 5.84995 6.33957 49.2226 78.1881 6.84153 17.8388 24.051 141.962 34.3222 41.3681 32.8336 59.6922 201.292 0 129.942 58.7413 117.304 38.2075 44.0639 19.8991 15.5966 53.895 0.403292 49.3378 
6.72709 70.1421 53.1968 16.9868 130.799 12.7111 103.2 105.069 25.0826 123.154 123.505 54.1483 65.8358 16.5077 12.182 9.52084 76.6011 110.325 0 36.2604 59.9155 17.3804 21.0383 23.4319 14.9093 29.6781 24.1296 8.37778 
47.1273 3.6153 16.2348 45.2177 93.1942 23.7172 91.1004 111.385 106.109 1.12546 83.7994 64.7783 24.8413 1.26814 3.66847 2.37846 5.40535 50.863 24.4988 0 146.737 3.01021 1.96763 3.36996 12.5294 9.97863 7.69622 11.3427 
151.595 0.264508 122.324 19.007 121.548 76.0369 55.1413 14.7541 75.7643 95.5796 15.3289 10.3191 37.7957 43.9331 57.1351 0.642683 2.24111 108.297 4.89088 40.8583 0 2.43932 5.95267 24.2409 57.7035 41.0268 1.8683 0.10465 
22.3889 51.7067 9.30115 4.69701 50.5225 20.0378 4.63328 42.9025 47.2808 4.23361 36.6199 0.708937 26.2796 0.000381046 14.1933 2.87695 0.930157 42.3231 18.8709 5.06014 6.27255 0 7.38373 1.3888 6.27007 9.478 4.88014 9.03498 
41.9343 35.1695 1.32547 18.0903 42.3668 16.4104 48.3977 9.83207 11.9476 51.1931 64.3475 81.2232 26.5005 0.238412 21.4564 1.00163 10.4568 29.6132 10.12 2.2244 4.30767 7.27567 0 20.1524 12.3715 0.00455287 13.0923 9.37796 
35.7966 5.49604 15.3698 11.0141 25.6981 0.00219633 0.186873 6.7619 99.5787 59.6884 72.864 20.1569 0.0700372 2.34844 20.9451 0.0308627 0.880998 22.2698 23.7603 0.0170127 5.74114 13.9211 0.0248363 0 3.81748 4.65869 15.3159 13.6049 
51.9818 81.8435 20.8052 43.5853 67.3262 29.0682 23.5996 68.0089 5.53383 14.3473 51.8875 110.89 49.997 0.171223 15.0248 57.2455 32.9131 19.8349 6.87511 0.519363 55.5257 71.9867 22.335 24.9149 0 46.8834 48.6181 96.4132 
18.9845 30.8454 19.374 0.248964 25.7895 10.0158 41.742 231.988 120.464 34.6577 65.6442 28.9426 5.67818 4.60839 15.9462 23.1215 14.6071 53.0974 9.14245e-07 5.58308 62.8645 5.05494 8.16388 7.96924 33.2441 0 37.4388 19.8599 
8.63525 45.2236 12.5925 26.5585 1.37326 19.7919 25.3277 17.3046 13.7944 22.4891 86.2196 41.3499 15.7787 10.5519 6.09235 1.38244 8.04296 12.8314 18.5713 9.2529 36.9206 4.69779 2.99545 17.4175 1.78198 33.5002 0 1.51543 
14.5539 56.0043 20.6759 17.1829 6.75127 6.78901 68.6581 39.099 20.0947 57.232 82.5223 1.9898 6.8737 0.350767 23.3721 21.9767 0.105871 50.7069 25.4569 8.28202 26.7919 0.000197705 8.26015 7.71948 14.5063 8.83217 31.5936 0 
