0 313.969 202.756 284.041 192.711 90.2851 21.6546 251.255 158.434 0.656836 134.465 19.6154 3.17546 3.25291 45.1078 68.4467 55.335 214.503 97.5712 152.382 10.8839 40.3901 7.8962 9.72871 22.4966 73.4872 50.8112 54.8471 
381.087 0 442.154 312.738 462.755 65.3859 507.158 19.2347 245.494 20.0672 229.746 140.417 99.8102 40.7322 96.0184 0.400036 119.078 934.313 172.373 111.683 14.0601 46.8314 39.0719 38.487 0.901596 65.7677 37.9438 3.57626 
48.2043 29.9206 0 99.8709 125.337 57.0598 1.00505 266.482 223.669 52.9165 72.5733 30.3265 10.1697 12.4389 13.1451 14.1848 33.8003 154.031 4.45894 27.4278 116.778 1.08787 1.05995 1.62722 0.972178 0.168923 12.7219 15.2235 
240.789 157.101 15.5782 0 132.877 26.3683 15.7747 1015.02 151.722 105.166 35.5336 254.652 7.74741 3.5885 16.4463 0.318826 56.1128 14.2651 26.4758 44.7952 485.674 5.77857 2.13053 9.00209 42.0082 1.48211 8.15043 21.4782 
264.088 108.184 176.005 38.4442 0 361.961 122.023 0.292246 17.7787 298.298 113.429 105.221 124.373 0.359301 31.4328 0.303165 145.471 146.696 130.205 82.3111 132.04 54.8826 16.2286 22.2979 64.2279 69.1094 2.45865 0.068996 
36.5348 236.926 13.3783 63.6816 21.7325 0 207.701 208.237 191.697 362.886 235.327 15.086 402.723 2.56924 19.7954 26.8821 36.3727 95.4531 71.2619 23.7856 54.0201 6.87145 0.0960177 8.20554 25.2637 25.7568 13.2599 19.4409 
109.403 514.102 246.311 201.084 434.501 746.874 0 169.668 87.7727 81.184 244.84 50.6144 107.107 29.3515 52.9763 2.622 105.471 70.488 146.468 0.0745347 34.9055 5.79247 19.5415 58.0227 81.8301 0.0562436 6.43012 54.8272 
27.862 164.193 0.00294347 447.935 0.0156879 32.4753 108.698 0 144.821 199.195 361.725 306.925 140.941 14.056 2.46072 256.489 98.8875 34.3308 29.8906 0.0250347 5.34513 63.7499 3.24369 43.6662 34.7843 58.1307 69.6876 134.135 
173.108 327.832 430.634 207.776 309.941 364.927 224.258 615.963 0 111.414 288.155 55.7291 37.987 141.809 202.099 42.089 112.884 80.2242 132.468 6.00286 75.6517 45.2585 33.3106 73.5367 127.955 52.9543 68.7804 23.8842 
142.033 38.798 78.7019 0.963541 0.950678 53.8553 432.24 176.678 320.769 0 0.010652 42.5567 147.971 16.9441 98.0845 0.845217 66.3344 23.8385 92.8959 19.7824 96.8426 57.9557 19.5951 10.5402 11.8383 76.0479 14.1806 56.5043 
1.06172 241.552 132.111 196.504 0.42714 272.222 355.936 31.3197 386.97 575.766 0 124.058 175.988 213.105 69.0215 217.124 55.1168 65.6142 98.6318 1.36634 87.5173 6.83341 127.401 111.148 30.5669 76.7442 61.6064 101.395 
121.032 160.642 187.695 141.398 88.1398 77.4917 265.385 671.223 349.373 111.908 460.767 0 97.4836 143.368 260.178 291.874 78.591 145.587 95.4523 94.9377 155.562 3.39354 56.3945 89.5333 41.3269 396.701 113.924 153.381 
101.751 146.805 7.02739 45.1377 72.5049 11.1952 13.0424 5.25332 75.8676 137.36 252.06 0.812588 0 89.4796 8.83998 71.5816 26.4292 14.0462 0.0618996 33.7334 11.2211 1.95463 17.7825 5.43982 10.4269 52.2542 23.708 41.8951 
0.306981 28.9151 15.6844 16.7237 52.281 5.01096 74.6513 77.6535 118.3 54.5367 122.778 5.02631 124.678 0 29.0191 19.0124 21.9964 4.81629 23.2802 0.593943 5.63174 8.30546 0.0104839 6.11713 0.00387919 11.6817 11.1744 3.17023 
64.5995 0.828299 32.39 19.8443 26.0238 17.0479 26.6933 144.546 82.3007 53.8775 17.6376 48.8342 37.613 3.76744 0 20.0531 30.0762 45.6443 9.50874 6.74406 56.0089 3.7228 4.12893 5.46873 12.3012 8.05511 0.493401 17.4188 
64.8067 84.5233 16.844 18.2387 74.9091 10.1365 23.2514 44.3694 121.972 68.6504 215.862 352.88 29.0555 9.04722 58.1662 0 9.646 37.3629 30.6048 0.543742 6.73638 0.21805 0.143731 28.5378 22.7712 26.9145 0.784232 22.7928 
15.0644 16.1395 51.0576 1.06676 132.957 34.1166 1.6034 96.0705 40.6176 64.632 18.4719 17.9571 63.0565 4.58302 0.416705 22.7569 0 16.7683 423.765 28.9436 2.95581 9.06481 18.6219 8.83781 0.296775 8.29697 17.5767 7.67674 
12.9671 6.54843 0.600214 54.5184 5.18273 6.78536 47.4526 79.3469 7.44787 18.4805 23.3332 142.363 34.8011 41.1794 33.1663 59.7921 197.297 0 130.749 59.2709 117.586 38.1303 44.1105 19.7242 15.3848 54.0749 0.428936 49.4058 
7.09071 68.6128 53.4936 16.6449 135.522 12.1107 101.958 104.699 24.2865 123.243 123.811 53.6925 65.4484 16.6173 12.35 9.6374 73.7693 111.369 0 36.292 60.1428 17.4576 20.9923 23.4077 15.019 29.7191 24.1162 8.30021 
44.0343 4.0969 16.4642 44.9759 93.0029 23.7632 91.3517 111.746 106.199 1.21141 83.9543 64.2485 24.6664 1.28404 3.6221 2.33801 5.51815 51.4197 24.6651 0 155.742 2.99266 1.98151 3.39448 12.4946 9.93596 7.72756 11.3323 
154.17 0.170955 122.776 23.8289 121.942 76.1371 54.2926 15.5934 77.0484 95.7608 15.8373 10.8324 38.0892 43.8782 57.2034 0.710093 2.14776 108.721 5.04178 35.1088 0 2.48489 6.05364 24.0456 57.5855 40.7289 1.92632 0.123221 
22.519 51.6959 9.34082 4.74833 50.3728 20.0066 4.7839 42.6438 47.5514 4.41088 36.2531 0.643923 26.9699 1.65814e-05 14.2733 2.93179 0.954 42.3282 18.9434 5.0744 6.20467 0 7.54228 1.32662 6.14938 9.50468 4.83802 9.01187 
42.0551 35.4176 1.28553 18.04 42.5819 16.4189 48.0093 10.2252 11.5255 50.9159 65.4782 80.2387 25.7236 0.174811 21.214 1.07752 10.5114 29.7644 10.1993 2.23824 4.39569 7.43411 0 19.9352 12.1459 0.0023217 13.1151 9.35384 
35.5206 5.66272 15.3456 11.1775 25.4574 0.000619698 0.228887 6.26002 99.6742 59.6028 71.8427 21.5172 0.0426004 2.24267 20.6478 0.0769662 0.856277 22.4472 23.7752 0.0145681 5.61497 13.8953 0.0776259 0 4.18029 4.54349 15.2192 13.568 
47.1711 76.7585 20.9644 38.5695 67.3651 23.9708 23.1015 66.0061 0.413775 14.6996 50.7433 758.433 50.1612 0.194849 14.774 56.217 27.6884 19.6077 6.78407 0.542083 55.6765 74.0494 22.4179 23.019 0 39.9288 52.848 80.2861 
18.5629 30.3694 19.556 0.308914 26.1311 9.84836 42.4347 232.583 119.599 34.1323 67.2228 24.3085 5.84659 4.51836 15.6552 22.7264 14.6996 53.2849 0.00041141 5.63909 62.8962 5.09584 8.11254 7.84045 33.3905 0 37.3488 20.8937 
8.77929 45.3723 12.5168 26.5111 1.42658 19.7698 25.0879 16.8857 13.5303 22.3 86.2147 42.116 15.9049 10.5284 6.17843 1.43654 7.98946 12.9525 18.6273 9.22773 37.027 4.65597 2.93941 17.3466 1.5937 33.7274 0 1.07724 
14.7936 56.1987 20.6177 17.3721 6.89527 6.88584 68.8405 40.0414 20.5461 57.2009 81.9244 1.63595 6.99971 0.371702 23.3792 21.912 0.0969571 50.7443 25.494 8.244 26.5949 1.54015e-05 8.29521 7.64226 14.6792 8.08018 33.3813 0 
