0 313.269 205.421 300.794 186.433 124.107 18.0939 257.329 183.868 0.356915 137.39 17.2275 3.62628 3.53088 44.2392 67.5739 87.984 217.501 98.8394 169.71 8.54614 40.3796 8.2266 10.2111 52.8577 74.0667 50.8871 55.2227 
381.471 0 423.156 344.407 478.86 89.4103 515.401 22.7899 263.585 16.894 225.667 144.251 97.68 41.6151 96.256 0.252946 152.497 444.383 172.119 108.905 12.4685 47.0833 39.6037 37.8498 32.3294 64.8493 38.3522 3.87571 
54.6138 48.5773 0 71.373 120.189 55.642 0.162696 262.543 195.633 50.4213 79.3858 27.1166 9.46679 12.2157 13.7884 14.6155 34.5769 152.076 4.9786 27.5123 118.218 1.03152 1.14323 1.7477 1.12582 0.246379 12.5521 14.9849 
255.006 174.754 23.5892 0 129.913 59.1161 18.9731 1310.75 195.686 105.633 31.9315 256.636 8.31671 3.36783 17.0864 0.183151 87.5348 16.0645 27.3353 44.2056 253.065 5.65677 1.99481 9.35631 72.9779 1.80459 8.40422 21.0699 
265.832 129.249 173.183 41.6397 0 365.982 107.069 0.0755212 13.6385 291.14 118.842 107.76 127.335 0.493661 32.7782 0.433478 144.14 141.856 140.848 81.2732 132.078 55.0782 16.7392 22.8307 64.5253 69.3415 2.30377 0.108057 
70.2949 268.491 11.8452 95.5814 644.815 0 948.19 206.144 196.321 715.531 228.785 13.3326 518.915 2.79732 20.6504 26.9875 68.3424 93.5453 69.6308 23.6816 54.8891 6.65728 0.0680412 8.41482 56.2507 25.5461 13.0972 19.6105 
102.753 520.508 248.174 202.135 435.65 837.665 0 182.979 32.2775 62.8138 263.765 55.6564 102.212 30.8784 49.9071 3.21396 104.892 66.0159 144.918 0.181069 33.2335 6.17006 20.3687 57.3216 82.6196 0.00625193 6.09683 55.5456 
23.4546 157.315 0.401944 443.682 0.15297 36.6027 120.764 0 119.545 201.959 365.14 378.887 141.776 15.5121 1.54618 258.273 98.6803 36.4148 28.6909 0.000189021 4.25581 64.0182 2.74262 41.2049 38.4926 64.4525 68.5248 134.561 
209.874 369.391 413.114 226.545 316.481 372.148 335.638 630.9 0 99.4801 850.816 64.0599 35.0945 140.051 232.268 39.298 143.879 83.9442 130.711 5.31457 78.5447 45.8795 31.922 72.2961 159.264 50.3918 69.3171 24.9685 
140.44 34.5116 76.359 1.36738 2.53366 57.8258 450.149 172.946 310.38 0 1.50859 46.7569 135.087 15.653 101.204 0.534239 67.1422 25.4773 91.0288 19.1368 96.4924 57.604 18.8003 9.92951 12.5794 76.1973 14.572 56.34 
1.58225 244.852 124.792 194.58 0.98033 273.253 372.393 25.9554 452.434 588.136 0 107.926 170.599 212.449 85.9518 220.053 56.0368 67.8944 100.063 1.62993 85.6701 7.30622 126.28 112.723 32.7888 80.3661 60.7688 102.217 
116.647 164.195 187.115 149.217 85.5582 74.421 268.514 742.092 341.147 106.488 448.032 0 95.2541 146.03 255.63 258.731 78.1043 146.301 95.8945 94.5775 154.271 3.72259 54.1134 94.401 32.0813 399.218 113.057 150.653 
101.08 146.26 7.64664 46.0191 75.7054 18.3801 15.4565 4.54915 72.2355 150.269 252.983 0.520348 0 95.0355 7.40438 70.4684 27.0085 13.2765 0.0189019 34.0601 10.7613 1.48978 16.2759 4.86712 10.9 52.5261 23.9909 41.6934 
0.399122 28.0399 15.8033 16.9993 51.5179 5.30623 73.248 75.439 116.038 56.087 129.131 3.76681 120.016 0 33.3985 19.1709 21.9721 4.53168 23.0971 0.56754 5.89838 8.15458 0.00327119 5.83347 0 11.8084 11.1967 3.29249 
65.1265 0.578884 32.6634 20.4916 24.7651 16.2105 24.2454 148.169 76.1632 50.3857 27.454 41.6157 34.9886 6.1263 0 25.9316 30.0547 44.9325 9.16103 6.8556 55.7802 3.5367 3.58867 4.87856 11.7517 7.48721 0.430261 17.1364 
65.7503 84.3834 16.4336 17.3532 74.9579 9.7139 24.7632 37.6842 124.455 67.0598 218.949 321.789 27.6114 8.34606 64.4314 0 9.44746 36.7413 30.6166 0.495963 6.28821 0.258193 0.217117 28.0903 21.9529 26.1515 0.879247 22.7982 
45.298 45.7252 50.6077 32.4885 134.846 66.102 1.2797 95.6747 70.5835 65.4673 19.2131 18.5938 63.2372 4.71575 0.360821 22.6171 0 12.4953 468.974 28.694 3.20289 8.936 18.6619 8.97586 31.5563 8.48945 17.6798 7.53227 
15.4879 11.6452 0.209975 51.6804 3.82591 7.84023 43.5596 81.9614 8.90249 19.9592 21.7528 143.236 35.8845 40.7512 33.9153 60.008 188.137 0 132.512 60.453 118.2 37.9544 44.2115 19.3315 14.9121 54.4733 0.489502 49.5547 
7.94156 65.1936 54.1447 15.8839 146.196 10.8052 99.1418 103.847 22.5343 123.388 124.47 52.6659 64.5672 16.8631 12.7302 9.90099 67.1882 113.685 0 36.3568 60.6485 17.6305 20.8872 23.3512 15.2657 29.8083 24.0848 8.12646 
37.4338 5.28678 16.9776 44.4003 92.5401 23.8602 91.886 112.521 106.371 1.41607 84.2865 63.0482 24.2722 1.32004 3.51838 2.24787 5.77534 52.6674 25.0372 0 176.077 2.95319 2.01275 3.44962 12.415 9.83869 7.79778 11.3079 
159.906 0.0347089 123.716 35.6006 122.805 76.3458 52.3924 17.5603 79.9485 96.1527 17.0082 12.0297 38.7498 43.7496 57.3486 0.873935 1.94474 109.653 5.38899 23.614 0 2.58881 6.28332 23.6062 57.312 40.0556 2.05994 0.170526 
22.8112 51.6665 9.4295 4.86447 50.0305 19.9329 5.13059 42.0596 48.1572 4.82208 35.429 0.509004 28.542 0.00326295 14.4505 3.05639 1.00871 42.3367 19.1057 5.10626 6.05301 0 7.89887 1.19144 5.88 9.56385 4.7435 8.95935 
42.3222 35.9738 1.19765 17.9238 43.0619 16.4346 47.1301 11.1348 10.6002 50.2805 68.0239 78.0084 24.0017 0.0673217 20.6469 1.25736 10.6341 30.103 10.3779 2.26936 4.5965 7.79072 0 19.3498 11.6382 2.2941e-05 13.1642 9.29833 
34.897 6.04604 15.2876 11.5461 24.9168 0.000603051 0.338931 5.19826 99.8615 59.3947 69.5384 24.7185 0.00567586 2.01132 19.9651 0.256017 0.801898 22.8467 23.8067 0.00975935 5.33566 13.8316 0.302577 0 5.05698 4.28762 14.9984 13.4822 
79.2948 108.254 21.3184 70.2231 67.4423 55.4496 21.9941 61.5557 31.8942 15.5035 48.1915 130.547 50.5233 0.253484 14.2105 52.4465 58.8831 19.0991 6.58087 0.594921 56.0081 74.8833 22.6003 18.9698 0 29.8569 87.4158 43.1182 
17.6262 29.3041 19.9608 0.467249 26.903 9.47427 43.9983 233.606 117.603 32.9532 70.7971 15.2851 6.23329 4.31743 15.0004 21.822 14.9076 53.7003 0.00457854 5.76518 62.9563 5.18792 7.99556 7.55128 33.7061 0 37.1231 23.266 
9.10684 45.7036 12.3458 26.4006 1.55017 19.7182 24.5497 15.9583 12.9434 21.8746 86.1893 43.8514 16.1895 10.4743 6.37336 1.56173 7.86936 13.2263 18.7526 9.17059 37.2643 4.56222 2.81465 17.1828 1.23136 34.2198 0 0.362247 
15.3376 56.6293 20.4832 17.7974 7.22404 7.1051 69.2388 42.1852 21.575 57.1208 80.5645 0.965384 7.2866 0.420964 23.3888 21.7579 0.0783283 50.824 25.5759 8.15794 26.1515 0.000354549 8.37311 7.46839 15.0601 6.49489 37.4786 0 
