0 581.612 211.071 634.971 153.362 555.158 4.92347 283.251 573.418 0.219956 151.315 7.4973 6.30709 5.07641 39.8287 62.8603 513.918 229.395 104.625 244.494 1.04656 40.2629 9.9557 12.7553 467.574 76.5499 51.159 56.9396 
642.95 0 280.801 748.086 528.172 477.25 522.284 44.5018 616.131 4.97307 202.916 162.704 86.7469 45.9626 96.7749 0.0212943 581.416 463.906 168.734 93.8878 5.87596 48.2514 42.1911 34.6231 452.545 60.0258 40.348 5.53902 
89.8061 189.879 0 3.29426 93.5249 47.5078 6.67681 234.275 71.7834 38.2347 115.213 13.4609 6.28618 11.0505 17.0584 16.7181 38.3645 139.812 7.95547 27.6374 123.878 0.770475 1.60108 2.40469 2.05281 0.847649 11.6898 13.763 
584.386 529.242 149.143 0 113.739 485.726 38.6696 565.708 676.83 106.915 16.4445 259.492 11.4186 2.35525 20.3161 0.0660196 507.127 26.3921 31.6654 40.6486 138.745 5.0582 1.37719 11.1685 490.252 3.85992 9.70366 18.9888 
269.37 248.967 155.401 58.7235 0 376.339 44.0711 1.1106 1.08104 247.49 146.023 120.193 141.313 1.48056 39.6786 1.42909 136.192 117.192 193.725 75.6053 131.65 55.9181 19.3562 25.5207 65.8145 70.2414 1.60211 0.433592 
502.487 680.625 5.38815 516.821 676.989 0 1471.67 191.769 503.302 982.902 190.598 6.09766 155.615 4.0563 24.9035 27.3062 490.834 83.4399 60.8521 23.0281 59.0746 5.6151 0.00023536 9.4638 473.835 24.3572 12.2717 20.4043 
71.0385 517.862 246.767 202.579 421.673 850.612 0 249.812 165.537 5.028 354.314 83.3288 78.1484 38.7832 35.3255 7.02841 101.501 45.1641 135.845 1.40586 25.3322 8.21325 24.6496 53.632 86.1242 0.5053 4.55107 58.9875 
6.881 122.89 12.2997 444.102 2.94776 59.9062 185.443 0 26.104 213.526 374.303 750.422 145.225 23.672 0.151629 257.541 97.3451 47.4832 22.9556 0.761365 0.656421 65.2118 0.858966 29.5964 58.941 98.539 62.5547 135.5 
654.873 830.604 294.029 581.986 342.106 657.269 986.901 662.809 0 47.6405 801.482 112.073 22.0818 129.434 271.567 26.3833 561.16 102.928 121.167 2.48097 93.1753 48.9234 25.2463 65.8557 577.557 38.0884 71.8233 30.6136 
131.431 16.4416 64.1828 4.4142 21.4729 153.744 505.102 152.941 251.098 0 60.1309 69.8301 75.0504 9.83163 115.155 0.0458343 70.9621 34.2817 81.2105 15.9956 94.4166 55.5871 14.9758 7.10532 16.5372 76.3919 16.5705 55.3154 
5.707 258.2 88.5123 181.922 7.09431 269.337 441.183 6.439 775.577 598.236 0 41.5514 142.526 203.455 186.199 228.413 60.584 79.4577 106.832 3.28582 76.3554 9.87797 119.416 119.631 44.6581 98.4176 56.467 105.76 
94.7987 180.868 181.12 186.691 72.7472 59.2727 280.138 994.884 293.55 80.0946 370.188 0 83.956 157.133 224.469 101.966 75.5106 149.242 97.8159 92.3087 146.994 5.58087 42.9538 118.45 86.263 379.32 108.032 135.253 
97.3369 142.559 11.078 50.3265 91.8918 64.5096 30.241 1.77445 54.7908 214.663 253.664 0.03258 0 120.94 2.07432 64.3743 29.9276 9.71484 0.175628 35.628 8.58651 0.107439 9.58388 2.45755 13.3797 53.6945 25.39 40.5983 
1.03851 23.7463 16.2931 18.3162 47.5617 6.8621 65.8341 64.1879 103.712 63.4764 159.205 0.178341 93.9612 0 52.8999 19.1998 21.8152 3.22884 22.1357 0.443486 7.30813 7.36169 0.713141 4.40366 0.0975429 12.3552 11.2799 3.92385 
67.4811 0.000161512 33.6736 23.7022 18.7999 12.1701 13.5158 164.202 47.777 33.8301 103.289 13.374 22.828 24.1034 0 58.8072 29.8862 41.3064 7.49284 7.40715 54.4741 2.66259 1.40107 2.36391 9.09522 4.88164 0.178568 15.6674 
70.1116 83.1856 14.3178 13.0658 74.8521 7.67086 32.7702 11.736 135.551 58.6633 228.147 158.15 20.7144 5.01882 86.7063 0 8.46933 33.6019 30.5971 0.288746 4.25836 0.50809 0.800597 24.4973 17.8591 21.8874 1.43032 22.6323 
459.656 457.619 48.0859 452.608 143.1 488.697 0.205826 93.4159 483.316 69.4378 23.0766 21.8946 63.9862 5.39952 0.141307 21.8835 0 0.471557 288.909 27.3762 4.578 8.29622 18.8392 9.66984 450.646 9.4692 18.1831 6.8219 
31.0782 103.948 1.26458 38.1028 0.117788 14.1446 26.1731 95.101 17.9917 28.0397 14.5857 147 41.4122 38.5393 37.6577 60.9014 140.144 0 140.208 66.1347 120.796 37.0282 44.6337 17.3902 12.6249 56.3249 0.851417 50.2095 
12.8467 48.7321 57.036 12.268 198.827 5.29511 84.7169 99.2159 14.628 123.002 127.135 47.5264 59.9827 18.0752 14.6716 11.2449 32.655 124.484 0 36.5518 63.0487 18.4785 20.3286 23.0299 16.4989 30.1902 23.9015 7.2738 
13.182 13.3475 19.4619 40.9063 89.5695 24.2066 93.8925 115.567 106.566 2.66952 85.6081 56.9133 22.2903 1.50445 3.01356 1.81669 7.12867 58.7737 26.8455 0 269.629 2.75655 2.16898 3.72371 11.9869 9.32828 8.14194 11.1632 
186.948 0.900082 126.75 78.5769 126.573 77.0417 43.1396 28.9243 94.5958 97.7838 23.3894 18.8606 42.0493 43.0078 57.8999 1.94192 1.07783 113.915 7.28195 0.436344 0 3.13729 7.48249 21.4146 55.7785 36.6317 2.79141 0.521246 
24.2629 51.4103 9.86033 5.45698 48.2107 19.4935 7.02677 39.1022 51.1136 7.12245 31.3426 0.0715726 36.7104 0.103635 15.2757 3.70344 1.30375 42.3191 19.896 5.26111 5.31698 0 9.65747 0.617746 4.58667 9.8411 4.27715 8.68614 
43.5584 38.7051 0.801067 17.2804 45.3699 16.4407 42.6382 16.1742 6.50445 46.8762 80.6513 66.6312 16.0335 0.28683 17.4303 2.32977 11.2449 31.7657 11.2746 2.42406 5.65814 9.55298 0 14.75 9.12843 0.0449232 13.3603 8.99583 
31.7422 8.12628 14.9299 13.4046 22.2359 0.0737876 1.20856 1.34302 100.219 58.0408 57.9809 43.3274 0.336059 1.01307 16.3335 2.64717 0.555904 24.8471 23.9237 0.000117286 4.03459 13.4005 3.4555 0 10.5429 3.08787 13.8361 12.9998 
502.551 528.156 22.9942 490.946 67.6138 475.495 16.7555 40.7712 453.033 19.7413 36.0082 487.499 52.1742 0.658902 11.4366 16.5576 477.564 16.6125 5.59981 0.893788 57.5035 21.128 23.4165 5.80458 0 91.5603 111.259 93.099 
13.2191 24.1252 21.8777 1.73608 30.8194 7.66265 51.8707 232.124 106.713 27.1569 88.8848 1.68506 8.32447 3.35183 11.7626 17.0842 15.9425 55.6419 0.092677 6.39635 63.0224 5.64861 7.38203 6.12663 34.9768 0 35.5242 35.6149 
10.8129 47.2848 11.4789 25.7732 2.24188 19.4195 21.8898 11.653 10.1716 19.7605 85.7669 52.7206 17.6225 10.1794 7.36993 2.25722 7.27548 14.6193 19.3646 8.87438 38.4015 4.10034 2.22223 16.2786 0.741493 36.2626 0 2.49241 
18.1507 58.6357 19.7375 19.9056 8.96371 8.22772 70.9794 53.3068 26.9776 56.5103 73.4874 0.254305 8.78866 0.710828 23.3044 20.816 0.014932 51.1285 25.9488 7.71832 23.9348 0.0175904 8.74218 6.599 16.7764 1.0585 58.387 0 
