0 536.575 210.701 596.817 147.293 535.098 3.43164 286.999 546.153 0.433602 153.65 6.17033 6.85634 5.37752 39.0361 61.9666 493.099 230.941 105.551 251.248 0.46614 40.231 10.2759 13.2291 444.808 76.9167 51.1884 57.2158 
594.648 0 250.768 720.424 530.952 450.72 517.441 48.9907 582.504 3.57741 198.51 165.831 84.766 46.7205 96.7499 0.0682727 560.968 888.562 167.77 91.0618 4.95144 48.4427 42.6373 34.0441 430.782 59.132 40.6942 5.8629 
96.399 219.864 0 8.04977 88.7268 45.9128 9.66173 227.918 54.7383 36.1471 121.73 11.4879 5.782 10.8362 17.6431 17.08 39.0175 137.233 8.54714 27.6075 124.603 0.727785 1.68939 2.53053 2.24438 0.991123 11.5346 13.5416 
546.82 496.927 135.778 0 110.668 465.045 42.7424 737.382 665.149 106.957 14.1743 258.755 12.0122 2.1919 20.8911 0.143368 485.15 28.4399 32.4368 39.9189 465.929 4.95372 1.27839 11.4962 467.856 4.29886 9.93937 18.6136 
269.083 271.459 151.669 61.9115 0 383.249 35.3865 1.6628 0.318526 238.6 150.819 122.345 143.63 1.71023 40.9282 1.66537 134.566 112.779 202.745 74.5208 131.466 56.043 19.8313 26.0022 66.0084 70.3553 1.49017 0.514065 
482.88 655.935 4.47785 495.002 100.347 0 822.424 188.578 466.833 476.039 183.058 5.09161 548.132 4.29929 25.6473 27.3261 469.397 81.5605 59.2021 22.8893 59.7878 5.43547 0.000803167 9.65007 451.532 24.1233 12.1232 20.5356 
65.7678 511.367 244.656 201.817 415.848 779.1 0 261.396 254.076 1.45233 369.042 88.6099 74.0014 40.2246 32.9017 7.85031 100.814 41.7642 134.016 1.74293 24.0145 8.60264 25.4325 52.9466 86.6666 0.724174 4.29793 59.5711 
4.94085 116.856 16.0737 459.555 3.80832 64.4376 197.367 0 16.2686 215.166 374.519 808.655 145.709 25.2631 0.462118 255.73 97.0562 49.553 21.9858 1.05025 0.344085 65.3976 0.634481 27.6749 62.8494 104.878 61.4706 135.457 
637.122 814.229 269.402 548.904 345.327 611.186 1084.84 660.662 0 40.0909 27.8618 121.524 20.0425 127.25 252.766 24.2955 538.743 106.342 119.35 2.08606 95.7875 49.4526 24.113 64.6751 555.222 36.0106 72.2368 31.652 
129.66 13.8683 61.9662 5.13034 26.6595 182.765 508.12 149.189 239.622 0 78.6534 74.2394 65.5893 8.91797 117.3 0.146019 71.6005 35.9439 79.395 15.4544 93.9921 55.1851 14.3256 6.6458 17.2812 76.3299 16.9323 55.0983 
6.70075 259.994 82.278 179.176 8.75282 267.079 450.557 4.31304 807.659 590.851 0 32.6898 137.409 200.898 205.39 228.763 61.381 81.5317 107.963 3.63806 74.6926 10.3701 117.988 120.68 46.8816 101.575 55.6849 106.287 
90.9671 183.616 179.53 192.904 70.4993 56.6429 281.475 1015.36 284.155 75.5878 354.396 0 81.9319 158.691 217.649 79.0834 75.0225 149.654 98.1059 91.8255 145.564 5.94748 41.0301 122.597 92.4855 370.375 107.023 132.245 
96.6069 141.734 11.7431 51.0717 94.7759 71.0174 33.3072 1.41374 51.8425 225.604 253.098 0.116181 0 125.055 1.46379 63.2084 30.4495 9.13381 0.268261 35.8947 8.22228 0.0284043 8.55551 2.1113 13.8391 53.8682 25.6357 40.3889 
1.18303 23.0006 16.3614 18.5385 46.8368 7.15068 64.4572 62.1741 101.368 64.7134 164.124 0.022829 89.0137 0 55.4781 19.0714 21.7811 3.01876 21.9571 0.422864 7.57157 7.21495 0.960601 4.15269 0.13518 12.4366 11.2896 4.03918 
67.849 0.0145015 33.7891 24.2642 17.8029 11.4853 11.8976 166.645 43.2437 31.1016 120.417 9.89542 20.8673 27.9459 0 64.3626 29.8457 40.6522 7.2094 7.50389 54.2142 2.51772 1.11122 2.00187 8.64296 4.46491 0.145124 15.3975 
70.82 82.8869 13.9337 12.3368 74.7723 7.32243 34.2606 8.58372 137.27 57.1088 228.651 131.201 19.5556 4.47971 88.4764 0 8.29828 33.0397 30.5799 0.257553 3.93569 0.560906 0.940403 23.653 17.1417 21.0688 1.54115 22.5694 
436.877 434.543 47.5925 430.816 144.346 467.283 0.110848 92.9667 460.197 70.1053 23.7892 22.5006 64.0921 5.52441 0.11281 21.7472 0 0.0309465 557.629 27.1304 4.84632 8.18333 18.8668 9.79367 428.634 9.64611 18.2703 6.69782 
34.3336 122.611 1.97359 35.8223 0.00308915 15.4352 23.4815 97.4354 19.9108 29.5873 13.4464 147.561 42.4111 38.1345 38.3203 61.0273 131.495 0 141.368 67.0991 121.174 36.8555 44.6943 17.0496 12.2328 56.6288 0.925962 50.3101 
13.827 45.9488 57.483 11.6615 207.734 4.50569 82.1168 98.3305 13.3811 122.74 127.497 46.6143 59.1396 18.2872 15.0228 11.4877 26.941 126.251 0 36.5638 63.4521 18.6261 20.2236 22.966 16.7177 30.2468 23.8644 7.12528 
10.5947 15.1274 19.885 40.1864 88.9303 24.2436 94.1309 115.961 106.485 2.93161 85.783 55.8043 21.9369 1.53794 2.92645 1.74369 7.38034 59.83 27.157 0 283.152 2.72175 2.19671 3.77207 11.9057 9.23359 8.20182 11.1336 
191.392 1.32262 126.992 78.9138 127.145 77.1043 41.5461 31.1946 97.2073 98.0155 24.6109 20.2159 42.6342 42.8589 57.9671 2.1745 0.949863 114.599 7.64506 2.72359 0 3.23974 7.70417 21.0267 55.4778 36.0153 2.93226 0.603399 
24.519 51.3458 9.93458 5.56421 47.869 19.4034 7.39118 38.5713 51.6252 7.57226 30.6241 0.0354014 38.2025 0.136033 15.4112 3.82217 1.3599 42.3055 20.0326 5.28783 5.19013 0 9.96119 0.534358 4.36767 9.88706 4.19544 8.63575 
43.7602 39.1806 0.738302 17.1557 45.763 16.4291 41.8265 17.1504 5.87308 46.2346 82.8565 64.5873 14.7465 0.455249 16.8058 2.54751 11.3529 32.0556 11.4343 2.45137 5.85655 9.85802 0 13.7189 8.69301 0.0627115 13.3864 8.93785 
31.1765 8.52358 14.8548 13.7359 21.7644 0.0995335 1.41827 0.918058 100.182 57.7467 55.9376 47.0294 0.484275 0.866921 15.6627 3.31278 0.516746 25.2026 23.9373 0.000919528 3.82045 13.3047 4.31621 0 11.6788 2.8902 13.6203 12.9051 
481.25 506.224 23.274 469.164 67.6067 453.628 15.8813 37.3929 431.548 20.5289 33.9627 875.753 52.4389 0.750071 10.9554 10.5445 455.465 16.1814 5.43179 0.952841 57.7402 10.9726 23.5426 5.02062 0 104.914 68.2418 117.871 
12.488 23.2344 22.1973 2.04265 31.5232 7.35259 53.2703 230.715 104.637 26.1504 92.0963 4.94978 8.72243 3.18819 11.2003 16.224 16.1252 55.9625 0.120038 6.50835 62.9933 5.73041 7.2685 5.8791 35.1466 0 35.1613 37.8041 
11.1276 47.5524 11.3229 25.6489 2.37755 19.3594 21.4235 10.9488 9.70839 19.3876 85.6405 54.3212 17.8787 10.1229 7.55038 2.3925 7.17114 14.8707 19.4707 8.81995 38.5948 4.01955 2.12274 16.1039 0.890667 36.5483 0 3.84588 
18.6655 58.9658 19.5926 20.2756 9.28905 8.43129 71.2439 55.3383 27.9787 56.3654 72.1876 0.5906 9.06698 0.769775 23.2664 20.6198 0.00886366 51.1662 26.0087 7.63868 23.5416 0.0233619 8.80405 6.44505 17.0461 0.566795 61.9708 0 
