0 626.669 70.4099 607.025 53.8704 265.248 41.696 280.259 267.098 10.7276 151.791 125.704 3.40084 49.3966 63.0266 79.3274 361.926 190.824 51.2579 50.1034 236.183 0.111933 3.51166 40.5281 337.658 77.3994 49.564 17.353 
690.497 0 313.697 576.495 34.5275 302.228 93.6515 4.76428 656.72 201.581 117.615 30.7505 145.168 2.54671 34.9603 8.14106 299.214 576.811 171.19 140.773 2.71398 51.7227 15.212 1.6494 272.857 2.06616 54.5997 52.9592 
13.6092 157.091 0 13.4485 72.1305 66.0504 50.0404 276.643 70.2072 33.0141 179.631 142.618 0.121214 15.7389 33.7045 9.00165 41.2431 0.011524 55.5899 2.48538 1.28277 1.67692 0.239219 4.72658 2.0763 23.7083 19.307 14.2569 
590.944 420.858 72.9928 0 59.5194 289.45 160.837 708.94 298.892 20.6809 168.175 1.95963 26.2481 12.6754 38.5978 22.2939 266.748 16.8942 60.181 40.1038 104.837 3.92794 0.141911 21.7008 275.221 41.8349 17.0378 16.1433 
227.898 372.61 137.503 112.974 0 17.6591 326.222 57.9298 40.058 46.8996 0.711313 123.147 0.770541 34.7043 0.389155 48.1175 96.5073 220.095 9.90925 27.3578 33.1005 25.9578 30.3667 7.28267 11.6066 68.7998 43.5867 0.141432 
296.888 498.672 44.3679 327.115 480.266 0 491.703 214.766 455.453 945.612 27.5235 60.1136 180.331 18.7003 10.8242 2.66498 319.362 114.379 17.9171 15.148 1.39071 0.264693 6.41028 6.55652 276.896 17.984 8.36936 9.18575 
8.78435e-05 109.761 188.423 117.523 0.189272 895.094 0 47.3161 345.909 28.268 170.863 166.226 1.08983 62.7043 1.76968 5.87527 6.86208 227.665 34.8322 87.7883 17.672 60.6837 35.6519 65.1721 89.7627 99.4105 26.7218 69.9584 
8.54105 261.291 9.12981 420.67 49.4318 13.2597 95.7917 0 481.868 217.72 42.0532 1028.04 37.4724 10.5758 145.16 132.823 0.373006 28.796 66.1031 117.394 16.9029 48.5316 8.03448 29.6149 138.516 229.257 84.8731 135.182 
494.041 284.946 5.95893 539.625 341.424 628.683 28.7499 70.962 0 95.599 1620.18 19.1057 205.378 136.529 259.159 115.299 376.335 43.676 39.0722 3.55189 72.5612 3.92507 45.3568 17.1298 277.092 104.692 1.42493 38.317 
100.736 177.795 12.5035 64.6509 208.078 85.4277 483.461 142.511 306.788 0 327.118 246.57 98.9584 14.212 5.66364 16.5912 43.5713 1.97453 92.8958 46.8834 30.6434 15.3635 2.52298 21.9596 60.594 7.4235 3.91698 39.1319 
162.752 0.111074 97.056 154.287 89.8676 4.91436 72.7302 354.346 361.708 406.46 0 33.7435 78.2722 3.39759 116.891 162.988 8.04297 170.866 47.0949 0.00711699 131.347 77.8841 0.348561 37.227 65.0754 110.325 0.423058 105.804 
22.3194 47.0601 129.996 104.213 69.6596 6.43556 276.515 868.336 385.33 32.5315 356.395 0 68.5479 57.9914 167.111 475.905 87.6021 71.5965 11.4271 0.477496 110.702 75.5607 127.044 96.024 213.278 328.538 106.64 28.6113 
108.538 93.9616 33.1277 0.357644 9.34483 118.998 172.518 115.435 194.317 272.323 231.534 1.96183 0 62.3246 96.2135 67.7037 3.61829 18.5551 22.2526 9.83848 2.34871 86.4566 90.7709 70.2762 52.4353 54.1712 21.3723 43.0334 
43.0123 69.3841 4.4782 14.0675 63.3651 16.068 42.0483 126.208 130.311 78.8135 71.8111 74.3421 35.6301 0 23.3302 3.74419 0.141916 42.8973 27.0402 0.0459487 1.06899 1.1585 4.53253 2.99611 11.2897 6.02765 6.19339 3.89514 
4.03796 62.1938 17.2057 37.3228 75.451 26.3724 14.0817 2.29332 16.7281 133.201 201.507 259.027 117.179 52.3297 0 17.6123 22.4928 2.27114 12.5748 0.174804 1.80897 12.5061 23.5738 28.086 30.3217 30.9159 13.1172 1.57589 
24.9286 69.6653 21.2097 42.127 20.205 12.0923 30.5691 203.233 49.4567 21.8454 165.505 443.411 83.6869 4.34744 55.2761 0 1.074 14.7432 19.8532 1.69934 12.5659 1.5401 12.3705 2.21861 35.963 32.1319 5.29254 16.2152 
303.292 359.226 45.7672 307.305 13.025 320.033 109.373 2.49922 302.706 41.5242 39.7977 3.11232 43.1599 19.9039 3.94053 2.99955 0 95.6795 305.469 4.258 1.99556 16.7626 7.67449 1.12901 290.855 26.7735 20.6794 22.0119 
168.384 76.3524 148.158 50.4298 181.186 33.5243 215.913 72.1414 0.000549387 4.11888 37.4528 64.349 103.577 48.8841 68.9168 7.1702 3.94667 0 73.6607 55.9222 105.742 17.6922 29.2012 2.99482 42.0912 0.25434 27.7878 30.8595 
3.74421 87.9799 6.30986 0.902786 8.08824 77.2544 89.9677 116.631 143.843 123.243 14.8567 35.3824 85.639 3.3963 37.5984 0.00589594 1.78947 49.4312 0 23.7142 17.4729 11.0927 1.83488 1.23523 30.8096 30.6024 23.2096 23.4408 
152.996 6.49531 17.0639 40.369 10.5709 21.2822 0.292059 3.98456 106.618 7.24311 78.5587 26.5057 42.4781 2.49444 11.7883 0.239224 29.4314 47.9237 36.0906 0 16.3204 5.53143 3.57283 3.22877 7.85734 0.0478145 1.05308 8.05704 
82.2117 24.2113 5.18416 63.059 8.82085 24.4506 6.34934 4.60009 71.1793 64.9624 65.0586 54.0034 54.3893 44.9139 1.23891 0.0347099 3.13902 92.9355 9.16257 191.399 0 0.485876 34.7832 44.8266 1.31763 12.6063 43.2355 0.153905 
20.5733 46.5048 12.3795 16.6073 52.4262 12.7585 61.3154 60.3918 5.11572 43.3359 12.8931 74.0808 68.4701 10.5701 4.54965 0.00286889 0.594984 5.3665 9.47622 2.39057 10.6666 0 3.49638 1.09447 1.29511 10.3345 2.88052 3.63093 
12.4329 18.7193 2.69864 14.5765 6.16848 10.5365 42.0892 4.72675 20.4625 28.7499 102.349 123.545 91.1708 3.56173 19.9046 12.3607 0.260564 43.9318 22.7171 3.38734 33.0007 3.40585 0 0.846075 7.12194 8.05762 13.2518 1.53661 
6.11697 59.692 8.16843 23.3196 53.9135 0.176246 30.2909 79.9354 74.7872 7.96331 127.689 25.8274 65.6203 6.9566 18.8074 25.0594 17.3962 41.7238 5.00063 0.034731 28.224 7.96873 18.3404 0 10.7825 4.8917 4.54145 13.5372 
266.281 316.752 23.0295 296.104 4.54263 263.782 0.11293 149.364 384.407 63.1152 136.061 180.703 41.0384 9.29961 31.0444 66.5574 264.144 46.1649 2.00841 7.58086 7.72273 67.7127 10.9233 31.0105 0 38.3189 53.0671 51.9992 
0.280012 26.8002 20.226 39.2813 48.3913 2.07051 51.4999 46.2365 36.0645 67.7302 119.213 126.776 22.9418 3.23383 29.3746 32.8621 23.4765 0.425851 0.531312 10.4036 52.4861 6.65096 0.000768835 8.22698 1.67816 0 21.4905 50.784 
21.3592 53.4485 19.2762 2.29688 49.0327 17.2349 47.7974 98.1055 77.1628 35.4355 29.548 0.191679 28.8566 9.92053 19.5649 4.08403 4.05528 8.01547 11.0683 4.34334 9.14715 3.03935 0.430673 7.27535 2.50207 5.12021 0 51.5749 
56.4893 1.81632 20.0501 11.1906 4.07276 20.99 73.3751 59.4342 42.254 42.6187 30.0239 71.5108 5.29583 0.696433 12.3655 11.4947 10.589 26.3037 0.000349082 3.19421 26.2993 9.97764 1.04138 13.5869 21.6337 48.6033 92.9461 0 
