0 450.867 209.915 516.294 141.198 472.571 2.20535 290.467 476.501 0.718637 155.937 4.96914 7.42692 5.68631 38.2421 61.0577 429.863 232.307 106.443 255.34 0.117066 40.1957 10.5997 13.7089 379.644 77.2604 51.2122 57.4829 
505.12 0 220.511 649.547 531.835 382.144 510.815 53.6504 506.636 2.40826 194.011 168.904 82.7778 47.4729 96.6895 0.141842 498.052 597.102 166.699 88.2009 4.10396 48.629 43.079 33.4641 366.626 58.2286 41.0375 6.19504 
103.028 250.122 0 17.9977 83.9439 44.2836 13.1713 221.219 39.7375 34.0912 128.246 9.66189 5.29716 10.6199 18.2272 17.4372 39.6632 134.547 9.15651 27.5619 125.242 0.68624 1.77969 2.65897 2.44369 1.14536 11.3788 13.3192 
467.317 422.723 125.087 0 107.55 401.949 46.9628 1267.54 610.721 106.943 12.0609 257.643 12.6178 2.03384 21.4651 0.250182 420.75 30.5456 33.2076 39.1629 244.703 4.84991 1.18301 11.8249 403.034 4.75891 10.1763 18.2372 
268.52 293.911 147.789 65.1321 0 391.932 27.5788 2.32508 0.00786407 229.447 155.586 124.476 145.891 1.956 42.1826 1.91929 132.881 108.371 211.556 73.4154 131.25 56.1605 20.309 26.4844 66.1916 70.4552 1.38224 0.601318 
420.881 588.423 3.64621 430.718 604.198 0 1588.14 185.212 390.058 935.945 175.355 4.17349 427.841 4.54759 26.3848 27.3349 405.544 79.661 57.5317 22.7438 60.4908 5.25772 0.00518626 9.83599 386.815 23.883 11.9742 20.6638 
60.6351 503.132 241.999 200.804 409.072 693.215 0 272.792 356.317 0.0272893 383.169 93.9788 69.9106 41.6734 30.5389 8.71363 100.103 38.4687 132.127 2.11544 22.7253 8.9995 26.2209 52.2532 87.1839 0.981921 4.05149 60.1454 
3.31723 110.874 20.3167 477.252 4.77679 69.062 209.319 0 8.70593 216.676 374.304 861.779 146.152 26.8931 0.94057 253.424 96.7519 51.6502 21.0321 1.38511 0.131626 65.5755 0.443727 25.8023 66.8221 111.252 60.381 135.351 
576.841 754.833 244.407 473.622 348.122 523.272 1167.99 656.144 0 33.1231 634.893 131.187 18.0917 124.983 233.618 22.2781 473.894 109.758 117.5 1.72478 98.3983 49.9779 22.9978 63.4858 490.425 33.9717 72.6402 32.6996 
127.842 11.5018 59.7424 5.89739 32.3532 214.498 508.982 145.389 227.971 0 99.2491 78.7251 56.6148 8.0438 119.331 0.302565 72.2257 37.6327 77.5627 14.919 93.5513 54.7704 13.6854 6.19974 18.0364 76.2388 17.2959 54.8709 
7.77087 261.606 76.154 176.292 10.5788 264.364 458.94 2.60728 829.406 580.793 0 24.8277 132.276 198.069 224.571 228.764 62.1739 83.6081 109.069 4.00748 73.0292 10.8723 116.502 121.672 49.1327 104.706 54.898 106.784 
87.1623 186.294 177.788 198.933 68.264 54.0394 282.584 1027.15 274.539 71.1544 338.188 0 79.9064 160.116 210.508 58.6186 74.5266 150.031 98.3802 91.3189 144.096 6.32483 39.1297 126.682 92.0678 359.951 105.98 129.167 
95.8579 140.861 12.4239 51.8097 97.6539 76.1637 36.4943 1.09362 48.9494 236.256 252.324 0.25116 0 128.978 0.958341 62.0207 30.9717 8.56894 0.380323 36.1575 7.86503 8.62123e-05 7.57977 1.79059 14.3037 54.0314 25.8804 40.1753 
1.33671 22.2613 16.4238 18.7569 46.1063 7.44231 63.0655 60.161 98.9848 65.9234 168.877 0.0144413 84.0211 0 57.6706 18.9037 21.7452 2.81533 21.7764 0.402692 7.83871 7.06682 1.2403 3.90428 0.178887 12.5131 11.2979 4.15533 
68.2011 0.0642846 33.8849 24.8224 16.8271 10.8129 10.3738 168.953 38.8946 28.454 138.286 6.92362 18.9766 31.8371 0 69.5698 29.8021 39.9957 6.93019 7.60016 53.9461 2.37624 0.853526 1.66768 8.19787 4.06375 0.11511 15.1255 
71.5069 82.5628 13.5481 11.6206 74.6742 6.9791 35.7673 5.90974 138.907 55.5405 228.806 105.929 18.4204 3.96232 89.468 0 8.12813 32.4769 30.5587 0.228096 3.62491 0.616208 1.0905 22.7578 16.4305 20.2374 1.65574 22.4965 
371.713 369.129 47.0864 366.629 145.522 403.453 0.0450088 92.5036 394.679 70.7602 24.5089 23.1119 64.1898 5.65023 0.0875051 21.6091 0 0.112245 418.935 26.8813 5.12167 8.07073 18.8931 9.9176 364.215 9.82376 18.3568 6.57445 
37.7218 138.957 2.83727 33.5902 0.0538565 16.7737 20.9203 99.7654 21.9171 31.166 12.3496 148.089 43.414 37.7267 38.9816 61.1431 122.891 0 142.463 68.048 121.526 36.6805 44.7503 16.7105 11.8452 56.9249 1.00359 50.4059 
14.8387 43.2182 57.9088 11.067 216.413 3.77674 79.5131 97.4271 12.1848 122.42 127.825 45.7035 58.2892 18.4979 15.3754 11.7316 21.6065 127.967 0 36.5689 63.8482 18.7727 20.117 22.9002 16.9361 30.2999 23.8259 6.97775 
8.57083 17.0048 20.3009 39.4399 88.2588 24.2732 94.333 116.309 106.369 3.20533 85.9394 54.6914 21.5833 1.57162 2.84021 1.67185 7.6352 60.8758 27.4651 0 295.294 2.687 2.22441 3.82028 11.8231 9.13783 8.26131 11.1028 
195.702 1.82552 127.142 76.7949 127.687 77.1483 39.9708 33.5355 99.8166 98.2293 25.8577 21.6115 43.2184 42.7049 58.0248 2.41974 0.829876 115.261 8.01593 6.94506 0 3.34364 7.92832 20.6396 55.1687 35.397 3.07637 0.691483 
24.7743 51.2757 10.0081 5.67196 47.5221 19.3096 7.76363 38.0389 52.1323 8.03391 29.9086 0.0118286 39.7028 0.172777 15.543 3.94191 1.41715 42.2887 20.1679 5.3143 5.06453 0 10.2609 0.456794 4.15246 9.93198 4.11418 8.58488 
43.9565 39.6527 0.677937 17.0279 46.1506 16.4138 41.012 18.1496 5.27208 45.583 85.0439 62.5423 13.503 0.660115 16.1695 2.77244 11.4606 32.3434 11.5941 2.47861 6.05784 10.1591 0 12.651 8.26262 0.0834323 13.4099 8.87864 
30.6101 8.92873 14.7762 14.0669 21.2947 0.1291 1.6444 0.573264 100.113 57.4367 53.9034 50.8315 0.659274 0.731217 14.9881 4.04251 0.478983 25.558 23.9488 0.00248138 3.61176 13.2034 5.24576 0 12.8526 2.69773 13.402 12.8078 
417.531 441.864 23.5478 404.955 67.5883 389.345 15.0258 34.1269 367.703 21.3257 31.9593 77.2478 52.6947 0.846877 10.479 5.65461 390.955 15.7538 5.26582 1.01364 57.9679 3.86436 23.6623 4.74277 0 112.338 46.5694 127.525 
11.7742 22.3543 22.5099 2.37289 32.2285 7.04667 54.6676 228.968 102.524 25.1531 95.295 9.90176 9.12782 3.02739 10.644 15.3645 16.3075 56.2754 0.150934 6.62016 62.9519 5.81214 7.15379 5.63405 35.2987 0 34.7758 39.9646 
11.4455 47.8157 11.1666 25.5208 2.517 19.2972 20.9595 10.2637 9.25465 19.0158 85.4987 55.9264 18.1351 10.0651 7.73175 2.53113 7.06721 15.1233 19.5759 8.76504 38.7854 3.93921 2.0251 15.9253 1.11177 36.8096 0 5.47679 
19.1843 59.2876 19.4442 20.6436 9.61903 8.6359 71.4945 57.3815 28.991 56.2097 70.8771 1.06584 9.34849 0.830926 23.2215 20.4154 0.00436957 51.1989 26.0666 7.55863 23.1488 0.0299487 8.86473 6.29145 17.3046 0.226515 65.4532 0 
