0 34.3845 202.37 102.12 116.053 128.619 0.00131765 301.648 104.233 2.64417 164.829 1.37334 10.0003 7.03905 34.9581 57.1601 83.5749 236.012 109.764 248.169 1.12959 40.0148 11.9719 15.7484 25.6018 78.4288 51.2493 58.4877 
67.8823 0 103.812 264.189 515.522 18.0495 465.841 74.4992 110.911 0.0210687 174.608 180.938 74.5276 50.5107 96.067 0.725098 152.528 1011.19 161.188 76.1387 1.43772 49.3434 44.8502 31.0643 16.8015 54.4097 42.4225 7.65031 
130.19 367.297 0 102.781 64.6318 37.299 32.8066 190.518 2.6743 26.0154 154.675 3.74746 3.50813 9.71247 20.6139 18.8561 42.2413 122.438 11.8467 27.2093 126.93 0.52714 2.17246 3.21458 3.34537 1.89239 10.7321 12.393 
61.6746 37.9726 265.201 0 94.3034 56.2139 65.7002 527.053 296.301 106.292 5.0777 249.195 15.2367 1.4395 23.812 0.998641 69.589 39.7782 36.3706 35.7927 363.534 4.42878 0.82665 13.1886 50.1314 6.8666 11.165 16.6778 
263.31 382.665 130.431 78.648 0 426.419 5.37687 6.20411 3.5017 189.648 174.821 133.015 154.564 3.13745 47.3871 3.15021 125.333 90.402 244.97 68.6514 130.018 56.5655 22.3043 28.4774 66.8316 70.718 0.978747 1.03247 
79.8745 220.495 1.09248 79.5894 265.097 0 1286.81 169.639 12.5817 437.137 142.46 1.33715 597.724 5.62367 29.3404 27.2532 56.7074 71.6544 50.4754 22.0757 63.2753 4.54578 0.0635174 10.5985 34.4562 22.8269 11.3556 21.159 
41.1535 452.206 225.581 194.037 371.84 296.985 0 316.959 842.261 16.8383 433.708 116.863 53.7678 47.701 21.5159 12.6958 96.922 26.0849 123.743 4.02001 17.7222 10.7138 29.5234 49.3137 89.0438 2.45154 3.10711 62.4128 
0.0247533 86.9794 42.4031 512.104 9.88956 88.9013 258.023 0 2.40634 221.474 368.893 1008.92 147.555 33.9878 4.6668 238.906 95.3365 60.5598 17.278 3.24484 0.314283 66.2229 0.016191 18.6406 83.7252 137.525 55.84 134.246 
241.427 417.674 143.471 81.0121 355.008 86.5134 1303.72 613.421 0 11.0604 817.299 172.746 11.025 114.838 228.485 14.7564 120.8 123.815 109.553 0.59414 109.105 52.0996 18.6054 58.5015 137.238 26.021 74.196 37.1065 
119.882 4.01569 50.5647 9.58117 60.7236 359.667 489.899 129.321 179.018 0 201.718 97.8788 25.6653 4.87702 126.405 1.5386 74.6612 44.8509 69.865 12.7776 91.5636 52.9309 11.1596 4.50814 21.2584 75.5573 18.8123 53.8257 
12.9756 266.286 52.4623 163.052 19.8221 248.573 482.29 0.0886895 853.432 513.459 0 3.62041 111.103 183.702 299.943 225.098 65.3969 92.1712 113.371 5.70833 66.1872 13.047 109.791 125.143 58.665 117.226 51.6107 108.488 
71.8508 196.512 169.069 221.509 59.2088 43.6527 284.726 982.034 233.116 53.7941 268.45 0 71.564 164.537 178.279 5.36194 72.4007 151.22 99.3426 88.9874 137.651 7.991 31.5791 142.693 34.3514 303.494 101.348 115.838 
92.5783 136.754 15.3874 54.7708 109.4 81.038 50.8023 0.205707 37.6565 276.029 246.986 1.34863 0 142.785 0.000522908 56.9166 33.1284 6.41547 1.0472 37.1995 6.46694 0.419129 4.13979 0.742426 16.271 54.5928 26.8779 39.2495 
2.06648 19.2856 16.619 19.6142 43.0412 8.67246 57.1979 51.9126 88.8143 70.5988 186.438 1.5307 63.4033 0 62.0029 17.8129 21.5779 2.04781 21.0091 0.324258 8.97848 6.44313 2.68049 2.91883 0.422543 12.7746 11.3157 4.64202 
69.4833 0.643028 34.0693 27.0739 13.0386 8.19025 5.13453 176.959 23.1475 18.5151 216.34 0.237142 11.9895 47.0829 0 85.5063 29.5889 37.2684 5.82526 7.99177 52.7562 1.83015 0.144895 0.600611 6.44806 2.58531 0.0279359 13.9836 
74.1024 80.9612 11.9504 8.82076 74.0766 5.62379 42.1281 0.124981 144.739 48.9673 225.771 26.5838 14.0106 2.10361 85.186 0 7.43701 30.1517 30.4277 0.125178 2.47149 0.869937 1.81143 18.6398 13.5889 16.7235 2.16692 22.0919 
17.8373 14.6977 44.8704 16.6357 149.606 54.7279 0.081909 90.4478 39.1836 73.3251 27.5493 25.6876 64.5045 6.17885 0.0170148 21.0225 0 5.92559 287.827 25.8206 6.33058 7.60961 18.9886 10.4296 13.1544 10.5637 18.7062 6.07345 
52.9915 173.246 7.99508 24.95 2.00687 22.7729 11.81 109.296 31.0702 37.9793 8.28864 149.91 47.5847 36.0132 41.689 61.5138 88.5368 0 146.261 71.7858 122.703 35.9345 44.9346 15.3297 10.2974 58.0607 1.35588 50.7496 
19.3236 32.5878 59.4344 8.74829 249.083 1.433 68.7958 93.5217 7.80343 120.493 128.81 41.965 54.7108 19.3534 16.8429 12.7472 5.79289 134.473 0 36.5175 65.4022 19.3664 19.6602 22.6079 17.8338 30.4824 23.6528 6.38 
6.36191 25.7051 21.934 36.1035 85.1588 24.3161 94.7802 117.259 105.524 4.45382 86.3896 50.0712 20.126 1.71244 2.49406 1.38853 8.71774 65.0623 28.6984 0 327.978 2.54438 2.33833 4.01741 11.4675 8.73177 8.50203 10.9638 
211.919 4.73776 126.799 53.4297 129.598 77.1331 33.682 43.8826 110.504 98.9212 31.2484 27.7762 45.616 42.0172 58.1638 3.56272 0.419827 117.742 9.62568 43.3496 0 3.7875 8.87801 19.0533 53.8087 32.8333 3.70427 1.11705 
25.819 50.9265 10.3031 6.12165 46.0377 18.8861 9.38131 35.8332 54.1728 10.0573 26.9952 0.0478651 45.9371 0.369466 16.0474 4.44505 1.66484 42.1862 20.7124 5.42072 4.5599 0 11.4435 0.199813 3.30834 10.1061 3.7835 8.3696 
44.7065 41.561 0.454939 16.47 47.689 16.3104 37.6305 22.4968 3.1223 42.7988 93.8185 54.141 8.8743 1.84877 13.4605 3.76609 11.9021 33.5096 12.2528 2.5901 6.91695 11.3495 0 8.11951 6.5531 0.199686 13.4782 8.62189 
28.2692 10.681 14.4168 15.4253 19.3805 0.291167 2.748 0.00543452 99.5098 55.9957 45.649 67.3883 1.66095 0.288102 12.2005 7.63694 0.338071 27.0198 23.973 0.0169439 2.80831 12.7286 9.57204 0 17.9978 1.96272 12.4789 12.3801 
69.246 90.8394 24.6106 54.5566 67.3926 38.7635 11.7046 21.9702 19.5063 24.6983 24.1857 394.936 53.6529 1.30389 8.5758 2.21991 39.4712 14.0303 4.60316 1.28248 58.8103 16.4756 24.0825 8.53375 0 71.5832 177.969 27.3557 
9.01779 18.8437 23.7183 3.97611 35.1482 5.83259 60.3761 218.316 93.4691 21.1529 108.245 47.0049 10.8763 2.39643 8.42998 11.8754 17.0541 57.4831 0.315386 7.07894 62.6511 6.14804 6.66954 4.65287 35.7359 0 32.9593 48.3476 
12.7896 48.8556 10.5179 24.9534 3.13166 19.0189 19.0722 7.6499 7.48423 17.4962 84.7522 62.5681 19.1952 9.81448 8.48722 3.13688 6.64291 16.1758 20.0007 8.53323 39.5417 3.61275 1.64286 15.1488 2.77518 37.6208 0 14.8796 
21.3629 60.5255 18.7957 22.1367 11.0278 9.48939 72.3795 65.8907 33.2723 55.4545 65.3775 4.47531 10.5425 1.10559 22.9639 19.4894 0.00246257 51.2808 26.2847 7.22452 21.5359 0.0657191 9.10217 5.66317 18.2515 0.447079 78.2811 0 
