0 84.189 194.143 137.137 100.336 201.923 1.01015 306.022 160.66 4.48722 169.991 0.245748 11.8157 7.96318 32.8705 54.5716 155.922 236.72 111.563 233.841 3.81447 39.8701 12.8737 17.092 93.2099 78.9596 51.2221 59.0438 
101.426 0 46.6918 306.525 489.185 82.8768 424.287 88.9277 154.871 0.564653 161.709 187.993 69.2699 52.3803 95.361 1.32858 224.88 745.416 156.804 68.3606 0.449341 49.7518 45.9317 29.5361 87.1287 51.9147 43.276 8.6452 
146.727 425.072 0 174.56 52.9692 32.7384 49.111 169.079 1.93304 21.2825 170.697 1.39601 2.55233 9.12552 22.0983 19.7051 43.8009 114.004 13.6946 26.8493 127.201 0.436352 2.43841 3.58837 3.9823 2.45713 10.3178 11.7983 
105.305 92.6071 390.825 0 85.6726 128.859 78.4739 406.055 384.263 105.384 2.15467 240.726 16.9972 1.1114 25.2768 1.72677 138.797 46.046 38.3583 33.4691 8.2961 4.16723 0.631711 14.058 118.233 8.37013 11.802 15.6839 
257.638 432.434 118.506 87.3201 0 420.82 0.179857 9.61134 9.66733 163.414 186.552 138.206 159.488 4.0266 50.7037 4.08386 120.075 79.2811 263.043 65.4698 128.953 56.756 23.591 29.7455 67.141 70.7597 0.757492 1.36587 
155.672 276.096 0.23841 148.442 373.874 0 645.996 158.501 87.0678 390.836 121.228 0.34679 635.357 6.34708 31.1268 27.1029 127.441 66.4625 45.9048 21.5959 64.9431 4.11213 0.134204 11.0781 102.994 22.1043 10.9593 21.4452 
30.388 407.666 210.992 187.663 341.399 119.27 0 341.87 1113.07 45.593 458.082 131.835 44.249 51.5489 16.4591 15.5613 94.6983 19.3106 117.963 5.53198 14.819 11.8661 31.6573 47.3853 89.9921 3.72086 2.56797 63.7653 
0.815967 72.6568 59.8136 463.297 14.0507 101.929 287.608 0 19.3599 223.299 361.735 1029.3 148.086 38.7726 8.46594 225.807 94.3042 66.4136 15.0489 4.82093 1.31621 66.5618 0.0466303 14.6003 94.7347 153.791 52.9234 132.991 
319.472 489.983 87.2767 127.788 355.411 115.675 1197.43 567.9 0 3.0598 178.121 199.998 7.39017 107.803 287.263 10.6959 188.713 132.654 104.266 0.180095 115.819 53.4088 16.0004 55.2812 204.837 21.3951 75.0924 39.9701 
114.471 1.23595 44.7989 12.3391 82.2864 444.45 459.845 118.88 148.15 0 276.224 110.449 11.8604 3.25043 129.729 2.81082 76.0846 49.628 64.8901 11.4763 90.161 51.6575 9.65709 3.5613 23.388 74.8704 19.7889 53.0729 
16.9241 267.579 39.0747 153.634 27.0664 234.995 487.164 2.29373 866.226 452.602 0 0.00631993 97.8231 172.539 341.115 219.762 67.4024 97.5907 115.876 6.93518 61.8665 14.513 105.076 126.811 64.8791 124.762 49.4902 109.282 
62.526 202.271 162.323 233.593 53.6174 37.405 284.034 880.506 205.891 43.6701 223.381 0 66.2963 166.088 156.173 1.38569 70.9835 151.668 99.8118 87.3081 133.245 9.14028 27.0592 151.993 5.97032 259.082 98.1384 106.946 
90.3397 133.735 17.3937 56.5774 116.701 73.451 60.7547 0.00578298 31.0753 296.794 241.84 2.49592 0 149.276 0.343572 53.5269 34.4997 5.19746 1.64117 37.8258 5.64229 1.1318 2.46734 0.310109 17.5618 54.8551 27.5019 38.6245 
2.6097 17.4625 16.6901 20.1206 41.0553 9.47258 53.3875 46.7562 82.131 73.2786 195.622 3.77813 50.7322 0 60.5016 16.8113 21.4554 1.62053 20.5034 0.278461 9.73385 6.03859 3.76899 2.33782 0.629674 12.8948 11.3135 4.95692 
70.153 1.32166 34.0089 28.4534 10.8411 6.66656 2.72218 180.707 15.1804 13.1362 265.804 0.781637 8.29237 54.8024 0 89.5298 29.4256 35.5228 5.16342 8.23574 51.9304 1.51565 0.0010382 0.195461 5.41654 1.80386 0.00330163 13.244 
75.5448 79.726 10.9362 7.19008 73.5365 4.81831 46.2638 0.948228 147.636 44.742 220.82 2.90313 11.4587 1.19368 75.9942 0 7.00684 28.6733 30.3083 0.0754711 1.84798 1.05223 2.34772 15.7943 11.8842 14.4699 2.52311 21.7495 
85.6864 82.6068 43.3609 86.8249 151.539 125.543 0.363671 89.0221 105.871 74.8362 29.5391 27.368 64.6304 6.52273 0.000632007 20.6352 0 14.0822 572.736 25.12 7.15939 7.3193 19.0385 10.7555 82.5735 11.0398 18.922 5.76159 
63.6549 177.702 12.5561 19.9889 4.69381 26.9555 7.29979 115.26 37.5803 42.5412 6.10542 150.766 50.2585 34.8993 43.3893 61.6593 68.3154 0 148.055 74.0026 123.219 35.4401 45.0122 14.4676 9.35727 58.7103 1.60669 50.9248 
22.4227 26.4293 60.205 7.39265 266.534 0.515385 62.0601 90.8961 5.49789 118.769 129.128 39.6089 52.3836 19.8849 17.7849 13.3999 2.87589 138.098 0 36.4241 66.3221 19.7342 19.3557 22.4048 18.4009 30.5675 23.5308 6.00929 
10.1369 31.9581 22.8934 33.797 82.9231 24.2769 94.7392 117.452 104.683 5.34528 86.5113 47.1201 19.2017 1.80346 2.28238 1.21972 9.43104 67.6046 29.4491 0 332.248 2.4543 2.4104 4.14115 11.2292 8.46496 8.65118 10.8654 
220.754 7.27822 125.775 43.2847 130.537 76.9588 29.8766 50.9913 117.197 99.2007 34.8727 32.0193 47.1292 41.5365 58.1686 4.39743 0.230597 119.107 10.7146 79.8683 0 4.08243 9.50222 18.055 52.8745 31.1961 4.13129 1.43947 
26.4755 50.6547 10.4837 6.41164 45.0505 18.5866 10.4761 34.4242 55.4253 11.4391 25.1785 0.182391 49.9047 0.531564 16.3338 4.77171 1.83192 42.0932 21.0469 5.48608 4.25043 0 12.1398 0.0902566 2.81168 10.2073 3.57731 8.22832 
45.1325 42.7389 0.335343 16.0905 48.6144 16.2114 35.4703 25.4353 2.038 40.9559 99.1394 48.8717 6.38403 2.83622 11.7081 4.44295 12.1804 34.2326 12.6708 2.66021 7.48706 12.0522 0 5.4114 5.53477 0.29908 13.4977 8.44846 
26.7806 11.8603 14.1596 16.2791 18.1848 0.427506 3.59061 0.363025 98.858 54.9471 40.5575 78.46 2.52851 0.109632 10.458 10.2983 0.260959 27.9451 23.9692 0.0328474 2.3465 12.3812 12.465 0 21.417 1.54821 11.8755 12.0868 
140.327 160.105 25.2272 124.22 67.1682 108.414 9.77691 15.4633 91.1475 26.9056 19.6957 906.544 54.1799 1.64116 7.42719 14.1902 108.583 12.9697 4.20071 1.46826 59.2639 47.9319 24.2823 14.1498 0 27.5759 140.645 14.0407 
7.43201 16.721 24.4142 5.1878 37.0082 5.10425 63.9395 208.835 87.4794 18.7195 116.173 82.6945 12.0487 2.02495 7.10586 9.75539 17.5238 58.1799 0.45087 7.36784 62.3516 6.36036 6.35366 4.05876 35.8515 0 31.6281 53.0172 
13.6708 49.4776 10.103 24.5606 3.55524 18.8238 17.8962 6.17093 6.4458 16.543 84.1433 66.7863 19.8707 9.64497 8.97276 3.54923 6.37688 16.8537 20.263 8.38156 39.9974 3.40948 1.41765 14.6243 4.44419 37.908 0 22.7521 
22.7775 61.2358 18.3541 23.0617 11.9622 10.0388 72.8161 71.3297 36.073 54.8808 61.8177 7.82746 11.328 1.29859 22.7403 18.8352 0.0151934 51.2886 26.4058 7.00903 20.5175 0.0956524 9.24205 5.26943 18.7557 1.93583 84.7019 0 
