0 350.271 182.943 375.006 84.396 471.827 4.0649 308.229 414.067 6.91864 174.945 0.0456621 13.8588 8.98141 30.6947 51.7856 425.302 236.073 113.174 223.443 8.28779 39.6941 13.8399 18.5333 357.812 79.3351 51.1512 59.5551 
349.281 0 9.69252 541.58 449.856 347.736 372.476 104.788 397.858 2.84904 147.902 194.817 63.7899 54.2775 94.367 2.15127 493.852 701.566 151.532 60.2483 0.0132908 50.1402 47.0234 27.9388 354.597 49.259 44.1454 9.74204 
162.842 462.961 0 241.328 41.5446 27.9745 68.7253 145.757 20.5235 16.7275 186.397 0.150103 1.70891 8.50661 23.6092 20.5422 45.3583 104.705 15.7308 26.3627 126.81 0.350152 2.72934 3.99515 4.69863 3.11899 9.88269 11.1733 
354.216 349.898 356.437 0 76.5876 398.472 92.2813 859.521 665.325 104.029 0.40979 229.485 18.9121 0.811177 26.7764 2.69107 404.873 52.8677 40.4094 30.9198 336.683 3.89905 0.454751 14.9654 383.16 10.0653 12.474 14.646 
249.83 475.759 105.552 96.3389 0 376.311 2.44718 13.9351 19.284 136.018 198.271 143.411 164.103 5.06876 54.1619 5.18345 114.235 68.0304 278.665 62.0334 127.607 56.899 24.9496 31.0707 67.3824 70.6985 0.555667 1.76372 
428.675 525.914 0.0095264 413.838 704.067 0 1033.31 146.022 376.767 408.292 99.3968 4.73666e-05 645.305 7.13209 32.8986 26.8644 395.145 60.9899 41.1102 21.0501 66.5965 3.67561 0.235983 11.5738 368.447 21.3093 10.5427 21.7198 
20.6685 353.588 192.828 179.396 305.149 68.8431 0 364.538 1281.42 88.7517 476.048 147.643 35.0417 55.5587 11.8049 18.8161 92.2128 13.2218 111.593 7.35582 12.0268 13.1212 33.9101 45.3249 90.7837 5.3204 2.0561 65.1019 
4.0435 58.6133 80.2684 377.122 19.1309 115.661 316.529 0 53.6576 224.165 351.276 985.214 148.338 43.9683 13.5784 209.307 93.1159 72.665 12.8557 6.78872 3.09693 66.855 0.330874 10.8419 106.296 170.022 49.8585 131.225 
593.695 754.352 40.8085 374.609 352.496 355.727 951.327 507.715 0 0.00730996 199.941 228.57 4.33711 100.052 319.748 7.0977 453.381 141.75 98.5728 0.00371147 122.725 54.7429 13.4456 51.8843 468.972 16.9564 75.9509 43.0064 
108.559 0.0299641 38.8983 15.5479 107.118 505.074 415.553 107.879 117.092 0 355.984 123.763 2.93668 1.88824 132.159 4.53539 77.4647 54.7554 59.6563 10.1698 88.5812 50.2437 8.17894 2.68242 25.6737 73.9441 20.8196 52.2139 
21.5629 267.507 26.8113 143.088 35.7048 218.239 483.689 7.74311 885.459 378.677 0 4.64493 84.2679 159.442 375.288 211.803 69.4601 103.216 118.293 8.33628 57.3869 16.1129 99.8136 128.092 71.453 132.193 47.2519 109.864 
53.2036 207.631 154.362 244.028 47.9352 31.2274 281.601 727.883 177.298 33.9753 177.354 0 60.8425 166.633 132.457 23.0745 69.4486 151.877 100.182 85.3936 128.401 10.4153 22.6035 160.815 30.3586 208.827 94.5784 97.4114 
87.8768 130.255 19.5844 58.397 124.137 64.3591 71.7491 0.102082 24.748 313.836 235.062 4.06596 0 153.914 1.49373 49.8888 35.932 4.05255 2.40264 38.4497 4.83421 2.24373 1.1679 0.0560696 18.942 55.0496 28.1457 37.9411 
3.24294 15.6193 16.7199 20.6157 38.9541 10.3196 49.3626 41.478 75.0305 75.8111 203.34 7.16932 38.298 0 55.5245 15.5417 21.3138 1.22503 19.9605 0.23401 10.5486 5.61125 4.97358 1.78005 0.888755 12.9812 11.3 5.28998 
70.7295 2.28723 33.798 29.8436 8.73084 5.20966 0.999428 183.447 8.73128 8.40108 313.559 5.35406 5.10472 60.1265 0 87.9034 29.2319 33.6912 4.50668 8.48626 51.0106 1.21523 0.110854 0.00836194 4.41376 1.12819 0.00330519 12.4625 
76.8721 78.2588 9.88452 5.62789 72.8397 4.02794 50.6353 5.55559 149.957 40.3261 213.241 3.82491 9.02104 0.503031 62.3181 0 6.56502 27.13 30.1533 0.036741 1.28938 1.25984 2.9651 12.7679 10.2103 12.1493 2.92055 21.3225 
350.654 347.987 41.7052 354.123 152.989 393.341 0.873131 87.4343 369.515 76.312 31.6641 29.1591 64.7001 6.88873 0.0072591 20.2185 0 26.0967 482.706 24.3665 8.07566 7.01805 19.0816 11.0968 348.993 11.5421 19.1424 5.44099 
75.4659 192.727 18.3242 15.2974 8.68155 31.6039 3.70609 121.386 44.9169 47.4803 4.16447 151.405 53.0673 33.7158 45.1459 61.7358 49.1612 0 149.401 76.1768 123.562 34.9063 45.0603 13.5802 8.4121 59.3278 1.8914 51.0719 
25.8536 20.5564 60.8399 6.0797 281.401 0.0457758 55.1397 88.0384 3.50164 116.564 129.2 37.1667 49.9134 20.4296 18.7756 14.0874 7.01781 141.434 0 36.276 67.2257 20.1108 19.0257 22.178 18.9907 30.6307 23.3931 5.62943 
18.2588 39.0096 23.822 31.2614 80.3769 24.1805 94.4249 117.309 103.553 6.35646 86.5008 44.034 18.2381 1.89981 2.06839 1.05302 10.1966 70.1511 30.2045 0 322.306 2.36059 2.48542 4.26906 10.9703 8.17925 8.80385 10.7541 
228.621 10.4927 124.043 50.9221 131.284 76.6394 26.0737 58.8154 124.072 99.3585 38.8155 36.7074 48.7007 40.998 58.104 5.35831 0.0925721 120.353 11.9068 125.572 0 4.40152 10.1718 17.0207 51.841 29.4821 4.60097 1.81958 
27.1555 50.3291 10.6665 6.71818 43.9834 18.249 11.6741 32.9466 56.696 12.959 23.312 0.416065 54.0214 0.731011 16.6035 5.11797 2.01467 41.9726 21.3869 5.5525 3.93613 0 12.8115 0.0214283 2.32903 10.3052 3.36514 8.07689 
45.535 43.9394 0.229133 15.6739 49.5366 16.0802 33.2103 28.6408 1.14541 38.976 104.44 43.4646 4.18686 3.99209 9.89212 5.17757 12.4694 34.9726 13.1073 2.73285 8.1027 12.7317 0 2.99294 4.53957 0.423899 13.498 8.25889 
25.2275 13.1457 13.8674 17.1599 16.9538 0.597521 4.58696 1.33441 97.9555 53.7442 35.4044 90.296 3.62345 0.0130408 8.6946 13.2664 0.190749 28.9084 23.9491 0.055065 1.90514 11.9822 15.325 0 25.0051 1.16191 11.2332 11.7631 
408.393 426.216 25.8197 390.745 66.8504 375.013 7.92341 9.78263 360.211 29.2571 15.4168 598.931 54.661 2.03105 6.28654 32.8212 374.649 11.8913 3.79587 1.67465 59.6687 72.0304 24.4293 21.3053 0 23.4099 40.4032 94.5031 
5.91966 14.6011 25.077 6.60458 38.9519 4.38233 67.5888 196.891 81.0744 16.2805 124.112 127.505 13.3226 1.66361 5.8065 7.6701 18.0106 58.8481 0.618244 7.6671 61.9486 6.58113 6.01787 3.46664 35.8354 0 30.1035 57.1498 
14.6137 50.0947 9.66757 24.124 4.02541 18.605 16.688 4.7818 5.43425 15.5581 83.3958 71.1715 20.5781 9.45941 9.48395 4.00192 6.10174 17.5698 20.5308 8.21938 40.4526 3.20062 1.19759 14.0523 6.67009 38.0139 0 32.1307 
24.2787 61.9135 17.869 24.0054 12.9707 10.618 73.1665 77.0027 39.0583 54.2041 58.0583 12.28 12.1709 1.51525 22.4574 18.1009 0.0401468 51.2596 26.5177 6.78131 19.4596 0.132956 9.37883 4.86358 19.2061 4.562 89.5931 0 
