0 367.627 159.099 321.016 59.4732 448.228 13.669 306.384 365.968 12.1157 182.144 1.97379 17.6015 10.8015 27.0828 46.9694 401.994 231.81 115.228 231.07 19.4543 39.3425 15.5092 21.0232 326.95 79.5457 50.9345 60.2472 
336.814 0 10.8846 457.781 362.691 324.667 273.873 132.607 339.481 10.5455 124.413 204.844 54.7195 57.3074 92.1247 3.96354 468.885 981.529 141.24 46.9787 0.669337 50.7009 48.7571 25.2729 328.569 44.7272 45.5467 11.7056 
185.866 463.43 0 286.692 24.764 20.2611 105.683 106.399 91.4112 10.1381 209.368 0.901796 0.665247 7.46573 26.0115 21.8128 47.7803 88.3734 19.3534 25.3034 124.611 0.226059 3.24448 4.71039 6.00677 4.38276 9.15043 10.1226 
321.439 322.157 274.013 0 61.5138 375.29 115.768 672.918 649.559 100.85 0.570553 205.811 22.2761 0.409974 29.1914 4.74934 376.009 64.7486 43.7604 26.4552 620.508 3.46233 0.221525 16.4719 352.41 13.1515 13.6104 12.9195 
232.738 522.199 83.4008 111.052 0 248.256 23.6917 22.8532 42.2108 92.193 216.337 151.559 170.513 7.06658 59.8882 7.3014 103.777 50.3608 296.062 56.0718 124.828 57.0083 27.2503 33.2836 67.5962 70.3541 0.286042 2.54288 
411.315 466.391 1.16698 383.15 315.912 0 13.0161 123.724 423.627 113.108 65.1991 1.01636 559.6 8.50202 35.6003 26.2806 369.073 51.8256 33.1787 20.0399 69.144 2.98574 0.470119 12.3881 338.728 19.8947 9.84077 22.1219 
8.3155 253.459 157.376 162.271 237.781 299.471 0 393.216 1201.21 183.507 487.181 173.983 21.6142 62.1777 5.61129 24.809 87.701 5.47803 100.298 10.947 7.93952 15.3339 37.7149 41.7871 91.6399 8.6061 1.31981 67.1536 
14.846 37.7091 118.138 295.633 29.2304 138.342 358.398 0 144.004 223.187 327.376 779.786 148.055 53.0186 24.5886 176.528 90.8793 83.3673 9.51554 10.7956 7.74058 67.2041 1.38667 5.70409 125.35 194.464 44.7131 127.25 
575.717 711.372 1.3177 324.955 340.077 324.825 408.277 386.849 0 7.33163 356.421 275.115 1.00848 86.3969 239.069 2.65662 422.048 156.483 88.7342 0.302793 133.931 56.8931 9.58615 46.161 436.291 10.5311 77.2035 48.1661 
98.1633 1.97426 29.4811 21.611 152.166 502.708 319.593 89.523 70.2153 0 478.957 146.066 1.49726 0.417986 133.714 8.29408 79.5168 63.5879 50.9075 8.11545 85.682 47.6966 5.93297 1.47527 29.6157 71.9245 22.5652 50.6137 
30.4406 264.107 10.9698 124.176 52.4043 185.459 458.542 23.867 803.481 245.186 0 31.3258 62.7487 134.971 406.226 193.477 72.8081 112.487 121.854 10.9473 50.0082 18.9398 90.3442 129.145 82.5115 143.398 43.4648 110.266 
38.7783 214.983 139.207 255.849 38.8593 21.8366 273.662 420.702 130.61 20.0766 106.83 0 51.8911 165.047 93.2405 111.54 66.759 151.628 100.524 81.8373 119.792 12.7144 15.8496 173.147 124.728 124.69 88.1874 81.1873 
83.4862 123.721 23.4459 61.2708 135.992 67.4423 91.1894 0.967845 15.5549 330.012 220.701 7.53429 0 156.369 5.20447 43.6478 38.3236 2.43818 3.99703 39.4213 3.6081 4.9296 0.0628073 0.0912557 21.3179 55.1902 29.2032 36.729 
4.45102 12.6924 16.6664 21.3613 35.3927 11.7505 42.5938 32.9971 63.0537 79.3743 211.49 15.1345 20.3656 0 41.0821 13.011 21.0459 0.682324 19.0199 0.167593 11.9687 4.89178 6.94166 0.986767 1.41758 13.034 11.2511 5.85456 
71.4049 4.48379 33.108 32.0306 5.65519 3.11973 0.0099132 185.221 2.58303 2.72635 376.019 21.843 1.43967 61.1832 0 72.6685 28.8547 30.6187 3.49111 8.89456 49.3434 0.780352 0.887624 0.248361 2.92791 0.34068 0.0628412 11.1421 
78.6615 75.4105 8.162 3.3815 71.3729 2.8351 57.9917 21.5177 152.151 33.0374 195.474 63.0704 5.51733 0.00286371 35.1432 0 5.84409 24.5577 29.8246 0.00267667 0.572966 1.64539 4.10645 7.92434 7.7107 8.47015 3.64104 20.455 
320.666 319.502 38.7718 327.751 154.073 367.443 2.21829 84.5576 337.062 78.5339 35.3182 32.2332 64.6731 7.51623 0.0732545 19.494 0 53.3629 557.962 23.0594 9.72278 6.51887 19.1328 11.6691 320.988 12.3933 19.4997 4.91687 
96.4158 277.994 30.0714 8.6969 17.9724 39.9367 0.370305 131.328 58.2972 56.0841 1.72222 151.882 57.7875 31.6935 48.0303 61.6888 23.0291 0 150.402 79.4621 123.683 33.9741 45.0645 12.1275 6.91921 60.2172 2.41982 51.2344 
32.0013 12.1697 61.4995 4.13555 297.358 0.402251 43.9701 83.0122 1.14291 111.975 128.722 33.1367 45.708 21.3149 20.4434 15.2487 30.2509 145.911 0 35.9119 68.6025 20.7223 18.4466 21.7652 19.97 30.6766 23.1393 5.0116 
40.562 51.7692 25.1858 26.8102 75.6657 23.892 93.2755 116.274 101.094 8.22575 86.1651 38.89 16.6338 2.06368 1.72761 0.79735 11.521 74.1297 31.3976 0 275.349 2.20475 2.61021 4.47963 10.5149 7.68652 9.05184 10.5488 
238.346 17.1131 119.664 103.134 131.99 75.7904 20.148 72.6863 135.207 99.3111 45.7415 45.0914 51.3045 40.0146 57.8348 7.16494 6.53081e-05 122.014 14.0233 208.343 0 4.96078 11.3306 15.314 49.9837 26.6157 5.44058 2.55472 
28.2789 49.6887 10.9586 7.23887 42.1181 17.6286 13.7992 30.4665 58.7303 15.6656 20.271 1.02135 60.7587 1.13141 16.9844 5.70644 2.33942 41.7169 21.9332 5.65931 3.43139 0 13.7844 0.0127947 1.61278 10.4504 3.018 7.81494 
46.1087 45.8726 0.0954598 14.9326 50.9726 15.7979 29.4404 34.2794 0.217559 35.5587 112.598 34.7461 1.50406 6.01658 6.98784 6.44253 12.9489 36.1743 13.8359 2.85287 9.17833 13.72 0 0.42426 3.06174 0.6801 13.4524 7.92309 
22.642 15.413 13.3267 18.5988 14.9415 0.944655 6.51439 4.31913 95.9419 51.4944 27.262 110.226 5.87645 0.0631295 5.95613 18.3257 0.0972765 30.5104 23.8783 0.105141 1.26302 11.238 19.0973 0 30.7745 0.630304 10.1378 11.1841 
382.921 397.354 26.6851 362.565 66.1273 347.162 5.21159 3.06555 337.335 33.2731 9.29391 691.25 55.303 2.76494 4.53676 55.469 345.979 10.159 3.15536 2.04767 60.1848 49.6083 24.5202 32.3854 0 93.0403 179.341 66.2125 
3.73962 11.2995 26.0274 9.29258 42.1934 3.27228 73.4739 172.919 70.1456 12.4708 136.374 211.851 15.5599 1.12636 3.86083 4.59232 18.8155 59.8253 0.957617 8.16037 61.0685 6.94757 5.44593 2.55227 35.4929 0 27.2841 61.9519 
16.2407 51.0506 8.93583 23.3341 4.87549 18.2045 14.7169 2.82961 3.91566 13.9383 81.891 78.4043 21.7646 9.13003 10.3457 4.80639 5.64777 18.7854 20.9645 7.93959 41.1658 2.85957 0.865874 13.0456 11.3994 37.7401 0 49.239 
26.8374 62.8955 17.0057 25.524 14.7299 11.5962 73.5057 86.3751 44.1657 52.8969 51.7134 21.7882 13.6299 1.91115 21.8728 16.7665 0.108856 51.1255 26.6711 6.39472 17.7061 0.209285 9.58546 4.20021 19.8041 11.1594 92.9793 0 
