0 212.325 148.023 130.865 50.2513 261.031 19.0817 303.663 170.151 14.5991 184.633 3.55615 19.2216 11.5753 25.6427 44.9841 215.35 228.973 115.821 239.759 25.1991 39.1803 16.2 22.0523 137.434 79.4801 50.8121 60.4669 
170.878 0 34.2033 246.971 322.34 140.859 232.59 144.097 142.379 14.9844 114.933 208.351 51.1213 58.4721 91.0183 4.84676 281.219 993.787 136.612 41.8268 1.42963 50.8946 49.4212 24.2033 141.007 42.8768 46.0918 12.5417 
193.367 440.734 0 273.582 19.0089 17.3263 121.406 91.0079 131.182 7.89054 217.179 2.2196 0.378795 7.04672 26.9243 22.2738 48.6852 81.6341 20.8813 24.7927 123.18 0.183328 3.46166 5.01003 6.57056 4.94466 8.85419 9.6986 
140.092 139.416 297.516 0 55.5753 188.578 125.146 125.107 461.406 99.2532 1.74194 194.785 23.6845 0.285311 30.1238 5.72826 187.126 69.6485 45.0757 24.6123 454.152 3.29077 0.15037 17.072 162.786 14.4725 14.072 12.2301 
224.534 530.189 74.5226 116.757 0 201.671 38.1373 27.0219 53.6843 75.8771 222.973 154.623 172.602 7.96007 62.1614 8.25185 99.3545 43.745 299.654 53.6088 123.522 57.0056 28.1857 34.1725 67.6138 70.1287 0.201879 2.89728 
226.979 264.368 2.17554 193.298 336.674 0 16.1827 114.411 275.173 314.605 52.7241 1.99545 164.508 9.07075 36.5816 25.9806 181.333 48.1629 30.0588 19.5999 70.0884 2.72303 0.587094 12.7098 149.569 19.297 9.5564 22.2629 
4.83826 212.425 141.902 154.348 209.489 462.793 0 401.064 1046.92 226.618 484.638 184.398 16.9927 64.7919 3.72483 27.4013 85.763 3.2751 95.5609 12.5789 6.50992 16.2643 39.2551 40.3339 91.815 10.1404 1.06664 67.9119 
21.0553 30.3537 134.141 291.836 33.8398 147.189 372.37 0 189.717 221.926 315.653 663.532 147.689 56.7615 29.8333 161.961 89.8903 87.7449 8.29184 12.6567 10.1946 67.2938 2.01837 4.06877 132.788 203.055 42.6406 125.294 
390.174 512.938 1.02827 132.205 332.481 150.24 216.512 334.332 0 14.651 708.043 292.938 0.31931 80.7334 215.97 1.45651 232.132 162.197 84.6831 0.636186 138.292 57.7288 8.18823 43.8512 245.677 8.32705 77.6413 50.266 
93.8267 4.16882 25.9029 24.2815 170.942 460.906 276.284 82.2284 53.8519 0 520.167 154.936 5.80598 0.122586 133.424 10.106 80.249 67.2179 47.4132 7.33753 84.4244 46.6089 5.11406 1.08557 31.2393 70.9469 23.2754 49.9119 
34.3938 261.576 6.44726 116.226 59.8578 170.988 441.916 32.7438 707.314 192.798 0 48.4309 54.6252 124.465 408.119 184.505 74.1211 116.155 123.11 12.0922 47.0868 20.1305 86.3277 129.174 86.9472 147.41 41.927 110.22 
33.4464 217.339 132.542 258.451 35.3756 18.4317 269.12 299.587 112.689 15.3896 81.966 0 48.3651 163.519 78.2164 161.022 65.6326 151.312 100.561 80.2832 116.158 13.6988 13.4042 177.143 135.571 93.6775 85.4705 74.6464 
81.6254 120.847 25.0646 62.3636 140.515 78.7068 99.2857 1.56842 12.3858 331.773 213.914 9.2271 0 155.408 7.31702 41.1003 39.2844 1.89735 4.7525 39.7863 3.15961 6.29793 0.00753307 0.270745 22.2971 55.1803 29.6222 36.2164 
4.99014 11.5735 16.6078 21.6307 33.9462 12.3282 39.8749 29.7355 58.2484 80.5527 212.969 19.1156 14.4633 0 33.9588 11.8865 20.9268 0.506693 18.6297 0.143705 12.5608 4.60218 7.65229 0.724711 1.66362 13.0221 11.2221 6.08408 
71.5722 5.57228 32.7117 32.8556 4.58623 2.41259 0.297574 184.913 1.83422 1.29724 392.678 31.4131 0.587482 58.6916 0 63.0756 28.6837 29.3805 3.11268 9.05493 48.6269 0.630164 1.40569 0.541866 2.40342 0.150733 0.108172 10.6079 
79.2235 74.1271 7.48695 2.61971 70.6758 2.40436 60.9475 30.6757 152.416 30.1684 186.694 104.462 4.32466 0.0455807 24.5865 0 5.56035 23.5266 29.6674 2.54041e-05 0.363528 1.81399 4.59706 6.16056 6.82696 7.09961 3.95036 20.0531 
131.595 131.326 37.5371 140.029 154.024 179.781 2.93529 83.3215 146.909 79.3377 36.824 33.4983 64.6107 7.77443 0.119554 19.1925 0 66.5436 238.65 22.517 10.4267 6.3194 19.1459 11.9002 132.552 12.74 19.6396 4.71007 
105.162 325.762 35.4728 6.51692 22.6104 43.4642 0.00531902 135.202 64.0419 59.6535 1.03169 151.86 59.6926 30.8646 49.1703 61.6071 14.9988 0 150.353 80.6525 123.569 33.5843 45.0387 11.554 6.35007 60.5235 2.65151 51.2698 
34.6109 9.34716 61.6189 3.44644 300.327 0.954541 39.6591 80.905 0.551132 109.817 128.314 31.5357 43.9927 21.6618 21.1177 15.7199 44.4142 147.302 0 35.7238 69.108 20.962 18.2037 21.5869 20.3616 30.6735 23.0286 4.769 
52.2205 57.1736 25.6617 24.9691 73.6174 23.7306 92.5913 115.575 99.9044 9.04038 85.9159 36.8326 15.991 2.13062 1.59668 0.702914 12.0694 75.6232 31.8518 0 247.679 2.14229 2.66022 4.56316 10.3237 7.48308 9.14911 10.4592 
240.96 20.2071 117.389 127.017 132.078 75.3364 17.928 78.5098 139.535 99.1802 48.6412 48.6476 52.3437 39.5891 57.6687 7.96231 0.0125473 122.53 14.9188 240.049 0 5.19534 11.8114 14.6354 49.1907 25.4639 5.79822 2.88629 
28.7263 49.3966 11.0713 7.45139 41.3389 17.3593 14.6972 29.4653 59.516 16.811 19.0775 1.3418 63.3929 1.31564 17.112 5.9461 2.47714 41.5944 22.1453 5.7008 3.23546 0 14.1159 0.0476264 1.35915 10.5022 2.88097 7.70628 
46.3037 46.6232 0.0575696 14.6189 51.5119 15.6619 27.9309 36.6385 0.0488579 34.1507 115.597 31.3824 0.793986 6.79787 5.89693 6.9559 13.1407 36.6452 14.1289 2.90068 9.62782 14.0585 0 0.0396697 2.54165 0.799902 13.4175 7.78135 
21.6073 16.3667 13.0909 19.1634 14.1487 1.10666 7.38228 5.9981 94.9534 50.5066 24.182 118.142 6.9299 0.159008 4.95306 20.2846 0.0682289 31.152 23.8364 0.129934 1.03919 10.9127 20.0809 0 32.9297 0.459068 9.69112 10.938 
195.421 208.452 26.9867 173.933 65.7678 158.735 4.26423 1.40865 151.204 34.9133 7.22227 864.243 55.5026 3.08822 3.8949 55.8443 157.249 9.48751 2.91065 2.20773 60.3345 26.4138 24.4973 35.4251 0 102.877 142.857 12.1466 
2.99094 10.0625 26.3507 10.4788 43.4924 2.86225 75.7505 162.1 65.7082 11.0427 140.88 246.308 16.4972 0.93557 3.169 3.53252 19.1362 60.1678 1.11556 8.35608 60.6407 7.09405 5.21281 2.21424 35.2431 0 26.0658 63.0341 
16.9135 51.408 8.64014 22.9951 5.24072 18.0309 13.9417 2.17925 3.36725 13.2965 81.1948 81.2649 22.2437 8.99066 10.6946 5.14648 5.46702 19.2817 21.1341 7.82386 41.4356 2.72518 0.745682 12.6241 13.621 37.469 0 56.2019 
27.8833 63.236 16.6401 26.1118 15.4639 11.9929 73.5533 90.0792 46.257 52.3087 49.1494 26.3039 14.2348 2.08224 21.5984 16.1949 0.146232 51.0407 26.7207 6.23706 17.0062 0.245037 9.6606 3.93935 19.9984 14.4859 92.5256 0 
