0 135.394 138.729 24.7363 43.3113 153.251 24.0052 300.683 56.0691 16.734 186.439 5.14876 20.5578 12.2082 24.5033 43.3871 108.197 226.259 116.194 245.695 30.2625 39.0424 16.7576 22.8825 28.0669 79.3649 50.6998 60.6171 
86.4247 0 61.2909 121.114 288.99 37.0605 200.064 153.308 28.5389 19.0545 107.415 210.911 48.2851 59.3753 90.054 5.61315 173.102 1108.89 132.743 37.832 2.24109 51.0354 49.9355 23.3537 33.1986 41.3948 46.5179 13.2261 
198.494 414.086 0 250.732 14.8965 15.0877 134.036 79.1449 166.074 6.28133 222.719 3.68782 0.207085 6.71391 27.6252 22.6184 49.375 76.2408 22.1235 24.3523 121.819 0.152311 3.63851 5.25324 7.03424 5.41305 8.6178 9.36089 
40.8177 37.6611 283.814 0 50.9321 81.3134 132.504 116.272 351.125 97.8534 3.13275 185.482 24.8273 0.201636 30.8476 6.56674 78.1919 73.5803 46.1068 23.1351 13.7242 3.1559 0.103272 17.5462 53.2719 15.5525 14.441 11.6842 
217.501 531.805 67.5463 121.178 0 173.596 51.8924 30.5713 63.6683 63.6451 227.962 156.969 174.052 8.70824 63.9541 9.04877 95.7562 38.7138 301.027 51.626 122.406 56.9839 28.9339 34.8792 67.5992 69.9131 0.145033 3.19657 
121.61 144.803 3.19776 83.5009 382.228 0 399.301 106.919 201.172 477.987 43.4828 3.01076 387.446 9.52963 37.3146 25.715 73.3163 45.2681 27.619 19.2362 70.8056 2.52027 0.689663 12.9632 40.4432 18.8103 9.32921 22.3665 
2.72095 180.452 129.317 147.674 186.934 597.778 0 405.666 888.466 261.771 479.686 192.561 13.6648 66.8457 2.48698 29.5339 84.171 1.91393 91.7239 13.953 5.46396 17.0214 40.4833 39.1657 91.8831 11.4479 0.883175 68.4868 
26.7391 24.9819 146.996 286.312 37.7253 154.053 382.121 0 228.922 220.562 305.523 563.665 147.293 59.7732 34.321 149.979 89.0662 91.2524 7.36906 14.2381 12.387 67.3439 2.60688 2.95361 138.57 209.285 40.9921 123.593 
283.446 394.88 7.49522 22.1588 325.404 58.6296 99.8607 292.208 0 22.2274 739.503 306.589 0.0455168 76.1838 221.641 0.752268 122.358 166.64 81.4271 0.990362 141.694 58.3817 7.14267 42.0127 135.285 6.73926 77.962 51.9456 
90.3207 6.49515 23.1597 26.4961 185.932 413.086 241.111 76.4885 42.0909 0 548.096 161.912 11.2306 0.0127042 132.81 11.6674 80.7921 70.1334 44.6518 6.73935 83.3857 45.7176 4.49888 0.816067 32.545 70.1015 23.8439 49.3294 
37.6912 259.084 3.67142 109.799 66.0692 159.101 426.203 40.7478 615.69 153.373 0 64.4789 48.4243 115.924 405.066 176.783 75.1516 119.045 124.034 13.0423 44.7841 21.1 83.0574 129.032 90.458 150.376 40.6979 110.097 
29.4183 218.956 127.034 259.591 32.6784 15.8894 264.961 211.815 98.943 12.061 64.0368 0 45.5949 161.938 66.7788 203.872 64.7178 150.971 100.549 78.996 113.199 14.5069 11.579 179.89 128.019 71.1462 83.2515 69.4665 
80.1061 118.463 26.3784 63.2057 143.998 91.3441 105.806 2.15147 10.0947 331.138 208.123 10.6968 0 153.834 9.24702 39.0646 40.0485 1.51266 5.40107 40.066 2.82137 7.50344 0.127206 0.482561 23.0857 55.1445 29.953 35.7979 
5.44131 10.7085 16.5458 21.8321 32.7903 12.7878 37.7194 27.2118 54.4487 81.3797 213.374 22.5886 10.4017 0 28.1236 10.9627 20.8272 0.384803 18.3143 0.125879 13.0407 4.37223 8.16255 0.542208 1.87297 12.9988 11.1951 6.26756 
71.6614 6.52266 32.3478 33.4875 3.80793 1.90858 0.813116 184.241 1.96989 0.529316 401.805 40.1409 0.175423 55.5873 0 54.5491 28.5395 28.3948 2.82427 9.18091 48.0375 0.521158 1.8998 0.856131 2.01822 0.0535983 0.153183 10.1821 
79.6037 73.0497 6.95901 2.07607 70.0766 2.0829 63.2909 38.9977 152.368 27.9215 179.108 142.863 3.46985 0.181974 17.0233 0 5.33705 22.7079 29.5318 0.00254648 0.22996 1.9537 4.99778 4.86933 6.17912 6.06722 4.20445 19.7119 
22.6211 23.1852 36.5334 32.0837 153.782 71.8281 3.57888 82.305 37.0378 79.9391 38.0369 34.5171 64.5395 7.98244 0.16468 18.9482 0 77.8062 573.59 22.0786 11.0044 6.16111 19.1532 12.0847 24.0157 13.0178 19.7494 4.54704 
112.214 361.4 40.0223 4.98958 26.6606 46.3352 0.126482 138.228 68.7505 62.5339 0.605378 151.753 61.2106 30.1985 50.0684 61.5158 9.75276 0 150.125 81.543 123.409 33.2677 45.0067 11.1021 5.91029 60.7455 2.84399 51.2854 
36.7411 7.34316 61.6525 2.93793 301.194 1.56332 36.3178 79.1934 0.231041 107.976 127.9 30.2707 42.6191 21.9341 21.6556 16.0967 57.0784 148.234 0 35.5567 69.49 21.1503 18.0061 21.4398 20.6725 30.6622 22.9369 4.57834 
62.4226 61.5604 26.0083 23.4919 71.9268 23.5834 91.955 114.901 98.875 9.71432 85.67 35.2021 15.4806 2.18432 1.4951 0.631336 12.5122 76.7648 32.2023 0 223.049 2.09264 2.69995 4.62914 10.1682 7.31906 9.22548 10.3849 
242.478 22.8423 115.373 142.082 132.066 74.9282 16.2326 83.2318 142.907 99.0293 50.9936 51.5494 53.1673 39.2379 57.5123 8.62595 0.0432952 122.875 15.6501 263.271 0 5.38616 12.2002 14.0989 48.5405 24.5484 6.09127 3.16522 
29.0806 49.1495 11.159 7.62186 40.7066 17.1369 15.4297 28.667 60.1276 17.7454 18.1405 1.62898 65.4487 1.47158 17.2027 6.13788 2.58974 41.4887 22.3109 5.73324 3.08246 0 14.3528 0.0913321 1.17238 10.5407 2.77298 7.61837 
46.4439 47.2091 0.0340937 14.3628 51.9249 15.5443 26.7342 38.5503 0.000606609 33.0179 117.855 28.7757 0.386844 7.38274 5.07135 7.36327 13.2929 37.0147 14.362 2.93853 9.99263 14.3012 0 0.026965 2.16133 0.902112 13.3827 7.66576 
20.7867 17.1427 12.8958 19.6059 13.5248 1.24485 8.11083 7.52942 94.0932 49.6869 21.8212 124.346 7.82791 0.266422 4.20364 21.7731 0.0486777 31.6614 23.7974 0.151614 0.875533 10.6438 20.5956 0 34.5476 0.341096 9.3336 10.7368 
87.595 99.4938 27.2068 65.1869 65.453 50.1832 3.57155 0.539023 44.5977 36.2269 5.74399 885.596 55.6368 3.35673 3.41192 51.9854 48.4668 8.96378 2.72127 2.33924 60.4293 10.4588 24.453 36.985 0 92.2788 72.449 3.6707 
2.45013 9.11796 26.5825 11.4629 44.5235 2.55186 77.5201 153.1 62.1732 9.95257 144.267 272.907 17.2583 0.794775 2.65943 2.77362 19.3902 60.4192 1.25028 8.51064 60.2695 7.21026 5.02628 1.95855 34.9984 0 25.066 63.5182 
17.4568 51.6812 8.40429 22.7164 5.54124 17.8875 13.3322 1.71886 2.95702 12.7896 80.6029 83.5163 22.6259 8.87689 10.973 5.42368 5.32385 19.6799 21.2672 7.73033 41.6433 2.6194 0.655616 12.2821 15.505 37.1868 0 61.6196 
28.7224 63.484 16.3418 26.5695 16.0593 12.3099 73.5539 92.9901 47.9345 51.8146 47.1072 30.1663 14.7238 2.22325 21.3639 15.7267 0.180071 50.9603 26.7552 6.11066 16.4514 0.275618 9.71704 3.73449 20.1374 17.3625 91.4043 0 
