0 177.603 126.707 29.8408 35.2345 151.35 30.8651 295.98 47.071 19.5818 188.457 7.54118 22.2762 13.016 23.097 41.3846 107.311 222.325 116.533 248.694 37.1425 38.8601 17.4605 23.9273 24.5246 79.1428 50.5417 60.7726 
120.727 0 104.066 98.0187 246.843 41.6606 160.861 164.781 21.4605 24.7624 98.1422 213.794 44.8005 60.4671 88.7522 6.64407 170.833 1089.49 127.714 33.0238 3.50674 51.1936 50.5566 22.3002 31.5948 39.543 47.0378 14.1006 
203.736 371.761 0 209.869 10.409 12.4482 149.676 65.0472 212.087 4.51498 228.696 6.03084 0.0646984 6.30177 28.4616 23.0179 50.1931 69.5344 23.6983 23.7642 119.853 0.117545 3.86319 5.56119 7.62841 6.02065 8.32323 8.94108 
54.0343 46.2186 200.211 0 45.2895 80.2119 141.451 273.991 343.962 95.9562 5.4292 173.352 26.2737 0.117283 31.7221 7.67975 75.0967 78.4913 47.3674 21.2946 78.9604 2.9904 0.05676 18.1305 49.4693 16.9273 14.9016 11.0099 
208.175 527.811 59.0491 126.502 0 150.88 71.587 35.2638 77.0622 49.5458 233.773 159.762 175.584 9.68349 66.1578 10.089 91.1979 32.7785 300.846 49.138 120.922 56.9323 29.8687 35.7563 67.545 69.5998 0.0871353 3.58998 
122.865 128.427 4.73455 79.2229 424.132 0 554.669 97.5627 243.647 67.5817 32.9732 4.56535 613.21 10.1068 38.162 25.352 71.369 41.7052 24.6536 18.7679 71.6528 2.27639 0.828905 13.2745 37.1459 18.1923 9.04575 22.4842 
0.920329 142.379 113.534 138.971 159.238 749.18 0 409.264 666.569 305.435 469.938 202.5 9.98559 69.3594 1.28545 32.2658 82.1322 0.721032 86.8845 15.7524 4.28065 17.9829 42.0115 37.701 91.8781 13.1779 0.677864 69.1651 
34.695 18.943 162.945 262.57 42.8148 162.31 392.403 0 280.196 218.421 292.006 436.624 146.668 63.5477 40.2639 134.765 87.9956 95.635 6.28737 16.3271 15.4062 67.3795 3.44512 1.80618 145.544 216.201 38.946 121.302 
282.515 378.641 23.6813 20.1758 315.373 83.8831 14.6772 240.52 0 33.7436 1405.08 322.758 0.0512868 70.5025 252.878 0.195416 118.2 172.018 77.3481 1.54154 145.826 59.1775 5.92922 39.7308 130.285 4.98056 78.3256 54.0413 
85.9042 10.1012 19.8952 29.3537 204.43 340.23 197.577 69.458 29.2161 0 575.753 170.44 20.3859 0.0339054 131.571 13.752 81.4167 73.7841 41.2524 6.02275 82.0482 44.5792 3.78124 0.532583 34.1834 68.9678 24.5546 48.5758 
41.9726 255.399 1.28342 101.724 74.1106 144.005 403.824 51.8122 502.02 108.545 0 87.2323 41.0836 105.17 395.64 166.534 76.414 122.593 125.086 14.271 41.9531 22.3321 78.9115 128.646 94.7871 153.763 39.1643 109.836 
24.697 220.635 119.967 259.825 29.4253 12.9501 259.132 119.101 82.6396 8.44563 44.3643 0 42.2026 159.523 53.3786 259.259 63.5575 150.434 100.482 77.3349 109.443 15.5417 9.46805 182.741 109.258 46.5534 80.427 63.0882 
78.1711 115.382 28.0409 64.2169 148.171 109.961 113.973 3.00731 7.54528 327.802 200.468 12.6745 0 150.883 11.9464 36.5308 40.9972 1.0923 6.2658 40.3999 2.42457 9.14383 0.481086 0.831991 24.077 55.0652 30.361 35.2648 
6.02951 9.66665 16.4494 22.0656 31.3492 13.3576 35.0565 24.1734 49.771 82.2649 212.903 27.2676 6.21236 0 20.997 9.79172 20.6974 0.255856 17.9162 0.105217 13.6481 4.08763 8.71193 0.349597 2.14974 12.9525 11.1565 6.49657 
71.7171 7.8074 31.836 34.2401 2.93295 1.35822 1.81132 182.872 3.056 0.0449429 407.668 52.2604 0.000263233 50.4982 0 43.3861 28.3502 27.1699 2.48199 9.33536 47.2815 0.399066 2.61193 1.34566 1.5811 0.00125226 0.220336 9.65282 
79.9911 71.6421 6.31602 1.48154 69.2771 1.71112 66.1855 50.5233 151.981 25.1834 169.007 195.465 2.52871 0.478133 9.16883 0 5.06278 21.6932 29.3502 0.0114971 0.105728 2.13415 5.50605 3.43248 5.44714 4.86737 4.52989 19.262 
19.6166 21.3645 35.261 30.2985 153.225 69.9636 4.46966 81.0012 32.8709 80.6377 39.5625 35.7981 64.4238 8.2441 0.231162 18.6392 0 92.6301 192.589 21.5254 11.744 5.96494 19.1584 12.3145 21.4682 13.3655 19.8839 4.34639 
121.058 396.134 45.963 3.35851 32.1265 49.9743 0.793772 141.909 74.761 66.1578 0.230984 151.509 63.0984 29.3631 51.1727 61.3693 4.73852 0 149.604 82.5767 123.126 32.8664 44.9525 10.5463 5.38045 60.994 3.09342 51.2891 
39.4509 5.16501 61.617 2.35682 300.38 2.52974 32.2891 77.025 0.0234681 105.535 127.273 28.7102 40.9024 22.2676 22.3253 16.567 73.9382 149.169 0 35.3274 69.9391 21.381 17.7553 21.2506 21.0577 30.6367 22.8182 4.34435 
76.0677 67.0933 26.3976 21.6496 69.7538 23.3771 91.0504 113.917 97.4941 10.5835 85.3046 33.1868 14.8477 2.25161 1.37217 0.546925 13.0704 78.1224 32.6239 0 190.222 2.03101 2.74924 4.71053 9.97085 7.11261 9.31916 10.289 
243.65 26.3275 112.619 153.008 131.947 74.3627 14.2175 89.1965 146.998 98.783 53.971 55.2416 54.1868 38.7859 57.2876 9.48678 0.107656 123.224 16.5818 288.603 0 5.62851 12.691 13.4365 47.7089 23.4129 6.46602 3.5307 
29.5187 48.8243 11.2654 7.83541 39.906 16.8504 16.362 27.6731 60.8702 18.9337 16.9929 2.02613 67.9464 1.67677 17.3015 6.37736 2.73352 41.347 22.5126 5.77281 2.89585 0 14.6121 0.165621 0.959727 10.585 2.64013 7.50737 
46.5993 47.9225 0.0133333 14.0368 52.4176 15.3866 25.2539 40.9665 0.0487969 31.597 120.492 25.6313 0.0811641 8.0457 4.10683 7.86537 13.4817 37.4675 14.6516 2.98534 10.4551 14.568 0 0.38032 1.73271 1.03765 13.3308 7.51869 
19.771 18.1283 12.6441 20.1467 12.7587 1.42811 9.06339 9.67209 92.9332 48.6271 19.0084 131.891 9.01694 0.438141 3.33957 23.5042 0.0288628 32.2931 23.742 0.181005 0.690298 10.2975 20.8777 0 36.4144 0.21782 8.88734 10.4802 
85.884 96.3577 27.4549 62.3123 65.026 47.588 2.78887 0.0279918 44.5651 37.868 4.12564 370.863 55.7725 3.7039 2.84809 42.9593 45.5995 8.32649 2.49266 2.50788 60.5165 0.338848 24.3642 37.7599 0 61.6817 31.8556 45.0537 
1.84775 7.99492 26.8382 12.7329 45.8006 2.18658 79.6617 141.519 57.7874 8.6584 148.209 304.096 18.2226 0.633961 2.07996 1.94396 19.7045 60.7048 1.42894 8.70112 59.7701 7.35419 4.79345 1.65831 34.6375 0 23.7897 63.6374 
18.1416 52.0064 8.11062 22.3592 5.92712 17.7027 12.5841 1.21896 2.48037 12.165 79.8201 86.278 23.102 8.73192 11.3199 5.77623 5.14677 20.1788 21.4301 7.61236 41.8926 2.48936 0.550822 11.8497 17.9753 36.7539 0 68.072 
29.773 63.7634 15.962 27.1249 16.8129 12.7052 73.5079 96.5529 50.0342 51.1685 44.5707 35.2837 15.3409 2.40447 21.0525 15.1293 0.227269 50.8441 26.7917 5.95244 15.7647 0.316297 9.78293 3.48346 20.2943 21.1759 89.0816 0 
