0 155.566 129.14 15.2239 36.7943 138.565 29.4323 297.006 35.6349 18.9969 188.075 7.02733 21.9284 12.853 23.3765 41.7854 94.3027 223.159 116.476 248.63 35.7194 38.8975 17.3195 23.7177 12.0376 79.1941 50.5749 60.7444 
100.126 0 94.8163 89.3298 255.269 27.4438 168.53 162.493 9.4955 23.5672 99.9834 213.246 45.4915 60.2522 89.0209 6.43153 158.117 724.934 128.736 33.9677 3.23143 51.1635 50.4344 22.51 18.7211 39.9131 46.9349 13.9241 
202.795 380.931 0 218.922 11.2466 12.9608 146.572 67.7941 202.749 4.84601 227.587 5.51761 0.0867444 6.38379 28.2981 22.9408 50.0335 70.8698 23.3815 23.8852 120.27 0.124139 3.81794 5.49928 7.50833 5.89727 8.38205 9.02482 
37.8459 31.0914 221.798 0 46.4024 67.2538 139.687 114.023 332.417 96.3485 4.92089 175.818 25.9829 0.132345 31.55 7.4516 62.5286 77.5104 47.1179 21.6618 392.906 3.02322 0.0649593 18.0145 37.0411 16.6504 14.8096 11.1441 
210.085 529.142 60.7252 125.456 0 154.418 67.4389 34.3032 74.3083 52.2525 232.65 159.216 175.303 9.4849 65.7206 9.87708 92.1143 33.9332 301.051 49.6361 121.227 56.9448 29.6819 35.5815 67.5591 69.6663 0.0975425 3.50966 
109.438 118.507 4.40485 66.9003 833.695 0 873.233 99.4306 221.868 16.9981 34.9766 4.22929 470.678 9.99114 37.9988 25.4274 58.5713 42.4124 25.2385 18.8627 71.4878 2.3243 0.800098 13.2127 24.6148 18.3167 9.10237 22.4617 
1.20465 149.785 116.684 140.74 164.714 721.566 0 408.738 711.943 296.781 472.198 200.538 10.6778 68.8618 1.49463 31.714 82.544 0.91411 87.8553 15.3854 4.50615 17.7893 41.7066 37.9943 91.8871 12.8235 0.716778 69.0331 
33.0303 20.0891 159.774 269.253 41.7772 160.69 390.521 0 269.794 218.888 294.78 461.901 146.804 62.7923 39.0473 137.819 88.2132 94.7593 6.49729 15.8995 14.778 67.3748 3.26846 2.01358 144.174 214.899 39.3537 121.774 
269.567 368.85 19.7474 7.16291 317.48 65.0923 25.7926 250.715 0 31.2646 770.855 319.611 0.0191843 71.6366 245.418 0.277883 105.845 170.959 78.1643 1.42168 145.011 59.0201 6.16349 40.1855 118.105 5.31193 78.2562 53.6228 
86.79 9.319 20.5326 28.7747 200.761 355.662 206.19 70.85 31.6212 0 570.909 168.753 18.3497 0.0155674 131.86 13.3237 81.2966 73.0539 41.9269 6.16321 82.3191 44.809 3.92014 0.584508 33.8553 69.2012 24.4125 48.7288 
41.1027 256.186 1.66382 103.341 72.4792 147.037 408.529 49.5099 523.738 117.048 0 82.4576 42.5133 107.323 398.013 168.632 76.1638 121.89 124.885 14.0217 42.5149 22.084 79.7452 128.742 93.9273 153.115 39.4707 109.898 
25.6126 220.33 121.395 259.884 30.0649 13.5162 260.352 135.88 85.8167 9.11929 48.0399 0 42.8748 160.045 55.971 248.136 63.7909 150.551 100.5 77.6717 110.199 15.3326 9.87478 182.224 113.032 51.1222 80.9962 64.3534 
78.5613 116.006 27.7068 64.0184 147.353 106.096 112.34 2.82492 8.02691 328.693 202.034 12.2666 0 151.559 11.3818 37.0362 40.8081 1.17095 6.08807 40.3346 2.50165 8.80417 0.392223 0.754638 23.8783 55.0841 30.2799 35.3722 
5.90979 9.87153 16.4703 22.0206 31.637 13.2442 35.5859 24.7704 50.6994 82.1012 213.084 26.3029 6.96875 0 22.3903 10.0266 20.7238 0.279562 17.9961 0.109206 13.526 4.14427 8.61063 0.384881 2.09311 12.9633 11.1647 6.45083 
71.711 7.54206 31.9433 34.093 3.09917 1.46108 1.58043 183.193 2.75762 0.0993183 406.998 49.7358 0.00500854 51.6121 0 45.6343 28.3889 27.4142 2.54878 9.30477 47.4344 0.42222 2.4614 1.23936 1.6645 0.00556786 0.205936 9.75833 
79.9215 71.9289 6.44304 1.59276 69.4414 1.78278 65.6102 48.1253 152.087 25.7241 171.078 184.646 2.70548 0.40789 10.5755 0 5.11721 21.8954 29.3876 0.00919196 0.126772 2.09757 5.40391 3.70283 5.58646 5.09883 4.46412 19.354 
7.01797 8.51661 35.5169 17.462 153.359 57.1491 4.28395 81.2648 20.5083 80.5028 39.2565 35.5413 64.4493 8.19163 0.21697 18.7013 0 89.6064 216.067 21.6365 11.5946 6.00402 19.1577 12.2686 8.78619 13.2959 19.8573 4.38623 
119.288 390.31 44.7547 3.65967 30.9989 49.2424 0.614588 141.182 73.5486 65.4315 0.291756 151.568 62.7219 29.5304 50.9536 61.4015 5.60112 0 149.729 82.3772 123.19 32.9471 44.9646 10.6566 5.4846 60.9469 3.04274 51.2898 
38.9048 5.57112 61.631 2.46815 300.711 2.31842 33.0809 77.4613 0.0478378 106.035 127.408 29.0205 41.2456 22.2015 22.1917 16.473 70.5083 149.002 0 35.3751 69.8518 21.3353 17.8058 21.2889 20.981 30.6428 22.8422 4.39078 
73.2705 65.9837 26.3237 22.0172 70.1935 23.4203 91.2409 114.126 97.7786 10.4074 85.3827 33.5877 14.9737 2.23814 1.39637 0.563347 12.9584 77.8572 32.5411 0 196.912 2.04329 2.73942 4.69436 10.0106 7.15401 9.30059 10.3085 
243.481 25.6143 113.19 151.601 131.98 74.4807 14.6111 87.9989 146.191 98.8373 53.3725 54.4979 53.9839 38.8774 57.3351 9.3119 0.0924905 123.161 16.394 283.912 0 5.57971 12.5923 13.5683 47.8769 23.639 6.39031 3.45611 
29.4315 48.8908 11.2444 7.79267 40.067 16.9084 16.1741 27.8715 60.7237 18.6943 17.2202 1.94334 67.4538 1.63484 17.283 6.32952 2.70449 41.3762 22.4727 5.76498 2.93276 0 14.5636 0.149025 1.00037 10.5765 2.66651 7.52968 
46.57 47.7815 0.0167208 14.1025 52.3212 15.4191 25.5485 40.4811 0.0295135 31.8815 119.982 26.2495 0.124143 7.92001 4.29333 7.76574 13.4441 37.3778 14.5938 2.97603 10.3621 14.518 0 0.27726 1.81418 1.00987 13.342 7.54833 
19.9732 17.9298 12.6951 20.0397 12.9107 1.39053 8.86922 9.22355 93.1727 48.8421 19.5582 130.402 8.77342 0.400533 3.50556 23.171 0.0324142 32.1673 23.7537 0.174925 0.725626 10.3676 20.854 0 36.056 0.240305 8.97651 10.532 
73.0393 83.7987 27.4077 49.7015 65.1143 34.918 2.93796 0.0788053 31.3715 37.54 4.42859 904.301 55.7482 3.63346 2.95721 45.0559 32.9825 8.45235 2.53766 2.47378 60.5018 1.26048 24.385 37.7099 0 68.696 31.8816 33.4957 
1.96167 8.21432 26.7902 12.4755 45.5462 2.25758 79.2398 143.86 58.6615 8.91095 147.447 298.082 18.0287 0.664747 2.19058 2.09899 19.6419 60.6502 1.3923 8.66328 59.8731 7.32553 4.83997 1.71661 34.7145 0 24.047 63.6569 
18.0041 51.9428 8.16925 22.4314 5.84905 17.7402 12.7325 1.3122 2.57246 12.2892 79.9804 85.7305 23.0069 8.76115 11.2506 5.70521 5.18202 20.0789 21.3978 7.63606 41.8437 2.51516 0.571088 11.9366 17.4719 36.8475 0 66.8163 
29.5628 63.7103 16.0385 27.0154 16.6614 12.6262 73.5213 95.8478 49.6143 51.3002 45.0764 34.2357 15.2169 2.3678 21.1164 15.2498 0.217392 50.8687 26.785 5.98409 15.9014 0.307945 9.77016 3.5332 20.2643 20.3965 89.626 0 
