0 749.206 91.2042 502.213 16.2464 575.89 54.4273 276.801 456.376 28.7612 192.725 16.7801 27.4738 15.4247 19.1963 35.6455 536.187 207.919 116.713 211.675 59.8354 38.2768 19.5057 26.9554 446.507 78.0305 49.9802 61.0188 
680.875 0 258.624 473.954 132.26 493.34 65.5135 196.831 446.275 44.5898 72.7214 220.031 35.2592 63.3509 84.4569 10.0283 594.655 760.978 112.327 20.6254 8.64361 51.5368 52.1974 19.3443 459.049 34.2718 48.4461 16.7152 
211.027 217.691 0 67.871 1.89114 6.06942 191.485 30.7105 342.999 1.03531 239.52 15.7329 0.103288 5.15302 30.5859 23.9582 52.2499 50.9215 28.307 21.8663 112.684 0.0426739 4.52664 6.46372 9.41001 7.88318 7.48681 7.7575 
544.836 516.524 38.2529 0 30.3811 507.949 164.903 611.886 741.113 89.6733 15.3063 136.57 30.5092 0.00130953 34.0217 11.2223 497.778 92.3548 50.783 16.1463 641.002 2.53576 0 19.7437 470.256 20.9713 16.2135 9.13789 
178.742 480.935 36.7229 140.251 0 120.209 140.414 50.1431 120.004 17.9221 247.584 166.862 178.202 12.7125 72.2004 13.3272 77.9012 18.1821 288.799 42.005 116.149 56.6348 32.5343 38.2246 67.1697 68.4358 0.00245014 4.83425 
557.187 514.619 10.5965 497.951 808.468 0 1382.04 71.4011 794.143 330.111 10.3132 10.7187 518.465 11.7694 40.1359 24.1296 497.329 31.9429 16.8001 17.3493 73.7664 1.6389 1.29408 14.1297 459.481 16.3726 8.23865 22.7481 
1.04957 52.6425 70.1522 112.476 86.8645 884.381 0 406.08 111.879 417.91 421.768 228.893 2.55977 76.1653 0.0205654 40.426 76.0198 0.470667 72.9038 21.3715 1.67369 20.8221 46.3247 33.4938 91.3103 18.6856 0.238695 70.8526 
62.2002 6.08824 206.104 95.8284 58.6808 183.47 409.209 0 429.777 209.686 248.969 124.046 144.094 74.3151 59.02 91.5111 84.6896 108.101 3.64245 22.9505 25.686 67.3146 6.46132 0.0694659 163.592 230.08 33.201 113.785 
707.675 754.408 113.043 461.14 280.154 619.083 191.045 109.35 0 77.9039 824.102 362.342 2.20422 54.5445 278.011 0.605767 537.76 186.198 65.6984 3.77732 156.841 61.3268 3.05021 33.3292 547.038 1.38442 79.1348 59.9948 
73.1587 24.4993 11.6953 38.0024 253.976 118.361 86.4388 50.4683 4.90484 0 603.907 193.319 59.7121 1.06699 125.214 20.4655 82.8656 84.2123 31.9241 4.17008 77.9873 41.1826 2.05324 0.0531094 38.8865 65.2719 26.5862 46.2676 
55.1122 241.493 1.25735 78.7589 98.5349 100.887 326.249 89.2574 294.768 19.1041 0 165.837 22.9164 74.8031 337.416 134.46 79.8615 132.316 127.453 18.0307 34.1701 25.9747 66.8167 126.284 106.685 161.356 34.8024 108.43 
13.2558 223.301 98.9699 253.205 20.8926 6.09323 238.839 0.0598679 42.5704 1.59319 7.23411 0 32.9757 150.044 22.0258 405.507 60.1386 148.225 99.9648 72.2801 98.3952 18.65 4.53138 187.161 140.389 3.83532 72.0777 45.6978 
72.4307 105.996 32.8992 66.8449 158.88 157.414 137.097 6.22747 2.25108 303.278 176.343 19.1702 0 136.807 21.2962 29.4122 43.67 0.263914 9.06546 41.2578 1.44973 14.6103 2.73304 2.346 26.9424 54.6252 31.4941 33.678 
7.85826 6.93702 16.0596 22.6194 27.2622 14.949 27.6913 16.2706 36.9961 83.8594 205.628 42.4991 0.123424 0 4.84675 6.48469 20.2934 0.0313258 16.7547 0.0560841 15.4301 3.29625 9.61884 0.028734 3.0296 12.7154 11.0173 7.14771 
71.5323 12.0572 30.0373 36.15 1.04586 0.29087 6.79359 175.79 11.6838 1.59954 389.622 92.9214 1.59014 31.1444 0 14.2413 27.7526 23.7173 1.61668 9.7582 45.0019 0.138108 5.17064 3.30576 0.614299 0.276958 0.479048 8.16291 
80.5541 67.26 4.59598 0.32344 66.6855 0.838819 74.1892 89.0416 148.887 17.8708 137.207 351.259 0.642691 2.05455 0.102604 0 4.30777 18.8482 28.7567 0.072728 0.0139008 2.68466 6.97878 0.629098 3.86085 2.08031 5.50639 17.8408 
443.415 449.403 31.5299 457.169 150.092 496.177 7.53931 77.0712 453.107 82.3052 43.9785 39.5059 63.9295 9.00303 0.483291 17.7328 0 138.054 536.887 19.9131 13.9673 5.41365 19.1488 12.968 446.021 14.3624 20.2528 3.79131 
146.155 417.18 64.1963 0.45267 50.0381 60.6016 5.84257 151.772 92.5792 76.6141 0.139034 150.126 68.4298 26.9568 54.2125 60.7519 0.31751 0 146.681 85.0318 121.796 31.6824 44.7099 9.01189 3.98803 61.5263 3.86159 51.202 
47.4527 1.01362 61.0398 1.03694 286.584 6.51597 21.78 70.6587 0.616694 97.757 124.815 24.3823 36.0079 23.1784 24.2215 17.9069 122.019 150.409 0 34.5464 71.0483 22.0133 17.0138 20.6758 22.139 30.4949 22.4539 3.70169 
118.422 82.9701 27.23 16.4841 63.2078 22.6524 87.8068 110.253 92.9831 13.2273 83.9057 27.5825 13.0707 2.44497 1.04566 0.336973 14.6933 81.5605 33.7257 0 95.4286 1.85714 2.88799 4.93647 9.38833 6.51446 9.57606 9.99517 
242.496 37.3998 103.404 139.23 130.972 72.4092 9.1181 106.504 157.88 97.7252 62.6882 66.1536 57.0391 37.4127 56.4663 12.1346 0.451248 123.702 19.3539 330.386 0 6.34634 14.1255 11.5944 45.2169 20.2248 7.59077 4.67929 
30.7433 47.7932 11.5505 8.44923 37.5532 15.9805 19.1282 24.8571 62.8584 22.4491 13.8597 3.39553 74.5756 2.32283 17.4944 7.05903 3.1638 40.8824 23.0582 5.88011 2.39044 0 15.1157 0.497331 0.484141 10.6887 2.27306 7.1826 
46.9209 49.8437 0.00688561 13.0698 53.6806 14.8709 21.1297 48.0051 0.852861 27.519 126.822 17.42 0.464889 9.37223 1.83514 9.23194 14.0125 38.7062 15.4698 3.11615 11.8167 15.0947 0 3.47801 0.810216 1.47156 13.1308 7.08259 
16.9324 21.0376 11.8787 21.6108 10.6536 2.01578 12.037 17.1418 89.1079 45.3919 11.8776 151.743 12.807 1.14698 1.36811 27.3885 0.000592004 34.0685 23.5415 0.279123 0.280175 9.25267 19.4367 0 40.6068 0.0165288 7.62032 9.7174 
512.508 518.855 27.9955 485.533 63.5995 471.829 1.07157 2.12021 476.887 42.5361 0.948608 675.291 55.9629 4.76243 1.49441 11.8029 469.16 6.6114 1.88878 3.0158 60.5731 41.5966 23.8987 33.5124 0 13.4421 159.242 87.2447 
0.585464 5.15132 27.3546 16.5727 49.374 1.28586 85.3193 107.337 45.5644 5.39894 157.544 373.106 21.055 0.270466 0.796657 0.360743 20.5829 61.3447 2.00329 9.22838 58.1254 7.75756 4.13219 0.925097 33.2805 0 20.0232 61.0112 
20.1355 52.837 7.27794 21.2835 7.09435 17.1401 10.531 0.258449 1.34086 10.4339 77.3208 93.8137 24.4543 8.30062 12.3033 6.81872 4.65104 21.6146 21.876 7.2681 42.5424 2.13092 0.299436 10.5868 25.5677 35.0392 0 83.3777 
32.7855 64.3727 14.8354 28.6055 19.0263 13.8284 73.0887 106.203 56.0386 49.1482 37.4456 51.4835 17.1417 2.95221 20.0536 13.3585 0.392599 50.4154 26.8558 5.49843 13.8438 0.447838 9.94252 2.79868 20.6783 32.8768 77.3062 0 
