0 775.987 86.2875 517.132 14.1336 581.323 58.1199 273.499 460.312 30.1527 193.138 18.3378 28.2285 15.7708 18.6696 34.8497 542.391 205.565 116.645 201.311 63.3032 38.1884 19.794 27.3804 451.838 77.8199 49.8893 61.0295 
707.513 0 281.099 474.37 117.948 503.446 54.9909 201.14 453.53 47.7215 69.3533 220.655 33.9886 63.7226 83.7947 10.5488 600.028 884.542 110.088 19.0835 9.53304 51.5716 52.4093 18.9406 465.13 33.5439 48.6326 17.0916 
211.098 195.18 0 51.2735 1.24102 5.33953 196.744 26.7881 359.462 0.742738 240.249 17.4195 0.161339 4.99753 30.8472 24.0642 52.5014 48.4376 28.9571 21.579 111.515 0.0351674 4.62116 6.59149 9.66649 8.15552 7.3713 7.59521 
561.572 529.897 62.0296 0 28.478 513.928 167.848 275.507 741.413 88.7044 17.0533 131.322 31.1085 4.3582e-05 34.3159 11.7525 503.137 94.2434 51.234 15.4529 298.948 2.47476 0.00113706 19.9603 475.369 21.5425 16.3951 8.88497 
174.387 470.577 33.9134 141.966 0 113.899 151.104 52.371 126.409 14.68 249.154 167.741 178.355 13.161 73.0061 13.8075 76.0344 16.4546 285.81 41.0161 115.425 56.5757 32.9037 38.5628 67.0915 68.2425 0.000231532 5.02126 
564.055 515.236 11.5682 502.702 470.169 0 775.942 67.8931 815.478 591.971 8.12444 11.7692 78.0101 12.0007 40.3546 23.9387 503.143 30.6454 15.7941 17.1434 74.023 1.5575 1.36651 14.2442 464.819 16.1144 8.12687 22.7762 
1.69188 43.1413 64.5449 108.672 77.993 856.46 0 404.053 66.4016 431.006 412.919 232.279 1.90551 77.0608 0.103553 41.5946 75.1389 0.810078 70.9576 22.2051 1.40428 21.227 46.916 32.9081 91.1662 19.5135 0.195164 71.0571 
66.5266 4.84623 211.634 74.9079 61.0268 186.073 409.992 0 449.728 208.174 242.57 92.8373 143.645 75.7985 61.8016 85.7126 84.2014 109.82 3.32849 23.9437 27.3007 67.2859 6.95218 0.0126351 165.841 231.267 32.4169 112.633 
712.937 752.314 129.467 470.745 274.577 642.512 259.549 94.1397 0 85.1917 1651.83 366.945 2.75404 52.3878 261.419 0.899159 542.677 188.016 64.0886 4.16492 158.27 61.6105 2.72143 32.4569 551.521 1.05771 79.2199 60.8154 
71.3835 26.9558 10.7021 39.2527 260.273 93.3907 73.6294 47.9837 3.10713 0 601.467 196.286 66.5276 1.32444 124.012 21.48 83.0268 85.6544 30.6821 3.93633 77.3956 40.6949 1.8522 0.0258109 39.5404 64.7068 26.8685 45.9292 
57.0352 239.182 2.05918 75.6228 102.067 95.0615 314.262 95.0584 276.768 12.21 0 177.991 20.7553 70.721 326.178 129.778 80.3212 133.613 127.705 18.5815 33.1273 26.4947 65.1196 125.809 108.271 162.153 34.1998 108.157 
11.9215 223.416 95.9953 251.442 19.8018 5.33097 235.623 3.35515 37.8894 1.06362 4.51971 0 31.7536 148.438 18.6284 422.019 59.6516 147.839 99.8549 71.5433 96.8282 19.0992 3.97981 187.323 159.443 1.59489 70.8897 43.4086 
71.6097 104.629 33.5848 67.1782 160.214 161.108 140.248 6.76515 1.75637 298.223 172.765 20.1693 0 134.245 22.7717 28.4445 44.0366 0.193111 9.49231 41.3655 1.33311 15.4563 3.18966 2.61634 27.3438 54.5389 31.6476 33.4502 
8.1295 6.58798 15.9922 22.6827 26.6994 15.1645 26.7029 15.2722 35.3071 83.9685 203.936 44.8082 0.0025316 0 3.39636 6.04494 20.2333 0.0171787 16.5906 0.0504325 15.6831 3.18947 9.65751 0.0121567 3.16178 12.6702 10.9945 7.23762 
71.466 12.7132 29.7496 36.3853 0.857301 0.203774 7.73005 174.443 13.5127 2.15994 383.15 99.1101 2.05566 28.226 0 11.1138 27.6629 23.2438 1.50996 9.81471 44.6715 0.11236 5.58064 3.63977 0.514302 0.365241 0.522851 7.95929 
80.5676 66.6108 4.37239 0.22814 66.2901 0.740739 75.2626 94.8907 148.226 16.9238 132.545 371.036 0.477565 2.35301 0.630794 0 4.20627 18.4599 28.6654 0.0854396 0.0323038 2.76509 7.18287 0.411799 3.70268 1.77722 5.64724 17.6285 
449.031 455.705 31.0021 463.161 149.478 502.027 8.02671 76.5018 458.2 82.4975 44.5982 40.0265 63.8415 9.10983 0.525668 17.6041 0 144.55 405.195 19.6857 14.289 5.33812 19.1446 13.0585 451.676 14.5013 20.3023 3.7163 
149.582 414.434 66.8423 0.260333 52.7727 62.0951 6.90914 153.06 95.1155 78.0725 0.241984 149.853 69.162 26.6205 54.6205 60.6427 0.895392 0 146.107 85.3125 121.551 31.5135 44.6659 8.80508 3.80904 61.5791 3.9749 51.1783 
48.5904 0.687434 60.9038 0.894478 283.366 7.20887 20.4493 69.756 0.839056 96.5881 124.396 23.7971 35.3307 23.2999 24.4825 18.0925 128.077 150.411 0 34.4233 71.1817 22.0979 16.9079 20.5919 22.2869 30.467 22.4003 3.6154 
124.457 85.1558 27.3116 15.7871 62.2629 22.536 87.2803 109.645 92.2919 13.6128 83.6698 26.8243 12.8277 2.47196 1.00326 0.311548 14.9219 81.9842 33.8663 0 83.4044 1.83325 2.90702 4.96707 9.30527 6.43049 9.6105 9.95202 
241.805 39.0608 101.978 135.246 130.762 72.0984 8.48985 108.924 159.288 97.5367 63.9215 67.7068 57.4282 37.2124 56.3311 12.5241 0.517862 123.707 19.7518 331.982 0 6.44913 14.3285 11.3445 44.8576 19.7891 7.75338 4.85115 
30.9102 47.6379 11.5878 8.53497 37.2188 15.8538 19.5241 24.469 63.1186 22.9504 13.4423 3.61336 75.4298 2.41922 17.5105 7.1532 3.22588 40.8108 23.1303 5.89435 2.32347 0 15.1568 0.557284 0.434132 10.7004 2.22353 7.13656 
46.9511 50.0965 0.0122471 12.9314 53.8387 14.7917 20.5707 48.995 1.04296 26.9523 127.552 16.3784 0.666547 9.4766 1.58367 9.41106 14.0853 38.8718 15.5824 3.13398 12.0107 15.139 0 4.11817 0.719195 1.53718 13.097 7.02019 
16.5462 21.4523 11.7672 21.8039 10.3713 2.10484 12.4789 18.3308 88.5176 44.9192 11.0009 154.256 13.3777 1.26952 1.15792 27.7778 1.62879e-05 34.3116 23.5087 0.294423 0.237304 9.10176 18.9868 0 41.0368 0.00660207 7.44583 9.60812 
518.413 524.181 28.0504 490.956 63.3772 477.42 0.895157 2.82748 483.685 43.1801 0.681705 353.164 55.966 4.91673 1.33811 9.28736 474.667 6.38574 1.81073 3.0894 60.5582 50.7387 23.8084 32.3833 0 21.542 132.607 62.8821 
0.46504 4.80049 27.4006 17.1269 49.8608 1.17811 86.0468 102.568 43.9153 5.00022 158.598 379.63 21.4569 0.231586 0.66422 0.238706 20.7027 61.4126 2.0906 9.29954 57.8715 7.81268 4.04108 0.838626 33.0552 0 19.4908 60.3081 
20.4169 52.9407 7.16307 21.1277 7.26421 17.0579 10.2559 0.180671 1.20899 10.1998 76.9431 94.8141 24.6413 8.23872 12.4389 6.96736 4.58332 21.8154 21.9357 7.21941 42.6253 2.08265 0.270255 10.4087 26.6649 34.7468 0 85.0216 
33.2049 64.435 14.6743 28.798 19.3408 13.9836 72.9965 107.473 56.8712 48.8474 36.4737 53.8953 17.3962 3.03171 19.9024 13.1063 0.419185 50.3444 26.8599 5.43515 13.5819 0.467925 9.96128 2.70759 20.7285 34.5357 75.1444 0 
