0 735.295 87.2497 777.062 41.6414 446.585 53.8202 290.049 453.228 14.0856 145.473 135.835 2.42769 50.1096 64.3446 79.9237 542.466 180.653 55.288 48.1453 240.349 0.0513332 2.99311 41.8774 520.468 76.4738 49.1865 16.0406 
803.328 0 235.638 758.107 11.344 471.619 141.658 1.55678 848.8 211.461 130.925 37.4321 146.601 1.82996 38.2945 9.85745 487.096 228.494 172.222 138.897 4.7177 51.7415 14.0415 2.17718 453.893 2.94781 54.6109 51.7795 
6.33749 234.989 0 51.2695 60.1151 66.6424 33.5977 274.501 122.845 38.4329 164.16 133.411 0.395542 15.9984 33.3212 9.99025 42.8433 0.399131 54.1648 1.82996 2.8536 1.84115 0.342122 4.31574 2.59825 24.405 19.2433 13.6801 
749.816 571.767 219.298 0 51.3148 475.415 171.166 150.85 465.146 24.3936 159.179 0.0684698 24.2291 13.3911 38.101 20.1973 449.935 21.5409 60.9164 38.0823 352.696 4.18447 0.0678159 22.3587 456.172 42.7328 16.4063 17.1374 
215.682 316.327 125.953 120.815 0 65.7142 358.643 49.9974 56.1162 30.153 2.64824 128.67 2.08175 32.6809 0.927477 46.007 102.751 225.335 2.97261 30.5688 36.4966 27.1864 29.0589 6.4533 10.4067 68.1432 44.1095 0.0492693 
473.766 675.774 39.9647 511.061 982.07 0 1409.61 213.197 577.365 1001.21 41.5823 67.1391 126.929 18.1015 12.6157 2.08826 501.1 116.987 21.7028 14.3731 2.04397 0.158196 5.95984 7.03121 460.126 17.0992 7.97826 8.64416 
0.957255 160.114 206.371 104.223 2.14105 847.36 0 29.1952 111.88 6.91808 130.093 180.951 3.28541 66.3356 3.79813 7.95596 8.55806 223.27 40.6642 85.868 20.7923 60.0886 33.4938 66.316 88.766 99.0354 25.4572 70.7475 
3.50287 250.466 2.83073 375.365 41.9572 20.2572 70.6279 0 543.452 220.775 58.0504 981.68 33.5487 7.8352 136.299 154.093 0.71708 33.4196 62.8941 117.039 12.5649 49.7846 6.26747 34.8753 128.295 223.234 86.9357 134.437 
666.71 483.181 0.338596 742.278 330.793 752.994 191.044 32.1001 0 70.0098 1196.76 32.3661 205.478 133.508 312.524 108.806 558.066 51.0517 44.1311 2.37912 65.9406 4.65388 41.9186 14.7534 456.681 110.056 0.978458 35.4777 
94.6984 189.73 16.3815 60.1609 232.918 142.105 503.42 132.28 280.073 0 401.703 246.737 127.742 17.1791 9.49684 19.965 45.8909 0.970308 88.4846 45.6677 28.3536 16.9646 1.78744 23.8028 62.1991 9.1448 4.48042 37.7305 
168.068 1.31858 114.021 163.658 78.0047 0.87883 44.1975 342.407 220.017 332.149 0 14.9808 66.105 8.18735 74.4035 147.513 6.87771 171.106 43.3174 0.0286691 134.088 78.261 0.00592469 42.2094 58.8587 102.196 0.17552 104.277 
28.759 54.8605 139.388 86.5163 63.8374 9.55628 270.716 720.12 372.367 41.6131 313.241 0 63.3116 66.8844 188.738 494.773 87.3801 75.8911 9.94888 0.979971 105.375 75.0863 126.59 107.337 192.438 361.702 109.25 22.1501 
108.955 98.9842 35.5319 0.122481 6.2609 125.781 181.529 119.176 197.984 247.35 223.266 3.30604 0 49.7047 90.7339 70.4452 4.27476 20.6355 20.1774 10.6277 1.85049 87.9193 89.8977 70.1672 53.0876 53.7455 20.6985 42.6425 
44.0655 70.0061 5.01161 13.3583 64.526 15.3344 38.2565 125.603 125.988 76.8104 57.9621 65.2769 47.2371 0 14.0137 2.53636 0.0876748 41.9411 27.1781 0.0293809 1.37074 1.42231 5.68624 3.619 10.7282 5.53559 6.43593 4.19909 
5.05542 58.8665 15.6718 36.5879 72.698 24.4233 18.8363 5.15162 10.1767 131.654 151.665 247.12 115.042 43.8904 0 31.52 21.9847 1.68893 13.4704 0.116871 2.31684 12.9841 22.5915 28.1205 29.7898 30.7525 13.5768 1.22103 
27.5597 67.4745 20.4601 41.4334 22.1705 13.1142 34.448 184.637 56.4638 18.3514 150.179 480.915 82.9364 5.79064 69.6336 0 1.27302 16.0234 20.4789 1.89156 11.2218 1.32236 12.4631 0.938945 35.0734 32.6475 4.81421 15.3907 
488.94 535.444 44.304 488.223 16.8856 501.911 109.746 3.2911 482.219 43.8481 37.6627 3.82427 44.4438 19.6709 4.33846 2.69983 0 117.623 580.16 4.80583 2.49011 16.5119 7.95754 0.986557 473.095 26.6245 20.8339 21.79 
179.314 74.5165 153.169 43.9936 171.127 28.9873 209.24 78.1878 0.338697 2.59888 42.0573 68.6119 104.346 49.5292 69.0037 6.24938 0.42225 0 79.883 58.7412 108.059 18.3639 28.3977 2.56075 40.9238 0.104954 27.1023 29.9343 
2.45083 79.7991 4.99535 1.44864 2.0075 80.3244 96.6859 116.516 146.632 123.467 12.4246 37.6902 85.5763 3.79247 37.2815 0.00180164 8.1933 55.3612 0 22.8195 18.8321 10.6613 1.6146 1.05451 30.8608 30.6506 23.3528 23.7289 
132.729 3.63722 15.8617 38.3716 12.8623 20.7386 0.801914 2.56159 106.549 6.21673 79.87 29.1772 42.2252 2.58875 11.7806 0.321991 28.8647 50.863 35.8562 0 42.6304 5.46742 3.52246 3.35769 8.16393 0.0919505 0.949874 7.85208 
69.2913 29.2624 7.97173 32.1398 10.8423 26.5428 8.36584 7.42049 64.5865 62.5588 60.7479 59.2507 55.7923 44.9826 0.872995 0.000905311 2.58289 95.8117 8.14599 144.085 0 0.601616 35.2767 44.2997 1.77041 11.3225 42.9933 0.288025 
19.8862 45.8772 12.3112 16.5316 53.0735 12.2398 60.801 59.5084 5.93525 41.666 14.3525 74.6972 64.976 10.6976 4.088 0.0226713 0.49877 5.82659 9.05662 2.48022 10.2435 0 4.21922 1.40855 1.49397 10.4173 3.07295 3.79573 
13.3452 17.4717 2.42187 14.1243 5.37498 10.979 44.2095 6.28998 17.754 26.7637 97.1834 125.1 91.2168 4.70482 21.2653 12.1806 0.331475 43.6541 22.5999 3.33081 33.5586 4.12278 0 0.0840312 8.21707 8.32465 13.1472 1.7104 
5.23109 60.2289 8.62074 23.8728 54.4114 0.092937 28.2706 86.0447 71.9077 6.72291 126.312 34.14 64.2646 7.57045 20.439 26.8833 17.1467 42.355 4.66049 0.0183057 27.2114 7.41746 19.9135 0 13.7302 4.28762 4.02144 13.7263 
447.944 501.182 23.7492 477.016 3.76284 446.185 0.000523079 158.282 568.894 64.5425 139.007 891.472 39.7793 8.7077 30.7105 49.0096 446.649 45.0884 2.3016 7.27119 6.78788 72.5546 9.57684 21.611 0 14.7636 158.666 38.5538 
0.0562314 29.2489 19.2815 40.5162 50.1027 1.61531 47.8204 33.6481 41.5985 69.4119 111.409 83.9472 24.3723 3.67078 29.9759 32.7082 23.1305 0.223189 0.702841 10.195 51.2355 6.85907 0.0166199 7.55125 1.03064 0 23.3242 45.8214 
22.3551 53.1299 19.2034 2.66633 48.9293 16.9469 46.7405 97.1273 77.7694 34.5555 27.522 0.67553 28.2542 10.0771 19.4307 3.64809 3.83218 7.48436 11.4131 4.51944 8.54578 3.23529 0.314571 6.6741 1.53126 6.45808 0 61.1756 
55.6863 1.35383 19.6836 10.2599 4.69285 20.6688 73.1317 64.855 39.3625 41.2976 26.8721 80.6409 5.90021 0.854404 11.616 10.6011 10.229 25.3623 0.00438755 2.99757 25.2644 9.89718 0.901934 13.3829 19.8141 53.2401 91.5231 0 
