0 724.533 73.4172 437.675 9.1869 473.944 68.3816 264.01 349.725 33.9825 194.015 22.7966 30.2728 16.7046 17.2889 32.7382 437.262 198.915 116.352 170.44 72.849 37.9443 20.5655 28.5151 344.494 77.1936 49.6318 61.0298 
657.476 0 338.497 356.059 82.8468 409.428 31.0544 212.362 353.103 56.4533 60.635 222.016 30.6824 64.6754 81.9582 11.991 492.54 740.377 104.036 15.2247 12.1038 51.6485 52.9532 17.876 359.768 31.6163 49.1177 18.1087 
210.137 137.56 0 17.5642 0.173001 3.60579 209.831 17.5282 399.304 0.198806 241.229 22.2869 0.378911 4.58982 31.4987 24.3157 53.1278 41.9993 30.6942 20.7891 108.209 0.0186931 4.87514 6.93373 10.3583 8.89432 7.06508 7.16668 
485.879 445.115 128.921 0 23.6474 408.118 175.236 900.34 619.004 86.0204 22.1241 117.34 32.7129 0.0145578 35.0659 13.2024 395.786 99.2008 52.4028 13.6452 426.126 2.31515 0.0150182 20.5263 367.385 23.067 16.8769 8.22171 
162.56 439.057 26.8636 146.265 0 90.4795 180.408 58.471 143.823 7.56534 252.888 169.944 178.506 14.3857 75.1047 15.1199 71.0629 12.242 276.377 38.3938 113.426 56.3972 33.8846 39.4559 66.8523 67.6912 0.00581469 5.53545 
460.569 395.845 14.3185 393.673 574.178 0 889.273 58.7853 746.765 560.453 3.53856 14.7887 361.434 12.6154 40.8668 23.4069 396.996 27.2765 13.2341 16.5861 74.6601 1.34984 1.56838 14.5434 357.447 15.4222 7.83008 22.8404 
4.14314 22.1414 50.383 98.4964 56.2476 729.177 0 396.804 2.29106 461.64 387.159 240.895 0.629849 79.3753 0.635422 44.7357 72.7617 2.16036 65.7952 24.4803 0.800555 22.3158 48.4772 31.3504 90.705 21.7868 0.100423 71.5641 
78.5593 2.21881 225.576 41.0422 67.4186 192.541 410.166 0 500.367 203.807 225.181 30.5158 142.339 79.7175 69.3643 70.7639 82.8696 114.365 2.55872 26.6669 31.8075 67.1858 8.34188 0.0844791 171.476 233.493 30.3505 109.445 
604.8 624.246 176.288 376.574 259.052 584.364 475.351 58.445 0 105.713 1328.55 377.99 4.51373 46.7577 209.203 1.96125 434.138 192.65 59.8255 5.28681 161.94 62.3469 1.93415 30.1614 441.783 0.400229 79.4134 62.9883 
66.6697 33.9989 8.24972 42.626 276.091 41.5356 43.8583 41.5866 0.306234 0 587.398 203.882 85.9839 2.14401 120.456 24.2656 83.4066 89.4748 27.4524 3.34367 75.7902 39.3806 1.36542 0.000650952 41.2772 63.145 27.619 45.0082 
62.2544 232.605 5.14603 67.3982 111.586 79.9603 281.451 111.094 225.709 1.29402 0 211.304 15.4753 60.1389 293.404 117.186 81.5201 136.993 128.283 20.079 30.4053 27.893 60.6034 124.372 112.392 163.949 32.6016 107.34 
8.69332 223.415 88.0625 245.78 17.0197 3.54 226.635 36.3732 26.6262 0.171867 0.380555 0 28.5814 143.845 10.885 458.874 58.3422 146.718 99.5167 69.5448 92.6298 20.3145 2.67943 187.207 214.183 0.356606 67.7027 37.5038 
69.4001 100.924 35.4171 68.0254 163.566 166.055 148.51 8.30189 0.735386 283.01 163.026 22.9382 0 126.795 26.8854 25.9045 45.0057 0.0581901 10.6726 41.6381 1.04574 17.8023 4.57198 3.40602 28.4146 54.2795 32.0515 32.8355 
8.87112 5.69716 15.7971 22.8343 25.2101 15.7302 24.1234 12.7454 30.9376 84.1218 198.66 51.1476 0.565805 0 0.754928 4.91697 20.0689 7.34747e-05 16.151 0.036814 16.3622 2.90988 9.65022 0.0022913 3.52471 12.5356 10.9298 7.47592 
71.2408 14.5344 28.9417 36.9739 0.445471 0.0469241 10.5024 170.446 19.0973 4.05523 361.636 115.989 3.58156 20.6339 0 4.50511 27.4163 21.9933 1.24253 9.96224 43.7766 0.0566139 6.72639 4.59593 0.290507 0.659218 0.648732 7.42265 
80.5255 64.8382 3.79809 0.0549204 65.1968 0.508319 78.0628 110.832 146.196 14.4985 119.981 418.521 0.156452 3.23122 4.18185 0 3.94046 17.4358 28.4123 0.124284 0.118693 2.9836 7.72144 0.0555751 3.35907 1.08056 6.02773 17.0471 
342.483 351.094 29.5898 357.554 147.632 395.981 9.39424 74.9596 350.23 82.9609 46.2533 41.4172 63.5843 9.3955 0.647207 17.2586 0 161.828 325.937 19.0769 15.16 5.13842 19.1298 13.2987 345.154 14.8714 20.4317 3.51929 
158.575 408.826 73.969 0.00582867 60.3116 66.0751 10.1734 156.379 101.913 81.951 0.654778 149.032 71.0977 25.724 55.6877 60.3243 3.85831 0 144.385 85.9851 120.825 31.0589 44.5362 8.26292 3.35059 61.6941 4.28435 51.1015 
51.6421 0.125791 60.4754 0.565462 273.353 9.2108 17.0786 67.3352 1.59787 93.3813 123.188 22.2608 33.5345 23.6169 25.1734 18.5853 142.908 150.21 0 34.0781 71.5116 22.3193 16.6226 20.3639 22.6776 30.3831 22.254 3.38961 
140.381 90.9108 27.4868 13.9679 59.7125 22.2083 85.792 107.914 90.3792 14.6588 82.9929 24.8353 12.1862 2.54386 0.894137 0.248479 15.5332 83.0438 34.2254 0 54.2411 1.76997 2.95734 5.04747 9.08189 6.20621 9.70057 9.83453 
239.336 43.6146 98.0263 127.807 130.114 71.2257 6.91809 115.362 162.902 96.9852 67.2227 71.8763 58.4537 36.6682 55.9463 13.5849 0.717666 123.647 20.8251 330.839 0 6.72624 14.873 10.6877 43.8858 18.6407 8.19371 5.32292 
31.3504 47.2106 11.6844 8.76342 36.3207 15.5099 20.5908 23.4402 63.7913 24.2972 12.3542 4.22549 77.6123 2.68287 17.5405 7.40283 3.39392 40.6117 23.3178 5.93141 2.14916 0 15.2302 0.733019 0.32093 10.7282 2.09361 7.01303 
47.014 50.7515 0.0340225 12.5591 54.2383 14.5721 19.1028 51.6375 1.64215 25.4475 129.306 13.7372 1.37912 9.64785 0.999 9.87115 14.2777 39.3043 15.8804 3.18097 12.5322 15.2214 0 6.00913 0.523157 1.71787 12.9997 6.85212 
15.5298 22.5672 11.4645 22.3042 9.63303 2.35044 13.6877 21.6634 86.8802 43.6363 8.81393 160.592 14.9446 1.62181 0.680355 28.6087 0.00251523 34.9537 23.4154 0.337111 0.140332 8.6945 17.5316 0 41.9796 0.0020193 6.98444 9.31375 
412.506 416.732 28.1717 383.763 62.7571 370.702 0.501802 5.20005 380.269 44.8844 0.184575 190.925 55.946 5.33489 0.961902 6.98135 367.742 5.80104 1.61015 3.28871 60.4911 69.4473 23.5369 29.1433 0 54.3413 42.5803 7.54814 
0.21131 3.92237 27.4917 18.6205 51.1422 0.912941 87.9066 89.99 39.6037 4.00698 161.097 392.673 22.5353 0.142468 0.36901 0.0357116 21.0184 61.5682 2.33185 9.48615 57.1663 7.95803 3.8 0.627833 32.4144 0 18.0706 58.0595 
21.1702 53.2024 6.85869 20.7059 7.72516 16.8343 9.53656 0.0411105 0.890301 9.58514 75.9022 97.4134 25.1374 8.07178 12.7978 7.36689 4.40459 22.3509 22.0916 7.08884 42.8369 1.95618 0.199635 9.93277 29.6079 33.9072 0 88.7009 
34.3201 64.5734 14.2406 29.2936 20.1854 14.3949 72.7106 110.754 59.0808 48.0236 33.9148 60.4705 18.0782 3.24704 19.4857 12.4301 0.494255 50.1418 26.8652 5.2666 12.8912 0.523549 10.007 2.47041 20.8635 38.9112 68.89 0 
