0 489.444 47.3021 164.166 2.01025 130.162 92.5671 240.131 2.95156 42.9074 194.793 34.0038 34.8915 18.7963 14.4002 28.2026 99.3492 182.647 115.148 107.202 94.928 37.369 22.2632 30.9974 2.32519 75.5005 48.9939 60.8868 
434.186 0 436.442 1.72528 25.4678 98.5833 2.02439 235.22 34.7063 77.1932 43.1035 223.443 23.9053 66.5567 77.6061 15.4067 148.767 270.551 90.5186 8.17164 18.6966 51.7366 54.0328 15.6139 21.8232 27.4849 50.1142 20.3939 
202.33 38.5798 0 13.2648 1.23749 0.963387 232.788 3.89059 459.058 0.21667 238.474 34.6618 1.17055 3.73773 32.6825 24.7037 54.2675 29.0549 34.4875 18.9554 100.113 0.000649981 5.43872 7.68759 11.9037 10.5644 6.40537 6.2533 
214.701 155.732 112.844 0 14.442 68.2932 188.737 778.872 236.803 79.6882 35.1498 87.4857 36.2446 0.136777 36.5213 16.5223 53.1804 109.538 54.7779 9.9502 327.889 1.98178 0.100252 21.7008 23.5341 26.38 17.9163 6.83346 
136.026 354.299 13.9677 154.177 0 24.756 246.227 72.5201 182.872 0.127091 258.691 174.027 177.536 17.2009 79.4156 18.1403 60.3025 5.12174 249.011 32.7691 108.733 55.9019 36.0035 41.3624 66.1751 66.3055 0.0763119 6.73715 
125.535 30.7401 21.0127 47.1745 1087.1 0 1365.67 40.4314 462.57 327.685 0.0662646 22.4377 570.705 13.939 41.617 22.1351 56.9804 20.4245 8.31752 15.3307 75.8096 0.944337 2.05247 15.164 14.9628 13.8971 7.1884 22.9269 
13.1487 0.285067 24.4477 76.4876 19.9865 301.629 0 372.08 165.545 503.057 322.011 257.431 0.243114 84.0325 3.35408 51.685 67.4365 7.33236 54.7311 29.6954 0.0666331 24.7379 51.7995 27.9776 89.3111 27.0589 0.00189337 72.4771 
106.968 0.00561997 251.14 68.6498 81.981 204.059 400.915 0 592.394 192.658 186.151 13.7113 138.957 88.0341 86.4205 41.6135 79.8088 124.075 1.22203 32.9677 42.6105 66.8484 11.7752 1.37014 181.781 233.523 25.9723 101.946 
257.837 233.273 285.07 71.164 222.44 346.09 986.911 8.83868 0 154.782 1654.25 395.463 9.81695 35.2117 179.143 5.67497 88.9076 201.642 50.7143 8.17552 169.211 63.8519 0.674601 25.3173 93.7338 0.0552455 79.6659 67.6428 
56.5315 51.6638 3.93913 50.1448 304.856 18.0353 4.69381 28.8892 4.3807 0 521.162 218.705 133.4 4.59338 111.036 30.7108 83.9821 97.658 20.8582 2.20732 72.1472 36.4463 0.555206 0.187121 45.0251 59.4699 29.2463 42.9067 
74.0605 216.289 16.5256 50.3464 132.698 49.9784 208.044 148.399 75.8213 16.1923 0 286.289 6.51485 39.0287 212.463 89.735 84.0002 143.952 129.062 23.4907 24.764 31.0053 50.852 120.392 120.792 166.178 29.1619 105.104 
3.36428 221.85 70.9361 228.823 11.606 0.882648 205.143 217.673 8.63371 0.875135 7.20455 0 22.1131 132.356 1.07085 495.645 55.4288 143.81 98.5507 65.0196 83.3858 23.0532 0.719579 184.183 268.564 21.3977 60.6712 25.758 
64.4806 92.5676 39.4307 69.6609 169.796 156.093 165.658 12.1709 0.0282987 242.257 140.992 29.4957 0 107.898 36.6659 20.5982 47.0781 0.0370758 13.4564 42.1591 0.537416 23.3479 8.39537 5.47151 30.7526 53.5644 32.9048 31.4569 
10.5818 3.95812 15.2959 23.0779 22.0229 16.9124 18.804 7.94538 22.1537 83.7589 183.509 65.7417 6.21157 0 1.6593 2.75149 19.6877 0.0672565 15.1811 0.0144472 17.8683 2.32846 9.08522 0.154333 4.36653 12.1716 10.7684 7.98796 
70.5059 18.8563 26.9846 38.0541 0.0101308 0.0885205 17.8847 159.769 34.6358 10.153 296.498 153.696 8.31172 6.8957 0 0.394788 26.8404 19.3254 0.746095 10.2683 41.7542 0.000615141 9.44409 6.98005 0.0217798 1.59155 0.969418 6.2859 
80.0385 60.7703 2.66172 0.0891039 62.6184 0.150549 83.8305 146.401 140.454 9.74813 92.4729 485.548 0.0634082 5.50585 21.3806 0 3.3843 15.2599 27.8096 0.234078 0.496193 3.48009 8.85396 0.427425 3.00974 0.150856 6.88164 15.708 
2.232 15.589 26.4895 19.0285 142.579 56.1932 12.7192 71.475 6.73439 83.7218 49.8777 44.4659 62.9081 10.0241 0.955875 16.4916 0 198.37 476.687 17.7368 17.1279 4.71079 19.0802 13.8186 4.56121 15.6774 20.7019 3.10412 
177.28 430.546 89.6877 0.761168 77.8681 74.7005 19.3624 163.019 116.852 90.3349 2.25373 146.765 75.2351 23.7685 57.9101 59.4914 17.3155 0 139.67 87.0643 118.881 30.044 44.1914 7.12544 2.44512 61.814 4.99697 50.8641 
58.3709 0.467698 59.212 0.106688 244.896 14.3193 10.6635 61.9898 4.08683 85.9641 120.104 19.0324 29.6691 24.2733 26.6548 19.6502 167.767 148.733 0 33.2412 72.1001 22.7804 15.9853 19.8441 23.5113 30.1512 21.9178 2.9177 
172.973 102.963 27.6524 10.2407 54.0126 21.4059 82.1276 103.591 85.8633 17.0307 81.2747 20.6672 10.8191 2.70063 0.675784 0.134897 16.8761 84.9954 34.9265 0 10.3988 1.63399 3.06508 5.21704 8.5848 5.71525 9.88851 9.56537 
230.859 54.1346 88.7253 143.567 128.256 69.0996 4.01955 129.258 170.038 95.5367 74.4866 81.0908 60.6344 35.4295 54.9838 16.0107 1.26645 123.142 23.2299 301.876 0 7.34726 16.0779 9.30078 41.7 16.2012 9.18915 6.42138 
32.2868 46.2099 11.8802 9.26213 34.3283 14.73 22.972 21.2277 65.1515 27.2845 10.1074 5.71969 81.8667 3.28998 17.54 7.93918 3.77336 40.1358 23.7025 6.00783 1.79007 0 15.2076 1.19518 0.177427 10.7718 1.82057 6.73914 
47.0616 52.0839 0.119398 11.7294 54.9982 14.0515 16.0191 57.4037 3.41289 22.2038 132.136 8.69259 3.80594 9.46548 0.180105 10.775 14.69 40.2032 16.5205 3.28087 13.6933 15.2184 0 10.7085 0.334817 2.14025 12.752 6.4769 
13.3803 25.0453 10.7786 23.3196 8.09523 2.92688 16.4762 29.7094 82.991 40.727 4.83008 172.396 18.5827 2.50721 0.0726029 29.3109 0.0284337 36.3252 23.1825 0.439909 0.0164214 7.78545 13.3512 0 42.9603 0.10282 5.9993 8.65735 
73.0031 73.8656 28.3092 41.4408 61.2666 29.556 0.0349586 12.7717 46.7317 48.5313 0.191585 111.126 55.7596 6.27856 0.351068 24.6007 26.2175 4.61062 1.21051 3.73916 60.2064 58.4221 22.7888 23.0793 0 91.9275 130.429 82.085 
0.000744409 2.29929 27.5296 21.9384 53.8544 0.447927 91.5451 63.8045 30.6857 2.20219 164.915 397.684 24.9199 0.0223279 0.0227491 0.218142 21.6901 61.7774 2.9012 9.87739 55.4852 8.26764 3.2846 0.270347 30.8247 0 14.993 51.4453 
22.8312 53.6988 6.20387 19.7534 8.77305 16.3244 8.03866 0.0804833 0.36167 8.29181 73.4619 102.723 26.2092 7.69772 13.5684 8.25355 4.0231 23.5222 22.4164 6.79991 43.2514 1.69101 0.0820287 8.89068 36.0071 31.7876 0 92.8352 
36.7398 64.736 13.2747 30.2833 22.0599 15.2799 71.8845 117.356 63.8429 46.1181 28.5089 75.4073 19.584 3.73356 18.511 10.9412 0.67945 49.632 26.8476 4.89957 11.4236 0.655456 10.0853 1.98258 21.1895 47.8914 53.4248 0 
