0 1021.66 13.2531 719.661 2.00917 562.037 137.973 190.864 442.94 59.8508 192.395 57.638 43.32 22.5661 9.86442 20.7215 544.255 149.956 111.259 81.5205 135.266 36.2357 25.2329 35.2762 441.85 71.5463 47.6444 60.1697 
1008.5 0 454.013 461.021 5.51506 594.157 34.1058 267.654 539.691 116.717 18.7771 220.804 13.8195 69.126 69.0815 22.1079 581.394 183.02 66.9048 0.97748 33.055 51.6261 55.5375 11.9282 468.246 20.675 51.6301 24.5389 
171.965 18.348 0 189.979 13.928 0.410563 249.756 3.7976 448.825 4.16938 218.289 60.7657 3.55756 2.41282 33.8919 24.833 55.4647 11.3993 40.9322 15.5177 83.7538 0.0283446 6.43512 9.00067 14.6526 13.5821 5.29775 4.75858 
755.027 683.479 392.558 0 3.54456 508.483 202.053 894.265 593.218 67.4725 62.9918 41.9738 42.386 0.642169 38.3933 22.5688 490.581 125.262 58.2544 4.65037 613.862 1.45565 0.426666 23.5031 459.291 31.8969 19.6644 4.65439 
90.2781 185.699 1.24976 162.494 0 72.4142 351.308 98.6238 249.223 14.4851 260.73 178.618 171.659 22.4866 85.8674 23.8223 42.4706 0.00608703 185.025 23.5417 99.6162 54.701 39.5776 44.5025 64.5013 63.3302 0.389585 9.06922 
572.815 445.514 33.9867 477.48 985.049 0 727.009 15.4387 894.091 580.582 15.6265 38.7289 556.345 16.1271 41.6727 19.6157 498.681 10.5129 2.32379 13.0623 76.9882 0.405021 3.02429 16.1221 453.124 11.2505 6.1018 22.8991 
39.7542 44.8358 0.92735 41.6005 1.02365 97.3336 0 304.567 1006.85 479.424 195.323 277.434 7.40376 90.6192 12.9327 63.7317 57.8852 23.2106 36.7804 39.3645 0.725997 29.0518 57.2038 22.2896 85.6666 37.0208 0.187395 73.4087 
160.32 7.79819 275.214 50.973 108.542 214.42 355.389 0 662.949 168.729 119.257 346.433 131.437 101.285 116.307 7.64845 74.0411 139.918 0.0572349 44.8249 64.0134 65.8761 18.9319 7.21163 192.254 218.002 18.9115 87.4996 
679.486 584.604 437.667 591.972 154.565 904.984 1260.67 28.2715 0 244.756 1448.26 402.108 23.5199 18.5108 186.931 16.4249 521.687 213.162 35.8788 14.5372 179.132 66.1089 0.0310712 17.5987 521.168 3.03322 79.5427 75.3164 
39.879 88.1207 0.165914 63.3188 331.285 216.663 32.4968 11.7567 43.3821 0 324.926 237.61 220.463 10.8577 90.342 42.7032 84.1369 111.072 11.2048 0.775858 65.4348 31.211 7.23038e-06 1.29623 51.2795 52.3574 32.0159 38.9996 
95.4215 182.724 49.6508 25.147 169.037 12.5508 91.6227 216.48 91.5529 155.344 0 407.93 0.0107113 11.7375 76.2679 46.2187 87.8201 154.466 128.81 29.8097 16.0931 36.551 34.8152 110.926 132.994 164.375 23.4116 99.8105 
0.0165177 214.104 43.2972 186.924 4.53718 0.506571 163.439 711.115 1.01279 10.6671 68.257 0 12.5817 108.642 8.60326 405.098 50.2271 137.319 96.1424 56.7508 67.3639 28.0456 0.285022 170.262 259.634 123.118 48.465 9.98662 
55.7307 77.4696 46.3194 71.7602 176.748 141.896 191.23 20.4668 3.80564 156.94 101.967 42.3543 0 70.3854 55.393 12.4305 50.5082 0.897406 18.9066 42.8135 0.0514242 34.0577 17.3955 10.0977 34.7714 51.8495 34.2868 28.9597 
13.8228 1.65438 14.1967 23.2076 16.7741 18.7476 10.8242 2.1868 9.91913 80.8741 147.596 92.2913 29.0302 0 22.3177 0.375314 18.9564 0.525964 13.4763 2.48998e-05 20.5415 1.43654 6.61588 0.962377 5.95993 11.3248 10.4246 8.83972 
68.4494 27.3385 23.0669 39.2166 0.786482 1.40955 34.4612 135.839 70.498 26.4218 153.992 214.731 20.6559 1.19213 0 26.6137 25.723 14.945 0.179125 10.7429 38.0491 0.120059 14.4965 11.8136 0.286401 4.09273 1.67099 4.45945 
77.9167 53.1825 1.12587 1.4894 57.575 0.0328315 92.4519 203.921 126.587 3.55659 48.4844 448.934 1.89126 10.1422 65.1028 0 2.50324 11.7138 26.6072 0.504635 1.76287 4.39503 10.5739 4.61327 3.71906 0.567705 8.42078 13.2126 
445.625 468.652 21.1491 464.305 130.723 498.311 19.5176 65.0941 444.111 84.2042 56.1549 49.7645 61.3672 11.1265 1.63087 15.1257 0 251.676 433.283 15.3958 20.7396 3.9982 18.9368 14.7028 446.077 17.0637 21.1296 2.43481 
205.302 482.156 116.028 6.29856 110.731 89.0367 41.4182 172.358 142.41 104.333 7.26906 141.324 82.0546 20.4051 61.376 57.6069 60.7688 0 128.59 87.6292 114.375 28.2165 43.3935 5.31442 1.19736 61.5903 6.35134 50.2255 
70.0465 6.15003 55.9943 0.173236 179.791 25.2233 2.94541 52.6255 11.0355 72.0689 113.369 13.8893 23.2268 25.2878 29.1128 21.4496 191.581 142.852 0 31.5299 72.6827 23.5048 14.8373 18.8742 24.8883 29.591 21.2803 2.17091 
214.395 121.21 27.2231 4.86339 43.8989 19.7527 74.5457 94.4689 77.0535 21.3856 77.5395 14.1107 8.57244 2.97037 0.364996 0.0188216 19.2138 87.1367 35.8602 0 18.329 1.40584 3.24425 5.48982 7.69773 4.86655 10.1849 9.05945 
206.893 73.8298 71.0286 222.804 123.624 64.7347 0.814589 152.22 179.697 92.2459 87.1094 97.174 64.2047 33.1276 52.926 20.5316 2.58247 121.051 27.5762 186.92 0 8.47492 18.2115 7.0657 37.7277 12.2341 11.0213 8.54075 
33.8242 44.261 12.1688 10.1232 30.7898 13.2947 27.242 17.5229 67.1402 32.5495 6.66624 8.80815 87.3566 4.42281 17.3225 8.83039 4.4714 39.1776 24.2868 6.12537 1.23894 0 14.5753 2.2341 0.276719 10.7911 1.38372 6.25184 
46.8496 54.0567 0.38986 10.2501 55.9368 13.0235 11.1385 67.217 7.94416 16.8054 133.633 2.54231 10.69 7.48951 0.344535 11.9331 15.3772 41.6065 17.5914 3.4446 15.7722 14.6191 0 18.1769 0.800961 2.95352 12.2113 5.80403 
9.91688 29.4499 9.52188 24.8003 5.68991 4.04779 21.7429 45.7363 75.3244 35.4018 0.689883 185.095 25.4746 4.31834 0.492798 26.822 0.140462 38.5926 22.6842 0.648699 0.09097 6.18083 5.19678 0 41.0316 0.635159 4.39057 7.48698 
515.547 510.659 28.1268 479.14 58.2537 469.705 0.521603 32.9925 501.09 54.5147 3.76879 181.137 54.9713 7.98385 0.0080916 69.382 465.949 2.84118 0.646088 4.56518 59.263 4.01037 21 27.1035 0 3.38848 40.0385 0.521687 
0.765566 0.487751 27.0679 27.6986 58.2305 0.0276101 96.3433 26.1922 17.2927 0.324605 165.94 331.531 29.1136 0.0619375 0.416782 2.53054 22.7919 61.7095 4.02342 10.4971 52.1344 8.77619 2.43961 0.00161903 27.548 0 9.9321 36.0554 
25.7504 54.3098 5.10712 18.0102 10.7203 15.3729 5.69466 1.27528 9.50151e-06 6.22097 68.7173 110.565 28.0239 7.02176 14.8501 9.81985 3.39125 25.555 22.9276 6.2878 43.8114 1.26898 3.25899e-05 7.10244 46.2566 27.3173 0 86.4698 
40.8519 64.5583 11.5543 31.6735 25.3935 16.7598 69.804 126.68 71.7916 42.4944 19.8772 102.092 22.2362 4.62216 16.6334 8.38007 1.06995 48.5302 26.7214 4.26922 9.02313 0.917913 10.1489 1.24446 22.0012 59.5928 25.6225 0 
