0 765.807 5.02877 505.675 6.61547 308.139 156.755 169.013 197.144 67.1322 190.055 68.5272 46.8719 24.142 8.21378 17.8701 296.563 135.54 109.036 83.5713 151.629 35.7254 26.4447 36.9942 192.735 69.5844 47.0074 59.7066 
773.477 0 400.308 233.961 28.6489 366.244 75.4569 277.593 323.867 133.314 11.4884 217.868 10.4016 69.9042 65.3121 25.0827 328.029 555.01 57.5503 0.0451064 39.8489 51.4842 56.0103 10.5266 221.754 18.07 52.1667 26.283 
154.661 71.1208 0 262.433 22.7583 1.69507 247.333 12.5091 403.146 7.16589 204.997 72.6188 4.88954 1.9394 34.0577 24.6835 55.6567 6.35044 43.4553 14.0634 76.4836 0.0613493 6.84389 9.53141 15.7798 14.8299 4.86256 4.18867 
529.12 463.378 312.21 0 1.1693 258.385 203.374 1038.02 309.494 62.1756 75.7435 27.1913 44.8644 0.953595 38.8985 25.05 240.107 130.637 59.412 2.99625 269.297 1.26127 0.624311 24.1395 208.366 33.9919 20.3513 3.86238 
72.7556 122.224 0.000707937 163.739 0 152.294 385.212 109.626 273.914 29.8803 258.564 179.537 167.778 24.764 88.0708 26.2734 35.7078 0.673364 155.611 20.0519 95.5856 54.0885 40.9863 45.712 63.6404 61.9183 0.587302 10.106 
325.046 192.956 39.3936 224.159 376.984 0 11.2706 8.3724 602.035 963.514 29.3778 46.2808 253.004 16.9608 41.2341 18.4945 249.866 7.31087 0.913866 12.1186 77.1618 0.247829 3.46462 16.4649 203.159 10.1885 5.67082 22.8223 
54.0755 90.3146 0.493037 29.5523 10.628 386.725 0 270.423 1250.24 436.302 145.256 282.024 13.0963 92.6891 18.4707 68.5188 53.9279 31.9974 30.1311 43.4571 1.70429 30.8381 59.2456 20.0585 83.7515 41.2999 0.394098 73.544 
182.345 15.1299 276.49 61.2728 119.566 214.841 327.591 0 652.863 157.605 93.9655 555.588 127.804 106.109 128.009 1.43363 71.5389 145.897 0.0135805 49.9016 73.5026 65.3393 22.2429 10.8541 193.569 206.409 16.2656 81.2229 
419.865 301.511 467.392 378.352 127.165 667.914 1029.11 74.0112 0 279.491 1200.98 395.857 30.6132 13.2214 108.561 22.2426 269.322 216.232 30.3114 17.5859 182.102 66.8926 0.342429 14.7535 266.537 5.53362 79.2857 78.2572 
33.5981 104.37 0.0594013 68.5897 332.298 322.014 77.0254 6.81661 69.5086 0 234.535 242.483 253.079 14.0762 80.8057 47.7332 83.8879 116.153 8.02676 0.398157 62.5779 29.0506 0.0912383 2.03191 53.6991 49.2427 33.1186 37.3255 
104.264 167.617 67.0581 16.9838 183.208 4.14017 54.3412 243.772 229.977 240.268 0 448.492 0.817591 4.934 35.6251 31.4535 89.1883 158.112 128.117 32.5061 13.014 38.8471 28.7998 106.224 136.952 161.572 21.1678 97.1645 
0.872718 209.171 33.3291 166.548 2.56098 1.92261 145.54 885.558 6.86705 17.665 108.47 0 9.38388 98.0293 20.46 324.221 48.0642 134.169 94.898 53.2712 60.9432 30.1539 1.20823 161.699 330.287 179.265 43.5766 5.53062 
52.1239 71.2076 49.0558 72.3331 178.081 157.964 199.674 24.3862 7.15117 121.3 86.4534 48.0579 0 55.0345 63.3114 9.57502 51.8373 1.57604 21.3325 42.9866 0.000360016 38.6977 21.8019 12.3312 36.3816 50.9822 34.8118 27.9082 
15.2336 0.990093 13.6722 23.1516 14.7635 19.4008 8.10954 0.850372 6.21341 78.9016 130.526 103.062 42.1353 0 34.3683 0.0287029 18.6335 0.838006 12.7773 0.00317029 21.6476 1.12374 5.27906 1.47209 6.64615 10.9075 10.2618 9.1699 
67.3329 31.0948 21.3262 39.4172 1.66279 2.39092 42.3279 124.557 87.4064 34.7592 98.7753 235.315 26.9774 6.71984 0 44.8049 25.226 13.2668 0.058534 10.9142 36.4778 0.248051 16.527 13.9205 0.661382 5.40096 2.00818 3.77992 
76.5958 49.9425 0.676504 2.53514 55.3336 0.1716 95.3687 223.33 119.692 1.87201 33.404 382.073 3.35106 12.075 79.5928 0 2.17647 10.3639 26.0622 0.64348 2.49955 4.78357 11.1484 7.37677 4.47451 1.47704 9.06213 12.1552 
198.266 225.648 19.0219 217.296 124.88 249.671 22.6323 62.3891 194.185 84.0896 58.6922 51.9156 60.607 11.5787 1.95622 14.5583 0 267.542 369.289 14.4428 22.2769 3.71912 18.8573 15.0557 197.494 17.6222 21.2885 2.18141 
214.607 439.868 125.866 10.0415 124.521 94.4918 52.3386 175.294 152.434 109.734 10.1106 138.575 84.6775 19.0537 62.6324 56.6826 84.2142 0 123.119 87.3729 112.139 27.4489 42.9958 4.6395 0.810974 61.3404 6.94548 49.8826 
74.7221 10.2677 54.3305 0.518382 150.258 30.2485 1.14914 48.8166 14.7824 66.1649 110.149 11.978 20.7276 25.6531 30.065 22.1609 199.072 139.29 0 30.7428 72.7569 23.7712 14.3556 18.455 25.4215 29.3055 21.0009 1.89396 
223.213 127.319 26.7884 3.17094 39.7759 18.9929 71.0641 90.2283 73.1621 23.2296 75.7544 11.7231 7.70839 3.07897 0.264253 0.00181466 20.1624 87.5355 36.1332 0 52.103 1.31589 3.31416 5.59255 7.32945 4.52455 10.2944 8.83981 
194.194 82.2025 63.5112 223.198 121.24 62.7267 0.200698 160.922 182.55 90.6289 92.1993 103.661 65.5743 32.138 51.9504 22.4707 3.25031 119.76 29.4015 130.727 0 8.95228 19.0935 6.22305 36.0543 10.7301 11.8045 9.47905 
34.4167 43.3918 12.2671 10.4713 29.3259 12.6848 29.0202 16.0704 67.8089 34.6989 5.44372 10.2405 88.8301 4.90432 17.1551 9.17508 4.77004 38.7393 24.4934 6.16763 1.04118 0 14.1099 2.73542 0.446522 10.7781 1.21993 6.04933 
46.6551 54.7298 0.544099 9.63819 56.1765 12.5632 9.34758 71.0793 10.2985 14.7244 132.964 1.06402 14.3795 6.24487 0.993756 12.2292 15.6464 42.1185 18.0116 3.50756 16.6399 14.1662 0 20.0387 1.27623 3.30998 11.9521 5.52366 
8.6162 31.2693 8.99102 25.2908 4.81296 4.54454 24.023 52.8334 71.9076 33.1596 0.0705353 187.099 28.4426 5.11099 1.19937 24.5827 0.210751 39.4712 22.4471 0.744599 0.228028 5.53169 2.54445 0 38.9793 0.978831 3.782 7.0036 
267.055 259.883 27.8983 228.728 56.8777 220.417 1.19561 43.442 257.846 56.7901 6.50316 227.014 54.4812 8.69093 0.136786 65.9779 216.58 2.23332 0.464548 4.91609 58.7156 34.6679 20.1045 35.5913 0 46.1704 152.884 63.1529 
1.48968 0.13045 26.689 29.9766 59.8757 0.00165909 97.7004 14.9799 12.7585 0.0371123 164.272 282.887 30.8277 0.169342 0.939088 4.14327 23.216 61.523 4.52818 10.7258 50.6212 8.97191 2.11825 0.024615 26.0688 0 8.04799 29.1463 
26.9485 54.4654 4.67727 17.2714 11.559 14.9623 4.83862 2.1722 0.0586124 5.44529 66.6113 113.197 28.7445 6.73792 15.3479 10.4612 3.14511 26.3817 23.1161 6.07565 43.9803 1.11161 0.0119734 6.39203 49.8466 25.2689 0 79.286 
42.4832 64.3166 10.8436 32.1123 26.7751 17.3377 68.7251 129.602 74.8754 40.9138 16.6894 112.798 23.3264 4.99715 15.8107 7.36816 1.25427 48.0026 26.6349 4.01582 8.10361 1.03698 10.148 0.986903 22.472 62.2982 15.9181 0 
