0 636.63 99.6105 716.686 33.7039 400.486 63.1787 295.836 410.983 16.7342 140.787 142.97 1.83073 50.5843 65.227 80.2318 495.297 172.964 58.1769 55.4934 242.377 0.0223166 2.64642 42.8203 474.949 75.7159 48.8945 15.1236 
704.941 0 179.439 707.914 2.40079 418.056 179.681 0.333384 807.181 217.792 140.459 42.5227 147.403 1.38865 40.7082 11.1701 445.428 242.921 172.485 137.057 6.47555 51.7305 13.2248 2.59719 407.243 3.66939 54.5948 50.9112 
2.78753 291.268 0 94.8096 51.8937 66.6835 23.5745 270.763 166.076 42.427 152.555 126.534 0.687356 16.1604 32.9662 10.7068 43.9458 1.34221 53.0682 1.41916 4.34476 1.96233 0.426522 4.02943 3.00304 24.8651 19.187 13.2634 
682.422 504.239 319.159 0 45.6593 432.261 177.82 492.86 410.75 27.1764 152.316 0.305202 22.812 13.8983 37.6801 18.7064 404.816 25.1425 61.3662 36.5387 147.054 4.37101 0.0314098 22.8052 409.443 43.2745 15.9516 17.8464 
206.244 274.44 117.344 126.154 0 111.862 379.011 44.5885 68.9101 20.2524 4.77446 132.51 3.4036 31.2402 1.45124 44.4813 107.1 228.443 0.489078 32.9194 38.9847 28.0656 28.1235 5.88773 9.58267 67.6186 44.469 0.0125073 
424.316 624.479 36.7387 466.209 954.08 0 1516.36 211.111 492.904 785.226 53.0523 72.222 520.597 17.6497 13.9427 1.71604 454.826 118.612 24.557 13.8136 2.58508 0.098712 5.64245 7.37395 414.985 16.4585 7.7009 8.26127 
2.78399 199.274 217.66 94.6832 7.91103 738.908 0 18.7451 19.6832 0.469729 103.181 191.212 5.56334 68.8617 5.70045 9.61772 9.8738 219.505 45.0082 84.3697 23.1492 59.6236 31.9579 67.0723 87.9419 98.6023 24.5591 71.2537 
1.24665 241.966 0.516435 312.696 36.9094 26.057 54.5449 0 581.18 222.375 70.7455 914.053 30.8408 6.11371 129.628 168.918 1.03051 36.8842 60.5928 116.589 9.8365 50.6624 5.1314 38.8057 120.735 217.592 88.3333 133.642 
613.439 451.149 7.49474 708.455 321.545 662.437 376.095 13.3259 0 53.6675 1724.37 43.7578 205.086 131.128 317.537 103.979 511.755 56.563 47.8572 1.68199 61.3003 5.20961 39.4879 13.1466 409.124 113.709 0.710224 33.4796 
90.3207 197.707 19.4153 56.9221 249.677 197.313 508.821 124.859 259.564 0 451.378 246.053 149.141 19.4249 12.7865 22.5113 47.5411 0.468102 85.2248 44.7654 26.751 18.1379 1.33739 25.1353 63.2792 10.4685 4.90357 36.7144 
171.614 2.98879 126.24 169.893 69.8296 0.000391519 27.7814 332.362 158.697 277.627 0 6.08651 57.8273 12.8174 48.7465 136.014 6.09709 171.065 40.6673 0.12282 135.922 78.4733 0.0840573 45.8661 54.48 96.2648 0.0642318 103.057 
33.782 60.6767 145.764 74.3869 59.749 12.1355 265.686 598.179 361.173 48.6385 281.336 0 59.6147 73.3653 203.349 493.469 87.1752 78.9596 8.94909 1.44698 101.513 74.6964 125.99 115.305 195.771 379.596 110.967 17.9729 
109.151 102.498 37.2529 0.0297846 4.42301 125.977 187.492 121.742 200.175 227.788 216.691 4.47461 0 41.1649 86.5795 72.2806 4.77467 22.1725 18.7384 11.2039 1.53012 88.7623 89.0084 69.9751 53.5148 53.3975 20.2163 42.3428 
44.7922 70.3787 5.40304 12.8474 65.2957 14.7956 35.586 124.903 122.603 75.204 48.649 58.9297 56.0855 0 8.42902 1.79785 0.0568648 41.2401 27.2616 0.0197938 1.60845 1.6247 6.48441 4.08057 10.3193 5.18744 6.60832 4.41941 
5.84647 56.4564 14.5823 36.0022 70.6558 23.0105 22.5867 7.8681 6.62784 129.928 117.844 236.744 113.093 36.9516 0 42.5573 21.6154 1.32456 14.1189 0.082544 2.71633 13.316 21.7716 28.0078 29.3489 30.5444 13.8997 0.993827 
29.4776 65.8425 19.8915 40.8216 23.6066 13.8463 37.2893 170.417 61.5855 15.9969 138.753 493.866 82.2211 6.89262 78.1284 0 1.42499 16.9588 20.9201 2.0336 10.2984 1.17578 12.4784 0.349419 34.3243 32.8288 4.48172 14.7865 
445.55 485.233 43.2134 441.4 19.9095 455.735 109.89 3.92093 434.459 45.5052 36.1504 4.37551 45.3476 19.4983 4.6324 2.49431 0 133.729 229.181 5.21403 2.87551 16.3299 8.16065 0.890412 427.238 26.5079 20.9402 21.6264 
186.72 61.2051 156.166 39.5508 163.62 25.8886 203.929 82.5435 1.0279 1.72326 45.4556 71.672 104.814 49.9632 69.0116 5.62617 0.0948957 0 84.3105 60.7138 109.629 18.8456 27.8187 2.2704 40.0778 0.0380374 26.6098 29.2699 
1.69109 73.987 4.14256 1.91511 0.152837 82.2989 101.405 116.324 148.396 123.379 10.8069 39.3564 85.449 4.08662 37.0286 0.0162823 16.2636 59.6825 0 22.173 19.8231 10.3546 1.46526 0.9338 30.8843 30.67 23.4496 23.928 
117.758 2.08909 14.9925 36.8431 14.6141 20.3278 1.31886 1.73319 106.352 5.5259 80.7402 31.1298 42.0211 2.65594 11.7679 0.388345 28.4436 52.9436 35.661 0 67.7127 5.42055 3.48536 3.44962 8.38141 0.132155 0.879119 7.70376 
60.4759 33.1036 10.3016 16.5367 12.4019 28.062 9.96496 9.82881 59.9705 60.8216 57.6971 63.0666 56.7785 45.0081 0.650217 0.0341013 2.21758 97.8046 7.45199 111.167 0 0.691703 35.6165 43.9005 2.13335 10.4387 42.8054 0.409179 
19.3957 45.41 12.2572 16.4712 53.5078 11.866 60.3927 58.8495 6.5543 40.4489 15.432 75.087 62.3849 10.7707 3.76885 0.0483088 0.435117 6.16491 8.75952 2.54462 9.94412 0 4.76089 1.65427 1.66187 10.4716 3.213 3.91443 
14.0087 16.5953 2.2312 13.7938 4.83823 11.2897 45.7071 7.53345 15.913 25.3539 93.3444 125.942 90.9767 5.52978 22.1372 12.0033 0.387251 43.438 22.5073 3.28944 33.9459 4.66092 0 0.0269693 9.02266 8.50793 13.0617 1.83905 
4.63667 60.5687 8.9423 24.2405 54.7346 0.0495485 26.8426 90.329 69.794 5.8935 125.063 40.6209 63.2008 7.98547 21.5437 27.8983 16.9645 42.7895 4.42315 0.00975935 26.4844 7.02216 20.5956 0 15.9829 3.87225 3.66437 13.8488 
401.758 456.867 24.237 430.184 3.24826 400.483 0.0403373 164.168 524.445 65.4898 140.812 317.109 38.8616 8.28348 30.407 34.9244 400.998 44.3025 2.52223 7.04953 6.15255 59.2574 8.65326 15.0999 0 27.4991 191.578 91.5378 
0.000806048 31.0282 18.5869 41.3096 51.3006 1.32277 45.1977 25.6905 45.6924 70.5132 105.652 57.4374 25.3998 3.9931 30.3191 32.41 22.876 0.118062 0.839664 10.0399 50.3095 7.00632 0.0404528 7.07154 0.703123 0 24.6096 41.9811 
23.0696 52.8794 19.1407 2.94521 48.8381 16.7346 45.9675 96.3312 78.1532 33.9155 26.0984 1.20049 27.8176 10.1839 19.3207 3.34825 3.67589 7.11393 11.6598 4.64587 8.12578 3.37772 0.242544 6.25211 1.13592 7.48839 0 67.6556 
55.0768 1.06418 19.4066 9.6089 5.16017 20.4262 72.8961 68.7405 37.3189 40.333 24.6939 87.2189 6.34881 0.97632 11.0807 9.96555 9.97288 24.69 0.0160994 2.8596 24.5255 9.83668 0.807883 13.2253 18.4929 56.1235 89.2673 0 
