0 662.69 0.240663 519.106 22.5409 277.767 191.234 126.595 189.558 81.3378 183.441 90.7815 53.7728 27.1902 5.42411 12.8435 279.148 107.308 103.817 49.031 181.252 34.6749 28.7468 40.2021 173.903 65.3201 45.6545 58.5494 
706.752 0 235.64 274.224 116.955 381.347 187.564 290.345 374.155 164.274 2.39285 209.343 5.1287 70.931 57.7596 31.0752 298.921 138.692 40.7151 1.63272 54.0771 51.0557 56.6761 8.03725 207.563 13.4428 53.0532 29.6791 
116.769 234.986 0 279.75 44.5482 6.46904 227.773 41.9966 270.604 14.9487 173.127 96.2394 7.98333 1.16076 33.8275 24.0728 55.5318 0.715867 48.0091 11.2775 62.1075 0.159699 7.62073 10.5258 17.9089 17.1926 4.0632 3.17578 
515.144 480.157 309.464 0 0.217674 235.697 198.972 1049.89 231.218 51.8021 101.311 7.2456 49.5009 1.71319 39.4199 29.6519 217.901 138.871 61.1642 0.802393 636.629 0.924419 1.10406 25.1754 185.701 37.6241 21.6114 2.5268 
42.8786 31.5634 4.25749 162.489 0 250.019 427.316 130.711 314.153 72.3533 249.639 179.702 158.121 29.264 91.5054 31.1201 23.9588 6.42747 99.5801 13.9609 87.4643 52.7244 43.5778 47.8912 61.716 58.921 1.07833 12.2164 
305.711 179.18 49.2053 196.904 636.238 0 660.561 0.751577 456.317 532.744 65.5537 61.7743 130.709 18.4263 39.666 16.2421 230.634 2.72923 0.0205576 10.3121 76.986 0.0531383 4.36873 17.0343 182.24 8.21907 4.87157 22.5693 
85.7469 207.327 14.914 11.5747 55.4647 933.51 0 199.857 1156.3 315.569 63.7711 284.571 28.0998 95.5425 31.3125 77.2448 46.3625 51.9998 18.8753 51.3718 4.70995 34.2686 62.8324 15.9895 79.4441 49.6704 1.00145 73.399 
222.625 35.3552 264.577 246.766 140.42 209.337 263.788 0 572.383 134.785 51.7189 908.878 120.028 114.141 148.543 3.35928 66.5491 156.344 0.63827 59.8075 92.4472 64.0895 29.1085 19.6799 191.102 177.244 11.6535 68.8768 
376.462 226.564 453.603 423.21 78.6439 604.611 339.859 208.532 0 336.263 1052.55 369.951 46.2756 5.98243 151.787 35.3372 243.52 219.284 20.6748 24.0625 185.898 68.1562 1.86876 9.89531 236.419 12.2908 78.4594 83.4979 
22.7077 136.184 2.2176 78.2295 317.93 457.349 199.382 1.03994 131.531 0 84.608 246.772 302.95 21.1325 61.8193 57.2769 82.9058 125.052 3.34325 0.0223732 56.9715 24.933 0.78386 3.88249 58.0398 43.0527 35.1697 34.0243 
121.021 137.469 104.289 5.5631 208.281 0.806529 8.5792 292.119 424.659 411.981 0 502.407 7.98293 0.0165146 0.124782 10.3312 91.4733 163.925 125.844 37.8006 7.95066 43.2542 18.4958 96.0832 142.641 153.023 17.0837 91.3864 
6.10901 197.068 17.2782 125.045 0.332648 7.12563 111.279 1030.03 32.0686 35.456 202.093 0 4.50144 77.1029 55.3554 150.211 43.8873 127.395 92.1091 46.5339 49.0504 34.2696 4.73323 141.47 342.69 287.728 34.5472 0.603223 
45.2425 59.2857 54.0846 72.9503 178.095 198.065 211.907 32.6516 16.3364 60.1625 58.6911 59.5361 0 28.665 78.2165 5.04041 54.247 3.39852 26.2495 43.1615 0.144397 47.7616 31.1304 17.0861 39.384 49.065 35.7482 25.8557 
18.0523 0.187373 12.5628 22.8676 11.1796 20.4679 3.92659 0.023027 1.4734 73.9375 96.2948 122.633 70.854 0 54.5545 0.465783 17.9785 1.63517 11.4438 0.023942 23.7746 0.62171 2.70769 2.68377 7.99305 10.0089 9.91537 9.76631 
64.7695 38.6297 17.8633 39.3439 4.22612 4.93112 58.5784 101.483 121.381 52.5824 21.556 263.572 40.6239 26.4961 0 77.0525 24.2131 10.2664 0.0113655 11.2029 33.3995 0.619372 20.084 17.9337 1.798 8.28539 2.73089 2.60757 
73.3686 43.6091 0.129218 5.24391 50.7996 0.737848 99.828 250.038 104.928 0.132531 11.5235 211.818 7.24108 15.4464 89.3788 0 1.60821 7.96312 24.9378 0.953094 4.25346 5.54302 11.9835 13.6565 6.60851 4.31295 10.2959 10.1146 
183.033 219.17 15.1055 202.044 112.351 230.777 29.0681 57.0918 173.926 83.3622 63.4686 55.9862 58.9472 12.4439 2.65694 13.4618 0 285.377 16.5393 12.6386 25.3043 3.20602 18.6715 15.7156 179.211 18.6739 21.5662 1.73052 
228.187 332.432 142.257 19.4007 150.577 104.005 75.6409 179.385 170.468 119.371 16.7676 132.512 89.3858 16.5213 64.7543 54.6751 134.353 0 111.361 86.093 107.256 25.9504 42.1212 3.46046 0.277869 60.6064 8.14593 49.095 
83.3604 20.8349 50.6373 1.68956 94.5757 40.4419 0.0293992 41.633 23.3001 54.7612 103.302 8.65966 16.2148 26.2671 31.7875 23.4744 216.119 130.742 0 29.1061 72.6301 24.2309 13.4169 17.6189 26.3895 28.6697 20.4366 1.41174 
224.371 136.291 25.5554 0.896286 32.0525 17.4225 63.9007 81.4301 65.3563 26.8251 71.9503 7.69059 6.15314 3.28311 0.115673 0.0193354 21.9534 87.5067 36.4731 0 148.983 1.14949 3.44203 5.77382 6.61997 3.88321 10.4843 8.40029 
166.277 98.3979 49.1723 181.038 115.925 58.5618 0.181458 176.063 186.115 87.1163 101.713 115.747 68.0361 30.1746 49.8769 26.2931 4.73442 116.597 32.9533 39.3856 0 9.8911 20.7906 4.73581 32.7944 8.06988 13.3545 11.3833 
35.4882 41.6179 12.4221 11.1289 26.5126 11.4899 32.4518 13.4075 68.8452 38.7585 3.42331 13.2395 90.3097 5.8378 16.7106 9.79564 5.36219 37.8264 24.835 6.23889 0.708383 0 12.9184 3.79951 0.979417 10.7193 0.931734 5.65748 
46.1085 55.7909 0.907775 8.46642 56.3967 11.6263 6.29606 78.1075 15.5537 11.0072 129.62 0.003072 22.6274 3.63085 3.10656 12.4776 16.1411 42.9936 18.784 3.62113 18.323 12.9958 0 20.6076 2.61806 4.02221 11.398 4.98223 
6.33688 34.7543 7.95859 26.0276 3.31916 5.54889 28.5462 66.9184 65.0017 28.8199 0.67216 185.496 34.2629 6.62282 3.35179 18.8831 0.384976 41.0664 21.9401 0.944452 0.663028 4.32741 0.0308022 0 33.3428 1.82768 2.71448 6.08026 
248.401 237.01 27.2156 206.562 54.0279 200.558 3.24369 66.0826 249.71 60.804 13.6819 254.803 53.2765 10.0363 0.817293 32.9552 196.702 1.26528 0.198941 5.60492 57.4112 73.254 18.1656 57.5773 0 72.477 21.1678 47.9249 
3.52806 0.0825546 25.6671 34.0858 62.7603 0.191438 99.2579 1.97248 5.85695 0.282746 157.775 173.945 34.078 0.520008 2.49598 8.11557 23.9815 60.909 5.56478 11.1201 47.516 9.32477 1.55096 0.285146 23.1048 0 4.86919 16.5104 
29.2385 54.608 3.88953 15.8247 13.2289 14.1447 3.37644 4.53719 0.507549 4.08484 62.3417 117.211 30.0845 6.18559 16.2502 11.6767 2.69462 27.9527 23.4431 5.66615 44.2044 0.836277 0.108962 5.08588 55.3425 21.1216 0 60.1808 
45.4999 63.5811 9.48469 32.7296 29.4366 18.391 66.3061 133.61 80.4371 37.7535 11.2361 132.15 25.4118 5.72714 14.1681 5.53114 1.64665 46.8711 26.4125 3.54 6.45344 1.28343 10.1023 0.571472 23.6617 63.4131 3.13032 0 
