0 672.79 0.299952 531.935 22.9661 290.212 191.916 125.72 202.572 81.6341 183.274 91.2588 53.9171 27.2538 5.37157 12.7458 291.874 106.721 103.696 47.8309 181.833 34.6521 28.7943 40.2675 186.618 65.2247 45.6246 58.5216 
717.489 0 231.855 288.338 119.295 394.648 190.208 290.517 388.338 164.894 2.27475 209.127 5.03757 70.9458 57.5987 31.2033 311.394 63.6723 40.3841 1.71268 54.3873 51.0446 56.6865 7.98837 220.368 13.3521 53.0697 29.7502 
115.943 238.772 0 278.128 45.0594 6.59838 227.172 42.7682 267.496 15.137 172.393 96.7351 8.05488 1.14647 33.8151 24.0557 55.5223 0.6576 48.0992 11.2202 61.8063 0.162232 7.63674 10.546 17.9524 17.241 4.04714 3.15591 
527.385 493.287 308.359 0 0.248814 248.305 198.785 1180.42 242.848 51.5852 101.849 6.96048 49.5953 1.7312 39.4244 29.7443 230.535 139.011 61.194 0.771173 530.527 0.917931 1.11542 25.1943 198.332 37.6934 21.6368 2.50172 
42.3206 30.2478 4.43775 162.412 0 250.988 427.828 131.146 314.871 73.3893 249.389 179.684 157.891 29.3592 91.5654 31.2224 23.7337 6.60847 98.4639 13.8435 87.2905 52.6935 43.63 47.9344 61.6723 58.8548 1.09009 12.262 
318.372 192.162 49.3963 209.442 745.91 0 822.34 0.679617 466.012 451.173 66.4201 62.1073 209.692 18.4547 39.6236 16.1941 243.327 2.65663 0.0276591 10.2748 76.9753 0.0505994 4.38831 17.0449 194.906 8.17929 4.85535 22.5626 
86.4524 210.022 15.4173 11.2817 56.7295 937.946 0 198.364 1146.48 312.719 62.3574 284.535 28.4648 95.5857 31.6074 77.4184 46.206 52.4554 18.6644 51.5362 4.78798 34.3398 62.9021 15.9081 79.3463 49.8458 1.01701 73.3903 
223.42 35.8559 264.135 250.29 140.846 209.136 262.355 0 569.951 134.296 50.9465 914.301 119.855 114.29 148.936 3.59344 66.443 156.546 0.661135 60.0144 92.8483 64.0605 29.2578 19.8872 190.981 176.556 11.5644 68.6179 
388.611 238.276 452.331 437.13 77.7136 615.522 326.647 211.808 0 337.263 866.955 369.229 46.6274 5.8744 153.286 35.6336 256.08 219.307 20.4901 24.2053 185.95 68.179 1.91338 9.80324 248.891 12.4574 78.4376 83.6009 
22.4991 136.844 2.29502 78.4217 317.411 458.819 202.248 0.973054 132.944 0 82.0982 246.788 303.759 21.2903 61.4227 57.4718 82.8784 125.224 3.26647 0.019475 56.8535 24.8481 0.805486 3.92695 58.1254 42.9217 35.2114 33.9546 
121.364 136.834 105.096 5.38881 208.767 0.920037 8.03406 293.047 428.569 415.366 0 503.145 8.2087 0.0315603 0.0549451 10.0056 91.516 164.029 125.784 37.9121 7.85757 43.3456 18.3007 95.8583 142.732 152.803 17.0021 91.2571 
6.26724 196.781 16.993 124.172 0.308458 7.26757 110.577 1029.76 32.7764 35.8824 204.194 0 4.41798 76.6663 56.2256 146.816 43.8002 127.244 92.0456 46.3935 48.81 34.3561 4.83056 141.004 340.618 289.809 34.3653 0.553078 
45.1003 59.0402 54.1857 72.9564 178.059 198.566 212.103 32.8333 16.5649 59.0507 58.1493 59.7811 0 28.1809 78.5174 4.96021 54.2951 3.44366 26.3552 43.163 0.150768 47.9506 31.3345 17.1908 39.4451 49.0217 35.7666 25.8125 
18.1124 0.177343 12.5384 22.8592 11.1092 20.4873 3.85459 0.030326 1.40913 73.8186 95.5805 123.018 71.4792 0 54.8682 0.49009 17.9644 1.65451 11.4162 0.024581 23.8188 0.612711 2.65826 2.7117 8.02135 9.98899 9.90771 9.77818 
64.7105 38.7899 17.7903 39.3359 4.29154 4.99254 58.9279 100.991 122.092 52.9714 20.4946 263.979 40.9247 26.9783 0 77.5694 24.1913 10.2072 0.0129662 11.2084 33.3347 0.62882 20.1513 18.0152 1.82728 8.34986 2.74694 2.58514 
73.2919 43.4765 0.122341 5.30948 50.7024 0.753781 99.9041 250.425 104.603 0.117683 11.1805 208.155 7.33652 15.5091 89.2846 0 1.5972 7.91597 24.9133 0.960122 4.29463 5.55897 11.9968 13.794 6.66172 4.38585 10.3215 10.0723 
195.826 232.149 15.0267 214.827 112.074 243.477 29.208 56.9802 186.614 83.34 63.5665 56.0699 58.9099 12.4618 2.67257 13.4389 0 285.558 26.6687 12.6015 25.3681 3.19567 18.6672 15.7291 191.931 18.6955 21.5716 1.72163 
228.406 331.088 142.557 19.6236 151.107 104.188 76.1528 179.448 170.824 119.56 16.9224 132.375 89.479 16.4696 64.7943 54.6302 135.434 0 111.1 86.0555 107.147 25.9189 42.1014 3.43757 0.269713 60.5876 8.17183 49.0769 
83.5347 21.0897 50.5542 1.72096 93.4746 40.659 0.0389641 41.4858 23.495 54.5249 103.151 8.59563 16.125 26.2787 31.8217 23.501 216.505 130.542 0 29.0704 72.6237 24.2397 13.3972 17.601 26.4088 28.6553 20.4245 1.4024 
224.17 136.436 25.5244 0.863306 31.8955 17.3884 63.7459 81.239 65.1898 26.9004 71.8661 7.61478 6.12225 3.28729 0.113213 0.0204004 21.9901 87.4949 36.4776 0 151.235 1.14613 3.4446 5.77736 6.60521 3.87012 10.488 8.39093 
165.657 98.7338 48.8789 180.388 115.804 58.4711 0.197292 176.353 186.162 87.0378 101.907 115.992 68.0849 30.1329 49.831 26.3738 4.76808 116.522 33.0278 37.935 0 9.91096 20.8259 4.70675 32.7261 8.01789 13.3874 11.4243 
35.5096 41.5795 12.4249 11.1424 26.4543 11.4647 32.5234 13.3539 68.8632 38.8417 3.3859 13.3053 90.3213 5.85722 16.6997 9.80794 5.37477 37.8064 24.8413 6.24024 0.702117 0 12.8899 3.82294 0.993358 10.7176 0.926113 5.64927 
46.0947 55.8097 0.916266 8.44215 56.3979 11.6061 6.23826 78.2476 15.6728 10.9341 129.522 0.00610233 22.8132 3.57746 3.16161 12.4782 16.1511 43.0102 18.7995 3.62339 18.3582 12.9676 0 20.575 2.65158 4.03733 11.3857 4.97095 
6.29263 34.8266 7.93701 26.0401 3.29075 5.57041 28.642 67.2149 64.8541 28.7295 0.70968 185.386 34.3848 6.65344 3.40684 18.751 0.389148 41.0982 21.9288 0.948825 0.674486 4.30309 0.0210906 0 33.2056 1.84786 2.6938 6.06114 
261.106 249.629 27.1981 219.197 53.9659 213.242 3.29668 66.5825 262.638 60.8822 13.8569 292.078 53.2478 10.064 0.8374 32.3344 209.388 1.24795 0.194582 5.61945 57.3805 72.6648 18.1226 58.0353 0 70.6141 25.0785 43.8913 
3.57946 0.0905098 25.6419 34.1667 62.8163 0.198717 99.2754 1.82898 5.74004 0.299007 157.596 171.643 34.1449 0.529292 2.53572 8.20851 23.9967 60.8926 5.58725 11.1276 47.4487 9.33179 1.53991 0.29356 23.0422 0 4.81003 16.2683 
29.2859 54.6088 3.8737 15.7942 13.2645 14.1273 3.34861 4.59516 0.521574 4.05835 62.2498 117.279 30.1118 6.17401 16.2682 11.7017 2.68555 27.9852 23.4494 5.65762 44.2077 0.830931 0.11201 5.05966 55.4352 21.0334 0 59.732 
45.561 63.562 9.45657 32.7393 29.4921 18.4121 66.251 133.67 80.5475 37.6861 11.1326 132.531 25.4551 5.74244 14.1331 5.49472 1.65535 46.8459 26.4071 3.53025 6.42081 1.28881 10.1008 0.56396 23.6908 63.3776 2.96338 0 
