0 851.427 4.57776 787.924 36.2664 544.583 210.194 101.778 474.324 89.9028 178.163 104.765 57.9561 29.0329 3.9975 10.1359 554.245 90.4547 100.103 15.7296 197.312 33.9975 30.1142 42.0674 448.992 62.4597 44.7582 57.6841 
910.945 0 129.884 591.332 190.426 671.044 266.427 293.744 691.441 181.666 0.178408 202.461 2.81157 71.2475 53.064 34.8283 566.582 271.089 31.5313 4.70854 63.267 50.6985 56.9215 6.67272 485.179 10.9178 53.495 31.748 
92.7506 341.042 0 207.39 60.0946 10.6618 207.571 66.5349 180.288 20.7974 150.981 110.542 10.1703 0.780322 33.3424 23.5051 55.1429 0.0303835 50.5305 9.63783 53.4113 0.241163 8.08084 11.1048 19.1556 18.5745 3.60602 2.62089 
767.439 761.38 151.295 0 1.95956 507.281 192.031 831.262 478.266 45.5401 116.883 1.2753 52.196 2.26984 39.4435 32.2509 490.486 142.386 61.9101 0.147322 653.485 0.744849 1.45538 25.6748 458.287 39.5178 22.3303 1.8465 
27.9827 4.55882 10.9286 159.442 0 276.585 435.656 143.164 332.644 104.329 241.366 178.782 151.006 32.0374 93.0437 34.1085 17.7986 12.6527 68.7584 10.7281 82.3636 51.785 45.0614 49.1084 60.3886 56.9425 1.44494 13.5615 
578.537 464.499 54.4417 466.857 399.452 0 841.124 0.135572 642.889 468.989 92.067 71.5421 484.841 19.2111 38.2819 14.8403 504.862 1.01709 0.652171 9.2381 76.5567 0.00470153 4.94713 17.3188 455.792 7.08902 4.40884 22.3504 
106.745 286.814 32.5181 4.55036 96.6843 892.52 0 156.983 786.852 231.12 28.6332 282.068 39.4657 96.5202 40.226 82.1189 41.862 65.7351 13.1886 56.1139 7.22221 36.3277 64.7639 13.692 76.4735 54.744 1.5006 73.0542 
244.629 51.0546 248.809 304.921 152.563 202.141 221.269 0 492.064 120.428 31.4104 1017.5 114.873 118.11 159.255 13.242 63.4362 161.913 1.46366 65.7951 104.129 63.1989 33.5238 26.0515 186.489 156.299 9.19324 61.3727 
634.376 475.868 402.28 730.249 53.4473 815.69 51.0382 307.578 0 361.608 109.79 346.303 56.8326 3.57158 137.654 44.2552 513.972 219.28 15.6164 28.3197 186.942 68.7617 3.36979 7.38192 504.362 17.5272 77.7513 86.373 
16.9964 155.041 4.98557 83.6224 299.516 475.25 283.959 0.00267284 173.651 0 25.9912 246.053 321.989 25.8506 50.4475 62.8252 81.9966 129.806 1.47216 0.0200752 53.5326 22.4906 1.52663 5.26653 60.4357 39.2374 36.3603 31.9905 
130.829 119.063 127.868 1.62185 221.647 7.08732 0.0294176 317.376 574.478 501.762 0 516.824 15.7429 2.40394 9.49773 2.96107 92.6276 166.639 123.885 41.0457 5.46359 45.897 13.2096 89.3753 144.785 145.999 14.7773 87.4952 
11.4854 188.23 9.8987 99.9393 0.00190856 11.775 91.3354 966.687 55.3505 48.6385 264.022 0 2.39146 64.5658 82.4398 63.492 41.3615 122.878 90.1808 42.4725 42.2348 36.7826 7.93405 127.369 290.798 342.191 29.3981 0.0330112 
41.1511 52.2539 56.9405 73.0119 176.481 201.327 216.526 38.0604 23.5235 31.5234 43.7671 66.7154 0 16.0439 86.6999 2.96288 55.6046 4.82227 29.3577 43.1664 0.385259 53.2111 37.1565 20.2106 41.1277 47.7559 36.2661 24.6004 
19.8129 0.00848883 11.8374 22.5855 9.21192 20.983 2.10211 0.640832 0.198431 70.2617 75.9082 133.326 89.0111 0 61.0238 1.40838 17.5618 2.24019 10.648 0.0458221 25.0554 0.386224 1.41281 3.52817 8.81317 9.41321 9.68582 10.0997 
62.969 43.3195 15.7447 39.0082 6.31353 6.84218 68.8075 87.1631 141.791 64.009 1.52957 272.094 49.5262 40.4503 0 87.8809 23.5666 8.60871 0.100545 11.3508 31.513 0.92124 21.8931 20.2236 2.73574 10.2149 3.21231 1.99223 
71.0064 39.7601 0.00607499 7.28082 47.9411 1.26525 101.743 258.168 95.2842 0.0601734 3.62644 112.071 10.2336 17.0936 81.796 0 1.30393 6.64409 24.2125 1.16613 5.52002 6.00617 12.2976 17.6327 8.28076 6.6241 11.0355 8.8975 
460.416 501.963 12.8775 478.979 104.108 505.209 33.2044 53.8464 448.244 82.6037 66.2762 58.3947 57.8222 12.9628 3.1269 12.7976 0 287.325 5.25432 11.5722 27.1721 2.91128 18.5384 16.1018 454.331 19.2937 21.7162 1.48155 
233.397 312.108 150.176 26.2897 165.599 109.019 90.8058 180.837 180.377 124.641 21.5059 128.384 92 15.04 65.8415 53.3222 165.664 0 103.603 84.8282 103.958 25.0321 41.5241 2.8257 0.0905296 60.0038 8.90717 48.5389 
88.2901 28.7437 48.1248 2.71237 64.3163 46.7604 0.851371 37.415 29.2069 47.9622 98.7883 6.8922 13.6958 26.5805 32.753 24.2305 226.833 124.595 0 28.045 72.3824 24.4745 12.8431 17.0955 26.9363 28.2314 20.0788 1.1529 
214.946 139.763 24.574 0.189355 27.5837 16.4148 59.3364 75.7833 60.4905 29.0122 69.4321 5.63267 5.28477 3.40308 0.0550173 0.0618085 23.0087 86.9833 36.5596 0 213.842 1.05324 3.51495 5.8726 6.19235 3.50823 10.5857 8.12462 
147.817 108.076 40.823 177.348 112.277 55.8728 0.908606 184.032 187.016 84.7503 107.237 122.718 69.4096 28.954 48.5049 28.6456 5.75526 114.269 35.1176 7.83929 0 10.4712 21.8141 3.92538 30.8082 6.62056 14.3173 12.5937 
36.0912 40.4838 12.494 11.5178 24.8207 10.7586 34.522 11.8871 69.31 41.1423 2.41963 15.1977 90.3236 6.39808 16.3666 10.1408 5.73101 37.231 25.0055 6.27554 0.537658 0 12.0342 4.49537 1.42913 10.6624 0.775016 5.41954 
45.6699 56.2803 1.16858 7.76626 56.3759 11.0317 4.7184 82.0491 19.1532 8.96732 126.336 0.507668 28.2072 2.17519 4.86156 12.4179 16.4251 43.4513 19.2269 3.68484 19.3466 12.122 0 18.9693 3.67677 4.46521 11.0301 4.65525 
5.1096 36.8394 7.33265 26.3368 2.54312 6.18256 31.345 75.5167 60.6614 26.2066 2.16869 181.1 37.8014 7.48494 5.09717 14.9461 0.514947 41.9674 21.6021 1.07462 1.03393 3.63988 0.490097 0 29.122 2.45092 2.14191 5.53061 
522.949 509.139 26.6534 479.136 52.1856 474.589 4.94577 80.8742 530.784 62.9733 19.1517 1017.12 52.3861 10.829 1.4959 23.4121 470.81 0.810402 0.0919909 6.02825 56.4668 37.9579 16.8839 69.3789 0 11.791 147.469 14.2773 
5.15692 0.460534 24.873 36.3408 64.314 0.457242 99.5161 0.0116422 2.93072 0.936947 151.873 109.803 35.9996 0.820286 3.76208 10.9386 24.4113 60.3772 6.23101 11.3279 45.528 9.52235 1.24388 0.5773 21.2855 0 3.28293 10.029 
30.609 54.5943 3.44014 14.9384 14.2721 13.6345 2.61331 6.36123 0.991421 3.34916 59.637 118.938 30.8635 5.84908 16.7574 12.3938 2.43706 28.8888 23.6178 5.41819 44.2755 0.687647 0.214259 4.34345 57.639 18.5512 0 46.7898 
47.2367 62.9664 8.67421 32.9553 31.0423 18.9871 64.635 134.964 83.5335 35.7795 8.40842 142.697 26.6607 6.17076 13.1477 4.50893 1.90758 46.1145 26.2428 3.26062 5.53483 1.44323 10.047 0.373215 24.5757 61.4274 0.136293 0 
