0 542.982 105.418 638.869 30.2463 330.968 67.7233 298.178 343.379 18.0389 138.555 146.262 1.58047 50.7956 65.6215 80.3418 425.136 169.269 59.5257 61.9263 243.049 0.0128499 2.4915 43.254 405.564 75.3352 48.7519 14.7019 
610.638 0 154.145 635.287 0.485405 345.393 198.188 0.0698157 738.823 220.525 144.899 44.9831 147.714 1.20312 41.8418 11.8064 377.901 907.115 172.472 136.059 7.38726 51.7185 12.8496 2.80531 337.371 4.03189 54.5804 50.499 
1.61737 316.656 0 118.113 48.1847 66.5934 19.4425 268.403 187.31 44.3192 147.021 123.252 0.850682 16.2292 32.7778 11.0434 44.4479 1.97052 52.535 1.24437 5.14354 2.01996 0.468974 3.898 3.20076 25.0687 19.1577 13.0679 
601.673 424.957 340.818 0 43.0889 364.008 180.699 416.504 338.116 28.5089 149.002 0.868675 22.1586 14.1335 37.4652 18.0147 335.655 26.8985 61.5544 35.7927 725.182 4.45897 0.0191509 23.0066 339.531 43.498 15.7386 18.1765 
201.658 254.755 113.25 128.561 0 133.799 387.604 42.1439 75.2213 16.2628 5.97543 134.269 4.12885 30.57 1.73496 43.7651 109.093 229.708 0.0484113 34.0305 40.1621 28.4761 27.6869 5.63165 9.2078 67.3582 44.6327 0.00365052 
353.191 551.939 35.2203 397.093 222.662 0 985.207 209.867 407.128 947.832 58.7671 74.6057 74.1673 17.4325 14.5734 1.55399 385.093 119.301 25.9268 13.5512 2.85853 0.0757083 5.49574 7.53476 345.8 16.1575 7.5721 8.08386 
3.95868 218.148 222.43 90.2475 11.8244 672.512 0 14.6222 2.29102 0.050574 91.4026 195.909 6.82492 70.0185 6.71415 10.4416 10.5168 217.576 47.0808 83.6358 24.2841 59.3954 31.2436 67.4075 87.5258 98.3535 24.1417 71.4732 
0.582764 237.797 0.0717399 279.278 34.6426 28.978 47.6429 0 596.677 222.953 76.9985 873.874 29.6059 5.37978 126.43 175.665 1.19596 38.5444 59.5174 116.324 8.67191 51.0669 4.63808 40.684 117.149 214.596 88.9631 133.196 
540.305 388.713 13.9555 643.757 316.784 571.645 475.354 7.29714 0 46.6662 860.328 49.5879 204.771 129.955 307.57 101.68 441.996 59.1981 49.6248 1.3973 59.1643 5.47879 38.3626 12.4236 338.866 115.359 0.599586 32.5568 
88.2637 201.255 20.9011 55.4055 257.147 226.307 508.747 121.374 249.675 0 472.994 245.506 159.249 20.506 14.4707 23.7349 48.3084 0.295526 83.6759 44.335 26.0131 18.6932 1.14918 25.7609 63.7635 11.1119 5.10682 36.2363 
173.194 3.99609 131.931 172.659 66.1124 0.167097 21.3454 327.268 141.486 252.353 0 3.27079 54.0981 15.3081 38.3823 130.561 5.74777 170.985 39.446 0.189178 136.741 78.556 0.21258 47.5961 52.4596 93.4713 0.031038 102.452 
36.2402 63.4538 148.631 68.9129 57.864 13.4355 263.095 539.076 355.431 52.0584 266.3 0 57.9047 76.4135 209.861 488.618 87.0665 80.3901 8.49887 1.69547 99.697 74.5 125.632 118.972 205.928 386.104 111.726 16.1562 
109.213 104.113 38.0558 0.00805819 3.67177 124.19 190.129 122.909 201.072 218.277 213.444 5.07854 0 37.356 84.5807 73.0997 5.01667 22.9036 18.08 11.4762 1.39082 89.0971 88.519 69.853 53.703 53.2227 19.9912 42.1972 
45.1238 70.5319 5.58836 12.6081 65.6376 14.5404 34.3535 124.501 120.945 74.4064 44.4993 56.0171 60.3323 0 6.23331 1.49231 0.0447533 40.908 27.2962 0.0159632 1.72564 1.72295 6.84181 4.29945 10.1266 5.02624 6.68847 4.52302 
6.23355 55.3242 14.077 35.7121 69.6828 22.3474 24.4312 9.32286 5.30514 128.949 102.917 231.413 112.066 33.5767 0 47.7999 21.4414 1.16936 14.4237 0.0685481 2.91308 13.468 21.3577 27.9163 29.1262 30.4216 14.0488 0.895448 
30.3821 65.063 19.6173 40.5038 24.2852 14.1879 38.6325 163.577 64.0009 14.9418 133.324 495.705 81.8371 7.42191 81.4085 0 1.49866 17.401 21.1242 2.10118 9.87844 1.11001 12.471 0.17111 33.9437 32.8595 4.32936 14.5008 
377.188 413.67 42.6923 371.422 21.3931 386.048 109.922 4.23293 364.062 46.2768 35.4487 4.64477 45.7654 19.416 4.77226 2.4009 0 141.302 462.392 5.40918 3.06444 16.2441 8.25566 0.847152 357.715 26.4507 20.9886 21.5485 
190.048 52.5491 157.391 37.5282 160.038 24.4865 201.304 84.5834 1.47654 1.37531 47.0704 73.1027 105.01 50.158 68.9998 5.3454 0.569888 0 86.3666 61.6211 110.337 19.0708 27.5473 2.1406 39.6796 0.0181832 26.3792 28.9589 
1.38398 71.2923 3.76997 2.15431 0.00782768 83.1546 103.579 116.204 149.152 123.268 10.0871 40.1385 85.3661 4.22699 36.903 0.0279993 20.8465 61.7186 0 21.8696 20.2911 10.212 1.39788 0.879878 30.8915 30.6748 23.4932 24.0189 
110.723 1.51062 14.5851 36.1036 15.4628 20.13 1.60324 1.40105 106.218 5.21593 81.1269 32.0524 41.9193 2.68723 11.7599 0.421345 28.2425 53.9076 35.562 0 80.8864 5.39835 3.46773 3.49244 8.48241 0.153377 0.846952 7.63402 
56.4994 34.959 11.4818 12.368 13.1618 28.7773 10.7555 11.0624 57.8471 60.0057 56.2831 64.864 57.2339 45.0133 0.557344 0.0659375 2.05633 98.7159 7.13748 96.5067 0 0.735848 35.7713 43.7079 2.31388 10.0361 42.7136 0.472917 
19.1669 45.1867 12.2305 16.4412 53.7024 11.6907 60.1907 58.5342 6.8526 39.8747 15.9459 75.2544 61.1518 10.7995 3.62315 0.0635377 0.40687 6.32548 8.62167 2.57477 9.80529 0 5.01982 1.7748 1.74736 10.4955 3.27907 3.97007 
14.3216 16.1908 2.14432 13.6375 4.59652 11.433 46.4002 8.149 15.0821 24.6996 91.5154 126.258 90.7871 5.90929 22.5127 11.907 0.414732 43.3321 22.4616 3.26986 34.1233 4.91842 0 0.14127 9.40388 8.5912 13.0187 1.90033 
4.37049 60.7148 9.09175 24.4041 54.8761 0.0339212 26.1812 92.3 68.7929 5.52311 124.407 43.7845 62.6781 8.1713 22.0389 28.283 16.8784 42.9875 4.31403 0.00668207 26.1444 6.83766 20.7781 0 17.0663 3.68346 3.50209 13.9024 
332.106 388.058 24.4568 360.201 3.02045 331.045 0.0931573 166.765 455.523 65.9105 141.568 967.089 38.4284 8.08547 30.2472 28.8271 331.578 43.9312 2.62834 6.94602 5.86553 49.6111 8.23517 12.2773 0 40.8127 171.311 119.55 
0.00476991 31.8659 18.2578 41.6534 51.852 1.19574 43.9776 22.2997 47.6377 70.9976 102.923 46.5024 25.8804 4.14612 30.4541 32.2179 22.7552 0.0803415 0.907554 9.96588 49.8684 7.0746 0.055128 6.84905 0.589424 0 25.2005 40.1256 
23.4038 52.756 19.1084 3.07954 48.7905 16.6337 45.6019 95.9323 78.3181 33.6137 25.4414 1.49622 27.6122 10.2323 19.2654 3.21177 3.60386 6.94369 11.775 4.70504 7.93258 3.44486 0.212076 6.05763 1.03688 7.98886 0 70.5228 
54.7823 0.940755 19.2731 9.30939 5.38509 20.3092 72.7687 70.5534 36.3725 39.8773 23.6998 90.2927 6.56286 1.03574 10.8313 9.67036 9.85373 24.3765 0.0240795 2.79595 24.1809 9.80758 0.765617 13.1485 17.8729 57.3304 87.8762 0 
