0 218.264 26.2136 283.725 68.5656 83.3189 239.731 59.9514 53.4554 105.403 165.999 131.027 65.675 32.4319 1.89728 5.85565 108.709 60.8819 92.1997 20.2417 221.934 32.6561 32.5935 45.3565 5.1481 56.6577 42.9413 55.755 
286.042 0 6.73836 225.286 340.263 239.66 406.986 291.138 319.583 209.668 2.79805 186.535 0.327767 71.2186 44.2352 41.9585 106.84 603.31 17.041 14.3952 81.1304 49.8405 57.0596 4.43713 45.4275 6.8333 54.1245 35.6007 
50.7217 466.047 0 40.6772 91.7025 20.4909 157.979 120.762 43.2871 33.5202 107.329 135.903 14.8083 0.267125 31.7755 22.0783 53.8035 4.27024 54.6589 6.76948 37.8541 0.436198 8.90856 12.1248 21.3551 20.9946 2.81277 1.71436 
239.867 296.251 116.022 0 9.69731 54.8324 171.447 678.003 4.6643 34.2379 144.675 3.23037 56.9324 3.48601 38.9022 36.5385 41.1111 145.767 62.6481 0.32821 796.949 0.460288 2.22543 26.3349 9.51167 42.3252 23.5717 0.852455 
8.1696 19.5435 30.6522 149.435 0 392.414 414.956 165.12 352.959 170.455 220.779 175.054 135.582 37.2404 94.7738 39.7165 8.5469 29.2945 23.8111 5.73776 72.6089 49.8176 47.6347 51.157 57.6094 52.9641 2.26468 16.1895 
126.697 51.9495 62.0629 13.7733 221.152 0 1282.03 7.0456 57.9753 37.8777 145.909 89.9408 376.476 20.4382 34.9249 12.2082 58.1985 0.0388974 4.12656 7.30792 75.1196 0.0543163 6.07462 17.7229 8.56963 5.14196 3.59328 21.814 
147.338 423.642 78.9022 0.07206 191.387 249.613 0 84.2457 87.771 87.7325 0.0645997 269.524 64.2998 96.7975 58.3946 90.1554 33.7496 93.614 5.15898 64.6711 13.2192 40.0993 67.8357 9.79429 70.3 64.0131 2.68846 71.9036 
278.493 85.8258 205.464 366.462 173.618 181.804 141.665 0 309.143 93.5068 6.4813 919.374 104.511 123.514 174.787 47.0513 57.4959 170.596 3.88006 76.7006 125.766 61.2804 42.1258 39.6075 172.104 113.901 5.33015 47.6778 
155.254 4.68078 250.672 324.952 18.1343 213.034 224.26 490.689 0 385.892 834.388 289.559 78.0904 3.08285 36.3804 62.2452 60.7402 215.57 7.93777 36.791 186.337 69.5638 7.27299 3.62819 46.8574 29.2882 76.025 91.0659 
8.37812 187.522 12.8532 92.5011 249.245 376.961 425.835 3.05732 253.063 0 8.12574 238.143 330.484 35.252 30.8197 72.3611 79.691 137.232 0.00351771 0.4667 47.0924 18.0993 3.53566 8.33571 64.3675 32.1353 38.464 28.1663 
148.024 85.8008 170.352 0.580649 242 34.2247 24.3745 353.459 898.998 598.696 0 504.09 36.4021 17.2115 84.0024 1.19783 94.3045 170.008 119.118 47.1075 2.04442 50.7303 5.56775 76.077 146.064 129.745 10.8493 79.5736 
25.6035 169.182 1.48905 56.9298 1.43436 23.1642 57.4197 606.554 111.582 76.9952 375.875 0 0.218613 42.593 139.257 0.713029 36.6871 113.726 86.1357 35.0435 30.5128 41.4714 15.8677 98.9212 350.924 397.448 20.6169 3.84158 
33.7619 39.7722 61.7986 72.5005 170.313 156.609 219.187 48.8048 39.7854 1.99968 20.9662 80.331 0 1.86244 100.65 0.535416 57.9164 8.09309 35.3462 42.9729 1.13962 62.9836 48.7093 26.4074 44.1999 45.0428 37.1302 22.2483 
23.1741 0.294126 10.4037 21.8469 5.99406 21.6608 0.202008 3.99934 1.09631 62.2915 41.6194 149.979 120.543 0 56.6674 4.31411 16.7474 3.60557 9.19709 0.105025 27.415 0.093872 0.0684882 5.21936 10.3209 8.22427 9.22087 10.6588 
59.1582 52.1473 11.8777 37.8137 11.2033 11.0226 87.827 61.105 176.833 85.249 26.2636 269.103 66.5778 59.4013 0 81.4106 22.3005 5.86534 0.501079 11.5703 27.9787 1.63024 24.3179 23.9399 4.93469 14.0392 4.18976 1.05224 
65.8688 32.6744 0.199153 11.7285 42.4525 2.5962 103.654 255.636 76.5591 1.89185 0.828068 4.14435 16.9307 19.0228 47.8035 0 0.818841 4.47503 22.7801 1.61066 8.26482 6.86601 12.4692 24.2369 11.9934 11.7933 12.3827 6.72006 
21.0106 72.5198 9.08223 37.8855 87.8628 58.9164 41.2876 47.7695 3.16275 80.5686 71.3028 62.7459 55.4977 13.9166 4.09022 11.5638 0 272.93 65.9654 9.65219 30.7051 2.39487 18.2496 16.7931 9.95116 20.4106 21.959 1.06667 
236.662 262.701 160.143 41.1259 191.025 116.614 120.113 181.443 196.341 133.153 31.6201 119.866 96.3546 12.4008 67.4537 50.5456 220.088 0 88.2495 81.5317 97.1922 23.3033 40.2806 1.80669 0.0146374 58.5718 10.3909 47.3476 
96.7073 45.9831 42.9864 5.21657 21.0024 58.3531 5.33897 29.9041 41.487 35.8235 89.7573 4.10846 9.48256 27.0443 34.3826 25.5522 234.369 111.498 0 25.9451 71.581 24.8577 11.7673 16.0893 27.8723 27.312 19.3805 0.73827 
179.704 142.006 22.3314 0.27211 19.8423 14.4528 50.5496 64.84 51.2983 33.0617 64.359 2.61817 3.8231 3.61834 0.00140564 0.204022 24.9024 85.0125 36.4805 0 308.309 0.883206 3.64132 6.03379 5.40476 2.84182 10.747 7.59405 
112.091 125.423 26.5354 226.33 104.704 50.5876 3.72202 196.106 186.145 79.9006 116.931 134.806 71.7223 26.6283 45.7343 33.059 7.89237 109.15 39.1537 14.8618 0 11.5738 23.7056 2.60442 27.1102 4.26831 16.1542 14.9525 
37.1196 38.2607 12.5833 12.2212 21.7095 9.39284 38.3349 9.25379 69.8451 45.379 1.00461 19.1035 88.5847 7.4099 15.5842 10.7155 6.43774 36.0395 25.2494 6.3307 0.281672 0 10.1383 5.86472 2.50691 10.514 0.519657 4.97608 
44.6421 56.8793 1.73068 6.49313 56.0289 9.88186 2.35706 88.6388 26.5804 5.64965 117.886 3.7168 39.3779 0.33136 8.83099 11.8926 16.9222 44.1564 19.9996 3.79298 21.2555 10.2402 0 12.9209 6.06094 5.30228 10.2863 4.05205 
3.14973 40.6417 6.17872 26.6295 1.36382 7.40213 36.6193 91.1763 52.3803 21.4364 7.14742 166.541 44.2912 8.87927 9.02678 7.78244 0.805627 43.509 20.9122 1.3343 1.93633 2.47227 5.00743 0 20.4663 3.80159 1.2394 4.53689 
76.8061 58.8138 25.3253 29.7074 48.5456 27.9268 8.99189 109.182 96.8583 66.4312 31.2993 614.781 50.419 12.2335 3.25924 56.5947 24.451 0.230413 0.00137301 6.82434 54.4113 12.8995 14.3688 76.9433 0 66.2094 52.2116 81.6344 
8.93315 1.96951 23.0748 39.9457 66.7948 1.24661 98.617 8.46701 0.143307 3.1433 137.386 22.1332 39.4533 1.54347 6.67816 16.638 25.1417 59.0731 7.54377 11.6502 41.6422 9.85655 0.752877 1.3769 17.9719 0 1.11544 1.89032 
33.119 54.3685 2.66297 13.2782 16.2743 12.6577 1.44402 10.5034 2.31117 2.16222 54.4016 120.69 32.2455 5.22156 17.6162 13.6767 1.9882 30.5986 23.8961 4.95736 44.2781 0.447892 0.501808 3.07875 59.6877 13.8229 0 22.6605 
50.2672 61.4903 7.20408 33.0735 34.0068 20.0056 61.1386 135.281 88.6874 32.0146 4.17173 159.163 28.9482 6.99226 11.2233 2.82926 2.43962 44.5671 25.8572 2.75981 3.99301 1.76136 9.88891 0.11462 26.6577 52.9173 4.99963 0 
