0 334.811 44.0068 442.172 88.6694 283.62 251.714 40.9886 278.406 113.301 158.346 144.854 69.7378 34.2242 1.08154 4.00487 317.331 46.5819 87.4956 63.9519 231.711 31.8957 33.8801 47.0074 215.582 53.3332 41.8913 54.5568 
394.993 0 5.93955 471.184 413.889 448.195 466.365 284.998 561.947 221.652 7.77711 176.519 0.000531938 70.8714 39.5324 45.8057 307.826 439.391 10.9071 21.5051 90.916 49.2785 56.962 3.4107 257.707 5.00086 54.3571 37.6543 
31.7505 468.155 0 12.9122 109.043 26.5085 127.835 151.773 6.23319 41.0857 84.2424 148.257 17.5652 0.101161 30.6016 21.1316 52.7649 9.40263 56.5292 5.37086 30.1304 0.563694 9.3328 12.6348 22.4521 22.1859 2.42068 1.3005 
392.341 479.213 116.998 0 16.1029 259.695 156.948 1312.85 212.903 28.5149 158.31 11.227 59.2941 4.22675 38.3031 38.4679 248.146 145.827 62.689 1.17365 447.667 0.334882 2.69712 26.5391 217.2 43.4045 24.181 0.471868 
2.3137 61.2581 44.503 141.945 0 449.638 385.668 175.965 355.618 206.391 207.309 172.001 126.339 40.0231 95.078 42.7158 4.89528 40.6405 8.67654 3.66135 67.2949 48.651 48.9046 52.1323 55.9639 50.6901 2.77673 17.6588 
330.936 284.173 64.7432 219.6 421.732 0 1108.03 14.89 224.352 486.219 174.782 99.6522 277.169 20.9586 32.7611 10.8108 266.485 0.713539 7.15947 6.32424 74.0145 0.155793 6.70041 17.8701 216.936 4.19679 3.18239 21.4591 
168.867 478.732 108.385 2.43183 245.999 49.0428 0 52.1914 7.1539 33.8828 6.28303 258.819 79.0993 96.1143 68.6211 93.8147 29.592 109.32 2.33495 69.0335 17.1022 42.0747 69.1828 7.92929 66.6894 68.7997 3.46123 71.0185 
291.93 106.687 176.831 474.095 183.816 167.727 102.183 0 209.99 79.3955 0.757901 727.13 98.6107 125.279 180.389 71.7594 54.254 174.28 5.63608 82.3134 137.052 60.1167 46.8751 47.5902 161.618 90.9426 3.66598 40.6396 
345.666 212.667 161.052 542.41 6.56698 338.261 624.6 571.302 0 385.437 370.24 254.222 90.07 4.90278 98.815 72.3337 265.783 211.636 4.82737 41.5604 184.65 69.8169 9.93025 2.13977 249.905 36.5154 74.886 93.2003 
4.93558 202.74 18.3808 96.5232 216.029 268.275 478.097 7.3248 292.333 0 49.6856 230.523 320.034 40.4863 21.6859 76.9025 78.1371 140.387 0.31531 0.946069 43.645 15.8545 4.93442 10.2253 66.1638 28.3929 39.5259 26.1122 
156.495 69.1031 190.798 3.42751 250.131 55.8602 57.5684 365.878 904.272 601.463 0 476.723 50.3918 30.1731 146.155 6.7438 94.9449 170.886 115.991 50.3395 0.881307 53.2567 2.75943 68.677 145.275 119.629 8.95535 75.0201 
35.178 157.81 0.0300229 37.458 3.29153 30.5723 41.6556 363.008 146.753 93.7019 427.703 0 0.012955 32.0337 170.266 31.5077 34.2075 108.468 83.7364 31.1775 24.8344 43.9745 21.0815 83.2556 327.027 396.172 16.4154 8.42382 
29.9593 33.5154 64.1212 71.8928 165.386 133.801 217.373 54.859 49.8387 0.790237 11.884 87.6621 0 0.00772534 106.822 0.0383951 59.0342 10.1667 38.6345 42.761 1.70675 67.888 54.879 29.876 45.7415 43.4519 37.5383 20.9847 
25.0081 0.777985 9.60279 21.341 4.52569 21.8667 0.00817228 6.94446 3.32032 57.5297 26.4635 156.792 134.572 0 46.3974 6.33472 16.2913 4.46207 8.4395 0.146563 28.661 0.0184443 0.0635088 6.13865 11.1057 7.55593 8.95273 10.923 
56.89 56.8555 9.90216 36.8798 14.3229 13.5299 97.6341 48.0539 192.894 96.0123 70.035 257.524 75.5907 61.9792 0 65.106 21.5906 4.58987 0.84029 11.6575 26.0842 2.08492 25.0254 25.5299 6.32961 16.147 4.75369 0.665237 
62.7599 28.971 0.527234 14.389 39.4513 3.48428 103.767 244.916 66.42 3.90223 5.8301 7.74991 21.0407 19.3429 26.6171 0 0.603331 3.47367 21.9719 1.87291 9.93097 7.32131 12.3351 26.871 14.2176 14.8505 13.0817 5.62362 
233.885 290.52 7.26568 249.41 78.8763 267.395 45.778 44.5134 213.049 79.1529 73.8745 64.9965 54.1339 14.4201 4.65228 10.9061 0 256.199 80.624 8.66445 32.621 2.13578 18.0731 17.1481 219.787 20.9877 22.0695 0.87075 
234.893 178.737 162.678 49.9235 202.847 119.655 135.897 180.637 203.379 136.948 37.6677 114.896 98.3965 11.0572 68.0903 48.9282 244.67 0 79.716 79.284 93.2618 22.3682 39.5453 1.34984 0.120726 57.6421 11.2205 46.6273 
100.742 56.2981 40.0331 6.86369 6.97544 64.2625 9.27357 26.0984 48.6442 29.7345 84.6348 2.8978 7.50114 27.2273 35.1599 26.2112 224.962 103.748 0 24.7609 70.971 25.0248 11.1882 15.5345 28.3284 26.7656 18.9895 0.552613 
153.662 140.893 20.937 1.06613 16.0748 13.3689 45.765 58.8459 46.3692 35.2 61.4569 1.4594 3.1266 3.72894 0.00468347 0.313596 25.873 83.4359 36.3094 0 330.571 0.797099 3.70383 6.10763 4.98944 2.50404 10.8185 7.30132 
93.0612 134.172 19.8049 228.178 100.267 47.6329 5.99514 200.954 184.316 77.0811 121.756 140.719 72.8259 25.3584 44.1421 35.4222 9.16036 106.008 41.3104 52.8846 0 12.1765 24.7088 2.00052 25.1404 3.20311 17.1604 16.2683 
37.619 37.0134 12.6072 12.5862 20.0709 8.66422 40.3438 7.95458 69.9531 47.5176 0.49479 21.3238 86.7282 7.9257 15.0934 10.9842 6.82686 35.3573 25.3403 6.35321 0.177801 0 9.02885 6.62369 3.20494 10.412 0.402692 4.73858 
43.9804 57.0307 2.07045 5.83259 55.6783 9.24837 1.41435 91.7179 30.8934 4.15303 112.219 6.61591 45.5906 0.00418254 11.1959 11.4013 17.1713 44.4542 20.3847 3.84517 22.2773 9.13499 0 8.93579 7.51585 5.75211 9.85929 3.73367 
2.28177 42.6234 5.57254 26.6323 0.877706 8.07158 39.4527 99.1594 47.8928 18.9617 10.9327 155.704 47.6581 9.47127 11.3838 4.54928 0.987332 44.2594 20.5108 1.48223 2.53158 1.9192 8.74795 0 15.8162 4.61233 0.849768 4.0251 
285.329 265.287 24.4724 236.714 46.4943 236.41 11.603 124.101 311.848 67.949 38.707 529.096 49.206 12.936 4.45119 79.3131 233.179 0.0643602 0.0112337 7.25305 53.1566 55.2828 12.9983 71.666 0 88.53 134.359 4.28916 
11.3299 3.2013 21.9573 41.5081 67.8929 1.82213 97.4023 19.1834 0.11595 4.83685 128.011 1.89078 41.2231 2.01204 8.49061 19.7341 25.4947 58.2094 8.28358 11.7871 39.4765 10.0169 0.536226 1.93365 16.2916 0 0.412897 0.140535 
34.437 54.1403 2.28029 12.3881 17.3771 12.1217 0.955152 13.1019 3.23959 1.62691 51.5077 120.828 32.9478 4.8863 18.0276 14.3295 1.76422 31.4959 24.0199 4.71127 44.2099 0.339564 0.70386 2.47275 59.5955 11.4006 0 12.1628 
51.7722 60.5256 6.44353 32.9742 35.5759 20.4989 59.0725 134.263 91.0929 29.964 2.48305 165.963 30.149 7.42649 10.192 2.06678 2.74922 43.6656 25.6136 2.50267 3.26044 1.94261 9.7752 0.0366605 27.9521 46.2963 12.8089 0 
