0 504.71 61.1882 626.263 106.272 507.416 259.267 27.6543 523.716 119.523 151.497 155.954 73.0341 35.682 0.57672 2.72639 547.796 35.8671 83.3993 101.54 237.741 31.2469 34.9169 48.3049 448.014 50.4967 40.9861 53.4842 
552.872 0 42.4509 726.885 464.635 674.485 501.638 277.525 815.844 229.659 13.7092 167.578 0.266226 70.4104 35.7031 48.9696 532.066 143.165 6.80446 28.2526 99.0077 48.7615 56.7907 2.65789 491.469 3.68814 54.4932 39.338 
18.9031 432.64 0 41.6073 123.039 31.6828 102.676 176.992 0.918279 47.5964 66.1528 157.537 19.9667 0.02339 29.4704 20.2635 51.7446 15.0491 57.8749 4.3082 24.2099 0.680928 9.67095 13.0338 23.3065 23.1019 2.1154 0.998767 
575.728 682.145 120.372 0 22.4738 487.11 143.553 1320.14 451.018 24.0361 168.607 21.2773 61.1383 4.8811 37.6501 39.8338 477.557 144.943 62.5341 2.25425 696.495 0.245889 3.11593 26.627 447.332 44.0549 24.6526 0.240489 
0.165053 110.458 57.2665 134.771 0 447.758 353.357 184.306 353.328 234.762 195.104 168.942 118.299 42.3034 94.9959 45.1732 2.61888 51.1156 1.72848 2.28276 62.89 47.6311 49.8913 52.8698 54.5279 48.7465 3.23741 18.9012 
557.325 536.26 66.1169 448.487 542.016 0 397.843 23.3783 443.412 552.14 197.415 107.459 30.4034 21.3108 30.8134 9.67682 496.818 1.90021 10.2349 5.5456 72.9299 0.278897 7.22551 17.9542 447.534 3.47502 2.85781 21.1316 
186.005 509.577 133.609 6.85686 290.006 101.808 0 30.75 155.602 7.61435 22.6903 248.061 91.8396 95.1152 77.135 96.4525 26.2843 122.439 0.82572 72.4789 20.6388 43.6753 70.129 6.51756 63.5722 72.6128 4.16961 70.1489 
300.171 124.671 151.605 519.502 191.543 154.766 72.8984 0 136.197 68.1206 0.27185 529.757 93.5907 126.114 183.441 94.5353 51.5562 176.779 7.32246 86.7749 146.081 59.0866 50.8354 54.4554 151.713 72.6795 2.51604 35.063 
561.322 449.693 94.6945 772.821 1.30493 511.123 973.796 621.236 0 377.835 534.536 223.535 100.127 7.43939 97.0753 80.7425 493.595 207.397 2.82065 45.5858 182.547 69.9315 12.4049 1.19846 476.267 42.8825 73.8354 94.7494 
2.75432 213.789 23.5453 99.4042 186.68 167.685 502.793 12.1859 321.198 0 107.467 222.568 303.91 44.8405 15.1311 80.2846 76.6923 142.529 1.15363 1.46692 40.8134 14.0709 6.25071 11.9037 67.4704 25.3684 40.3656 24.4217 
163.014 56.1985 205.717 7.53504 255.235 76.6236 93.9437 372.094 851.525 576.352 0 444.5 63.23 43.1201 202.99 14.602 95.3348 171.113 113.123 52.9845 0.282167 55.3003 1.16269 62.5072 143.85 110.705 7.51043 71.1276 
44.0233 147.931 0.481976 23.9741 5.39014 37.282 30.227 185.03 177.365 107.998 463.366 0 0.353763 24.1836 194.681 87.8006 32.1794 103.965 81.6407 28.0693 20.5051 46.0281 25.8364 70.4923 254.493 378.286 13.2474 13.477 
26.9208 28.6297 65.8741 71.2173 160.515 128.983 214.181 59.9781 58.7276 7.76094 6.23298 93.6811 0 1.6641 111.092 0.0615191 59.8902 12.0411 41.3759 42.5291 2.2602 71.697 59.8598 32.7886 46.9529 42.0724 37.8457 19.9422 
26.5331 1.35045 8.93061 20.868 3.45672 21.9513 0.288419 9.95106 6.05088 53.4027 16.2011 161.148 143.913 0 35.4096 8.15062 15.9049 5.23316 7.82642 0.18598 29.6771 3.18622e-05 0.452295 6.87836 11.7348 6.99386 8.72189 11.1212 
54.9092 60.6918 8.34939 35.9614 17.1394 15.7037 105.343 38.0452 204.212 104.278 118.233 243.147 82.7737 59.3181 0 47.8798 20.9892 3.64481 1.1852 11.713 24.5255 2.49734 25.2687 26.5842 7.58015 17.8835 5.23861 0.410194 
60.0283 25.9883 0.913928 16.6906 36.9571 4.30226 103.375 231.532 58.1529 6.08118 13.2648 44.6701 24.6625 19.2063 12.0677 0 0.44932 2.73561 21.285 2.10118 11.4027 7.69215 12.1067 28.3743 16.13 17.4284 13.6432 4.76691 
468.347 529.023 5.89427 482.533 71.415 497.881 49.5437 41.8356 445.092 77.8183 75.9259 66.8066 52.9485 14.8311 5.1396 10.366 0 238.267 290.151 7.87391 34.2105 1.93135 17.9158 17.4327 451.565 21.452 22.1502 0.723096 
231.588 109.567 163.214 57.5061 211.453 121.583 148.714 179.378 208.306 139.643 42.9548 110.602 99.9202 9.98877 68.493 47.5297 261.431 0 72.6049 77.1892 89.8727 21.5924 38.903 1.02072 0.285874 56.7911 11.9231 45.9904 
103.79 65.2312 37.5149 8.37487 1.01384 68.8766 13.2864 23.0903 54.7967 24.9943 80.2856 2.05121 6.02133 27.3433 35.7481 26.7274 208.421 97.0477 0 23.7565 70.373 25.1422 10.7096 15.0688 28.6801 26.287 18.6579 0.418876 
129.94 138.761 19.7018 2.10592 13.1995 12.464 41.8157 53.8821 42.3331 36.9383 58.9763 0.751873 2.59927 3.81752 0.0243508 0.421346 26.6477 81.8693 36.1006 0 329.943 0.728714 3.75259 6.16179 4.65125 2.2366 10.8696 7.05574 
77.8389 141.013 14.8544 202.96 96.425 45.1437 8.26384 204.04 182.099 74.6469 125.518 145.26 73.6631 24.3002 42.7756 37.3617 10.2697 103.216 43.0823 97.8558 0 12.6799 25.5299 1.55858 23.5267 2.4316 18.0017 17.3795 
38.0032 35.9562 12.614 12.8807 18.7373 8.06726 41.9775 6.94416 69.9473 49.2015 0.207434 23.2173 84.7275 8.33277 14.6531 11.1839 7.15342 34.7716 25.3942 6.36804 0.109758 0 8.08543 7.25611 3.83966 10.3161 0.31683 4.54284 
43.3768 57.0653 2.3699 5.30146 55.3027 8.71922 0.812474 93.997 34.5994 3.07704 107.009 9.6025 50.7373 0.129678 13.1969 10.8949 17.3675 44.6572 20.6866 3.88514 23.1186 8.19338 0 5.77927 8.78567 6.12141 9.49332 3.47433 
1.6653 44.2227 5.08164 26.5529 0.555098 8.62977 41.7817 105.425 44.1903 16.9771 14.6084 145.407 50.3498 9.86012 13.3994 2.43001 1.15093 44.8376 20.1633 1.6087 3.08071 1.50678 12.056 0 12.1833 5.31916 0.580591 3.61599 
515.832 494.208 23.6993 466.114 44.754 467.009 13.9761 135.95 547.59 69.0143 45.2091 448.404 48.1247 13.4834 5.55273 84.8846 464.018 0.004385 0.0503254 7.60693 52.0435 77.5539 11.8808 63.5841 0 45.6778 13.0981 78.5668 
13.4902 4.43547 20.9634 42.5806 68.6722 2.37437 96.0206 30.9656 0.873794 6.49241 119.576 1.99962 42.6343 2.43756 10.0901 22.2112 25.7652 57.4113 8.91214 11.8806 37.6527 10.1391 0.383359 2.45551 14.9822 0 0.0887903 0.209716 
35.5083 53.8954 1.98317 11.6558 18.3021 11.6735 0.625701 15.4348 4.12056 1.23961 49.0817 120.516 33.5064 4.61085 18.3399 14.8469 1.58813 32.2257 24.1087 4.50881 44.1167 0.260963 0.895296 2.01459 58.9244 9.49952 0 5.64847 
52.9467 59.6398 5.83335 32.8063 36.8579 20.8767 57.273 132.801 92.8767 28.2614 1.40911 170.372 31.1247 7.77998 9.34688 1.51819 3.01761 42.8844 25.393 2.29682 2.70668 2.09776 9.66628 0.00483288 29.0933 40.1033 21.472 0 
