0 465.715 70.4096 586.767 115.29 488.303 262.19 21.8766 515.642 122.509 147.915 161.347 74.6555 36.4007 0.382926 2.17615 531.911 30.9426 81.2909 115.85 240.018 30.9161 35.4249 48.9287 433.269 49.055 40.5217 52.9216 
506.245 0 71.8075 721.254 485.407 655.169 513.761 273.013 809.91 232.965 17.2656 162.913 0.58088 70.1217 33.818 50.5386 513.121 592.024 5.10083 31.8847 103.029 48.4856 56.6744 2.31512 477.321 3.10332 54.542 40.1727 
13.6094 403.702 0 71.2064 129.806 34.2936 90.3736 189.156 7.19409 50.9065 57.6159 161.805 21.2036 0.00493723 28.8547 19.8033 51.1818 18.3156 58.4759 3.81281 21.4353 0.743464 9.83517 13.2249 23.7139 23.5337 1.96957 0.862149 
537.358 650.848 190.683 0 25.9915 469.74 136.482 1311.79 441.583 21.8988 173.364 27.3837 62.0201 5.22122 37.2717 40.4324 461.237 144.187 62.3929 2.91879 676.727 0.206464 3.33446 26.6432 431.432 44.2951 24.8768 0.153594 
0.0231477 139.021 63.9912 130.886 0 428.572 334.912 188.234 350.67 248.167 188.691 167.237 114.172 43.4324 94.8416 46.3898 1.74149 56.678 0.244005 1.71229 60.6913 47.1035 50.362 53.2143 53.7863 47.7562 3.48002 19.5304 
539.27 531.66 66.5045 432.075 134.859 0 71.0045 28.2468 430.341 247.769 208.061 111.256 555.469 21.4594 29.794 9.12036 480.918 2.7035 11.951 5.16983 72.3314 0.353608 7.48975 17.9833 431.834 3.13611 2.701 20.9566 
194.236 519.28 146.15 9.87852 310.959 194.333 0 21.9868 290.988 1.45227 34.5061 242.091 98.3156 94.4708 81.3681 97.631 24.6808 128.986 0.357681 74.1374 22.5106 44.4622 70.5433 5.85859 61.9757 74.4596 4.54667 69.6686 
303.256 133.814 138.765 512.439 195.14 147.925 59.7152 0 103.755 62.6643 1.48044 428.245 91.0425 126.317 184.412 106.446 50.2048 177.837 8.24256 88.9323 150.464 58.5497 52.8174 57.9513 146.4 63.964 2.02002 32.3755 
538.196 439.447 66.4946 754.403 0.184117 472.257 1117.92 639.349 0 371.654 631.002 207.947 105.171 9.0374 67.3142 84.9329 476.494 204.954 2.01486 47.6169 181.261 69.9565 13.7309 0.828304 458.517 46.1758 73.2744 95.4477 
1.8968 218.724 26.3044 100.683 171.695 120.307 508.12 15.0494 334.054 0 142.772 218.066 293.532 47.0094 12.2412 81.8349 75.9179 143.436 1.76771 1.76879 39.4082 13.207 6.96029 12.779 68.06 23.8881 40.7715 23.5817 
166.09 50.1141 212.362 10.1625 257.213 87.7603 114.647 373.775 828.346 555.075 0 425.549 70.0141 50.2357 231.725 19.5729 95.4819 171.056 111.599 54.2937 0.107012 56.3037 0.617339 59.4258 142.879 106.097 6.83117 69.1465 
48.728 142.864 1.2705 18.2491 6.6262 40.81 25.1203 113.726 192.939 115.239 478.247 0 0.697229 20.6034 206.166 124.166 31.1752 101.669 80.5574 26.5513 18.4749 47.0467 28.3482 64.2628 223.562 364.028 11.7755 16.4083 
25.4425 26.297 66.6894 70.8218 157.825 131.451 212.025 62.566 63.3367 13.8692 4.07054 96.6623 0 3.56187 112.918 0.220774 60.294 13.0302 42.7493 42.3942 2.56515 73.5034 62.2858 34.2523 47.5355 41.3628 37.9889 19.423 
27.2964 1.69433 8.59287 20.6138 2.97349 21.9642 0.577629 11.6386 7.70809 51.2906 11.9384 162.867 147.691 0 29.5812 9.08445 15.7088 5.6392 7.52507 0.20737 30.1793 0.00583502 0.771883 7.23556 12.041 6.71122 8.60365 11.2131 
53.8865 62.5809 7.60651 35.4551 18.6213 16.8155 109.021 33.3671 209.111 108.135 145.145 234.496 86.2319 56.45 0 38.9068 20.6841 3.21083 1.37913 11.7351 23.751 2.71516 25.2716 27.0147 8.23418 18.7416 5.48678 0.30531 
58.6144 24.5307 1.14529 17.8656 35.7103 4.73741 103.015 223.459 54.0957 7.33764 18.037 73.2791 26.5368 19.0026 6.62816 0 0.380676 2.39812 20.936 2.21887 12.1683 7.87499 11.9539 28.8684 17.0997 18.7122 13.9173 4.35812 
454.617 517.229 5.25606 468.06 67.6996 482.056 51.4374 40.5051 430.176 77.0973 76.9235 67.6924 52.3375 15.0344 5.39048 10.0977 0 228.104 53.0214 7.48856 35.0055 1.83262 17.8335 17.5718 436.44 21.6793 22.1869 0.654256 
229.325 85.9607 162.947 61.3703 215.319 122.341 154.985 178.549 210.449 140.834 45.6854 108.4 100.624 9.47034 68.6517 46.8114 268.401 0 69.0537 76.0664 88.136 21.2042 38.5707 0.87304 0.394604 56.3388 12.2795 45.6585 
105.208 69.7973 36.2369 9.17793 0.0344167 71.0691 15.5369 21.6383 57.9363 22.7395 78.0803 1.68152 5.33795 27.3891 36.0229 26.9752 197.373 93.6204 0 23.2471 70.0429 25.1938 10.4708 14.834 28.8471 26.0391 18.4896 0.358845 
117.717 137.295 19.0608 2.75084 11.8512 12.0107 39.854 51.4108 40.3381 37.7944 57.7126 0.484694 2.35274 3.86074 0.0399301 0.480896 27.0247 81.0003 35.9735 0 323.069 0.695525 3.77594 6.18647 4.48434 2.10726 10.8923 6.93195 
70.4948 144.28 12.6115 185.202 94.4521 43.8875 9.52582 205.26 180.756 73.398 127.315 147.401 74.0552 23.7695 42.0771 38.3234 10.8438 101.759 43.9624 123.384 0 12.9331 25.9369 1.35762 22.727 2.08407 18.4246 17.9418 
38.1852 35.4199 12.6131 13.0252 18.0792 7.77153 42.783 6.46185 69.9121 50.0118 0.109768 24.1811 83.576 8.52856 14.4221 11.2757 7.31809 34.4718 25.4139 6.37416 0.0818388 0 7.61015 7.57205 4.17502 10.2644 0.277664 4.44535 
43.0566 57.0517 2.52545 5.04182 55.0862 8.45375 0.573048 95.0405 36.4912 2.59636 104.246 11.2861 53.2902 0.325447 14.1953 10.6107 17.4622 44.7438 20.8318 3.90401 23.5373 7.71834 0 4.35812 9.4371 6.30438 9.30655 3.34633 
1.39239 45.007 4.84057 26.4855 0.421119 8.90956 42.9375 108.42 42.3501 16.0099 16.6196 139.874 51.6571 10.0172 14.415 1.59743 1.23715 45.1116 19.9844 1.67322 3.37409 1.31709 13.6699 0 10.4829 5.68268 0.464615 3.41693 
500.007 477.634 23.2914 449.793 43.8711 451.275 15.2305 141.638 534.334 69.4801 48.5655 409.735 47.5589 13.7443 6.13918 81.8953 448.417 0.0007599 0.0803521 7.78324 51.4626 75.6417 11.3335 58.8328 0 20.7547 5.48343 118.218 
14.6266 5.12353 20.4455 43.0379 69.0169 2.6752 95.2053 37.7442 1.51571 7.40266 115.167 7.85001 43.32 2.66208 10.9168 23.4002 25.893 56.9847 9.23149 11.9206 36.7322 10.1965 0.316175 2.73568 14.3606 0 0.0156964 0.762227 
36.0366 53.7542 1.84151 11.2919 18.7683 11.4482 0.486763 16.6598 4.59854 1.06513 47.861 120.215 33.7778 4.47406 18.4861 15.097 1.50331 32.586 24.1484 4.40808 44.0576 0.225464 0.998988 1.80112 58.3996 8.59234 0 3.26588 
53.5085 59.1681 5.5356 32.6935 37.4922 21.0549 56.3449 131.864 93.6957 27.4104 0.98415 172.14 31.6057 7.9543 8.9288 1.27343 3.1558 42.4824 25.2765 2.19637 2.44808 2.17702 9.60691 7.24285e-05 29.6813 36.8544 26.3854 0 
