0 440.884 72.7678 561.006 117.561 467.613 262.83 20.5301 497.734 123.243 147.005 162.676 75.0577 36.5793 0.340631 2.0479 512.016 29.7592 80.7578 118.77 240.509 30.8328 35.5508 49.082 413.675 48.6924 40.4045 52.7783 
479.364 0 80.1389 703.651 490.059 634.28 516.18 271.807 792.305 233.717 18.2141 161.728 0.678393 70.0435 33.3506 50.9291 492.467 173.016 4.71193 32.8172 104.03 48.4149 56.6422 2.23298 457.869 2.96471 54.5522 40.3806 
12.4117 395.464 0 79.8321 131.467 34.9458 87.3486 192.131 9.67765 51.7378 55.5439 162.831 21.5164 0.00246014 28.6957 19.6856 51.0357 19.1763 58.6183 3.69287 20.7628 0.7595 9.87569 13.2718 23.8135 23.6389 1.93385 0.829493 
512.029 626.963 213.697 0 26.9036 449.478 134.682 847.165 423.564 21.3759 174.509 29.0166 62.2363 5.30754 37.1719 40.5729 441.242 143.965 62.351 3.09748 813.713 0.197138 3.39003 26.6443 411.549 44.3462 24.9316 0.134888 
0.0851156 146.5 65.7013 129.887 0 422.286 330.095 189.19 349.851 251.417 187.06 166.793 113.13 43.7134 94.7912 46.6925 1.54968 58.0991 0.0832499 1.58225 60.1426 46.9698 50.4772 53.2978 53.5984 47.5069 3.54194 19.6885 
518.82 514.62 66.5697 412.076 545.804 0 256.262 29.5248 412.037 506.143 210.637 112.192 377.438 21.4936 29.5349 8.98246 461.024 2.92596 12.3977 5.07741 72.176 0.373643 7.55594 17.9893 411.997 3.05376 2.66237 20.9117 
196.252 521.08 149.256 10.7152 316.047 222.612 0 20.0127 329.668 0.664698 37.8162 240.54 99.9418 94.2949 82.4217 97.9106 24.2855 130.617 0.270752 74.5448 22.9889 44.6574 70.6406 5.6988 61.5732 74.9147 4.64326 69.5439 
303.918 136.109 135.551 507.964 196.01 146.183 56.5902 0 96.2006 61.3216 1.93325 403.237 90.4021 126.345 184.595 109.461 49.867 178.081 8.48049 89.4631 151.545 58.4132 53.3127 58.8305 145.037 61.8392 1.90438 31.7148 
516.511 421.201 60.0904 733.616 0.0628595 447.324 1148.76 643.108 0 369.869 184.279 204.041 106.431 9.46991 58.4062 85.9764 456.306 204.311 1.83424 48.1263 180.915 69.9594 14.0712 0.746344 438.175 47.0093 73.1306 95.6142 
1.707 219.892 27.011 100.986 167.938 109.243 508.697 15.8098 337.085 0 152.151 216.888 290.714 47.5498 11.5615 82.2071 75.7191 143.645 1.94136 1.84854 39.0581 12.9941 7.14302 13.0013 68.2007 23.5216 40.8716 23.3725 
166.838 48.6344 213.931 10.8775 257.647 90.6081 120.048 374.045 823.468 548.913 0 420.545 71.7447 52.0746 238.847 20.9187 95.5136 171.024 111.209 54.6192 0.0762323 56.5526 0.507675 58.6572 142.61 104.932 6.66597 68.6481 
49.9316 141.585 1.52585 16.9304 6.95444 41.7078 23.9102 98.2485 196.843 117.055 481.634 0 0.801007 19.7466 208.944 133.927 30.9252 101.09 80.283 26.1758 17.9819 47.3003 28.9894 62.7262 217.869 359.953 11.4195 17.1817 
25.0774 25.726 66.8868 70.717 157.126 132.46 211.429 63.2154 64.5039 15.6587 3.60053 97.404 0 4.14513 113.341 0.275935 60.3924 13.2826 43.0928 42.3585 2.64428 73.944 62.8843 34.6186 47.6786 41.1835 38.0236 19.2935 
27.4873 1.78622 8.50835 20.5484 2.8581 21.9643 0.665375 12.079 8.15189 50.7585 10.9678 163.247 148.536 0 28.1235 9.31914 15.6595 5.74281 7.45032 0.212893 30.3042 0.00884925 0.863921 7.3232 12.1166 6.64046 8.5738 11.2354 
53.6276 63.0499 7.42464 35.3238 18.9991 17.0955 109.92 32.2348 210.25 109.067 152.081 232.193 87.0801 55.5872 0 36.6871 20.6075 3.10647 1.42983 11.74 23.558 2.77076 25.26 27.1119 8.40042 18.9546 5.54937 0.281462 
58.2563 24.1701 1.20702 18.1612 35.3988 4.84875 102.908 221.308 53.0915 7.66854 19.3348 81.351 27.0114 18.9379 5.50054 0 0.364388 2.31706 20.8483 2.24864 12.3626 7.92042 11.9118 28.9638 17.3428 19.0311 13.9851 4.25813 
435.276 498.361 5.10164 448.526 66.7738 462.18 51.9117 40.1736 410.541 76.9116 77.17 67.9117 52.1829 15.085 5.45392 10.0308 0 225.452 145.588 7.39331 35.2043 1.8083 17.8126 17.6062 416.745 21.7357 22.1957 0.63757 
228.697 81.612 162.824 62.3421 216.237 122.509 156.535 178.322 210.95 141.115 46.376 107.844 100.794 9.3424 68.6869 46.63 269.986 0 68.1678 75.7781 87.6978 21.1072 38.4865 0.837881 0.424491 56.2229 12.3691 45.5741 
105.551 70.9469 35.9157 9.38348 0.000394975 71.604 16.1241 21.281 58.727 22.1886 77.5264 1.5948 5.17299 27.3993 36.0895 27.0361 194.355 92.7568 0 23.1191 69.9571 25.206 10.4111 14.7752 28.8878 25.9763 18.4473 0.344553 
114.648 136.887 18.8984 2.92464 11.5239 11.8974 39.3655 50.7946 39.842 38.0069 57.3944 0.426968 2.29291 3.87143 0.0444179 0.496367 27.1178 80.7743 35.9394 0 320.69 0.687337 3.78166 6.19239 4.44286 2.07539 10.8977 6.90093 
68.6918 145.078 12.0762 180.659 93.954 43.5726 9.85433 205.531 180.396 73.0827 127.755 147.923 74.1505 23.6368 41.901 38.5628 10.9893 101.389 44.1817 129.972 0 12.9965 26.0382 1.30945 22.5278 2.00121 18.5306 18.0831 
38.2297 35.2851 12.6124 13.061 17.9156 7.69793 42.9831 6.34366 69.8999 50.2108 0.0901625 24.4238 83.2729 8.57665 14.3633 11.2978 7.35941 34.3962 25.418 6.37555 0.0754948 0 7.49129 7.6509 4.26063 10.251 0.268261 4.42101 
42.9747 57.0451 2.56491 4.97759 55.0291 8.3873 0.519653 95.2911 36.9676 2.48223 103.54 11.7263 53.925 0.387748 14.4436 10.5366 17.4855 44.7639 20.8675 3.90861 23.6417 7.59942 0 4.02555 9.60132 6.3499 9.25948 3.31452 
1.32786 45.2014 4.78082 26.4658 0.390494 8.97953 43.2252 109.153 41.8919 15.7709 17.1396 138.455 51.9795 10.0524 14.6689 1.41492 1.25916 45.1786 19.9392 1.68948 3.4494 1.27145 14.0621 0 10.0723 5.77452 0.437585 3.36774 
480.131 457.575 23.1874 429.799 43.6491 431.426 15.5509 143.032 515.094 69.5895 49.414 1036.97 47.415 13.8082 6.28928 80.5913 428.602 0.00260003 0.0889502 7.82724 51.3149 73.7203 11.1983 57.6112 0 15.8317 14.2757 123.348 
14.9162 5.30268 20.3141 43.1438 69.0984 2.75291 94.9887 39.5233 1.70334 7.63869 114.047 9.90192 43.4892 2.71935 11.1258 23.691 25.9242 56.8752 9.31184 11.9299 36.5014 10.2104 0.300363 2.80765 14.209 0 0.00673852 0.953564 
36.1679 53.7169 1.80685 11.2012 18.8851 11.3917 0.454722 16.9718 4.72188 1.02353 47.5553 120.125 33.8448 4.43995 18.5216 15.1586 1.48244 32.6755 24.1578 4.38297 44.0416 0.216988 1.02574 1.74941 58.2497 8.37053 0 2.76781 
53.6463 59.0472 5.46196 32.6623 37.6501 21.0983 56.1101 131.608 93.8928 27.1979 0.889705 172.536 31.7252 7.99758 8.82489 1.21539 3.19077 42.3806 25.2467 2.17153 2.38535 2.197 9.59155 4.5699e-05 29.8297 36.0322 27.6628 0 
