0 270.989 83.9896 382.529 128.211 312.388 265.324 14.7775 355.591 126.584 142.678 168.773 76.9176 37.4058 0.175836 1.50019 360.423 24.5047 78.2431 128.744 242.377 30.4406 36.132 49.7827 263.569 46.9906 39.8511 52.0955 
299.26 0 123.454 561.252 508.718 477.363 524.138 265.781 650.317 236.816 22.9488 156.108 1.23286 69.6469 31.1896 52.741 337.376 342.53 3.09711 37.2891 108.676 48.0755 56.475 1.86861 308.387 2.35829 54.5892 41.3457 
7.51944 352.517 0 124.611 139.028 37.9781 73.579 205.611 25.9353 55.63 46.243 167.385 22.9929 0.00219704 27.929 19.124 50.3262 23.4132 59.2423 3.15525 17.7408 0.836425 10.0619 13.4855 24.2668 24.1137 1.77092 0.685182 
336.35 456.176 321.937 0 31.3225 296.209 126.139 469.745 282.074 19.0002 179.608 37.1705 63.221 5.71675 36.6785 41.1793 289.234 142.762 62.1204 3.99568 677.023 0.156438 3.65401 26.6344 260.096 44.5369 25.1808 0.0635968 
0.888869 182.864 73.8106 125.081 0 387.818 306.669 193.501 345.216 265.987 179.307 164.63 108.226 45.0164 94.4941 48.0962 0.8016 64.8839 0.449185 1.04234 57.5874 46.3367 51.0019 53.674 52.7098 46.3344 3.83759 20.4302 
364.575 376.467 66.7055 260.145 402.902 0 75.7406 35.7971 272.467 152.972 222.161 116.487 526.091 21.6377 28.3054 8.34657 309.465 4.07662 14.5718 4.65423 71.421 0.474276 7.86536 18.0097 260.739 2.68224 2.48531 20.6964 
205.416 526.091 163.514 15.0399 338.865 372.65 0 11.9798 527.604 1.00958 55.0554 233.011 107.553 93.3962 87.2998 99.134 22.4716 138.192 0.0247812 76.4064 25.2739 45.5603 71.0618 4.98013 59.6764 77.0001 5.10636 68.9373 
306.41 146.845 120.595 478.225 199.911 137.905 42.9631 0 64.2239 55.1812 4.83588 291.155 87.3972 126.356 185.141 123.65 48.2906 179.112 9.63161 91.8948 156.499 57.7648 55.6204 62.9538 138.516 52.2416 1.40896 28.6961 
356.699 278.543 34.0458 576.535 0.338653 276.288 1258.88 656.418 0 360.311 420.821 185.822 112.304 11.6553 19.2803 90.8204 303.408 201.14 1.1026 50.5083 179.175 69.955 15.7053 0.419974 284.605 50.9466 72.44 96.3477 
0.952656 224.985 30.3915 102.303 150.421 63.6795 507.366 19.5811 350.19 0 198.293 211.13 276.465 50.058 8.6265 83.8597 74.7635 144.53 2.85686 2.24297 37.4321 12.0177 8.02177 14.0572 68.8208 21.8335 41.3301 22.3997 
170.221 41.965 220.734 14.5139 259.344 104.177 146.291 374.503 803.54 516.05 0 395.929 79.9793 60.9353 271.361 27.7197 95.6352 170.782 109.342 56.1293 0.00143709 57.7025 0.1372 55.0827 141.215 99.4387 5.91958 66.3071 
55.684 135.567 3.02227 11.3943 8.58599 45.9812 18.6264 40.0692 215.067 125.54 495.58 0 1.38002 15.961 221.35 182.185 29.7649 98.3703 78.9844 24.4466 15.7592 48.4785 32.046 55.6862 204.641 338.438 9.82383 20.997 
23.3988 23.1278 67.7722 70.1968 153.738 138.482 208.35 66.2564 70.0262 25.3534 1.78456 100.843 0 7.42879 115.133 0.614096 60.8379 14.4882 44.6951 42.1815 3.02897 75.9391 65.6299 36.328 48.333 40.3365 38.1797 18.6903 
28.3772 2.24624 8.11386 20.2343 2.34875 21.9488 1.156 14.2301 10.3767 48.2576 6.96124 164.759 151.934 0 21.4589 10.4148 15.428 6.23721 7.10454 0.239576 30.8834 0.0311661 1.35304 7.72233 12.464 6.31028 8.43311 11.3349 
52.4036 65.2171 6.59738 34.6866 20.799 18.4107 113.999 27.1603 215.109 113.235 185.15 220.763 90.943 50.8742 0 26.6869 20.2474 2.64109 1.67797 11.7599 22.6605 3.03629 25.14 27.5087 9.18979 19.9388 5.8443 0.182917 
56.5621 22.5095 1.51519 19.5485 33.9475 5.38176 102.319 210.624 48.4662 9.29973 25.9208 123.165 29.2539 18.564 1.5837 0 0.293022 1.95664 20.4359 2.3894 13.2847 8.13068 11.695 29.2577 18.4788 20.5047 14.2974 3.80341 
286.352 351.593 4.40857 298.662 62.476 310.706 54.1269 38.6323 260.26 76.0164 78.3032 68.9241 51.4518 15.3199 5.75382 9.71981 0 212.548 315.682 6.95468 36.1309 1.69677 17.7127 17.765 266.144 21.9958 22.2348 0.562493 
225.443 69.6577 161.96 66.8995 220.265 123.174 163.662 177.151 213.108 142.337 49.6426 105.222 101.553 8.75451 68.8275 45.7735 276.521 0 64.0486 74.3936 85.6326 20.6543 38.0876 0.683227 0.578305 55.6679 12.79 45.1731 
107.091 76.3451 34.4103 10.3672 0.95723 74.0255 18.99 19.6444 62.4424 19.6893 74.9294 1.21982 4.43588 27.4401 36.3895 27.3142 179.105 88.6965 0 22.5185 69.5401 25.2587 10.1333 14.4995 29.0731 25.6784 18.2483 0.281652 
100.35 134.774 18.13 3.80105 10.0492 11.3689 37.0981 47.9331 37.5446 38.9901 55.8985 0.205881 2.02336 3.92071 0.0685284 0.571606 27.5461 79.6744 35.768 0 306.264 0.649671 3.80781 6.21867 4.25064 1.92926 10.9214 6.75568 
60.4761 148.713 9.71785 160.762 91.6037 42.0987 11.455 206.611 178.593 71.5954 129.759 150.281 74.58 23.0165 41.0715 39.6743 11.6787 99.6289 45.2011 161.33 0 13.2932 26.5089 1.09601 21.6038 1.63624 19.0262 18.7454 
38.4315 34.6521 12.6068 13.2266 17.1579 7.35636 43.9096 5.80519 69.8253 51.121 0.0241337 25.5644 81.7797 8.79622 14.0831 11.3965 7.55291 34.0395 25.4334 6.38135 0.049277 0 6.93736 8.01769 4.66923 10.1867 0.226512 4.3077 
42.5824 56.9973 2.75205 4.68138 54.7471 8.0773 0.304841 96.4052 39.2082 1.98249 100.167 13.8786 56.8632 0.745999 15.5915 10.1758 17.5923 44.8493 21.0306 3.92945 24.1277 7.04518 0 2.61566 10.3732 6.56115 9.03803 3.16714 
1.04662 46.0987 4.50474 26.3587 0.262774 9.306 44.5615 112.485 39.7621 14.6713 19.655 131.662 53.4596 10.195 15.8495 0.704607 1.36429 45.4825 19.7255 1.76601 3.81072 1.06819 15.8073 0 8.24286 6.20734 0.321963 3.14167 
328.65 305.264 22.6908 277.798 42.6075 280.095 17.0806 149.364 366.547 70.0622 53.4196 1158.16 46.73 14.0984 7.00735 72.1102 277.439 0.0257192 0.134825 8.03202 50.6131 58.5224 10.5769 51.8967 0 4.66484 88.8956 113.903 
16.2961 6.17691 19.6905 43.5927 69.4532 3.12857 93.9116 48.2456 2.7214 8.78246 108.739 22.4923 44.2672 2.99249 12.1121 25.0093 26.0654 56.3497 9.68933 11.9694 35.4206 10.2735 0.231775 3.15309 13.5228 0 0.0142837 2.12228 
36.776 53.5326 1.64894 10.7794 19.4325 11.1278 0.319552 18.4583 5.31753 0.840171 46.1254 119.626 34.153 4.28149 18.6817 15.4409 1.38685 33.0909 24.1992 4.26607 43.9599 0.179543 1.1548 1.51719 57.4553 7.36382 0 0.979246 
54.2746 58.4677 5.12285 32.5011 38.3824 21.2947 55.0002 130.306 94.7702 26.2069 0.5115 174.131 32.2786 8.198 8.34309 0.961577 3.35606 41.9001 25.1042 2.05705 2.10291 2.29115 9.51725 0.00607236 30.5276 32.1666 33.8319 0 
