0 12.2764 103.757 93.4374 146.526 59.9493 267.69 7.03708 125.806 131.991 134.995 178.761 80.0335 38.7959 0.018859 0.756462 113.881 16.572 73.8362 134.104 243.944 29.7562 37.1035 50.9262 19.8919 44.0429 38.88 50.8734 
21.3042 0 209.513 324.386 528.172 219.22 524.726 253.997 415.89 240.535 32.1929 146.166 2.56101 68.8473 27.5774 55.7989 85.0174 684.522 1.10589 45.3608 116.51 47.4585 56.1248 1.31751 65.6304 1.47637 54.6117 42.98 
1.91973 266.793 0 206.597 151.132 43.0725 51.7368 226.794 70.2067 62.309 31.8881 174.252 25.5836 0.045023 26.5247 18.1157 49.0071 31.4677 60.1502 2.32108 13.0363 0.976271 10.3692 13.8321 24.9963 24.8651 1.50678 0.469008 
54.8424 175.36 378.644 0 39.472 46.9418 111.094 482.168 57.6735 15.1899 187.345 53.0212 64.8148 6.44136 35.7306 42.0244 42.1755 140.061 61.5927 5.77197 486.98 0.0975284 4.12394 26.5587 14.1152 44.6794 25.5821 0.00299222 
4.22223 248.968 88.0525 116.355 0 325.527 263.669 200.303 334.259 288.301 165.557 160.576 99.6876 47.2153 93.7487 50.4642 0.0867741 77.0272 5.32444 0.376321 53.2392 45.2173 51.8504 54.2654 51.1418 44.294 4.36942 21.7152 
113.285 153.074 66.2919 13.6053 361.39 0 580.678 47.6284 63.1249 499.505 239.723 123.53 532.205 21.8242 26.1312 7.28813 63.0861 6.47258 18.6179 3.9623 70.0146 0.673891 8.39674 18.0174 15.0162 2.09613 2.19405 20.305 
220.058 521.564 186.601 23.9789 373.672 645.052 0 2.91119 885.287 16.8385 90.8637 219.071 120.605 91.564 95.468 100.912 19.4863 150.95 0.216069 79.4346 29.3853 47.0747 71.6553 3.85345 56.3661 80.4181 5.94624 67.8059 
308.38 165.222 95.5397 429.161 205.962 123.277 23.59 0 23.4359 45.1834 12.7841 129.628 82.1959 125.919 184.874 148.057 45.5928 180.462 11.7582 95.8725 164.624 56.6098 59.5522 70.0675 126.798 37.2119 0.731249 23.7864 
96.6603 51.8467 5.95918 315.708 4.02308 13.2813 1297.58 662.495 0 339.492 496.288 154.975 122.287 16.0091 5.97665 98.9719 54.8663 195.079 0.277746 54.6021 175.72 69.8792 18.6741 0.0769275 35.0985 57.8488 71.1849 97.4371 
0.166468 232.275 36.4674 104.193 120.91 18.3568 489.897 26.8778 368.349 0 283.485 200.309 248.336 54.2847 4.54428 86.3562 73.0232 145.687 4.82349 3.00351 34.6781 10.4123 9.62706 15.9322 69.7424 19.0309 42.0846 20.7504 
175.578 31.4908 230.287 21.8487 260.991 128.17 194.37 372.225 753.076 446.239 0 349.634 94.6223 77.0236 322.404 41.2225 95.7417 170.008 105.969 58.6775 0.137186 59.6279 0.0468915 49.0298 138.304 89.8629 4.73635 62.2474 
66.0205 125.089 6.73525 4.37657 11.7587 53.5792 11.0209 0.00039912 245.972 140.04 511.991 0 2.73211 10.329 240.145 270.356 27.8017 93.6349 76.6913 21.5758 12.2591 50.4735 37.5125 44.2195 222.516 293.385 7.34651 28.2854 
20.622 18.9419 69.1506 69.1878 147.457 148.906 201.972 71.4984 79.7318 46.751 0.136566 106.638 0 15.1057 117.487 1.50052 61.5485 16.6558 47.4343 41.8389 3.74629 79.1097 70.1277 39.2495 49.4015 38.8492 38.4246 17.6632 
29.8987 3.15247 7.43937 19.6616 1.58851 21.8602 2.30484 18.2678 14.7564 43.923 2.16464 166.322 155.578 0 11.2705 12.2633 15.0258 7.12548 6.52459 0.288761 31.8612 0.100887 2.38954 8.36178 13.0371 5.74595 8.18658 11.4896 
50.2483 68.8417 5.26844 33.5046 24.0169 20.6861 120.495 19.3247 221.584 119.616 242.536 198.872 97.1518 40.7181 0 12.1199 19.6223 1.92824 2.1471 11.7818 21.1373 3.51337 24.6868 27.9657 10.5891 21.5787 6.35998 0.0629754 
53.5782 19.7532 2.11858 21.943 31.4733 6.34292 100.973 190.124 40.815 12.4131 39.095 206.387 33.1893 17.661 0.405076 0 0.188612 1.40768 19.7194 2.63721 14.9208 8.48398 11.2488 29.1726 20.4159 22.9447 14.8161 3.07291 
44.6857 113.386 3.32947 55.2416 55.224 64.4667 57.9261 36.0172 16.3334 74.3758 80.1805 70.6143 50.1635 15.7172 6.28198 9.19155 0 188.732 428.29 6.22638 37.7162 1.51317 17.5341 18.03 21.5124 22.4306 22.2939 0.444492 
218.663 73.6503 159.371 74.7583 226.135 123.865 175.403 174.738 216.088 144.083 55.3895 100.632 102.726 7.78308 68.9773 44.2703 284.258 0 57.0728 71.8773 82.0202 19.8787 37.3819 0.454392 0.896472 54.6629 13.5211 44.4587 
109.488 85.6797 31.8109 12.1429 6.8271 77.8654 24.3624 16.9627 68.8913 15.6931 70.4387 0.692689 3.29781 27.4842 36.8608 27.7677 149.752 81.647 0 21.4779 68.7617 25.3339 9.65902 14.0237 29.371 25.1509 17.9022 0.188433 
76.4612 130.367 16.7796 5.5422 7.73179 10.4671 33.2714 43.0929 33.6831 40.6396 53.2964 0.0123196 1.59882 4.00273 0.121864 0.712065 28.2557 77.6206 35.4274 0 270.142 0.587324 3.85034 6.25852 3.9268 1.68898 10.9559 6.50517 
47.2505 154.555 6.23157 139.625 87.4871 39.5612 14.4518 207.758 175.031 68.9893 132.999 154.024 75.2585 21.9527 39.6221 41.5538 12.8988 96.4963 46.9313 214.868 0 13.8042 27.3064 0.773366 20.0404 1.09414 19.8796 19.892 
38.7556 33.5531 12.588 13.5041 15.8811 6.77913 45.468 4.93291 69.6293 52.605 0.00867508 27.5489 78.9302 9.1529 13.5827 11.548 7.8872 33.4145 25.4443 6.38854 0.0172799 0 5.99787 8.63991 5.40222 10.0686 0.163019 4.1146 
41.873 56.8504 3.08365 4.18841 54.2046 7.54656 0.0688392 98.0978 43.1039 1.25291 94.1214 17.931 61.7798 1.59573 17.495 9.5041 17.768 44.964 21.2972 3.96273 24.9549 6.10373 0 0.846087 11.7099 6.91749 8.65195 2.91885 
0.641163 47.5986 4.04323 26.1179 0.10231 9.86455 46.8219 117.83 36.1588 12.8509 24.2873 119.465 55.8938 10.3534 17.8394 0.0536497 1.55356 45.9706 19.3492 1.89956 4.46806 0.758088 18.3405 0 5.48552 6.96318 0.164457 2.7676 
82.3835 57.6679 21.8005 30.7718 40.8013 34.1768 19.8283 159.493 125.161 70.726 60.4293 1143.68 45.5072 14.5647 8.30048 52.7875 31.8301 0.120949 0.235444 8.38065 49.3628 22.8749 9.55677 42.892 0 35.0721 131.755 25.7177 
18.7651 7.81666 18.5869 44.1852 69.964 3.82057 91.8171 64.612 5.00343 10.9019 99.3808 54.7507 45.553 3.48137 13.8344 27.0959 26.2913 55.3935 10.3456 12.0225 33.558 10.3736 0.134507 3.77996 12.4346 0 0.21597 5.13744 
37.8005 53.1777 1.39364 10.0635 20.3768 10.6738 0.14297 21.1169 6.41453 0.567324 43.6673 118.471 34.6634 4.01256 18.9341 15.9043 1.22992 33.792 24.2602 4.06703 43.7939 0.123499 1.39199 1.15472 55.7554 5.75606 0 0.0308671 
55.2941 57.4167 4.55958 32.1653 39.6206 21.6075 53.0459 127.658 96.1118 24.5159 0.104688 175.893 33.2103 8.53486 7.53176 0.593228 3.64758 41.0538 24.8471 1.86651 1.65858 2.45581 9.3799 0.0399495 31.7338 25.5599 44.9235 0 
