0 190.285 127.663 211.447 168.334 212.813 267.285 1.43216 306.047 137.93 125.334 189.921 83.6616 40.4245 0.0414479 0.192683 273.209 8.93518 68.3845 135.4 243.054 28.9101 38.2324 52.2058 183.193 40.4508 37.6711 49.3147 
175.189 0 317.555 484.679 529.214 360.917 503.591 237.543 582.147 242.265 45.1107 133.745 4.79086 67.684 23.398 59.3912 237.694 557.707 0.0368274 55.6374 125.676 46.6552 55.5955 0.777631 229.789 0.681716 54.5702 44.9146 
0.0723819 158.606 0 281.044 163.965 48.9 29.4038 248.263 145.447 70.2779 17.6789 180.832 28.7961 0.16929 24.6951 16.832 47.2493 42.355 60.9671 1.4711 8.22842 1.15836 10.7194 14.2159 25.7925 25.6605 1.21389 0.26143 
185.933 293.319 282.973 0 50.1366 203.296 92.6643 732.099 250.744 11.0728 194.856 74.8075 66.5733 7.35133 34.4227 42.7051 201.206 135.761 60.7355 8.28253 808.46 0.0447559 4.71889 26.369 174.661 44.5395 26.0219 0.033854 
11.4607 329.896 105.424 105.152 0 276.076 209.259 207.447 316.273 309.9 148.383 155.127 89.246 49.8016 92.4563 53.248 0.186737 92.373 18.121 0.0143257 48.0627 43.8106 52.7864 54.888 49.1777 41.7861 5.0532 23.2873 
266.626 339.638 64.7191 173.927 618.691 0 1043.69 63.4535 290.797 764.364 256.581 131.41 61.7815 21.9461 23.4238 6.07249 222.787 10.0526 23.977 3.18736 68.1339 0.959822 9.03765 17.9802 175.737 1.47759 1.86362 19.796 
235.627 494.543 211.053 37.0933 406.651 864.4 0 0.185349 1215.42 59.8673 142.703 200.745 136.152 88.8781 104.866 102.505 16.1069 165.791 1.47646 82.7934 34.6528 48.842 72.1526 2.67553 52.2906 84.2543 7.03637 66.2893 
306.844 187.022 67.3081 427.286 212.133 105.218 7.60296 0 0.82288 34.1364 27.1786 15.6331 75.8602 124.627 182.535 176.618 42.3506 181.378 14.5755 100.321 173.734 55.1445 64.233 78.6466 111.977 21.937 0.205109 18.3514 
240.928 242.054 3.00613 450.42 13.7661 182.825 1088.44 641.405 0 307.777 1462.06 119.264 134.09 22.1864 79.147 108.443 212.185 186.766 0.0112554 59.5366 170.778 69.6727 22.521 0.0292458 191.59 66.361 69.5522 98.4638 
0.0780545 238.507 44.1782 105.835 87.3112 37.0024 445.127 36.9889 382.302 0 387.844 185.824 209.663 59.2131 1.30977 88.7724 70.7569 146.471 7.8473 4.0608 31.4177 8.59693 11.7218 18.2954 70.6115 15.8218 42.941 18.7953 
181.254 20.6187 237.974 32.4156 260.832 157.455 255.08 364.381 596.471 346.595 0 289.105 112.933 97.4529 371.255 60.1749 95.6983 168.476 101.624 61.6758 0.744998 61.8693 0.85553 41.9105 133.947 78.1841 3.47379 57.291 
79.1748 112.275 13.0779 0.274197 16.202 63.1198 4.41152 57.4949 281.833 157.235 518.453 0 4.96129 5.07652 257.876 372.039 25.4785 87.816 73.8165 18.2819 8.57713 52.8358 44.4367 31.6492 230.501 229.645 4.80735 38.2223 
17.4497 14.3694 70.5722 67.7765 139.141 149.002 192.527 77.8476 91.7458 79.4488 0.639377 113.428 0 27.4627 119.079 3.07757 62.3153 19.4363 50.7178 41.3598 4.70901 82.4813 75.1405 42.7397 50.5981 36.9988 38.6819 16.4362 
31.7243 4.44073 6.63278 18.9158 0.864243 21.6495 4.19911 23.6907 20.9368 38.6632 0.00239103 166.453 156.161 0 2.76241 14.3605 14.5318 8.26476 5.84692 0.353886 33.0146 0.237472 3.87689 9.04216 13.6869 5.07221 7.88057 11.6487 
47.5597 73.0389 3.83026 31.9365 28.103 23.4367 127.4 11.4708 226.112 125.883 307.408 169.543 103.834 26.7745 0 1.60389 18.8555 1.21274 2.78583 11.7878 19.3283 4.12382 23.7375 28.1313 12.3415 23.4546 6.99803 0.00136559 
49.8621 16.5947 2.96746 24.8262 28.52 7.57532 98.7923 162.591 32.153 16.6665 57.7289 312.956 38.0527 16.1727 8.3235 0 0.0928543 0.862479 18.8394 2.94661 16.983 8.897 10.5942 28.0903 22.6995 25.6737 15.4119 2.27997 
210.38 282.807 2.21681 218.587 46.7405 224.327 62.4957 32.9121 179.422 72.2226 82.3324 72.5753 48.5511 16.1876 6.94262 8.56246 0 158.071 451.04 5.38875 39.6213 1.30435 17.3056 18.3375 183.492 22.9367 22.3522 0.320118 
208.569 83.1337 154.435 84.2187 231.396 123.934 188.606 171.155 218.451 145.593 62.5449 94.9513 103.922 6.67336 69.0042 42.4006 287.481 0 48.8659 68.6147 77.5514 18.9439 36.4936 0.239495 1.37188 53.3614 14.4197 43.5513 
111.954 96.9576 28.6626 14.4274 20.7505 81.9192 31.5628 13.9438 76.7616 11.3928 64.9766 0.252615 2.14017 27.4936 37.3563 28.2754 112.868 73.0581 0 20.2064 67.716 25.3989 9.09035 13.4445 29.6973 24.4864 17.476 0.100572 
50.028 123.808 15.1087 8.01483 5.30653 9.3904 28.7814 37.3962 29.1731 42.5639 50.1009 0.0919791 1.15026 4.0975 0.206381 0.900526 29.069 74.8709 34.9388 0 212.303 0.515773 3.89781 6.29784 3.54605 1.41674 10.9876 6.20059 
32.9967 160.9 3.01139 143.807 82.3867 36.4903 18.4787 207.943 169.967 65.7553 136.564 158.015 75.9794 20.6691 37.8303 43.7722 14.4342 92.5319 48.9873 272.217 0 14.4252 28.2526 0.457452 18.1921 0.58231 20.915 21.2936 
39.1098 32.2047 12.5498 13.8282 14.3796 6.09809 47.2953 3.96686 69.2786 54.262 0.154692 29.989 75.0356 9.54747 12.9469 11.7004 8.29499 32.6374 25.4314 6.39258 0.000484537 0 4.89778 9.37448 6.33665 9.91294 0.100064 3.88343 
40.9555 56.564 3.50091 3.61985 53.4516 6.90926 0.00776778 99.7648 47.8736 0.590494 86.4467 23.3906 67.4396 2.9372 19.6287 8.61781 17.9673 45.0488 21.5971 3.99878 25.9425 4.99908 0 0.00228178 13.3249 7.33612 8.17643 2.62711 
0.282171 49.3396 3.50789 25.732 0.00751594 10.5349 49.4902 123.605 31.9087 10.7719 30.3713 104.091 58.6413 10.3962 20.1353 0.256024 1.79726 46.504 18.8785 2.06459 5.32429 0.451042 20.3258 0 2.90643 7.89181 0.0437675 2.34028 
242.182 216.024 20.6652 189.881 38.5911 194.546 23.3415 170.297 290.566 71.2766 69.0561 356.983 43.9531 15.0722 9.95275 35.0848 192.609 0.329434 0.393839 8.79666 47.7773 6.11828 8.42207 35.268 0 93.5917 3.21253 46.2229 
21.9039 10.0251 17.2055 44.5957 70.4143 4.73271 88.8869 86.221 8.63663 13.7118 87.7932 108.429 47.0204 4.10224 15.9414 29.2627 26.5363 54.1483 11.1524 12.0618 31.298 10.4808 0.0517863 4.58932 11.2849 0 0.773996 10.3124 
39.0055 52.6837 1.11178 9.21291 21.5262 10.1238 0.0230002 24.5003 7.86388 0.308234 40.6952 116.581 35.2492 3.693 19.2011 16.4272 1.05221 34.6197 24.3169 3.82923 43.5498 0.0696314 1.70441 0.7792 53.2082 4.03712 0 2.49234 
56.4252 56.0532 3.91212 31.6614 41.0842 21.9439 50.6066 123.788 97.4512 22.4926 0.0225696 176.351 34.305 8.92896 6.58177 0.264166 4.01306 39.9951 24.5151 1.64637 1.18992 2.66002 9.1976 0.12036 33.1764 17.9666 58.3872 0 
