0 479.454 145.868 439.228 185.013 457.936 264.429 0.00126846 572.548 142.133 117.448 197.957 86.419 41.6717 0.224453 0.00931638 522.855 4.49411 63.9935 147.423 240.196 28.2253 39.0903 53.1373 436.373 37.5966 36.6868 48.0187 
446.418 0 392.145 726.784 512.487 594.366 471.022 223.002 831.146 241.461 56.564 123.679 7.03252 66.6126 20.2524 62.1416 482.423 414.266 0.240781 64.0497 132.644 45.9747 55.0946 0.449071 483.447 0.265967 54.4838 46.4127 
2.49606 83.4925 0 298.42 172.478 53.1367 15.678 261.404 215.207 76.4205 9.18934 184.618 31.3916 0.323542 23.1584 15.7731 45.7368 51.7156 61.3916 0.927824 5.15369 1.31265 10.9793 14.4914 26.3533 26.1981 1.00272 0.139256 
426.219 512.284 307.082 0 59.089 450.894 78.2291 381.292 531.369 8.22158 199.271 93.6207 67.8308 8.09564 33.2678 42.9724 450.872 131.591 59.8889 10.5229 374.131 0.017309 5.20984 26.1431 425.691 44.1871 26.3345 0.139206 
19.5793 390.189 118.961 95.9029 0 255.261 166.323 212.22 298.69 322.216 134.518 150.407 80.9578 51.7878 91.134 55.3843 1.01517 104.891 33.23 0.0740974 44.039 42.656 53.4571 55.3089 47.5713 39.7724 5.62669 24.5463 
511.412 609.53 62.6715 425.139 618.831 0 779.604 76.9144 607.187 587.225 266.075 137.091 243.952 21.9614 21.2435 5.16557 472.866 13.3949 28.528 2.62424 66.5087 1.22052 9.54264 17.9148 426.797 1.06002 1.61886 19.3658 
246.064 457.871 226.861 49.0265 424.449 875.345 0 4.50645 1307.02 109.643 188.476 185.301 148.107 86.4007 111.831 103.324 13.6182 176.943 3.26582 85.2024 39.0384 50.1907 72.3739 1.88854 49.0202 87.0426 7.95715 64.975 
302.606 203.687 47.3921 434.827 216.09 90.9164 1.14327 0 4.98472 26.2935 42.0535 4.50127 70.8242 123.018 179.147 197.628 39.8015 181.542 16.9924 103.543 180.337 53.9311 67.8651 85.3559 99.9373 12.4403 0.017778 14.4696 
479.81 520.767 25.0686 675.831 25.4073 463.321 780.122 603.773 0 278.5 1455.07 92.9316 143.147 27.6989 103.119 115.556 460.56 179.471 0.369806 63.4142 166.294 69.4201 25.753 0.277123 439.591 73.1695 68.1713 99.0485 
0.679063 241.345 50.4863 106.623 63.2619 110.656 394.277 45.9106 386.718 0 463.87 173.421 176.881 62.9348 0.126062 90.1971 68.8404 146.612 10.7261 5.00278 28.8941 7.26161 13.493 20.2345 71.1063 13.4349 43.5753 17.2803 
185.097 13.5118 240.886 41.9688 259.035 180.074 302.907 354.346 411.907 263.151 0 239.7 127.691 113.943 396.502 76.7873 95.5299 166.804 97.9884 63.9803 1.56996 63.5745 2.20364 36.4745 129.876 68.9807 2.60616 53.3457 
89.9994 102.1 19.4608 0.524979 20.1769 70.8742 1.26541 177.582 308.338 170.401 512.94 0 7.18088 2.19495 267.485 437.129 23.6792 83.1478 71.4631 15.8201 6.10148 54.6652 50.1178 22.8985 175.815 176.332 3.16178 46.8535 
15.088 11.1479 71.5024 66.5134 132.053 133.522 183.804 82.8663 101.393 109.413 2.97253 118.614 0 39.2467 119.341 4.70872 62.8506 21.7586 53.2895 40.9302 5.54532 84.7669 78.7294 45.4545 51.47 35.4957 38.8555 15.4765 
33.1567 5.60754 6.00443 18.2857 0.44394 21.4031 6.08117 28.3698 26.4641 34.5255 1.16682 165.185 153.63 0 0.0635791 15.846 14.1343 9.21699 5.32891 0.409841 33.9052 0.385627 5.13889 9.49657 14.1653 4.54882 7.63221 11.7529 
45.3725 76.2013 2.83394 30.595 31.474 25.5895 132.05 6.61405 227.045 129.615 350.718 144.993 108.398 16.191 0 0.301806 18.2397 0.761024 3.34652 11.7766 17.9227 4.6317 22.6936 27.9586 13.7646 24.8386 7.51389 0.0176446 
46.8497 14.2398 3.72722 27.0726 26.2182 8.59996 96.6488 139.487 25.8327 20.3797 74.1578 389.818 41.9531 14.734 20.7455 0 0.040728 0.523494 18.1325 3.19878 18.6779 9.21225 9.99546 26.5191 24.4322 27.6065 15.8581 1.72667 
465.417 540.4 1.48912 471.596 40.3017 474.523 66.0843 30.5009 432.503 70.3897 83.943 74.0634 47.2325 16.5525 7.48287 8.07174 0 133.197 305.81 4.75974 41.1204 1.14906 17.115 18.5712 435.498 23.3223 22.3881 0.235801 
199.215 67.8745 149.193 91.5936 234.083 123.392 198.161 167.813 219.341 146.314 68.3494 90.3613 104.696 5.8457 68.9054 40.8816 285.175 0 42.5964 65.8721 73.9423 18.2055 35.7629 0.117405 1.81866 52.2646 15.1432 42.7989 
113.563 105.781 26.1802 16.3359 36.6585 84.6285 37.7603 11.7329 83.0136 8.42655 60.6407 0.0579556 1.3955 27.4671 37.6902 28.6454 86.0788 66.2607 0 19.1909 66.8073 25.4303 8.64368 12.9825 29.9292 23.9395 17.1323 0.0502887 
32.0889 117.741 13.7687 10.2295 3.69021 8.55204 25.353 33.034 25.7424 44.0291 47.5384 0.398814 0.845652 4.16912 0.288815 1.06399 29.6776 72.4966 34.4927 0 160.915 0.462058 3.93234 6.32205 3.25322 1.2157 11.0048 5.95806 
23.2557 165.33 1.26739 159.384 78.2647 34.0634 21.9687 207.155 165.392 63.1343 139.105 160.747 76.4727 19.6551 36.3822 45.4828 15.6965 89.2621 50.5863 306.487 0 14.9198 28.9879 0.265094 16.763 0.289409 21.7383 22.4149 
39.3611 31.122 12.5075 14.076 13.2243 5.57292 48.696 3.27114 68.9125 55.463 0.398236 31.9503 71.631 9.82943 12.4214 11.7969 8.62106 32.0049 25.401 6.39217 0.00419541 0 4.06808 9.93813 7.11005 9.77976 0.0609328 3.70209 
40.183 56.2529 3.84326 3.19195 52.7803 6.40933 0.133993 100.783 51.6791 0.23911 80.1443 28.1124 71.6444 4.1555 21.1425 7.87081 18.1151 45.074 21.8171 4.02407 26.7149 4.16414 0 0.418196 14.5856 7.65688 7.79379 2.40291 
0.100443 50.6603 3.10279 25.3541 0.00966527 11.0605 51.5468 127.596 28.6404 9.22649 35.5248 91.6684 60.6518 10.3135 21.8283 1.17714 2.00192 46.882 18.4935 2.19799 6.04975 0.262423 20.8819 0 1.52793 8.63297 0.00282708 2.02214 
492.308 465.137 19.7247 439.648 36.8228 445.238 26.2601 177.581 544.878 71.515 75.9441 619.908 42.6655 15.428 11.3192 34.486 443.649 0.567021 0.547842 9.12153 46.4658 28.6024 7.61678 32.7458 0 87.844 93.7838 126.28 
24.4988 11.9432 16.0822 44.6795 70.6402 5.51048 86.2716 104.26 12.1671 16.1164 78.5275 158.674 48.1123 4.61392 17.608 30.6567 26.7085 53.0941 11.8014 12.0735 29.5059 10.5549 0.0136571 5.26519 10.5149 0 1.45488 15.4052 
39.9332 52.242 0.909594 8.55177 22.4428 9.68749 0.00078695 27.3032 9.10608 0.158252 38.3456 114.708 35.6889 3.44447 19.3825 16.811 0.920657 35.2601 24.3487 3.64305 43.3228 0.0377607 1.97122 0.531837 50.8775 2.86749 0 7.12317 
57.2408 54.9027 3.42669 31.1875 42.2169 22.1774 48.6194 120.226 98.2888 20.91 0.276474 175.41 35.1468 9.23014 5.85639 0.0958779 4.31276 39.1291 24.2357 1.48001 0.872322 2.82578 9.04078 0.214563 34.2793 12.5467 68.4005 0 
