0 323.118 192.847 63.2497 231.559 60.9407 240.847 13.5116 239.045 152.239 91.4047 218.022 94.4474 45.373 1.79127 1.00746 136.003 0.503497 49.7744 258.165 218.812 25.9512 41.6019 55.5979 62.974 28.5627 33.3907 43.5369 
255.548 0 460.826 273.42 370.501 149.211 298.581 169.956 407.016 226.147 98.9117 91.0449 16.9032 62.3306 11.3756 70.2268 82.4611 795.068 7.1217 91.1824 152.62 43.5404 53.0138 0.000184601 110.37 0.234019 53.8873 50.9688 
31.9996 11.7483 0 113.404 187.837 63.3418 0.863015 275.976 420.604 94.1836 0.691197 187.637 39.8602 1.14087 17.8882 12.2283 40.2643 84.2883 61.3907 0.021807 0.0950994 1.86513 11.6974 15.1918 27.6985 27.3266 0.455379 0.00531227 
91.9728 57.9429 37.6883 0 89.3472 59.8557 36.4986 395.074 254.97 1.82082 203.548 157.674 70.9926 10.583 28.9514 42.1755 65.5954 114.2 56.2219 18.8305 302.393 0.0158709 6.88363 24.9797 45.711 41.6579 27.113 0.956032 
58.0626 519.819 157.557 65.5078 0 85.5363 49.9256 221.772 227.065 329.235 90.3993 133.15 55.1323 57.6906 85.1998 61.7227 8.05401 145.445 104.73 2.33143 31.7824 38.7396 55.1641 56.213 42.1671 33.2287 7.64831 28.6384 
109.134 272.885 51.9377 47.8855 497.703 0 643.961 122.663 439.026 926.933 270.615 151.314 151.268 21.5243 14.3239 2.66501 88.1962 26.7928 44.2689 1.15545 60.5602 2.2519 11.1236 17.492 46.245 0.179156 0.940862 17.8373 
266.195 278.261 249.762 93.4339 424.818 176.271 0 54.8838 560.82 316.875 340.992 132.779 182.433 76.5906 130.217 103.23 6.89173 207.578 13.5257 91.2406 54.1272 54.1654 72.0388 0.275844 38.4746 94.2744 11.2322 60.1348 
272.028 250.657 5.39211 179.913 222.833 48.1449 18.9536 0 141.112 7.53868 106.866 403.612 54.8419 114.531 159.787 247.406 31.819 178.709 25.7502 111.816 197.228 49.752 78.8249 105.58 61.8106 0.093033 0.799458 4.90346 
67.2218 244.958 207.063 195.81 82.9382 272.562 0.818038 390.316 0 171.339 1735.82 27.0016 169.481 48.0658 75.3815 135.09 71.5655 152.53 4.89553 75.4152 148.852 68.0821 37.0111 2.76617 51.2371 94.6512 63.2557 99.5268 
6.55722 237.476 70.9499 106.016 9.80277 468.473 186.203 78.8246 360.446 0 602.719 130.034 75.0501 73.3452 4.7416 91.6793 62.0488 144.175 22.5726 8.60936 21.2425 3.6601 19.7345 26.7478 71.5061 6.88451 45.3312 12.6804 
193.201 0.692105 230.698 77.9241 243.575 241.356 432.206 301.878 124.568 44.5855 0 94.2924 174.123 163.889 380.265 134.424 94.1917 158.792 85.3551 70.8538 6.23295 68.5662 10.5891 20.7984 113.561 41.1224 0.647267 40.8148 
125.879 70.3226 46.8602 21.8433 35.3936 96.0083 4.09178 764.674 375.12 207.909 435.829 0 16.8744 1.0471 268.639 475.697 18.1938 68.0314 63.5322 8.93636 0.9525 60.2256 68.9263 3.82931 97.1483 33.9904 0.184984 77.6883 
8.51973 3.43937 73.2576 61.6529 107.065 52.0698 149.831 98.6274 132.087 214.663 21.5613 133.762 0 83.8645 114.22 12.0496 64.1211 29.844 61.2465 39.2625 8.65284 89.5468 87.4626 53.6585 53.7815 30.5087 39.2288 12.4929 
37.6207 10.1701 4.09716 16.0641 0.0339353 20.1571 14.2249 45.1943 47.2289 21.9149 21.4877 153.213 129.097 0 16.8944 18.9704 12.8288 12.545 3.79292 0.614398 36.6031 1.0875 8.64488 10.3463 15.4472 2.97485 6.80603 11.9515 
38.1183 85.1447 0.606035 25.8112 42.8548 32.0568 141.363 0.0101568 214.188 133.454 407.207 68.2728 117.885 0.12466 0 35.1403 16.2257 0.0175052 5.45429 11.6454 13.6219 6.3797 17.9175 25.6494 18.3933 28.476 9.21382 0.458244 
36.9885 7.71052 6.61188 33.747 19.1691 12.0923 87.4885 66.8406 9.63188 33.8802 131.665 493.111 54.3457 9.20361 72.6662 0 0.0168076 0.00369132 15.8235 4.04096 24.4094 10.138 7.71554 18.2403 29.221 31.9296 17.1145 0.447644 
97.6228 178.034 0.120294 96.414 21.9945 90.1743 77.2218 23.1288 59.229 63.8275 88.5004 78.4106 42.7869 17.6711 9.30699 6.55189 0 58.9504 291.5 2.96788 45.8366 0.713324 16.4473 19.2588 57.6583 24.4604 22.4416 0.0514279 
162.626 28.5124 125.502 113.597 233.521 118.152 222.114 154.302 216.257 145.743 87.4478 75.3074 106.105 3.52057 67.8725 35.8283 250.184 0 24.4852 56.3074 62.1024 15.8592 33.27 0.0169472 3.66186 48.3839 17.5249 40.1962 
116.55 132.276 18.4802 22.936 109.857 89.9351 59.9115 5.81705 102.688 1.81931 46.9092 0.362422 0.0723765 27.1783 38.3993 29.631 36.8987 45.1647 0 15.9206 63.4333 25.4097 7.2413 11.4896 30.5101 22.0737 15.9954 0.00560854 
1.16166 94.1555 9.52385 18.4828 0.451762 6.00036 15.3861 20.2805 15.805 48.3108 39.2359 2.82551 0.180282 4.37662 0.643914 1.66734 31.3972 63.8613 32.7242 0 23.0067 0.308034 4.02407 6.35769 2.37455 0.664962 11.0126 5.17759 
3.05038 175.579 0.720604 112.454 64.7488 26.4253 34.7593 199.12 147.699 54.4641 145.444 166.768 77.5788 16.4427 31.6103 50.6191 19.9939 78.1367 55.4982 316.666 0 16.5181 31.2479 3.71785e-05 12.4323 0.0354652 24.3852 26.0539 
39.9876 27.5829 12.3007 14.8129 9.75162 3.99383 52.8657 1.473 67.2185 58.5885 1.93783 38.3514 59.187 10.5284 10.6321 11.9571 9.68185 29.8835 25.1823 6.3692 0.118215 0 1.79746 11.5882 9.73306 9.29601 0.000520054 3.13347 
37.4508 54.7594 4.99796 1.97047 50.1991 4.8575 1.57774 102.178 63.797 0.170254 59.3205 45.1427 82.8805 7.96231 24.5392 5.35268 18.5272 44.9025 22.4133 4.08522 29.1195 1.86777 0 7.29762 18.3285 8.60298 6.5456 1.73185 
0.139339 54.5006 1.9361 23.7327 0.479626 12.6934 57.7084 136.461 18.9382 4.96307 53.5294 53.0292 65.958 9.38047 26.1253 8.00272 2.72576 47.8208 17.1913 2.63899 8.64182 2.73589e-05 16.456 0 1.52542 10.9735 0.20098 1.13777 
107.584 77.986 16.5214 54.9772 31.1014 62.9901 36.256 192.027 171.762 71.0825 97.6263 341.451 38.2419 16.2666 15.9072 83.6501 62.6326 1.75777 1.21024 10.1267 41.9677 58.8502 5.76281 41.4107 0 53.3607 89.7054 76.8599 
33.3115 19.002 12.3987 43.5009 70.5724 8.28806 76.3279 162.197 26.9912 24.7171 49.6788 321.347 51.151 6.33126 22.7054 32.8491 27.1271 49.3352 13.9292 11.9943 23.8134 10.726 0.0574094 7.5768 8.99033 0 4.96453 35.0644 
42.7304 50.5321 0.392504 6.52665 25.406 8.29308 0.366789 36.8954 13.6188 0.0120022 30.9178 106.586 36.9468 2.68108 19.778 17.8426 0.555097 37.215 24.3711 3.06128 42.3952 0.000889334 2.93269 0.0530334 42.2801 0.420563 0 34.3773 
59.3488 50.8229 2.05315 29.2442 45.6644 22.7218 41.9927 106.173 99.5969 16.0145 2.98341 164.791 37.6766 10.1182 3.73477 0.122336 5.33265 36.2023 23.2441 0.99783 0.181968 3.37933 8.46801 0.695214 37.2747 1.20479 90.4165 0 
