0 572.741 208.717 197.375 267.127 11.631 178.967 72.7631 252.979 156.619 56.2769 228.646 103.043 49.5715 6.33228 6.28195 87.2861 21.0414 31.0133 216.415 164.378 22.6558 44.3822 57.5512 37.2916 17.0786 28.5698 36.7038 
541.455 0 143.602 88.881 97.6168 34.5586 50.0373 92.3349 241.105 177.472 163.73 49.1477 36.3829 54.542 2.95679 78.9183 24.3581 1136.58 30.9509 123.203 172.036 39.6027 49.0184 0.929089 82.0903 3.46963 52.2678 56.4627 
109.667 327.248 0 95.6932 175.374 65.9085 55.9768 224.61 420.018 110.606 36.8439 168.745 51.2713 3.00609 10.5279 7.38638 31.5783 127.728 57.9752 0.978427 5.87933 2.76132 12.3603 15.6551 28.3086 27.2761 0.0459296 0.478578 
246.785 37.0804 294.735 0 128.874 13.1978 2.68518 709.545 326.7 0.650297 184.263 232.434 72.9739 14.1 21.91 37.1165 22.6985 82.9935 49.0341 31.3541 355.371 0.233684 9.36376 22.3572 12.138 35.0501 27.592 3.23892 
131.855 453.514 187.022 27.8302 0 95.0518 4.43107 219.416 113.662 259.226 37.8118 105.373 24.6863 64.3197 73.269 68.8026 27.7922 195.422 223.27 10.4096 17.2297 32.915 56.3342 56.3017 34.2813 24.2916 10.865 34.3117 
43.0664 239.173 30.6545 22.7839 323.37 0 406.276 179.983 459.914 413.702 213.672 158.936 137.424 19.7447 6.07761 0.484933 44.3537 50.269 65.9445 0.0865986 50.8371 4.12139 13.1206 16.3923 10.2287 0.183463 0.293385 15.4124 
256.393 38.7144 204.698 155.99 294.656 764.578 0 190.419 278.485 506.653 478.429 63.4409 213.258 59.4905 142.27 96.3151 1.2009 231.923 37.5706 94.772 76.4545 58.6116 68.9638 0.44034 24.571 99.2657 16.4721 52.1045 
196.36 289.536 18.1375 24.4811 216.472 7.96077 127.627 0 484.998 0.462067 219.641 1028.07 34.2845 95.5745 116.574 251.375 21.5918 166.578 39.9144 117.272 207.841 43.3758 91.3284 127.371 19.2201 30.8444 5.3187 0.00417554 
10.5541 349.491 460.511 38.6869 193.255 475.321 1107.14 68.7999 0 41.0038 549.343 2.02243 195.613 78.9626 120.789 150.684 24.7301 109.699 19.1676 89.9307 118.765 64.9401 53.8751 10.2792 10.3053 120.509 55.4163 96.636 
23.8844 201.308 95.954 97.4395 15.2042 313.17 1.5846 129.77 241.068 0 433.3 69.4747 0.708333 82.3986 30.27 85.8351 51.404 133.775 44.0725 14.8667 12.1319 0.627646 29.2855 36.0273 69.0417 1.22486 46.9983 7.19814 
192.981 9.92177 173.467 132.711 200.844 273.441 482.119 194.966 237.942 69.1409 0 0.0890971 226.657 208.225 169.402 203.092 90.37 141.638 66.3011 78.6808 17.4776 74.0448 31.0887 5.49906 85.0777 11.9058 0.109991 24.7688 
173.16 32.5211 95.7057 92.9264 61.3979 127.708 39.2293 930.174 401.703 240.92 231.923 0 35.9669 19.5831 200.214 157.071 11.5043 47.641 51.9216 2.43115 1.25726 66.9103 93.9631 4.4067 16.878 35.6549 2.11013 122.008 
2.34312 0.0646393 72.4581 53.1889 70.1639 69.5378 94.7418 118.476 169.804 320.35 70.821 149.756 0 139.43 93.6567 26.5046 64.7066 42.2613 71.0625 36.2771 13.9417 89.1386 91.1248 62.9468 55.6459 23.4404 39.2709 8.6947 
43.2667 18.2649 1.90452 12.6423 1.8577 17.4164 29.8197 70.8539 80.0868 7.99545 82.1525 119.871 68.9843 0 59.2448 17.8964 10.9725 17.7257 2.03716 0.955236 39.8494 2.55427 9.05857 9.79782 16.4668 1.22574 5.61624 11.8735 
27.9303 93.6817 0.258738 18.5019 59.0124 38.8504 138.599 14.376 162.319 117.944 256.169 3.68508 116.249 35.2326 0 89.5868 13.3951 0.806849 9.05992 11.2272 8.37283 8.97822 9.51525 18.8567 24.3618 30.882 11.605 2.01198 
23.7191 1.76972 11.3681 40.5138 10.6957 17.0809 70.1945 4.22434 0.0451948 54.4253 201.299 219.171 69.5794 2.20213 75.4507 0 0.347845 0.742062 12.6016 5.25025 32.7745 11.1501 4.23027 4.97245 32.8792 31.9453 18.3362 0.0611021 
78.3454 158.022 0.764381 65.2678 4.90996 46.6092 90.9445 14.1487 34.8872 53.3891 93.0934 83.2075 36.2343 19.0633 12.0133 4.62388 0 1.92616 482.284 1.13362 51.9859 0.275289 15.3915 20.0405 24.4698 25.759 22.358 0.0180433 
103.027 194.077 81.6202 136.384 210.129 102.85 234.514 129.722 197.54 137.758 113.665 54.5263 105.277 1.22029 64.6823 28.5918 152.051 0 6.67825 41.9456 45.7024 12.7127 29.5049 0.61908 7.19079 42.246 20.9336 36.179 
114.962 160.12 9.25594 32.7673 227.913 87.9351 93.1804 0.931664 127.006 0.727346 29.2985 3.12124 1.00643 26.2724 38.4334 30.4506 38.1701 20.3773 0 11.5171 57.7163 25.074 5.41145 9.42958 30.8855 19.2637 14.3523 0.240727 
37.9997 56.5157 4.39098 31.0129 1.16693 3.0146 5.15178 7.0184 5.55947 52.9325 27.992 9.65155 0.0717269 4.60157 1.35189 2.67311 33.1172 50.0753 29.5076 0 58.8437 0.143693 4.10063 6.29933 1.3447 0.165021 10.903 4.11205 
6.89057 178.689 12.539 80.981 46.1508 16.6914 55.5221 175.232 117.394 42.2068 149.243 167.727 77.8698 12.2 24.8812 56.5614 26.4406 61.7415 61.5769 121.949 0 18.7381 34.0686 0.53379 7.26127 1.42874 28.008 31.087 
40.3857 22.6172 11.8392 15.6689 5.65593 2.15276 57.6428 0.14084 63.6164 60.8784 5.91871 47.2206 39.9312 10.9092 8.01786 11.7925 11.1719 26.7516 24.5769 6.28269 0.533977 0 0.104275 13.2908 13.4783 8.49722 0.0835236 2.39087 
33.1204 51.4989 6.67532 0.724702 45.6456 2.93179 6.09951 99.2849 79.317 2.74137 31.9849 71.187 90.8652 9.44916 24.5716 2.17568 18.9329 44.0298 22.9468 4.11774 32.2011 0.122852 0 19.549 22.0543 9.63531 4.82926 0.951873 
1.76263 58.6426 0.727933 20.5868 2.28502 14.7297 64.7654 137.637 8.22856 1.11848 79.8216 12.7152 69.9178 6.74841 28.0902 21.6522 3.88584 48.3998 15.2491 3.26916 12.8136 0.5231 3.31189 0 12.0071 13.8394 1.28855 0.308533 
63.0929 32.3129 11.8842 13.8235 23.3019 23.4353 50.9008 186.78 137.804 67.5047 123.669 552.31 31.5831 16.5899 22.1762 28.9859 24.9175 4.4524 2.53727 11.3871 35.1915 74.123 5.57188 36.0976 0 28.408 147.632 126.265 
46.0437 30.5515 7.49176 38.4439 68.4802 12.621 59.6698 221.441 54.1624 38.0157 17.3262 391.834 54.0307 8.7167 28.2414 29.6653 27.3571 43.3249 16.9278 11.5928 16.3586 10.7892 0.532816 10.8569 9.49803 0 12.4872 58.5811 
46.0682 47.467 0.0273945 4.04785 29.5012 6.41613 1.96932 51.0878 21.0238 0.662852 21.2538 90.7679 38.2729 1.73652 19.8362 18.7046 0.197151 39.6333 24.1999 2.30681 40.6258 0.116566 4.48103 0.218848 30.3561 0.690677 0 79.0283 
60.8904 44.3532 0.689168 25.6178 49.8588 22.9335 32.5219 81.8141 97.8483 9.93829 11.2766 133.472 40.6685 11.1028 1.47504 1.57197 6.87578 31.8459 21.6496 0.474093 0.079928 4.19003 7.52189 1.78293 38.9095 5.93036 81.8982 0 
