0 591.015 208.162 218.127 267.528 26.1895 176.825 75.035 268.789 156.569 55.3161 228.63 103.242 49.6749 6.50283 6.49871 101.603 22.0596 30.5039 214.515 162.501 22.5583 44.4496 57.5812 52.3373 16.7738 28.4268 36.4976 
561.983 0 133.275 99.731 91.1684 47.6695 45.2922 90.2044 251.44 175.7 165.587 48.0512 37.031 54.2886 2.79013 79.1183 38.581 916.412 31.8538 123.951 172.427 39.4797 48.8847 0.982926 97.0093 3.61897 52.2073 56.6054 
112.154 337.631 0 105.431 174.442 65.7604 58.6335 222.074 413.921 110.9 38.6202 167.829 51.5866 3.07132 10.3257 7.25382 31.3146 128.834 57.8192 1.04416 6.26497 2.78938 12.3733 15.6593 28.3036 27.246 0.0403359 0.503667 
267.104 54.4137 315.803 0 129.885 27.7322 2.26679 98.2116 343.126 0.755387 183.299 234.027 72.9877 14.2005 21.6953 36.9088 37.2434 82.0187 48.7944 31.7055 676.457 0.243815 9.43716 22.2656 26.9813 34.8138 27.5951 3.32383 
134.146 447.439 187.326 26.9055 0 99.8421 5.63977 219.073 110.533 256.085 36.5432 104.524 23.9438 64.4802 72.8691 68.9732 28.5133 196.66 226.373 10.723 16.8604 32.7411 56.3467 56.2838 34.0492 24.0394 10.9649 34.4745 
57.0036 252.883 30.0042 37.9352 411.577 0 214.001 181.355 470.374 162.406 211.139 158.928 298.46 19.6742 5.87803 0.44701 58.8414 51.0032 66.5244 0.073618 50.5354 4.1824 13.1738 16.352 24.9743 0.205289 0.279928 15.3378 
255.454 34.5084 202.242 157.594 289.329 797.704 0 194.893 316.584 507.693 480.031 61.6547 213.781 58.9542 142.35 96.0031 1.10413 232.256 38.4061 94.7847 77.109 58.7199 68.8307 0.487382 24.1925 99.3156 16.6348 51.8527 
193.794 290.093 19.7611 17.6045 216.017 7.26825 131.795 0 494.271 0.608211 222.952 1029.74 33.7322 94.9235 115.138 250.249 21.3142 166.092 40.3525 117.318 207.907 43.1826 91.6318 127.855 18.2865 32.4841 5.50748 0.0172554 
25.1752 367.536 463.391 51.0908 196.606 492.536 1138.74 62.4983 0 38.2935 618.616 2.61174 196.147 79.8483 130.497 150.901 39.1836 108.418 19.708 90.3011 117.82 64.8274 54.371 10.5627 25.0192 121.149 55.1741 96.4914 
24.5277 199.803 96.5643 97.0656 16.8125 299.294 0.755531 131.25 236.724 0 423.372 67.8444 0.364183 82.5498 31.2748 85.5346 51.0799 133.359 44.7578 15.0665 11.8984 0.576441 29.5702 36.2936 68.9189 1.12737 47.0326 7.05771 
192.771 10.6547 171.259 134.248 199.307 273.224 480.754 191.599 259.802 76.2421 0 0.000231782 227.844 208.865 162.323 204.57 90.226 141.047 65.7354 78.8733 17.8806 74.1758 31.8086 5.19178 84.1901 11.29 0.133037 24.3406 
174.41 31.5895 97.1933 95.4503 62.2159 128.518 40.728 914.58 401.161 241.463 225.513 0 36.6036 20.4364 197.321 146.815 11.3284 47.0725 51.579 2.30095 1.39754 67.0833 94.6344 4.91183 22.8927 39.7316 2.2713 123.221 
2.2194 0.0997605 72.3784 52.9186 69.1077 68.8389 93.1249 119.002 170.755 321.882 72.5575 150.117 0 140.585 92.8705 26.979 64.7027 42.6366 71.3196 36.1797 14.1109 89.0018 91.0721 63.1693 55.6754 23.2363 39.2637 8.59165 
43.4183 18.5256 1.85113 12.5396 1.95161 17.322 30.3286 71.6029 81.0513 7.67888 84.2526 118.687 67.1169 0 59.8162 17.7703 10.9182 17.8841 1.99339 0.966037 39.9339 2.60392 8.97533 9.75233 16.4819 1.18475 5.58136 11.8651 
27.6394 93.8521 0.298219 18.2865 59.472 38.9957 138.244 15.1792 160.387 117.166 249.169 2.97526 115.939 36.6751 0 89.6826 13.313 0.861444 9.17485 11.2111 8.23535 9.05478 9.27312 18.6172 24.5183 30.8996 11.6739 2.07243 
23.3543 1.65761 11.5131 40.6522 10.4784 17.2224 69.6338 3.48566 0.0162309 55.0179 202.822 208.151 69.9643 2.05509 73.77 0 0.363757 0.788864 12.5089 5.28545 33.0198 11.174 4.13307 4.66595 32.922 31.836 18.3617 0.0750245 
93.5468 173.046 0.827481 80.1059 4.58747 61.1017 91.3024 13.9137 49.9927 53.069 93.1945 83.3235 36.0395 19.1007 12.0942 4.57156 0 1.43242 567.942 1.09261 52.1555 0.26555 15.3588 20.06 39.2802 25.7915 22.3528 0.0209792 
101.275 194.852 80.2716 136.865 209.092 102.285 234.476 128.928 196.766 137.407 114.4 53.9381 105.204 1.17062 64.5603 28.381 148.806 0 6.31667 41.5226 45.2364 12.6239 29.3911 0.649443 7.30908 42.0571 21.0338 36.0562 
114.816 160.717 9.02428 33.0563 230.952 87.7133 94.1397 0.851394 127.632 0.840707 28.826 3.24115 1.08178 26.2376 38.4177 30.4645 38.3419 19.7724 0 11.3939 57.5342 25.059 5.36078 9.37042 30.8887 19.1791 14.3037 0.252731 
40.2999 55.4292 4.26381 31.3659 1.27928 2.94029 4.92956 6.7267 5.33399 53.0406 27.6772 9.90565 0.0829313 4.60693 1.37596 2.70476 33.1546 49.6559 29.4024 0 64.1071 0.139808 4.10194 6.29576 1.31852 0.155388 10.8977 4.08173 
7.56745 178.578 13.0832 82.6362 45.6263 16.4305 56.1613 174.344 116.445 41.8528 149.262 167.623 77.8564 12.0819 24.6869 56.7096 26.6344 61.2583 61.7384 115.453 0 18.8023 34.1443 0.564962 7.12811 1.49918 28.1116 31.2313 
40.3889 22.4734 11.8229 15.6907 5.55123 2.10645 57.7617 0.123033 63.4911 60.9071 6.06488 47.4739 39.3672 10.9094 7.94158 11.781 11.2153 26.6579 24.5541 6.27924 0.550517 0 0.0855919 13.3277 13.5851 8.47204 0.0888424 2.37026 
32.9867 51.3847 6.72435 0.697138 45.4982 2.8811 6.27203 99.1182 79.7302 2.86092 31.2636 71.9479 90.9444 9.39659 24.4866 2.09811 18.9417 43.9935 22.9571 4.11776 32.2853 0.102515 0 19.745 22.128 9.65952 4.78066 0.932211 
1.83657 58.74 0.700898 20.4823 2.35705 14.7836 64.9394 137.471 7.97532 1.0465 80.5703 11.9112 69.9682 6.65683 28.0679 22.0128 3.92206 48.4037 15.1908 3.28758 12.9434 0.553382 3.01413 0 12.4502 13.912 1.33355 0.291997 
77.5509 46.7752 11.7504 28.4368 23.0814 38.0597 51.3271 186.185 152.461 67.3513 124.313 908.325 31.3839 16.5841 22.3474 27.8908 39.5952 4.54801 2.58261 11.4208 34.9884 77.1356 5.61318 35.0719 0 31.9535 134.027 132.975 
46.4111 30.909 7.35875 38.2444 68.3854 12.7516 59.1544 222.513 55.0257 38.4119 16.5945 389.781 54.0892 8.78317 28.3634 29.4716 27.3575 43.1389 17.0148 11.5762 16.154 10.788 0.553569 10.949 9.55902 0 12.738 59.0222 
46.1546 47.3666 0.0231139 3.98274 29.6189 6.3632 2.03456 51.5057 21.2559 0.696521 20.9893 90.244 38.3038 1.71145 19.8292 18.719 0.189411 39.6979 24.1914 2.28596 40.5663 0.122826 4.52889 0.238181 30.0454 0.763633 0 80.0181 
60.9101 44.1538 0.659888 25.4988 49.9689 22.93 32.2472 81.0532 97.7358 9.77769 11.5904 132.336 40.7454 11.1265 1.42337 1.63733 6.92261 31.7153 21.5997 0.46158 0.0920404 4.21416 7.49215 1.82125 38.8985 6.42205 80.9705 0 
