0 928.294 199.911 596.599 269.409 347.821 155.582 98.115 600.544 155.568 46.3106 227.508 105.012 50.6148 8.2544 8.76379 420.132 32.9717 25.7296 208.124 143.867 21.6137 45.0585 57.7906 378.036 13.9348 27.0413 34.4921 
922.595 0 48.9726 388.828 38.8017 357.372 11.1171 70.4034 531.337 157.872 183.141 37.9403 43.483 51.7747 1.42307 80.8823 356.758 1075.21 41.0693 130.484 175.656 38.2689 47.5451 1.57982 421.339 5.2157 51.5849 57.9288 
135.799 422.755 0 203.006 163.98 63.6993 86.2391 195.441 342.167 113.136 57.4106 158.06 54.5634 3.7285 8.4337 6.01196 28.7535 138.826 56.1597 1.78313 10.576 3.06575 12.4795 15.6721 28.1877 26.8735 0.00497242 0.778163 
638.426 407.306 357.063 0 139.055 348.84 0.0459186 618.776 676.789 2.17089 172.956 247.147 72.9907 15.1607 19.612 34.7536 358.13 72.5368 46.4034 34.9977 146.132 0.352637 10.1471 21.3401 350.81 32.4318 27.5935 4.19398 
156.206 380.283 188.498 18.647 0 129.567 24.5556 214.986 81.713 223.608 25.2526 96.2591 17.2753 65.928 68.8782 70.5074 35.8369 207.784 253.931 13.9553 13.4705 31.0527 56.4026 56.0506 31.8053 21.6376 11.9475 36.0376 
372.331 562.739 23.8226 364.86 242.721 0 610.923 193.403 736.933 320.255 184.959 158.174 594.169 18.9441 4.09824 0.1594 379.092 58.1662 71.8837 0.00242784 47.5796 4.78887 13.6713 15.9397 347.79 0.47841 0.165946 14.6072 
244.63 6.01046 176.2 172.007 235.9 961.403 0 238.075 738.701 502.103 487.206 45.4022 217.628 53.7109 142.308 92.691 0.377281 234.304 46.7829 94.6413 83.4065 59.701 67.423 1.06365 20.6336 99.5123 18.2312 49.3755 
168.489 293.655 38.6151 12.5577 210.867 2.1704 173.586 0 574.113 3.04549 254.214 981.681 28.5627 88.4129 101.017 236.043 18.7006 161.039 44.6413 117.419 207.814 41.2989 94.3646 132.029 10.372 50.0519 7.48959 0.602651 
348.229 718.605 472.323 356.173 228.459 821.232 1305.78 16.4485 0 16.5604 1170.39 12.1159 200.568 88.2561 217.109 152.255 359.256 96.0656 25.2518 93.7004 108.565 63.6794 59.1411 13.4745 347.86 126.92 52.799 94.9237 
31.0936 184.211 102.014 93.1277 36.16 173.668 8.3754 145.345 193.899 0 321.293 52.7616 2.8863 83.6583 41.5213 82.2838 47.9208 129.037 51.4849 17.0401 9.74459 0.19312 32.322 38.8397 67.5892 0.39188 47.322 5.76295 
190.165 19.0066 148.976 148.634 183.806 267.687 459.525 159.15 455.423 158.536 0 7.39251 238.086 212.877 97.8736 216.774 88.7429 135.108 60.2686 80.621 21.9767 75.3538 39.0397 2.66407 75.5451 6.13865 0.468439 20.3442 
185.951 23.1879 111.48 120.419 70.2414 135.91 56.3654 720.122 392.111 245.377 165.213 0 42.9535 29.4601 167.857 61.035 9.68917 41.6777 48.2662 1.22384 3.13094 68.6859 100.875 11.1444 90.0707 88.3497 4.12666 134.505 
1.19357 0.829592 71.4474 50.2494 59.0745 51.4057 77.7367 123.892 179.397 331.056 89.9242 153.274 0 149.791 84.8684 31.6678 64.6039 46.291 73.7094 35.2101 15.7863 87.3272 90.0977 65.1589 55.8876 21.2784 39.1704 7.61988 
44.8399 21.1038 1.37016 11.5445 2.97473 16.3741 35.358 78.7666 90.2626 4.92355 104.897 106.829 49.5606 0 61.9147 16.317 10.3938 19.4324 1.59314 1.07271 40.7186 3.09979 7.9379 9.23589 16.5835 0.82155 5.24446 11.7657 
24.8584 95.2562 0.821647 16.2175 63.8467 40.2242 134.046 23.9392 140.995 108.858 179.949 0.0275716 112.217 49.5061 0 84.8875 12.523 1.47949 10.311 11.0441 6.95625 9.79282 7.0146 16.2367 25.9626 30.9115 12.3347 2.69785 
19.9194 0.760532 12.9175 41.7949 8.47742 18.5681 64.1061 0.00140219 0.483924 60.6502 215.495 108.982 73.4665 0.877251 54.4742 0 0.535728 1.31355 11.6186 5.6243 35.3832 11.3881 3.22672 2.1462 33.1375 30.4811 18.577 0.282572 
420.645 497.962 1.56355 403.665 2.02396 381.389 94.6171 11.7303 376.33 49.941 94.0727 84.3723 34.1509 19.4513 12.8806 4.07808 0 0.428016 564.875 0.734338 53.7639 0.180361 15.0367 20.2392 362.669 26.0892 22.2947 0.0607473 
84.5875 219.048 67.3013 140.904 198.17 96.537 232.929 121.081 188.684 133.689 121.369 48.3316 104.363 0.742861 63.3013 26.3505 117.548 0 3.32503 37.4511 40.7891 11.7743 28.2822 0.979448 8.49498 40.2069 22.0037 34.8552 
113.121 165.764 6.91475 35.8393 257.76 85.1191 103.27 0.26105 133.391 2.35343 24.405 4.51287 1.94801 25.8768 38.2171 30.569 39.6245 14.337 0 10.2221 55.7329 24.8982 4.87993 8.80232 30.8975 18.355 13.8318 0.383521 
65.0146 45.1614 3.1163 34.6779 2.62512 2.26421 3.02371 4.21245 3.38614 54.0014 24.6843 12.5103 0.232992 4.65512 1.61796 3.01637 33.4786 45.5796 28.3561 0 122.35 0.104962 4.11195 6.25586 1.07755 0.0770796 10.8407 3.79122 
15.6588 176.92 18.8523 82.7232 40.6347 13.9884 62.3991 165.293 107.161 38.4568 149.183 166.239 77.6621 10.9601 22.8198 58.0615 28.5188 56.5939 63.2478 58.5265 0 19.421 34.855 0.910951 5.89725 2.26486 29.1052 32.6158 
40.3953 21.0904 11.6567 15.891 4.58424 1.6821 58.8467 0.0129032 62.224 61.0718 7.56101 49.8998 33.9788 10.8788 7.20853 11.6508 11.634 25.7467 24.3197 6.24311 0.723074 0 2.27264e-06 13.6429 14.6031 8.22347 0.148642 2.17439 
31.6768 50.2287 7.19655 0.457408 44.035 2.40971 8.04982 97.2765 83.5792 4.13984 24.6049 79.2226 91.2425 8.62513 23.4303 1.40925 19.0179 43.6121 23.0399 4.11522 33.0815 0.000689066 0 20.8452 22.7242 9.87469 4.31682 0.751811 
2.62616 59.6096 0.465056 19.4417 3.10758 15.286 66.5194 135.29 5.71761 0.472804 87.675 5.43457 70.259 5.75109 27.6187 25.1561 4.27876 48.4039 14.6229 3.46539 14.2184 0.887602 0.803921 0 16.9759 14.5734 1.80492 0.155267 
397.483 366.861 10.4701 350.039 20.9777 359.658 55.4177 179.237 473.988 65.7322 130.126 79.2555 29.4507 16.4832 23.949 29.4406 361.703 5.51994 3.03964 11.7372 33.0145 77.6252 6.15132 23.7369 0 93.2388 30.1192 80.2193 
49.9287 34.4033 6.11444 36.1872 67.3737 14.0162 54.1231 230.542 63.4864 42.2324 10.269 358.503 54.578 9.41086 29.4064 27.3514 27.3438 41.3146 17.8524 11.402 14.2208 10.7669 0.773172 11.8195 10.2769 0 15.2189 62.2915 
46.9561 46.3666 0.000469849 3.37657 30.7506 5.85788 2.71754 55.538 23.5393 1.06437 18.4918 85.0328 38.5789 1.47694 19.7367 18.8263 0.122544 40.3048 24.0991 2.08818 39.9692 0.191678 4.99784 0.466632 27.2011 1.65113 0 87.8804 
61.0262 42.201 0.408921 24.3149 50.9953 22.8677 29.6076 73.6187 96.4745 8.28043 14.8155 120.888 41.4559 11.3395 0.969168 2.33096 7.38 30.4449 21.109 0.348969 0.252848 4.44856 7.19938 2.20924 38.6027 12.0142 70.5149 0 
