0 1015.86 195.034 709.648 269.123 439.882 146.59 108.159 695.719 154.881 42.7441 226.536 105.658 50.9716 9.03217 9.78757 510.503 38.0228 23.8388 210.449 135.971 21.2219 45.2879 57.8346 471.432 12.8205 26.4665 33.6566 
1020.2 0 24.9237 469.557 23.1189 445.681 3.6185 62.6986 605.926 150.196 190.15 34.0342 46.2425 50.7028 0.988925 81.5199 447.283 1070.47 45.119 132.797 176.692 37.7571 46.967 1.86693 514.095 5.95571 51.3076 58.4461 
145.193 447.265 0 238.001 158.935 62.5239 98.4356 183.498 307.278 113.737 65.9388 153.567 55.7537 4.01369 7.68821 5.52114 27.6902 142.548 55.3945 2.14233 12.6576 3.18271 12.5131 15.6628 28.1046 26.6766 0.000274512 0.908483 
747.07 514.298 313.144 0 142.503 440.532 0.103135 598.628 770.541 2.96553 168.175 251.296 72.9231 15.5508 18.7491 33.7892 449.555 68.6064 45.3781 36.2942 315.805 0.403391 10.4404 20.9377 443.48 31.3987 27.5759 4.57929 
165.199 348.975 188.045 15.6158 0 136.302 36.0302 212.893 70.674 209.278 21.125 92.8196 14.8004 66.4707 67.1667 71.0805 39.0386 211.912 263.831 15.3956 12.1664 30.3511 56.3919 55.9227 30.8791 20.6643 12.3624 36.6778 
461.642 648.127 21.3517 458.862 360.191 0 1144.38 197.694 799.199 131.773 173.407 157.503 387.308 18.6172 3.44551 0.0826135 470.211 61.1508 73.9546 0.00182052 46.3389 5.04818 13.8677 15.7576 440.007 0.624104 0.127383 14.3006 
239.268 1.02869 164.434 177.32 213.263 928.717 0 255.626 913.363 491.626 485.715 39.2663 218.569 51.5191 141.856 91.1702 0.187692 234.527 50.3907 94.4409 85.9896 60.0714 66.7779 1.36608 19.2195 99.442 18.9041 48.3305 
157.862 294.151 47.9466 41.9653 208.349 0.928769 191.4 0 600.841 4.59098 266.612 929.68 26.5192 85.6151 95.0963 228.514 17.6576 158.766 46.4408 117.281 207.391 40.5116 95.3855 133.478 7.71398 58.131 8.39149 1.08688 
441.307 820.4 465.857 443.804 241.205 906.273 1291.76 5.90137 0 10.0893 1111.03 18.0144 201.998 91.6393 223.868 152.421 450.381 90.9955 27.7068 95.0068 104.685 63.1739 61.0968 14.7669 440.262 129.076 51.8002 94.1867 
33.9819 177.27 104.013 91.3344 46.0394 131.353 19.6572 151.029 176.049 0 277.656 46.9224 6.99999 83.9273 45.9994 80.7631 46.6026 127.096 54.3108 17.877 8.90951 0.0941837 33.4571 39.8754 66.9651 0.198164 47.4191 5.26133 
188.784 23.1095 139.386 154.286 177.095 263.615 446.687 145.914 514.552 198.319 0 14.7529 241.637 213.363 74.4044 220.649 88.0819 132.535 58.0135 81.2827 23.7733 75.7935 42.1607 1.85781 71.9503 4.44658 0.666649 18.7715 
190.417 20.0476 117.293 130.911 73.6156 138.719 63.3953 623.223 386.392 246.277 141.654 0 45.6757 33.572 155.101 34.9527 9.04356 39.5046 46.8971 0.875626 4.04584 69.3111 103.313 14.4111 103.441 112.518 5.04926 138.905 
0.860491 1.33739 70.9781 49.118 55.0359 40.068 71.5449 125.81 182.665 331.785 97.3662 154.399 0 152.494 81.3712 33.6536 64.5306 47.8137 74.6447 34.7946 16.5001 86.451 89.4506 65.8941 55.9362 20.4773 39.119 7.23132 
45.404 22.1995 1.19043 11.1325 3.45805 15.9648 37.4889 81.6756 93.99 3.95124 113.505 101.746 42.6956 0 60.9184 15.6037 10.1772 20.0814 1.43983 1.11801 41.0261 3.31267 7.40248 8.98392 16.602 0.689396 5.10543 11.7152 
23.7276 95.7058 1.11219 15.3716 65.6149 40.6357 131.92 28.0576 132.685 105.041 151.667 0.901285 110.307 53.8401 0 80.0638 12.1981 1.78271 10.7936 10.9692 6.45431 10.0964 6.13577 15.2282 26.5209 30.8324 12.605 2.97756 
18.5514 0.489471 13.4979 42.1612 7.70341 19.1103 61.7706 0.520103 1.07234 62.9163 219.581 74.5581 74.7933 0.528268 45.5577 0 0.616369 1.56875 11.2539 5.76347 36.3555 11.4672 2.87279 1.36578 33.1209 29.7694 18.6495 0.406771 
514.564 590.732 1.93397 496.109 1.26224 472.519 95.9091 10.8739 470.022 48.6323 94.3831 84.7673 33.3673 19.5909 13.2079 3.8806 0 2.01408 314.762 0.606378 54.4117 0.149876 14.9006 20.3082 455.095 26.2037 22.2664 0.0832287 
77.8692 242.62 62.0217 142.242 193.204 94.017 231.668 117.752 185.039 131.984 124.174 46.0592 103.942 0.593826 62.7387 25.5156 104.895 0 2.35973 35.7805 38.9825 11.428 27.8187 1.13537 9.00738 39.4299 22.4054 34.351 
112.273 167.457 6.11363 36.9817 267.289 83.8147 106.952 0.115777 135.608 3.19762 22.6582 5.09751 2.37866 25.715 38.1085 30.5965 40.2347 12.3166 0 9.74858 54.967 24.8236 4.68579 8.56939 30.8892 18.0111 13.6358 0.445485 
76.2973 41.0727 2.68744 35.9849 3.31784 2.00765 2.3664 3.33753 2.70492 54.3539 23.4757 13.6636 0.317147 4.67313 1.72293 3.14806 33.5921 43.8863 27.9084 0 148.984 0.0919767 4.11466 6.23651 0.984345 0.0525761 10.8139 3.67257 
19.7971 175.927 21.4932 73.0519 38.6154 13.0226 65.0051 161.314 103.273 37.0664 149.007 165.467 77.548 10.5068 22.0546 58.5774 29.3042 54.6711 63.8446 39.3853 0 19.6757 35.1378 1.07768 5.41834 2.626 29.512 33.1826 
40.385 20.5219 11.5837 15.9687 4.20882 1.51924 59.2613 0.000236976 61.6708 61.0799 8.22317 50.8895 31.7932 10.8491 6.90809 11.5869 11.8069 25.3669 24.215 6.22675 0.801198 0 0.0151794 13.7509 15.0152 8.11806 0.177806 2.09517 
31.126 49.7234 7.39059 0.37259 43.4102 2.22484 8.84212 96.3944 85.0903 4.7328 22.03 82.1757 91.117 8.17939 22.875 1.15918 19.0447 43.438 23.0657 4.11273 33.4011 0.00912512 0 20.8579 22.9077 9.95354 4.12851 0.682389 
2.99208 59.9308 0.381163 18.996 3.44666 15.4837 67.1177 134.089 4.88656 0.300754 90.5304 3.46891 70.2752 5.36957 27.3112 26.241 4.42975 48.3839 14.386 3.53872 14.7563 1.0473 0.289203 0 18.9444 14.8248 2.01861 0.11109 
488.453 457.955 9.94899 441.789 20.1232 451.346 57.0898 175.752 565.444 64.9926 132.3 102.93 28.6482 16.418 24.5805 35.8681 453.598 5.94676 3.23845 11.8628 32.1939 63.5789 6.44745 18.7552 0 113.032 79.9984 35.936 
51.3619 35.8664 5.62356 35.2719 66.9054 14.5399 52.0248 232.583 67.0276 43.8037 8.06594 340.048 54.739 9.66167 29.7632 26.3546 27.3284 40.5471 18.1969 11.3227 13.4463 10.7535 0.873872 12.1675 10.6402 0 16.2685 63.0875 
47.2695 45.9373 0.00104199 3.13834 31.215 5.65239 3.02762 57.1979 24.5042 1.23873 17.4922 82.8065 38.6803 1.38421 19.6852 18.8535 0.0990956 40.5463 24.0556 2.00834 39.7106 0.224558 5.19473 0.582827 26.1134 2.11253 0 90.1341 
61.0346 41.3808 0.322251 23.809 51.3992 22.827 28.5257 70.5162 95.8614 7.69111 16.2477 115.939 41.7325 11.4191 0.805622 2.64956 7.57172 29.9153 20.9013 0.306829 0.34256 4.54607 7.07555 2.37874 38.3779 14.7188 65.5334 0 
