0 1020.78 194.143 719.246 269.015 446.176 145.085 109.855 702.47 154.751 42.1594 226.345 105.761 51.0293 9.16457 9.96294 516.492 38.8928 23.5289 210.967 134.648 21.1565 45.3248 57.8395 477.928 12.6384 26.3705 33.5171 
1026.79 0 21.6525 474.104 20.8799 451.422 2.76424 61.4458 609.311 148.904 191.302 33.3999 46.707 50.5225 0.924148 81.6208 453.316 1141.75 45.8054 133.159 176.848 37.6712 46.8694 1.91705 520.481 6.08353 51.2603 58.5306 
146.727 450.618 0 243.15 158.057 62.3105 100.498 181.466 301.263 113.818 67.3965 152.795 55.9495 4.06195 7.56632 5.44076 27.5129 143.142 55.2626 2.20513 13.0207 3.20235 12.5182 15.6604 28.0887 26.6415 5.7214e-05 0.931137 
755.86 523.172 306.43 0 143.057 446.756 0.168419 956.665 776.926 3.10961 167.352 251.911 72.9079 15.6153 18.6054 33.6247 455.724 67.9525 45.2052 36.5059 131.679 0.41218 10.4892 20.8696 449.859 31.2242 27.5721 4.6449 
166.684 343.61 187.916 15.1338 0 137.46 38.1376 212.523 68.8918 206.854 20.4701 92.2462 14.4047 66.5578 66.8785 71.1723 39.581 212.572 265.384 15.6413 11.9548 30.2341 56.3882 55.8996 30.7248 20.5033 12.432 36.784 
467.471 653.212 20.9468 465.464 196.575 0 878.936 198.366 800.207 52.7031 171.451 157.371 552.98 18.5614 3.34171 0.0722446 476.328 61.6487 74.2906 0.00336274 46.1311 5.09184 13.8998 15.7266 446.307 0.650234 0.121448 14.2493 
238.327 0.599304 162.431 178.165 209.488 917.468 0 258.516 940.889 489.433 485.212 38.2799 218.688 51.1532 141.757 90.9085 0.162458 234.529 50.9988 94.3995 86.4185 60.1311 66.667 1.42004 18.9874 99.4216 19.0169 48.1552 
156.087 294.178 49.58 47.9536 207.908 0.77214 194.382 0 604.882 4.87871 268.641 919.373 26.1844 85.1434 94.108 227.172 17.4861 158.377 46.7419 117.248 207.299 40.38 95.5492 133.703 7.30783 59.5171 8.54625 1.18132 
447.795 828.168 464.209 449.504 243.296 910.842 1284.56 4.65309 0 9.16135 860.258 19.1059 202.213 92.1964 222.784 152.426 456.503 90.1547 28.1247 95.2186 104.036 63.0879 61.4213 14.9869 446.604 129.422 51.633 94.0589 
34.4724 176.089 104.331 91.0267 47.7829 125.071 21.9807 151.966 173.084 0 270.408 45.9744 7.85649 83.9612 46.7568 80.5002 46.3825 126.764 54.7833 18.0175 8.77352 0.0811044 33.646 40.0469 66.8569 0.172222 47.4339 5.17969 
188.537 23.8287 137.776 155.209 175.962 262.838 444.332 143.727 523.062 205.184 0 16.2177 242.188 213.376 70.7324 221.225 87.9691 132.1 57.6383 81.3894 24.0784 75.864 42.6872 1.73735 71.3513 4.19026 0.703055 18.5142 
191.142 19.5438 118.253 132.662 74.1804 139.172 64.5958 606.553 385.331 246.386 137.835 0 46.1341 34.2774 152.956 31.2511 8.93794 39.146 46.6691 0.823227 4.20954 69.4131 103.71 14.9931 104.16 116.724 5.21173 139.621 
0.810173 1.43364 70.8952 48.9281 54.3703 38.0745 70.5252 126.124 183.19 331.729 98.6178 154.576 0 152.878 80.7795 33.9868 64.5165 48.068 74.7974 34.7246 16.6201 86.2948 89.3291 66.0115 55.942 20.3444 39.1097 7.16738 
45.4966 22.3835 1.1616 11.0638 3.54193 15.8957 37.8463 82.1565 94.6052 3.79907 114.937 100.892 41.5816 0 60.6479 15.4792 10.1411 20.19 1.41497 1.12563 41.0763 3.34854 7.30834 8.93989 16.6037 0.668428 5.0823 11.7063 
23.5404 95.7733 1.16476 15.2313 65.9069 40.6986 131.545 28.7706 131.289 104.385 147.041 1.16582 109.969 54.4873 0 79.1162 12.144 1.83596 10.8747 10.9564 6.3723 10.1469 5.99312 15.0593 26.6116 30.8145 12.6499 3.02537 
18.3268 0.450045 13.5945 42.2161 7.57776 19.1998 61.3792 0.718222 1.19269 63.2895 220.192 69.3313 75.0072 0.478402 44.0585 0 0.630353 1.61342 11.1933 5.7866 36.5172 11.4799 2.81516 1.2519 33.1121 29.6426 18.6606 0.429631 
521.145 597.107 1.99941 502.443 1.15255 478.637 96.1196 10.734 476.57 48.4135 94.4318 84.8308 33.2366 19.6139 13.2626 3.8481 0 2.39126 253.031 0.586236 54.5187 0.145068 14.8778 20.3193 461.429 26.2223 22.2615 0.0873179 
76.763 247.367 61.1501 142.446 192.353 93.5896 231.423 117.193 184.416 131.691 124.637 45.6833 103.868 0.570579 62.6426 25.3769 102.815 0 2.21468 35.5033 38.6833 11.3706 27.7413 1.16241 9.09397 39.3 22.4723 34.2667 
112.123 167.717 5.98448 37.1713 268.778 83.5846 107.56 0.0972361 135.968 3.35047 22.3718 5.19829 2.4545 25.6874 38.089 30.6002 40.3626 11.9935 0 9.67034 54.8383 24.8107 4.65371 8.53071 30.8871 17.9537 13.6031 0.456254 
78.2226 40.4023 2.61872 36.1983 3.44088 1.96626 2.26448 3.20118 2.59864 54.41 23.2761 13.8598 0.332416 4.67602 1.74068 3.17017 33.6098 43.6041 27.833 0 153.488 0.0898919 4.11503 6.23313 0.969193 0.0489469 10.8093 3.65289 
20.53 175.744 21.9469 70.9493 38.2817 12.8642 65.4405 160.638 102.623 36.8356 148.97 165.327 77.527 10.4319 21.9275 58.6608 29.4354 54.3511 63.9425 36.5095 0 19.7182 35.1843 1.10681 5.34031 2.68867 29.5795 33.2767 
40.3825 20.4274 11.5713 15.9813 4.14773 1.49283 59.3283 0 61.5769 61.0778 8.33593 51.0535 31.432 10.8432 6.85827 11.5757 11.8356 25.3035 24.1972 6.22394 0.81459 0 0.0205874 13.7676 15.0833 8.10036 0.182913 2.08208 
31.0337 49.6377 7.42283 0.359275 43.305 2.19464 8.97735 96.2409 85.3372 4.8352 21.612 82.6641 91.082 8.09882 22.7761 1.11961 19.0489 43.408 23.0696 4.11223 33.4538 0.0134118 0 20.8343 22.9346 9.96609 4.09734 0.671127 
3.05524 59.9821 0.367959 18.921 3.50472 15.5161 67.2143 133.872 4.7542 0.275823 91.0005 3.18318 70.2719 5.30583 27.2532 26.4079 4.45509 48.3794 14.3465 3.55093 14.8465 1.07508 0.228057 0 19.276 14.8654 2.05525 0.104438 
494.544 464.069 9.8627 448.014 19.9819 457.558 57.3671 175.139 571.606 64.8655 132.648 27.2863 28.5143 16.4058 24.6838 37.1772 459.844 6.01926 3.27212 11.8834 32.0569 60.7259 6.50092 17.9361 0 114.999 91.9541 30.7828 
51.5991 36.1113 5.54322 35.116 66.8246 14.6271 51.6751 232.848 67.6188 44.0649 7.7232 336.697 54.7635 9.70292 29.8183 26.1823 27.3253 40.4185 18.2542 11.3091 13.3188 10.7509 0.891198 12.2248 10.7044 0 16.4443 63.1873 
47.3207 45.8648 0.00170313 3.09937 31.2922 5.61836 3.08086 57.4739 24.6659 1.26907 17.3274 82.4318 38.6965 1.369 19.6759 18.8571 0.0954257 40.586 24.048 1.99515 39.6668 0.230289 5.2277 0.603421 25.9375 2.19462 0 90.4484 
61.0338 41.2434 0.308796 23.7237 51.4654 22.8194 28.3462 69.9986 95.7541 7.59471 16.4918 115.103 41.7775 11.4318 0.779791 2.70443 7.60381 29.8269 20.8664 0.300061 0.358823 4.56234 7.05479 2.40748 38.3344 15.1884 64.674 0 
