0 108.653 142.003 266.986 12.16 32.621 99.0856 307.53 58.9236 27.3958 123.635 166.617 0.407793 51.9971 67.8829 80.5309 120.521 144.236 68.151 138.89 243.136 0.0139876 1.60243 45.9356 106.02 72.4907 47.7419 12.093 
160.799 0 28.4127 300.079 22.6329 32.6215 321.089 3.05097 433.71 234.437 172.942 61.942 148.732 0.325477 49.1891 16.2345 91.1092 1000.55 170.337 127.639 14.5851 51.5357 10.5329 4.32261 35.3123 6.74083 54.3833 47.7501 
1.67871 443.695 0 262.196 26.8262 64.38 2.15378 244.498 325.865 56.7442 110.573 101.408 2.30643 16.5655 31.2362 13.2209 47.4684 8.78348 48.8065 0.388517 11.7698 2.4061 0.787364 3.09023 4.59813 26.1981 18.9235 11.7984 
217.518 70.7164 293.567 0 27.8543 72.0263 195.377 925.021 31.9202 37.5082 126.366 11.2272 18.0974 15.6153 35.8144 13.688 38.1075 39.1957 62.4259 30.6832 201.676 5.03721 0.0124201 24.1877 37.1459 44.4778 14.3602 20.2773 
169.985 134.252 86.3868 142.525 0 231.138 426.789 27.776 120.004 0.94941 16.7592 145.013 10.3891 26.3125 4.14337 39.1158 121.227 234.915 8.11867 41.3373 47.946 31.1115 24.8879 4.10898 6.95295 65.453 45.6219 0.0729084 
44.0204 225.84 25.503 98.5996 124.264 0 823.769 197.936 38.3704 478.058 99.7969 89.9408 342.337 15.948 18.7531 0.697103 83.3789 122.626 35.1892 11.8541 4.92662 0.000570031 4.57799 8.57784 47.8639 14.2027 6.75553 6.96652 
16.2414 340.814 244.378 62.6173 54.2122 195.799 0 0.278972 278.482 36.0466 30.6455 224.256 17.8232 77.0607 15.0439 16.4243 15.0699 202.719 60.9618 78.4231 32.0712 57.7624 26.7108 69.2837 84.3897 96.0567 21.4909 72.6269 
2.27448 208.363 6.86762 141.711 21.5493 50.631 13.7178 0 658.442 224.07 121.328 529.753 22.1438 1.75658 104.947 214.911 2.54765 49.8138 52.6103 113.789 2.89766 53.5832 2.0448 53.2982 93.6237 190.369 92.6541 129.229 
215.002 142.309 97.3984 361.446 280.153 141.581 1107.14 11.7811 0 12.5981 1340.12 93.9151 200.766 121.558 214.107 86.374 139.97 76.9473 61.3432 0.194379 45.9771 7.35457 31.31 8.21078 34.9126 125.017 0.111298 26.7996 
74.9366 221.033 31.3808 45.6722 298.305 423.655 469.745 98.9034 183.476 0 577.288 238.584 223.19 27.8814 27.3272 32.048 53.1801 0.130252 73.3876 41.4404 21.4386 22.3646 0.277128 29.8175 66.5621 15.6095 6.4982 33.1154 
182.14 13.8358 167.365 187.981 43.9996 9.88686 0.131218 289.06 92.4895 105.767 0 5.94039 32.5006 35.879 0.897371 95.1612 3.73634 169.553 31.8673 0.954371 141.432 78.8378 2.42482 58.9748 39.9473 75.3711 0.102796 98.0397 
53.6045 82.1001 165.131 37.4578 46.1693 23.164 242.989 185.027 311.579 75.8741 171.255 0 47.2052 96.052 245.619 399.295 86.1698 89.5271 5.86175 3.74865 87.8812 73.0221 122.173 141.303 331.415 397.354 115.92 6.65198 
109.167 114.067 43.1857 0.195747 0.499889 84.7337 204.632 129.887 204.891 154.051 190.17 9.82716 0 16.427 71.033 77.7513 6.70069 27.7994 14.064 13.2737 0.652254 90.3386 84.287 68.5818 54.7384 51.9149 18.5442 41.1758 
47.1332 71.1986 6.81201 11.0638 67.5614 12.8551 26.703 120.795 109.206 68.6082 21.4835 38.34 88.389 0 0.0588151 0.189977 0.00147656 38.7044 27.453 0.00115755 2.57227 2.40739 8.74467 5.72849 8.86798 4.01724 7.1979 5.19889 
8.98233 47.9809 10.9122 33.6073 63.1648 18.0798 37.5461 21.3491 2.02662 120.179 27.2398 191.041 103.809 12.8944 0 77.5691 20.299 0.400461 16.4109 0.00954295 4.33097 14.3958 18.2939 26.752 27.4516 29.2524 14.9789 0.38254 
36.303 59.8076 17.736 37.9981 28.7549 16.3672 47.4533 118.102 79.7219 8.89675 97.9234 444.506 78.6292 10.922 89.2846 0 2.01336 20.321 22.4057 2.55373 7.355 0.728803 12.2046 0.532232 31.0615 32.237 3.39667 12.6218 
84.6072 100.404 39.1781 68.3035 31.9378 84.6138 109.595 6.507 58.5481 51.1924 31.0132 6.55431 48.3834 18.8612 5.71059 1.83931 0 189.237 294.186 6.73073 4.4139 15.6808 8.86919 0.593922 57.5864 26.0403 21.2823 21.0265 
209.194 17.4321 162.511 25.4454 136.091 16.227 182.418 97.727 6.26013 0.0727881 57.8335 82.3025 105.915 51.2887 68.6893 3.69924 12.9716 0 99.3151 67.2185 114.495 20.5232 25.7856 1.3941 37.0767 0.0635658 24.888 26.9501 
0.141594 54.4418 1.77673 4.0101 9.94283 87.5869 116.982 114.961 152.968 121.489 6.01572 45.2187 84.4792 5.17431 35.9847 0.178461 57.4566 74.9855 0 19.8978 23.3744 9.3036 1.00061 0.570398 30.8811 30.6408 23.7493 24.5729 
66.9279 0.0282635 11.9657 31.0259 21.3547 18.7725 4.07247 0.106408 104.728 3.42015 83.3088 38.1281 41.1659 2.88698 11.6777 0.663662 26.8856 59.9614 34.8084 0 178.333 5.25084 3.34982 3.76603 9.12228 0.326721 0.653481 7.17888 
33.4529 47.7367 20.3758 33.4175 18.5117 33.4505 16.4809 20.5869 44.7596 54.7017 47.3831 76.6035 60.0823 44.9445 0.13042 0.517831 1.16186 104.27 5.26307 22.4665 0 1.05128 36.7085 42.3757 3.64005 7.60684 42.061 0.991106 
17.7005 43.6742 12.037 16.2218 54.8267 10.5562 58.7206 56.3952 8.90839 36.1055 19.3927 76.1069 52.9446 10.9049 2.73999 0.210592 0.247588 7.39762 7.74907 2.76987 8.92668 0 6.75156 2.63202 2.39908 10.6277 3.71391 4.33121 
16.3759 13.6674 1.6199 12.6059 3.18008 12.325 50.7482 12.6168 10.1999 20.571 79.312 127.091 88.4098 8.08674 24.3919 11.0948 0.613236 42.576 22.1298 3.14011 35.2113 6.64418 0 2.88187 11.9007 9.08957 12.6969 2.312 
2.83548 61.4598 10.039 25.3269 55.6414 0.00397165 22.0243 104.406 62.1693 3.40775 119.101 65.8347 58.9431 9.22152 24.849 29.2977 16.309 44.1844 3.63863 0.0007778 23.9507 5.66063 19.8298 0 24.2742 2.55692 2.53062 14.1902 
31.5187 92.3966 25.7422 57.0409 1.74703 31.622 0.950245 180.888 158.366 68.2779 145.052 281.294 35.5793 6.82027 28.954 13.5067 32.1803 41.48 3.35697 6.28146 4.16998 0.320196 5.78942 0.609191 0 108.697 107.736 61.2599 
0.482648 37.3372 16.0822 43.441 55.2686 0.528101 36.2502 5.95513 60.5496 73.6429 84.9739 2.96839 28.9762 5.16184 30.9293 30.2157 21.9488 0.0107128 1.40446 9.46584 46.9074 7.50594 0.202899 5.45188 0.461725 0 28.8139 27.769 
25.5586 51.8662 18.8552 4.0039 48.4098 15.9591 43.1823 92.9642 79.1592 31.6313 21.3422 4.1548 26.2679 10.5203 18.8506 2.39063 3.15481 5.89036 12.516 5.08737 6.7352 3.88605 0.0646426 4.85127 1.67983 11.4633 0 85.5385 
52.7429 0.327457 18.3541 7.45834 6.93145 19.5039 71.6867 82.1037 30.4289 36.8737 17.6851 109.832 8.00719 1.45474 9.24206 7.8096 9.09374 22.3674 0.113517 2.39894 21.9744 9.60784 0.519269 12.6061 13.9009 62.6698 74.4 0 
