0 511.06 148.023 436.878 253.166 95.9704 90.0081 174.818 356.283 146.944 22.8319 213.724 108.538 52.7741 14.611 17.3221 150.57 75.8488 13.2377 176.639 85.9733 18.737 46.4238 57.5315 131.188 6.70187 22.8282 28.3358 
568.398 0 63.8533 92.6079 19.3498 96.0102 50.5193 22.7109 158.401 100.071 229.416 13.7072 64.595 43.5756 0.0721814 84.2426 92.4987 1045.57 73.0556 141.531 179.06 34.3877 43.0154 4.212 168.853 11.6464 49.2946 61.284 
193.367 411.558 0 224.769 119.612 51.3171 176.668 103.279 83.3902 113.032 125.804 120.408 62.604 5.96516 3.61762 2.80525 21.0246 159.361 49.5914 5.06847 29.3434 3.95463 12.5849 15.4061 27.1094 24.8816 0.105521 1.95151 
434.094 276.335 187.787 0 158.746 92.3516 13.4745 1169.41 392.769 10.6751 132.591 258.512 71.5682 17.8859 13.3948 26.9292 97.2685 44.474 38.4988 43.2562 398.373 0.801017 12.2718 18.1674 99.3125 24.4219 27.237 7.32706 
217.223 141.65 172.853 2.43478 0 304.855 147.52 194.572 17.2921 115.381 3.27961 71.1467 3.39923 69.0977 55.7187 73.8233 61.0599 230.696 300.124 25.7182 5.3539 25.8989 55.8642 54.692 25.0916 14.8433 15.0924 40.6144 
99.0783 242.285 7.99105 123.355 168.683 0 976.885 214.006 228.406 767.049 97.4525 148.557 153.177 16.2561 0.583847 0.177776 115.458 79.8152 84.5833 0.388488 38.3413 6.78692 14.9665 14.4605 92.5634 1.97369 0.00133513 12.3184 
195.304 63.1742 85.7517 200.049 80.9089 70.7448 0 352.645 1192.8 335.286 418.871 10.0024 215.525 37.6789 133.28 79.7522 0.509666 227.48 74.482 91.29 101.781 61.9135 61.903 4.12292 11.2063 96.9548 23.3024 41.508 
92.2295 284.018 121.324 152.853 187.612 5.12897 301.063 0 657.388 21.2792 333.155 354.119 15.0657 66.9792 58.3571 163.933 11.6311 142.165 58.0381 114.002 199.585 35.4538 100.247 138.615 0.00605307 116.046 15.134 7.34644 
109.341 500.214 309.111 107.002 310.691 404.36 394.299 61.2481 0 6.5413 464.697 78.9641 205.411 111.274 227.128 148.12 96.7202 60.2863 45.1163 101.781 79.9406 59.5824 73.014 24.0001 96.3392 139.216 45.3111 88.3854 
54.141 128.977 112.729 78.0879 127.452 74.2563 179.532 183.787 72.5264 0 48.4819 16.8663 70.04 83.0209 75.8509 69.0835 38.2047 112.953 72.3257 23.3882 4.43314 0.284262 40.4784 46.0936 62.0767 0.492001 47.7214 2.57996 
176.136 56.7982 78.4366 184.337 132.143 216.602 322.276 69.7622 849.401 463.896 0 112.65 253.925 200.559 0.0149286 227.609 83.2856 114.941 44.0313 84.5924 36.3852 77.9042 63.0593 0.1249 49.6032 0.0657999 2.71558 10.0731 
213.631 5.2274 151.029 194.429 95.3347 152.578 113.505 70.3976 326.4 242.062 28.016 0 63.8948 63.4671 75.3032 43.2193 5.42882 26.7171 38.3265 0.0221015 12.4182 72.7201 116.39 43.1403 85.8521 283.529 12.8769 161.982 
0.014484 7.2741 66.9196 41.6822 31.7049 4.12451 36.3319 136.366 198.604 295.559 145.882 158.957 0 153.153 57.7898 46.4967 63.6299 57.5076 79.7711 31.9891 21.2718 78.595 82.2251 69.2641 55.7091 15.5809 38.6199 4.9708 
48.616 29.4353 0.334922 8.55794 7.29212 13.1973 51.3245 98.8523 115.641 0.249312 164.727 68.7101 9.18578 0 34.4434 10.1048 8.81644 24.2726 0.64288 1.41905 42.7267 4.73549 3.3725 6.97796 16.3975 0.116111 4.23612 11.2728 
16.9287 96.7234 3.89169 10.2729 76.0337 41.8462 113.801 59.5065 79.8269 77.2227 17.4631 33.5095 93.8266 58.9074 0 28.7641 10.1784 4.32777 13.9887 10.4203 3.67315 11.9667 1.72239 8.91782 29.4306 29.2192 14.2598 5.00396 
10.7735 0.156685 17.068 42.9625 3.60022 22.2729 46.7003 29.3727 9.98035 75.9238 227.979 14.2275 81.3111 0.385703 2.22985 0 1.25338 3.68621 9.00985 6.62187 42.3658 11.8345 1.0297 0.569693 31.6053 23.5745 18.8772 1.69214 
176.795 242.444 5.13092 148.998 0.607143 117.759 102.897 6.13959 132.087 40.2472 95.6141 86.7225 28.4092 20.3965 15.2952 2.72776 0 37.6087 538.924 0.0787303 58.2484 0.022148 14.0042 20.6725 108.593 26.8064 22.0306 0.306934 
39.6204 429.119 31.4919 145.937 156.931 76.5863 215.616 95.9453 158.499 119.151 140.608 32.4869 100.308 0.0361511 58.6471 20.3469 36.1112 0 0.0881168 25.5809 28.13 9.31578 24.837 2.37953 12.5248 34.3953 24.9447 31.0787 
105.002 172.49 2.11842 43.9753 300.67 72.7712 128.314 0.548643 147.121 11.355 12.8729 9.56053 6.05071 24.5291 37.0809 30.555 61.8057 2.94651 0 6.93296 49.8737 24.245 3.52816 7.1305 30.6741 15.8086 12.3875 0.942525 
151.716 18.5214 0.673285 43.0375 9.44936 0.723537 0.065613 0.147083 0.156539 55.9481 16.3146 21.885 1.14541 4.76015 2.44782 4.01093 34.0265 33.2647 24.9 0 299.46 0.0294975 4.11223 6.07632 0.487113 0.00599903 10.6021 2.94705 
55.286 165.646 40.9912 2.69352 26.6256 7.59051 81.5829 133.605 78.5365 28.5515 145.985 157.953 76.3705 7.8013 17.3501 61.2159 34.3224 42.7328 67.223 9.01662 0 21.2679 36.7673 2.44615 2.82523 5.48925 32.0175 36.6654 
40.1426 16.9958 11.0664 16.3865 2.18381 0.670944 61.3954 0.367058 57.7995 60.316 12.9611 56.9122 18.9561 10.435 5.07327 11.0515 12.8923 22.9343 23.4518 6.10413 1.38568 0 0.786188 14.1169 17.4545 7.42004 0.421649 1.62035 
27.5423 46.1841 8.58702 0.0362189 39.2228 1.20694 14.5574 89.2883 93.3833 9.28813 8.65185 99.5995 87.0048 4.33591 18.0417 0.125958 19.1492 42.1205 23.1144 4.07748 35.2805 0.739031 0 15.3706 23.1724 10.3075 2.99784 0.317279 
5.81673 61.4207 0.0421207 16.0169 5.96364 16.5836 70.1089 122.694 1.10634 0.112508 106.983 1.28654 68.9666 3.01669 23.8563 29.2907 5.4283 47.9852 12.867 3.99711 18.2768 2.3237 2.95685 0 31.4708 16.075 3.60216 0.00277729 
132.516 103.578 6.82284 91.9424 14.9772 100.289 67.224 146.616 210.236 59.4403 142.549 152.286 23.58 15.6966 28.0494 71.37 103.76 8.96598 4.62221 12.5792 26.9888 36.2492 9.26599 0.439151 0 34.6373 89.9016 95.2703 
59.9789 45.2297 2.90898 28.7954 63.2982 17.8053 38.7979 227.439 89.3389 53.4231 0.2388 178.562 55.1904 11.0939 30.9321 18.9031 27.1004 35.5538 20.3369 10.7279 8.93843 10.6041 1.63496 14.153 13.7523 0 22.9776 60.1834 
48.9951 43.0227 0.139525 1.8134 34.09 4.40759 5.35082 67.4579 30.8342 2.63679 11.6766 68.0257 39.151 0.859406 19.182 18.7921 0.0082967 41.9383 23.7079 1.53203 37.9233 0.491429 6.46697 1.60016 20.5244 6.19352 0 89.0426 
60.5508 36.0632 0.012217 20.4306 53.66 22.3692 21.8868 51.0018 90.7948 4.40837 26.4883 83.0448 43.2368 11.8018 0.116567 5.04641 8.81483 26.5278 19.528 0.102015 1.22125 5.16812 6.26208 3.56072 35.5612 34.8117 30.791 0 
