0 104.424 69.4893 267.769 202.171 27.676 30.5894 252.628 255.818 128.757 5.7838 182.63 109.065 53.8673 23.0633 28.9755 50.1969 132.053 3.88163 43.7233 32.0682 15.6027 47.0498 55.7095 56.1126 1.61815 18.2763 21.6626 
160.655 0 394.979 84.2209 223.309 62.742 282.952 0.238047 8.41304 42.4448 261.132 0.7511 88.7787 34.0111 3.50271 84.2781 8.93023 432.287 110.488 136.781 171.517 29.848 37.3815 8.42932 85.3302 21.0633 46.1273 63.7191 
209.497 80.6289 0 3.00232 62.3632 31.2165 243.223 21.3591 20.5226 101.271 198.179 72.8276 69.1912 8.66462 0.519252 0.581228 13.1439 161.155 40.3077 10.0498 56.6704 5.00102 12.3211 14.601 24.7487 21.3967 0.573749 3.77792 
220.787 303.89 76.1861 0 163.147 14.4877 58.0909 1322.76 193.582 26.2374 80.9552 220.554 67.6072 20.3925 7.31447 17.3268 8.5557 18.7864 29.2066 47.9065 21.6713 1.49113 14.4655 14.2628 20.941 15.3033 26.2478 11.4454 
260.707 0.454783 128.203 2.44198 0 392.169 324.58 160.658 2.48069 22.715 3.28883 45.2467 0.592828 70.3061 40.4548 74.9807 91.0422 233.968 270.899 41.008 0.607651 20.3234 54.0626 52.1112 18.1103 8.51665 18.7823 45.245 
6.73135 71.3625 0.0911946 54.6937 429.239 0 306.643 205.127 8.26746 954.35 20.9703 126.741 218.656 12.7219 0.433411 1.7256 22.4684 101.03 90.4457 1.82433 28.1963 9.1743 15.9557 12.507 9.35792 4.6635 0.138689 9.75894 
124.385 303.231 11.5777 197.191 0.276135 768.342 0 410.024 27.7413 72.7768 235.006 0.90543 190.274 21.4461 109.87 61.9131 4.68183 198.882 105.523 82.8802 119.548 62.945 53.9858 9.59431 3.83733 88.9475 29.1377 32.5854 
26.8529 240.788 219.629 434.648 151.545 38.5002 395.897 0 447.363 57.2213 373.656 30.646 4.81414 42.9255 20.2574 68.0579 5.59048 116.681 72.7938 104.148 177.802 28.9555 102.142 134.65 13.6959 188.281 25.9499 22.5777 
67.6245 364.051 40.8119 122.287 354.453 54.5702 348.971 356.786 0 90.1804 914.251 196.091 195.533 130.441 231.964 130.183 7.57647 27.6519 70.481 106.246 49.9692 54.1296 86.2228 37.789 23.0727 142.353 36.8326 78.4767 
82.5228 66.5436 112.878 58.0039 245.304 393.868 440.448 213.333 2.13393 0 51.7036 0.169623 203.788 75.5863 110.542 50.6694 27.7558 91.3911 93.8078 30.679 0.919062 2.54435 48.5589 52.8066 53.8267 4.59963 47.3197 0.502605 
151.504 113.49 18.3054 203.23 75.2495 123.773 124.79 8.98064 722.904 600.903 0 311.792 242.763 150.487 121.38 192.904 75.7966 90.3592 27.7377 86.4743 54.8785 78.8416 90.0018 6.38643 24.631 10.5749 7.22875 2.66564 
228.023 0.334778 180.427 249.721 122.428 158.928 182.499 268.091 209.797 213.265 14.4883 0 88.3354 105.462 7.76005 362.287 2.09335 13.4467 27.9374 2.33576 28.9305 75.5807 125.848 92.778 187.842 399.673 27.1875 175.993 
2.11621 21.1226 59.3156 31.9053 9.99838 67.7145 6.89885 145.254 205.491 174.305 202.899 158.103 0 115.824 28.646 62.1428 61.4162 69.6243 84.0838 28.0529 27.8739 63.8374 66.453 70.1137 54.0964 9.97855 37.5591 2.64296 
51.6954 39.0295 0.0077118 5.51176 13.911 9.46347 68.4907 115.882 135.541 2.00067 207.16 30.5524 3.2408 0 0.387666 3.14536 7.13277 29.7001 0.0823783 1.83127 44.2362 6.61336 0.0595511 3.93515 15.3583 0.0853616 3.17969 10.4223 
9.50745 93.4187 9.39655 4.86023 86.627 39.8166 82.362 106.658 25.7567 39.5051 51.2932 124.57 65.2787 18.82 0 3.84068 7.74234 9.03108 18.2948 9.55055 1.21083 14.1167 0.080213 2.55519 31.2924 24.6879 16.1667 8.09455 
3.61298 3.18194 20.9999 40.1659 0.558732 25.3675 28.2717 113.862 32.7343 87.5639 194.914 302.154 84.2892 5.01806 33.0327 0 2.36853 7.56366 6.37496 7.62572 49.3954 11.9528 0.0074982 9.23789 26.5681 13.4071 18.5822 4.44083 
102.593 147.503 11.0989 63.4465 10.0812 24.5816 108.459 1.97665 60.9896 29.6968 95.3136 87.8024 22.2316 21.2133 17.9473 1.52489 0 129.413 301.006 0.127934 62.3822 0.0242859 12.7855 20.9513 25.6451 27.2586 21.5897 0.792921 
7.57212 448.504 5.66822 138.475 104.186 52.6138 177.801 67.8419 118.821 98.6813 157.244 17.8699 93.4064 0.304685 52.2703 14.2288 0.00276736 0 6.87052 14.2174 16.2422 6.8555 20.9785 4.58045 17.5956 27.8487 28.1352 26.771 
91.5671 164.324 0.0148701 51.8559 267.602 53.62 148.318 4.44413 154.613 27.8677 4.11984 16.9949 12.9081 22.6457 34.9605 29.9657 163.91 0.387119 0 3.90788 42.9129 23.2508 2.25394 5.41246 29.9988 12.9894 10.793 1.83056 
217.322 1.91433 0.0636112 47.8482 21.078 0.0124704 1.91482 2.1469 1.45078 56.3193 8.72823 34.186 2.91599 4.80169 3.50085 5.14937 33.8568 20.7035 20.7499 0 295.707 1.04786e-05 4.06024 5.78182 0.0998532 0.218814 10.2294 2.10202 
115.962 143.679 69.7093 63.0735 13.9328 2.63548 101.895 94.8752 48.717 18.7398 137.536 142.367 73.7613 4.83336 11.8614 62.9 40.7103 28.6393 70.434 179.402 0 23.2275 38.4078 4.93387 0.701915 10.4592 34.9944 40.7569 
39.3957 12.7636 10.2799 16.7272 0.537002 0.0792141 62.821 1.94118 52.0545 57.3591 20.1901 63.7773 6.54802 9.38416 3.00436 10.0693 14.2408 19.7994 22.24 5.90176 2.34933 0 3.26593 13.7655 19.9838 6.47016 0.875917 1.08943 
22.8367 40.9423 9.97841 0.121014 33.444 0.337441 23.2717 76.9566 100.222 16.782 0.361322 116.797 74.2805 0.311594 10.1372 0.341566 19.1182 39.9305 22.8878 3.98451 37.2783 3.1776 0 2.99302 21.283 10.3771 1.75701 0.0494077 
10.5696 61.9114 0.104623 12.0201 10.02 17.5583 71.7922 100.267 0.198923 2.11889 122.221 23.6304 63.9186 0.747584 16.667 22.9676 6.79395 46.806 10.9106 4.55528 22.9566 4.48607 15.3249 0 42.9262 16.7041 6.09139 0.295976 
37.4203 12.3039 3.47975 7.20923 9.25468 11.9847 78.3689 98.0849 110.477 50.5528 145.838 166.366 17.3441 14.0698 30.8006 9.32926 16.664 13.5241 6.67032 13.2746 20.5077 29.7211 14.7799 32.083 0 55.6648 190.23 72.3777 
69.275 56.8655 0.656926 19.6518 57.2511 21.6291 23.1703 179.815 114.951 64.1056 6.37879 11.1408 54.332 12.4103 29.5924 8.78765 26.4871 29.0137 22.9112 9.75968 4.3591 10.257 2.86626 15.9491 19.2641 0 30.7143 39.8578 
50.5085 38.8792 0.648893 0.625169 37.5421 2.99019 9.14904 79.3908 39.2541 5.11664 5.7636 48.5865 39.314 0.360752 18.1182 18.1348 0.0378926 43.3507 23.0885 1.00522 35.3004 0.973366 8.09943 3.53013 16.4087 13.6326 0 54.7169 
58.6117 29.1463 0.224556 15.8748 55.7441 21.3026 14.2268 28.3438 81.6609 1.47307 41.7888 42.7444 44.5007 11.9714 0.139913 8.81395 10.4568 22.1897 17.6536 0.00032289 3.09616 5.96306 5.17783 5.2816 28.8944 57.4953 1.42279 0 
