0 104.962 71.0543 266.377 203.488 22.3914 31.5575 251.256 251.595 129.21 6.02662 183.41 109.09 53.8588 22.8775 28.7191 45.68 130.88 4.02098 43.678 32.9729 15.6664 47.0464 55.7628 51.0842 1.68898 18.3683 21.7968 
162.13 0 389.27 76.801 217.768 56.3718 277.448 0.333349 3.98445 43.4599 260.732 0.857114 88.2869 34.2094 3.38142 84.3168 3.95793 727.937 109.739 137.057 171.788 29.9434 37.5028 8.32971 80.4958 20.8491 46.1988 63.6831 
209.772 86.3971 0 1.86178 63.4952 31.6509 242.534 22.5173 18.0437 101.624 196.923 73.7954 69.0836 8.60826 0.555685 0.610853 13.2947 161.351 40.5143 9.93775 56.0716 4.97895 12.3305 14.6227 24.8085 21.4797 0.5604 3.73526 
219.854 297.704 77.5338 0 163.253 9.43747 56.9442 1024.77 191.56 25.865 82.0107 221.8 67.7127 20.3475 7.42664 17.5229 3.78272 19.2275 29.399 47.8668 154.007 1.47495 14.4227 14.3454 15.9616 15.4844 26.2742 11.3554 
260.159 0.842901 129.32 2.24577 0 394.531 321.271 161.448 2.12117 23.9955 3.02432 45.7454 0.512673 70.3062 40.7678 74.9841 90.4299 234.145 272.314 40.679 0.658343 20.4359 54.1121 52.1753 18.2475 8.63239 18.7044 45.155 
1.91532 68.1609 0.126179 49.5489 148.295 0 152.117 205.642 2.81969 914.878 22.0605 127.289 370.605 12.7983 0.395777 1.67844 17.794 100.642 90.422 1.7847 28.4003 9.12399 15.9404 12.55 4.48151 4.59851 0.132496 9.81131 
125.894 297.773 12.48 197.621 0.498898 750.328 0 409.814 37.1433 76.9327 239.216 0.750721 191.008 21.7513 110.465 62.3039 4.5548 199.664 104.909 83.0983 119.218 62.939 54.1648 9.4614 3.95258 89.1627 29.0162 32.7687 
27.8617 241.966 217.885 433.885 152.367 37.5465 394.773 0 453.929 56.3509 373.428 25.1393 4.97058 43.4028 20.879 69.858 5.69444 117.241 72.4959 104.409 178.369 29.0885 102.153 134.849 13.1608 187.004 25.7063 22.193 
61.6983 361.166 44.3996 114.76 354.182 53.4766 322.504 349.765 0 87.6731 1209.49 193.487 195.891 130.124 227.457 130.676 2.79737 28.2217 69.9395 106.205 50.5481 54.2506 85.9812 37.4891 17.9364 142.404 37.0074 78.7052 
81.9299 67.7332 113.003 58.4359 243.09 386.559 436.393 212.899 2.59797 0 47.705 0.239138 200.963 75.8044 109.937 51.0698 27.964 91.8625 93.4004 30.5287 0.965348 2.47571 48.407 52.6855 54.0155 4.47486 47.3368 0.529406 
152.091 112.234 19.1784 203.098 76.3484 125.791 128.484 9.68061 730.622 601.978 0 307.57 243.289 151.792 117.013 194.045 75.9646 90.8779 28.048 86.4629 54.4773 78.8425 89.4704 6.16532 25.0812 10.1849 7.11549 2.77202 
227.917 0.269763 180.026 249.031 121.892 158.935 181.117 253.324 212.401 214.091 13.1035 0 87.8319 104.617 8.49344 355.661 2.14682 13.68 28.1424 2.25026 28.5327 75.5395 125.745 91.6959 187.994 399.572 26.8517 175.904 
2.03737 20.774 59.4959 32.106 10.3329 67.8596 7.28415 145.128 205.51 177.195 201.863 158.196 0 116.92 29.1891 61.8431 61.4734 69.3811 84.0221 28.1372 27.7333 64.1817 66.8345 70.1364 54.1442 10.0847 37.5856 2.68412 
51.6445 38.8318 0.00548038 5.57035 13.7577 9.54019 68.1563 115.603 135.243 1.89155 206.668 31.2327 2.89296 0 0.556305 3.26184 7.16666 29.5886 0.0886142 1.82254 44.2129 6.57531 0.0780409 3.99708 15.3879 0.0779182 3.20061 10.4428 
9.64294 93.5377 9.26615 4.95521 86.4462 39.8975 83.0628 105.68 26.5898 40.2331 48.1521 122.419 65.9094 19.7215 0 3.25665 7.7905 8.91898 18.2047 9.5702 1.24853 14.0761 0.062523 2.65336 31.2771 24.8044 16.1303 8.0267 
3.72447 3.08174 20.9294 40.2644 0.595068 25.3167 28.627 111.841 32.1605 87.3938 196.029 294.898 84.2921 4.88134 31.5932 0 2.34231 7.47147 6.42602 7.60639 49.2603 11.9544 0.0112425 8.98265 26.6998 13.6187 18.5948 4.37356 
97.5733 142.982 10.9576 58.649 9.77569 19.913 108.385 2.0399 55.8683 29.9086 95.341 87.7965 22.3559 21.199 17.8932 1.54645 0 127.259 380.186 0.118704 62.3065 0.0223671 12.8113 20.9477 20.7736 27.253 21.6003 0.780679 
7.99267 445.71 6.00206 138.761 105.282 53.1062 178.736 68.4079 119.673 99.1375 156.959 18.1344 93.5723 0.288054 52.4129 14.3477 0.00565468 0 6.6249 14.4261 16.4604 6.90323 21.0579 4.52848 17.4856 27.9834 28.0705 26.8606 
91.8834 164.652 0.0223832 51.7096 269.084 54.0484 148.009 4.32725 154.546 27.4709 4.25337 16.8239 12.7447 22.6883 35.0127 29.9839 161.423 0.329354 0 3.96278 43.06 23.2741 2.27769 5.4463 30.0172 13.0471 10.8258 1.80946 
216.667 2.08903 0.0529133 47.805 20.8026 0.0161288 1.82303 2.03727 1.37277 56.3308 8.86408 33.9175 2.87176 4.80163 3.47794 5.12586 33.8685 20.9438 20.8377 0 298.496 4.51533e-05 4.06186 5.78885 0.104918 0.211393 10.2382 2.11836 
114.633 144.216 69.1091 64.24 14.1593 2.7129 101.496 95.6801 49.2913 18.927 137.759 142.748 73.8272 4.88841 11.9672 62.8851 40.5802 28.9114 70.3811 174.889 0 23.1881 38.3793 4.87476 0.731574 10.3435 34.9359 40.6774 
39.416 12.847 10.2974 16.7224 0.559905 0.0856197 62.8068 1.89651 52.1807 57.4414 20.0297 63.6471 6.74566 9.41108 3.04294 10.0925 14.2135 19.864 22.2675 5.90642 2.32707 0 3.2011 13.7819 19.9396 6.49025 0.864995 1.09945 
22.9342 41.0572 9.95178 0.113435 33.5666 0.350116 23.0797 77.2411 100.128 16.6125 0.422426 116.516 74.614 0.351703 10.3011 0.319508 19.1207 39.981 22.8957 3.98695 37.242 3.11348 0 3.18957 21.3454 10.38 1.77986 0.0526022 
10.46 61.9175 0.0977006 12.1026 9.92775 17.5434 71.7825 100.797 0.172312 2.05282 121.987 22.9166 64.0581 0.780855 16.8332 23.1933 6.76492 46.8378 10.9509 4.54419 22.8591 4.43703 15.0786 0 42.7826 16.7028 6.03605 0.285123 
32.7958 7.58171 3.53934 2.34596 9.36132 7.2167 78.1659 99.1379 106.006 50.752 145.886 155.351 17.468 14.1103 30.7657 9.29797 11.8762 13.4232 6.62525 13.2629 20.6377 32.3287 14.6511 31.153 0 59.6067 187.966 80.5637 
69.1079 56.6349 0.687763 19.841 57.3902 21.5564 23.4675 181.16 114.481 63.9107 6.07283 12.7227 54.3657 12.39 29.6512 8.97873 26.5033 29.1487 22.8604 9.78174 4.43857 10.2658 2.83852 15.9221 19.1392 0 30.5739 40.3928 
50.4854 38.9687 0.63472 0.643613 37.4739 3.01718 9.06209 79.1631 39.0788 5.0581 5.86646 48.9819 39.3156 0.368972 18.1446 18.1547 0.035634 43.3259 23.1032 1.0151 35.358 0.961911 8.06623 3.48418 16.4653 13.4625 0 55.6382 
58.6661 29.2885 0.213316 15.9695 55.7107 21.3297 14.3727 28.7662 81.8756 1.51827 41.4562 43.4992 44.4824 11.9716 0.12912 8.73101 10.4225 22.2785 17.6934 0.000585046 3.04932 5.94676 5.20042 5.24438 29.0587 57.1637 1.66218 0 
