0 137.533 62.5651 307.525 196.134 85.5661 26.3992 258.642 308.742 126.682 4.75157 179.062 108.932 53.8979 23.9043 30.1353 104.588 137.309 3.28414 45.2802 28.1313 15.3164 47.0601 55.4616 112.796 1.31779 17.864 21.0607 
189.133 0 418.593 152.021 248.453 125.648 307.567 0.0072595 62.9296 37.9938 262.789 0.360365 90.9841 33.1191 4.0738 84.0838 65.4233 879.631 113.834 135.45 170.239 29.4179 36.8335 8.88362 141.131 22.036 45.8025 63.8737 
207.939 56.7217 0 12.2047 57.336 29.2668 245.908 16.4987 33.5334 99.6313 203.65 68.5042 69.6593 8.91787 0.370386 0.456746 12.4726 160.152 39.3728 10.5576 59.3722 5.10061 12.2768 14.5007 24.4742 21.0183 0.635664 3.97211 
258.798 365.131 86.8693 0 162.569 71.307 63.3313 758.679 236.674 27.9352 76.235 214.745 67.1209 20.5914 6.81796 16.449 64.1049 16.8555 28.3413 48.0541 654.973 1.56498 14.6566 13.8906 77.4134 14.4947 26.1257 11.8524 
262.973 0.17912 123.111 3.4246 0 382.528 339.057 157.062 4.44285 17.3606 4.61375 43.0234 1.02514 70.2927 39.0519 74.9512 93.7858 233.047 264.163 42.4925 0.404492 19.8192 53.8336 51.8176 17.4965 8.00462 19.1334 45.647 
62.5366 119.991 0.00387457 111.887 168.416 0 662.779 202.646 68.7644 385.822 16.3821 124.236 528.75 12.3772 0.623724 1.94546 77.5695 102.745 90.5001 2.00749 27.2814 9.40109 16.0217 12.3127 65.3664 4.96074 0.168297 9.52385 
117.617 327.541 7.92205 195.074 0.0832275 836.333 0 410.432 2.28981 55.2998 216.115 1.77999 186.873 20.0922 107.146 60.1484 5.27432 195.276 108.261 81.878 121.011 62.9637 53.1732 10.2015 3.33907 87.9563 29.6847 31.762 
22.5225 235.36 227.229 433.607 147.813 42.9045 400.456 0 417.207 61.1904 374.353 61.8535 4.14008 40.7928 17.5648 60.1506 5.13356 114.149 74.1296 102.944 175.197 28.3578 102.064 133.694 16.2228 193.861 27.0552 24.3422 
128.436 410.706 26.3884 190.387 355.325 95.1337 475.366 388.2 0 101.754 1257.82 207.812 193.842 131.827 256.452 127.91 63.1606 25.1514 72.922 106.407 47.3903 53.581 87.292 39.144 80.276 142.06 36.0471 77.4372 
85.1869 61.2712 112.251 56.056 255.038 425.054 457.444 215.186 0.609055 0 71.4548 0.00417088 216.343 74.5744 113.189 48.8641 26.8234 89.2599 95.6184 31.3545 0.724855 2.86424 49.2344 53.3413 52.9689 5.18089 47.2379 0.390597 
148.827 119.163 14.6123 203.686 70.3659 114.736 108.624 6.1502 691.019 593.938 0 330.591 240.246 144.52 141.567 187.584 75.034 88.0239 26.3565 86.511 56.6885 78.8266 92.3722 7.42715 22.6455 12.4133 7.7484 2.21188 
228.397 0.71403 182.109 252.554 124.823 158.825 188.665 337.648 198.077 209.437 21.549 0 90.5974 109.234 4.86014 390.769 1.86076 12.4188 27.021 2.7397 30.7483 75.7565 126.262 97.6465 192.489 398.789 28.716 176.288 
2.48897 22.7212 58.4931 31.0042 8.55741 66.007 5.29098 145.793 205.317 161.28 207.463 157.643 0 110.777 26.2454 63.475 61.1527 70.7128 84.347 27.6724 28.5087 62.2722 64.714 69.9908 53.8739 9.50627 37.4374 2.46139 
51.9176 39.918 0.0224432 5.25088 14.6092 9.11934 69.9814 117.099 136.817 2.52865 209.147 27.5635 5.04405 0 0.00444435 2.64299 6.9809 30.201 0.0571354 1.87069 44.3368 6.78402 0.00716801 3.65894 15.2207 0.123013 3.08601 10.3287 
8.90805 92.8587 9.99026 4.44269 87.4193 39.4334 79.1953 111.038 22.19 36.2789 66.4516 134.282 62.4334 14.9245 0 7.02404 7.52681 9.54242 18.7002 9.46136 1.04825 14.2972 0.186904 2.13437 31.3492 24.1539 16.3288 8.40157 
3.13136 3.65181 21.3107 39.7026 0.409318 25.5886 26.6897 123 35.3621 88.2889 189.712 334.129 84.2423 5.64774 39.6476 0 2.48821 7.98448 6.14684 7.71183 49.9966 11.9435 7.43795e-07 10.4088 25.9636 12.4616 18.5219 4.74825 
159.22 201.859 11.743 119.084 11.5098 79.6557 108.768 1.70413 118.097 28.7485 95.1793 87.8206 21.6746 21.2764 18.19 1.42972 0 139.136 107.364 0.173724 62.7176 0.0338898 12.6689 20.9664 81.6262 27.2821 21.541 0.849128 
5.81609 460.948 4.27981 137.121 99.2656 50.4058 173.533 65.3062 114.986 96.6146 158.493 16.7004 92.6485 0.385215 51.6238 13.6982 0.39342 0 8.0274 13.2935 15.2758 6.64237 20.621 4.81738 18.0931 27.2438 28.4263 26.3678 
90.1254 162.769 7.34959e-06 52.5047 260.575 51.6826 149.652 4.98896 154.866 29.6787 3.54431 17.7724 13.654 22.4522 34.721 29.8812 174.918 0.704504 0 3.66506 42.2496 23.1448 2.14844 5.26128 29.9139 12.7304 10.6459 1.92676 
219.835 1.2216 0.123823 48.012 22.3334 0.00182559 2.35512 2.67454 1.828 56.2577 8.12857 35.3999 3.11878 4.80153 3.60443 5.25511 33.8 19.6343 20.3545 0 282.006 0.00015375 4.05267 5.74969 0.0785792 0.253784 10.1893 2.02908 
121.949 141.224 72.4028 56.5261 12.934 2.30022 103.675 91.2626 46.1598 17.9068 136.508 140.623 73.4588 4.58911 11.3899 62.9565 41.2949 27.4258 70.665 199.538 0 23.4042 38.5334 5.2039 0.575948 10.9865 35.2556 41.1118 
39.3021 12.3906 10.2004 16.7475 0.439833 0.0534728 62.8768 2.1485 51.4829 56.9784 20.9165 64.3567 5.69237 9.26061 2.8333 9.9631 14.3631 19.5091 22.115 5.88048 2.45064 0 3.56324 13.6872 20.1781 6.37971 0.92583 1.04483 
22.3987 40.4224 10.0969 0.158141 32.8915 0.283273 24.1404 75.6638 100.62 17.5518 0.145284 118.018 72.7502 0.160419 9.40528 0.44957 19.106 39.7003 22.8505 3.97322 37.4389 3.47209 0 2.17497 20.9913 10.3614 1.6558 0.0362705 
11.0676 61.8755 0.138654 11.6496 10.439 17.6222 71.8223 97.8521 0.34221 2.42856 123.23 26.9564 63.2741 0.606231 15.9148 21.9171 6.92495 46.6596 10.7298 4.60491 23.3957 4.70841 16.3889 0 43.515 16.7039 6.34213 0.347259 
92.2931 67.6259 3.21692 63.1682 8.78102 67.5043 79.2682 93.3497 164.628 49.6497 145.56 362.947 16.7895 13.8839 30.9459 10.7892 72.2696 13.9818 6.8745 13.3256 19.9256 20.1421 15.3646 36.1751 0 41.6921 176.384 41.1507 
70.0127 57.8966 0.526728 18.8025 56.6189 21.953 21.8509 173.621 117.028 64.9669 7.84443 5.29724 54.1719 12.4978 29.3123 7.94472 26.4124 28.4066 23.1383 9.65944 4.00979 10.2162 2.99214 16.0651 19.8295 0 31.3333 37.4233 
50.608 38.4746 0.714499 0.54541 37.8473 2.86998 9.54443 80.4039 40.0425 5.38349 5.31135 46.8146 39.304 0.32488 17.9972 18.0421 0.0489094 43.4601 23.0214 0.961345 35.0396 1.02574 8.24829 3.73995 16.1657 14.4037 0 50.5351 
58.3593 28.5071 0.278634 15.4494 55.8894 21.1777 13.5769 26.4703 80.6819 1.27785 43.2922 39.404 44.5791 11.9685 0.193834 9.18853 10.6114 21.7903 17.4741 0.000100882 3.31102 6.03628 5.07622 5.44974 28.1442 58.8895 0.573703 0 
