0 270.047 52.2337 443.612 186.433 251.517 20.4353 267.433 466.37 123.345 3.34337 173.323 108.665 53.9213 25.2272 31.9572 264.958 145.407 2.45123 50.7463 22.4603 14.8733 47.0598 55.0504 276.699 0.910968 17.2271 20.1325 
313.226 0 447.7 334.202 287.799 299.761 345.001 0.292984 225.203 31.4779 264.897 0.0344588 94.3834 31.7348 5.04373 83.7157 229.232 735.268 118.947 133.098 168.069 28.7468 35.9744 9.60993 303.634 23.5764 45.2873 64.0894 
204.502 27.085 0 38.7836 49.7635 26.2645 248.694 10.1223 59.4294 96.9195 211.544 61.8965 70.3355 9.31073 0.188298 0.292441 11.4536 158.208 37.9017 11.3566 63.5887 5.25612 12.2014 14.3367 24.0304 20.4145 0.738062 4.28169 
393.236 533.947 161.549 0 161.341 235.543 71.7192 1159.77 379.377 30.643 69.0124 205.099 66.3267 20.888 6.0735 15.1015 226.295 14.0354 27.0003 48.183 456.937 1.68304 14.9489 13.3109 241.019 13.2602 25.9258 12.4917 
265.832 4.52742 115.01 5.2736 0 372.278 360.078 151.356 8.60258 10.3997 7.10932 39.6435 1.9296 70.2292 36.8845 74.8588 98.0083 231.207 252.561 44.811 0.17022 19.0409 53.4572 51.3435 16.5558 7.23587 19.682 46.2617 
225.328 271.974 0.0965204 276.531 343.029 0 999.032 198.271 244.72 746.878 10.3134 120.207 132.617 11.8383 0.987082 2.31146 239.048 105.307 90.4154 2.30814 25.8722 9.75465 16.1152 12.0068 228.251 5.43713 0.220003 9.15987 
107.179 364.145 3.58023 191.194 2.41311 893.91 0 409.315 18.863 32.4336 187.1 3.71683 181.278 18.0521 102.768 57.3843 6.26199 189.396 112.437 80.2518 123.213 62.9666 51.8872 11.1769 2.63051 86.3382 30.536 30.4864 
16.4927 226.536 238.179 424.548 141.919 50.1019 405.874 0 368.86 67.5257 374.354 129.883 3.19017 37.5336 13.7223 48.5567 4.45956 110.172 76.1895 100.983 170.974 27.4315 101.857 132.019 20.5334 201.96 28.803 27.1879 
299.036 557.823 9.96024 372.481 355.545 239.484 685.19 435.924 0 120.613 1299.19 225.987 190.969 133.842 296.615 124.2 225.43 21.4691 76.7275 106.569 43.4704 52.715 88.8937 41.2684 245.1 141.409 34.8282 75.7854 
89.3145 53.3665 111.067 53.0199 269.354 466.094 479.484 217.737 0.0781612 0 107.468 0.226206 235.228 72.9034 117.038 46.0476 25.3901 85.9172 98.3523 32.4017 0.468223 3.39748 50.2551 54.1397 51.6091 6.14827 47.0959 0.244258 
144.554 128.034 9.65163 203.936 62.9802 100.888 85.1345 2.79726 647.114 576.351 0 359.006 235.868 134.972 174.277 178.755 73.8275 84.3885 24.2609 86.5212 59.5266 78.7688 95.9848 9.19145 19.6942 15.5389 8.58885 1.58877 
228.645 1.58449 184.331 256.063 128.491 158.429 198.061 453.012 179.887 203.152 35.1489 0 94.0979 114.982 1.67817 429.757 1.52562 10.8946 25.6148 3.42998 33.6606 75.9991 126.742 105.193 217.857 393.092 31.1499 176.396 
3.12734 25.3015 57.1797 29.6095 6.52923 60.6117 3.20517 146.53 204.77 141.106 214.229 156.801 0 102.599 22.6654 65.491 60.724 72.3895 84.7086 27.0763 29.502 59.7899 61.9418 69.732 53.5039 8.78965 37.2403 2.19106 
52.241 41.2946 0.0606041 4.85406 15.7197 8.58786 72.2501 118.852 138.586 3.46811 211.49 23.1647 8.6033 0 0.636492 1.93655 6.74647 30.9778 0.0270128 1.93229 44.4796 7.04666 0.0267441 3.23891 14.9938 0.195051 2.94209 10.1785 
8.00914 91.9057 10.9343 3.82611 88.5806 38.7759 74.2403 117.763 17.25 31.4382 93.03 149.397 57.997 9.52915 0 13.6404 7.19565 10.3613 19.3316 9.32002 0.818242 14.5703 0.440149 1.54977 31.3973 23.2926 16.5752 8.88414 
2.44809 4.44384 21.7724 38.9191 0.222834 25.9079 24.2896 137.266 39.5871 89.2848 181.048 380.56 84.0593 6.66848 50.115 0 2.67958 8.65837 5.79833 7.84304 50.9119 11.9221 0.0187332 12.2874 24.9887 11.0193 18.4173 5.24127 
322.989 361.997 12.7709 281.342 13.9035 241.089 109.178 1.31979 282.677 27.2883 94.9346 87.8209 20.815 21.3702 18.5659 1.2874 0 154.287 457.295 0.258756 63.2221 0.0519967 12.4866 20.9862 244.451 27.3123 21.4627 0.940269 
3.53557 476.483 2.49936 134.807 91.6803 47.0023 166.699 61.4054 109.008 93.359 160.327 14.9507 91.433 0.529088 50.602 12.887 2.30917 0 9.99437 11.9074 13.8235 6.31629 20.0661 5.19647 18.8747 26.3057 28.8769 25.7402 
87.828 160.1 0.0385027 53.4816 248.557 48.6466 151.531 5.89592 155.106 32.571 2.73285 19.009 14.8476 22.1454 34.3348 29.7398 191.141 1.38436 0 3.30112 41.2138 22.9755 1.98886 5.02918 29.7746 12.3291 10.4175 2.0809 
222.3 0.450434 0.256729 48.1664 24.3352 0.00416429 3.12787 3.60733 2.49975 56.1296 7.23401 37.3055 3.44669 4.79993 3.76722 5.41919 33.6978 18.0118 19.7373 0 257.336 0.00134984 4.03999 5.69816 0.050524 0.3132 10.125 1.91765 
131.256 137.289 76.559 43.9714 11.4468 1.82279 106.396 85.675 42.2764 16.6407 134.833 137.82 72.9687 4.22036 10.6711 63.0102 42.1999 25.5758 71.0011 229.759 0 23.6771 38.7196 5.63651 0.404545 11.8269 35.6564 41.6546 
39.1483 11.8181 10.0749 16.7752 0.307813 0.0234337 62.9376 2.49115 50.5825 56.3519 22.0628 65.2365 4.47336 9.06064 2.57531 9.79342 14.5522 19.058 21.9165 5.84657 2.61215 0 4.04309 13.5505 20.4655 6.23839 1.006 0.977115 
21.718 39.6042 10.2771 0.225646 32.0284 0.208271 25.5077 73.6115 101.155 18.7693 0.00150209 119.774 70.274 0.023498 8.29064 0.645685 19.0838 39.3337 22.7871 3.9548 37.68 3.94795 0 1.13988 20.5024 10.3296 1.50351 0.0198508 
11.8596 61.7921 0.200993 11.0761 11.1037 17.7123 71.8263 94.0141 0.641485 2.9503 124.649 32.4856 62.2172 0.414282 14.7346 20.1825 7.12999 46.4196 10.449 4.68125 24.079 5.05942 17.8707 0 44.2389 16.6835 6.73711 0.434942 
253.406 229.467 2.82615 226.007 8.06533 229.626 80.6142 86.0062 324.531 48.2244 144.932 136.596 15.9372 13.5843 31.1324 16.9371 234.514 14.704 7.19646 13.4003 19.0286 14.4579 16.2888 42.063 0 36.7305 102.359 29.4795 
71.1124 59.4776 0.352302 17.4924 55.6139 22.4437 19.8544 163.572 120.133 66.2547 10.4076 0.459926 53.8962 12.6212 28.8276 6.69291 26.2902 27.4644 23.487 9.50041 3.49359 10.15 3.19106 16.2271 20.7191 0 32.2525 33.5739 
50.7487 37.8395 0.822586 0.431987 38.3162 2.68705 10.1729 81.9423 41.2688 5.81031 4.64222 44.0832 39.28 0.272728 17.8018 17.8877 0.0688288 43.6226 22.9138 0.894861 34.6285 1.10967 8.47836 4.07531 15.8259 15.6187 0 43.9774 
57.9431 27.516 0.37417 14.789 56.0987 20.9753 12.5897 23.6548 79.1206 1.00123 45.6487 34.4053 44.6877 11.9578 0.294938 9.77614 10.8523 21.1709 17.1934 0.00287513 3.65855 6.14991 4.91816 5.71333 26.9462 60.7257 0.00600494 0 
