0 886.493 47.3021 712.195 38.3823 397.614 61.2642 285.626 449.54 149.809 1.78001 226.345 109.161 0.000136597 5.69033 9.35154 374.019 90.4543 88.8217 224.744 243.965 25.8884 45.6333 6.22989 368.801 0.189668 23.3958 57.7726 
922.421 0 13.1674 449.895 48.9605 600.812 399.987 10.8605 498.364 227.828 248.46 215.352 23.1739 70.2435 83.0038 81.659 519.461 750.74 115.649 118.912 158.765 13.7918 55.2131 49.5258 443.65 82.1305 16.26 34.5328 
202.33 459.356 0 44.7663 127.592 52.2503 226.499 71.1673 103.337 88.6105 241.162 90.0065 72.9688 3.7848 12.3213 24.5704 22.234 3.84993 0.0137254 7.7117 50.4242 3.95506 11.4704 12.0704 27.9204 13.4101 5.01141 12.0582 
696.674 393.796 95.2515 0 8.57617 417.999 115.768 995.818 678.76 104.027 115.785 79.317 51.8299 11.2052 2.44977 1.26164 421.586 111.227 5.27353 23.2582 746.641 2.71189 19.1481 7.39623 382.905 31.2242 20.3513 16.157 
211.973 90.7822 177.174 158.9 0 21.7683 99.0465 45.4372 1.95205 311.381 105.666 83.641 129.926 41.7358 92.6109 32.1468 140.516 207.903 280.76 89.3772 90.9029 7.50701 45.8019 56.313 67.0178 9.95372 5.65224 45.3551 
369.237 457.937 63.1744 435.117 697.895 0 1178.84 214.766 820.976 566.856 71.3327 157.66 143.346 0.0839328 36.8928 16.5962 369.088 73.8608 63.7819 6.69685 73.4458 20.2106 11.8351 8.40359 382.468 6.66025 19.8068 20.0804 
2.34304 417.006 31.7555 162.271 435.716 927.612 0 338.862 306.58 17.411 335.171 261.516 55.5677 77.772 40.2261 96.7561 102.324 115.643 152.984 0.125474 132.452 16.327 39.3576 3.17828 0.158991 8.70493 57.1125 0.00405994 
5.63166 183.054 245.502 374.874 53.7011 13.2597 380.594 0 662.991 161.233 21.6442 742.489 107.599 51.7782 101.017 22.9685 83.79 171.313 67.5285 11.1042 97.6749 0.275746 81.9362 129.548 100.463 199.153 10.7761 25.384 
485.895 478.699 332.551 405.513 354.036 831.868 43.5837 29.7098 0 386.524 274.153 6.70856 78.7243 64.4209 276.068 23.0263 377.214 218.355 148.957 94.5781 56.6511 41.5227 38.7697 75.0446 443.473 125.413 74.886 66.1964 
4.19485 211.171 64.1046 0.366254 0.108762 199.503 493.737 8.25735 281.912 0 194.879 199.357 234.157 74.8729 2.34829 80.2847 28.2773 130.268 0.0082129 15.3343 89.7836 43.4937 54.406 41.2044 15.5646 76.3976 23.7362 31.4537 
102.378 84.1174 7.47737 193.278 0.0278693 192.017 428.146 367.705 802.461 518.614 0 517.964 8.23902 27.6044 146.028 228.672 94.6503 1.97933 81.2026 84.387 12.091 3.10287 69.2787 129.163 5.43742 28.6942 82.2862 0.916438 
191.142 221.458 172.079 222.924 82.7167 115.588 198.612 379.312 396.023 141.241 276.919 0 67.8844 107.564 14.0324 87.397 23.8788 62.9655 100.562 96.2772 38.4321 15.4022 38.4234 99.8072 70.6577 326.751 36.3811 0.229611 
0.397862 91.5944 48.7858 73.0174 78.5658 111.913 219.173 36.0615 121.27 58.364 146.092 159.336 0 142.068 66.649 64.6622 36.7334 61.9331 72.0803 14.1244 67.3043 55.7911 56.1971 6.31832 0.0326511 6.8125 38.5272 20.1551 
1.56213 0.710844 15.3272 8.49459 3.71126 0.961334 13.2028 34.1088 40.9061 19.8761 171.752 28.8769 64.638 0 4.54884 19.0708 14.9413 33.0662 3.07945 3.85544 28.0528 10.9015 5.68624 1.5394 1.74953 2.33986 0.853097 5.85698 
65.0613 13.4975 0.0337158 1.06863 5.62378 2.19579 68.8076 23.9393 60.1017 133.694 232.636 108.548 100.702 3.22383 0 50.7821 24.1766 68.5258 14.3644 10.7676 43.2647 5.06861 24.5847 27.4834 4.85919 20.2451 1.95229 20.7602 
70.2145 8.01112 0.500225 21.9214 49.8227 23.8021 103.295 174.097 138.303 6.08115 228.502 141.133 21.0075 8.81299 83.0611 0 11.9664 27.06 0.909123 5.77893 57.6814 11.2813 12.4096 18.5705 27.1658 24.0129 15.1492 0.321505 
440.313 369.514 4.43597 384.944 139.138 368.758 0.365421 76.0235 461.423 30.2268 87.4251 52.4548 1.19564 15.7991 10.105 24.1768 0 27.6778 70.6966 19.4958 40.3004 19.8534 0.149588 15.4901 384.723 14.1075 7.45774 19.8718 
233.397 459.847 159.765 1.07064 46.5151 21.0639 89.2543 137.951 162.429 125.16 143.039 70.1976 1.34413 1.03273 3.55933 61.7374 215.778 0 143.545 46.4599 6.29679 0.63764 40.6149 43.4341 45.0369 55.546 44.07 47.8513 
99.6664 1.62029 38.5047 62.654 277.984 88.6714 151.752 2.6164 49.1578 34.3211 113.744 31.4298 1.32401 12.5383 7.7453 24.8827 235.553 150.028 0 22.305 23.139 25.4175 20.3805 19.783 8.65136 6.89511 8.22562 3.37633 
37.8289 1.57301 0.0504995 23.615 95.0655 1.51607 88.7081 88.4344 2.92373 53.1821 1.71817 70.1962 13.4236 0.204668 1.99706 8.12031 15.1127 54.5046 4.93705 0 185.739 5.56791 3.03157 0.393359 1.22453 10.4345 9.20634 9.67024 
41.6039 177.688 63.3899 85.3194 118.253 46.2888 141.231 179.754 57.9607 61.1624 93.8114 133.209 0.066301 8.83389 55.7145 61.7255 62.1426 15.2504 72.0815 291.618 0 10.1633 2.35361 21.3535 46.9146 59.7718 25.0967 35.5904 
40.0006 31.0067 5.73575 8.20639 1.6562 12.5911 14.7577 36.1169 39.1251 20.0619 44.0541 1.97075 2.8419 2.84584 12.9796 11.7224 13.1379 8.40918 25.4178 0.0464165 30.7931 0 8.33386 13.7424 23.8618 1.18346 2.14196 0.480196 
14.0973 53.6143 11.3684 8.72009 56.3197 4.16635 27.8308 102.017 65.553 24.5806 5.8467 61.7755 65.0109 4.70481 9.554 11.6213 7.14444 22.0871 11.1947 3.24991 1.32956 8.22608 0 16.3173 18.7645 2.74547 1.60267 5.25321 
57.4229 0.726857 6.24209 5.47857 2.23764 17.9243 48.3035 136.765 17.3535 50.5514 26.8433 28.4932 0.156543 5.20662 15.7654 13.9813 18.2699 1.85388 23.1534 5.14395 40.599 1.03352 2.22829 0 13.8287 3.61407 12.996 0.245052 
442.259 385.123 9.09458 369.116 67.2739 397.025 89.9399 177.29 411.25 12.6359 91.2332 418.002 29.9598 3.19908 6.79649 30.3954 381.42 40.8683 12.8707 11.5429 60.5664 24.1312 9.17877 58.378 0 31.9551 95.4932 8.40499 
77.1198 58.8563 0.627149 35.1161 9.72821 23.5652 17.6778 167.215 139.592 27.2832 36.3056 128.945 20.0814 12.7947 26.8405 27.9674 20.3615 56.234 18.6908 4.95702 23.4165 0.16245 10.3887 1.25535 6.45413 0 37.6103 13.3225 
4.75628 24.7527 5.20089 17.2714 22.4828 13.3816 40.7817 5.13335 3.23955 35.0584 76.6319 116.491 34.8896 0.115146 3.46686 16.198 18.0298 40.2344 0.00199278 0.280223 42.0942 2.00323 13.4829 10.0848 14.4312 26.6541 0 92.0289 
19.7725 61.9428 5.17937 22.6239 28.2535 7.74877 5.06361 128.598 62.3587 27.6025 68.7918 145.749 18.5694 9.86614 9.18739 2.43517 24.2552 49.7809 15.0814 11.5068 47.5434 7.10884 10.1324 1.93829 20.9215 14.5872 40.3402 0 
