0 458.288 34.8484 616.308 167.601 66.4876 11.2618 281.773 461.659 116.82 1.37602 162.122 107.973 53.8868 27.7251 35.3853 485.462 160.066 1.22241 61.2948 13.4893 14.0576 47.0068 54.2053 503.64 0.352755 16.0596 18.438 
482.697 0 473.115 597.151 1083.44 194.878 1032.88 2.89735 10.4152 32.5196 267.272 0.341737 491.569 29.1815 7.10104 82.8215 456.643 159.064 128.079 127.862 163.462 27.4958 34.3602 11.0195 527.889 26.518 44.3003 64.4096 
194.981 0.536743 0 117.1 36.68 41.7281 249.283 2.32241 245.688 91.404 224 50.1177 71.4195 10.0341 0.0118075 0.0835202 9.64911 153.399 35.1269 12.8609 71.4047 5.54658 12.0406 14.0066 23.1546 19.249 0.947591 4.87964 
566.415 762.678 347.053 0 158.015 27.9004 87.8563 1326.52 236.236 35.8607 579.7 185.482 64.734 21.3961 4.78671 12.6753 450.228 9.42347 24.533 48.0956 148.699 1.91231 15.4742 12.2352 467.506 11.0569 25.5236 13.6954 
268.939 53.5656 99.5758 9.71256 0 683.549 393.361 140.448 39.5897 2.11465 13.1122 33.6371 4.34859 69.974 32.9245 74.5382 105.662 226.502 227.832 49.13 7.8727e-06 17.6169 52.6943 50.4082 14.8565 5.90051 20.7073 47.3682 
0 0 0 0 0 0 0 0 0 0 0 0 0 0 0 0 0 0 0 0 0 0 0 0 0 0 0 0 
88.2851 425.876 0.0268641 182.194 15.0844 1671.15 0 401.646 438.204 5.625 135.721 9.14268 169.991 14.4938 94.2474 52.2153 8.30529 177.681 119.886 77.0278 127.055 62.8876 49.4349 13.0829 1.53376 83.1003 32.1158 28.1394 
7.68926 209.06 255.313 428.149 130.739 128.874 410.383 0 555.399 79.7327 370.868 306.922 1.74886 31.6999 7.76945 29.7244 3.32866 102.687 79.9484 97.0717 162.615 25.7249 101.197 128.318 29.6912 214.899 32.1327 32.7753 
0 0 0 0 0 0 0 0 0 0 0 0 0 0 0 0 0 0 0 0 0 0 0 0 0 0 0 0 
96.8892 71.5405 108.208 47.3929 292.789 949.805 504.575 221.374 10.0669 0 188.11 2.181 267.355 69.5065 123.246 40.8235 22.7897 79.6426 103.141 34.3295 0.139461 4.50021 52.0478 55.5101 49.0084 8.14189 46.7846 0.0630018 
136.303 144.551 3.09692 289.934 50.0423 152.602 47.8931 0.0276806 919.126 523.637 0 407.93 226.309 116.638 236.479 160.832 71.5247 77.6478 20.5503 86.3883 64.8547 78.5503 102.414 12.9202 14.6868 22.1576 10.2504 0.701896 
228.024 4.09812 187.147 259.591 135.093 313.876 214.737 671.219 293.369 190.504 68.2575 0 100.519 125.181 0.161112 480.035 0.990242 8.31081 23.0706 4.90821 39.3237 76.3486 127.101 118.971 298.299 369.152 35.8348 175.46 
4.49896 46.8759 54.6384 27.0483 3.4697 62.5372 0.702313 147.57 405.74 104.841 225.61 154.836 0 86.6753 16.5735 69.0333 59.8679 75.444 85.2241 25.9578 31.3637 55.0535 56.6148 69.0346 52.7413 7.52035 36.85 1.72894 
52.7681 43.8269 0.180412 4.14835 17.8571 15.2346 76.2815 121.646 282.261 5.58342 213.367 15.8752 17.5 0 5.61638 0.894012 6.31718 32.4104 0.000655552 2.04752 44.7005 7.52337 0.385011 2.4994 14.5583 0.371723 2.68083 9.88553 
6.45238 89.8789 12.7434 2.7921 90.4997 74.7311 65.0174 129.852 8.38242 23.1239 149.763 176.927 49.8012 2.41408 0 30.0971 6.59445 11.9544 20.5032 9.04957 0.465798 15.0518 1.18494 0.70241 37.3197 21.6061 17.0138 9.79315 
1.39697 6.10717 22.555 37.2716 0.0256354 52.8382 20.0487 163.397 95.6456 90.6977 163.374 450.05 83.3663 8.65615 68.3714 0 3.05154 9.96939 5.17205 8.07737 52.5427 11.8603 0.151151 15.8599 23.0837 8.47011 18.1885 6.20053 
549.529 581.511 14.7578 505.174 18.8777 28.082 109.705 0.734914 122.812 24.6312 94.366 87.7317 19.2438 21.5298 19.2577 1.04197 0 181.986 415.139 0.460969 64.1024 0.0958303 12.1448 21.011 469.443 27.3481 21.3091 1.12131 
0.788336 475.427 0.447999 129.87 77.9164 81.6311 153.472 54.3241 195.848 87.2036 163.373 11.9332 89.0612 0.85594 48.6567 11.43 10.0082 0 14.1692 9.50744 11.2968 5.72888 19.0397 5.93371 20.3489 24.5754 29.7061 24.5749 
83.3982 154.369 0.30856 55.1856 223.188 85.955 154.372 7.76836 310.114 38.1613 1.50108 21.3884 17.1672 21.5576 33.5751 29.4457 216.542 3.24119 0 2.67129 39.2803 22.6467 1.70741 4.6085 29.4924 11.5897 9.99497 2.38148 
222.12 0.0187732 0.62872 48.1264 28.1965 0.138984 4.84048 5.694 8.03339 55.7879 5.7 40.8909 4.09497 4.79258 4.07442 5.72196 33.464 15.1401 18.5872 0 203.55 0.00671165 4.01351 5.5976 0.0147629 0.43957 9.99994 1.71749 
148.356 129.635 84.1127 26.0419 8.90545 2.16121 111.283 75.4553 70.7905 14.3893 131.481 132.345 71.996 3.57267 9.38509 62.9996 43.8645 22.2697 71.5488 279.025 0 24.1772 39.0351 6.4791 0.166019 13.4495 36.3825 42.6313 
38.837 10.7806 9.83549 16.8143 0.12478 0.000122324 62.9661 3.1917 97.7519 55.0819 24.2396 66.7975 2.58363 8.66577 2.12379 9.46429 14.8995 18.223 21.5352 5.781 2.92448 0 4.98261 13.25 20.9503 5.97447 1.16291 0.856816 
20.4584 38.0564 10.5976 0.382255 30.4163 0.198533 28.0899 69.6811 203.753 21.0872 0.356338 122.56 65.399 0.0943827 6.32591 1.09689 19.0326 38.6257 22.6519 3.91778 38.0992 4.88139 0 0.0840362 19.488 10.2469 1.23801 0.00238042 
13.3831 61.5487 0.346825 10.0232 12.3787 35.6986 71.695 86.6628 2.8844 4.04551 126.786 43.7847 60.086 0.152132 12.5367 16.7312 7.51457 45.935 9.93004 4.82007 25.3474 5.72515 19.9135 0 44.9414 16.5813 7.4845 0.622962 
475.265 452.768 2.16113 451.175 6.80704 7.66505 82.9381 72.5628 188.69 45.5187 143.138 255.599 14.3908 13.852 124.774 35.9931 458.442 16.0768 7.80775 13.5236 17.3937 35.9102 18.0376 50.5153 0 79.1999 71.1617 117.474 
72.995 62.3311 0.120463 15.1084 53.6826 46.6215 16.3428 143.86 250.908 68.4706 16.0464 5.47713 53.2994 12.8087 27.7757 4.59229 26.0445 25.7237 24.1191 9.19542 2.62451 10.0182 3.56956 16.4665 22.3913 0 33.8065 26.3994 
50.9643 36.6422 1.04249 0.25595 39.1681 4.72208 11.3818 84.6708 87.0836 6.63973 3.51315 39.1096 39.2082 0.187716 17.4166 17.5684 0.114787 43.9001 22.7037 0.777177 33.8483 1.2734 8.89976 4.72532 15.3068 17.9097 0 32.0292 
57.0952 25.6884 0.58809 13.5709 56.4331 41.1462 10.8364 18.7665 152.204 0.575693 50.0695 25.8326 44.846 11.9176 0.537808 10.8779 11.3009 20.0282 16.6673 0.0180925 4.3461 6.35977 4.62513 6.20819 24.6411 62.9831 1.40135 0 
