0 424.313 28.9104 568.84 160.144 458.073 8.42586 286.546 648.437 114.207 0.846609 157.65 107.64 53.8465 28.6978 36.7151 456.52 165.531 0.861415 62.5499 10.6111 13.7467 46.9683 53.8527 477.125 0.206996 15.6166 17.7974 
440.739 0 472.184 584.792 384.728 528.539 431.384 4.609 431.13 17.2339 267.645 0.775329 102.902 28.2077 7.97835 82.4058 430.528 560.932 131.444 125.564 161.499 27.0134 33.7338 11.5818 500.313 27.6743 43.9106 64.5048 
190.301 1.01274 0 152.088 32.0489 18.8742 247.915 0.776763 151.268 89.1317 227.961 45.7954 71.7758 10.3092 0.00027516 0.0368353 8.98757 151.151 34.0487 13.4435 74.3854 5.65878 11.9718 13.8711 22.8008 18.7871 1.03479 5.11711 
520.355 734.265 368.772 0 156.385 437.461 94.1834 1024.86 526.804 37.9226 51.3602 177.45 64.082 21.5763 4.32697 11.7744 422.618 7.87733 23.5948 47.9492 615.788 2.00387 15.6698 11.823 440.848 10.245 25.3583 14.163 
269.361 41.4109 93.5778 11.7548 0 366.808 403.878 136.165 25.2503 0.590669 15.8805 31.4277 5.53037 69.8286 31.4291 74.3635 108.527 224.26 217.397 50.7897 0.0263932 17.0773 52.3792 50.0299 14.2204 5.41988 21.1035 47.7811 
424.316 445.924 1.59982 478.52 310.859 0 839.023 184.345 506.884 693.372 1.05572 109.206 276.108 10.4461 2.28717 3.38053 433.472 111.247 89.2563 3.16538 22.3396 10.6657 16.3039 11.2031 426.239 6.73494 0.384215 8.23588 
81.2577 446.574 0.252429 178.151 22.7408 762.662 0 396.804 342.905 1.15622 117.27 11.8467 165.372 13.2109 90.8595 50.2235 9.16149 172.929 122.629 75.7216 128.443 62.8279 48.4718 13.847 1.18896 81.7792 32.7224 27.2456 
5.16628 202.017 260.676 444.674 126.379 70.2312 410.166 0 243.349 84.5529 368.333 387.095 1.30773 29.5429 5.90909 23.5507 2.93619 99.7834 81.368 95.48 159.237 25.0739 100.848 126.697 33.5803 219.078 33.4394 35.0191 
517.967 709.541 4.08482 620.293 349.772 423.578 1158.51 545.705 0 172.436 1552.09 271.463 182.277 138.208 293.289 113.784 422.096 13.2273 86.5008 106.494 33.9615 50.4214 92.6491 46.7972 448.497 138.655 31.7182 71.3595 
99.759 34.9778 106.888 45.2434 300.557 506.663 508.346 222.384 8.96428 0 222.552 3.46157 278.409 68.1056 125.283 38.8281 21.813 77.214 104.875 35.0636 0.0644077 4.96218 52.6995 55.9969 47.985 8.97416 46.6486 0.0247673 
133.034 150.874 1.53153 202.025 45.3668 67.3929 36.1029 0.171274 489.843 497.287 0 425.025 222.166 109.476 259.915 153.508 70.6186 75.0663 19.1895 86.2848 66.9189 78.4279 104.776 14.504 12.9348 24.9667 10.9233 0.455388 
227.413 5.371 187.767 259.894 137.552 156.106 220.834 749.684 134.277 185.337 83.45 0 102.953 128.906 1.11062 490.386 0.814659 7.40476 22.1169 5.54327 41.5838 76.4479 127.054 124.136 324.523 355.681 37.6879 174.709 
5.08988 32.4234 53.6285 26.0756 2.54359 44.25 0.221522 147.855 201.836 91.6296 229.543 153.943 0 80.4147 14.443 70.3192 59.5183 76.5962 85.3679 25.5241 32.0848 53.1975 54.5175 68.6924 52.4224 7.05442 36.6916 1.56518 
52.945 44.7903 0.243272 3.88848 18.7032 7.25104 77.7626 122.555 141.891 6.52077 213.222 13.3993 21.6481 0 8.71279 0.594268 6.15433 32.9572 0.000771912 2.09209 44.7699 7.70218 0.629102 2.23222 14.3418 0.454255 2.58258 9.76821 
5.89403 89.0128 13.4546 2.43448 91.1531 36.761 61.4896 134.324 8.17845 20.1941 173.235 187.129 46.6903 0.889785 0 37.3463 6.36822 12.5909 20.9529 8.94295 0.356316 15.2275 1.56271 0.462597 31.295 20.9316 17.1756 10.1463 
1.06935 6.81163 22.8288 36.5753 0.00160682 26.5867 18.4997 173.136 51.1047 91.0868 156.124 469.165 82.9788 9.43751 74.3935 0 3.20016 10.4935 4.93873 8.16411 53.1448 11.8289 0.235423 17.2267 22.3247 7.54704 18.0887 6.58301 
522.807 551.998 15.5465 477.447 20.9648 435.38 109.826 0.554914 484.939 23.6302 94.108 87.6663 18.649 21.5862 19.5214 0.95422 0 192.306 229.685 0.553964 64.421 0.116213 12.0125 21.0165 442.198 27.3548 21.2472 1.19498 
0.25499 461.866 0.100763 127.76 72.7684 38.4937 148.231 51.6662 93.6868 84.8059 164.416 10.8554 88.111 1.00213 47.8933 10.8876 14.3536 0 15.9479 8.6476 10.3862 5.5094 18.6467 6.22845 20.9232 23.9153 30.0222 24.1271 
81.6434 151.909 0.480794 55.8009 212.557 40.8015 155.235 8.55239 154.867 40.3778 1.12378 22.3311 18.0928 21.3256 33.2687 29.3219 224.155 4.15778 0 2.44539 38.5341 22.5155 1.60443 4.45041 29.3759 11.3076 9.83318 2.50196 
220.404 0.200592 0.814355 47.9981 29.726 0.115659 5.59297 6.61633 4.69158 55.6209 5.15522 42.2823 4.35756 4.78824 4.19409 5.83757 33.3589 14.0881 18.1444 0 181.242 0.00986019 4.00232 5.55728 0.00668263 0.493639 9.94986 1.64291 
154.811 126.586 86.9414 25.0573 8.00686 0.845839 113.099 71.5961 32.8734 13.5596 130.112 130.151 71.6007 3.33675 8.90823 62.9573 44.4986 21.0457 71.7328 294.541 0 24.3672 39.1459 6.81636 0.102041 14.0938 36.655 42.9958 
38.7085 10.3908 9.74135 16.8249 0.0759796 0.00230826 62.9478 3.4831 48.2087 54.5576 25.0922 67.3719 1.99018 8.50632 1.96011 9.33315 15.0316 17.903 21.3843 5.75488 3.04882 0 5.35771 13.1187 21.1194 5.87255 1.22599 0.812463 
19.9761 37.4523 10.7157 0.453195 29.794 0.0679123 29.0956 68.1326 102.058 21.9958 0.707421 123.461 63.4413 0.233375 5.61674 1.29896 19.0094 38.3442 22.594 3.90258 38.2504 5.25469 0 0.000163696 19.0637 10.2069 1.14205 0.000178176 
13.9862 61.4247 0.413197 9.62353 12.8824 17.8914 71.5965 83.7733 1.83408 4.5094 127.432 48.4448 59.2112 0.085117 11.6984 15.3593 7.66369 45.7353 9.73141 4.87238 25.8344 5.98487 20.4117 0 44.985 16.5198 7.77594 0.70382 
446.833 424.921 1.92713 424.05 6.34827 425.645 83.7682 67.507 514.381 44.4608 142.235 219.512 13.8097 12.7606 31.3891 43.6474 430.792 16.6153 8.04727 13.5656 16.7764 51.2431 18.7161 52.6689 0 101.394 126.464 144.886 
73.6613 63.3973 0.0635246 14.2138 52.9188 23.6279 15.0654 136.02 127.335 69.2587 18.5035 12.1863 53.041 12.8661 27.3212 3.87241 25.9436 25.0584 24.3566 9.075 2.32187 9.96454 3.7179 16.537 23.0373 0 34.3473 23.6942 
51.0312 36.1761 1.1336 0.200333 39.4888 2.24053 11.8607 85.6736 44.4132 6.9711 3.11902 37.2371 39.1712 0.159167 17.2609 17.4347 0.13556 43.9983 22.6195 0.733969 33.5426 1.33905 9.05951 4.98401 15.1424 18.797 0 27.6544 
56.7436 24.991 0.682827 13.1063 56.5427 20.4096 10.1909 17.013 74.9027 0.442889 51.7801 22.8061 44.8917 11.8952 0.650002 11.3035 11.4739 19.5915 16.4635 0.0274241 4.62479 6.44003 4.51277 6.39997 23.7341 63.4321 2.77094 0 
