0 29.5529 7.86811 62.2644 124.405 50.2855 0.559819 302.888 203.037 101.303 0.0734718 135.714 105.584 53.4574 33.331 42.9926 28.2259 189.434 0.00831473 38.0858 1.63311 12.3096 46.6532 51.9981 59.7936 0.0396149 13.5833 14.8822 
7.21469 0 391.914 231.146 483.805 149.506 507.159 17.7448 40.933 4.78629 265.364 5.12968 113.375 23.721 12.7032 79.9331 16.6602 263.514 145.916 112.889 150.951 24.7437 30.76 14.3627 77.8267 33.2573 42.0079 64.7417 
161.849 79.4218 0 280.694 13.9397 10.4795 230.101 4.58201 296.106 77.5306 239.785 27.4661 72.9865 11.5674 0.365038 0.070048 6.14479 137.888 28.9504 16.1743 87.9635 6.18827 11.5975 13.1748 21.0264 16.5383 1.49228 6.28311 
28.6288 289.385 297.189 0 146.267 23.2638 123.906 559.098 49.8368 47.9 31.1522 137.443 60.743 22.3038 2.44975 7.8524 0.637912 2.4122 19.2979 46.4382 207.177 2.45855 16.5365 9.91161 23.0775 6.74673 24.506 16.38 
265.558 136.557 65.8248 23.6454 0 296.851 433.598 115.629 58.5922 6.01582 32.0767 21.8784 12.8797 68.798 24.6649 73.1656 121.227 210.682 163.916 58.5037 0.83242 14.6094 50.7424 48.1213 11.3739 3.41736 22.9768 49.6218 
8.13945 5.34015 6.16198 62.311 647.498 0 884.085 161.228 215.727 201.96 3.4048 93.8166 236.901 8.64504 4.72608 5.02885 8.8925 117.44 85.7625 4.45196 17.9714 11.8491 16.436 10.1263 6.15284 8.56433 0.665287 7.06407 
50.8291 514.103 12.9805 155.434 77.0965 267.304 0 361.021 1019.5 24.9494 45.2514 28.8779 142.016 7.88495 74.427 40.9436 13.6822 149.151 134.446 69.1497 134.251 62.3317 43.8257 17.6481 0.153352 75.0658 35.5559 23.1357 
0.00908141 167.238 275.64 518.245 105.686 98.8119 394.778 0 101.209 107.782 347.92 772.794 0.0900474 20.1736 0.542131 3.8123 1.41485 86.0604 87.81 87.4206 142.333 22.0645 98.5212 117.732 54.1569 232.11 39.7373 46.1507 
126.683 220.94 73.3298 259.729 329.05 58.955 1254.91 640.638 0 241.879 1652.28 324.832 168.372 142.07 222.597 98.6855 0.857586 5.33512 99.0223 105.336 22.983 47.3002 96.6976 54.0665 36.2467 132.811 27.7377 65.2564 
112.768 16.1083 99.1647 35.3797 326.265 381.675 481.335 224.168 41.5209 0 391.331 13.2868 317.689 60.9176 131.984 29.694 17.421 65.7869 112.125 38.4396 0.0953838 7.40142 55.4593 57.9697 43.0383 13.3355 45.8898 0.0799512 
117.109 179.843 1.50286 194.124 25.9995 31.3609 2.56291 9.77647 154.535 342.989 0 488.364 199.626 76.1759 354.733 117.186 66.2245 63.1004 13.331 85.4111 76.6762 77.5698 114.902 22.9667 6.09749 39.8836 14.3232 0.00858355 
221.811 13.5519 187.19 253.479 148.42 150.33 246.568 1003.56 80.5475 159.263 169.116 0 114.041 144.568 16.6614 466.025 0.217845 3.82263 17.8372 9.00248 52.7309 76.6516 125.464 146.776 308.358 267.899 46.7011 168.356 
8.32248 42.6315 48.6774 21.6232 0.108378 59.285 1.57815 148.333 194.794 38.6367 244.374 148.762 0 51.4656 6.22855 75.7175 57.7291 81.8188 85.6354 23.4667 35.5027 44.3412 44.4748 66.5493 50.7392 5.04003 35.8866 0.901844 
53.5816 49.2109 0.66079 2.76115 22.835 5.5992 84.1287 125.545 143.41 11.7807 206.156 4.44473 45.5175 0 29.0194 0.00384615 5.40713 35.4872 0.0775911 2.30271 44.9804 8.50067 2.43733 1.14124 13.3556 0.946449 2.13885 9.18489 
3.58565 84.3378 16.8639 1.06861 93.5682 33.5039 45.377 153.546 4.7434 8.79129 283.821 229.905 32.703 3.76756 0 70.8063 5.3451 15.7481 23.05 8.42408 0.0375735 15.9781 3.95273 0.0046459 30.6769 17.6252 17.8812 11.8199 
0.113028 10.578 23.8978 32.8946 0.274452 27.1505 11.9143 214.416 67.1247 91.7421 119.981 488.891 80.2825 13.0461 89.5919 0 3.93857 13.0945 3.90238 8.54463 55.773 11.6261 0.869195 23.1528 18.645 3.77894 17.535 8.4617 
104.117 119.692 19.4071 54.337 31.9377 10.5931 109.784 0.0465868 70.1919 19.1083 92.6077 87.1287 15.9319 21.8131 20.7391 0.591961 0 236.204 338.836 1.1025 65.765 0.238088 11.384 21.0113 21.6107 27.3336 20.9357 1.57063 
1.67691 347.514 1.78167 116.443 50.0794 28.1488 122.892 39.7615 74.2041 73.4113 168.333 6.43502 83.3831 1.83924 44.2081 8.48236 44.0913 0 25.4922 5.10856 6.58299 4.5276 16.8182 7.69335 23.6673 20.8619 31.4844 22.0311 
73.09 138.642 1.79019 58.374 158.575 30.7966 157.523 12.6901 152.706 51.1636 0.0793547 26.9458 22.6693 20.195 31.729 28.6616 240.866 9.91611 0 1.51023 35.0201 21.8644 1.16069 3.73682 28.7701 10.003 9.07897 3.10337 
200.771 3.61535 1.99054 46.5699 37.1743 0.487361 9.79187 11.7974 8.5181 54.5754 2.94474 48.8716 5.6868 4.75665 4.76605 6.37182 32.755 9.57388 16.0683 0 79.5157 0.0327169 3.94239 5.35616 0.0110502 0.787383 9.70041 1.31142 
183.534 111.618 99.4325 74.4669 4.39476 0.125727 121.102 54.2062 22.0584 9.94669 123.117 119.271 69.5899 2.32869 6.80789 62.4755 47.4232 15.6765 72.3962 332.269 0 25.241 39.5862 8.49435 0.00895944 17.2584 37.8842 44.6198 
38.0398 8.63361 9.28466 16.8427 0.00798551 0.0963634 62.6444 5.01131 45.0013 51.8433 29.1957 69.8668 0.230265 7.70843 1.27025 8.68627 15.6415 16.4105 20.6448 5.62579 3.66401 0 7.18579 12.392 21.7819 5.39187 1.54203 0.61868 
17.7332 34.5579 11.2293 0.864485 26.8639 1.71617e-05 33.8859 60.6444 102.197 26.3609 3.92696 126.378 53.784 1.63693 2.7414 2.43772 18.8745 36.9568 22.2778 3.82422 38.8843 7.07788 0 1.99616 16.8538 9.9598 0.739264 0.0234615 
16.9353 60.6176 0.799718 7.7995 15.3401 18.0089 70.7806 69.9294 4.28558 6.99068 129.12 72.0959 54.7283 0.0297051 7.92237 9.0286 8.37233 44.7009 8.8074 5.10943 28.11 7.21973 20.352 0 43.5158 16.0701 9.16482 1.14537 
20.8339 1.87778 0.9981 4.39472 4.38882 3.00018 87.1666 45.1423 82.8222 39.3963 136.463 581.774 11.1925 11.5864 31.2356 55.7949 8.34485 19.2147 9.20294 13.7219 13.9733 86.856 21.8806 54.0105 0 90.5337 67.4957 30.962 
76.3414 68.1397 0.0381091 10.2324 49.1893 24.9853 9.66232 98.6112 134.836 72.4528 31.9821 75.2875 51.6172 13.0234 24.8523 1.25386 25.4225 21.9741 25.4278 8.48808 1.1416 9.69045 4.43058 16.7037 26.0423 0 36.4233 12.127 
51.2265 33.9488 1.60895 0.0298666 40.9419 1.7119 14.2076 90.0091 48.4724 8.61538 1.57276 28.8152 38.9273 0.056275 16.4772 16.7282 0.256111 44.3954 22.1983 0.546417 32.0673 1.66672 9.78922 6.25512 14.6014 22.9415 0 10.3298 
54.9093 21.7671 1.21845 10.9671 56.9157 19.5791 7.38767 9.80376 69.0162 0.0511269 59.8363 10.8647 44.9939 11.7383 1.31331 13.2961 12.2882 17.5667 15.4966 0.0970397 6.03712 6.81313 3.98936 7.30705 19.4144 62.3329 14.8082 0 
