0 201.77 3.00402 172.036 110.022 192.196 0.0165465 306.468 328.325 95.8567 0.566318 126.552 104.527 53.2073 35.2208 45.5203 161.712 198.063 0.0612937 23.9074 0.220751 11.7412 46.4635 51.1599 197.472 0.214651 12.7869 13.7534 
165.132 0 331.33 391.136 509.85 301.96 521.932 25.3132 195.312 1.9093 262.572 7.95032 117.346 21.9609 14.8763 78.6989 156.45 72.5827 151.038 107.005 146.12 23.8277 29.549 15.5464 213.355 35.567 41.2077 64.7387 
147.931 139.542 0 291.793 8.574 7.65354 218.02 11.2071 351.322 72.5032 241.209 21.1562 73.2549 12.0549 0.706133 0.201474 5.12989 131.402 26.8959 17.2579 93.1472 6.40278 11.4233 12.8672 20.2628 15.6026 1.69891 6.77523 
147.549 407.996 342.988 0 141.117 162.52 135.52 832.423 168.376 52.0118 24.155 120.828 59.2734 22.5398 1.832 6.44127 136.682 1.083 17.6276 45.4563 439.15 2.65331 16.8605 9.15732 160.68 5.50276 24.1275 17.2794 
261.36 185.54 55.1886 29.4213 0 230.219 435.675 107.247 75.2218 13.9779 39.9959 18.4408 16.6497 68.2215 22.0798 72.5081 125.935 203.876 141.353 61.5499 1.47524 13.6474 50.0106 47.2914 10.2953 2.732 23.7374 50.3167 
147.224 137.812 8.759 200.098 1008.2 0 1186 150.644 409.664 276.564 8.97363 87.3937 160.817 7.93234 5.92832 5.76695 143.859 119.396 83.7484 5.0203 16.299 12.3223 16.4522 9.68532 142.865 9.33917 0.799901 6.60428 
40.0697 524.945 23.2604 144.814 106.258 116.748 0 341.116 1215.41 54.3155 24.8009 37.636 132 6.08691 67.6833 37.2764 15.7295 139.037 138.653 66.3175 136.246 62.0308 41.9043 19.2736 0.0117296 72.1444 36.6894 21.5247 
1.11225 152.716 276.61 479.486 97.3382 110.671 382.128 0 58.1179 117.284 335.944 897.714 0.00172428 16.7963 0.0021528 0.570892 0.953679 80.5258 90.2912 83.9261 135.104 20.8754 97.2663 113.532 63.3433 234.088 42.3399 50.8696 
275.182 328.934 121.165 416.683 316.783 238.071 1088.46 658.346 0 268.661 874.003 343.456 162.033 143.016 264.653 92.2433 137.294 3.12285 103.938 104.531 19.0678 46.0037 98.04 56.9902 176.327 129.771 26.1628 62.7064 
117.741 10.3969 95.3939 31.5587 331.122 287.144 450.841 223.492 60.5996 0 454.537 18.9584 326.656 57.7745 133.273 26.1752 15.7486 61.2036 114.6 39.7614 0.287416 8.50625 56.4238 58.6138 40.9902 15.2914 45.5282 0.212055 
110.481 190.986 4.91313 189.284 19.529 20.1839 0.0441119 17.7139 76.8198 273.999 0 504.569 189.277 63.3935 381.531 102.201 64.3919 58.3793 11.2307 84.8789 80.6201 77.0922 118.478 26.8189 4.02634 46.596 15.8021 0.162404 
218.305 17.8437 185.33 247.324 152.454 147.161 255.383 1030.15 61.7222 148.1 208.408 0 118.32 149.891 27.7924 424.27 0.0842118 2.69972 16.2094 10.613 57.446 76.6105 124.189 154.91 285.242 225.039 50.4528 164.519 
9.83484 46.999 46.5964 19.8907 0.0338349 80.4008 3.8057 148.121 190.966 22.8169 248.531 146.224 0 40.6128 3.82625 77.5684 56.9399 83.8295 85.5518 22.629 36.8936 40.7511 40.4029 65.4417 49.9759 4.31214 35.5337 0.684268 
53.7464 50.9364 0.885066 2.35276 24.5673 4.97081 86.3933 126.139 143.109 14.2735 200.426 2.16178 56.6884 0 38.2046 0.159832 5.11432 36.4874 0.144221 2.38816 45.0109 8.80034 3.39626 0.790998 12.9188 1.19203 1.96857 8.93551 
2.80637 82.1826 18.2519 0.66995 94.2287 32.0157 39.2168 160.294 6.13132 5.42342 323.5 243.884 27.4772 9.32707 0 80.9244 4.95141 17.0951 23.8864 8.20685 0.000941418 16.2441 5.17067 0.137732 30.2754 16.2494 18.1396 12.4977 
0.00283573 12.3012 24.2227 31.2424 0.564529 27.2714 9.60974 228.151 73.7641 91.4543 104.985 462.987 78.7981 14.3954 88.279 0 4.25491 14.2058 3.51303 8.68499 56.7351 11.5187 1.22999 25.1405 17.1411 2.57629 17.2729 9.25018 
241.067 250.969 21.0263 189.656 36.858 145.465 109.482 2.97546e-06 208.971 17.3759 91.869 86.8044 14.8742 21.8869 21.22 0.469413 0 250.957 15.4919 1.37544 66.2349 0.299484 11.1275 20.9948 158.065 27.3004 20.8003 1.73605 
4.0762 313.288 3.99183 111.289 41.7788 24.2888 112.503 35.2656 66.6298 68.7885 169.442 4.96056 81.3585 2.24655 42.6803 7.58163 59.8867 0 29.8543 3.92531 5.27745 4.15479 16.0895 8.32107 24.7938 19.6559 32.0634 21.1899 
69.5203 132.573 2.54786 59.2566 136.015 26.9344 157.609 14.5653 151.25 55.6427 0.0011244 28.89 24.6139 19.7205 31.0627 28.3591 239.098 12.892 0 1.19324 33.6014 21.5858 1.0006 3.46274 28.4986 9.48723 8.77746 3.36247 
188 6.16083 2.60099 45.6194 40.2762 0.708785 11.7819 14.2661 10.3581 54.0335 2.21987 51.5396 6.26663 4.73868 5.00079 6.58253 32.4602 7.96611 15.2357 0 46.1529 0.0457154 3.91477 5.26965 0.032623 0.924122 9.59317 1.18665 
194.103 105.345 104.012 104.245 3.23011 0.0157699 124.064 47.615 18.2167 8.6275 120.046 114.642 68.7081 1.9698 6.02836 62.1493 48.5759 13.6979 72.5693 328.877 0 25.5849 39.7263 9.21375 0.0686566 18.5947 38.3557 45.2327 
37.7399 7.96019 9.09387 16.8346 0.056111 0.173269 62.4207 5.70137 43.676 50.6362 30.8924 70.7753 0.0103428 7.36656 1.0305 8.41209 15.8823 15.8136 20.3324 5.57069 3.9267 0 7.93842 12.0503 21.9871 5.19733 1.67866 0.547374 
16.8409 33.3671 11.4165 1.06632 25.6818 0.00991063 35.8391 57.5448 101.917 28.1553 5.94295 126.924 49.7393 2.49147 1.83512 2.97473 18.808 36.3671 22.1298 3.78936 39.1041 7.83035 0 3.79288 15.8769 9.83296 0.59982 0.0485749 
18.1749 60.1881 0.989866 7.09345 16.372 18.0187 70.2875 64.2952 5.55394 8.12726 129.164 82.2089 52.761 0.129229 6.51868 6.71259 8.66192 44.2389 8.43915 5.20085 29.0204 7.71968 19.2186 0 42.173 15.8153 9.73077 1.35159 
155.191 137.518 0.705609 141.391 3.69216 138.691 88.294 36.9778 214.689 37.3219 133.447 934.544 10.1929 11.0861 31.0173 45.5085 144.068 20.2941 9.68294 13.7656 12.8908 66.1576 23.1186 51.234 0 49.0037 72.3598 59.7907 
77.2044 69.9173 0.141229 8.75218 47.6243 25.4673 7.78159 83.8134 137.197 73.4924 38.2254 112.589 50.9468 13.0337 23.7171 0.590191 25.1906 20.7523 25.8384 8.24211 0.780187 9.56982 4.7238 16.6933 27.2204 0 37.0295 8.28118 
51.2493 33.0339 1.82252 0.00379049 41.5025 1.51654 15.1982 91.5742 50.0897 9.31871 1.09401 25.6194 38.7963 0.0294661 16.1372 16.408 0.315504 44.5256 22.0165 0.478032 31.4541 1.80783 10.0728 6.79083 14.4833 24.5744 0 5.42681 
54.0858 20.4941 1.47606 10.1287 56.9993 19.2158 6.36815 7.40839 66.5356 0.00232263 63.0742 7.20464 44.9822 11.6512 1.64298 14.0884 12.6174 16.7628 15.1022 0.137156 6.65416 6.96171 3.78081 7.67422 17.6827 60.4206 21.8679 0 
