0 518.156 0.230823 409.599 93.7362 458.642 1.3071 308.34 574.774 89.4398 1.71334 115.847 103.148 52.8518 37.4107 48.4204 418.412 207.157 0.408974 18.2219 0.218191 11.093 46.1996 50.1291 458.831 0.59103 11.8852 12.4866 
467.465 0 250.77 674.276 527.692 579.25 526.27 35.5656 479.509 0.197156 258.033 11.9502 121.722 19.9711 17.5651 77.1095 420.733 735.136 156.369 99.755 140.166 22.7703 28.1447 16.9552 472.187 38.2654 40.2607 64.6642 
130.658 219.863 0 267.536 3.92992 4.87676 201.074 22.301 406.012 66.5214 240.38 14.7672 73.4047 12.6004 1.23649 0.437334 4.05879 123.214 24.5396 18.4848 98.8473 6.651 11.2061 12.4938 19.3507 14.5088 1.95321 7.35779 
397.163 642.615 286.067 0 134.479 425.879 148.361 1143.14 412.104 56.7821 17.0363 101.793 57.4934 22.77 1.22418 4.95445 396.333 0.19807 15.7523 44.0689 586.275 2.88624 17.2151 8.3022 422.019 4.201 23.6662 18.3179 
254.669 246.163 43.5968 36.7074 0 147.571 430.722 97.5743 96.2987 27.0767 50.0388 14.7897 21.5484 67.4418 19.2139 71.6255 131.025 195.147 115.518 64.9994 2.44446 12.5619 49.1152 46.291 9.10184 2.03081 24.619 51.0841 
410.851 396.348 12.2346 461.31 332.697 0 407.975 137.739 733.403 141.995 18.5649 79.8935 294.95 7.1244 7.45921 6.66693 402.249 121.242 81.0139 5.70933 14.4385 12.8646 16.4441 9.1728 403.216 10.2565 0.970546 6.08363 
28.9648 524.593 38.3941 131.767 143.741 63.8744 0 314.851 1306.81 100.152 8.50521 48.975 120.161 4.27888 59.919 33.1285 18.2463 127.118 143.062 62.9352 138.29 61.6114 39.6592 21.211 0.0483259 68.6378 37.9903 19.7028 
4.67136 135.841 273.999 397.546 87.7746 124.345 363.275 0 22.1528 128.236 319.681 995.188 0.190993 13.2187 0.566016 0.403474 0.532188 74.1666 93.0635 79.7398 126.527 19.5217 95.5957 108.306 74.4181 233.927 45.3807 56.4433 
549.076 556.324 185.434 696.62 300.102 557.386 794.934 662.283 0 297.631 1258.13 362.341 154.248 143.655 298.688 84.6342 397.463 1.29031 109.483 103.364 14.9446 44.4812 99.3725 60.3452 440.69 125.797 24.3693 59.7084 
123.242 5.29019 90.6218 27.2987 332.532 171.075 403.931 221.71 86.2078 0 517.626 26.6572 331.519 54.0047 133.706 22.2733 13.8947 55.9583 117.11 41.2544 0.638221 9.86489 57.4249 59.2449 38.5972 17.6789 45.0711 0.44351 
102.732 203.299 11.2353 182.586 13.1142 10.1319 5.3094 29.6421 61.5167 196.197 0 515.708 176.581 49.4879 401.465 85.1293 62.2351 53.0263 9.00435 84.1361 85.165 76.4468 122.201 31.5477 2.15194 54.7516 17.5839 0.58049 
213.395 23.4765 182.035 237.808 156.836 142.928 264.286 998.354 42.5719 134.913 255.415 0 123.099 155.224 43.7236 358.514 0.00733916 1.63943 14.4042 12.6212 63.0233 76.4741 122.271 163.401 301.5 174.023 54.8458 159.228 
11.7265 52.1946 44.1438 17.9423 0.604942 108.695 7.55992 147.584 185.869 9.42466 251.942 142.984 0 29.1522 1.756 79.4516 55.981 86.0773 85.3172 21.6571 38.5073 36.6308 35.7425 63.9945 49.0355 3.53479 35.1059 0.46932 
53.87 52.8807 1.18298 1.91657 26.6087 4.27705 88.7701 126.375 142.102 17.3921 191.889 0.528727 70.2294 0 47.9935 0.620648 4.78249 37.6264 0.246799 2.48712 45.0069 9.12806 4.58764 0.460333 12.3888 1.50774 1.77843 8.63807 
2.01909 79.5135 19.8484 0.322713 94.7606 30.1901 32.446 167.235 9.70913 2.50607 361.908 257.053 21.8392 18.1169 0 88.0856 4.51083 18.7003 24.8431 7.95065 0.0250403 16.5235 6.72633 0.518874 29.7056 14.6495 18.4185 13.279 
0.075333 14.429 24.518 29.2357 1.0284 27.3331 7.22294 241.318 81.4717 90.7257 87.8412 411.633 76.8117 15.8165 81.3662 0 4.63347 15.5315 3.08464 8.83726 57.7723 11.3764 1.71577 27.0211 15.4189 1.45218 16.9432 10.1764 
501.457 504.726 22.9318 448.28 42.8483 403.74 108.928 0.0606458 471.64 15.4475 90.9209 86.3526 13.6817 21.9591 21.7675 0.344974 0 265.285 168.779 1.72741 66.7249 0.379218 10.829 20.9655 418.08 27.2443 20.6368 1.93706 
8.13109 296.326 7.61153 104.975 32.9233 20.0944 100.525 30.3201 58.1556 63.4596 170.378 3.48587 78.9408 2.76661 40.8899 6.59359 80.2992 0 35.2206 2.74206 3.93889 3.74105 15.2549 9.07212 26.1075 18.284 32.724 20.2221 
65.333 125.122 3.58316 60.1594 110.335 22.6559 157.103 16.873 149.156 60.8679 0.158825 31.1904 26.9239 19.16 30.2623 27.9841 232.424 16.773 0 0.871429 31.964 21.2525 0.829463 3.15638 28.1658 8.89951 8.43116 3.67348 
170.426 9.90216 3.39762 44.2665 43.9072 1.01497 14.2804 17.373 12.6861 53.3228 1.50555 54.6165 6.9669 4.71417 5.27437 6.82181 32.0836 6.27249 14.2797 0 17.6047 0.0634492 3.88043 5.16597 0.0717935 1.09489 9.46455 1.04913 
205.365 97.982 108.903 127.07 2.10051 0.0195077 127.276 40.367 14.1835 7.20688 116.333 109.148 67.6394 1.59017 5.1786 61.6786 49.8862 11.5543 72.7007 311.511 0 25.9758 39.8609 10.0742 0.20764 20.1777 38.8825 45.9096 
37.3719 7.20861 8.86894 16.8144 0.166143 0.289971 62.0896 6.55043 42.1248 49.1662 32.8776 71.7518 0.113097 6.95986 0.782483 8.08679 16.1567 15.1283 19.9615 5.50487 4.24064 0 8.80563 11.6234 22.1795 4.97243 1.84297 0.46997 
15.8207 31.9776 11.6175 1.32476 24.3186 0.0482052 38.1017 53.9259 101.354 30.2421 8.76778 127.095 45.017 3.61505 0.999063 3.64063 18.7224 35.6649 21.9442 3.74679 39.3318 8.69868 0 6.38854 14.7017 9.66747 0.455811 0.0888718 
19.6395 59.618 1.23343 6.30316 17.5912 18.0028 69.6015 57.8157 7.21404 9.53225 128.753 94.0824 50.3876 0.330188 5.0177 4.35144 8.99903 43.6735 8.0174 5.30329 30.065 8.29431 17.2211 0 40.1312 15.4703 10.3856 1.60927 
412.854 396.722 0.428887 402.146 2.95677 397.874 89.4144 28.3267 469.32 34.9138 129.499 435.011 9.08151 10.4924 30.6541 26.9994 403.252 21.5615 10.2469 13.8021 11.6778 33.2481 24.4975 46.95 0 35.2172 184.356 140.999 
78.0393 71.8644 0.34145 7.15033 45.7779 25.9739 5.83958 67.3928 139.418 74.5062 45.9265 160.954 50.1051 13.0072 22.3211 0.127887 24.907 19.3596 26.2968 7.95196 0.44659 9.42339 5.06518 16.6252 28.5402 0 37.5538 4.63653 
51.2353 31.966 2.08459 0.00452836 42.1313 1.304 16.3726 93.243 51.9396 10.1588 0.646812 22.0942 38.6215 0.0091509 15.7284 16.0139 0.391885 44.6541 21.7978 0.404334 30.7333 1.97715 10.3917 7.4232 14.4176 26.4094 0 1.63658 
53.0763 19.0465 1.80277 9.1819 57.0475 18.7765 5.27398 5.03305 63.604 0.0249144 66.7881 3.8734 44.9306 11.5336 2.0668 14.9886 12.9983 15.8443 14.6438 0.192134 7.40033 7.13192 3.54224 8.09788 15.7218 57.2366 31.1497 0 
