0 508.811 2.47428 270.202 68.5717 343.747 7.79744 306.086 425.998 78.7926 4.90357 98.3435 100.54 52.1203 40.9781 53.0656 287.807 219.695 1.63528 49.8014 3.98119 10.0577 45.6666 48.3107 335.345 1.60412 10.4605 10.5143 
443.338 0 119.878 574.532 526.322 477.876 503.591 55.4406 399.907 1.19342 247.713 20.1151 128.313 16.8454 22.3256 74.1564 303.069 64.0493 163.577 87.1198 129.691 21.0521 25.8502 19.3397 344.504 42.7077 38.6674 64.3783 
101.021 351.112 0 164.277 0.172984 1.61742 168.005 47.5193 463.039 56.5343 233.36 6.64501 73.2756 13.4414 2.4052 1.0124 2.55958 108.558 20.7719 20.4012 107.323 7.05583 10.8162 11.8466 17.8051 12.7117 2.40277 8.33587 
278.848 467.499 55.633 0 122.264 305.964 167.364 1056.78 271.596 64.5138 7.89813 72.161 54.4158 23.0441 0.487832 2.90015 270.496 0.282356 12.8416 41.2644 401.628 3.28393 17.7455 6.95533 298.644 2.41984 22.8606 20.0001 
239.756 346.137 26.8634 49.7858 0 65.5186 406.177 82.0079 133.974 56.5337 68.2249 9.62073 30.6994 65.9138 14.8581 69.9092 138.418 179.136 75.8645 70.4126 4.54144 10.8571 47.5442 44.5687 7.28549 1.1026 26.061 52.2502 
292.463 275.71 18.8226 336.921 952.147 0 313.485 115.657 693.078 583.904 40.8578 67.6425 66.8137 5.85447 10.2466 8.23009 274.334 123.262 75.6877 6.90028 11.587 13.7347 16.3687 8.3338 278.346 11.793 1.28326 5.26222 
14.3442 494.542 69.2836 109.306 210.205 300.491 0 266.157 1104.64 194.849 0.258922 69.9463 100.582 1.98486 47.5495 26.6428 22.6777 107.45 149.118 57.2134 140.995 60.7633 35.9606 24.492 0.571637 62.6647 40.0853 16.836 
15.6149 108.646 261.327 314.147 72.5462 146.026 323.964 0 0.0344991 145.775 288.254 1017.42 1.17296 8.20353 4.21311 8.38669 0.105194 63.9545 97.3442 72.6284 112.166 17.3664 92.3809 99.035 93.1565 228.028 50.3903 65.7173 
445.712 380.241 297.285 593.164 267.897 539.664 275.648 630.309 0 338.255 1290.99 386.116 140.641 143.615 217.17 72.0336 272.62 0.00978432 118.132 100.922 9.20705 41.9489 101.023 65.7263 322.579 118.332 21.5145 54.7264 
131.556 0.593975 82.0126 20.7919 325.046 28.9202 308.178 216.53 134.36 0 586.915 41.645 326.361 47.62 131.952 16.3786 11.0672 47.5871 120.352 43.5978 1.50708 12.2583 58.7842 60.0058 34.659 21.8347 44.2361 1.00216 
89.9999 221.759 26.6972 169.325 5.27422 0.997224 32.2361 54.9528 97.7918 87.13 0 515.49 154.562 29.56 405.474 58.8212 58.638 44.5905 5.85954 82.6339 92.5088 75.1814 127.246 39.8153 0.334152 68.7501 20.6482 1.81459 
203.503 34.1192 174.124 217.254 163.288 134.799 275.567 815.955 18.2981 113.116 331.89 0 130.453 161.854 75.5857 229.086 0.0620504 0.468759 11.6455 16.2182 72.3557 76.0465 118.149 174.819 371.283 95.6549 62.0884 148.765 
15.1317 60.946 40.0601 14.9059 3.04699 142.725 16.3034 146.041 176.1 0.0499058 254.179 137.026 0 13.8319 0.0805919 81.8951 54.3121 89.5535 84.6169 20.0674 41.1484 30.0609 28.3676 61.267 47.3721 2.41999 34.3629 0.204174 
53.9158 55.9198 1.75474 1.29213 30.013 3.23049 92.0509 125.716 138.964 22.9608 174.004 0.243084 92.7269 0 59.2449 1.98219 4.25723 39.4398 0.472967 2.64866 44.9092 9.61457 6.53615 0.107049 11.4736 2.09184 1.48459 8.13375 
1.00421 74.7814 22.4004 0.0244952 95.0858 27.012 22.4066 176.336 19.9239 0.122168 401.193 270.672 13.7583 35.2327 0 87.2214 3.827 21.421 26.376 7.52191 0.218224 16.9119 9.525 1.64934 28.5419 12.058 18.8259 14.5404 
0.65554 18.1927 24.8089 25.788 2.07897 27.2521 4.01106 255.588 93.9322 88.6377 61.2818 293.011 72.9818 17.7044 60.2265 0 5.27963 17.7828 2.43771 9.06156 59.2832 11.1037 2.64981 28.9333 12.7063 0.289421 16.3462 11.7069 
376.103 368.493 26.0977 320.334 53.2097 275.621 107.555 0.424547 350.374 12.4869 89.1602 85.4394 11.811 22.0468 22.6397 0.182211 0 281.401 0.107964 2.38414 67.3995 0.52953 10.3381 20.8936 292.581 27.1118 20.3541 2.28753 
17.5915 280.871 15.8471 93.9993 20.4149 13.9499 81.3624 22.8929 45.1322 54.8658 171.092 1.62378 74.8317 3.72679 37.924 5.10991 117.173 0 44.6312 1.25274 2.16008 3.10672 13.9134 10.3538 28.272 16.1035 33.7812 18.6564 
58.4127 112.135 5.62714 61.3503 71.2642 16.2238 154.886 20.9463 144.817 69.4147 0.989485 35.0555 30.8185 18.22 28.8907 27.3151 215.476 24.0563 0 0.451867 29.3058 20.6835 0.582954 2.68135 27.5795 7.9625 7.87181 4.20703 
137.051 17.7334 4.89137 41.5131 49.8854 1.62753 18.7809 22.9841 16.9247 51.9734 0.631605 59.5906 8.17612 4.6656 5.72473 7.20086 31.3877 3.91101 12.7413 0 0.0529018 0.0986482 3.81883 4.98867 0.168502 1.402 9.24422 0.840718 
221.144 85.8319 115.824 123.773 0.769439 0.328705 131.996 29.5309 8.60228 5.1398 109.926 99.9129 65.7854 1.054 3.91551 60.697 51.9682 8.40559 72.7554 256.438 0 26.5982 40.0167 11.5417 0.595808 22.8382 39.6985 46.9379 
36.7229 6.0473 8.49249 16.7562 0.471249 0.544098 61.3833 8.05161 39.5561 46.6078 36.1608 73.1694 1.10486 6.27549 0.447627 7.53932 16.595 14.0219 19.3348 5.39263 4.77628 0 10.1864 10.86 22.3902 4.60617 2.12541 0.355538 
14.1866 29.6872 11.9086 1.80284 22.1093 0.172633 41.7843 47.9817 99.8844 33.6533 14.4619 126.303 37.327 5.58431 0.166325 4.80763 18.563 34.4735 21.6083 3.67213 39.6416 10.0843 0 11.2614 12.7098 9.35535 0.261634 0.180518 
22.0921 58.5206 1.68392 5.08239 19.636 17.9139 68.2189 47.4595 10.3537 12.022 127.022 113.411 46.3182 0.847433 2.91408 1.47459 9.55396 42.6801 7.33923 5.46255 31.7472 9.2149 12.8155 0 35.82 14.7963 11.4482 2.07244 
283.7 270.206 0.122743 278.097 1.92306 271.141 90.8063 16.3301 334.925 30.9871 122.064 364.842 7.37699 9.49594 29.8119 2.22787 276.434 23.6698 11.1864 13.829 9.79369 21.6148 26.5791 40.8573 0 100.827 60.5421 68.4574 
79.0149 74.7725 0.852675 4.82344 42.691 26.6779 3.23455 43.0974 141.82 75.7111 59.3992 244.043 48.5829 12.8753 19.8858 0.100705 24.4096 17.1398 27.0051 7.46672 0.0995096 9.16877 5.62439 16.3858 30.5622 0 37.988 0.861853 
51.1188 30.2035 2.54629 0.0772889 43.1112 0.988744 18.3517 95.6263 54.9043 11.5891 0.166159 16.7781 38.2826 0.000827945 15.0266 15.3187 0.534346 44.8131 21.4219 0.296598 29.5306 2.26739 10.8892 8.47881 14.4851 29.2353 0 0.218367 
51.3014 16.747 2.40053 7.69709 57.0139 18.0178 3.69163 2.10972 58.6985 0.244719 72.7396 0.615604 44.7582 11.3036 2.85308 16.4068 13.6198 14.3732 13.8909 0.301598 8.69111 7.40564 3.16006 8.78401 12.6812 50.0911 47.7367 0 
