0 490.145 2.84445 244.681 67.2455 318.704 8.31333 305.768 399.047 78.1996 5.12788 97.3785 100.382 52.0743 41.1751 53.3189 261.906 220.3 1.72708 52.9518 4.32547 10.0012 45.6333 48.2051 309.819 1.67469 10.3832 10.4086 
424.202 0 113.357 549.837 525.124 453.404 501.287 56.6463 377.007 1.38687 247.039 20.6252 128.656 16.677 22.6021 73.9802 277.902 10.0196 163.919 86.3971 129.086 20.9572 25.7231 19.4748 318.745 42.9546 38.5774 64.3564 
99.3627 357.678 0 157.421 0.107932 1.48626 166.023 49.1471 464.791 55.9771 232.77 6.28362 73.2549 13.4861 2.48064 1.05103 2.48589 107.707 20.5667 20.5036 107.759 7.07826 10.7934 11.8095 17.7177 12.6121 2.42891 8.391 
254.487 438.911 53.0168 0 121.543 280.646 168.33 882.455 245.582 64.9378 7.48789 70.599 54.2393 23.0556 0.456542 2.8008 244.857 0.342878 12.6861 41.0907 172.434 3.30659 17.773 6.88269 273.13 2.33431 22.8141 20.0926 
238.793 351.484 26.0298 50.5476 0 63.8122 404.249 81.1579 136.152 58.4285 69.2904 9.36422 31.246 65.8198 14.6291 69.8042 138.793 178.191 73.81 70.7035 4.67616 10.7651 47.4533 44.47 7.1898 1.05913 26.141 52.3117 
267.268 250.609 19.2155 311.32 1096.87 0 592.793 114.411 671.172 433.25 42.3119 66.9676 130.101 5.78613 10.4105 8.31977 248.579 123.337 75.3634 6.96855 11.436 13.7822 16.3623 8.2873 252.754 11.8794 1.30183 5.2178 
13.6717 491.858 71.1786 108.037 213.98 323.08 0 263.298 1082.24 200.569 0.489413 71.1881 99.4973 1.88234 46.8811 26.2956 22.9348 106.36 149.41 56.8902 141.121 60.7103 35.7548 24.6779 0.617438 62.326 40.2002 16.6814 
16.4021 107.167 260.331 312.987 71.7208 147.19 321.515 0 0.21067 146.728 286.355 1013.39 1.25182 7.95704 4.51311 9.12211 0.0910937 63.3966 97.5721 72.2258 111.361 17.2491 92.1854 98.4968 94.2092 227.499 50.6691 66.2356 
421.28 351.959 303.323 568.337 265.955 520.038 251.346 627.195 0 340.213 861.25 387.155 139.858 143.573 210.804 71.3336 247.041 0.00170702 118.595 100.767 8.92658 41.8069 101.095 66.0203 297.367 117.885 21.3591 54.4476 
131.99 0.469779 81.5093 20.4495 324.281 24.2907 302.428 216.161 137.203 0 589.297 42.5573 325.602 47.26 131.766 16.0713 10.9181 47.1315 120.5 43.724 1.56597 12.3971 58.8493 60.038 34.4402 22.0737 44.1866 1.03966 
89.294 222.715 27.7289 168.512 4.93931 0.768038 34.3613 56.5516 98.9883 82.0793 0 514.802 153.305 28.5749 404.629 57.4457 58.436 44.1357 5.70353 82.5403 92.9127 75.1036 127.486 40.291 0.279355 69.5447 20.8233 1.90291 
202.89 34.7593 173.597 215.95 163.619 134.307 276.068 802.008 17.2298 111.908 336.012 0 130.843 162.141 77.5257 221.704 0.0716536 0.424475 11.4997 16.4287 72.88 76.0154 117.886 175.354 372.804 91.7152 62.4908 148.123 
15.3315 61.4391 39.8316 14.7432 3.2368 143.716 16.8794 145.931 175.508 0.00415305 254.18 136.672 0 13.1273 0.051028 82.0067 54.2159 89.739 84.5665 19.9792 41.2949 29.7046 27.9708 61.1031 47.2754 2.36392 34.3202 0.19261 
53.9126 56.083 1.78943 1.2608 30.2039 3.17584 92.2099 125.642 138.736 23.2849 172.884 0.314481 93.9588 0 59.6328 2.07822 4.2287 39.5385 0.487628 2.6576 44.9005 9.63966 6.63901 0.0945615 11.4213 2.1266 1.46892 8.10516 
0.957942 74.5063 22.539 0.0178507 95.0839 26.8299 21.8921 176.754 20.642 0.0788354 402.39 271.12 13.3561 36.1954 0 86.7073 3.79041 21.5752 26.4597 7.49778 0.23454 16.9309 9.68714 1.72981 28.4692 11.9162 18.8467 14.6096 
0.704511 18.4112 24.818 25.5921 2.1478 27.241 3.85892 256.096 94.6135 88.4899 59.8878 285.703 72.7491 17.7907 58.8099 0 5.31648 17.9106 2.40382 9.07309 59.3601 11.0871 2.70621 28.9932 12.5612 0.25063 16.311 11.7921 
350.464 342.252 26.2747 294.562 53.8024 249.855 107.462 0.45437 324.975 12.33 89.0549 85.3825 11.7102 22.0506 22.6872 0.174673 0 282.009 18.3217 2.42351 67.4323 0.538596 10.3107 20.8887 266.952 27.103 20.3379 2.30777 
18.2152 278.796 16.3835 93.3709 19.7982 13.6368 80.3224 22.5062 44.4432 54.3947 171.102 1.54073 74.5982 3.78399 37.7581 5.03256 119.305 0 45.1736 1.18663 2.07658 3.07306 13.8399 10.4268 28.3926 15.9848 33.839 18.5701 
58.0273 111.391 5.75293 61.4058 69.2535 15.8904 154.713 21.1828 144.544 69.887 1.05639 35.2734 31.0385 18.167 28.8125 27.276 214.448 24.4926 0 0.432505 29.1591 20.651 0.570499 2.65595 27.5455 7.91145 7.84102 4.23754 
135.087 18.2263 4.9808 41.342 50.2172 1.66551 19.0448 23.3135 17.1749 51.8918 0.593913 59.8638 8.24547 4.6626 5.74982 7.22143 31.3463 3.79531 12.6569 0 0.228353 0.10083 3.81522 4.97854 0.175057 1.42002 9.23163 0.829759 
221.913 85.1566 116.166 122.525 0.714617 0.356891 132.238 28.9692 8.3308 5.03452 109.559 99.3928 65.6788 1.02737 3.8501 60.6349 52.0815 8.24433 72.7526 252.608 0 26.6321 40.023 11.6253 0.623207 22.9883 39.7421 46.9921 
36.6852 5.98536 8.47129 16.752 0.492711 0.560478 61.3382 8.13895 39.4125 46.4605 36.3441 73.2415 1.18962 6.23696 0.431682 7.50846 16.6189 13.961 19.2992 5.38624 4.80684 0 10.2609 10.8154 22.3981 4.58591 2.14156 0.349629 
14.0973 29.5596 11.9233 1.83134 21.9876 0.18178 41.9876 47.6518 99.7832 33.842 14.8151 126.22 36.9046 5.69313 0.140407 4.87457 18.5534 34.4059 21.5885 3.6678 39.6566 10.1592 0 11.537 12.5976 9.33658 0.252387 0.186534 
22.2302 58.4538 1.71075 5.01746 19.7512 17.9067 68.133 46.897 10.543 12.1668 126.888 114.468 46.0864 0.882644 2.81168 1.35639 9.58489 42.6225 7.30204 5.47108 31.8396 9.26502 12.5452 0 35.5505 14.7551 11.5067 2.09962 
257.875 244.531 0.111143 252.556 1.8719 245.447 90.8673 15.7495 308.8 30.7701 121.618 769.801 7.28666 9.43993 29.7564 1.59817 250.732 23.788 11.2391 13.8293 9.69291 23.3291 26.687 40.6421 0 104.455 54.1008 60.8444 
79.0547 74.9234 0.887627 4.70581 42.5176 26.7123 3.11144 41.8652 141.908 75.7611 60.1728 248.566 48.4932 12.8648 19.746 0.125868 24.3808 17.0188 27.0429 7.43946 0.0875037 9.15408 5.65537 16.3679 30.6685 0 37.9965 0.73847 
51.1089 30.1051 2.5731 0.0839297 43.1639 0.972441 18.4635 95.7457 55.0663 11.6705 0.148671 16.5006 38.2619 0.00127379 14.9865 15.2784 0.542889 44.82 21.4003 0.291093 29.463 2.28398 10.9159 8.53795 14.4958 29.3845 0 0.318564 
51.1985 16.622 2.43597 7.61725 57.0079 17.9742 3.61155 1.9834 58.4228 0.263555 73.0643 0.516376 44.7454 11.2895 2.90002 16.4831 13.6542 14.2928 13.849 0.308383 8.76527 7.42066 3.13916 8.82178 12.52 49.6347 48.6738 0 
