0 385.081 5.59483 100.017 59.4729 174.934 11.7435 303.441 243.806 74.6391 6.57492 91.6161 99.412 51.7865 42.3536 54.8262 113.032 223.712 2.32952 73.8302 6.68373 9.66425 45.4259 47.5618 163.154 2.12907 9.92459 9.78343 
317.149 0 77.0935 407 515.523 312.62 485.315 64.083 246.406 2.8491 242.783 23.804 130.666 15.6792 24.2854 72.8967 133.464 189.733 165.837 82.0281 125.408 20.3894 24.9618 20.2904 170.669 44.4351 38.0344 64.2124 
89.4615 394.267 0 116.558 0.0383522 0.813785 153.899 59.3483 471.903 52.6388 228.802 4.3219 73.1002 13.749 2.95568 1.29747 2.06527 102.539 19.3472 21.1078 110.289 7.21254 10.6537 11.584 17.1899 12.016 2.58837 8.72306 
116.657 273.645 66.0212 0 117.132 135.23 173.905 887.561 97.0167 67.4659 5.24723 61.4601 53.1691 23.1158 0.290398 2.23867 97.5454 0.828959 11.7691 40.0116 650.727 3.44382 17.9341 6.45217 126.542 1.85183 22.5313 20.6453 
232.738 382.666 21.2657 55.1823 0 59.0662 391.531 76.0992 149.345 70.2956 75.7938 7.8935 34.6042 65.2376 13.287 69.1535 140.952 172.413 61.9014 72.4246 5.5245 10.2197 46.8996 43.8721 6.62721 0.816462 26.6207 52.6726 
122.685 107.067 21.6217 164.15 803.768 0 173.303 106.919 543.54 630.251 51.4598 62.9385 400.009 5.38177 11.412 8.86364 100.574 123.704 73.3598 7.38207 10.5477 14.066 16.3187 8.0087 105.71 12.3989 1.41585 4.95404 
9.95923 473.691 82.8434 100.406 236.614 469.313 0 245.902 930.288 235.381 3.39364 78.7869 93.0115 1.32339 42.923 24.2441 24.4978 99.8458 151.06 54.9417 141.826 60.3802 34.5208 25.7994 0.929344 60.2805 40.8867 15.7638 
21.5052 98.3853 253.753 309.951 66.8213 154.053 306.317 0 4.39505 152.384 274.677 978.018 1.77828 6.55303 6.52185 14.1531 0.0277491 60.0731 98.9162 69.7961 106.523 16.5503 90.977 95.2272 100.522 223.904 52.3409 69.3444 
281.093 189.219 338.458 424.89 254.024 408.126 125.335 605.766 0 351.213 839.433 392.735 135.111 143.227 180.211 67.1455 100.102 0.0928856 121.329 99.7994 7.33069 40.9529 101.483 67.7705 152.613 115.135 20.4343 52.7723 
134.53 0.0299569 78.4436 18.4423 318.943 5.57229 267.505 213.779 154.522 0 600.057 48.1904 320.034 45.0924 130.457 14.2771 10.0413 44.4244 121.311 44.4717 1.94265 13.2418 59.2161 60.2089 33.1285 23.5229 43.883 1.27893 
85.071 228.273 34.2654 163.482 3.15629 0.0202203 48.3999 66.529 104.201 54.5596 0 509.204 145.712 22.9694 397.249 49.4299 57.22 41.4371 4.81003 81.956 95.3206 74.6207 128.835 43.1774 0.0534772 74.3359 21.8855 2.47618 
199.075 38.697 170.252 207.805 165.54 131.27 278.784 712.3 11.4694 104.688 360.255 0 133.139 163.685 89.4608 178.112 0.143784 0.204735 10.6415 17.7142 76.0325 75.8122 116.232 178.337 371.452 69.3765 64.9041 144.152 
16.5539 64.4097 38.4577 13.7814 4.49312 147.362 20.5261 145.22 171.859 0.790276 253.914 134.502 0 9.25877 0.0149474 82.6219 53.6312 90.8331 84.2396 19.4508 42.1734 27.5907 25.6221 60.0935 46.6857 2.0408 34.0601 0.130308 
53.8811 57.0484 2.00384 1.08052 31.3523 2.85627 93.1116 125.112 137.257 25.2582 165.921 0.934986 101.252 0 61.3554 2.69515 4.05923 40.1262 0.580246 2.71122 44.8408 9.78565 7.23451 0.0358143 11.1041 2.33986 1.37639 7.93245 
0.70305 72.8313 23.3616 1.41122e-05 95.0285 25.7273 18.9096 179.058 25.2646 0.0174304 407.25 273.103 11.0536 41.8308 0 82.6657 3.57404 22.5068 26.9591 7.35246 0.344679 17.0391 10.6697 2.24963 28.0161 11.0726 18.9674 15.0225 
1.03455 19.7421 24.8565 24.4095 2.58345 27.1599 3.00554 258.488 98.6655 87.5345 51.7508 241.357 71.3124 18.2626 50.0423 0 5.53943 18.6831 2.20495 9.14015 59.806 10.9847 3.05321 29.2451 11.7056 0.0761937 16.0957 12.3022 
203.095 191.284 27.3373 146.423 57.3875 101.778 106.868 0.654401 179.07 11.4058 88.4071 85.0268 11.1123 22.0707 22.9702 0.13274 0 284.991 374.274 2.66589 67.6185 0.594568 10.1465 20.8577 119.676 27.0468 20.2392 2.43088 
22.164 261.483 19.7682 89.5668 16.2799 11.8245 74.1536 20.2454 40.396 51.5881 171.095 1.08759 73.1879 4.13581 36.7622 4.57947 132.192 0 48.4675 0.827104 1.6092 2.87468 13.4009 10.8688 29.1166 15.2795 34.1836 18.0546 
55.7157 106.881 6.5335 61.7148 57.6312 13.9481 153.566 22.6235 142.837 72.7079 1.50294 36.5875 32.365 17.8477 28.3384 27.0371 208.295 27.1751 0 0.325145 28.2816 20.4547 0.498508 2.50576 27.3381 7.60722 7.65697 4.42247 
123.168 21.3026 5.53 40.2779 52.2054 1.90179 20.6565 25.3269 18.7065 51.3884 0.392022 61.4949 8.66643 4.64392 5.90029 7.34356 31.0913 3.13592 12.1537 0 3.84971 0.114395 3.79311 4.91729 0.21694 1.53029 9.15534 0.765422 
226.28 81.113 118.116 114.552 0.427775 0.550056 133.642 25.6978 6.78929 4.42495 107.335 96.2608 65.0307 0.874497 3.46854 60.2459 52.7552 7.3065 72.7229 228.381 0 26.8341 40.0555 12.1309 0.800216 23.8927 39.9999 47.3103 
36.4552 5.61956 8.34354 16.7251 0.631518 0.66373 61.0543 8.67152 38.5495 45.5664 37.445 73.6585 1.76277 6.00506 0.341876 7.32225 16.7616 13.5972 19.0847 5.34752 4.99176 0 10.7018 10.5438 22.4377 4.46463 2.23958 0.315191 
13.5647 28.7937 12.0086 2.00656 21.2598 0.241522 43.203 45.677 99.1331 34.9709 17.012 125.638 34.3887 6.33456 0.0308716 5.27923 18.4945 33.9969 21.4671 3.64147 39.7409 10.6025 0 13.1682 11.9231 9.22078 0.200321 0.224671 
23.0615 58.0401 1.87567 4.6347 20.4456 17.8585 67.5965 43.5591 11.7096 13.049 126 120.743 44.6849 1.10735 2.23216 0.747448 9.77057 42.2718 7.07998 5.52154 32.3907 9.56327 10.8984 0 33.878 14.4999 11.8561 2.26571 
109.444 97.0088 0.0536079 105.829 1.57922 97.7986 91.1964 12.4725 158.557 29.473 118.875 730.409 6.75474 9.10271 29.4045 0.0690731 103.029 24.499 11.5566 13.8284 9.09708 37.6687 27.3153 39.7516 0 118.787 55.007 31.0794 
79.2611 75.8043 1.11151 4.02708 41.4732 26.9081 2.42129 34.777 142.331 76.024 64.8566 275.066 47.9445 12.7947 18.9007 0.335411 24.2052 16.2988 27.2659 7.27513 0.0316925 9.06491 5.84089 16.2505 31.2918 0 38.0124 0.197291 
51.0422 29.5143 2.73641 0.129496 43.4753 0.877307 19.1388 96.4323 56.0327 12.1627 0.0640827 14.8764 38.1333 0.0059548 14.7437 15.0327 0.595544 44.8575 21.2697 0.259084 29.0559 2.38447 11.0738 8.89389 14.5765 30.2604 0 1.31216 
50.572 15.8786 2.65326 7.14414 56.9631 17.7102 3.14844 1.30611 56.7633 0.391197 74.9984 0.103776 44.6618 11.2019 3.18827 16.9353 13.8606 13.8128 13.5975 0.350623 9.21535 7.51033 3.01461 9.0473 11.5743 46.7874 54.2642 0 
