0 360.364 6.71045 62.7858 56.958 137.254 13.012 302.507 202.297 73.4542 7.09578 89.7081 99.0784 51.6861 42.7447 55.3236 73.6686 224.766 2.54992 81.3208 7.57951 9.55277 45.3537 47.3438 124.51 2.29229 9.77346 9.57861 
292.092 0 66.2484 369.185 511.421 275.762 479.199 66.6357 213.222 3.45083 241.285 24.908 131.316 15.3515 24.8554 72.5258 95.5892 60.819 166.425 80.5613 124.165 20.2007 24.7086 20.5643 131.554 44.9281 37.8522 64.1594 
86.1893 405.239 0 103.428 0.137374 0.633815 149.785 62.9051 472.958 51.529 227.32 3.74739 73.0373 13.8347 3.12236 1.38502 1.93336 100.795 18.945 21.3052 111.099 7.2572 10.6062 11.5079 17.0129 11.818 2.64247 8.83423 
81.6379 228.735 77.9311 0 115.633 97.0057 175.675 134.459 58.1345 68.3017 4.5865 58.5111 52.8083 23.1327 0.243269 2.06458 58.6995 1.03766 11.4691 39.6384 290.589 3.49006 17.9861 6.31076 87.9266 1.70283 22.4356 20.8286 
230.618 392.668 19.7707 56.7496 0 59.2325 386.866 74.4296 153.78 74.4309 78.001 7.42989 35.7527 65.0362 12.8516 68.9288 141.638 170.448 58.1028 72.9887 5.82227 10.0404 46.7122 43.6704 6.44421 0.742498 26.7805 52.7901 
84.7716 69.6767 22.4402 125.316 1094.3 0 713.747 104.421 510.164 759.139 54.6624 61.6049 99.9191 5.24918 11.7522 9.04697 61.4974 123.794 72.6704 7.5214 10.2584 14.1598 16.3023 7.91606 66.948 12.5726 1.45483 4.8672 
8.84731 466.883 86.8339 97.8604 244.126 520.267 0 240.028 874.273 247.099 4.93762 81.3731 90.8618 1.15857 41.6258 23.5731 25.0268 97.6849 151.571 54.2891 142.041 60.2654 34.1099 26.176 1.04731 59.5941 41.1142 15.4623 
23.3482 95.4989 251.335 309.385 65.2094 156.292 301.074 0 6.9729 154.246 270.681 962.125 1.974 6.11385 7.27044 16.0606 0.0147612 58.9752 99.3554 68.9819 104.908 16.3196 90.5608 94.122 102.624 222.545 52.8978 70.3803 
244.576 145.405 349.636 386.946 249.948 380.724 91.9644 597.617 0 354.585 970.458 394.342 133.51 143.077 174.133 65.7546 61.3847 0.176412 122.223 99.4615 6.83225 40.6674 101.595 68.3488 114.616 114.194 20.129 52.2133 
135.352 7.22026e-06 77.4052 17.7913 316.884 2.89675 255.775 212.92 160.376 0 602.274 50.1276 317.798 44.3678 129.949 13.6982 9.75612 43.5317 121.553 44.7173 2.07701 13.5278 59.3293 60.2572 32.6921 24.0117 43.7793 1.36406 
83.6675 230.059 36.5724 161.75 2.64912 0.0105384 53.5534 69.9947 105.869 46.5064 0 506.783 143.164 21.2204 393.925 46.8544 56.8135 40.55 4.5284 81.753 96.1182 74.4536 129.25 44.1506 0.0174556 75.9407 22.2433 2.68361 
197.753 40.0467 169.068 204.976 166.156 130.226 279.579 680.505 9.80104 102.295 368.126 0 133.888 164.129 93.5398 164.011 0.173365 0.14908 10.362 18.1511 77.0862 75.7383 115.653 179.242 366.958 62.4753 65.7071 142.783 
16.9701 65.4039 37.999 13.4663 4.95645 147.725 21.8125 144.963 170.605 1.4551 253.721 133.761 0 8.10965 0.0567907 82.8061 53.4335 91.1908 84.1211 19.275 42.4659 26.8958 24.8532 59.7472 46.4857 1.93814 33.9722 0.112238 
53.8658 57.3649 2.07764 1.0234 31.7361 2.75295 93.3918 124.904 136.721 25.9264 163.512 1.21467 103.639 0 61.6927 2.91573 4.00329 40.3202 0.612869 2.72905 44.8181 9.83257 7.42356 0.0224285 10.9973 2.41271 1.34614 7.87448 
0.626752 72.2639 23.6321 0.00246375 94.9932 25.3565 17.9563 179.747 26.9208 0.0726785 407.974 273.494 10.3295 43.6337 0 80.9716 3.50315 22.8197 27.1242 7.3038 0.386072 17.0729 11.0004 2.43678 27.8587 10.7944 19.0061 15.1592 
1.15842 20.1929 24.8633 24.0133 2.73731 27.1273 2.74413 259.033 100.002 87.1902 49.1313 226.549 70.8181 18.4022 47.0553 0 5.61449 18.9426 2.1404 9.16169 59.9485 10.9494 3.172 29.2878 11.4267 0.0404282 16.0223 12.4719 
164.208 151.202 27.6918 107.289 58.5932 62.6772 106.656 0.729121 140.68 11.1045 88.1852 84.9031 10.9158 22.0764 23.0637 0.120035 0 285.73 326.557 2.74905 67.6766 0.613827 10.0918 20.8467 80.834 27.0268 20.2059 2.47255 
23.5578 253.784 20.9573 88.2873 15.1782 11.2462 72.1262 19.5153 39.0801 50.6598 171.067 0.953931 72.714 4.25625 36.4298 4.4328 136.514 0 49.5793 0.721507 1.46649 2.80993 13.2555 11.0176 29.3581 15.0467 34.2977 17.8835 
54.9461 105.363 6.80331 61.8086 53.9368 13.3235 153.143 23.1117 142.242 73.6432 1.66906 37.0277 32.8098 17.7407 28.1788 26.9558 206.272 28.0936 0 0.292727 27.9902 20.3886 0.475566 2.45654 27.2677 7.50672 7.59588 4.48482 
119.162 22.3719 5.71784 39.9096 52.8665 1.98373 21.2043 26.0116 19.2285 51.2153 0.333957 62.0351 8.80843 4.63744 5.95045 7.38379 31.004 2.92958 11.9871 0 6.0238 0.119104 3.78559 4.89667 0.231888 1.56784 9.12963 0.744505 
227.636 79.7695 118.727 112.012 0.348355 0.623625 134.092 24.645 6.30926 4.23014 106.585 95.2125 64.8119 0.826205 3.34549 60.1099 52.9776 7.00576 72.7081 219.906 0 26.9009 40.0644 12.301 0.864064 24.1957 40.0844 47.4139 
36.3772 5.49988 8.30074 16.7154 0.681558 0.700025 60.9548 8.85221 38.2613 45.2644 37.8124 73.7918 1.97828 5.9275 0.314226 7.25988 16.8088 13.4766 19.0127 5.33448 5.05399 0 10.8461 10.4516 22.4478 4.4243 2.27265 0.304094 
13.3886 28.5384 12.0358 2.06652 21.0183 0.263285 43.6063 45.0205 98.9002 35.3457 17.773 125.412 33.5574 6.5427 0.0119445 5.41511 18.4742 33.8594 21.4257 3.63256 39.767 10.7478 0 13.6986 11.698 9.18104 0.184281 0.238153 
23.3397 57.8974 1.93212 4.50977 20.6782 17.8405 67.4102 42.4611 12.1105 13.348 125.673 122.808 44.2139 1.18723 2.05252 0.583494 9.83253 42.1528 7.00638 5.53808 32.5733 9.66164 10.3449 0 33.3011 14.4119 11.9719 2.32223 
70.2244 58.0946 0.0390339 67.1768 1.487 58.8367 91.2921 11.459 118.727 29.0425 117.936 1133.73 6.58128 8.99003 29.28 0.436365 64.0459 24.7369 11.6629 13.8271 8.90196 43.573 27.517 39.6208 0 120.123 69.8793 29.3998 
79.3176 76.0884 1.1915 3.81148 41.1237 26.9693 2.20993 32.5344 142.433 76.0972 66.4326 283.598 47.7575 12.7687 18.6163 0.427376 24.1457 16.061 27.3389 7.22015 0.0192507 9.03476 5.90255 16.2076 31.4937 0 38.0044 0.0933183 
51.0171 29.3172 2.7918 0.146862 43.5775 0.846645 19.3653 96.6499 56.3523 12.3282 0.0436829 14.3511 38.0889 0.00827911 14.6619 14.9495 0.613625 44.8685 21.2257 0.248817 28.9197 2.41836 11.1255 9.01277 14.61 30.5446 0 1.79128 
50.3598 15.6333 2.72745 6.98887 56.9447 17.6211 3.00081 1.11137 56.2086 0.43929 75.6371 0.036071 44.6313 11.1716 3.28687 17.0835 13.9292 13.654 13.5137 0.365285 9.36736 7.54003 2.97341 9.12209 11.2672 45.8007 56.1066 0 
