0 344.757 10.6399 12.1081 49.6583 83.0297 17.1841 299.235 136.594 69.9062 8.77265 84.0275 98.0483 51.3718 43.9132 56.7999 14.4577 227.673 3.26945 104.269 10.5937 9.22117 45.1283 46.6792 67.4003 2.81687 9.32542 8.9746 
276.447 0 38.058 313.206 496.51 223.467 458.622 74.4996 172.744 5.5949 236.561 28.3506 133.203 14.3837 26.5911 71.3851 40.8678 92.4846 168.029 76.1385 120.391 19.6366 23.9508 21.3911 73.0308 46.4037 37.3025 63.9856 
76.4984 433.855 0 67.2612 0.800143 0.227878 137.295 73.996 472.136 48.214 222.412 2.26621 72.8144 14.0857 3.64681 1.66377 1.56293 95.5108 17.753 21.8842 113.426 7.39091 10.4609 11.2769 16.4794 11.2267 2.80758 9.16926 
37.333 152.762 115.531 0 111.055 41.1644 180.7 122.452 1.49904 70.7843 2.86599 49.981 51.7139 23.1736 0.126807 1.58257 1.02937 1.80268 10.5879 38.4805 662.708 3.63003 18.1372 5.89312 30.9164 1.29217 22.1445 21.3746 
223.965 421.243 15.5796 61.511 0 63.0388 371.678 69.4798 167.176 87.3219 84.7258 6.12001 39.2806 64.4106 11.5829 68.2315 143.597 164.444 47.277 74.651 6.76019 9.50995 46.141 43.0587 5.90907 0.541509 27.259 53.1334 
29.9589 16.9527 24.939 67.5756 926.353 0 392.711 96.9413 465.433 379.893 64.6915 57.6371 600.303 4.85829 12.7905 9.60247 3.13601 123.97 70.5429 7.94364 9.41074 14.4391 16.2474 7.63881 9.51126 13.0949 1.57472 4.61014 
5.89578 444.364 99.0468 90.2466 266.436 670.329 0 222.247 696.846 282.253 11.2721 89.2768 84.4607 0.729294 37.8063 21.6009 26.6379 91.247 152.984 52.3236 142.622 59.9066 32.8787 27.3117 1.44281 57.5247 41.7924 14.5702 
29.2886 86.9796 243.441 303.951 60.4467 162.846 284.875 0 18.1925 159.746 258.414 903.095 2.62147 4.88308 9.74794 22.4474 0.000187454 55.7139 100.645 66.5267 100.064 15.6341 89.2726 90.7631 108.911 218.002 54.5661 73.4832 
193.74 73.4184 381.152 330.801 237.447 355.903 21.749 570.353 0 363.771 868.37 398.387 128.662 142.524 170.975 61.6056 4.11274 0.586458 124.852 98.4025 5.43863 39.8086 101.882 70.0661 59.4813 111.302 19.2224 50.5339 
137.736 0.260218 74.2451 15.8956 309.894 5.71037 220.665 210.15 178.102 0 604.739 56.1054 309.995 42.1907 128.21 12.0218 8.92213 40.8867 122.195 45.4425 2.50652 14.3989 59.6417 60.3766 31.3857 25.4941 43.4605 1.63543 
79.4768 235.205 43.8551 156.395 1.39238 0.700501 70.3517 80.7928 114.99 25.9782 0 497.899 135.485 16.3494 381.466 39.4446 55.5895 37.9303 3.73297 81.1188 98.4953 73.934 130.385 47.1005 0.0273307 80.7689 23.3282 3.3546 
193.645 44.2039 165.321 196.165 167.929 127.006 281.626 581.374 5.56841 95.1679 390.979 0 136.08 165.246 106.018 123.709 0.278576 0.034941 9.54324 19.486 80.2532 75.4981 113.837 181.68 343.146 43.6109 68.1097 138.548 
18.2432 68.3951 36.6223 12.5382 6.47799 146.543 25.8781 144.134 166.736 4.64769 252.832 131.486 0 5.09974 0.34359 83.2949 52.8322 92.2428 83.7373 18.7485 43.3421 24.8424 22.5917 58.6799 45.8757 1.64561 33.7048 0.0660824 
53.8055 58.2983 2.30581 0.860867 32.8896 2.45285 94.1705 124.185 134.987 27.9586 156.046 2.27079 110.634 0 61.9747 3.61903 3.83744 40.8966 0.715953 2.78244 44.7418 9.9679 7.95697 0.000973927 10.674 2.63637 1.2571 7.69939 
0.423944 70.5358 24.4319 0.0349888 94.8371 24.2358 15.2255 181.576 32.2258 0.465198 407.435 273.848 8.29241 48.7155 0 74.9554 3.29413 23.7645 27.6153 7.15721 0.524178 17.1676 11.9982 3.03808 27.368 9.96997 19.1173 15.566 
1.57131 21.566 24.8656 22.8195 3.22436 27.0131 2.02953 259.904 103.96 86.0815 41.5794 182.793 69.2912 18.7652 38.0892 0 5.84189 19.7271 1.95215 9.22385 60.3577 10.8401 3.53716 29.2919 10.6104 0.000576846 15.7976 12.9793 
106.346 89.7791 28.7552 48.7176 62.2382 4.24205 105.979 0.977262 84.3424 10.2212 87.5011 84.5164 10.3347 22.0908 23.3416 0.0857407 0 287.171 5.32749 3.00543 67.8389 0.673366 9.92737 20.8113 23.1527 26.9632 20.1046 2.5994 
27.9617 225.253 24.6983 84.4215 12.0899 9.59007 66.1425 17.3956 35.2365 47.9002 170.908 0.605218 71.2816 4.62706 35.4316 4.0061 149.505 0 52.9507 0.447699 1.07764 2.61978 12.8221 11.4683 30.0826 14.3558 34.6374 17.3725 
52.6413 100.776 7.64147 62.0623 43.4477 11.5225 151.752 24.5993 140.382 76.4315 2.21872 38.355 34.1504 17.4181 27.6953 26.7074 200.37 30.918 0 0.205628 27.1194 20.1883 0.409921 2.31156 27.0531 7.20794 7.41342 4.67395 
107.114 25.7053 6.29516 38.7656 54.843 2.23895 22.8778 28.1038 20.828 50.6801 0.187608 63.6445 9.23973 4.61725 6.10092 7.50305 30.7353 2.35141 11.4908 0 15.3572 0.133784 3.76254 4.83418 0.279651 1.68277 9.05166 0.683389 
231.403 75.7508 120.44 106.118 0.158946 0.871812 135.387 21.6014 4.97153 3.67081 104.313 92.0586 64.146 0.689461 2.98892 59.6839 53.6379 6.13914 72.6488 193.631 0 27.0994 40.085 12.816 1.0701 25.1088 40.3332 47.7167 
36.1391 5.14774 8.17176 16.6839 0.842996 0.814483 60.6418 9.4038 37.3955 44.3473 38.9153 74.1738 2.69747 5.69434 0.238163 7.07187 16.9493 13.1163 18.7949 5.29498 5.24275 0 11.2707 10.1708 22.4689 4.3037 2.37295 0.271975 
12.8642 27.7723 12.1136 2.2511 20.2972 0.334119 44.8105 43.0568 98.1538 36.4656 20.1399 124.638 31.0912 7.14422 0.0081029 5.82495 18.4118 33.4436 21.2986 3.60536 39.8396 11.1753 0 15.229 11.0227 9.0584 0.140129 0.280894 
24.1777 57.4552 2.10573 4.14324 21.3794 17.7808 66.8288 39.2157 13.3473 14.2595 124.599 128.904 42.7908 1.44114 1.5559 0.211878 10.0185 41.7904 6.78705 5.58686 33.1177 9.95307 8.69224 0 31.5194 14.1392 12.3171 2.49509 
11.4302 0.225261 0.00914519 10.082 1.2268 0.807536 91.5371 8.66234 58.0893 27.7571 115.046 1154.57 6.07272 8.65122 28.8862 4.08473 5.94542 25.4521 11.9828 13.8201 8.32717 62.333 28.0976 39.7694 0 112.897 136.396 50.8063 
79.4501 76.9119 1.44724 3.1971 40.0722 27.1405 1.63287 26.192 142.622 76.2733 71.1961 308.036 47.1846 12.6829 17.7567 0.768848 23.9644 15.3545 27.5537 7.05459 0.000437772 8.94307 6.08692 16.0677 32.0806 0 37.9408 0.0123316 
50.9333 28.7251 2.96066 0.205469 43.8792 0.757767 20.049 97.2682 57.3035 12.8293 0.00585607 12.8247 37.9508 0.017544 14.414 14.696 0.669435 44.8964 21.0918 0.219245 28.5092 2.52106 11.2782 9.3699 14.7312 31.3728 0 3.66112 
49.7132 14.9054 2.95536 6.53077 56.8792 17.3508 2.57838 0.620888 54.539 0.600109 77.5336 0.0427794 44.5317 11.0774 3.59032 17.5206 14.1349 13.1812 13.2622 0.411014 9.82905 7.62864 2.85084 9.3451 10.3723 42.7434 61.5274 0 
