0 771.448 26.7639 363.454 30.7302 406.568 32.3276 285.816 427.011 59.6844 14.6131 67.9682 94.7988 50.3444 47.266 60.9476 324.087 233.89 5.85689 159.161 22.052 8.27805 44.3953 44.6549 382.672 4.6401 8.06643 7.30807 
711.268 0 0.0278545 620.067 432.966 547.763 382.409 98.944 537.602 14.6655 220.939 39.4381 138.146 11.7004 31.8477 67.8297 363.728 265.973 171.321 63.1878 109.05 18.0101 21.7616 23.8438 384.181 50.6677 35.6731 63.3526 
50.0137 473.388 0 11.0994 5.8187 0.20674 100.608 109.148 436.527 38.7612 204.413 0.0589631 71.8758 14.7629 5.37386 2.60879 0.703328 79.8358 14.4179 23.4498 119.268 7.7778 10.0145 10.5828 14.9067 9.53336 3.31244 10.1556 
404.053 414.393 76.8857 0 97.1543 360.143 192.721 308.401 328.127 77.77 0.14157 28.2722 48.4305 23.2094 0.00198864 0.534824 315.04 5.20364 8.18328 34.8118 670.238 4.04942 18.5334 4.73615 346.564 0.412591 21.2621 22.9326 
202.32 488.815 6.0545 75.7607 0 72.2224 318.565 55.6227 206.306 128.197 105.072 3.00764 50.2105 62.4073 8.21553 66.0065 148.401 146.161 21.3087 79.2166 9.86839 8.03005 44.4047 41.2202 4.46992 0.135457 28.6484 54.0579 
352.755 349.958 32.4637 380.468 945.91 0 1255.93 75.5488 785.596 475.843 96.8818 46.4331 326.358 3.78329 15.9457 11.2613 315.148 123.662 63.881 9.20651 7.12288 15.2317 16.04 6.83866 324.052 14.6221 1.94886 3.89111 
0.674079 363.863 135.708 68.5658 327.659 942.044 0 170.146 210.385 379.354 43.6402 113.334 66.3821 0.0413323 27.3967 16.2301 31.5236 73.0081 156.053 46.5547 143.782 58.7406 29.3156 30.6725 2.94831 51.4227 43.7308 12.0863 
49.8985 63.5952 215.514 210.143 47.2497 180.316 234.629 0 78.8772 174.952 220.773 655.381 5.01955 2.0635 18.8728 46.2691 0.166569 46.5186 104.16 59.3026 86.0264 13.695 85.1949 80.6783 126.854 201.025 59.3984 82.4409 
526.19 351.502 449.767 639.124 199.313 746.987 97.3283 470.62 0 382.034 431.812 403.386 114.207 140.004 232.157 49.8045 319.389 3.13672 132.027 94.9401 2.26469 37.2885 102.28 74.9101 380.737 102.325 16.6625 45.6384 
143.973 3.9976 64.7354 10.8905 283.061 97.0292 124.343 200.5 229.996 0 576.364 74.7961 278.606 35.86 121.392 7.68398 6.68121 33.4803 123.323 47.4537 3.98159 17.0421 60.3151 60.5027 27.6155 29.9329 42.468 2.56207 
67.478 248.28 67.7885 139.609 0.0167761 8.78434 129.233 115.217 241.234 0.00210878 0 458.898 113.017 5.60174 326.18 20.9399 51.9927 30.662 1.84271 79.0614 105.266 72.2657 132.753 55.9078 1.06421 94.8379 26.5813 5.7201 
180.517 57.1646 152.823 168.224 172.438 116.927 284.655 291.903 0.0091246 75.0295 449.413 0 141.996 166.633 143.578 33.0766 0.726587 0.155308 7.33043 23.5737 89.5063 74.6412 107.887 186.345 255.997 7.0311 75.0336 125.228 
22.1605 77.1575 32.6147 9.9859 12.014 132.278 39.3774 141.217 154.606 23.8365 247.612 124.434 0 0.264326 2.54784 84.1678 51.011 95.1218 82.3791 17.2237 45.8833 19.1655 16.4405 55.341 44.0141 0.925967 32.8942 0.000874286 
53.5069 60.8728 3.02651 0.464874 36.2637 1.66656 95.8987 121.3 128.886 34.082 132.619 7.1694 129.096 0 56.6673 5.96999 3.36974 42.5256 1.0608 2.93698 44.4484 10.3145 9.14819 0.098756 9.7104 3.32894 1.01289 7.18011 
0.0577056 65.2978 26.6449 0.344702 93.9534 20.9227 8.43689 184.806 50.2971 3.52746 383.151 267.906 3.56854 59.4013 0 51.6031 2.71728 26.5688 29.009 6.72536 1.04569 17.3851 14.9085 5.10745 25.7877 7.6749 19.3998 16.721 
3.12379 25.7318 24.7173 19.3282 4.85965 26.5411 0.553981 255.893 114.979 82.224 22.5804 71.9245 64.4888 19.3254 14.7363 0 6.52302 22.0609 1.44974 9.38367 61.3897 10.4932 4.6634 28.2503 8.43377 0.461051 15.1041 14.4376 
419.225 392.514 31.8434 359.793 73.0361 316.031 103.659 1.90507 401.905 7.82934 85.3551 83.2579 8.71486 22.1084 24.1288 0.01854 0 284.683 172.02 3.81117 68.2083 0.862191 9.44745 20.6897 336.931 26.7464 19.7978 2.98524 
42.5894 120.321 36.9673 72.9973 5.022 5.46731 49.669 11.8507 24.9831 40.0968 169.8 0.0389606 67.0216 5.78736 32.5187 2.87779 186.741 0 63.0419 0.0201717 0.283656 2.10099 11.5835 12.8173 32.1935 12.4077 35.6054 15.9036 
45.983 87.2005 10.3169 62.5622 18.6453 6.93464 146.687 29.1257 134.333 84.3624 4.25645 42.2737 38.1067 16.4655 26.2487 25.9441 185.099 39.698 0 0.0390132 24.6139 19.5881 0.245921 1.9114 26.3974 6.36108 6.88861 5.24291 
72.9125 36.3913 8.08343 35.1304 60.5219 3.06074 27.9921 34.505 25.7575 48.9891 0.000110881 68.2255 10.5391 4.552 6.53862 7.83762 29.8951 1.02162 10.0778 0 64.1074 0.181356 3.69136 4.64695 0.4438 2.03701 8.81735 0.51929 
239.664 64.2211 124.372 117.891 0.0257241 1.82811 138.678 13.7671 1.96449 2.2595 97.5057 82.812 62.1322 0.360482 2.05869 58.2865 55.503 3.92537 72.3502 115.452 0 27.663 40.0939 14.3548 1.79361 27.8017 41.0195 48.5317 
35.4105 4.18056 7.79086 16.5725 1.40976 1.19515 59.6057 11.0908 34.8636 41.5854 42.1312 75.1358 5.4003 5.01332 0.0759866 6.51789 17.3492 12.0812 18.1468 5.17655 5.80887 0 12.4222 9.31824 22.4532 3.95537 2.67489 0.188302 
11.3737 25.5431 12.308 2.82778 18.2275 0.587467 48.2603 37.4103 95.5762 39.6763 27.707 121.575 24.1909 8.61497 0.448063 7.02406 18.2149 32.2035 20.9044 3.52247 40.0004 12.3376 0 18.8761 9.0738 8.67294 0.0456443 0.424952 
26.6424 56.0462 2.64711 3.14898 23.4485 17.5587 64.9464 30.2338 17.2365 17.0314 120.695 145.615 38.5731 2.29237 0.487876 0.1848 10.5617 40.6852 6.15967 5.72163 34.6732 10.7678 4.27046 0 26.0164 13.2753 13.3012 3.02652 
322.154 313.703 0.0407158 325.715 0.608864 313.68 91.8876 2.68392 363.348 24.0763 106.063 1148.32 4.69402 7.66167 27.5676 30.0261 318.538 27.5516 12.9241 13.7738 6.7447 90.8242 29.5603 44.9266 0 40.6336 111.293 149.298 
79.5184 79.0574 2.32464 1.69711 36.9846 27.5319 0.443573 11.3098 142.16 76.413 85.2614 365.736 45.4152 12.3668 15.2187 2.30595 23.4116 13.3569 28.1435 6.56763 0.104152 8.66528 6.61731 15.5663 33.6177 0 37.4169 1.74247 
50.6162 26.9951 3.4759 0.431804 44.7168 0.525824 22.0756 98.7723 60.0059 14.3252 0.0960123 8.81582 37.508 0.0641332 13.6715 13.9252 0.845603 44.9371 20.6884 0.143495 27.2986 2.82965 11.6995 10.4119 15.2828 33.5575 0 12.5537 
47.7457 12.8542 3.66311 5.26388 56.6002 16.5373 1.52432 8.88413e-05 49.6455 1.20988 82.8772 1.85418 44.1733 10.7759 4.53572 18.722 14.7315 11.834 12.5294 0.559094 11.2229 7.88228 2.5027 9.98227 8.01279 33.2741 75.809 0 
