0 825.965 55.254 395.549 12.8022 375.22 56.8797 261.487 355.965 47.3201 23.8385 49.2835 90.2307 48.8276 51.3241 65.7599 276.987 236.721 10.0976 177.123 41.546 7.1471 43.319 41.9477 341.564 7.52341 6.59107 5.42693 
791.017 0 53.8717 545.106 322.341 506.6 265.603 131.843 557.061 31.5691 197.953 55.3196 143.097 8.65253 38.7754 62.932 333.271 141.809 172.44 47.3276 94.3383 16.014 19.0698 26.9936 337.941 55.8875 33.5779 62.2952 
22.8644 421.402 0 75.9654 18.2794 2.61312 57.837 156.032 333.66 27.668 175.318 1.81163 70.1009 15.487 7.91219 4.0535 0.100991 60.293 10.5846 25.1171 124.43 8.2558 9.40998 9.67483 12.9188 7.50471 3.99299 11.4054 
445.852 315.825 259.015 0 79.0635 323.512 201.612 849.682 320.563 85.8424 1.6443 9.07428 44.148 23.078 0.300145 0.00394074 273.152 11.8361 5.5444 29.7306 142.643 4.59833 18.9342 3.42727 306.088 0.000256997 20.0891 24.7984 
171.457 530.189 0.303447 93.8922 0 50.0351 239.433 39.7525 253.308 182.956 131.534 0.635263 65.0302 59.535 4.74164 62.8314 152.412 122.158 2.74227 84.2777 14.5257 6.32103 42.0856 38.8064 2.92893 0.00907421 30.3759 55.0518 
322.549 339.728 41.9406 335.279 997.522 0 1573.82 50.6267 685.655 515.444 140.851 33.4362 560.002 2.58885 20.0802 13.3968 270.811 121.553 54.7792 10.8417 4.66061 16.175 15.6811 5.85888 282.509 16.5277 2.46894 3.05775 
1.46101 245.201 180.087 43.6731 389.806 661.105 0 108.26 12.3198 471.363 109.567 144.767 45.568 0.37897 16.2324 10.4011 37.9966 51.8057 157.62 39.3306 144.093 57.0312 24.9371 34.9616 5.56133 43.727 46.0724 9.23547 
81.6725 38.2239 172.696 52.9573 32.4349 197.938 169.179 0 202.562 191.856 171.573 291.153 9.07717 0.206957 33.9377 84.8462 0.815305 35.7691 108.023 50.2216 68.8789 11.3966 79.4561 67.6704 147.799 173.077 65.3459 93.3094 
503.65 279.373 471.26 569.578 150.126 745.181 654.9 320.26 0 385.613 854.591 395.136 95.7402 134.904 150.252 35.9733 279.3 9.13693 139.873 89.853 0.209223 34.1049 101.85 80.5824 347.497 90.1368 13.6406 39.5468 
150.17 14.7755 52.505 5.82465 238.16 302.094 34.49 185.349 291.05 0 474.18 100.256 224.798 28.1192 109.524 3.51683 4.29115 24.9435 123.152 49.7408 6.29246 20.5494 60.6507 60.1911 23.0137 35.6766 41.0935 4.00359 
53.103 260.205 101.869 116.759 3.14531 30.9461 217.238 162.781 576.25 42.0005 0 386.67 85.4812 0.0463961 229.213 5.48347 47.4402 22.4126 0.397239 76.0579 113.358 69.8596 133.68 67.1976 4.46294 112.002 30.8304 9.52066 
161.963 74.9133 134.344 130.296 176.643 103.085 282.172 40.0682 7.55785 51.805 499.798 0 148.336 164.396 189.736 2.27882 1.58487 1.26144 4.93544 29.0708 101.035 73.2404 99.1775 186.85 277.991 6.01207 83.4448 106.945 
27.4745 88.1032 27.6517 7.13326 21.1477 130.083 59.2978 136.54 137.885 66.2761 235.734 114.799 0 2.85136 8.09589 84.0803 48.5906 98.3165 80.1823 15.3395 49.0341 12.8349 9.84901 50.7262 41.5161 0.310019 31.8141 0.0657739 
52.8753 63.7673 4.03639 0.136944 40.4871 0.880118 96.8911 116.083 119.215 42.0205 101.304 16.9412 146.501 0 39.6897 9.31917 2.8178 44.4531 1.58544 3.12789 43.9319 10.6422 9.67181 0.551978 8.47232 4.27065 0.740123 6.51422 
0.0767292 58.3867 29.1144 1.18034 91.9542 16.768 2.6258 184.311 77.3548 11.2316 311.16 246.475 0.386483 60.8152 0 20.1197 2.06401 30.1721 30.6673 6.17622 1.94788 17.5319 18.3775 8.25818 23.5252 5.09567 19.6645 18.09 
5.78281 31.2459 24.2078 15.0319 7.34887 25.6638 0.013299 237.575 127.378 76.1743 6.37135 1.88182 57.8344 18.9378 0.221572 0 7.41393 25.0727 0.919817 9.5378 62.3365 10.0016 6.15658 24.8989 6.22414 2.21643 14.1601 16.1944 
374.722 336.016 35.6506 313.604 86.6975 271.399 100.045 3.49518 363.744 5.23606 82.3542 81.4074 6.84698 22.0791 25.0656 0.00371345 0 267.82 248.088 4.94039 68.4517 1.13101 8.84476 20.4983 294.338 26.4087 19.3891 3.50248 
64.1788 56.743 54.6807 58.6697 0.444451 1.87336 31.5585 6.30847 14.3422 30.935 167.062 0.284073 61.53 7.40499 28.8792 1.71358 229.038 0 76.0321 0.271462 0.010887 1.52634 10.0864 14.5792 34.8293 10.1136 36.7714 14.1094 
37.8576 70.1419 14.117 62.6773 1.81879 2.72447 138.325 35.1628 125.531 93.7329 7.70819 47.2685 43.1344 15.2489 24.3651 24.9072 167.891 51.6717 0 0.0155488 21.5521 18.8019 0.0984778 1.45819 25.5136 5.35336 6.24579 5.9926 
36.0966 51.4129 10.5039 30.0771 67.3764 4.24507 34.8205 43.0622 32.4364 46.607 0.271217 73.6883 12.2523 4.45688 7.0835 8.22715 28.7258 0.122028 8.38627 0 155.743 0.251056 3.59383 4.40217 0.701446 2.51958 8.509 0.343682 
243.963 50.3772 126.94 183.556 0.743876 3.51007 141.747 6.29168 0.125021 0.961459 88.6483 71.2247 59.4588 0.0963328 1.12798 56.2179 57.7084 1.82626 71.7109 35.108 0 28.3376 39.9966 16.3578 2.95627 31.2238 41.7963 49.408 
34.4255 3.09655 7.30394 16.3918 2.32105 1.76916 58.0519 13.3664 31.6831 37.9634 46.1457 76.0158 10.0007 4.16828 6.01541e-05 5.81536 17.8301 10.8171 17.3072 5.02119 6.55244 0 13.6412 8.19356 22.2782 3.52667 3.07295 0.104582 
9.59151 22.7684 12.4815 3.62809 15.7117 1.00178 52.4249 30.5682 91.5322 43.5491 38.4137 116.104 16.3622 9.60217 1.91563 8.48503 17.9367 30.5926 20.3605 3.41107 40.0947 13.5741 0 20.8731 6.73546 8.13505 0.000123117 0.645919 
29.7625 54.0354 3.3955 2.07104 26.0862 17.1803 62.2079 20.2078 22.6645 20.7176 114.255 163.55 33.2066 3.54633 3.35383e-06 2.33964 11.2441 39.1995 5.39998 5.87448 36.551 11.7009 0.651804 0 18.9502 12.0641 14.4761 3.74619 
276.154 271.255 0.33023 285.71 0.134795 270.182 91.5558 0.000473167 310.419 19.6441 93.8317 287.106 3.19326 6.43235 25.5841 56.271 274.536 30.2059 14.1209 13.6612 4.96611 38.5875 30.8425 58.5373 0 64.2167 146.651 28.4585 
78.9325 81.1863 3.68706 0.466022 33.0883 27.7906 0.0113324 1.19286 139.465 75.7981 102.81 399.052 43.0001 11.8373 12.0457 5.27167 22.6681 10.9929 28.8042 5.95086 0.568204 8.29579 7.26141 14.7509 35.1304 0 36.0646 7.80228 
50.0657 24.8231 4.16836 0.831568 45.6765 0.293022 24.6797 100.014 63.2323 16.2704 0.631654 4.77721 36.8686 0.163706 12.7032 12.8993 1.09492 44.9015 20.1543 0.0707601 25.7539 3.23529 12.1748 11.7075 16.4758 35.7471 0 29.4829 
45.1158 10.4421 4.6369 3.83318 56.0652 15.4684 0.584991 0.938383 43.5018 2.26761 89.121 7.82741 43.5815 10.3427 5.83881 20.0527 15.4725 10.2142 11.6121 0.775565 13.0669 8.19006 2.08742 10.7485 5.65478 21.2895 88.4605 0 
