0 791.494 57.4576 362.774 11.8447 337.369 58.744 259.56 315.526 46.5042 24.5388 48.086 89.901 48.7154 51.5931 66.0696 238.146 236.708 10.4249 176.952 43.0569 7.07239 43.2395 41.7573 303.084 7.74273 6.49509 5.30785 
758.728 0 61.2897 503.486 314.07 467.644 257.333 134.135 522.495 32.9233 196.272 56.4704 143.381 8.45891 39.2571 62.5826 295.554 548.955 172.393 46.2824 93.3258 15.8801 18.8894 27.2103 299.115 56.2358 33.4335 62.2128 
21.3394 414.088 0 84.9386 19.3585 2.87234 55.1932 159.216 325.001 26.9555 173.128 2.11381 69.9565 15.5309 8.09821 4.16143 0.079625 58.9941 10.3399 25.2173 124.688 8.28799 9.36718 9.61179 12.7837 7.37158 4.04114 11.4906 
413.278 274.067 281.57 0 77.825 285.323 201.948 667.703 285.049 86.3581 1.94604 8.13519 43.8511 23.062 0.338816 0.000292287 234.653 12.3784 5.38116 29.3708 472.249 4.63657 18.9574 3.34446 267.657 0.000715064 20.0068 24.9211 
169.247 530.994 0.176265 95.1172 0 49.6954 233.79 38.7443 256.343 186.691 133.349 0.537256 66.0737 59.3257 4.53739 62.6007 152.6 120.503 2.10628 84.5924 14.8722 6.21097 41.9223 38.6382 2.83509 0.0160944 30.4926 55.1125 
284.859 303.622 42.5699 296.48 650.174 0 1510.5 49.0453 640.841 726.047 143.887 32.6048 512.137 2.51443 20.3652 13.5434 232.148 121.34 54.1384 10.9544 4.51042 16.2369 15.6528 5.79342 244.019 16.6563 2.50633 3.004 
1.81371 236.96 182.904 42.1147 393.226 621.265 0 104.333 22.6466 475.838 114.886 146.925 44.2494 0.450712 15.5622 10.0449 38.4491 50.4508 157.633 38.843 144.068 56.9052 24.6442 35.2553 5.76753 43.2054 46.2278 9.05299 
84.0317 36.6888 169.572 49.7113 31.5071 198.936 164.775 0 212.352 192.903 168.221 268.489 9.39466 0.150369 35.0926 87.7263 0.877234 35.0739 108.262 49.6076 67.7415 11.2459 79.0426 66.7805 149.135 170.958 65.7441 94.0276 
466.292 239.491 469.827 528.433 146.805 706.721 700.311 309.717 0 385.051 226.944 393.993 94.483 134.478 140.12 35.0839 240.931 9.65548 140.357 89.4786 0.148843 33.8879 101.783 80.9498 309.563 89.2782 13.4431 39.1361 
150.521 15.7435 51.6727 5.53283 234.752 315.825 30.1991 184.207 294.881 0 465.082 102.046 220.72 27.6066 108.598 3.28859 4.14624 24.3972 123.076 49.8863 6.46799 20.7948 60.6527 60.1509 22.7075 36.072 40.9949 4.11269 
52.1599 260.823 104.288 115.158 3.55365 32.8963 223.527 166.122 596.064 47.722 0 381.011 83.6628 0.00462308 222.047 4.78203 47.1296 21.8894 0.337026 75.837 113.89 69.6835 133.659 67.9683 4.77753 113.134 31.1257 9.81174 
160.629 76.1699 132.993 127.67 176.868 102.105 281.749 30.8002 8.65327 50.3317 502.128 0 148.721 164.084 192.713 4.03045 1.65523 1.3753 4.7884 29.458 101.812 73.1321 98.54 186.665 281.015 7.8283 84.0022 105.656 
27.8508 88.841 27.3186 6.95416 21.852 131.546 60.7546 136.181 136.697 69.7833 234.721 114.114 0 3.37704 8.58053 84.0262 48.4205 98.5162 80.0132 15.2127 49.2466 12.441 9.45252 50.397 41.34 0.279912 31.738 0.0761541 
52.822 63.9498 4.10894 0.12161 40.7729 0.835132 96.9102 115.666 118.483 42.5651 99.1552 17.7432 147.4 0 38.2782 9.55406 2.78167 44.5792 1.62481 3.14074 43.8907 10.6599 9.66384 0.595633 8.38744 4.3372 0.722959 6.46849 
0.0974948 57.9054 29.268 1.25499 91.7827 16.4888 2.34703 184.092 79.3294 11.9026 304.957 244.499 0.285992 60.3811 0 18.2757 2.02249 30.42 30.7762 6.13866 2.0192 17.5367 18.5996 8.49038 23.3613 4.93482 19.6788 18.1795 
5.99157 31.6309 24.1602 14.7468 7.53532 25.5929 0.030273 235.83 128.152 75.7178 5.61479 0.761563 57.3602 18.8676 0.0545043 0 7.47597 25.2805 0.887907 9.54637 62.3865 9.96599 6.25959 24.5991 6.09791 2.38101 14.0931 16.3099 
335.996 296.512 35.9055 274.788 87.6229 232.716 99.7715 3.62042 325.468 5.0768 82.138 81.2707 6.72688 22.075 25.1272 0.00553238 0 266.149 133.608 5.02184 68.4592 1.1506 8.80374 20.4837 255.774 26.3831 19.3604 3.53901 
65.7576 56.9916 55.9575 57.7068 0.312376 1.69551 30.4471 5.99126 13.7152 30.3413 166.822 0.339592 61.1515 7.52142 28.6329 1.64481 231.631 0 76.9213 0.320554 0.0218441 1.49037 9.987 14.7018 35.0079 9.96394 36.8487 13.9894 
37.3178 68.9947 14.3919 62.6642 1.30795 2.50523 137.68 35.5869 124.886 94.3414 7.97864 47.6109 43.478 15.1654 24.2345 24.8336 166.608 52.518 0 0.0215059 21.3475 18.7472 0.0908293 1.42938 25.4511 5.28717 6.20271 6.04503 
33.9776 52.4839 10.674 29.7185 67.8285 4.33144 35.2987 43.662 32.9085 46.4348 0.310216 74.0466 12.372 4.44988 7.1203 8.25235 28.6417 0.0924891 8.27487 0 162.519 0.256206 3.58687 4.38514 0.721045 2.55388 8.48746 0.332978 
244.002 49.4677 127.015 187.791 0.828653 3.64364 141.911 5.88354 0.0795014 0.892662 88.0353 70.4414 59.2711 0.0844321 1.07443 56.0648 57.8526 1.71153 71.6567 31.0493 0 28.3821 39.9856 16.4967 3.04553 31.4577 41.8456 49.4615 
34.3557 3.02817 7.27049 16.3779 2.39109 1.81204 57.9361 13.5275 31.467 37.7115 46.4173 76.0623 10.3598 4.11157 0.000110893 5.76743 17.862 10.7326 17.249 5.01036 6.60439 0 13.7136 8.11542 22.2604 3.49787 3.10079 0.0997517 
9.47405 22.581 12.4904 3.68552 15.5442 1.03378 52.7004 30.1151 91.2257 43.8048 39.1836 115.669 15.8705 9.62781 2.05033 8.58083 17.9165 30.4809 20.3215 3.40319 40.0967 13.6478 0 20.8845 6.58299 8.09643 7.24219e-06 0.662558 
29.9754 53.8891 3.44905 2.00496 26.267 17.1505 62.0069 19.5837 23.0544 20.9757 113.758 164.62 32.8408 3.63726 0.00246674 2.56864 11.2906 39.0946 5.34948 5.88421 36.6755 11.7602 0.515176 0 18.4809 11.9772 14.5532 3.79716 
237.376 232.722 0.359996 247.331 0.11486 231.565 91.502 0.0182977 271.171 19.3516 92.9683 829.354 3.10075 6.34975 25.4371 56.5346 235.879 30.3871 14.2029 13.6513 4.85379 34.4714 30.9052 59.5556 0 70.8943 160.458 30.4728 
78.8655 81.3076 3.78972 0.409737 32.8232 27.7987 0.0253191 0.87582 139.197 75.7243 103.983 399.485 42.8284 11.7961 11.8334 5.51065 22.6156 10.8382 28.8459 5.90877 0.613238 8.26983 7.30414 14.6883 35.2149 0 35.9454 8.35543 
50.0221 24.6754 4.21727 0.863427 45.738 0.279574 24.8591 100.072 63.4446 16.4054 0.685214 4.54456 36.8217 0.172145 12.636 12.8274 1.11303 44.8955 20.1168 0.0667196 25.6478 3.26361 12.2049 11.7948 16.5805 35.8717 0 30.7997 
44.9308 10.285 4.70641 3.74269 56.0214 15.3939 0.53689 1.07163 43.0855 2.35129 89.5247 8.37901 43.5355 10.3111 5.93173 20.1353 15.5225 10.1071 11.5498 0.791521 13.196 8.21056 2.0601 10.7991 5.52091 20.5091 89.0463 0 
