0 659.388 66.5243 241.554 8.37348 195.336 66.4145 251.539 163.339 43.2845 27.426 43.4046 88.5604 48.2558 52.6578 67.2815 92.2699 236.39 11.7807 176.236 49.3092 6.7765 42.914 40.9885 158.592 8.64818 6.11713 4.84335 
635.764 0 94.8178 345.514 280.575 320.647 224.395 143.33 393.249 38.5774 189.425 61.1507 144.445 7.70384 41.1935 61.168 154.155 150.125 172.043 42.1649 89.2724 15.3479 18.1719 28.0788 153.245 57.6169 32.8539 61.8698 
15.7183 380.93 0 124.04 23.9444 4.02477 45.0792 171.82 289.108 24.1712 164.16 3.55161 69.3497 15.6988 8.85658 4.60452 0.0195254 53.8604 9.38456 25.5994 125.596 8.41614 9.19418 9.35844 12.2447 6.84698 4.23583 11.8314 
292.246 117.468 346.141 0 72.8838 141.97 202.939 706.135 153.165 88.3714 3.40315 4.87926 42.6589 22.9887 0.51664 0.0274326 90.1223 14.6568 4.75048 27.9201 60.4659 4.79047 19.0452 3.02215 123.366 0.0391155 19.6748 25.4059 
160.314 531.539 0.0109337 99.9838 0 53.7287 211.149 34.8158 268.183 201.51 140.603 0.226958 70.2812 58.4725 3.76319 61.6603 153.241 113.881 0.398063 85.8104 16.2933 5.77931 41.2637 37.9611 2.47446 0.0641268 30.9584 55.3465 
143.575 168.879 45.0487 150.66 971.748 0 1541.62 42.9009 468.604 588.106 155.98 29.3586 214.711 2.22637 21.5058 14.1291 86.9687 120.405 51.5573 11.4064 3.93258 16.4811 15.5346 5.53356 99.5128 17.1678 2.65835 2.79308 
3.60238 204.339 193.779 36.1003 405.701 452.894 0 89.1246 93.7491 491.045 136.988 155.535 39.1227 0.799419 13.0053 8.67629 40.2709 45.1639 157.561 36.9027 143.906 56.3893 23.4813 36.4299 6.6277 41.1275 46.8434 8.3386 
93.6726 30.8224 156.927 48.3339 27.9103 202.648 147.375 0 252.605 196.947 154.879 184.388 10.7152 0.0141951 39.8569 99.4664 1.14746 32.3462 109.189 47.1618 63.2427 10.6514 77.3627 63.2268 154.332 162.265 67.3265 96.8647 
326.081 90.3476 460.439 372.451 133.652 558.807 877.539 267.882 0 381.785 202.013 388.707 89.4669 132.673 107.807 31.6066 96.9337 11.8668 142.219 87.9478 0.00987564 33.02 101.467 82.3927 167.26 85.8173 12.6651 37.5012 
151.834 19.902 48.3566 4.437 220.788 367.144 15.7591 179.509 309.646 0 426.699 109.244 204.053 25.5813 104.766 2.44992 3.59058 22.2605 122.689 50.4539 7.19237 21.7832 60.6339 59.9659 21.4938 37.6549 40.5943 4.5627 
48.4426 263.034 114.022 108.724 5.43165 41.1995 248.767 179.551 663.146 73.8423 0 357.65 76.4964 0.271941 193.255 2.44929 45.887 19.8504 0.145625 74.9341 115.989 68.9648 133.468 71.0453 6.13832 117.593 32.3122 11.0155 
155.22 81.2469 127.498 117.189 177.689 98.1477 279.738 5.75788 13.7576 44.5993 509.938 0 150.197 162.635 204.292 15.8981 1.95161 1.87933 4.22141 31.0214 104.902 72.6827 95.9394 185.645 285.659 17.4045 86.2081 100.463 
29.3734 91.7776 25.9943 6.25835 24.7692 139.466 66.6877 134.7 131.896 84.4441 230.422 111.348 0 5.90955 10.648 83.7486 47.7351 99.2915 79.3136 14.708 50.0935 10.9176 7.93932 49.0641 40.6288 0.174822 31.4311 0.12524 
52.5958 64.6598 4.40353 0.0693514 41.9121 0.666627 96.9239 113.924 115.469 44.7414 90.5979 21.1115 150.589 0 32.5021 10.4929 2.63923 45.0768 1.78682 3.19191 43.7188 10.725 9.57568 0.785703 8.04799 4.6059 0.656217 6.28528 
0.205369 55.9717 29.8621 1.57558 91.053 15.3812 1.38633 182.982 87.3457 14.7589 278.979 236.001 0.0349032 58.0039 0 11.6125 1.86028 31.4137 31.206 5.98822 2.31684 17.5492 19.4636 9.43678 22.6949 4.3126 19.7312 18.5316 
6.86055 33.1795 23.9541 13.6201 8.30205 25.2958 0.166891 228.273 131.15 73.8419 3.05825 1.26559 55.4423 18.5329 0.511687 0 7.72562 26.1143 0.765764 9.57813 62.5679 9.82094 6.6712 23.323 5.62692 3.09269 13.822 16.766 
190.503 147.963 36.9173 128.962 91.3068 87.4539 98.6443 4.14262 181.79 4.46309 81.2583 80.7105 6.2556 22.056 25.3704 0.0164171 0 258.846 228.142 5.35313 68.478 1.23052 8.63981 20.4234 110.966 26.2773 19.2442 3.68666 
72.1874 61.7489 61.1346 53.8849 0.0162602 1.07198 26.1735 4.80139 11.3393 28.0089 165.793 0.61099 59.6333 7.99464 27.651 1.38342 241.541 0 80.4746 0.557468 0.103373 1.35061 9.59282 15.1949 35.7199 9.3745 37.155 13.5127 
35.1781 64.4385 15.5091 62.5853 0.104022 1.71805 135.011 37.2964 122.258 96.7304 9.10274 48.9808 44.851 14.8309 23.7096 24.5354 161.113 55.9338 0 0.0549881 20.5347 18.5266 0.0633125 1.3168 25.198 5.02546 6.03135 6.25635 
26.114 56.8105 11.3595 28.2723 69.6141 4.68378 37.224 46.0765 34.8148 45.7349 0.492251 75.4604 12.8543 4.42122 7.2671 8.35131 28.3002 0.0151928 7.83439 0 189.57 0.277298 3.55863 4.3166 0.801968 2.69275 8.40062 0.291819 
243.832 45.8848 127.19 201.844 1.21273 4.20175 142.512 4.38447 2.23052e-05 0.6427 85.5744 67.3202 58.5144 0.0446637 0.873003 55.4376 58.4221 1.28946 71.4266 17.1278 0 28.5585 39.936 17.0553 3.41525 32.3932 42.0385 49.6679 
34.0729 2.76178 7.13639 16.32 2.68116 1.98809 57.4606 14.1788 30.6039 36.6993 47.5002 76.2305 11.8507 3.88639 0.00699618 5.57587 17.9882 10.3966 17.0153 4.96668 6.81366 0 13.9879 7.80165 22.1815 3.38335 3.21299 0.0815751 
9.00958 21.8339 12.5223 3.91856 14.88 1.16647 53.7901 28.3237 89.9621 44.8156 42.3077 113.854 13.964 9.67414 2.6302 8.9573 17.8342 30.0318 20.1633 3.37136 40.0993 13.9277 0 20.7654 5.98423 7.9396 0.00336319 0.731063 
30.8259 53.2925 3.66612 1.75068 26.991 17.0267 61.1856 17.1706 24.6363 22.0153 111.7 168.688 31.381 4.00602 0.0581379 3.57908 11.4762 38.6702 5.14908 5.92219 37.1688 11.9916 0.1274 0 16.6368 11.6249 14.8573 4.00309 
91.7379 88.0635 0.491713 103.272 0.0510856 86.5611 91.2468 0.346721 123.657 18.196 89.4868 779.008 2.74357 6.02151 24.8349 55.2053 90.7046 31.1112 14.5312 13.6091 4.41632 21.8118 31.1228 63.5061 0 95.4234 178.546 61.1734 
78.5632 81.7614 4.21207 0.220553 31.764 27.8186 0.136798 0.0959872 138.021 75.389 108.629 398.781 42.1329 11.6252 10.9909 6.50751 22.4031 10.2281 29.0082 5.7405 0.81051 8.16507 7.4734 14.4296 35.528 0 35.4356 10.7237 
49.84 24.0855 4.4149 0.996602 45.9791 0.228883 25.5785 100.269 64.2836 16.9475 0.920901 3.66989 36.6301 0.207969 12.3659 12.5374 1.18688 44.8673 19.9657 0.0517423 25.2227 3.37771 12.322 12.1417 17.032 36.3363 0 36.1977 
44.1839 9.66598 4.98823 3.39039 55.8366 15.094 0.364919 1.69244 41.4248 2.70036 91.1097 10.7617 43.3444 10.1821 6.30835 20.4546 15.7223 9.68246 11.3012 0.856852 13.7167 8.29192 1.95218 10.9991 5.02141 17.47 90.9951 0 
