0 600.143 72.7673 193.149 6.38329 132.756 71.7017 245.931 94.1704 41.178 29.4246 40.3872 87.6477 47.9399 53.3573 68.0657 27.2379 235.944 12.7256 176.399 53.653 6.58198 42.6904 40.4702 94.4276 9.27615 5.8706 4.54456 
582.907 0 120.146 271.614 258.08 254.287 202.741 149.471 338.847 42.5472 184.759 64.3354 145.091 7.21775 42.4913 60.21 92.0841 725.291 171.67 39.4817 86.57 14.9961 17.6976 28.6592 88.1671 58.5267 32.4661 61.6296 
12.4119 355.803 0 151.782 27.2311 4.89332 38.7856 180.068 264.384 22.377 158.019 4.71173 68.9196 15.8041 9.37445 4.90947 0.00199984 50.5052 8.76881 25.8374 126.089 8.50107 9.07726 9.18861 11.8868 6.50457 4.36743 12.0582 
243.417 46.1752 359.327 0 69.6066 78.5397 203.283 622.294 98.0159 89.6682 4.59548 3.16134 41.8602 22.9318 0.655663 0.0825825 25.9693 16.2701 4.3502 26.9448 704.457 4.89391 19.099 2.81521 59.3403 0.0971875 19.4511 25.7234 
154.29 529.526 0.206201 103.192 0 62.1701 196.078 32.2921 275.792 211.237 145.421 0.093198 73.1119 57.8895 3.28569 61.0185 153.57 109.473 0.00690308 86.585 17.2716 5.49916 40.8195 37.506 2.24717 0.113869 31.2675 55.4944 
81.5887 111.412 46.6622 85.5662 275.209 0 843.508 38.977 384.016 691.99 163.964 27.2682 507.516 2.043 22.2654 14.5192 22.3881 119.706 49.8246 11.7082 3.56831 16.641 15.4516 5.36215 35.3606 17.5063 2.76179 2.65614 
5.12699 183.073 200.645 32.2937 412.897 340.542 0 79.4697 165.549 498.685 152.376 161.25 35.8433 1.08649 11.4163 7.81471 41.4955 41.764 157.406 35.6191 143.745 56.035 22.7142 37.2128 7.23163 39.7504 47.2485 7.87661 
100.264 27.1634 148.402 55.5423 25.6165 204.866 136.01 0 280.197 199.509 146.073 135.314 11.6399 0.00360433 43.1549 107.449 1.34745 30.5759 109.779 45.5426 60.2922 10.2624 76.2204 60.8659 157.662 156.299 68.371 98.7224 
264.584 23.9435 451.02 299.932 125.021 489.28 986.917 240.518 0 378.713 953.547 384.556 86.1394 131.382 97.249 29.3635 33.1443 13.4597 143.397 86.8988 0.00839234 32.442 101.215 83.33 104.559 83.4896 12.1568 36.4189 
152.625 22.919 46.1621 3.77081 211.225 397.266 8.65433 176.269 318.945 0 399.623 114.072 192.696 24.2553 102.103 1.95752 3.24126 20.8809 122.359 50.8197 7.69497 22.4479 60.5975 59.8213 20.6951 38.7109 40.322 4.87447 
46.0155 264.275 120.538 104.419 6.89879 47.158 265.582 188.532 696.821 93.9358 0 341.517 71.8213 0.835512 174.144 1.32009 45.0594 18.5392 0.0619535 74.3148 117.364 68.4726 133.245 73.0892 7.13598 120.503 33.1081 11.8523 
151.554 84.671 123.759 110.244 178.166 95.4818 278.116 0.0809906 17.7881 40.9289 513.767 0 151.125 161.494 211.681 27.9868 2.16243 2.25846 3.86244 32.0755 106.947 72.369 94.1634 184.719 280.02 25.7755 87.6559 96.9747 
30.4028 93.72 25.1196 5.81301 26.7988 146.331 70.7289 133.671 128.656 94.7234 227.344 109.477 0 7.97179 12.1374 83.5094 47.2729 99.7871 78.8261 14.3738 50.6549 9.94983 6.99737 48.1619 40.1489 0.1184 31.224 0.164697 
52.4335 65.1152 4.60354 0.0425948 42.6676 0.564518 96.8775 112.697 113.388 46.1888 84.9479 23.495 152.344 0 28.6088 11.115 2.54608 45.4021 1.89881 3.2258 43.5976 10.763 9.4675 0.92573 7.82188 4.7871 0.6134 6.16297 
0.299288 54.6755 30.2393 1.80868 90.5282 14.6518 0.88439 182.035 92.7803 16.8116 260.798 229.837 0.00204895 55.881 0 7.89529 1.7557 32.0777 31.4873 5.88789 2.52609 17.5516 20.0162 10.0814 22.2416 3.91743 19.7619 18.7613 
7.4693 34.2193 23.8026 12.8824 8.83103 25.0858 0.318971 222.748 133.056 72.5478 1.77745 6.01696 54.1462 18.2631 1.80777 0 7.89335 26.6722 0.689238 9.59707 62.672 9.72206 6.94466 22.4099 5.34357 3.61315 13.6387 17.0641 
125.655 81.133 37.5846 63.9215 93.7449 22.8179 97.8636 4.50947 118.169 4.07463 80.6594 80.3254 5.95002 22.041 25.5299 0.0268795 0 253.45 428.391 5.57879 68.4803 1.28519 8.5307 20.3815 46.6091 26.2039 19.1657 3.78649 
76.5674 66.8186 64.6359 51.3673 0.0256469 0.734742 23.4813 4.07946 9.8744 26.4939 165.049 0.835723 58.618 8.31679 26.9995 1.22144 247.709 0 82.8373 0.751336 0.191232 1.26114 9.33323 15.526 36.1927 8.98976 37.3567 13.198 
33.772 61.4358 16.2693 62.509 0.0508171 1.27414 133.154 38.448 120.461 98.2818 9.88999 49.8948 45.7655 14.6076 23.3578 24.3335 157.053 58.2353 0 0.0858678 19.9983 18.3783 0.0477123 1.24416 25.0268 4.85397 5.91799 6.39864 
21.4479 59.727 11.82 27.299 70.783 4.92443 38.5176 47.6989 36.1013 45.2581 0.636695 76.3848 13.1788 4.40156 7.36447 8.41561 28.068 7.83673e-06 7.54561 0 207.306 0.291801 3.53946 4.27056 0.858161 2.78679 8.34218 0.265852 
243.428 43.5459 127.192 208.046 1.50902 4.59451 142.86 3.5048 0.0382089 0.498692 83.9262 65.2527 58.0042 0.0251202 0.75016 55.0065 58.7944 1.04088 71.2613 10.0286 0 28.6744 39.8979 17.43 3.67273 33.0166 42.163 49.7983 
33.8815 2.59062 7.04676 16.2797 2.88327 2.10948 57.1329 14.6193 30.0298 36.0204 48.2187 76.327 12.8916 3.73782 0.0175221 5.44842 18.0713 10.1747 16.8586 4.93729 6.95452 0 14.1572 7.59165 22.1226 3.30756 3.28856 0.0704603 
8.70497 21.3385 12.5401 4.07683 14.4423 1.25905 54.5051 27.1482 89.0869 45.4783 44.4262 112.578 12.7488 9.65477 3.05196 9.20179 17.778 29.7305 20.0557 3.34984 40.096 14.1007 0 20.5407 5.59563 7.8331 0.0089936 0.778457 
31.3919 52.8848 3.81341 1.59008 27.4739 16.9399 60.6232 15.6379 25.7103 22.7144 110.269 171.201 30.4112 4.25554 0.13585 4.33192 11.5998 38.3834 5.01702 5.94669 37.4934 12.1404 0.0132164 0 15.442 11.3861 15.056 4.14227 
26.8503 23.8306 0.590688 39.4221 0.0227197 22.0851 91.0416 0.7938 57.5273 17.4386 87.1431 297.585 2.51699 5.80475 24.4217 52.3116 26.1081 31.5936 14.7502 13.5785 4.13532 17.8501 31.2379 65.9482 0 106.5 153.281 93.5048 
78.3315 82.036 4.50371 0.126589 31.0597 27.8208 0.260363 0.0116492 137.144 75.13 111.679 396.158 41.662 11.5059 10.4371 7.20651 22.2594 9.82928 29.1124 5.6284 0.957072 8.09442 7.58461 14.2498 35.7142 0 35.0671 12.4324 
49.7118 23.6931 4.54846 1.09048 46.1353 0.197875 26.0597 100.37 64.8336 17.3112 1.09717 3.13718 36.4986 0.2337 12.1846 12.3423 1.23736 44.8445 19.8638 0.0428097 24.9387 3.45448 12.3973 12.3711 17.3627 36.6159 0 39.8854 
43.6801 9.26218 5.17936 3.16407 55.7051 14.8926 0.26859 2.18367 40.3228 2.94584 92.1385 12.5045 43.2107 10.094 6.56352 20.6575 15.8549 9.40334 11.1358 0.901723 14.0674 8.34557 1.88147 11.1303 4.72069 15.5286 91.9341 0 
