0 595.342 73.5575 189.9 6.15277 127.726 72.3715 245.216 88.3277 40.9173 29.6789 40.0153 87.5326 47.8998 53.4442 68.1626 21.9077 235.875 12.8457 176.487 54.2045 6.55787 42.6621 40.405 89.2026 9.35597 5.84007 4.50777 
578.917 0 123.455 265.133 255.27 248.759 200.062 150.238 334.818 43.0547 184.17 64.7368 145.168 7.15795 42.654 60.0897 87.1227 603.504 171.616 39.15 86.2323 14.9523 17.6386 28.7318 82.8284 58.6398 32.4175 61.599 
12.0242 352.516 0 155.281 27.6546 5.00751 38.0254 181.089 261.265 22.1565 157.243 4.868 68.8644 15.8169 9.43976 4.94812 0.00107875 50.09 8.69304 25.8661 126.145 8.51162 9.06256 9.16734 11.8422 6.46214 4.384 12.0865 
240.085 40.1159 359.279 0 69.1983 73.4052 203.308 807.04 93.9491 89.8274 4.75663 2.9723 41.7602 22.9242 0.674185 0.0915627 20.748 16.4771 4.30122 26.8225 703.189 4.9069 19.1054 2.78982 54.1331 0.106268 19.423 25.7627 
153.534 529.142 0.247806 103.591 0 63.581 194.2 31.9825 276.727 212.441 146.023 0.0805993 73.4667 57.8158 3.22816 60.9375 153.605 108.922 0.000215441 86.6797 17.3957 5.46461 40.7636 37.449 2.21951 0.121077 31.3061 55.5125 
76.6378 107.034 46.8617 80.2228 362.591 0 815.644 38.4967 376.143 774.912 164.956 27.0111 445.265 2.02057 22.3602 14.568 17.1136 119.615 49.6075 11.746 3.52392 16.6608 15.441 5.34086 30.1385 17.5484 2.77483 2.63922 
5.336 180.453 201.48 31.8301 413.732 326.909 0 78.2927 175.749 499.496 154.33 161.963 35.4415 1.12545 11.224 7.70993 41.6488 41.3458 157.38 35.4593 143.722 55.9901 22.6187 37.3108 7.30883 39.5786 47.2989 7.8196 
101.096 26.7206 147.332 56.7481 25.3361 205.129 134.606 0 283.673 199.821 144.978 129.626 11.758 0.00679059 43.5737 108.454 1.37355 30.3574 109.851 45.341 59.926 10.2141 76.0764 60.5712 158.07 155.544 68.501 98.9525 
259.682 18.4876 449.669 293.628 123.949 483.214 999.845 237.143 0 378.28 827.471 384.003 85.7249 131.216 96.6539 29.0874 27.9688 13.6654 143.54 86.7661 0.0133385 32.3698 101.181 83.4458 99.5177 83.1978 12.0939 36.2843 
152.72 23.31 45.889 3.69123 210.017 400.765 7.91162 175.858 320.075 0 396.169 114.677 191.269 24.0911 101.764 1.89978 3.19875 20.711 122.314 50.8647 7.75893 22.5313 60.5917 59.802 20.5959 38.8428 40.2876 4.91416 
45.7154 264.417 121.354 103.879 7.09442 47.9253 267.676 189.655 700.455 96.5881 0 339.476 71.2431 0.927579 171.771 1.20314 44.9561 18.378 0.0539633 74.2366 117.534 68.4104 133.211 73.3442 7.26554 120.863 33.2079 11.9588 
151.093 85.1013 123.287 109.379 178.221 95.1473 277.898 0.00039912 18.3265 40.4789 514.166 0 151.238 161.341 212.585 29.7222 2.18951 2.30823 3.81862 32.2078 107.201 72.3289 93.939 184.59 278.767 26.9302 87.8356 96.5373 
30.5322 93.9618 25.0107 5.75839 27.0572 147.262 71.2384 133.54 128.249 96.034 226.948 109.242 0 8.25017 12.3296 83.4764 47.215 99.8478 78.764 14.3322 50.7248 9.83164 6.88332 48.0485 40.0886 0.112115 31.1979 0.170004 
52.4126 65.1711 4.62874 0.0397046 42.7619 0.552331 96.8686 112.541 113.124 46.3695 84.2456 23.8006 152.542 0 28.1238 11.1925 2.53454 45.4424 1.91303 3.23003 43.5821 10.7674 9.45126 0.943977 7.79361 4.80986 0.608152 6.14765 
0.312265 54.5133 30.2854 1.83889 90.4604 14.5611 0.829507 181.905 93.4638 17.0763 258.487 229.04 0.00551722 55.5874 0 7.47587 1.7428 32.1607 31.5222 5.87535 2.55284 17.5516 20.0839 10.1627 22.1845 3.86913 19.7654 18.7898 
7.54704 34.3496 23.7829 12.791 8.89827 25.0589 0.341353 222.031 133.289 72.3837 1.64143 6.85571 53.9833 18.2267 2.02437 0 7.91442 26.7421 0.679947 9.59931 62.6841 9.70959 6.97875 22.2925 5.30993 3.68072 13.6156 17.101 
120.344 75.5772 37.6676 58.5878 94.0483 17.5365 97.7646 4.55633 113.012 4.02727 80.5839 80.2767 5.91227 22.039 25.5496 0.0283703 0 252.748 420.578 5.60724 68.48 1.2921 8.51708 20.3761 41.3612 26.1946 19.1558 3.79905 
77.1196 67.4806 65.0759 51.0543 0.0384739 0.697046 23.1542 3.99328 9.69815 26.3067 164.952 0.866255 58.4908 8.3574 26.9183 1.20187 248.454 0 83.1323 0.777573 0.204084 1.25016 9.30099 15.5676 36.2517 8.94218 37.3818 13.1588 
33.5972 61.0627 16.3651 62.4981 0.0864007 1.22324 132.918 38.5924 120.234 98.4732 9.9906 50.0091 45.8795 14.5796 23.3136 24.3082 156.519 58.5241 0 0.0902086 19.9314 18.3597 0.0459166 1.23521 25.0053 4.83272 5.90388 6.4165 
20.8989 60.093 11.8779 27.177 70.9279 4.95485 38.6798 47.9022 36.2627 45.198 0.656047 76.4992 13.2196 4.39906 7.37661 8.42356 28.0386 0.000154122 7.50979 0 209.493 0.293636 3.53704 4.2648 0.865302 2.79862 8.33484 0.262688 
243.362 43.2566 127.186 208.622 1.54825 4.6448 142.901 3.40179 0.048118 0.481957 83.7199 64.9949 57.9401 0.0230717 0.735459 54.9519 58.8405 1.01169 71.24 9.26995 0 28.6888 39.8929 17.477 3.70556 33.0946 42.1783 49.8142 
33.8575 2.56957 7.03555 16.2745 2.90905 2.12488 57.0914 14.6747 29.9582 35.9353 48.3083 76.3382 13.0243 3.71938 0.0191703 5.43251 18.0816 10.1471 16.839 4.93361 6.97219 0 14.1775 7.56532 22.1149 3.29812 3.29804 0.0691294 
8.66715 21.2768 12.5422 4.09678 14.3879 1.27086 54.594 27.0023 88.9757 45.5604 44.693 112.415 12.6003 9.64952 3.10659 9.23195 17.7709 29.6928 20.0422 3.34713 40.0953 14.1215 0 20.5045 5.54767 7.81967 0.0098876 0.784475 
31.4627 52.8333 3.83195 1.57054 27.5344 16.9288 60.5521 15.4507 25.8457 22.8021 110.086 171.503 30.2904 4.28693 0.147843 4.43023 11.6152 38.3473 5.00059 5.94971 37.5337 12.1587 0.007169 0 15.295 11.3561 15.0806 4.15974 
21.5373 18.5995 0.603678 34.2381 0.0199712 16.823 91.0139 0.862421 52.0596 17.3447 86.849 255.915 2.48932 5.77782 24.3694 51.8475 20.8305 31.6539 14.7776 13.5745 4.10076 17.6443 31.2505 66.2387 0 107.448 148.409 97.6433 
78.3007 82.0687 4.54072 0.116662 30.9718 27.8205 0.278591 0.025638 137.03 75.0957 112.058 395.709 41.6027 11.4907 10.3683 7.29572 22.2413 9.77987 29.1252 5.61443 0.976221 8.08556 7.59843 14.2269 35.7361 0 35.0193 12.6526 
49.6954 23.6441 4.56524 1.10249 46.1545 0.194157 26.1199 100.381 64.9017 17.3568 1.1203 3.07343 36.482 0.23702 12.162 12.3178 1.24374 44.8414 19.851 0.0417521 24.9032 3.46413 12.4066 12.3996 17.4059 36.6492 0 40.3499 
43.6168 9.21216 5.20346 3.13628 55.6882 14.8673 0.257585 2.2495 40.1855 2.97723 92.2655 12.7309 43.1937 10.0828 6.59562 20.6823 15.8715 9.36869 11.1152 0.907407 14.1115 8.35226 1.87272 11.1466 4.68497 15.2914 92.0308 0 
