0 711.299 95.472 363.204 1.51865 253.466 91.1323 224.858 193.121 34.0858 36.8624 30.524 84.3399 46.7761 55.7356 70.6532 140.097 232.917 16.2779 187.817 69.8215 5.91959 41.8668 38.6223 209.964 11.621 5.04298 3.5683 
717.305 0 220.819 349.261 180.843 358.966 131.272 170.861 485.503 57.5819 167.894 75.8351 146.944 5.62896 47.0611 56.7729 215.119 865.183 169.489 30.5526 77.1495 13.7843 16.0662 30.6954 200.553 61.6338 31.1005 60.7177 
3.81431 255.499 0 243.216 40.0438 8.52663 20.0103 207.476 177.247 16.531 135.785 10.0079 67.2574 16.1296 11.2536 6.03244 0.0827899 39.2768 6.75472 26.5609 127.108 8.79454 8.65887 8.58953 10.6477 5.35584 4.83903 12.8482 
408.62 143.328 294.154 0 58.3297 196.472 202.482 829.944 248.254 93.8974 10.1215 0.068493 39.0467 22.683 1.26916 0.50763 141.784 22.4792 3.07933 23.5043 163.593 5.26097 19.2571 2.1429 175.393 0.503682 18.6545 26.7954 
132.971 507.841 2.80128 114.117 0 130.672 144.628 24.1005 300.341 243.768 162.086 0.0863465 83.1318 55.7647 1.86296 58.6833 154.088 94.1741 3.35405 89.0526 20.8822 4.56832 39.2345 35.8927 1.5355 0.399236 32.3402 55.9605 
204.938 251.223 51.9968 197.602 221.71 0 798.388 26.4633 419.382 802.865 190.98 20.4527 9.09265 1.45802 24.9035 15.8769 136.741 116.796 43.7231 12.7658 2.42727 17.1805 15.1349 4.77509 151.083 18.6717 3.13671 2.20074 
12.5034 114.021 221.769 20.3981 430.519 46.1105 0 49.241 527.599 508.817 209.162 180.95 25.3148 2.43085 6.61776 5.1313 45.8333 30.7215 156.189 31.2048 142.851 54.7319 20.0867 39.9458 9.53202 35 48.6312 6.35227 
124.136 16.0408 118.471 88.7157 18.2805 210.945 98.3313 0 378.348 207.577 116.13 20.0558 15.1478 0.471477 55.3666 135.879 2.17154 24.7023 111.661 39.9662 50.3139 8.94812 72.0955 52.6997 168.374 134.618 71.9531 104.985 
388.215 137.159 400.025 382.478 96.006 567.676 1258.88 151.162 0 362.527 203.806 366.273 74.6589 126.315 129.798 22.0308 150.284 19.7588 147.106 83.0584 0.577131 30.4257 100.068 86.4474 225.229 75.254 10.4465 32.6883 
154.854 34.9282 38.6341 1.85554 176.701 469.022 0.477708 164.311 347.53 0 299.466 131.034 152.294 19.7918 92.1933 0.663731 2.15514 16.3496 120.752 52.0171 9.57498 24.8046 60.3211 59.1825 17.9744 42.3986 39.3365 6.03841 
37.8766 267.129 143.222 89.3636 13.3579 70.3418 323.08 219.8 768.991 178.104 0 282.685 56.2176 5.20309 110.433 0.0973681 42.1711 14.2663 0.0465277 72.044 122.002 66.6718 131.867 80.1608 11.1785 130.218 35.9205 14.9888 
138.409 96.8454 110.301 86.517 179.378 86.0223 270.716 49.9483 35.68 29.1203 518.268 0 154.006 156.427 235.017 93.5324 2.98272 3.85352 2.72753 35.8301 113.981 71.1833 87.7099 179.966 207.191 66.3545 92.5641 84.694 
34.087 100.398 22.1193 4.37422 34.4014 175.086 85.3149 129.809 117.12 133.092 215.313 102.789 0 17.4025 18.0071 82.3355 45.6258 101.384 76.992 13.22 52.5981 6.88137 4.13989 44.9297 38.4353 0.0071879 30.4836 0.345019 
51.7946 66.5928 5.32412 4.63491e-05 45.2812 0.272793 96.3668 108.019 105.694 51.2044 65.7742 32.641 156.046 0 15.6756 13.2281 2.23161 46.4991 2.31527 3.34291 43.1323 10.8618 8.79443 1.49438 7.03441 5.43164 0.47438 5.73463 
0.765753 50.109 31.4342 2.74318 88.4539 12.17 0.0117948 177.452 112.139 24.8562 194.307 205.523 0.734 45.6354 0 0.405429 1.41215 34.407 32.4377 5.53695 3.32601 17.5227 21.7785 12.4005 20.6055 2.66647 19.8419 19.5312 
9.77933 37.8947 23.1864 10.4005 10.792 24.2787 1.23279 200.688 139.106 67.7707 0.0161746 49.0064 49.5203 17.0437 12.1181 0 8.48829 28.6348 0.452525 9.64913 62.9305 9.36278 7.88757 18.9046 4.5542 5.70117 12.9819 18.0659 
238.713 187.629 39.8676 176.48 102.124 136.975 94.955 5.90887 235.616 2.84874 78.4871 78.906 4.93502 21.9736 26.07 0.0836794 0 231.572 449.991 6.39736 68.4235 1.48524 8.14996 20.2238 161.599 25.9289 18.885 4.14437 
92.3733 77.6124 77.1084 42.7954 1.3592 0.0538614 15.1119 2.00872 5.51817 21.4579 162.076 1.89615 55.0508 9.48428 24.743 0.732714 266.188 0 91.0322 1.65397 0.709053 0.9715 8.44597 16.6994 37.8339 7.69679 38.0457 12.1158 
28.9917 51.2077 19.0169 62.0937 4.5706 0.239126 126.202 42.5443 113.917 103.428 12.8781 53.0925 48.9521 13.8243 22.1157 23.6082 139.56 66.4087 0 0.247656 18.1564 17.8518 0.0104454 1.00538 24.4128 4.27315 5.52714 6.90512 
9.12618 70.0563 13.4466 23.8614 74.7258 5.80103 43.0931 53.4379 40.6864 43.5295 1.28671 79.4977 14.3317 4.3292 7.70172 8.62993 27.2272 0.17582 6.5674 0 264.234 0.345318 3.47026 4.10748 1.06868 3.12455 8.13422 0.184311 
240.205 35.7021 126.482 207.513 2.79601 6.09708 143.75 1.19413 0.74543 0.13798 78.1282 58.1184 56.1853 0.000701622 0.392889 53.4191 60.0507 0.379346 70.6088 0.0833905 0 29.0692 39.7337 18.7547 4.64216 35.1923 42.5719 50.2093 
33.1938 2.03272 6.73203 16.1269 3.64506 2.55906 55.92 16.1984 28.0326 33.6247 50.7076 76.5664 16.8126 3.22975 0.091656 5.00458 18.355 9.41092 16.3047 4.83281 7.45567 0 14.6589 6.85397 21.8782 3.04625 3.55738 0.0379439 
7.67122 19.6239 12.5812 4.64858 12.9452 1.60821 56.9316 23.1653 85.8277 47.72 52.0264 107.723 8.87423 9.2755 4.73062 10.0093 17.5728 28.6652 19.6667 3.27267 40.053 14.6164 0 18.8887 4.31094 7.44882 0.0500347 0.954953 
33.3645 51.398 4.3438 1.08575 29.1657 16.6095 58.5637 10.7802 29.5828 25.1924 104.903 178.661 27.0509 5.14286 0.660297 7.3961 12.0311 37.3558 4.56498 6.02721 38.6006 12.6246 0.53286 0 11.5505 10.529 15.7247 4.64 
140.125 139.401 1.00638 156.226 0.0127391 136.728 90.1042 3.77927 166.519 14.8773 78.8371 619.297 1.7979 5.06179 22.9079 33.3745 140.285 33.2778 15.5178 13.456 3.21984 35.5679 31.4471 72.2585 0 90.5336 31.342 142.061 
77.332 82.8187 5.58438 0.00186822 28.61 27.7598 1.00138 2.45624 133.512 74.003 121.99 373.868 39.9709 11.0561 8.55984 9.83887 21.7442 8.48496 29.452 5.23752 1.56385 7.84241 7.96275 13.5774 36.219 0 33.6039 19.094 
49.2209 22.3261 5.0264 1.45071 46.6528 0.106997 27.7514 100.527 66.6964 18.5964 1.83334 1.59561 36.0161 0.335251 11.5448 11.649 1.4218 44.7396 19.5001 0.0181903 23.9412 3.72738 12.6428 13.1599 18.7201 37.3987 0 52.9706 
41.8831 7.90632 5.86733 2.42806 55.1934 14.1788 0.0473009 4.38272 36.5075 3.88366 95.5548 19.5296 42.704 9.77215 7.47957 21.3012 16.3153 8.4517 10.56 1.06696 15.3157 8.52956 1.64211 11.5752 3.87421 9.41434 92.8694 0 
