0 840.574 104.587 523.558 0.520329 395.433 99.0855 216.046 327.154 31.4318 39.9597 26.9687 82.9949 46.2949 56.6379 71.5992 279.31 231.115 17.7737 198.209 76.5281 5.66731 41.5262 37.8833 350.074 12.6021 4.73314 3.21505 
855.669 0 262.389 473.277 152.172 493.531 105.967 179.15 636.341 63.9181 161.087 80.4817 147.496 5.05425 48.8617 55.3909 358.231 409.74 168.265 27.2709 73.4804 13.317 15.4384 31.4962 339.447 62.8184 30.5612 60.3297 
1.76541 213.922 0 270.342 45.5722 10.1877 14.1807 217.422 144.591 14.4355 126.858 12.5967 66.5396 16.2387 12.0163 6.49514 0.174905 35.1273 6.02651 26.7971 127.202 8.90818 8.49095 8.35277 10.168 4.92761 5.02875 13.1563 
565.716 279.199 288.786 0 54.0162 337.439 201.318 944.09 403.021 95.4191 12.8494 0.112487 37.9363 22.5644 1.5632 0.772188 282.103 25.1424 2.63702 22.1521 376.736 5.40719 19.3063 1.90171 315.716 0.748965 18.3362 27.1989 
124.578 493.39 4.62151 118.245 0 170.225 125.428 21.1703 308.981 255.684 168.502 0.279991 87.0968 54.896 1.4117 57.7301 154.023 88.26 6.64982 89.9146 22.3768 4.2242 38.5998 35.2511 1.29204 0.558483 32.7573 56.1214 
348.177 401.046 53.9319 336.238 733.938 0 1115.68 22.116 525.87 465.81 201.021 18.0036 540.546 1.25326 25.9247 16.4051 276.502 115.462 41.3274 13.1804 2.03705 17.3835 14.9996 4.55039 291.326 19.12 3.28935 2.03232 
16.2412 90.0842 228.652 16.3878 434.066 4.3281 0 39.072 693.451 505.576 232.21 188.5 21.614 3.10118 5.07196 4.22324 47.555 26.7767 155.427 29.5105 142.36 54.194 19.0815 41.0141 10.5121 33.1706 49.1588 5.79406 
133.763 12.4245 106.891 89.143 15.7067 212.591 84.6591 0 416.255 210.345 104.869 2.50055 16.6376 0.869305 60.4066 147.047 2.54764 22.539 112.322 37.8223 46.5614 8.45269 70.4259 49.5504 172.141 125.882 73.3259 107.332 
530.951 278.714 373.407 508.312 85.2555 686.108 1301.41 119.99 0 353.972 454.585 357.583 70.2409 124.096 151.516 19.3898 291.145 22.531 148.382 81.4828 1.04399 29.6374 99.5065 87.599 367.351 71.9978 9.80459 31.2502 
155.495 40.2177 35.7638 1.28404 162.926 481.305 4.4888 159.38 356.871 0 259.574 137.676 136.51 18.1236 88.0928 0.341229 1.78729 14.7022 119.931 52.4514 10.3637 25.7411 60.1494 58.8757 16.9402 43.8385 38.9362 6.52574 
34.8435 267.607 151.959 83.5056 16.4413 80.2874 344.58 231.882 793.655 215.584 0 259.048 50.4597 7.91393 87.8106 0.784966 41.0415 12.7271 0.158532 71.1096 123.748 65.9321 131.075 82.8909 12.9928 133.808 37.0349 16.3056 
133.141 101.687 104.901 77.5713 179.659 82.272 267.098 97.4979 44.2276 24.9576 516.214 0 154.978 153.997 242.935 127.393 3.33981 4.59301 2.33411 37.3294 116.684 70.6811 85.0864 177.474 169.607 86.4293 94.4182 79.8751 
35.5664 102.961 20.9699 3.86139 37.5864 185.686 91.1893 128.187 112.529 148.829 210.088 100.108 0 21.9756 20.5728 81.7336 44.9668 101.952 76.2185 12.774 53.3515 5.81779 3.21208 43.6329 37.7489 0.00029278 30.1865 0.433744 
51.5139 67.1223 5.61497 0.00512676 46.2923 0.186565 96.0188 106.025 102.516 53.1425 58.6018 36.545 156.433 0 11.2703 14.0141 2.11313 46.9118 2.48913 3.38823 42.9322 10.8858 8.41533 1.74865 6.72779 5.68828 0.424442 5.56659 
1.00724 48.3085 31.8477 3.1593 87.5411 11.2317 0.0477609 175.127 119.796 28.348 168.075 194.986 1.37946 40.718 0 0.0543519 1.28691 35.3228 32.7958 5.39937 3.66847 17.4954 22.3885 13.3282 19.9447 2.23458 19.8617 19.8183 
10.7602 39.3495 22.9089 9.4746 11.6072 23.9321 1.75257 191.026 141.202 65.7996 0.491907 75.9305 47.674 16.4573 18.2732 0 8.72514 29.4087 0.372913 9.6635 62.9867 9.21631 8.24855 17.433 4.33322 6.62414 12.718 18.4401 
377.814 324.325 40.7394 315.46 105.334 276.658 93.7402 6.50706 376.477 2.42495 77.6025 78.3186 4.56011 21.9408 26.2745 0.114553 0 221.852 162.945 6.73076 68.3738 1.5675 8.00098 20.1573 301.548 25.8133 18.7721 4.28848 
98.7381 73.4749 82.0537 39.5507 2.43291 0.000192177 12.2932 1.39183 4.14277 19.5999 160.756 2.42846 53.6462 9.95939 23.868 0.574332 272 0 94.2042 2.10286 1.00165 0.867804 8.10667 17.1659 38.4718 7.21237 38.3089 11.6993 
27.18 47.3342 20.1293 61.8679 8.31395 0.0561085 123.292 44.1784 111.247 105.321 14.1475 54.3464 50.1956 13.5165 21.6242 23.3156 131.101 69.6544 0 0.333952 17.4491 17.642 0.00319446 0.918221 24.1654 4.05346 5.37616 7.1076 
6.1148 74.132 14.0884 22.5081 76.2057 6.15892 44.9041 55.71 42.5172 42.8264 1.60302 80.6656 14.7914 4.29931 7.83251 8.70936 26.8855 0.342118 6.19758 0 283.153 0.3675 3.4422 4.04265 1.15716 3.2607 8.05114 0.156287 
238.179 32.78 125.899 199.674 3.40687 6.74045 143.959 0.617058 1.26632 0.0575241 75.8424 55.368 55.4574 0.00983344 0.283672 52.7635 60.5237 0.208649 70.3213 2.72382 0 29.2197 39.6561 19.28 5.05151 36.0426 42.7212 50.3513 
32.9162 1.83131 6.60804 16.0622 3.967 2.74587 55.4161 16.834 27.254 32.6776 51.6729 76.6183 18.4627 3.03591 0.136573 4.83153 18.4634 9.11671 16.085 4.79108 7.65589 0 14.8158 6.56439 21.7668 2.94536 3.66478 0.0278905 
7.27948 18.9594 12.5883 4.88025 12.3727 1.75577 57.8497 21.6616 84.4677 48.5649 55.0754 105.659 7.5235 9.00004 5.46744 10.3031 17.4887 28.2424 19.5086 3.2416 40.0228 14.779 0 17.9069 3.84196 7.29344 0.0752021 1.02871 
34.1343 50.7893 4.55802 0.912804 29.8295 16.4686 57.7178 9.09797 31.1474 26.1767 102.654 180.995 25.75 5.4934 0.971418 8.74995 12.1998 36.9425 4.39183 6.05657 39.0228 12.7985 1.1165 0 10.1729 10.1849 15.9752 4.83969 
279.463 279.64 1.19867 296.901 0.0468257 276.57 89.6438 5.54585 304.209 13.912 75.5472 363.684 1.54735 4.77759 22.2873 24.6173 279.926 33.9366 15.8194 13.4015 2.88982 51.9339 31.4453 73.4267 0 65.9233 61.0784 108.378 
76.8604 83.0495 6.03266 0.040005 27.6562 27.7065 1.42266 4.56835 131.852 73.4681 125.855 359.905 39.2896 10.8663 7.85332 10.9386 21.5367 7.97959 29.5745 5.08482 1.84172 7.74147 8.10614 13.2961 36.3534 0 32.9594 21.9406 
49.0102 21.7924 5.21845 1.60546 46.8436 0.0788376 28.4185 100.507 67.4008 19.106 2.17282 1.12948 35.8171 0.379981 11.2913 11.3729 1.49752 44.6878 19.3544 0.0113533 23.5481 3.83627 12.7314 13.4628 19.342 37.6208 0 58.0273 
41.1638 7.39894 6.14511 2.16346 54.9706 13.8951 0.00985171 5.44695 35.0296 4.28486 96.8143 22.6623 42.4885 9.64029 7.84817 21.5248 16.4944 8.08893 10.3352 1.13528 15.8146 8.60016 1.55167 11.7434 3.62998 7.35703 92.2261 0 
