0 865.189 135.703 680.35 1.0946 498.842 127.397 183.931 406.233 22.9166 51.3341 16.2117 78.1717 44.5348 59.6005 74.5381 374.753 222.325 23.3391 249.979 100.798 4.83185 40.279 35.2838 447.927 16.2301 3.7318 2.13031 
908.607 0 392.143 513.48 67.2018 567.366 36.4514 206.803 763.53 87.2612 137.119 96.9345 148.627 3.29275 55.0616 50.5081 466.595 692.576 162.5 17.107 61.0587 11.7449 13.3327 34.2565 433.212 66.7316 28.6896 58.864 
0.705391 83.4943 0 294.745 66.3253 16.7845 1.60879 246.949 50.7894 8.17523 96.065 23.5851 63.7945 16.5314 14.7261 8.17229 0.753045 22.1963 3.80403 27.3953 126.203 9.2927 7.89788 7.53254 8.55252 3.56089 5.70159 14.2068 
706.372 376.078 346.311 0 39.8562 437.825 193.72 878.085 553.569 100.017 24.5247 5.70892 34.0967 22.0661 2.8005 2.09686 381.111 35.1979 1.36484 17.555 103.711 5.92 19.4194 1.1728 414.345 1.95766 17.2169 28.5091 
96.0903 421.377 14.2154 131.57 0 302.196 66.5919 12.3974 333.734 291.652 189.81 1.7961 100.778 51.7617 0.330456 54.2983 152.631 68.5316 26.1541 92.4037 27.845 3.13213 36.3627 33.0066 0.610619 1.31098 34.1772 56.5797 
456.934 531.946 59.7437 428.652 227.083 0 34.8551 9.88259 510.238 168.012 232.044 10.6317 535.63 0.660168 29.3403 18.192 373.662 110.067 33.1789 14.6007 0.9476 18.0437 14.4874 3.80304 389.895 20.6176 3.83853 1.49788 
32.5348 26.7782 245.258 5.748 431.164 232.237 0 12.4876 1182.1 464.233 311.309 213.345 10.9133 6.01264 1.28551 1.74906 53.5498 15.0431 151.589 23.8747 140.064 52.2286 15.7436 44.6628 14.2106 27.0592 50.9089 4.04956 
167.403 3.40736 69.1556 40.3193 8.23976 214.947 43.8815 0 535.231 218.051 69.0169 70.169 22.2407 3.15765 78.5607 184.134 4.06971 15.7413 114.252 30.6784 34.4447 6.83596 64.4838 39.052 183.01 95.6381 77.895 114.877 
635.324 391.555 263.177 553.404 51.8551 686.189 1131.75 36.782 0 316.017 194.702 321.823 55.5412 115.481 112.324 11.4233 392.11 33.3008 151.968 75.7831 3.69994 26.938 97.1014 91.2363 472.074 60.7811 7.72489 26.4279 
156.676 60.6324 26.3707 0.114452 116.109 457.879 48.2868 141.547 379.774 0 131.782 160.18 84.9534 12.7984 73.3402 0.0458315 0.777838 9.62533 116.302 53.7877 13.2958 29.0065 59.2855 57.5797 13.5389 48.7374 37.4988 8.33292 
25.1626 266.453 180.511 63.8742 29.3195 117.093 410.691 271.805 906.733 352.425 0 178.639 32.5003 21.3198 26.7166 8.14345 37.1732 8.04393 1.0556 67.7114 129.412 63.2457 127.281 92.0196 20.1755 145.042 40.9115 21.1949 
114.697 118.501 86.0832 49.1746 179.779 69.3226 251.717 353.688 79.5633 12.8573 492.909 0 157.625 143.845 263.819 262.962 4.72061 7.62498 1.20687 42.5855 125.704 68.7931 75.7316 166.341 117.076 167.742 100.456 63.5095 
40.793 111.492 17.1506 2.32561 49.3328 202.32 111.796 122.154 96.5732 203.482 190.17 90.6783 0 40.8904 30.4037 79.0639 42.6443 103.648 73.3285 11.2691 55.9045 2.79956 0.895805 39.0691 35.3284 0.136202 29.1343 0.817171 
50.4178 68.7219 6.64617 0.117128 49.7018 0.0141005 94.1881 98.5288 91.0048 59.6186 36.0832 51.1478 153.108 0 1.24156 16.4281 1.72631 48.2542 3.13261 3.54143 42.1681 10.9044 6.718 2.73973 5.68835 6.58235 0.272633 4.98948 
2.08983 42.1047 33.0169 4.7974 83.9844 8.19033 1.8113 164.964 145.803 41.5804 84.747 155.748 5.12019 22.4889 0 10.0948 0.897381 38.478 33.9626 4.92662 4.97015 17.3328 24.0818 16.5322 17.6071 1.02165 19.8793 20.7376 
14.4422 44.3923 21.8056 6.53197 14.6034 22.6164 4.22861 154.637 147.135 58.6632 7.13908 199.092 41.2352 14.0507 44.8816 0 9.55513 32.0863 0.15667 9.68654 62.9831 8.68973 9.43081 12.2226 3.97292 10.1709 11.7852 19.6376 
472.047 411.1 43.6227 409.603 115.955 373.55 89.2516 8.77657 476.92 1.2183 74.4203 76.165 3.37176 21.8006 26.9452 0.258168 0 184.597 198.239 7.92989 68.0832 1.8672 7.48958 19.9081 399.083 25.3816 18.3715 4.80088 
121.057 30.1362 99.0122 29.0189 8.47494 0.743704 4.72156 0.127257 0.89397 13.747 155.56 4.76056 48.7969 11.6678 20.9071 0.174684 285.106 0 104.851 4.05224 2.39444 0.553865 6.97741 18.7987 40.6411 5.64639 39.1853 10.3014 
21.253 34.7507 24.0848 60.821 29.2476 0.402221 112.572 49.906 101.664 111.235 18.9251 58.6534 54.4357 12.4547 19.9163 22.2744 95.385 80.9091 0 0.729676 15.082 16.9054 0.0102621 0.646573 23.2858 3.33307 4.86641 7.82088 
4.16462 88.0483 16.2921 17.8994 80.979 7.44659 51.172 63.5718 48.9315 40.3039 2.95551 84.4388 16.4044 4.18993 8.27574 8.96215 25.66 1.33451 4.98775 0 326.276 0.449089 3.34169 3.81584 1.48703 3.74444 7.75863 0.0770902 
228.024 23.4682 122.598 171.14 5.96408 9.18213 144.062 0.0770626 4.10592 0.0462568 67.9514 46.1514 52.8904 0.122579 0.0427088 50.3683 62.0649 0.00871182 69.1956 38.8861 0 29.7185 39.3312 21.111 6.58414 38.9508 43.1864 50.7557 
31.9268 1.21403 6.17913 15.8181 5.17485 3.43285 53.5624 19.09 24.5977 29.3949 54.9412 76.6142 24.5774 2.39692 0.359416 4.24243 18.8242 8.12705 15.3181 4.64422 8.36155 0 15.1745 5.57339 21.3204 2.60535 4.04289 0.00503314 
5.9924 16.7113 12.5729 5.708 10.4694 2.30833 60.8538 16.7643 79.4561 51.3116 65.7613 97.9208 3.66389 7.58106 8.27787 11.1973 17.1831 26.7663 18.9408 3.13123 39.8605 15.1584 0 13.455 2.40096 6.74024 0.201063 1.30184 
36.7606 48.5872 5.32002 0.428072 32.1141 15.9363 54.6499 4.33436 36.7105 29.6039 94.3526 186.298 21.3729 6.68402 2.47695 13.8162 12.7791 35.4755 3.81418 6.14792 40.422 13.3231 4.54254 0 6.24658 8.97431 16.7824 5.54432 
375.166 378.439 1.98437 396.976 0.329126 373.868 87.6632 14.1088 394.425 10.7746 64.1848 625.388 0.823599 3.83645 20.0534 7.20075 376.45 36.1953 16.8595 13.1857 1.88153 91.547 31.0697 70.3335 0 17.8091 138.223 40.2841 
74.8991 83.5097 7.67138 0.547996 24.4104 27.3965 3.43122 16.6362 125.17 71.234 138.212 293.315 36.8715 10.1598 5.58099 14.9194 20.7996 6.33767 29.9495 4.56263 2.96928 7.38518 8.57642 12.2592 36.5335 0 30.4609 32.2998 
48.2068 19.9667 5.89855 2.19593 47.4473 0.0145394 30.728 100.075 69.7077 20.8824 3.55945 0.135539 35.0898 0.555121 10.41 10.4072 1.773 44.4631 18.8389 7.51964e-05 22.1879 4.21905 13.0019 14.4732 21.8954 38.0075 0 74.031 
38.6296 5.76126 7.13375 1.36057 54.1087 12.9042 0.0956344 9.95774 30.0425 5.80786 100.781 34.9329 41.6748 9.1633 9.15252 22.1637 17.1049 6.88677 9.56615 1.38559 17.57 8.83643 1.25579 12.2936 3.16565 2.07463 85.786 0 
