0 416.31 180.166 542.58 0.909592 422.495 140.238 305.072 468.717 40.8067 104.49 188.817 0.014471 53.0814 69.9659 79.5462 497.909 112.013 78.3824 216.598 233.417 0.16091 0.774706 48.9287 489.686 68.1458 46.2954 9.17411 
429.466 0 17.2724 613.733 121.648 419.781 451.639 17.3809 783.238 242.055 204.681 84.7573 147.662 0.005723 58.1268 22.3417 491.812 519.72 163.04 113.188 26.2831 51.0667 7.95139 6.57965 417.397 10.8871 53.8986 44.1874 
19.1027 457.257 0 274.019 8.32586 58.1062 4.79028 198.353 449.236 71.8994 67.6125 74.2802 5.00461 16.7202 28.6423 15.8427 50.6087 23.0988 43.6471 0.000211798 23.0178 2.91213 1.27839 2.20311 6.57057 27.1275 18.5318 10.2359 
496.16 418.485 249.118 0 13.0675 465.185 203.221 2.18853 440.938 49.1963 96.9707 38.4043 13.5275 17.3274 33.2154 8.87973 425.487 56.0378 62.6826 23.9967 602.021 5.77037 0.173246 25.3409 418.733 44.5698 12.6692 22.7575 
128.39 28.9577 54.644 155.314 0 297.935 431.859 13.8507 180.628 7.79876 36.5722 156.585 21.5484 21.2981 8.39636 33.4065 134.044 234.23 41.8554 50.4578 57.8312 34.3 21.5142 2.55299 4.58605 62.6093 46.6768 0.453074 
420.021 566.056 14.6186 481.917 675.06 0 776.439 175.113 440.305 632.466 154.977 108.097 117.25 13.9683 23.9665 0.105442 464.6 124.005 47.1049 9.79122 8.14714 0.0802404 3.53022 9.85924 434.244 11.8096 5.79056 5.66793 
41.3792 465.32 247.987 33.2292 138.439 161.794 0 12.3215 1056.23 155.864 0.122143 253.052 37.3952 84.5265 28.9929 25.1497 21.5355 179.546 78.7129 71.0335 42.584 55.3956 21.3886 70.8937 79.5419 91.6817 18.3506 73.4169 
18.0312 167.999 36.4143 112.564 9.44449 82.176 0.109915 0 634.493 219.335 181.633 118.568 14.2811 0.00935543 77.856 248.265 4.86042 64.7285 44.2868 108.822 0.0278616 56.4395 0.286877 69.4737 65.2692 151.746 96.2652 121.93 
564.69 604.411 260.278 734.12 224.609 426.024 1235.68 113 0 0.355109 1035.73 159.926 191.397 109.509 293.738 67.1453 520.47 99.9461 76.1836 0.21877 31.4809 9.97057 23.275 4.16655 416.14 134.253 0.0424504 20.2712 
58.8214 236.884 45.8114 34.1601 327.865 518.452 347.462 72.2488 104.967 0 596.652 222.568 288.605 37.5902 46.7567 42.9042 58.9173 2.14094 60.3699 37.6468 16.3003 27.0255 0.0206337 34.7787 69.1875 21.8348 8.38574 29.2306 
189.985 33.2131 204.554 200.068 22.1513 40.4783 23.4652 232.682 80.4053 6.081 0 56.203 12.8248 69.5282 30.4609 54.7281 1.84726 165.684 23.3831 2.67196 145.737 78.5933 8.27568 73.089 26.2211 53.8373 0.85824 91.5155 
77.7856 106.105 179.823 10.6884 33.1222 37.8624 211.514 0.259489 245.906 107.998 72.7707 0 35.0499 118.985 270.579 207.007 84.6173 100.41 3.27122 7.28775 73.3639 70.7276 115.359 164.12 293.783 340.102 119.347 0.603255 
108.066 124.974 49.2718 1.1889 0.604915 28.7179 215.885 137.072 204.869 78.9823 157.44 17.5542 0 1.86249 53.6792 81.8383 9.04518 34.1791 9.72553 15.5649 0.123485 89.6846 76.7904 65.9245 55.5825 49.9028 16.7846 39.7352 
49.2784 71.2569 8.35295 9.19217 69.2403 10.7357 18.2275 113.773 92.8699 60.1915 4.03145 20.2205 120.543 0 12.358 0.293118 0.0300042 35.87 27.4883 0.0062218 3.81882 3.34855 9.67412 7.41015 7.31467 2.87643 7.80224 6.03817 
12.9062 39.0355 7.36435 30.5349 54.7398 13.0422 55.7941 41.5164 10.3571 104.385 1.58252 133.108 90.3685 0.106955 0 89.0716 18.8555 0.00675651 18.8806 0.0106464 6.40725 15.3978 13.9065 24.0873 24.896 26.9958 16.0387 0.0458271 
43.6467 52.9254 15.222 33.9746 34.3953 18.9306 58.3872 65.0662 98.6656 3.47927 57.1316 270.985 73.0972 14.9319 67.019 0 2.73544 24.0378 23.8888 3.14349 4.72119 0.366388 11.3883 4.31613 26.6859 29.6427 2.38134 10.284 
477.566 468.433 34.5753 448.227 46.8037 466.145 107.952 9.89085 436.261 57.0211 25.8131 9.29083 51.4013 18.1258 6.94261 1.24803 0 240.283 400.757 8.48856 6.36903 14.9668 9.62282 0.343985 441.254 25.4412 21.5984 20.3399 
226.341 129.277 162.038 13.3483 105.831 8.17872 155.546 113.566 16.3852 0.697801 71.6688 93.4063 106.181 52.3754 67.7639 2.07796 48.0628 0 114.074 73.3828 118.591 22.3018 23.6058 0.693769 33.8164 0.524405 23.0513 24.4853 
0.364839 35.6936 0.334065 6.98465 45.6278 90.2942 131.535 112.364 155.083 116.888 2.41672 51.4942 82.5792 6.42896 34.6123 0.537256 101.085 91.168 0 17.4643 27.2914 8.2189 0.601892 0.281343 30.7347 30.4474 24.0041 25.1752 
24.4361 3.49949 8.86433 24.3537 29.4181 16.9409 8.52455 0.524235 101.466 1.71454 85.231 45.7809 40.0204 3.12629 11.5054 1.02742 25.0907 66.8888 33.6222 0 287.875 5.05994 3.19569 4.09419 9.87602 0.623107 0.449258 6.60974 
12.6071 64.9468 33.8573 62.0583 26.0502 39.2612 24.8712 35.6393 30.4253 48.146 37.0997 91.134 63.3558 44.6214 0.012339 1.64296 0.409551 110.261 3.33498 4.08182 0 1.50998 37.7108 40.5396 5.63479 5.04255 41.1206 1.87474 
15.9271 41.6561 11.7502 15.892 55.8939 9.1661 56.5391 53.5348 11.7259 31.3825 23.9009 76.6146 42.5712 10.8432 1.80219 0.503209 0.105952 8.79584 6.71942 3.01045 7.88888 0 8.92299 3.84638 3.40974 10.7373 4.2664 4.77871 
18.9692 10.7901 1.06651 11.2963 1.78638 13.3324 55.7339 19.1709 5.41947 15.7955 63.8306 125.293 82.9216 9.57094 25.279 9.70638 0.906276 41.4803 21.6378 2.97315 36.4108 8.81626 0 9.60216 14.9313 9.60249 12.2014 2.85231 
1.39238 61.9071 11.1493 26.1348 56.2306 0.133065 17.2331 117.404 53.7712 1.48531 110.269 95.1643 53.5993 10.086 27.2 27.0478 15.5786 45.4612 2.87864 0.0261765 21.2717 4.27886 14.3964 0 32.715 1.41983 1.53148 14.405 
415.51 481.18 26.9867 436.945 0.653545 416.539 3.19114 191.293 543.512 70.333 145.985 1007.33 31.981 5.32409 26.7973 48.7623 416.918 38.3556 4.35173 5.47779 2.46713 63.2836 3.5259 7.20103 0 25.0193 50.0801 144.421 
2.11552 44.1209 13.3456 44.5689 59.0977 0.0748939 27.2841 0.177357 76.7938 75.7111 63.009 21.4328 32.7324 6.44919 30.5738 26.1823 20.8983 0.331791 2.14979 8.80437 43.0336 8.01196 0.505732 3.86678 1.71862 0 32.6294 13.6854 
28.1914 50.558 18.441 5.26649 47.7707 15.0784 40.0841 88.4404 79.6646 29.1258 16.6749 9.11183 24.577 10.8157 18.2099 1.53196 2.64041 4.70457 13.4198 5.55726 5.38317 4.44494 1.20703e-06 3.50465 5.26377 16.1442 0 92.9738 
49.9304 0.00711838 17.1017 5.40321 9.04461 18.4031 69.7633 95.6116 23.594 33.0692 11.3403 132.15 9.92097 2.04756 7.36544 5.67785 8.18246 19.9407 0.311888 1.94501 19.3162 9.3349 0.280361 11.8387 9.32693 62.8298 50.632 0 
