0 369.767 165.519 341.738 8.37119 129.957 157.499 148.628 17.5652 15.195 64.2504 7.67183 72.8399 42.5296 62.4332 77.0432 0.254821 209.065 29.7904 282.476 127.306 4.01531 38.8543 32.4883 74.7877 20.4054 2.79735 1.22212 
432.969 0 468.016 82.633 12.171 162.571 1.69747 233.366 406.573 113.399 111.792 114.608 148.505 1.82994 61.4673 45.245 104.541 872.972 154.012 8.69702 48.62 10.167 11.2352 37.1333 55.9967 70.5098 26.7124 57.1201 
9.61879 6.08557 0 202.55 89.9039 24.8148 1.94355 267.896 2.22468 3.39776 65.427 38.1887 60.4932 16.6949 17.6431 10.0378 1.789 11.3995 1.98791 27.6487 122.967 9.6825 7.25682 6.67294 6.94154 2.33201 6.43574 15.2807 
345.444 24.3951 85.5601 0 26.6242 66.5439 180.138 282.078 234.583 103.662 40.1644 20.3273 30.0846 21.3989 4.45304 4.1415 9.89738 46.9619 0.468395 12.9847 632.081 6.47094 19.4426 0.588675 42.0685 3.80649 16.0124 29.7351 
68.0572 319.084 29.3356 143.625 0 354.816 22.3223 5.58216 350.136 318.446 210.25 4.79005 114.879 48.2683 0.00535301 50.4852 149.249 49.4587 58.6435 94.17 34.0598 2.15015 33.9458 30.6101 0.164718 2.43603 35.632 56.8967 
95.1243 190.358 64.1124 49.3607 272.787 0 667.013 2.13605 43.9962 47.4649 256.582 4.85386 532.745 0.235659 32.6637 19.9824 0.6547 103.185 25.043 16.0586 0.242922 18.6647 13.8776 3.07088 17.9346 22.0907 4.45101 1.01813 
54.6834 0.171225 249.48 0.389169 403.385 746.934 0 0.362295 1278.07 378.18 386.599 236.664 3.44336 10.0219 0.00293489 0.295829 59.8771 6.15839 145.618 18.3884 136.673 49.9931 12.4883 48.4014 18.5814 21.0668 52.6212 2.53427 
202.107 0.00351577 35.919 104.682 2.89998 211.787 14.2601 0 624.861 222.877 37.9111 322.569 28.8429 7.04869 98.2779 217.955 6.0355 9.80001 115.677 23.7041 23.3255 5.3008 58.0125 28.8705 190.486 65.3935 82.3726 121.744 
264.589 49.77 140.593 123.64 24.5091 192.14 584.081 0.431001 0 264.884 385.54 276.452 41.3033 104.953 30.826 5.17422 23.0899 46.4363 154.319 69.4264 8.19984 24.1505 93.8203 94.4528 105.92 49.2621 5.77812 21.6405 
156.169 84.9362 17.6268 0.250442 71.3116 350.033 136.196 121.874 386.753 0 35.5612 182.474 40.3076 8.04374 57.4695 1.10799 0.16057 5.37695 111.222 54.909 16.7091 32.462 57.9342 55.8347 10.2838 53.697 35.9022 10.4289 
16.4609 260.588 206.293 44.8772 46.2493 157.455 460.877 309.074 892.57 484.839 0 102.732 17.3713 41.4036 0.222944 23.7297 33.1797 4.22801 2.84372 63.878 134.711 60.2162 121.606 100.948 29.1175 154.604 45.0109 26.8522 
95.2794 136.027 66.636 24.9968 178.481 55.9896 231.202 687.318 124.616 4.27649 443.552 0 159.188 130.571 273.541 399.712 6.41471 11.5889 0.415486 48.1933 134.559 66.5619 65.5817 150.868 148.634 259.678 106.117 47.2455 
46.4441 119.814 13.4292 1.11775 62.708 179.34 133.39 115.154 79.9461 256.479 166.708 80.5831 0 64.4831 42.0275 75.3217 40.1345 104.978 69.947 9.75262 58.4981 0.781714 0.00231975 34.193 32.7155 0.545527 27.9873 1.34777 
49.0607 70.0061 7.76168 0.391799 53.1195 0.0447255 91.2431 89.7684 78.2838 65.9235 17.3602 67.887 142.159 0 1.82011 18.2802 1.35815 49.5208 3.87848 3.69643 41.2448 10.8158 4.56276 3.92549 4.64177 7.52181 0.148333 4.39223 
3.63483 35.6887 33.7891 6.83033 79.6141 5.39933 6.34693 151.071 171.172 56.8852 22.6436 112.699 11.4464 6.59245 0 35.1406 0.561162 41.7627 35.0655 4.43585 6.53078 17.0489 25.0878 19.7631 15.1001 0.242596 19.8128 21.5738 
18.7605 49.6682 20.423 3.93854 18.0308 21.0542 7.92726 114.047 151.043 50.7722 22.0517 344.468 34.4836 11.0781 72.6664 0 10.4455 34.8946 0.0285688 9.66611 62.6487 8.10536 10.5243 7.08229 4.28353 14.3162 10.7764 20.7186 
94.912 27.6947 46.4079 32.9191 126.142 0.262295 84.0844 11.4919 106.479 0.388716 70.8771 73.7002 2.3054 21.608 27.5893 0.470677 0 141.851 528.216 9.26429 67.5797 2.20802 6.95792 19.6139 26.0136 24.8748 17.9325 5.36359 
144.432 29.3156 116.028 19.3176 18.5628 3.063 0.56439 0.261051 0.0429503 8.61122 149.087 8.02028 43.7322 13.569 17.9142 0.00352203 286.464 0 115.336 6.74623 4.48864 0.298506 5.86459 20.5456 42.8554 4.18653 40.0499 8.90311 
15.6454 23.1489 28.3777 59.2846 62.9411 2.38791 100.397 56.025 91.1177 116.313 24.5593 63.1192 58.7687 11.3455 18.1132 21.1328 52.5927 92.6135 0 1.30671 12.7312 16.1128 0.0714558 0.410828 22.3216 2.64248 4.35071 8.59301 
16.2514 101.966 18.5426 13.3028 85.3663 8.87252 57.6965 71.7507 55.7512 37.5141 4.80275 87.9359 18.1359 4.06501 8.72547 9.1902 24.3018 3.06534 3.83599 0 326.453 0.54307 3.2302 3.57342 1.87289 4.27285 7.44226 0.0235339 
212.443 15.1349 117.065 188.598 9.37882 12.0974 143.139 1.94583 8.79137 0.480856 59.7277 37.0374 50.1114 0.376621 0.0187261 47.6493 63.5246 0.451813 67.7944 112.569 0 30.2076 38.8956 23.0569 8.38676 41.9407 43.5903 51.0358 
30.8374 0.698323 5.72834 15.5281 6.60019 4.2206 51.4338 21.555 21.8711 25.9545 58.2494 76.3031 31.5737 1.7852 0.70491 3.64177 19.1802 7.13286 14.5001 4.48535 9.12609 0 15.235 4.56295 20.7598 2.26313 4.45149 0.000914346 
4.75489 14.4375 12.4906 6.61889 8.6013 2.95671 63.7057 12.1701 73.72 53.8817 77.0346 88.9129 1.05132 5.54591 11.5283 11.9047 16.8371 25.192 18.3088 3.0103 39.5937 15.2413 0 7.9848 1.22351 6.13663 0.3977 1.61843 
39.4513 46.1178 6.15173 0.112119 34.4906 15.3037 51.204 1.1743 42.7643 33.2197 84.8832 187.079 17.0261 7.8496 4.71184 19.2514 13.3811 33.8722 3.24234 6.22677 41.7887 13.7392 9.71002 0 3.7758 7.68611 17.5254 6.30472 
0.650131 7.12677 3.00472 26.5876 0.899861 0.766112 84.9495 26.9108 14.5667 7.83754 52.4618 1026.05 0.304048 2.92685 17.5947 26.4093 2.40533 38.532 17.9473 12.9138 1.04742 50.7658 30.0596 55.9502 0 89.7195 62.6806 141.869 
72.3017 83.4255 9.52075 1.69947 21.1016 26.8634 6.43966 36.5761 116.695 68.2695 149.203 204.102 34.2366 9.34212 3.53053 19.2056 19.9918 4.79285 30.2619 4.02547 4.42828 6.99903 9.02435 11.0775 36.2418 0 27.4436 43.1277 
47.2379 18.0827 6.6391 2.90733 47.9879 0.00232442 33.156 99.0246 71.9107 22.7703 5.36753 0.132906 34.2598 0.773072 9.47844 9.3797 2.08579 44.1503 18.2774 0.00890339 20.756 4.6318 13.2254 15.4646 25.2718 37.7693 0 86.5241 
35.8958 4.2396 8.2148 0.709397 53.0506 11.8495 0.545356 16.0201 25.0374 7.62885 104.267 49.8939 40.7061 8.62891 10.5621 22.602 17.7321 5.71073 8.77132 1.672 19.4641 9.07161 0.973857 12.8164 3.28563 0.00355531 72.8781 0 
