0 363.384 167.551 346.868 9.18438 134.13 159.727 145.969 20.5174 14.6719 65.2502 7.15377 72.4311 42.3735 62.6329 77.2055 4.12633 207.918 30.296 282.397 129.299 3.95676 38.7431 32.2768 78.7118 20.7316 2.73239 1.16391 
427.51 0 470.175 82.5899 9.77615 163.934 0.888969 235.221 411.057 115.389 109.913 115.936 148.442 1.73695 61.9394 44.8475 109.29 1015.17 153.282 8.17155 47.7212 10.0521 11.0832 37.3472 59.6257 70.7777 26.5642 56.9814 
10.6839 3.79337 0 192.492 91.7027 25.4473 2.53844 268.986 1.123 3.11978 63.2643 39.3928 60.2299 16.701 17.8623 10.1806 1.88399 10.721 1.87444 27.6518 122.636 9.71107 7.20823 6.60892 6.82515 2.24921 6.49175 15.3595 
348.806 30.7898 74.4024 0 25.716 70.5712 178.91 420.748 242.338 103.883 41.4579 21.7594 29.7862 21.3432 4.59055 4.31995 13.9947 47.8829 0.419868 12.6584 765.634 6.51269 19.4404 0.552716 46.0585 3.96769 15.9212 29.8203 
66.0762 310.793 30.6523 144.434 0 355.669 19.8909 5.17603 350.936 319.925 211.682 5.07124 115.914 47.9994 0.014832 50.1921 148.918 48.1172 61.4935 94.2661 34.5429 2.08362 33.7625 30.4295 0.142613 2.53386 35.7393 56.9136 
99.8808 196.43 64.3588 52.8126 11.6394 0 276.597 1.78024 42.7478 248.458 258.023 4.50746 499.152 0.21234 32.8986 20.1119 4.62436 102.624 24.4594 16.1658 0.208634 18.7081 13.8292 3.01844 21.9643 22.1963 4.49826 0.985684 
56.5221 0.00284016 249.226 0.240206 400.352 777.617 0 0.144947 1263.19 370.417 391.663 238.269 3.04894 10.3593 0.0205697 0.235542 60.3501 5.64427 145.095 17.9984 136.38 49.8189 12.2561 48.6764 18.927 20.6388 52.7439 2.43431 
204.629 0.00561997 33.7859 116.938 2.60769 211.319 12.664 0 629.628 223.098 35.9031 346.436 29.3647 7.39918 99.7574 220.181 6.19752 9.40738 115.758 23.2076 22.5668 5.1928 57.5212 28.151 190.872 63.2537 82.6932 122.21 
268.505 56.6252 132.071 123.454 22.8308 187.102 539.092 0.0607982 0 260.714 1023.98 272.81 40.2976 104.11 33.5362 4.80003 27.3567 47.4876 154.435 68.9377 8.60558 23.9443 93.5446 94.6673 110.353 48.419 5.64255 21.2952 
156.059 86.8426 17.0276 0.317286 68.2513 339.743 144.057 120.377 386.54 0 30.5997 184.064 37.5128 7.7264 56.2898 1.24381 0.132895 5.10574 110.791 54.9809 16.9778 32.7208 57.8151 55.6886 10.0545 54.0582 35.7792 10.5936 
15.875 259.961 207.996 43.545 47.6435 160.454 463.66 311.613 879.815 493.424 0 97.6347 16.4107 43.1196 0.0133713 25.194 32.8844 3.98942 3.01212 63.5811 135.079 59.9814 121.115 101.583 29.839 155.217 45.3182 27.2952 
93.8379 137.322 65.2158 23.4703 178.325 55.0127 229.506 711.119 128.239 3.81484 438.955 0 159.254 129.483 273.729 408.348 6.55155 11.9169 0.372672 48.6149 135.193 66.385 64.815 149.574 146.782 266.297 106.51 46.0831 
46.8726 120.407 13.1641 1.04449 63.7437 176.615 134.983 114.605 78.7186 260.087 164.871 79.8237 0 66.341 42.9383 75.005 39.944 105.058 69.6803 9.64197 58.6883 0.680021 0.000372574 33.827 32.5175 0.58715 27.8998 1.39272 
48.9508 70.0855 7.84604 0.418772 53.3675 0.0558025 90.9819 89.0814 77.3157 66.37 16.2013 69.1794 141.055 0 2.34549 18.3848 1.33218 49.6095 3.93715 3.70778 41.1708 10.8047 4.39774 4.0184 4.56583 7.59169 0.140498 4.34802 
3.76701 35.2152 33.8274 6.99443 79.2626 5.20962 6.79355 149.914 172.947 58.0664 19.4594 109.514 12.0126 5.71927 0 37.3464 0.539069 42.0067 35.1427 4.39946 6.65544 17.023 25.1289 19.9943 14.9118 0.205614 19.8043 21.6307 
19.1008 50.0603 20.3111 3.76742 18.2982 20.9305 8.24777 111.017 151.235 50.1713 23.4701 354.615 33.983 10.8453 74.3936 0 10.5129 35.1042 0.0231018 9.66273 62.6101 8.06046 10.5985 6.73134 4.33539 14.6366 10.6999 20.7916 
98.5302 30.9136 46.6052 36.5936 126.858 4.21109 83.6804 11.7084 110.603 0.345005 70.6042 73.5076 2.23329 21.5918 27.635 0.489126 0 138.604 479.954 9.36704 67.5338 2.23459 6.9184 19.5905 29.9598 24.8347 17.8989 5.40671 
146.155 33.7926 117.247 18.656 19.465 3.29907 0.415031 0.331778 0.0862865 8.27095 148.563 8.29707 43.3552 13.7155 17.6956 0.00105256 286.041 0 116.085 6.9737 4.67112 0.282481 5.78442 20.6775 43.0183 4.08514 40.1123 8.80145 
15.2536 22.3574 28.7028 59.152 65.8655 2.60221 99.4563 56.4861 90.3136 116.643 25.0049 63.4503 59.0868 11.2629 17.9783 21.0455 49.4975 93.4775 0 1.35649 12.561 16.0527 0.0782609 0.39525 22.2478 2.5936 4.31294 8.65171 
17.7116 102.963 18.7067 12.9738 85.6666 8.9818 58.1793 72.3555 56.2626 37.3002 4.95824 88.1771 18.2669 4.05526 8.75839 9.20567 24.1974 3.22284 3.75494 0 324.511 0.550443 3.22161 3.55512 1.90336 4.31315 7.41821 0.0207583 
211.091 14.5755 116.57 191.975 9.66368 12.3293 143.027 2.18588 9.21046 0.531798 59.1172 36.3822 49.9004 0.401251 0.0264412 47.438 63.6271 0.511988 67.6807 119.032 0 30.2428 38.8592 23.2032 8.52942 42.1612 43.617 51.0507 
30.7538 0.665284 5.69462 15.505 6.71319 4.28218 51.2674 21.7432 21.67 25.6982 58.4914 76.2671 32.1163 1.74218 0.735295 3.59771 19.2059 7.06034 14.4384 4.47327 9.18429 0 15.2263 4.48914 20.7144 2.23816 4.48254 0.00143077 
4.66717 14.2712 12.4817 6.68858 8.46718 3.00792 63.9056 11.851 73.2733 54.0601 77.872 88.2077 0.918181 5.38184 11.778 11.947 16.8102 25.0733 18.26 3.00104 39.5697 15.2343 0 7.58327 1.15051 6.09069 0.415051 1.64331 
39.6493 45.927 6.21502 0.0966133 34.6672 15.2535 50.938 1.01679 43.2241 33.4898 84.1494 186.937 16.7133 7.93143 4.90298 19.6422 13.4259 33.7497 3.20102 6.23196 41.8866 13.7645 10.1247 0 3.6668 7.58979 17.5764 6.36227 
4.50818 11.2218 3.0888 30.7333 0.953868 4.71875 84.721 28.0126 18.0454 7.63367 51.6008 506.447 0.275243 2.86244 17.4075 29.0621 6.2822 38.7052 18.0285 12.8916 0.994475 46.1021 29.9591 54.5462 0 93.81 79.4521 136.374 
72.086 83.3957 9.66355 1.81051 20.8588 26.8151 6.70077 38.3331 116.006 68.0234 149.932 197.125 34.0359 9.27814 3.39302 19.5231 19.93 4.68491 30.2819 3.98583 4.54862 6.96965 9.05583 10.9859 36.2001 0 27.2041 43.9007 
47.1603 17.9432 6.69553 2.96423 48.0245 0.00370534 33.3375 98.9215 72.0661 22.9124 5.51718 0.175966 34.1949 0.790765 9.40863 9.30258 2.11017 44.1237 18.2345 0.0104198 20.6488 4.66311 13.2396 15.5355 25.5529 37.7249 0 87.2209 
35.6887 4.13415 8.29722 0.668813 52.9652 11.7702 0.59385 16.5255 24.674 7.77399 104.498 51.0849 40.6289 8.58764 10.6687 22.6249 17.7784 5.62638 8.71241 1.69439 19.6077 9.08866 0.953992 12.8531 3.31827 0.00198255 71.708 0 
