0 490.567 181.906 557.396 16.609 343.832 176.519 125.722 222.146 10.9419 73.0384 3.77015 69.2616 41.1509 64.1009 78.3269 212.091 198.482 34.2582 269.175 144.479 3.52079 37.8713 30.6511 286.85 23.2853 2.25821 0.763982 
558.839 0 468.735 262.787 0.109476 351.898 3.3058 248.688 620.381 130.666 95.6976 126.085 147.704 1.10296 65.5095 41.7945 323.69 370.429 147.289 4.66353 41.017 9.18781 9.94503 38.9756 265.556 72.7535 25.4283 55.8823 
20.5554 4.19126 0 112.835 105.477 30.3805 9.66161 274.969 5.07359 1.37585 47.5326 49.0545 58.1447 16.72 19.5351 11.2845 2.68987 6.17764 1.11243 27.6027 119.712 9.92675 6.83412 6.12111 5.95596 1.66072 6.92492 15.9558 
545.857 261.386 89.8948 0 19.1959 279.326 168.62 293.667 478.144 105.329 51.856 34.1598 27.5158 20.8911 5.70369 5.79626 223.592 55.083 0.135694 10.2508 228.113 6.83406 19.4049 0.31402 254.706 5.30094 15.2194 30.4403 
51.5834 246.328 41.482 150.146 0 361.043 5.80227 2.56427 354.982 328.61 222.113 7.48283 123.709 45.9103 0.244405 47.918 146.034 38.3055 84.8794 94.8318 38.3163 1.60716 32.3495 29.0418 0.0259962 3.34522 36.5528 57.0108 
314.279 419.741 65.8477 257.305 723.713 0 1070.96 0.126802 221.611 474.427 267.042 2.26971 283.7 0.0736957 34.6228 21.0792 213.276 98.1313 20.1388 16.9753 0.032269 19.0249 13.4457 2.62861 230.99 22.9806 4.86645 0.753748 
71.3144 7.30924 244.655 0.287416 373.17 918.477 0 1.7282 1058.92 306.99 426.95 249.818 0.816773 13.1056 0.683552 0.00128071 63.9603 2.43731 140.749 15.1176 133.956 48.4568 10.5341 50.7548 21.654 17.4694 53.6576 1.73304 
223.419 1.21785 19.385 215.432 0.879505 206.699 3.5278 0 655.823 224.131 22.1837 538.633 33.4791 10.3483 111.012 235.507 7.5059 6.65249 116.262 19.5356 17.1239 4.39915 53.7374 22.8691 192.993 47.6595 85.0748 125.54 
475.707 289.591 73.167 301.362 11.8562 330.251 227.899 8.35251 0 227.709 885.438 244.098 32.9079 97.4162 81.8601 2.38844 238.274 55.8175 155.04 65.1464 12.0226 22.3774 91.3004 96.1836 322.318 42.0814 4.65306 18.7161 
154.881 101.741 12.7274 1.09039 46.5604 255.701 208.005 108.879 381.503 0 4.71918 195.796 19.1428 5.48782 47.382 2.53997 0.00760889 3.25355 107.28 55.4746 19.0929 34.6978 56.8223 54.5022 8.36973 56.7682 34.823 11.8884 
11.7104 254.311 219.817 33.8439 58.8442 182.945 479.963 329.677 744.534 550.219 0 62.108 9.90722 57.0833 6.81775 37.643 30.6413 2.38701 4.45922 61.2646 137.76 58.1485 117.066 106.271 35.5788 159.405 47.6687 30.7699 
82.9197 147.12 54.5961 13.253 176.862 47.6703 215.87 873.555 156.846 1.14448 400.237 0 159.518 120.787 272.623 462.67 7.64331 14.5691 0.121602 51.8445 139.897 64.986 58.9395 139.124 101.553 313.77 109.368 37.5042 
50.1706 124.79 11.2018 0.564545 71.797 156.218 146.978 110.292 69.4385 285.423 150.529 74.0042 0 80.7308 50.0431 72.4208 38.4748 105.585 67.5802 8.80886 60.1253 0.135116 0.28778 31.0274 30.9924 0.956215 27.2223 1.76108 
48.0724 70.6135 8.49385 0.654821 55.2273 0.181191 88.7996 83.6984 69.8754 69.6522 8.57214 79.1793 131.439 0 8.37694 19.0124 1.14104 50.2593 4.39875 3.79333 40.582 10.6995 3.16383 4.74179 3.99676 8.12243 0.0874461 4.01255 
4.85343 31.6354 34.0277 8.30164 76.4646 3.85436 10.6887 140.572 185.797 67.1907 2.92749 85.7414 16.7435 1.00938 0 54.4711 0.384071 43.8634 35.7088 4.12231 7.6442 16.804 25.2801 21.6979 13.4747 0.0234343 19.723 22.0391 
21.7757 53.0413 19.4181 2.57217 20.3898 19.9559 10.8926 88.2513 152.233 45.5469 35.5925 423.825 30.191 9.04717 84.886 0 11.0315 36.7034 0.00045908 9.62834 62.2511 7.71207 11.1271 4.26957 4.86359 17.1062 10.1113 21.3112 
304.302 233.972 48.0598 242.897 132.094 212.704 80.514 13.4259 320.267 0.096273 68.4802 71.9966 1.71708 21.4585 27.9723 0.642074 0 113.914 518.683 10.1661 67.1451 2.44303 6.61691 19.4055 238.346 24.5176 17.6382 5.74127 
159.129 85.0846 126.244 13.9207 27.0114 5.38921 0.031355 1.15352 0.914546 5.87944 144.372 10.5645 40.4837 14.8553 16.05 0.0302317 280.408 0 121.633 8.83006 6.18483 0.174271 5.18562 21.6923 44.2502 3.3467 40.5786 8.03768 
12.3938 16.6899 31.1995 58.0575 89.7375 4.53817 92.1468 60.0205 84.107 118.925 28.5194 65.9674 61.4902 10.6327 16.9458 20.3692 27.7626 100.007 0 1.76758 11.2878 15.5895 0.140667 0.285708 21.6759 2.23274 4.02768 9.10516 
31.2303 110.328 19.9373 10.5445 87.8273 9.82799 61.8381 76.9384 60.1697 35.6416 6.22738 89.9255 19.2745 3.97876 9.00698 9.31651 23.3863 4.55487 3.15941 0 301.185 0.608474 3.15484 3.41447 2.14367 4.62481 7.23253 0.0052613 
199.961 10.6143 112.426 219.638 11.9767 14.1656 141.976 4.48201 12.7288 1.00715 54.4754 31.5036 48.2703 0.615524 0.129609 45.7869 64.3799 1.09724 66.7692 170.373 0 30.5051 38.5621 24.3258 9.6558 43.8313 43.8048 51.1369 
30.105 0.438259 5.43677 15.3219 7.60673 4.76469 49.9607 23.1995 20.1458 23.747 60.3138 75.9331 36.3389 1.42693 0.98836 3.26523 19.3981 6.51448 13.9642 4.37996 9.63404 0 15.0982 3.9346 20.3535 2.05024 4.72202 0.00921638 
4.01897 13.0188 12.401 7.22842 7.46836 3.41139 65.3714 9.52817 69.7826 55.3568 84.226 82.6913 0.195593 4.11707 13.6969 12.2195 16.5994 24.1611 17.8805 2.92933 39.3679 15.119 0 4.70027 0.665849 5.73656 0.559898 1.83906 
41.1474 44.4396 6.70393 0.0159869 36.0118 14.8559 48.8644 0.184935 46.765 35.5504 78.437 184.918 14.3832 8.52624 6.46329 22.4845 13.7671 32.8015 2.89177 6.26829 42.6144 13.9304 13.2726 0 3.20132 6.85542 17.9443 6.80518 
212.314 220.824 3.76659 240.635 1.41918 213.195 82.8588 37.0411 223.053 6.15013 45.1189 787.119 0.101891 2.38809 15.9666 50.3568 214.155 40.0215 18.648 12.7134 0.633468 19.7355 29.0779 43.1151 0 92.3767 160.73 51.1368 
70.3391 83.0583 10.7733 2.77216 19.0257 26.4069 8.8598 52.8475 110.5 66.0313 155.044 144.381 32.4868 8.77778 2.41985 21.9081 19.4509 3.89524 30.4188 3.68533 5.51978 6.74291 9.2866 10.2728 35.7901 0 25.3178 49.5155 
46.5429 16.8833 7.13171 3.41652 48.2861 0.024936 34.7252 98.0193 73.2108 24.002 6.72695 0.705887 33.6866 0.932541 8.87459 8.71148 2.30128 43.9057 17.9028 0.0260104 19.8279 4.90458 13.3359 16.062 27.8309 37.2628 0 91.2834 
34.093 3.36737 8.93439 0.396897 52.2829 11.1617 1.03335 20.6187 21.9481 8.92417 106.127 60.4703 40.0173 8.26639 11.4886 22.7534 18.1304 4.99821 8.26426 1.87006 20.7155 9.21662 0.807887 13.1223 3.66972 0.708047 62.0535 0 
