0 537.262 184.712 620.676 18.4933 408.465 180.085 121.373 285.332 10.1975 74.7553 3.17422 68.5652 40.8794 64.4049 78.5416 276.482 196.287 35.1389 263.746 147.74 3.42905 37.6774 30.2967 351.225 23.8521 2.16085 0.688031 
605.729 0 464.229 321.75 0.0778075 411.798 5.83911 251.429 684.284 133.976 92.6623 128.278 147.485 0.9838 66.2729 41.1309 389.408 996.483 145.897 4.02577 39.6063 9.00393 9.704 39.3267 329.464 73.1643 25.1818 55.6352 
23.0814 8.47548 0 96.3932 108.45 31.4657 11.7948 275.701 8.80972 1.08876 44.3332 51.2479 57.6764 16.7175 19.8961 11.5259 2.88307 5.34804 0.972483 27.5748 118.987 9.97282 6.75247 6.01592 5.7727 1.54378 7.01991 16.0833 
606.284 331.401 104.995 0 17.8872 343.793 166.193 1170.28 548.073 105.584 54.2188 37.17 27.0269 20.787 5.95897 6.14157 288.313 56.676 0.0945542 9.75159 303.907 6.90429 19.3929 0.270905 319.192 5.61288 15.0663 30.5672 
48.612 232.337 43.9942 151.269 0 363.355 3.83762 2.11522 355.371 329.861 224.247 8.06659 125.366 45.45 0.330977 47.4178 145.328 36.2915 90.2772 94.9145 39.1522 1.51152 32.0408 28.7398 0.0130394 3.53574 36.7274 57.0244 
379.981 487.082 66.0755 320.884 161.94 0 930.034 0.0204739 282.203 471.772 268.512 1.88236 1.95063 0.0530107 34.9785 21.2832 277.801 97.1123 19.2386 17.1481 0.0142449 19.0901 13.3597 2.54685 295.575 23.145 4.94782 0.7073 
74.6781 10.8847 243.059 0.575971 366.405 924.124 0 2.83018 996.902 292.555 433.708 252.142 0.518631 13.7388 0.95078 0.00383904 64.7404 1.91388 139.729 14.5181 133.389 48.1544 10.174 51.1991 22.2639 16.8078 53.8497 1.5959 
227.355 1.76031 16.739 233.619 0.624637 205.457 2.28258 0 659.006 224.199 19.6082 580.926 34.399 11.0493 113.428 238.4 7.80555 6.11418 116.344 18.7709 16.0311 4.23468 52.912 21.7788 193.257 44.4831 85.574 126.205 
539.674 359.875 62.1922 359.539 9.92553 381.709 173.391 12.7299 0 220.355 986.014 237.71 31.3815 95.9119 92.7761 1.97256 303.287 57.6877 155.105 64.313 12.8357 22.0403 90.7826 96.4827 387.504 40.7371 4.44974 18.1722 
154.548 105.028 11.8647 1.31903 42.2994 236.823 222.499 106.38 379.62 0 2.0575 198.229 15.9086 5.04815 45.4883 2.88064 0.000725254 2.90459 106.469 55.5684 19.5653 35.1256 56.5882 54.2291 8.02111 57.3424 34.612 12.1772 
10.8835 252.89 222.079 31.8628 61.3909 187.681 482.29 333.257 710.966 560.191 0 55.2922 8.70028 60.288 10.2355 40.6167 30.1591 2.09191 4.80994 60.752 138.309 57.7427 116.122 107.245 36.8721 160.191 48.1781 31.5424 
80.583 149.213 52.3586 11.3946 176.482 46.1125 212.768 902.798 163.217 0.769532 391.089 0 159.52 118.819 271.788 471.314 7.89072 15.1773 0.0851322 52.545 140.882 64.6721 57.6659 136.739 86.737 323.122 109.952 35.7232 
50.8898 125.704 10.7924 0.479454 73.5695 152.471 149.526 109.332 67.4573 290.328 147.362 72.7422 0 83.8647 51.6105 71.8239 38.1535 105.678 67.111 8.63143 60.4324 0.071866 0.420843 30.4218 30.6594 1.04811 27.0736 1.8466 
47.873 70.7095 8.6347 0.712903 55.6214 0.217872 88.2842 82.5036 68.2582 70.3309 7.21848 81.3663 129.097 0 10.11 19.1066 1.10133 50.3935 4.50182 3.8116 40.449 10.6719 2.9079 4.90074 3.87645 8.23646 0.077557 3.94047 
5.10649 30.87 34.0494 8.59672 75.8334 3.58394 11.6427 138.44 188.399 69.1791 1.25005 80.77 17.8593 0.486132 0 58.093 0.353807 44.2636 35.8256 4.06263 7.86688 16.7516 25.2744 22.05 13.1644 0.00769154 19.7015 22.1212 
22.372 53.6825 19.2163 2.34043 20.854 19.7382 11.5108 83.4566 152.337 44.5406 38.5018 436.38 29.3789 8.65703 86.4316 0 11.1447 37.0492 4.83722e-05 9.61887 62.1585 7.63544 11.2319 3.79494 5.00861 17.643 9.98295 21.4146 
368.157 297.32 48.3619 306.891 133.171 277.195 79.8103 13.8125 384.97 0.0624973 68.0115 71.6603 1.61359 21.4276 28.0427 0.678011 0 108.64 529.92 10.3425 67.0519 2.48941 6.55175 19.3639 302.792 24.4465 17.5808 5.81489 
161.884 98.655 128.109 12.9728 28.7942 5.9082 0.126475 1.39746 1.21029 5.4111 143.422 11.0911 39.8642 15.1068 15.6996 0.0478308 278.633 0 122.79 9.25938 6.54066 0.15417 5.05917 21.9135 44.5139 3.19531 40.6772 7.8754 
11.8065 15.5552 31.7427 57.8017 95.2203 5.02613 90.5394 60.7884 82.751 119.362 29.3058 66.5091 62.0039 10.4965 16.7221 20.2207 23.6629 101.402 0 1.86378 11.0184 15.4884 0.156624 0.264211 21.5502 2.15757 3.96669 9.20449 
34.6787 111.858 20.1977 10.0401 88.263 10.0137 62.6221 77.9195 61.015 35.2771 6.52086 90.2813 19.4944 3.96174 9.06004 9.33876 23.2078 4.87321 3.03608 0 294.277 0.621438 3.1401 3.38384 2.19748 4.6931 7.19188 0.00324606 
197.373 9.83096 111.447 224.922 12.5091 14.578 141.703 5.08696 13.5631 1.13019 53.4767 30.4785 47.9135 0.668076 0.162331 45.421 64.5356 1.25345 66.562 181.654 0 30.5604 38.4935 24.5697 9.90811 44.1892 43.8417 51.149 
29.9621 0.395106 5.3809 15.2807 7.8072 4.872 49.6699 23.5191 19.8188 23.3263 60.7022 75.847 37.269 1.3619 1.04802 3.19429 19.4387 6.39824 13.8608 4.35951 9.73265 0 15.0562 3.81695 20.2721 2.01024 4.77446 0.0118035 
3.8839 12.7519 12.3805 7.34691 7.25826 3.50164 65.6737 9.05329 69.0093 55.6217 85.5876 81.4688 0.108808 3.84564 14.1124 12.2662 16.5525 23.9624 17.7967 2.91357 39.3198 15.0797 0 4.1353 0.57837 5.65918 0.594125 1.88275 
41.4682 44.1109 6.81088 0.00745391 36.3018 14.7667 48.4065 0.0925027 47.5379 35.9953 77.1782 184.265 13.8936 8.64718 6.8228 23.0583 13.8408 32.5933 2.82633 6.27538 42.7673 13.9598 13.932 0 3.18777 6.69709 18.0188 6.90179 
276.657 285.553 3.9215 305.407 1.53226 277.67 82.4287 39.1325 286.814 5.84676 43.7409 145.677 0.0753531 2.28968 15.6526 54.6034 278.494 40.3048 18.782 12.6728 0.565597 17.6699 28.8612 40.5806 0 84.4655 149.457 35.5695 
69.9381 82.9597 11.0176 3.00652 18.6342 26.3094 9.36515 56.2249 109.254 65.5747 156.04 133.313 32.1477 8.66681 2.22813 22.4121 19.3455 3.73256 30.4447 3.62089 5.74213 6.69327 9.33425 10.1156 35.68 0 24.8974 50.6496 
46.4034 16.6553 7.22729 3.51852 48.3386 0.0320418 35.0257 97.7974 73.4484 24.2389 7.00457 0.867652 33.5733 0.964769 8.75884 8.58325 2.3438 43.8549 17.8299 0.0303265 19.6499 4.9574 13.3539 16.1723 28.3535 37.1342 0 91.8542 
33.7446 3.21048 9.07399 0.347001 52.1283 11.0294 1.1447 21.5578 21.3704 9.18272 106.447 62.5632 39.8796 8.19548 11.6672 22.7703 18.2061 4.86601 8.16769 1.90918 20.9576 9.24378 0.777591 13.1779 3.76892 1.02789 59.8254 0 
