0 508.053 201.758 690.918 35.747 506.128 205.786 89.4725 375.691 5.35845 88.0106 0.313815 63.2007 38.756 66.5324 79.8249 373.888 178.126 42.0204 210.893 171.731 2.7682 36.1559 27.6007 447.881 28.277 1.48842 0.2398 
569.759 0 386.117 386.763 23.7814 474.361 47.3201 269.812 768.965 158.633 70.47 144.674 145.149 0.299262 71.89 36.1076 495.999 454.182 134.372 0.694946 29.4998 7.65564 7.95134 41.9537 422.736 76.0566 23.3152 53.6675 
46.1298 85.1597 0 13.7162 130.361 39.695 34.2426 274.501 67.9915 0.00305802 23.1086 68.7753 53.9581 16.621 22.5847 13.3659 4.55411 0.973198 0.214145 27.1642 112.492 10.3132 6.13052 5.22913 4.45308 0.789229 7.75037 17.024 
657.092 477.85 75.0582 0 9.32734 440.664 145.859 1225.16 680.135 106.816 73.1505 63.2222 23.3762 19.9322 8.04264 9.02206 387.95 68.9942 0.0241286 6.2859 738.302 7.44105 19.2515 0.0468269 416.697 8.22199 13.8988 31.4361 
28.4501 131.816 64.5601 158.317 0 405.478 2.17321 0.111504 352.553 331.716 238.748 13.1713 137.432 41.8963 1.41277 43.56 139.072 22.5179 133.744 95.0694 45.6629 0.878651 29.6821 26.4449 0.0592989 5.14471 38.0277 57.0397 
486.24 601.815 66.6582 411.542 601.102 0 1173.68 2.17131 382.051 650.49 273.69 0.119193 67.5445 0.00696353 37.4321 22.749 376.039 88.9379 12.9271 18.4197 0.11475 19.5408 12.6764 1.96152 394.038 24.3171 5.58044 0.401455 
101.588 59.6357 224.321 5.9676 306.878 699.713 0 19.8039 443.11 182.214 472.682 267.417 0.458081 18.9399 4.39096 0.646592 70.5915 0.000789816 131.161 10.3005 128.626 45.7887 7.61413 54.4778 27.0745 12.1273 55.2306 0.736011 
255.061 9.07867 2.83069 290.558 0.110234 193.401 1.66254 0 652.863 222.899 5.09892 868.013 41.6592 17.0295 131.182 254.665 10.2552 2.74928 116.633 13.3796 8.83422 3.08161 46.6401 14.2381 192.925 23.3539 89.1405 130.549 
630.891 506.269 6.6781 415.029 0.818467 401.685 5.98471 74.0123 0 163.958 881.146 188.42 20.7972 84.0101 71.5155 0.107942 405.19 72.4941 154.82 57.9026 19.8 19.5271 86.5184 98.3897 490.05 30.9914 3.04623 14.2507 
151.134 130.232 6.22043 3.74977 16.0532 103.668 332.625 87.5668 356.565 0 17.3786 215.146 1.00076 2.28292 31.8306 6.13266 0.186004 0.892954 99.7808 56.1198 23.2925 38.3402 54.6026 51.9813 5.58981 61.508 32.9754 14.4516 
5.54855 239.962 235.325 18.5024 81.8634 220.945 485.248 355.969 501.743 603.483 0 15.7105 2.05163 86.0876 56.8914 65.8185 26.5663 0.482459 7.88588 56.7677 142.069 54.5813 108.255 114.071 47.1614 164.666 52.021 37.5863 
63.397 164.586 36.4118 1.78613 172.88 34.8294 187.871 1028 212.469 0.346433 315.346 0 158.874 103.166 258.73 493.943 9.88536 20.151 0.0199209 57.8298 147.893 62.1789 48.0996 117.593 11.4176 378.567 113.927 23.3272 
56.3708 132.154 7.89409 0.0593211 87.2015 141.39 167.981 101.797 52.9418 319.27 123.018 63.2309 0 107.027 63.6278 66.9113 35.695 106.138 63.4092 7.32862 62.7033 0.23852 2.24361 25.8779 28.1203 1.88023 25.9277 2.55961 
46.2652 71.2154 9.69984 1.23119 58.4846 0.604839 83.9158 73.2087 56.084 75.0372 0.696559 97.9235 108.913 0 26.5976 19.3109 0.821547 51.3276 5.31587 3.94625 39.3827 10.4087 1.22371 6.10731 3.00648 9.08207 0.0217259 3.40453 
7.21984 25.231 33.9581 10.9534 70.7938 1.83001 20.0548 121.287 205.558 84.0987 11.4404 46.3768 27.243 2.68919 0 80.9244 0.164059 47.2532 36.6384 3.61611 9.64487 16.2991 24.7837 24.468 10.8477 0.167255 19.495 22.6644 
27.0533 58.454 17.6041 0.925241 24.4801 18.0252 16.6765 49.866 151.817 36.9476 63.3014 493.383 23.4011 5.79147 88.279 0 12.0094 39.6469 0.0495761 9.52398 61.2873 7.04427 11.8999 1.03849 6.45001 21.6393 9.00566 22.084 
460.83 387.156 50.4831 400.892 140.578 375.178 74.3047 16.8968 484.078 0.0433948 64.3765 69.017 0.930262 21.1701 28.5414 0.981971 0 70.7059 251.169 11.7081 66.2442 2.85411 6.06205 19.0323 400.207 23.881 17.1369 6.38499 
181.822 186.479 141.038 6.79044 43.868 10.574 2.92191 4.00274 4.79109 2.47193 135.785 15.4694 35.2252 17.0583 13.1296 0.312632 259.119 0 130.948 12.8068 9.54584 0.041588 4.1437 23.6001 46.4677 2.15459 41.393 6.68711 
7.76922 8.15024 35.8481 55.6576 139.074 9.47642 78.2108 66.6015 72.4216 121.976 35.5136 70.5531 65.7877 9.47376 15.0359 19.0759 3.00885 111.629 0 2.67249 9.05997 14.7134 0.305599 0.128119 20.5798 1.62575 3.51572 9.96744 
65.7825 122.504 22.0751 6.52826 91.1598 11.4386 68.4122 85.1618 67.3584 32.4704 8.95042 92.6915 21.1705 3.82799 9.45126 9.48593 21.8261 7.61638 2.17321 0 225.169 0.723875 3.02565 3.15051 2.62345 5.21754 6.87972 0.00375733 
176.018 4.82097 103.169 234.606 16.8861 17.8539 139.104 10.8821 20.6824 2.2928 46.0336 23.1394 45.1784 1.13624 0.530476 42.5681 65.626 2.7737 64.8846 261.425 0 30.9607 37.9254 26.4205 11.9092 46.8426 44.0754 51.1636 
28.8559 0.139881 4.95899 14.9517 9.4012 5.71303 47.3855 25.9791 17.3891 20.1824 63.5558 75.0353 44.4224 0.91183 1.55398 2.67215 19.7341 5.54304 13.0733 4.20242 10.4913 0 14.5753 2.96276 19.6243 1.71629 5.17643 0.0418848 
2.92694 10.7901 12.1918 8.25865 5.74678 4.21403 67.7734 5.81112 62.9947 57.4283 95.618 71.9757 0.275308 1.94938 17.185 12.4701 16.185 22.4497 17.1446 2.79183 38.9057 14.6191 0 0.901506 0.129437 5.069 0.885475 2.22732 
43.8405 41.5567 7.62863 0.0477441 38.4724 14.0582 44.8577 0.426192 53.4166 39.3281 67.4845 176.883 10.3932 9.45302 9.74516 26.7291 14.3948 30.9888 2.35056 6.3198 43.8646 14.1041 18.2492 0 4.10738 5.51853 18.5183 7.63634 
373.548 385.309 5.18113 405.233 2.52883 375.416 78.8786 56.3037 379.63 3.77515 33.71 347.254 0.00427654 1.60075 13.276 70.3616 375.144 42.4213 19.7911 12.343 0.174886 49.7708 26.9377 23.3168 0 9.54255 23.8831 105.94 
66.6585 81.9175 12.8978 5.06632 15.7486 25.4711 13.6035 83.9147 99.2902 61.8472 162.171 59.079 29.5513 7.80297 1.01715 25.9952 18.5323 2.60375 30.5973 3.14225 7.55856 6.31247 9.6655 8.90354 34.6077 0 21.6137 57.9648 
45.2856 14.9519 7.96158 4.33442 48.6856 0.114987 37.2918 95.8151 75.12 26.0365 9.27774 2.63364 32.6833 1.22564 7.88567 7.61587 2.67802 43.4307 17.2679 0.0738826 18.303 5.36191 13.457 16.9574 32.6112 35.84 0 92.3697 
31.0865 2.13561 10.1441 0.0768197 50.881 10.0276 2.17239 29.2215 17.1726 11.2428 108.468 78.8927 38.7813 7.64553 13.0211 22.7688 18.7712 3.91414 7.44465 2.21679 22.8103 9.44216 0.56496 13.5651 4.75973 5.30209 42.2042 0 
