0 467.866 202.756 656.198 37.3155 474.773 207.689 87.0668 344.043 5.03965 89.068 0.214791 62.7728 38.584 66.6861 79.8997 342.633 176.593 42.5762 206.957 173.548 2.71885 36.0323 27.3881 416.52 28.6341 1.44051 0.214214 
528.441 0 377.141 353.692 27.3914 440.351 52.1569 271.066 736.043 160.524 68.7971 145.942 144.915 0.261995 72.3183 35.7139 465.397 467.467 133.397 0.54841 28.7518 7.55302 7.8192 42.1576 391.121 76.267 23.1685 53.5055 
48.204 94.0518 0 11.5917 132.017 40.3348 36.4447 273.899 74.7246 0.000521603 21.6895 70.2112 53.6534 16.6075 22.7915 13.5109 4.70093 0.776561 0.177502 27.117 111.909 10.3393 6.08141 5.16813 4.35475 0.740007 7.8086 17.096 
621.072 450.828 66.8905 0 8.76126 409.283 144.132 639.116 650.993 106.86 74.7032 65.4884 23.0936 19.8601 8.21725 9.26724 356.85 69.9763 0.0368171 6.03921 758.79 7.48363 19.2366 0.0369995 385.403 8.44466 13.8065 31.4973 
27.0575 124.596 66.2738 158.757 0 409.728 3.04415 0.0601657 351.899 331.284 239.755 13.6231 138.34 41.612 1.52977 43.2521 138.514 21.5534 137.292 95.0459 46.1874 0.835831 29.4952 26.2641 0.0738455 5.28364 38.1282 57.0342 
455.595 571.518 66.6171 379.715 730.382 0 1559.77 2.56219 353.337 515.523 273.64 0.0696905 17.5728 0.0117119 37.6057 22.8579 344.835 88.2632 12.4724 18.5166 0.140533 19.573 12.6204 1.91815 362.834 24.4036 5.63139 0.380903 
103.792 64.9778 222.377 6.62915 301.678 667.34 0 21.7692 400.622 173.822 474.754 268.434 0.61938 19.378 4.7665 0.744043 71.0464 0.00625562 130.426 9.99432 128.217 45.5973 7.42584 54.7286 27.4662 11.7855 55.3335 0.681958 
257.06 9.89205 2.22033 291.053 0.176934 192.261 2.28047 0 650.11 222.66 4.34765 886.133 42.251 17.5487 132.525 255.493 10.4613 2.53916 116.631 12.9876 8.3523 2.99796 46.1466 13.7023 192.724 21.9368 89.4041 130.837 
598.928 479.135 4.64063 380.942 0.52774 366.208 13.6823 80.7906 0 159.55 640.043 184.525 20.0425 83.0403 62.7412 0.0592316 374.272 73.703 154.739 57.3924 20.4067 19.3326 86.1581 98.5123 459.132 30.2616 2.9463 13.9579 
150.799 132.219 5.8467 3.99284 14.4807 94.9717 340.952 86.1044 354.12 0 21.2111 216.353 0.58114 2.10929 30.8196 6.43769 0.218495 0.782933 99.216 56.1511 23.5966 38.5906 54.4309 51.7914 5.41489 61.8208 32.8439 14.6368 
5.20073 238.788 236.058 17.5843 83.5524 223.321 484.367 357.404 489.972 604.295 0 13.573 1.7209 88.2049 61.9719 67.9742 26.2886 0.4034 8.15896 56.4471 142.335 54.3263 107.586 114.563 48.0039 164.904 52.3217 38.0749 
62.0916 165.752 35.2437 1.37854 172.543 33.9855 185.822 1029.71 216.366 0.496012 309.026 0 158.773 101.889 257.214 492.356 10.0511 20.5693 0.030737 58.2428 148.41 61.9743 47.3569 116.02 12.0356 381.579 114.205 22.4418 
56.8037 132.624 7.68211 0.0432962 88.2834 141.949 169.358 101.186 51.8429 320.873 121.09 62.4884 0 108.769 64.5759 66.4971 35.4999 106.156 63.1075 7.22934 62.8775 0.300339 2.44761 25.5249 27.9195 1.95584 25.8362 2.62057 
46.1315 71.2385 9.78322 1.2778 58.7002 0.643426 83.5384 72.4623 55.1383 75.3726 0.472463 99.2139 107.173 0 28.048 19.2882 0.801124 51.3948 5.38234 3.95655 39.2944 10.3839 1.11583 6.2013 2.94138 9.14696 0.0187793 3.36319 
7.40062 24.8008 33.9317 11.1473 70.3791 1.71519 20.8016 119.873 206.699 85.2491 13.9379 43.9699 28.0451 3.31551 0 82.2135 0.152122 47.4849 36.6968 3.58147 9.79147 16.2593 24.7118 24.6372 10.6689 0.200801 19.4754 22.7011 
27.4328 58.822 17.4716 0.840304 24.7729 17.8862 17.1177 47.4795 151.677 36.356 65.4324 494.668 22.946 5.57748 87.6653 0 12.0779 39.8495 0.0574452 9.51477 61.206 6.99705 11.9425 0.890971 6.5885 21.9442 8.9286 22.1278 
429.153 355.332 50.6368 369.339 141.102 343.955 73.8592 17.1509 452.907 0.0597795 64.0846 68.802 0.884149 21.1481 28.578 1.00827 0 67.9271 201.933 11.8177 66.173 2.88379 6.02381 19.0049 368.922 23.8345 17.1013 6.43075 
183.309 190.646 141.955 6.38228 45.164 10.995 3.29708 4.26448 5.17283 2.28743 135.152 15.8428 34.8648 17.2151 12.934 0.343355 257.152 0 131.541 13.1074 9.80534 0.0357316 4.07491 23.7335 46.6179 2.08078 41.447 6.59678 
7.48351 7.66112 36.1694 55.4737 142.633 9.88098 77.234 67.0574 71.6078 122.128 36.0199 70.8663 66.0768 9.39404 14.904 18.9845 2.28475 112.404 0 2.74207 8.91239 14.6519 0.319435 0.119443 20.5021 1.58678 3.48108 10.0282 
68.5437 123.263 22.2149 6.27765 91.3563 11.5518 68.855 85.7148 67.8517 32.2465 9.15691 92.8591 21.3031 3.81712 9.48118 9.49587 21.7154 7.85663 2.11084 0 218.78 0.732249 3.01644 3.13208 2.65833 5.25927 6.85487 0.00498816 
174.22 4.49837 102.457 232.641 17.2556 18.1225 138.861 11.4277 21.3009 2.40148 45.4586 22.5956 44.961 1.17831 0.568487 42.338 65.7049 2.91858 64.7445 266.905 0 30.9908 37.8771 26.5663 12.0732 47.0466 44.0904 51.1589 
28.7671 0.125238 4.92592 14.9245 9.53214 5.78123 47.1998 26.1754 17.2017 19.9388 63.7733 74.9596 44.9903 0.879749 1.59777 2.63231 19.7563 5.47772 13.0111 4.18989 10.5519 0 14.5255 2.89862 19.5712 1.69389 5.2084 0.0450415 
2.85675 10.6405 12.1744 8.33133 5.63406 4.27212 67.9239 5.58378 62.511 57.5549 96.3812 71.2153 0.350546 1.81834 17.4178 12.4747 16.1552 22.3302 17.0921 2.78209 38.8694 14.5709 0 0.740316 0.110502 5.0224 0.910783 2.25542 
44.0225 41.3513 7.69343 0.0588269 38.641 14.0001 44.5732 0.530408 53.88 39.5867 66.7136 176.124 10.1344 9.50734 9.98749 26.9588 14.438 30.8607 2.31468 6.32258 43.9463 14.1095 18.5187 0 4.25576 5.42773 18.5526 7.69424 
342.241 354.223 5.28646 374.132 2.61766 344.165 78.5779 57.7433 348.029 3.62972 32.9555 922.333 0.00850804 1.551 13.0901 70.038 343.802 42.5854 19.87 12.3154 0.153497 54.4565 26.7662 22.2242 0 7.50319 35.1988 116.755 
66.3827 81.8134 13.0474 5.24898 15.528 25.3977 13.967 86.2213 98.4706 61.5348 162.544 54.2134 29.3454 7.73358 0.940768 26.2556 18.4671 2.52286 30.6059 3.10538 7.71125 6.28218 9.68925 8.80698 34.5058 0 21.3496 58.4302 
45.193 14.8198 8.02006 4.40179 48.7091 0.123706 37.4691 95.6369 75.2416 26.178 9.4692 2.81294 32.6108 1.24742 7.8173 7.54025 2.70524 43.3943 17.223 0.0781297 18.1972 5.39405 13.4626 17.0152 32.9664 35.7147 0 92.1211 
30.8763 2.05969 10.2291 0.0637594 50.7772 9.94893 2.26705 29.8635 16.8566 11.4124 108.596 80.2036 38.6908 7.60139 13.1275 22.7589 18.815 3.84302 7.38844 2.24183 22.9573 9.45721 0.549526 13.5929 4.85422 5.77032 40.8056 0 
