0 55.291 209.937 276.261 55.7097 139.638 226.575 62.7842 8.38906 2.23476 100.383 0.323001 58.1824 36.7159 68.1905 80.4514 9.64692 159.494 48.5889 178.823 191.967 2.21792 34.6852 25.1274 81.9757 32.497 0.976969 0.0309463 
99.1168 0 265.843 8.84365 79.9586 78.6874 115.627 282.501 379.614 179.931 51.8361 159.124 141.972 0.0184849 76.7227 31.5579 138.678 701.99 122.495 0.06454 21.2768 6.49479 6.46835 44.2963 53.9922 78.3388 21.6124 51.7223 
72.0743 204.807 0 35.1415 148.711 46.9431 63.1545 263.011 160.11 0.731754 9.18922 85.8323 50.3168 16.4122 24.9324 15.0435 6.395 0.0599012 0.000448325 26.4829 105.106 10.6103 5.55895 4.52956 3.36357 0.311876 8.43361 17.841 
230.222 164.481 155.354 0 3.78893 74.1981 124.901 1292.3 334.133 106.832 91.6294 91.108 20.1414 19.0515 10.1611 12.0205 25.3035 80.4502 0.337819 3.68323 797.034 7.9391 19.0442 0.00414344 51.5706 10.9542 12.8226 32.0807 
14.2109 57.8167 85.0626 162.339 0 434.23 21.1892 0.489854 341.104 321.497 249.154 18.8724 147.548 38.5572 3.06021 39.9464 132.016 12.4879 175.205 94.4717 51.8622 0.444988 27.4999 24.3411 0.327871 6.86913 39.1797 56.916 
128.239 244.743 65.3916 40.3301 621.521 0 1513.53 8.68564 67.0572 572.197 268.942 0.363174 463.689 0.138448 39.2592 23.9518 12.2677 80.8505 8.06724 19.5141 0.577465 19.8839 12.0057 1.48263 30.1016 25.2663 6.18358 0.194918 
127.714 132.958 198.04 15.7128 243.416 302.38 0 47.9621 59.9122 92.2079 486.969 277.434 3.83561 24.2719 9.67827 2.20222 75.8167 1.49028 122.124 6.98843 123.574 43.5151 5.55022 57.3223 31.7401 8.41011 56.3742 0.233063 
276.359 20.6153 0.324458 325.6 1.86113 178.585 14.8069 0 601.415 218.888 0.0541892 1015.56 48.71 23.4757 146.15 259.934 12.7696 0.814073 116.383 9.13117 4.03035 2.17472 40.9204 8.57451 189.002 9.41347 92.0446 133.38 
256.456 191.408 6.00851 23.026 1.38315 8.5939 271.729 167.363 0 114.121 1399.38 143.658 12.7919 72.5152 0.268628 0.442123 44.6991 86.8603 153.346 51.9359 27.3641 17.2965 82.1161 99.5589 129.076 22.8966 1.9805 10.9965 
146.656 153.122 2.55858 7.03368 2.6665 34.6561 421.452 70.8497 322.996 0 83.6144 227.919 3.1615 0.679075 20.8135 10.1059 0.726596 0.05867 92.8958 56.3728 26.9207 41.2222 52.4695 49.662 3.71041 64.9918 31.422 16.6581 
2.18009 224.994 240.886 9.15407 102.067 245.791 465.081 369.195 365.627 588.584 0 0.457523 0.000522689 111.076 125.793 92.0173 23.384 0 11.337 52.9809 144.866 51.5636 100.059 119.36 57.1995 166.354 55.497 43.3719 
48.7395 177.693 23.7521 0.315689 168.483 25.4811 163.44 970.709 257.328 3.74225 240.496 0 157.26 88.0372 237.037 446.049 11.8938 25.2505 0.291253 62.597 153.552 59.7257 39.6025 98.9209 64.5979 399.363 116.831 13.9492 
61.4049 137.261 5.58313 0.0290665 99.8069 156.344 183.16 94.5485 40.6272 331.186 100.708 54.6796 0 126.055 74.5658 61.8707 33.4129 106.17 59.8109 6.20482 64.6876 1.39828 5.15091 21.8335 25.78 2.85108 24.8509 3.31213 
44.6469 71.3298 10.6618 1.8247 60.8983 1.12588 79.2429 64.4398 45.2734 78.5919 0.781574 112.675 87.769 0 43.2817 18.6972 0.598861 52.051 6.11037 4.06334 38.3167 10.0855 0.258069 7.17674 2.28333 9.81841 0.000699453 2.93234 
9.44871 20.3735 33.4765 13.2741 65.8222 0.715876 29.4306 104.431 216.714 97.0814 54.5194 21.7932 37.0605 13.4607 0 89.6312 0.0528121 49.9126 37.2659 3.21797 11.4088 15.8009 23.6566 26.2183 8.81174 0.745871 19.2377 23.0345 
31.5529 62.6488 16.0182 0.186672 27.9484 16.3759 22.0991 25.1174 149.297 30.1683 89.2817 477.571 18.2802 3.46896 74.8986 0 12.81 41.9817 0.177276 9.4012 60.2284 6.48989 12.2976 0.0179482 8.27441 25.0419 8.10941 22.5105 
91.2304 16.5861 52.1448 32.9212 146.084 11.1827 69.0274 19.9526 120.348 0.396917 60.9294 66.456 0.464584 20.8983 28.9433 1.30938 0 40.9626 232.454 13.0008 65.3472 3.20846 5.62021 18.703 35.3273 23.3227 16.7163 6.92504 
198.196 210.707 150.66 2.7941 59.8309 15.9315 8.67064 7.55187 10.1198 0.760805 128.158 20.0639 31.0838 18.9103 10.9209 0.75998 232.787 0 137.362 16.486 12.7675 0.000898464 3.37379 25.1563 48.1806 1.37153 41.9987 5.66651 
4.7526 3.35952 39.5519 53.3883 180.471 14.6391 66.8613 71.8837 62.9846 123.243 41.5497 74.1447 69.0639 8.55424 13.5121 18.0012 3.3949 120.332 0 3.53449 7.40343 13.9928 0.485728 0.0457308 19.6651 1.19915 3.12055 10.6809 
99.7545 130.532 23.6182 3.87512 93.1495 12.7603 73.4224 91.4158 73.0198 29.8455 11.4843 94.4348 22.7168 3.69839 9.79108 9.58644 20.5221 10.6232 1.49901 0 147.391 0.824199 2.91672 2.93571 3.04092 5.70633 6.58797 0.0289538 
154.279 1.74257 94.4053 194.969 21.4034 21.0716 135.923 18.0122 28.3759 3.7129 39.4593 17.146 42.6307 1.67336 1.05456 39.8448 66.4803 4.68582 63.1855 313.295 0 31.2972 37.3311 28.1127 13.873 49.1673 44.2175 51.0558 
27.8079 0.0193569 4.57587 14.6246 10.9728 6.52318 45.1762 28.2843 15.247 17.3918 66.0171 74.0467 51.0326 0.570976 2.0981 2.22125 19.9845 4.80192 12.3467 4.05528 11.2032 0 13.8927 2.24846 18.9913 1.46244 5.55122 0.0858146 
2.15816 9.09623 11.9669 9.11047 4.49465 4.90749 69.383 3.42816 57.2942 58.7538 104.206 63.0536 1.71139 0.668366 19.7672 12.4179 15.8293 21.0566 16.5228 2.67704 38.4493 13.9537 0 0.0107448 0.060986 4.52674 1.20095 2.56275 
45.9113 39.1291 8.38403 0.248623 40.4119 13.3623 41.5034 2.34271 58.7935 42.295 58.4927 166.541 7.54901 9.99282 12.6396 28.7677 14.8942 29.4817 1.94721 6.34573 44.7703 14.1118 20.5274 0 6.49141 4.48619 18.8701 8.30937 
8.60051 22.8764 6.45866 42.4423 3.6563 11.0065 75.2003 73.6605 11.5089 2.24882 25.3093 64.8114 0.143162 1.06523 11.1353 54.2437 9.64177 44.3053 20.7033 12.0075 0.012094 90.045 24.7781 14.274 0 44.3897 148.971 98.6751 
63.3023 80.5094 14.6451 7.36574 13.2473 24.5532 18.0816 111.431 89.4921 58.0528 165.461 14.4057 27.1439 6.98553 0.308485 28.7792 17.7653 1.73686 30.6673 2.72129 9.41914 5.95748 9.91978 7.77614 33.2717 0 18.5142 62.2101 
44.1678 13.4344 8.6472 5.14611 48.9235 0.236371 39.3433 93.5419 76.4422 27.6814 11.6162 5.08021 31.8189 1.48987 7.09565 6.74192 3.00277 42.9805 16.7384 0.130727 17.0751 5.7384 13.4982 17.5914 36.8851 34.1787 0 86.9404 
28.6339 1.33345 11.138 0.000117323 49.6241 9.11461 3.397 37.0031 13.6342 13.2771 109.67 94.2407 37.6915 7.12505 14.2528 22.5649 19.2748 3.12211 6.79726 2.51537 24.5301 9.61197 0.397593 13.8641 5.98494 11.7982 26.4645 0 
