0 73.3138 211.09 291.434 66.579 183.784 235.42 51.094 54.2033 1.19712 106.388 1.24471 55.7314 35.7002 68.8867 80.5606 55.7329 149.956 51.8318 174.958 200.92 1.97136 33.9492 23.935 126.921 34.5811 0.766541 0.000545694 
105.341 0 201.703 54.4141 116.955 110.425 156.559 287.06 409.318 189.541 43.5719 165.831 140.086 0.00408178 78.9307 29.3915 187.548 975.818 116.381 0.611752 17.7036 5.96047 5.79637 45.4025 97.6626 79.3075 20.7931 50.7351 
85.7158 268.952 0 77.5687 156.703 50.231 79.2991 254.063 212.085 1.67949 4.63126 94.2549 48.4867 16.2702 26.0116 15.8427 7.38672 0.710024 0.0657072 26.0515 101.093 10.7486 5.28326 4.20047 2.88225 0.157847 8.76802 18.2188 
242.101 235.457 288.122 0 1.96724 118.619 114.257 646.805 383.761 106.451 100.771 105.527 18.6237 18.5943 11.2485 13.5722 71.9998 85.9653 0.620217 2.64951 800.573 8.18171 18.9172 0.0402957 96.8905 12.3768 12.3017 32.3379 
8.97374 31.5628 95.2493 163.396 0 417.773 37.0774 1.44283 332.632 312.59 253.099 21.9658 152.052 36.922 4.07905 38.1807 128.184 8.62209 194.863 93.9275 54.9255 0.286712 26.4406 23.3265 0.536013 7.78655 39.7224 56.8085 
176.634 291.066 64.1687 82.8316 386.544 0 1184.45 13.3429 150.613 410.148 263.413 1.12818 567.791 0.261974 39.9821 24.4791 58.4775 76.7781 6.08045 20.015 0.929072 20.0249 11.6674 1.27205 76.1036 25.6786 6.48281 0.121039 
140.556 175.525 182.828 21.9648 211.378 154.372 0 65.4429 0.456404 57.1398 485.939 280.794 6.63692 27.0207 12.9324 3.2833 78.2814 3.33017 117.397 5.59334 120.906 42.3824 4.65588 58.6353 34.0704 6.82781 56.8835 0.0901123 
284.968 27.7663 2.76318 382.061 3.47296 170.288 25.7126 0 562.5 215.993 0.567485 1029.73 52.2375 26.8932 152.778 258.977 14.0755 0.285106 116.083 7.33613 2.35741 1.78935 38.1848 6.30794 185.883 4.81275 93.3148 134.334 
296.119 261.968 23.6806 60.177 4.76588 57.5098 504.697 221.709 0 91.7711 867.07 122.844 9.55878 66.8385 24.9154 1.31397 92.4615 94.0072 152.217 49.0395 31.4017 16.2458 79.8309 99.9189 176.222 19.3235 1.54334 9.54955 
144.042 163.867 1.34674 8.97067 0.218258 34.0084 455.66 63.0685 303.138 0 130.599 233.031 9.71297 0.238636 16.1539 12.3462 1.11587 0.00991452 89.3393 56.4067 28.7425 42.5859 51.3358 48.4571 2.92894 66.5458 30.6538 17.7634 
1.09652 216.789 241.177 5.73975 112.185 255.321 447.843 372.762 274.577 562.775 0 0.864439 0.438945 123.212 164.809 105.31 21.8879 0.113822 13.2164 51.1105 145.986 50.0673 95.8044 121.551 62.2055 166.314 57.1558 46.2366 
42.1272 183.617 18.4411 2.19824 165.991 21.3685 151.287 886.446 278.232 6.67517 204.32 0 156.13 80.5993 223.635 402.214 12.9257 27.8929 0.537254 64.8625 156.002 58.4844 35.6361 89.7271 88.5854 397.695 117.967 10.1906 
63.8319 139.43 4.5933 0.138029 105.869 164.986 189.758 90.9443 35.0899 331.467 90.1259 50.6318 0 134.027 79.7165 59.2746 32.3017 106.05 58.0075 5.68713 65.6116 2.303 6.96503 19.9364 24.6479 3.39116 24.3214 3.70969 
43.8167 71.2633 11.1184 2.15128 61.9864 1.43355 76.7734 60.1611 40.2461 80.0227 2.94439 119.512 77.1221 0 50.359 18.134 0.503033 52.3539 6.51055 4.11767 37.7715 9.90219 0.0435328 7.6664 1.96237 10.1577 0.00104446 2.71156 
10.6227 18.1518 33.108 14.4416 63.314 0.357447 34.4612 96.0581 220.347 102.949 85.0954 12.9119 42.1326 20.8281 0 88.4772 0.0209074 51.1657 37.5274 3.02981 12.3058 15.5323 22.8926 26.8787 7.86908 1.17196 19.0901 23.1677 
33.7847 64.6015 15.222 0.030094 29.6673 15.5578 24.9333 15.8376 147.385 26.9997 102.525 446.74 15.9578 2.50932 64.3657 0 13.1995 43.0911 0.267506 9.32958 59.6279 6.21873 12.4105 0.0892578 9.31545 26.5425 7.67794 22.6496 
134.386 59.8574 52.8443 77.0017 148.267 57.2879 66.4093 21.5055 166.316 0.696248 59.2268 65.1719 0.295796 20.7545 29.1181 1.48446 0 28.9694 505.412 13.6382 64.8597 3.38672 5.4091 18.5352 80.8817 23.0391 16.5082 7.19218 
205.302 216.857 154.428 1.47307 68.1737 18.8687 12.5175 9.66016 13.3815 0.281981 124.274 22.4772 29.1267 19.8258 9.90788 1.04681 217.645 0 140.058 18.4013 14.481 0.00297553 3.02608 25.911 48.9801 1.05342 42.2738 5.19754 
3.5432 1.77421 41.3064 52.1922 199.951 17.4707 61.4244 74.4101 58.4715 123.455 44.5724 75.8362 70.5742 8.11687 12.7853 17.4738 10.1556 124.259 0 3.9918 6.65248 13.6412 0.587873 0.0206773 19.2148 1.01442 2.93588 11.0307 
117.062 133.731 24.2927 2.81466 93.8717 13.4007 75.7209 94.2798 75.6846 28.5639 12.8112 95.1108 23.4662 3.63339 9.94845 9.62289 19.8804 12.2383 1.21474 0 110.045 0.874931 2.8627 2.83173 3.25168 5.9447 6.44506 0.049719 
143.247 0.796425 89.8281 172.949 23.7528 22.6945 134.115 22.056 32.4709 4.52061 36.3834 14.5232 41.387 1.97015 1.37215 38.4957 66.8421 5.78685 62.3096 327.146 0 31.4493 37.0185 28.9276 14.8647 50.2499 44.261 50.9616 
27.2898 0.000624516 4.39213 14.4578 11.7695 6.92712 44.0711 29.4141 14.2432 16.0813 67.1495 73.485 54.2071 0.432601 2.38775 2.01387 20.0984 4.45874 11.9941 3.98308 11.5531 0 13.4849 1.93041 18.675 1.34535 5.73444 0.112721 
1.825 8.31591 11.8406 9.52631 3.93725 5.2553 70.0475 2.48926 54.4923 59.2755 108.093 58.7125 2.84223 0.273808 20.8924 12.3097 15.6507 20.3817 16.214 2.62048 38.2022 13.5536 0 0.380299 0.148142 4.26567 1.36977 2.73129 
46.8729 37.929 8.74957 0.402224 41.33 13.0111 39.8539 3.81867 61.3722 43.6903 54.157 160.417 6.31222 10.1769 14.0765 29.2185 15.1327 28.7415 1.76383 6.3531 45.1726 14.0722 20.8777 0 8.13423 4.00907 19.0022 8.63327 
54.2652 69.7135 7.11489 88.9541 4.27423 56.8451 73.2859 82.4333 55.8487 1.64513 21.5735 903.494 0.281081 0.841825 10.1252 41.2061 54.9225 45.1948 21.1392 11.8341 0.00158713 85.7118 23.6151 13.0572 0 79.5432 66.3669 33.2711 
61.5683 79.6747 15.4905 8.60615 12.0927 24.0604 20.4346 125.012 84.5818 56.1016 166.211 3.38137 25.9746 6.58494 0.111397 29.9065 17.3874 1.3772 30.6769 2.52457 10.3835 5.78407 10.0248 7.23104 32.5123 0 17.0084 63.2775 
43.596 12.717 8.98237 5.55968 49.0105 0.310739 40.3241 92.2892 77.0066 28.4743 12.8318 6.54255 31.3844 1.62607 6.71848 6.32579 3.16615 42.7416 16.4776 0.16408 16.4843 5.92221 13.4995 17.8661 39.0369 33.2226 0 82.4372 
27.4461 1.01038 11.6212 0.022734 48.9779 8.67632 4.08512 40.9901 12.0399 14.3077 110.021 101.658 37.1365 6.86868 14.8414 22.3968 19.5133 2.7676 6.48985 2.6653 25.3677 9.68983 0.326477 13.9885 6.66317 15.6632 19.5999 0 
