0 169.843 210.889 379.637 73.2751 290.099 240.192 44.6704 162.125 0.73582 109.905 2.065 54.2883 35.096 69.262 80.565 163.443 144.236 53.7501 175.029 205.876 1.83278 33.5102 23.2376 233.86 35.8142 0.654523 0.00440375 
194.252 0 164.876 163.714 141.044 210.111 182.3 289.229 506.241 194.921 38.9819 169.663 138.876 0.03292 80.1828 28.1342 296.71 422.805 112.698 1.19277 15.7386 5.65553 5.41634 46.0426 203.885 79.8331 20.3141 50.1422 
93.921 305.88 0 108.855 161.069 52.0707 89.2549 247.852 243.416 2.41519 2.66112 99.2133 47.3944 16.1745 26.6244 16.3061 7.99821 1.42461 0.155681 25.768 98.6174 10.8281 5.12197 4.01057 2.61454 0.0914089 8.96532 18.4347 
329.26 357.477 337.06 0 1.16926 225.175 107.922 1132.18 491.865 106.11 106.158 114.172 17.7494 18.3171 11.9035 14.5088 180.018 89.1765 0.825665 2.11659 182.246 8.32455 18.8347 0.0788993 204.048 13.2385 11.9962 32.4718 
6.43581 19.6059 101.244 163.739 0 396.676 48.28 2.23629 326.81 306.22 255.067 23.8797 154.564 35.9583 4.74357 37.1411 125.816 6.67008 206.076 93.5309 56.7394 0.209718 25.8186 22.7325 0.68201 8.3497 40.0362 56.7308 
285.472 397.909 63.2712 188.386 833.928 0 1030.37 16.5147 283.564 844.601 259.219 1.77377 24.3543 0.35264 40.3546 24.7708 166.228 74.3491 5.03395 20.2996 1.17428 20.0998 11.4651 1.15518 183.693 25.9056 6.66056 0.0857286 
148.089 201.951 173.303 26.0694 192.552 99.8556 0 76.7434 12.3182 39.9652 482.887 282.296 8.62941 28.6796 15.0441 4.01624 79.7055 4.74795 114.526 4.8409 119.276 41.7085 4.16407 59.385 35.4572 5.96866 57.1686 0.0371357 
289.453 32.4151 5.29911 422.375 4.64985 165.116 33.4231 0 536.011 214.01 1.77571 1019.23 54.3392 28.9822 156.449 257.342 14.8684 0.100556 115.852 6.36622 1.57973 1.57972 36.5933 5.12945 183.691 2.80842 94.0176 134.764 
399.624 384.009 39.1893 164.135 7.68859 172.048 654.891 255.464 0 79.4127 930.031 111.029 7.86698 63.4914 52.8413 2.04111 201.112 98.2452 151.429 47.341 33.8798 15.6385 78.4456 100.067 284.392 17.3417 1.31116 8.74107 
142.377 170.019 0.812238 10.2097 0.0483046 45.5868 472.258 58.6193 290.557 0 161.722 235.683 15.182 0.084559 13.6522 13.7521 1.38308 0.0903537 87.191 56.3994 29.8309 43.3753 50.641 47.7261 2.51061 67.4146 30.1982 18.4227 
0.630623 211.707 240.605 4.09264 118.193 260.061 435.619 373.962 212.387 542.431 0 3.50762 1.13467 130.259 188.594 113.199 21.0241 0.2871 14.3813 50.0027 146.57 49.1793 93.23 122.719 65.1768 166.027 58.1212 47.9339 
38.4129 186.95 15.5981 4.08947 164.42 19.0928 144.103 822.808 290.114 8.78212 183.503 0 155.362 76.2302 215.007 371.582 13.5493 29.4946 0.716665 66.1767 157.348 57.7402 33.3629 84.3314 89.5949 393.092 118.55 8.23895 
65.2513 140.606 4.05332 0.239789 109.4 168.288 193.376 88.8036 31.9843 329.93 84.0251 48.2894 0 138.241 82.6723 57.709 31.6481 105.938 56.9317 5.39155 66.1425 2.93712 8.14859 18.8448 23.9844 3.72927 24.0083 3.95312 
43.3155 71.1869 11.3828 2.35459 62.5992 1.63062 75.2654 57.6494 37.374 80.7693 4.85218 123.403 70.8562 0 53.9094 17.7272 0.450474 52.5169 6.75005 4.14881 37.4428 9.78662 0.000990352 7.94223 1.78339 10.3509 0.0044736 2.58453 
11.3397 16.8911 32.8511 15.1381 61.8145 0.203767 37.5462 91.1152 221.912 106.232 105.385 8.72092 45.1853 25.5346 0 86.1466 0.00892171 51.89 37.6677 2.92085 12.845 15.3666 22.3821 27.2048 7.33124 1.46545 18.9964 23.2317 
35.1075 65.721 14.7477 0.000449968 30.6871 15.0733 26.6545 11.316 146.057 25.1833 110.404 422.466 14.6487 2.00707 57.3782 0 13.4285 43.7351 0.329154 9.28387 59.2491 6.05895 12.4518 0.305328 9.97079 27.3679 7.42588 22.7103 
240.275 165.997 53.2217 183.475 149.395 164.978 64.856 22.4386 273.844 0.910974 58.2179 64.4053 0.214144 20.6665 29.2146 1.59223 0 22.7812 215.196 14.0155 64.5575 3.49339 5.28607 18.4341 188.212 22.8687 16.3847 7.3507 
209.194 224.964 156.347 0.890164 73.2323 20.6913 15.0896 11.0143 15.4985 0.108968 121.941 23.9496 27.994 20.3685 9.33121 1.23656 208.156 0 141.509 19.5639 15.5325 0.0108699 2.82982 26.3544 49.4398 0.885516 42.4297 4.93008 
2.91222 1.07405 42.3213 51.4617 211.018 19.2247 58.2646 75.8818 55.8475 123.457 46.374 76.8135 71.4359 7.86272 12.3625 17.1624 15.8241 126.468 0 4.27219 6.22761 13.434 0.65238 0.0105205 18.9483 0.912722 2.82951 11.2371 
127.256 135.384 24.6644 2.26528 94.2202 13.7759 77.0271 95.9053 77.222 27.8096 13.6195 95.4554 23.9061 3.59457 10.0386 9.64052 19.5009 13.2329 1.06102 0 89.3514 0.905357 2.83061 2.77072 3.37795 6.08504 6.36066 0.0645314 
136.666 0.410104 87.054 163.266 25.1792 23.6657 132.975 24.6027 34.9809 5.03096 34.6132 13.0726 40.6541 2.1555 1.57798 37.6957 67.0385 6.48599 61.7794 331.322 0 31.5353 36.8275 29.4041 15.459 50.8713 44.2788 50.8935 
26.9826 0.00177949 4.28488 14.3573 12.2477 7.16748 43.412 30.0812 13.6647 15.3258 67.7954 73.13 56.0539 0.359819 2.56547 1.89568 20.1631 4.26214 11.7869 3.9404 11.7601 0 13.2235 1.75292 18.4869 1.27842 5.84251 0.130242 
1.64159 7.87046 11.7613 9.77117 3.62533 5.46289 70.4016 2.0053 52.8389 59.5441 110.281 56.1684 3.63609 0.120898 21.5065 12.2211 15.544 19.9856 16.0305 2.58698 38.0492 13.2964 0 0.837696 0.235944 4.11317 1.47364 2.83203 
47.4241 37.2177 8.96369 0.509459 41.8619 12.8008 38.8797 4.84938 62.8751 44.4952 51.6279 156.511 5.63162 10.26 14.9225 29.3104 15.2716 28.3038 1.65985 6.35583 45.3973 14.0356 20.8373 0 9.23404 3.73706 19.0678 8.82245 
161.704 177.825 7.51075 196.828 4.65873 164.359 72.1237 87.6554 162.577 1.33305 19.4916 543.758 0.383621 0.722052 9.54282 34.1378 162.101 45.7096 21.3932 11.729 0.0163697 75.1687 22.901 13.2962 0 91.0826 17.1903 18.5293 
60.5194 79.1389 15.9849 9.37001 11.4331 23.7569 21.8682 132.963 81.6604 54.9248 166.39 0.459891 25.288 6.34908 0.0412582 30.4925 17.1636 1.18469 30.675 2.41141 10.9684 5.68187 10.0808 6.91248 32.0343 0 16.128 63.5854 
43.2511 12.3016 9.17996 5.80854 49.0529 0.35915 40.8957 91.5087 77.3145 28.9382 13.5701 7.48385 31.1247 1.70851 6.49901 6.08413 3.26395 42.595 16.323 0.185432 16.1388 6.03054 13.4945 18.0172 40.3146 32.618 0 79.2858 
26.7495 0.84091 11.905 0.0543135 48.5874 8.42045 4.51776 43.3895 11.1421 14.926 110.156 105.98 36.8027 6.71707 15.1838 22.2771 19.6516 2.56855 6.31129 2.7549 25.8605 9.73418 0.287806 14.0552 7.08202 18.1075 15.918 0 
