0 396.294 208.538 575.147 87.2365 522.998 248.71 32.931 399.611 0.147651 116.887 4.3164 51.4038 33.8745 69.935 80.4406 399.685 132.617 57.5987 175.69 215.024 1.57009 32.6195 21.8532 468.341 38.291 0.456705 0.0604138 
404.491 0 97.6164 407.256 193.128 431.443 236.152 292.401 718.614 205 30.4542 177.048 136.238 0.173391 82.5766 25.6624 535.435 937.713 105.179 2.92304 12.1267 5.06687 4.69119 47.2975 437.008 80.7842 19.363 48.9309 
110.497 373.544 0 176.766 168.972 55.5036 109.856 233.5 305.167 4.27441 0.341949 109.074 45.1793 15.9565 27.7962 17.2145 9.28069 3.58143 0.449725 25.1381 93.4364 10.9826 4.80187 3.63962 2.11476 0.012569 9.36064 18.8521 
524.731 620.96 330.091 0 0.190969 458.735 95.2028 1026.25 725.119 105.168 116.884 131.635 16.0444 17.7451 13.2441 16.4252 416.762 95.4944 1.32303 1.2239 436.564 8.61026 18.6523 0.194456 438.963 15.0101 11.388 32.7003 
2.60416 4.05406 113.123 163.8 0 335.17 74.4084 4.33489 313.415 291.139 258.196 27.9069 159.265 34.0294 6.21339 35.0636 120.846 3.50123 227.398 92.5696 60.3873 0.0916924 24.5784 21.5524 1.02607 9.5265 40.6514 56.5434 
523.442 630.196 61.0988 420.236 496.879 0 846.445 23.7685 575.377 909.606 248.849 3.49393 31.3883 0.573427 40.9785 25.3114 402.48 69.4356 3.2235 20.8448 1.74906 20.2316 11.0534 0.937268 419.539 26.3238 7.01966 0.0332852 
162.997 256.521 153.292 35.1474 155.612 79.0587 0 101.323 136.515 14.3533 471.461 284.226 13.3557 32.0803 19.6795 5.69246 82.4909 8.31423 108.605 3.49171 115.887 40.3451 3.25842 60.8316 38.26 4.41412 57.7063 0.000497628 
297.067 42.6359 12.7454 491.64 7.5034 154.205 51.5292 0 476.457 209.439 6.18482 957.847 58.592 33.3201 163.235 251.735 16.5074 0.0136401 115.271 4.62259 0.487794 1.19886 33.4575 3.12744 178.545 0.402792 95.3215 135.33 
626.554 648.406 80.2653 396.33 15.5486 432.835 947.043 325.147 0 56.7934 1747.86 88.58 4.96191 56.8169 99.5 3.96425 439.13 106.769 149.581 43.9643 39.0512 14.449 75.5908 100.219 521.187 13.6604 0.902784 7.2222 
138.774 181.864 0.145387 12.8988 2.53381 95.3663 496.596 50.0507 263.746 0 229.598 240.169 29.5106 0.0110193 9.22211 16.7464 2.00188 0.493279 82.7838 56.3244 32.041 44.9226 49.1922 46.2179 1.76774 69.0468 29.2798 19.7598 
0.0825687 201.028 237.825 1.62194 130.278 267.494 406.972 374.347 91.7588 491.664 0 14.046 3.49043 144.004 236.477 128.958 19.3346 0.869051 16.8384 47.7747 147.57 47.3877 87.9447 124.777 71.1535 164.872 60.0256 51.3478 
31.405 193.259 10.5736 9.57252 161.051 14.8798 129.737 672.443 312.725 13.82 143.576 0 153.596 67.5628 196.349 302.775 14.8321 32.7982 1.15216 68.7591 159.822 56.2222 28.9663 73.6508 63.3675 376.144 119.52 4.93482 
68.0664 142.733 3.06945 0.526637 116.358 168.025 199.984 84.4864 26.1322 323.133 72.1676 43.7021 0 145.484 88.3818 54.5048 30.342 105.622 54.7508 4.82087 67.1751 4.42649 10.7625 16.7221 22.6646 4.44974 23.3787 4.46085 
42.2862 70.9517 11.901 2.78534 63.7626 2.05932 72.1366 52.6565 31.8474 82.0452 10.0393 130.842 58.5071 0 59.2449 16.7582 0.353907 52.8092 7.23756 4.20925 36.7681 9.53912 0.104098 8.46208 1.44841 10.722 0.0184947 2.33727 
12.8298 14.4795 32.2505 16.5485 58.77 0.0249262 43.9593 81.2561 223.742 112.368 149.76 2.75539 51.4051 35.2328 0 78.1306 3.4114e-05 53.3077 37.9182 2.70704 13.948 15.0185 21.236 27.7135 6.29652 2.1446 18.7943 23.3273 
37.769 67.8901 13.7893 0.0802532 32.741 14.0992 30.2066 4.4859 142.96 21.6742 126.18 362.848 12.1662 1.15626 42.5607 0 13.8862 45.0028 0.471325 9.18458 58.4355 5.73935 12.4779 1.11503 11.3691 28.8748 6.92635 22.7842 
472.671 399.301 53.899 417.124 151.295 401.113 61.726 24.3464 509.476 1.42569 56.186 62.8481 0.0902559 20.4826 29.3934 1.81838 0 12.495 478.442 14.7747 63.919 3.71071 5.04269 18.2266 423.549 22.5199 16.1353 7.67064 
216.293 257.793 159.501 0.161445 83.6301 24.5329 20.8945 13.9695 20.1569 0.00517792 117.176 27.0065 25.7727 21.4621 8.22208 1.66232 188.137 0 144.098 21.9634 17.7291 0.0414745 2.4557 27.2387 50.3351 0.592956 42.7282 4.41424 
1.83197 0.196865 44.3068 49.9445 231.955 22.9101 52.0553 78.7873 50.6826 123.184 50.0218 78.7266 73.0975 7.36178 11.5285 16.5371 30.0869 130.643 0 4.85744 5.41634 13.0191 0.791148 0.000403673 18.412 0.725024 2.62195 11.6517 
147.284 138.16 25.3496 1.33871 94.7461 14.5212 79.5301 99.016 80.221 26.3022 15.2957 96.0251 24.7827 3.51568 10.2131 9.66726 18.7384 15.3162 0.784024 0 52.5804 0.96752 2.7658 2.6492 3.63524 6.36555 6.19133 0.0998922 
123.392 0.0184491 81.3548 155.344 28.1257 25.641 130.527 30.0504 40.212 6.12872 31.1677 10.3835 39.1865 2.54983 2.0314 36.0835 67.3944 7.99639 60.6873 330.507 0 31.6993 36.4299 30.3505 16.6697 52.0782 44.297 50.7291 
26.3627 0.031141 4.07234 14.1512 13.2247 7.65378 42.0759 31.4192 12.5353 13.8521 69.0407 72.3667 59.6875 0.233803 2.93648 1.66814 20.2871 3.88073 11.3734 3.85464 12.1764 0 12.656 1.42033 18.1078 1.14905 6.0591 0.169025 
1.30293 7.01085 11.5915 10.2606 3.03774 5.88387 71.0268 1.19192 49.5286 59.9953 114.42 51.1196 5.50096 3.92104e-05 22.6162 11.9901 15.327 19.1958 15.6596 2.51957 37.7265 12.7368 0 2.24696 0.491731 3.81123 1.69129 3.03677 
48.4927 35.7853 9.38919 0.760963 42.9069 12.3727 36.9249 7.26268 65.843 46.0658 46.635 148.082 4.37777 10.3691 16.6023 29.106 15.5462 27.4247 1.46071 6.35775 45.8202 13.9335 20.2132 0 11.7003 3.21399 19.172 9.19733 
397.353 414.783 8.32236 433.203 5.4733 400.099 69.7243 98.1653 396.962 0.80585 15.6014 61.7643 0.636 0.509039 8.40837 24.8752 397.153 46.7198 21.8956 11.5124 0.0924924 45.0531 21.4149 15.6146 0 80.6887 43.579 66.4697 
58.3617 77.9697 16.9643 10.9671 10.1592 23.1212 24.8373 148.609 75.7702 52.5125 166.161 2.70948 23.9197 5.87833 0.00341375 31.4817 16.7132 0.842422 30.6547 2.19098 12.1754 5.47717 10.1797 6.28241 31.0138 0 14.3877 63.4795 
42.5429 11.4853 9.5757 6.31804 49.1182 0.46626 42.0258 89.8529 77.8758 29.8599 15.0964 9.54179 30.596 1.87834 6.06582 5.60835 3.46323 42.2884 16.0117 0.231989 15.4524 6.24748 13.4718 18.2951 42.8748 31.3208 0 72.0191 
25.3624 0.548173 12.4709 0.157943 47.7837 7.91374 5.44353 48.2914 9.43897 16.1873 110.266 114.48 36.1189 6.41252 15.8585 21.9925 19.9236 2.19159 5.95941 2.93711 26.8457 9.81963 0.217605 14.1739 7.95459 23.2882 9.52098 0 
