0 444.746 204.245 580.646 100.329 562.022 255.132 23.7344 444.298 0.00179817 123.082 7.02743 48.8151 32.7617 70.4509 80.1774 442.33 122.035 61.0664 171.049 222.314 1.35042 31.8045 20.6219 509.157 40.5253 0.308779 0.165791 
437.907 0 48.9719 460.942 242.846 462.19 285.699 293.905 737.493 213.211 23.5738 183.346 133.623 0.393888 84.5974 23.4935 579.821 1138.2 98.278 5.11481 9.25219 4.56183 4.07939 48.396 476.691 81.5237 18.5158 47.8129 
125.321 422.756 0 233.008 175.055 58.2726 128.777 218.623 356.77 6.37724 0.129262 117.81 43.1572 15.7309 28.7831 18.0074 10.4996 6.33357 0.843375 24.5022 88.5431 11.1165 4.51721 3.31662 1.70689 0.0035073 9.71694 19.2104 
532.523 685.842 287.998 0 0.0207027 498.553 83.8365 803.426 760.822 104.029 126.397 147.335 14.5635 17.212 14.4803 18.1878 459.73 101.026 1.86797 0.624346 554.636 8.86721 18.4687 0.341855 480.164 16.6505 10.8447 32.8607 
0.605846 0.0321913 123.56 163.143 0 271.354 101.624 6.79775 299.509 275.138 260.077 31.7476 163.105 32.2963 7.69283 33.2 116.127 1.50626 244.97 91.5165 63.6857 0.0265901 23.4683 20.5008 1.39448 10.641 41.1906 56.3385 
567.028 666.805 58.739 458.863 231.366 0 267.023 31.2659 671.288 1014.99 237.413 5.52214 104.198 0.816365 41.3986 25.7473 445.053 64.9717 1.92764 21.3069 2.3613 20.3295 10.6759 0.759639 461.651 26.6585 7.34658 0.00689636 
176.104 305.953 134.574 44.2135 123.929 162.138 0 125.34 342.908 2.14525 455.358 284.726 18.423 35.2215 24.2907 7.43409 84.9201 12.335 103.102 2.45929 112.699 39.1022 2.53418 62.0703 40.8085 3.20723 58.1524 0.0465819 
302.306 52.8109 22.0259 514.459 10.6289 143.842 70.618 0 417.206 204.662 12.3791 861.494 62.4663 37.3868 168.657 244.127 18.0407 0.257269 114.612 3.283 0.0379981 0.900223 30.6978 1.73956 173.086 0.09304 96.3768 135.501 
659.848 715.398 126.681 439.325 24.8333 508.778 1158.51 388.201 0 39.1881 853.838 69.9771 2.90618 50.8773 96.9157 6.21801 483.254 114.455 147.615 40.9576 43.9332 13.4085 72.9334 100.193 563.908 10.6867 0.599581 5.97017 
135.235 191.905 0.00764676 15.5478 7.94697 166.786 507.568 42.7596 238.175 0 294.392 243.245 45.9659 0.212543 5.93033 19.6337 2.65353 1.13058 78.7095 56.188 34.0651 46.2759 47.825 44.8115 1.20791 70.3902 28.4459 20.9819 
0.0285969 190.895 233.494 0.355053 141.16 271.744 377.001 372.397 22.0672 436.543 0 29.3061 6.69229 155.804 278.121 142.912 17.8597 1.65962 19.1894 45.7589 148.276 45.7603 83.0572 126.303 76.5446 163.176 61.7071 54.4333 
25.6121 198.499 6.84306 16.3749 157.772 11.4948 116.916 522.099 331.505 19.2597 110.331 0 151.752 59.9085 178.28 236.488 16.0257 35.8786 1.63088 71.0246 161.793 54.8245 25.1998 64.2626 31.0062 352.727 120.168 2.66544 
70.5688 144.382 2.29632 0.879163 122.47 158.431 205.171 80.5698 21.3034 312.923 61.9727 39.6974 0 150.53 93.2456 51.5519 29.1693 105.234 52.7586 4.3313 68.0702 6.01188 13.3801 14.8874 21.4872 5.1475 22.8085 4.94092 
41.3306 70.6464 12.3537 3.19952 64.7362 2.4831 69.2044 48.2192 27.1512 82.9393 16.2049 137.091 47.8165 0 61.6927 15.7267 0.276797 53.0333 7.68559 4.26148 36.142 9.29852 0.406861 8.88825 1.1741 11.0372 0.0392601 2.12286 
14.2317 12.441 31.6139 17.8326 55.987 0.0113662 49.9648 72.4901 223.891 117.342 192.335 0.237158 57.0848 43.6338 0 67.7329 0.00923772 54.5464 38.1088 2.51953 14.967 14.6871 20.0758 28.0026 5.41651 2.85681 18.5957 23.3764 
40.1741 69.7569 12.9195 0.310044 34.6025 13.2206 33.5133 0.970771 139.689 18.6744 140.196 300.282 10.0979 0.580525 29.3944 0 14.2973 46.1185 0.620651 9.08643 57.6412 5.45228 12.4369 2.25351 12.717 30.0498 6.48314 22.7965 
511.631 439.542 54.4185 457.304 152.592 443.586 58.8894 26.108 551.294 1.98511 54.3441 61.421 0.0237828 20.3085 29.538 2.03371 0 5.77543 455.64 15.4619 63.3064 3.91068 4.82678 18.0342 465.215 22.1973 15.9082 7.96169 
221.854 305.61 161.532 0.00747288 93.2471 28.1976 26.837 16.9016 24.8142 0.188184 112.788 29.8793 23.8275 22.4543 7.2762 2.09753 169.247 0 146.064 24.2008 19.8083 0.0858917 2.14044 28.0311 51.1123 0.379272 42.9815 3.97218 
1.07021 0.00819414 46.037 48.5186 249.082 26.4056 46.6217 81.3538 46.1464 122.627 53.3483 80.3981 74.5191 6.92 10.7924 15.9726 45.1413 134.106 0 5.41118 4.73093 12.6453 0.92704 0.00293002 17.9261 0.574153 2.4411 12.0262 
164.447 140.034 25.8962 0.707685 95.0224 15.1843 81.6499 101.645 82.8266 24.9501 16.8689 96.4004 25.5671 3.44334 10.3635 9.68156 18.049 17.2925 0.569777 0 26.5674 1.02491 2.70676 2.54049 3.87195 6.6174 6.03835 0.138228 
111.428 0.10143 76.0872 161.314 30.8779 27.4522 128.139 35.3359 45.1434 7.20266 28.1817 8.2123 37.8658 2.93117 2.48642 34.622 67.6722 9.48063 59.6691 319.427 0 31.8379 36.0546 31.1933 17.7835 53.1216 44.2936 50.5493 
25.7993 0.0883868 3.88349 13.9601 14.1261 8.09688 40.8546 32.6266 11.5516 12.5711 70.1064 71.6198 62.8716 0.143133 3.28735 1.47388 20.3926 3.55129 11.0024 3.77701 12.5536 0 12.0986 1.14784 17.7644 1.03785 6.25437 0.208171 
1.03068 6.27402 11.4264 10.7 2.55096 6.26857 71.4936 0.638202 46.5545 60.3019 117.855 46.6433 7.48434 0.105531 23.4666 11.7225 15.1276 18.4885 15.3215 2.45844 37.4172 12.1858 0 4.00861 0.811636 3.54371 1.89807 3.22448 
49.4142 34.4868 9.76818 1.02886 43.8242 11.9797 35.1629 9.82384 68.463 47.4312 42.2379 139.874 3.37604 10.4009 18.0835 28.4855 15.7897 26.6298 1.29171 6.35541 46.1699 13.8087 19.0656 0 14.184 2.76928 19.2346 9.52994 
439.41 457.97 9.0733 475.745 6.25729 442.168 67.4859 107.615 438.064 0.443234 12.4299 809.21 0.91664 0.348235 7.4271 24.7563 438.587 47.6053 22.3408 11.3102 0.21395 22.1241 20.0226 19.2794 0 42.6948 137.033 129.786 
56.3578 76.8092 17.8316 12.4756 9.06679 22.5179 27.6161 162.198 70.4414 50.2827 165.29 13.8362 22.6958 5.45746 0.0862834 32.1522 16.3049 0.583573 30.6175 1.99971 13.3024 5.29285 10.2534 5.72567 30.0275 0 12.8555 62.5658 
41.8852 10.7685 9.93204 6.78935 49.1547 0.574285 43.0268 88.2585 78.3181 30.6815 16.5242 11.5874 30.11 2.03666 5.68321 5.18986 3.6467 41.9974 15.7291 0.278238 14.8408 6.44293 13.4369 18.517 45.1579 30.0613 0 64.5847 
24.1234 0.337676 12.9771 0.297141 47.0354 7.46413 6.34419 52.8008 8.0149 17.3488 110.183 121.911 35.4859 6.13744 16.4525 21.6857 20.1631 1.8768 5.64893 3.10435 27.7308 9.89276 0.162635 14.2637 8.76868 28.1763 5.03924 0 
