0 361.352 200.28 461.613 109.265 464.468 258.723 18.3742 351.304 0.106844 127.153 9.18707 47.0964 32.014 70.7469 79.9227 347.502 114.96 63.3738 162.726 226.641 1.21283 31.2548 19.8098 412.981 42.0139 0.226116 0.264892 
344.628 0 24.9248 375.646 276.565 360.338 318.399 294.189 625.816 218.191 19.4315 187.343 131.758 0.590142 85.8703 22.0806 485.887 884.187 93.6299 6.9001 7.54057 4.2385 3.69347 49.1113 379.808 81.9542 17.9562 47.0541 
135.003 447.264 0 262.304 178.525 59.9301 141.367 207.819 387.559 7.99718 0.977136 123.52 41.7975 15.5653 29.4026 18.521 11.3439 8.5818 1.17294 24.0438 85.1773 11.203 4.32958 3.10743 1.45778 0.0300768 9.95451 19.4397 
416.196 604.276 296.264 0 0.281995 401.632 76.3761 835.249 659.193 103.119 132.62 157.674 13.6062 16.8476 15.3174 19.3764 365.047 104.615 2.28153 0.334544 176.358 9.03829 18.3364 0.462707 384.243 17.7632 10.4852 32.9436 
0.0484632 2.69467 130.311 162.333 0 232.505 121.382 8.73575 289.356 263.339 260.832 34.4156 165.449 31.1443 8.75866 31.9631 112.865 0.634792 255.648 90.7174 65.8885 0.00488305 22.7321 19.8059 1.67072 11.4122 41.542 56.183 
472.497 566.695 56.9693 361.335 609.967 0 636.201 36.7327 612.19 548.407 228.785 7.12082 588.794 1.00112 41.6028 26.0102 350.132 61.9855 1.24443 21.5991 2.81865 20.3837 10.421 0.651149 366.373 26.8591 7.5663 0.000281024 
184.609 338.177 121.945 50.6685 104.031 263.004 0 142.138 512.773 0.00898015 441.751 284.406 22.2085 37.3508 27.5769 8.7136 86.495 15.4283 99.3568 1.86892 110.506 38.2663 2.10012 62.8612 42.5165 2.5063 58.4296 0.118858 
304.92 60.0614 29.4808 505.114 12.9981 136.705 84.6476 0 375.841 201.143 17.6444 779.788 65.0683 40.1727 171.884 237.781 19.0924 0.588722 114.103 2.51369 0.0198577 0.724579 28.896 1.03648 169.039 0.866888 97.0167 135.437 
558.308 636.054 161.261 346.821 32.1258 441.129 1253.01 429.224 0 29.0759 831.923 58.5477 1.83576 46.9773 72.1756 7.98785 389.345 119.569 146.149 38.9752 47.2981 12.7313 71.1202 100.089 468.907 8.89124 0.431592 5.19758 
132.727 198.22 0.159941 17.4271 13.1797 224.416 508.859 38.1449 220.62 0 337.986 244.776 58.6043 0.487246 4.12181 21.6506 3.13717 1.69881 75.9468 56.0611 35.4311 47.1556 46.8824 43.8502 0.892868 71.217 27.8867 21.8053 
0.224061 183.904 229.675 0.0205126 148.378 273.253 355.181 369.897 9.03241 396.139 0 42.3517 9.38318 163.281 304.158 151.984 16.9014 2.32593 20.8268 44.4118 148.645 44.6691 79.745 127.144 80.1301 161.707 62.8093 56.492 
22.0388 201.749 4.79075 21.8435 155.461 9.4632 108.478 420.705 343.064 23.341 89.9691 0 150.392 54.9175 165.748 192.458 16.8414 37.9852 1.99531 72.501 162.97 53.8772 22.7995 58.1744 21.5099 333.33 120.482 1.53324 
72.2172 145.339 1.84132 1.16342 126.448 147.411 208.207 77.948 18.3276 304.085 55.4711 37.0993 0 153.063 96.3204 49.5548 28.3897 104.92 51.4174 4.01787 68.6484 7.193 15.255 13.7078 20.7088 5.63786 22.4269 5.27294 
40.679 70.394 12.6475 3.48895 65.3452 2.78474 67.1953 45.3025 24.1831 83.3986 21.0577 140.993 41.0285 0 61.9747 14.9663 0.230586 53.1621 7.98885 4.29512 35.715 9.12924 0.71316 9.14774 1.00606 11.2368 0.0573767 1.98446 
15.1965 11.156 31.1411 18.6935 54.1143 0.0800126 54.0663 66.7447 223.201 120.34 221.132 0.0880203 60.8876 48.7156 0 59.5927 0.0244238 55.3512 38.2173 2.39726 15.6593 14.4572 19.2429 28.1047 4.85918 3.38213 18.4547 23.3894 
41.7781 70.9533 12.3381 0.545613 35.8479 12.6356 35.7671 0.0515788 137.265 16.7678 149.332 256.185 8.81211 0.303229 21.3183 0 14.5707 46.8482 0.731372 9.01646 57.0799 5.26151 12.3757 3.21195 13.6569 30.729 6.19154 22.776 
414.232 343.242 54.7164 360.766 153.235 348.601 56.9922 27.3043 455.766 2.40805 53.1103 60.4571 0.00321488 20.1879 29.6257 2.18339 0 2.69715 442.891 15.9215 62.8783 4.04625 4.68461 17.903 369.649 21.9778 15.7555 8.15725 
225.101 342.478 162.45 0.169675 99.7603 30.7401 31.1549 18.9948 28.1522 0.455356 109.815 31.8552 22.5611 23.1194 6.67396 2.41473 156.371 0 147.177 25.7295 21.2459 0.124369 1.94176 28.557 51.6149 0.26308 43.1422 3.68933 
0.674614 0.199497 47.1569 47.5385 259.418 28.8162 43.0967 83.0362 43.191 122.092 55.5835 81.4848 75.4263 6.63052 10.3098 15.5958 55.7159 136.252 0 5.79396 4.29797 12.3962 1.02335 0.0107348 17.6008 0.483151 2.32374 12.2766 
175.199 140.946 26.2221 0.396419 95.1023 15.6213 82.9888 103.302 84.5095 24.0527 17.9501 96.5777 26.087 3.39445 10.4602 9.68595 17.5885 18.66 0.445631 0 13.7763 1.06391 2.66708 2.46845 4.03228 6.78476 5.93612 0.167187 
103.502 0.385877 72.5228 169.779 32.7622 28.6749 126.454 39.0469 48.5381 7.96292 26.2558 6.89922 36.9856 3.19913 2.81408 33.6437 67.8349 10.5341 58.9724 306.902 0 31.9254 35.7954 31.7497 18.5377 53.7934 44.2809 50.4128 
25.4211 0.142724 3.75898 13.8298 14.738 8.39471 40.0317 33.4323 10.9138 11.7431 70.7869 71.091 64.9395 0.0948432 3.52966 1.35012 20.4597 3.33908 10.7559 3.72506 12.8063 0 11.705 0.980936 17.5352 0.966523 6.38464 0.236476 
0.866511 5.80277 11.31 10.9918 2.24896 6.52765 71.7536 0.363889 44.5799 60.4535 119.982 43.7075 8.95965 0.286843 23.9492 11.5142 14.9926 18.0193 15.0941 2.41748 37.2013 11.796 0 5.3927 1.07087 3.36796 2.04143 3.3513 
50.0065 33.6176 10.0182 1.22885 44.4231 11.7141 33.9888 11.7283 70.1784 48.314 39.3687 134.119 2.77711 10.387 19.0458 27.8507 15.95 26.0982 1.18449 6.35171 46.3865 13.7086 18.0238 0 15.9549 2.48768 19.2598 9.74881 
344.16 363.448 9.58338 380.729 6.80594 346.89 65.9555 113.861 342.275 0.260986 10.498 780.092 1.13164 0.257609 6.79649 29.3956 342.877 48.1827 22.6337 11.1718 0.322681 15.9396 19.0717 22.1979 0 17.1041 140.38 134.081 
54.9925 75.9801 18.4004 13.514 8.36802 22.1003 29.5184 170.893 66.8898 48.7698 164.362 25.8144 21.8853 5.17925 0.202808 32.4785 16.0312 0.437109 30.5827 1.87611 14.0739 5.17001 10.2945 5.36143 29.3379 0 11.8576 61.5364 
41.4364 10.3003 10.1694 7.10987 49.1672 0.652352 43.685 87.1428 78.5796 31.2243 17.5035 13.0493 29.7811 2.14498 5.43227 4.91644 3.77112 41.7956 15.5395 0.311344 14.4364 6.5732 13.4061 18.6497 46.6539 29.1776 0 59.2823 
23.3034 0.225407 13.3125 0.413905 46.5239 7.16818 6.97915 55.848 7.12476 18.1357 110.031 126.717 35.0551 5.95385 16.8406 21.4553 20.32 1.68003 5.4453 3.21746 28.3195 9.9395 0.130361 14.3146 9.32077 31.492 2.80102 0 
