0 252.356 196.33 319.227 116.803 339.068 261.28 14.4007 230.174 0.317837 130.504 11.1975 45.67 31.3878 70.964 79.6625 224.559 109.071 65.2905 152.068 229.906 1.10366 30.793 19.139 288.84 43.2521 0.167022 0.365053 
227.66 0 10.7929 261.866 304.562 232.145 345.001 293.985 488.322 222.021 16.2629 190.544 130.132 0.783564 86.884 20.9252 363.524 410.143 89.7401 8.58018 6.2424 3.97733 3.38554 49.6963 255.108 82.2744 17.4933 46.4137 
142.875 461.817 0 279.489 181.043 61.1874 151.738 198.354 410.335 9.4757 2.28465 128.189 40.6588 15.4183 29.8938 18.9389 12.0661 10.6995 1.48803 23.6417 82.3195 11.2734 4.17467 2.93704 1.26441 0.072111 10.1524 19.6248 
276.744 491.267 325.806 0 0.728186 276.822 70.266 1246.7 529.309 102.272 137.715 166.154 12.8277 16.5389 16.0214 20.3723 242.183 107.535 2.6565 0.161207 787.617 9.18068 18.22 0.577114 260.312 18.6998 10.1874 32.9978 
0.0601213 8.15343 135.779 161.434 0 205.477 138.653 10.5277 280.405 252.899 261.153 36.7017 167.266 30.1878 9.69397 30.9372 110.083 0.191387 263.831 89.9935 67.7244 6.11656e-05 22.1216 19.2311 1.91949 12.0713 41.83 56.0419 
349.598 438.616 55.3835 236.138 935.631 0 440.497 41.5527 518.432 947.567 221.039 8.60022 47.28 1.1687 41.726 26.212 227.087 59.497 0.787602 21.8327 3.2295 20.4221 10.2068 0.566906 243.001 27.0122 7.75043 0.00148033 
191.521 364.144 111.438 56.2705 88.3786 366.967 0 156.511 663.173 1.9446 428.78 283.741 25.6009 39.1427 30.4352 9.84999 87.7788 18.2502 96.1967 1.43764 108.639 37.5661 1.7687 63.4984 43.9438 1.98647 58.6481 0.204455 
306.55 66.3653 36.4137 486.808 15.1421 130.647 97.047 0 340.788 198.016 22.7043 703.655 67.2455 42.5353 174.326 231.761 19.9859 0.967821 113.636 1.94948 0.177021 0.592588 27.4198 0.588107 165.43 2.10725 97.5104 135.274 
429.499 525.457 191.576 227.068 38.8419 343.336 1296.75 462.233 0 21.7165 1065.89 49.677 1.12936 43.7764 47.2296 9.62185 267.129 123.816 144.834 37.3392 50.1644 12.1774 69.586 99.9503 345.685 7.51338 0.312519 4.59257 
130.552 203.23 0.435688 19.0585 18.4974 275.784 506.22 34.4596 205.806 0 373.784 245.73 70.0403 0.801343 2.85846 23.3829 3.56986 2.25929 73.6213 55.9333 36.5784 47.8741 46.0791 43.0356 0.666212 71.8628 27.4188 22.4961 
0.528096 177.954 225.945 0.0547853 154.352 273.689 336.072 367.091 18.8268 360.942 0 54.8724 11.9574 169.233 324.354 159.349 16.1189 2.96568 22.2323 43.2881 148.889 43.7566 76.9596 127.737 83.1054 160.28 63.7155 58.2063 
19.2453 204.302 3.35292 26.9411 153.462 7.91201 101.541 338.855 352.053 27.0084 74.272 0 149.18 50.8435 155.102 157.069 17.5329 39.771 2.32643 73.709 163.866 53.079 20.8714 53.23 26.5589 315.16 120.669 0.8257 
73.5771 146.047 1.49949 1.43016 129.698 136.086 210.471 75.7594 16.0027 295.559 50.2543 34.9815 0 154.644 98.7694 47.8769 27.7418 104.627 50.2929 3.76477 69.1187 8.25084 16.8917 12.7532 20.0646 6.06158 22.108 5.55673 
40.1276 70.1541 12.8869 3.73797 65.8279 3.04729 65.4914 42.9026 21.8168 83.6968 25.529 144.071 35.6322 0 61.3708 14.2941 0.195273 53.2568 8.24423 4.32243 35.3534 8.98303 1.02758 9.34775 0.875338 11.3963 0.0750782 1.87196 
16.0181 10.1317 30.7183 19.4125 52.5455 0.184526 57.532 62.0368 222.146 122.632 244.893 0.901212 64.0533 52.4784 0 52.3428 0.0426039 56.0087 38.2964 2.2971 16.2436 14.2602 18.5169 28.1339 4.41377 3.84944 18.3321 23.3884 
43.1134 71.9196 11.8536 0.791684 36.8869 12.1496 37.6723 0.164195 135.103 15.2404 156.764 219.17 7.79996 0.13957 15.2956 0 14.7981 47.4472 0.83036 8.95544 56.5931 5.10311 12.3043 4.1226 14.4622 31.2279 5.95118 22.7415 
289.081 219.155 54.9348 236.359 153.635 225.503 55.4092 28.314 332.153 2.79071 52.0795 59.6465 0.000603634 20.0848 29.6934 2.31182 0 1.01132 213.955 16.3051 62.5098 4.16057 4.56722 17.7918 246.04 21.7922 15.6275 8.32116 
227.516 372.618 162.945 0.466407 105.233 32.9143 34.9603 20.8212 31.0704 0.766416 107.315 33.5371 21.525 23.6753 6.18996 2.69545 145.559 0 147.981 27.024 22.4745 0.161837 1.78321 28.9937 52.0238 0.18237 43.271 3.46101 
0.414049 0.552287 48.068 46.7048 267.289 30.8674 40.2257 84.4197 40.7742 121.548 57.4548 82.3726 76.1566 6.39254 9.91314 15.2816 64.5684 137.935 0 6.12105 3.95207 12.1887 1.10707 0.0209774 17.3289 0.413223 2.22792 12.4855 
183.627 141.497 26.4694 0.205049 95.1051 15.9817 84.0572 104.622 85.8772 23.308 18.8697 96.6808 26.5183 3.35332 10.5384 9.68645 17.2043 19.8284 0.353699 0 6.20032 1.09686 2.63382 2.4087 4.16734 6.9238 5.85081 0.193398 
96.955 0.762469 69.5299 177.526 34.3607 29.7023 124.995 42.247 51.4281 8.62292 24.6916 5.88882 36.2532 3.4307 3.1018 32.8268 67.9566 11.4505 58.3815 293.591 0 31.9955 35.574 32.21 19.1727 54.3384 44.2639 50.2888 
25.1043 0.197879 3.65612 13.7195 15.2543 8.64417 39.3408 34.104 10.3936 11.0694 71.3353 70.6318 66.6248 0.0621057 3.73651 1.25063 20.5136 3.16678 10.551 3.68168 13.0176 0 11.3648 0.851168 17.3442 0.908849 6.49324 0.261413 
0.740419 5.42255 11.2094 11.2342 2.01126 6.74496 71.9388 0.193595 42.9417 60.5474 121.65 41.2954 10.2787 0.503102 24.2973 11.3229 14.8789 17.6297 14.9034 2.38323 37.0155 11.4587 0 6.64502 1.31428 3.2233 2.16417 3.45793 
50.4861 32.8916 10.2248 1.40841 44.914 11.4908 33.012 13.4315 71.5872 49.032 37.0216 129.174 2.32104 10.3539 19.828 27.1929 16.0822 25.6545 1.0985 6.34733 46.5568 13.615 17.0082 0 17.4885 2.26256 19.2707 9.92918 
220.85 240.728 10.0137 257.557 7.27883 223.534 64.6589 119.013 218.576 0.145654 9.00365 315.03 1.32772 0.192366 6.28656 35.7701 219.156 48.6555 22.8753 11.0543 0.43021 17.9502 18.2686 24.7287 0 3.71016 95.9713 108.318 
53.8383 75.2564 18.8677 14.3972 7.80432 21.7434 31.1318 177.866 63.9388 47.4952 163.379 38.3971 21.2137 4.94932 0.33709 32.675 15.8024 0.331082 30.5477 1.77556 14.7286 5.06776 10.3237 5.06267 28.7453 0 11.043 60.4308 
41.0564 9.91631 10.3671 7.38064 49.1705 0.721092 44.2275 86.1819 78.7769 31.6736 18.3354 14.3255 29.5039 2.23687 5.2259 4.6923 3.87607 41.6227 15.3808 0.340308 14.1016 6.68174 13.3758 18.7508 47.8767 28.4167 0 54.7168 
22.6241 0.149083 13.5904 0.525756 46.0901 6.92406 7.52887 58.407 6.42022 18.7986 109.846 130.619 34.6909 5.80087 17.1589 21.2478 20.4489 1.52409 5.27778 3.31267 28.809 9.97721 0.106161 14.3514 9.78374 34.2597 1.42276 0 
