0 72.4758 196.405 127.663 0.286114 70.2361 164.161 296.669 128.989 49.3969 93.1718 199.925 0.315613 53.511 70.8149 78.3689 136.143 93.3283 84.0538 217.406 223.089 0.319651 0.428204 50.5061 131.552 65.2248 45.352 7.62971 
59.0167 0 88.8321 208.56 204.01 73.5164 501.638 30.7147 393.318 241.461 221.062 98.6918 145.878 0.203968 63.1916 26.1806 144.03 798.805 156.58 103.103 34.3755 50.6712 6.59032 8.08289 59.1089 13.6825 53.4949 42.0311 
36.9049 386.859 0 183.111 2.2667 52.9354 18.2708 165.937 473.237 80.3015 45.6033 59.1169 7.01091 16.6783 26.8261 17.3038 52.1208 33.9887 40.411 0.115764 30.8805 3.22201 1.612 1.74522 7.82989 27.4258 18.2523 9.33283 
91.8754 59.0859 76.6614 0 6.82988 112.432 202.306 788.023 112.654 56.1324 79.9013 60.2436 11.1071 18.2567 31.4468 6.4412 70.124 66.3791 62.4194 20.076 381.382 6.20798 0.351333 25.8523 60.1283 44.0605 11.6916 24.1335 
104.211 2.33229 38.1593 160.219 0 381.648 412.474 7.83526 216.218 24.3993 50.9944 162.395 29.6179 18.5185 11.4823 30.1199 140.248 230.268 71.3443 55.7367 63.6858 36.1236 19.5936 1.81014 3.41983 60.7136 47.2093 0.822335 
59.7066 179.903 9.30589 122.771 440.646 0 705.458 158.501 142.897 251.639 186.294 117.989 640.448 12.7601 26.9333 0.000681868 105.173 123.42 54.0319 8.61896 10.345 0.212945 2.96651 10.5985 78.0432 10.4415 5.24964 4.95403 
60.2648 509.577 237.93 19.6399 197.018 520.805 0 33.7032 1298.16 247.101 7.26869 266.017 51.3593 88.1727 38.6377 30.8001 25.694 164.077 89.1023 66.3175 49.0971 53.8442 18.4504 71.4708 76.2593 88.4016 16.588 73.5568 
33.581 143.506 62.4816 22.5146 4.5899 101.929 7.20178 0 572.383 213.589 217.426 6.95629 10.42 0.3839 62.5285 257.932 6.5276 73.8122 39.5684 105.052 0.530535 57.9777 0.000164438 78.9404 49.9058 126.679 97.8792 116.56 
186.449 294.242 355.11 354.124 189.264 59.592 882.052 208.533 0 9.04448 574.708 201.3 183.85 101.746 208.701 56.1454 160.447 113.601 84.8774 0.990339 24.0655 11.6439 18.9902 2.41647 58.1204 138.147 0.270187 16.7877 
49.7904 241.345 54.6505 27.8679 332.615 433.366 255.775 57.7425 65.6808 0 548.932 209.841 314.625 43.3903 59.1873 49.3413 62.1012 4.40791 52.7866 35.3403 13.5731 29.7838 0.284448 37.6175 70.2847 25.7434 9.57035 26.9611 
192.866 47.7342 221.187 203.351 12.5908 65.963 60.3144 197.209 267.351 5.12031 0 105.634 5.35151 91.7485 82.0696 34.788 1.04638 162.397 18.922 4.0548 147.48 78.1542 13.1604 81.1572 19.2868 42.1695 1.63129 87.2168 
92.866 120.269 185.133 2.41079 26.3109 47.5372 190.587 78.5306 204.59 127.358 32.0351 0 28.5814 131.081 273.802 98.9824 83.4897 106.51 2.09934 9.83543 65.0385 69.1584 110.206 174.272 304.084 278.706 120.436 0.0788925 
106.905 130.544 52.6534 2.1453 2.68432 28.2812 218.837 140.502 202.477 43.4 137.152 22.9381 0 0.0568374 43.7224 83.3313 10.5435 38.0506 7.52466 16.9349 0.00730252 88.2149 71.4334 63.8544 55.8547 48.5365 15.7707 38.8059 
50.356 70.9069 9.25302 8.12945 69.8624 9.50182 13.8752 108.548 82.7267 54.7939 0.195269 12.006 135.862 0 26.5976 1.21169 0.0877473 34.1633 27.4297 0.0208778 4.64596 3.93584 9.36105 8.28531 6.4234 2.27617 8.14174 6.52706 
15.4414 33.96 5.53548 28.5393 49.7091 10.3174 67.0344 55.3907 21.1036 93.2351 25.0984 99.0205 81.2688 2.6891 0 79.1165 17.9971 0.0568761 20.3231 0.0483714 7.77745 15.9044 11.2392 22.0123 23.1963 25.3181 16.6099 0.000488657 
47.8836 48.7638 13.6929 31.2424 37.7186 20.3349 64.647 39.131 109.104 1.44381 36.8198 154.702 69.161 16.8364 44.059 0 3.20016 26.2537 24.7027 3.50131 3.43676 0.210851 10.6915 7.86042 23.8319 27.3229 1.86214 8.93908 
125.142 102.054 31.7933 88.2637 56.1869 106.879 106.381 12.1466 75.3861 60.2766 22.9265 11.0749 53.0513 17.6713 7.69797 0.954211 0 262.917 268.378 9.57357 7.65326 14.5399 10.0614 0.229337 83.4786 25.0452 21.76 19.9174 
232.667 192.94 158.357 7.93733 88.4621 4.67893 138.637 122.484 24.2757 2.17775 79.9213 99.7059 105.909 52.8528 66.9549 1.34199 76.4412 0 121.866 76.5549 120.444 23.3337 22.3316 0.396319 31.8944 0.995406 21.9801 23.0546 
1.375 26.1491 0.0184401 9.04196 75.9466 90.423 138.798 110.327 154.992 113.057 1.05485 55.143 81.0754 7.20219 33.6955 0.832908 120.125 100.287 0 16.0524 29.627 7.60394 0.415211 0.159244 30.5824 30.2587 24.1224 25.4861 
9.31353 8.09858 7.17215 20.4285 34.4371 15.8075 11.7819 1.77584 98.8752 0.983657 85.9577 50.2766 39.2455 3.26214 11.3696 1.27092 23.9875 70.6003 32.8053 0 324.308 4.94389 3.10142 4.28059 10.2964 0.836586 0.347311 6.27424 
4.88992 75.4958 42.6903 34.5001 30.8778 42.6434 30.3727 45.875 23.1224 44.3369 31.5064 99.5207 65.1422 44.3138 0.148805 2.57938 0.147649 113.298 2.40609 34.6324 0 1.81302 38.2182 39.3744 6.97332 3.77312 40.5039 2.51195 
14.91 40.404 11.5589 15.67 56.3543 8.36493 55.0877 51.7585 13.5063 28.6179 26.6461 76.6364 36.5644 10.7115 1.33718 0.728332 0.0506978 9.65022 6.14207 3.15101 7.30531 0 10.1491 4.61863 4.0883 10.7744 4.59672 5.04095 
20.5074 9.23694 0.793089 10.5188 1.15404 13.8684 58.4232 23.4622 3.29545 13.2061 54.8444 122.85 78.5524 9.61393 25.034 8.74419 1.10162 40.7598 21.3094 2.87229 37.0386 10.0467 0 13.9605 16.6039 9.84706 11.8648 3.1825 
0.781792 61.9298 11.7619 26.4339 56.3951 0.291165 14.6319 123.789 48.8207 0.722003 104.094 112.352 50.1672 10.3397 27.9219 24.1701 15.1379 46.1051 2.47202 0.057366 19.7266 3.52517 10.0681 0 36.876 0.898745 1.05619 14.4589 
58.3709 126.169 27.5309 77.014 0.258221 59.6794 5.07565 193.518 185.49 71.0824 144.822 706.596 29.8516 4.49838 25.2886 59.9818 59.8529 36.4869 4.97977 5.01863 1.6733 69.7335 2.66034 19.5735 0 73.5564 165.47 74.2491 
3.57944 48.0507 11.7542 44.666 61.1231 7.95967e-05 22.434 4.34987 86.1681 76.2963 50.7886 66.4129 34.8779 7.20271 29.9002 23.2197 20.2577 0.72263 2.6503 8.39799 40.6772 8.29361 0.740865 3.03298 3.13632 0 34.4516 7.19553 
29.7125 49.69 18.149 6.06138 47.3127 14.541 38.2241 85.393 79.6913 27.6373 14.1623 12.8004 23.574 10.9575 17.7731 1.11293 2.35945 4.06904 13.9428 5.83071 4.65691 4.77829 0.0213882 2.80028 8.54612 18.9746 0 90.8544 
48.1485 0.0398969 16.3167 4.3313 10.3782 17.7102 68.3531 102.942 19.8954 30.8139 8.22723 143.727 11.1016 2.42905 6.32636 4.54292 7.66322 18.5517 0.471864 1.69846 17.8 9.16225 0.174173 11.3452 6.95717 59.6516 35.7318 0 
