0 52.4933 197.647 99.4104 0.45486 47.3059 166.365 295.629 107.254 50.226 92.1113 200.887 0.363784 53.5436 70.8804 78.2363 112.243 91.6019 84.5718 216.547 221.958 0.337281 0.400889 50.6473 107.99 64.9374 45.2599 7.49112 
36.5815 0 97.8653 180.562 212.247 51.4145 505.03 32.1375 366.402 241.214 222.5 100.013 145.668 0.23702 63.6584 26.5494 121.449 1114.78 155.896 102.108 35.1772 50.6295 6.4684 8.23059 35.5625 13.9578 53.4525 41.8263 
38.8155 377.909 0 172.791 1.89111 52.4032 19.95 162.779 473.343 81.0636 43.7044 57.7397 7.21456 16.6693 26.6458 17.4373 52.2499 35.0909 40.1007 0.139465 31.6592 3.25161 1.64498 1.70467 7.95154 27.4444 18.2242 9.24868 
64.8997 36.1822 77.4073 0 6.343 89.3634 202.012 162.994 92.3699 56.7822 78.3262 62.4733 10.8902 18.3408 31.2725 6.22884 46.8447 67.3589 62.3792 19.7124 646.305 6.24935 0.371166 25.894 36.5517 43.9918 11.6004 24.2594 
101.983 1.34997 36.7231 160.577 0 389.953 409.862 7.35509 219.497 26.3955 52.4413 162.902 30.4277 18.2642 11.7931 29.8144 140.778 229.765 74.3985 56.2273 64.2363 36.293 19.4156 1.7468 3.31876 60.5273 47.2561 0.86248 
36.0307 153.692 8.85815 99.0859 52.169 0 329.952 156.844 126.545 485.699 189.114 118.882 435.819 12.6455 27.2059 3.25863e-06 81.4966 123.313 54.673 8.51068 10.5625 0.228611 2.9156 10.6673 54.676 10.3149 5.19979 4.88886 
62.1683 512.374 236.552 18.5265 202.663 559.537 0 36.2051 1304.05 255.902 8.8794 267.072 52.7496 88.4854 39.5883 31.3475 26.0971 162.568 90.0699 65.8624 49.7198 53.6926 18.1821 71.5111 75.9355 88.0683 16.4256 73.5578 
35.2576 141.204 65.1906 16.0559 4.22153 103.801 8.426 0 565.011 212.942 220.746 3.40584 10.0867 0.471519 61.1297 258.432 6.69566 74.6747 39.1324 104.668 0.659694 58.117 0.00130941 79.8214 48.5312 124.287 98.0115 116.017 
161.015 275.144 363.164 327.995 185.904 37.3166 838.947 218.395 0 10.4439 517.128 205.207 183.07 100.994 199.509 55.1327 136.708 114.882 85.6895 1.09097 23.4133 11.8062 18.6055 2.27603 34.6282 138.452 0.301604 16.4745 
48.9632 241.575 55.4856 27.2985 332.567 420.679 246.974 56.4348 62.3602 0 542.451 208.533 316.498 43.9344 60.3741 49.9432 62.3928 4.66076 52.0807 35.1211 13.3282 30.0431 0.324696 37.8805 70.3708 26.1184 9.68444 26.7487 
193.071 49.203 222.517 203.512 11.8245 68.5791 64.5361 193.844 289.971 7.31458 0 110.881 4.81167 93.8834 87.9196 33.1035 0.982759 162.051 18.5237 4.19847 147.614 78.1019 13.6702 81.9018 18.6824 41.1219 1.71615 86.7968 
94.3047 121.593 185.5 1.93351 25.7053 48.4781 188.552 92.5837 200.683 129.175 28.9977 0 28.001 132.151 273.657 90.2405 83.3757 107.071 2.00244 10.0917 64.2667 69.0028 109.682 175.088 309.939 272.25 120.503 0.144431 
106.777 131.034 52.9627 2.24891 2.95423 29.4854 218.973 140.793 202.164 40.5134 135.228 23.4739 0 0.151243 42.8082 83.4365 10.6888 38.4185 7.33131 17.0645 0.00366287 88.0371 70.8992 63.6417 55.8719 48.4015 15.6761 38.7155 
50.4502 70.8597 9.33704 8.03125 69.907 9.38688 13.4922 108.019 81.7618 54.2738 0.0867511 11.3357 137.118 0 28.0482 1.32802 0.0947064 34.0015 27.4212 0.0226917 4.7272 3.99204 9.29985 8.36177 6.34083 2.22269 8.17303 6.57275 
15.6876 33.4919 5.37463 28.3456 49.2354 10.0726 68.0981 56.7536 22.3155 92.1344 28.6706 95.9155 80.3795 3.31549 0 77.6242 17.9161 0.0721188 20.4582 0.0532997 7.91169 15.9488 10.9905 21.8015 23.0302 25.1488 16.6615 0.00195881 
48.2771 48.3697 13.5482 30.9742 38.0305 20.4624 65.2255 36.9686 110.05 1.29735 35.095 144.492 68.7679 16.9921 41.8132 0 3.24535 26.4629 24.777 3.5353 3.32615 0.198415 10.6187 8.2295 23.5562 27.0793 1.81636 8.81449 
102.125 77.7594 31.5299 64.5451 57.0868 83.2168 106.211 12.3684 51.5962 60.5755 22.6618 11.2491 53.2017 17.6277 7.77012 0.928604 0 264.703 177.964 9.67738 7.77893 14.4994 10.1025 0.219762 59.9645 25.0064 21.7743 19.877 
233.114 196.209 157.887 7.4973 86.8614 4.39848 137.021 123.305 25.0856 2.35797 80.699 100.288 105.867 52.8916 66.8691 1.28102 79.3289 0 122.56 76.835 120.598 23.4302 22.2121 0.372644 31.7136 1.04712 21.8798 22.9208 
1.50252 25.3158 0.00889117 9.24623 79.0645 90.3799 139.427 110.117 154.934 112.657 0.955437 55.484 80.9199 7.27617 33.6054 0.863847 121.7 101.124 0 15.9206 29.8477 7.54698 0.399447 0.149556 30.5656 30.2381 24.1323 25.5137 
8.33338 8.62195 7.01929 20.0639 34.9171 15.6992 12.1107 1.93064 98.6072 0.925288 86.0108 50.6978 39.1689 3.27473 11.3556 1.29488 23.8822 70.9342 32.7242 0 326.276 4.93283 3.09243 4.29786 10.335 0.858099 0.338401 6.24268 
4.3461 76.4977 43.5462 31.3311 31.3453 42.9593 30.9095 46.883 22.4814 43.981 30.999 100.3 65.305 44.2805 0.169318 2.67749 0.129781 113.564 2.32649 38.8844 0 1.84277 38.2628 39.2618 7.10518 3.66293 40.4436 2.57623 
14.8153 40.2839 11.54 15.6481 56.3913 8.29036 54.9451 51.5881 13.6781 28.3592 26.9074 76.6281 36.0075 10.6956 1.29683 0.751436 0.0465466 9.73175 6.08884 3.1642 7.25143 0 10.2609 4.69299 4.15484 10.7769 4.62799 5.06558 
20.6524 9.09628 0.769383 10.4455 1.10166 13.9166 58.6662 23.8804 3.12231 12.9718 54.0108 122.57 78.1028 9.58511 24.9824 8.64953 1.12086 40.6892 21.2771 2.86271 37.0947 10.1592 0 14.3486 16.7553 9.86784 11.8315 3.21397 
0.73339 61.9229 11.8179 26.4554 56.4037 0.309074 14.396 124.338 48.3566 0.664222 103.481 113.94 49.8353 10.3534 27.9636 23.8517 15.096 46.1616 2.43531 0.0609045 19.5826 3.45694 9.65357 0 37.2248 0.855609 1.01587 14.4613 
34.9333 102.905 27.5748 53.3007 0.230361 36.2579 5.27342 193.578 161.911 71.1354 144.65 1162.73 29.6512 4.42315 25.1387 59.7435 36.4085 36.3102 5.04041 4.97601 1.60652 67.0634 2.59796 20.8823 0 80.6594 176.795 62.3385 
3.73545 48.4168 11.6061 44.6538 61.3047 0.000252886 21.9962 5.02077 87.0361 76.3274 49.6783 71.6866 35.0768 7.27304 29.8201 22.9246 20.1966 0.766887 2.69966 8.35919 40.4531 8.31948 0.765038 2.95879 3.29377 0 34.6053 6.67774 
29.8544 49.6047 18.1197 6.13796 47.2666 14.4897 38.0479 85.0927 79.6837 27.4969 13.9351 13.1747 23.4794 10.9696 17.7299 1.07685 2.33383 4.01158 13.9917 5.85632 4.59119 4.8098 0.0256176 2.73757 8.89148 19.2409 0 90.4135 
47.9764 0.0512469 16.2413 4.2359 10.5069 17.6434 68.2104 103.604 19.5606 30.6015 7.95878 144.744 11.2146 2.46607 6.23143 4.44129 7.615 18.4225 0.488524 1.67605 17.6593 9.14556 0.165482 11.2974 6.74953 59.2386 34.3685 0 
