0 442.462 106.1 21.0249 211.826 96.6986 256.215 7.73919 76.9747 13.0838 168.799 53.044 27.9223 23.088 71.2767 72.4194 27.3248 39.315 88.9482 32.742 240.828 0.145018 24.5315 11.0414 70.0835 58.7187 0.219161 3.11525 
379.379 0 288.511 233.573 531.632 24.2559 524.726 256.083 93.4556 241.214 1.02928 219.465 103.769 5.72949 95.7368 8.12272 159.679 847.85 41.0462 43.9838 0.628759 1.29114 0.562925 56.2923 31.6825 83.1386 11.7802 37.5145 
209.412 187.75 0 10.2181 179.837 65.486 245.908 64.1402 366.633 37.6454 63.7709 176.261 25.8016 12.8264 33.8702 23.2879 22.7094 55.0926 8.77355 17.0668 43.4729 12.0408 2.31536 1.09253 0.000385656 2.23404 12.6961 21.4941 
46.76 300.32 76.0846 0 24.5001 46.8722 9.54898 782.954 165.534 84.4496 190.441 249.319 4.50861 12.2009 25.3458 32.8509 42.4976 137.396 9.9104 3.59791 513.634 11.0105 16.2307 3.15596 44.1854 30.9391 6.50508 32.4627 
38.2564 282.702 184.836 132.527 0 13.1867 368.466 47.2272 140.504 95.5765 240.064 70.7158 178.486 18.2643 25.3644 18.2486 70.4426 17.7907 293.842 76.1393 91.1303 1.04476 14.5078 12.1769 6.66143 21.8905 45.1522 53.2575 
135.855 129.278 28.9235 11.016 388.48 0 829.017 118.323 466.828 149.628 95.5178 38.7291 646.973 4.39181 39.4056 27.311 26.3751 28.7335 4.40385 23.9585 10.9292 20.3511 7.32715 0.00137902 35.7025 27.7885 10.2143 0.575983 
257.999 521.564 7.92194 137.206 4.38462 326.534 0 339.627 711.953 270.563 178.944 243.619 85.4264 62.8795 74.3004 29.7138 101.72 72.2136 54.1119 1.03475 81.7519 28.2379 0.061555 69.7989 62.3074 0.784908 60.4283 3.40881 
281.683 162.171 163.999 282.083 55.5988 51.839 284.863 0 7.17632 144.002 134.097 11.8334 95.616 75.0575 183.198 113.401 32.9196 14.2557 104.124 1.21199 16.2626 0.0904928 10.9009 6.31733 104.141 62.3214 100.522 124.316 
139.348 415.998 473.271 152.991 165.242 466.404 25.7954 654.647 0 26.5681 999.805 1.67115 7.61835 9.85841 84.1363 42.358 75.9365 175.144 120.716 18.0154 91.2161 5.90649 48.3257 93.853 133.579 0.233222 0.52616 0.103681 
96.4356 241.575 15.8003 44.5447 148.425 373.057 232.328 2.72914 36.6887 0 595.791 231.12 249.355 11.5984 7.74083 48.7384 11.5607 16.4885 42.8311 52.4815 52.0558 55.8071 34.4403 31.5925 0.767568 76.3976 21.2302 31.736 
15.9405 96.0329 141.798 25.648 223.368 214.948 78.8343 277.499 563.114 5.37547 0 305.455 69.4408 213.164 372.548 224.886 7.36689 18.0565 43.4952 28.8485 146.759 31.7698 40.6676 126.13 118.719 126.695 74.331 79.7795 
0.0511748 223.156 8.28703 125.662 122.139 0.506595 26.3571 210.781 402.022 92.5261 12.4367 0 127.393 9.50081 29.5852 68.8933 27.4438 65.0837 8.8696 87.2086 168.116 42.0796 2.98111 6.26407 168.133 42.1723 116.972 11.4528 
89.8383 147.651 0.27593 7.30355 164.355 81.9979 215.966 47.6679 0.0453392 125.498 4.23367 12.1314 0 130.628 118.589 26.0617 19.5252 98.1095 35.3717 1.17415 74.2351 27.2553 42.6966 3.12404 12.1776 12.74 17.9025 9.81936 
32.3468 64.6408 15.4565 7.54755 69.907 7.25971 41.8666 15.768 1.74353 80.4411 108.486 166.455 0.123298 0 11.2703 4.51354 0.00379912 53.4193 11.7593 4.61461 30.2124 6.72883 7.51613 10.3383 0.00119127 12.8306 0.520612 0.671502 
27.9429 1.1218 23.2034 28.5179 32.1332 5.30474 102.822 12.9423 172.485 132.443 405.248 80.8544 101.187 40.7179 0 4.47035 0.739419 63.333 38.3627 1.15123 24.3868 11.3189 7.92874 24.0276 0.467568 11.8872 16.3287 22.3822 
59.7777 81.5873 5.85766 7.81266 50.2463 6.18621 63.4853 68.4669 97.3133 1.59805 224.128 30.9426 0.171429 3.58924 34.4849 0 17.7017 54.3858 2.67147 7.94674 48.7923 3.12721 9.829 20.7694 25.7948 31.5158 3.10531 20.8762 
58.3704 14.2801 55.2178 17.3412 147.38 24.2571 35.1236 42.3582 119.084 10.1882 38.5753 48.5791 1.17882 18.5211 30.1231 4.2831 0 50.86 482.552 21.2925 56.7614 5.76086 3.1331 16.1986 36.1382 19.1671 13.8949 10.5282 
232.872 443.493 147.11 17.2301 174.981 64.3351 97.7774 50.6434 78.4258 11.9794 73.5761 57.9293 9.848 30.9934 1.46283 7.66364 24.8229 0 147.863 45.0721 40.7001 1.10082 0.320859 34.5115 56.4877 0.487839 44.5232 1.11935 
2.83966 20.5816 57.6453 34.752 292.097 58.9783 10.3388 100.529 14.3117 106.693 81.9346 92.3145 83.3537 3.59129 5.26615 11.216 147.527 150.241 0 10.9878 0.733173 9.50403 2.48134 0.466287 13.7448 0.00206162 1.14659 15.225 
224.622 131.168 27.5251 3.41244 89.8768 20.2392 93.5438 116.141 100.241 14.0709 32.1925 94.2833 31.9111 2.78918 11.3578 9.43064 12.2367 36.9491 0.132145 0 155.743 1.56267 2.18654 1.66071 6.02904 8.67338 4.73343 0.705451 
24.8423 16.9153 31.5923 76.5339 57.079 43.4852 101.936 90.7969 92.6368 19.2968 8.18889 0.0525455 26.841 7.11002 8.02463 22.2481 68.3754 26.3484 49.8787 35.1078 0 32.6594 32.2555 37.8564 27.8944 60.0761 43.5113 47.8407 
20.8676 1.73551 2.39892 12.1464 22.4527 11.9458 30.0527 42.7883 4.62817 3.86731 76.8183 63.1816 84.2393 0.271136 6.77005 0.282227 21.0465 1.31161 7.94084 3.10774 15.8261 0 6.34798 0.000172572 14.9545 0.309362 7.9022 0.697775 
0.00455695 1.57301 9.6116 14.2642 0.114727 9.631 71.6803 2.86593 22.8974 59.0485 133.589 14.3788 33.489 6.64551 23.9178 7.67118 13.2981 12.7132 12.3351 1.92973 34.1175 6.45477 0 20.663 6.45288 1.53712 4.00708 4.90851 
55.4748 23.4325 12.7073 4.74441 50.5584 8.46812 20.6821 43.794 87.6803 56.668 11.582 59.979 0.141467 8.27792 27.2301 11.6588 17.6918 19.8535 0.265314 6.18184 47.9046 11.6109 1.35065 0 38.0196 0.255907 18.5713 12.0685 
17.5819 43.6537 15.8723 51.3393 14.6556 17.8458 46.4877 175.185 15.3235 1.7112 0.0461013 102.822 5.25064 0.219973 1.26303 52.3226 8.42891 54.0732 25.7973 9.36143 3.2211 16.1923 7.90909 24.5692 0 1.04276 138.633 21.8856 
37.8866 63.3408 24.1562 26.6753 2.13295 16.4965 53.6199 233.314 28.2872 30.3531 134.583 309.983 12.9341 2.23414 4.97553 28.9306 12.7736 0.302809 29.5885 0.689513 24.0966 3.75255 10.2798 1.75596 20.1211 0 2.57391 31.0818 
35.6307 5.45613 12.8999 11.1703 48.6121 1.91629 50.7372 71.345 79.6017 37.21 30.3425 35.1713 25.6586 3.55892 2.80149 2.1399 5.34963 38.9808 13.2596 0.831723 9.9423 8.08501 12.6051 19.2463 59.4355 17.2218 0 4.18361 
14.2405 0.601708 17.0142 3.15394 39.8588 3.99601 16.2848 91.7831 0.523341 27.8862 102.669 168.853 29.5498 3.84491 20.7539 17.3939 21.9751 0.176749 3.28098 4.62349 35.0442 10.3627 0.0190065 14.3593 15.3309 61.6812 24.2981 0 
