0 47.146 198.05 91.2538 0.51971 40.8968 167.098 295.273 101.244 50.5032 91.7577 201.205 0.380597 53.5541 70.9017 78.1913 105.508 91.0279 84.7439 216.25 221.575 0.34326 0.391989 50.6941 101.368 64.8412 45.2291 7.44518 
30.4214 0 100.947 172.464 215.005 45.2912 506.108 32.6179 358.648 241.124 222.976 100.453 145.596 0.24858 63.8137 26.6727 115.153 1116.53 155.666 101.774 35.446 50.6155 6.42798 8.28008 28.9462 14.0501 53.4382 41.7579 
39.4605 374.853 0 169.329 1.77338 52.2242 20.5249 161.723 473.295 81.3164 43.0784 57.2827 7.28302 16.6662 26.5853 17.4816 52.2924 35.4613 39.9971 0.147854 31.9201 3.26148 1.65603 1.69124 7.99223 27.4502 18.2147 9.22066 
57.1783 29.8084 78.2596 0 6.18455 82.9047 201.906 48.5757 86.8566 56.9986 77.8021 63.2228 10.8182 18.3688 31.214 6.1587 40.3172 67.6857 62.3653 19.5914 665.189 6.26315 0.377898 25.9077 29.9253 43.9681 11.57 24.3012 
101.243 1.08171 36.2489 160.692 0 392.678 408.962 7.19833 220.587 27.0768 52.9269 163.07 30.6996 18.1797 11.8975 29.7127 140.952 229.593 75.4266 56.3907 64.4199 36.3494 19.3564 1.72592 3.2854 60.465 47.2716 0.876076 
29.3735 146.187 8.71101 92.4212 3.12578 0 202.058 156.288 122.375 538.814 190.049 119.179 350.559 12.6072 27.2965 0.000126272 74.8359 123.275 54.8863 8.47466 10.6354 0.233953 2.8987 10.6903 48.1188 10.2727 5.18321 4.86719 
62.8074 513.252 236.076 18.162 204.547 572.395 0 37.0569 1305.32 258.836 9.45126 267.417 53.2159 88.5886 39.9069 31.5306 26.232 162.063 90.3921 65.7102 49.9278 53.6418 18.0929 71.524 75.827 87.9562 16.3715 73.5576 
35.8241 140.437 66.1025 14.1144 4.10214 104.426 8.85494 0 562.5 212.722 221.85 2.50005 9.97676 0.5027 60.6652 258.583 6.75209 74.9624 38.9873 104.539 0.705876 58.1632 0.0027589 80.1148 48.0759 123.489 98.0548 115.835 
153.769 270.006 365.804 320.499 184.783 31.2009 824.369 221.709 0 10.9321 700.197 206.509 182.807 100.743 196.607 54.7961 130.026 115.309 85.9599 1.12557 23.1977 11.8604 18.4779 2.23015 28.0311 138.552 0.312462 16.3706 
48.6883 241.644 55.7641 27.1096 332.532 416.307 244.042 56.0011 61.2685 0 540.22 208.093 317.1 44.1158 60.77 50.1437 62.4897 4.74656 51.8459 35.0479 13.2469 30.1295 0.338696 37.9681 70.3988 26.2437 9.72258 26.6779 
193.136 49.6962 222.951 203.559 11.5741 69.4587 65.9701 192.722 297.549 8.13156 0 112.65 4.63801 94.5962 89.9022 32.5497 0.961993 161.935 18.3917 4.2469 147.657 78.0841 13.8421 82.1494 18.4828 40.7747 1.74491 86.6562 
94.7849 122.034 185.618 1.78601 25.5047 48.7929 187.871 97.5008 199.38 129.781 28.0167 0 27.8085 132.505 273.592 87.397 83.3374 107.258 1.97064 10.1778 64.0097 68.9506 109.505 175.354 312.005 270.078 120.524 0.170645 
106.734 131.196 53.0655 2.28398 3.04702 29.9219 219.013 140.889 202.056 39.57 134.586 23.6535 0 0.192779 42.5044 83.4703 10.7374 38.5413 7.26736 17.1077 0.00272451 87.9763 70.72 63.5702 55.8773 48.3562 15.6446 38.6852 
50.4814 70.8434 9.36502 7.99858 69.9214 9.34859 13.3655 107.841 81.4397 54.1 0.0602272 11.1163 137.529 0 28.5332 1.36791 0.0970843 33.9475 27.4182 0.0233128 4.75441 4.01081 9.27828 8.38703 6.31334 2.20498 8.18345 6.58799 
15.77 33.3362 5.32142 28.2809 49.0774 9.99145 68.4528 57.2099 22.7269 91.7657 29.91 94.8857 80.0819 3.53801 0 77.1082 17.889 0.0775981 20.5032 0.0549962 7.95667 15.9635 10.9077 21.7306 22.9746 25.0919 16.6787 0.00266635 
48.4081 48.2382 13.4999 30.8844 38.1344 20.5047 65.4179 36.2593 110.363 1.25023 34.5276 141.133 68.636 17.0431 41.066 0 3.26046 26.5326 24.8016 3.54665 3.28966 0.194353 10.5942 8.3537 23.4641 26.9971 1.80122 8.77304 
95.6844 70.894 31.442 57.8709 57.3875 76.5609 106.154 12.4427 44.8988 60.6749 22.5739 11.3074 53.2516 17.6131 7.79421 0.920149 0 265.285 161.343 9.71206 7.82105 14.4859 10.1162 0.216617 53.3583 24.9934 21.7791 19.8635 
233.257 197.196 157.726 7.35327 86.3293 4.30686 136.482 123.577 25.3579 2.41961 80.9582 100.482 105.853 52.9043 66.8401 1.261 80.2989 0 122.79 76.9277 120.648 23.4624 22.1722 0.364905 31.6534 1.06464 21.8463 22.8763 
1.54625 25.0405 0.00647315 9.31476 80.1127 90.3634 139.634 110.046 154.912 112.522 0.923384 55.5977 80.8675 7.30086 33.5752 0.874283 122.219 101.402 0 15.8767 29.9213 7.52801 0.394259 0.14639 30.5599 30.2312 24.1356 25.5229 
8.02406 8.79978 6.96853 19.9425 35.0774 15.663 12.2211 1.98363 98.517 0.906218 86.0279 50.8382 39.1432 3.27892 11.3508 1.30291 23.847 71.045 32.697 0 326.873 4.92914 3.08942 4.30361 10.3478 0.86532 0.335455 6.23215 
4.17186 76.8318 43.8324 30.2893 31.5017 43.0645 31.0892 47.221 22.2695 43.8624 30.8305 100.56 65.359 44.2692 0.176449 2.71061 0.124083 113.653 2.30024 40.3496 0 1.85274 38.2775 39.2241 7.14937 3.62653 40.4234 2.59783 
14.7838 40.2438 11.5337 15.6407 56.4034 8.26553 54.8973 51.5312 13.7356 28.273 26.9946 76.6249 35.8223 10.6901 1.28351 0.75921 0.0452015 9.75901 6.07114 3.16859 7.23348 0 10.2981 4.71782 4.17713 10.7777 4.63842 5.07379 
20.7007 9.04958 0.761555 10.4211 1.08446 13.9325 58.7469 24.0204 3.06561 12.894 53.7334 122.475 77.9515 9.57426 24.9641 8.61783 1.12731 40.6656 21.2662 2.85951 37.1133 10.1965 0 14.4767 16.8056 9.87469 11.8203 3.22449 
0.717599 61.9203 11.8365 26.4622 56.4063 0.315163 14.3177 124.518 48.2019 0.645487 103.275 114.468 49.7243 10.3576 27.9765 23.744 15.0821 46.1803 2.42311 0.0621067 19.5346 3.43429 9.51561 0 37.3393 0.841448 1.0026 14.4619 
28.3532 96.3822 27.5892 46.6283 0.22143 29.6829 5.34012 193.592 155.282 71.1524 144.59 1112.4 29.5844 4.39814 25.0884 59.6105 29.8257 36.2512 5.06069 4.96182 1.58456 66.067 2.57789 21.3209 0 82.9916 179.768 58.5926 
3.78814 48.5387 11.5568 44.6489 61.3649 0.000584539 21.8509 5.25495 87.3248 76.3369 49.31 73.4793 35.1431 7.29647 29.7927 22.8257 20.1762 0.781929 2.71621 8.34623 40.3783 8.32808 0.773174 2.93421 3.34713 0 34.6559 6.50896 
29.9017 49.5761 18.1099 6.16357 47.2511 14.4726 37.9891 84.9921 79.6808 27.45 13.8597 13.3005 23.4479 10.9736 17.7154 1.06495 2.32532 3.99252 14.008 5.86486 4.56937 4.82032 0.027112 2.71679 9.0079 19.3297 0 90.2576 
47.9188 0.0553435 16.216 4.20433 10.5499 17.6211 68.1624 103.823 19.4495 30.5307 7.87019 145.08 11.2524 2.47846 6.19989 4.40762 7.59894 18.3794 0.49414 1.66861 17.6124 9.13998 0.162635 11.2813 6.68094 59.0967 33.9165 0 
