0 560.052 90.3824 102.528 223.256 154.379 249.646 13.8772 151.479 16.3696 173.199 61.0587 25.565 21.8962 70.9304 70.8247 93.0624 31.341 92.0059 48.4205 237.327 0.0801668 23.6063 10.0014 131.908 60.7583 0.354088 3.72747 
504.794 0 355.24 321.422 528.368 97.3365 513.506 245.768 135.182 238.899 3.06265 221.391 99.3392 6.79631 96.2797 6.69888 222.278 295.276 34.9121 50.6178 1.61561 1.02033 0.348499 57.0632 93.2554 82.7462 11.0167 36.1701 
211.055 120.712 0 0.589486 174.442 64.1345 249.273 47.8186 313.242 42.6963 77.8577 180.442 23.7404 12.3649 34.0259 23.7069 24.3727 63.3058 10.2641 15.98 38.1302 12.1268 2.07922 0.892883 0.0201123 2.77933 13.0515 21.6725 
137.226 347.088 49.6917 0 30.3537 106.964 5.09617 182.178 202.225 81.0011 195.077 254.895 3.62859 11.5486 26.6418 34.417 107.362 140.085 11.2835 4.92205 710.301 11.2675 15.8778 3.68202 106.381 32.5802 6.01551 32.1955 
48.9287 335.342 187.326 126.129 0 4.54181 392.236 54.2523 119.981 74.828 233.375 76.0752 178.07 16.6808 28.0631 16.5808 64.5786 23.7205 285.282 73.5546 94.3209 1.36457 13.4842 11.2458 7.56351 23.4614 45.5595 52.7155 
196.682 175.374 24.8701 73.2582 844.769 0 838.151 130.041 502.472 62.2157 77.6417 44.43 655.335 4.9943 38.4913 27.2243 91.2958 24.843 6.35673 24.1111 12.3696 20.2524 6.91026 0.00452369 99.351 27.7072 10.5747 0.743704 
262.709 506.421 2.43629 148.259 14.4018 110.868 0 359.725 428.826 325.369 141.418 233.564 95.6105 66.1651 81.0167 33.1915 103.231 81.9726 48.3196 1.78754 77.6215 26.8891 0.228068 70.37 64.816 1.48316 60.5154 4.18305 
271.454 176.582 183.658 208.031 63.0033 42.0435 310.181 0 0.0076467 134.786 154.851 70.1696 99.5638 79.7171 180.783 94.4429 34.9464 17.3851 102.261 2.13559 20.6152 0.208041 9.03978 8.87377 94.1502 76.1653 100.412 121.46 
190.334 480.105 467.342 243.242 186.543 544.666 8.20394 633.288 0 42.614 203.664 6.34555 10.9208 6.75433 122.222 48.447 142.01 181.476 116.328 15.6523 97.4196 5.16431 45.1923 92.3429 195.514 0.908667 0.829995 0.00308141 
90.9069 242.271 19.6248 48.6308 172.195 277.834 177.768 1.0399 21.8392 0 571.566 225.035 271.873 14.0762 11.641 52.5419 13.0458 19.5224 38.5813 51.7212 54.3177 56.6927 32.647 29.873 1.25495 76.4192 20.3375 33.0727 
19.8183 84.616 126.421 32.8105 231.092 198.428 51.7185 258.262 708.512 0.240022 0 344.943 80.5773 213.153 342.789 227.821 6.35249 21.1989 46.9133 26.854 145.638 30.0641 35.8129 124.469 123.019 119.991 75.6421 82.6508 
0.149375 223.472 12.5781 142.269 116.99 1.50044 18.9834 353.689 397.649 103.797 27.9581 0 123.449 6.01797 18.0878 124.164 28.9899 68.9441 10.1391 88.7419 167.556 40.4335 1.68921 3.10143 228.929 19.0839 115.511 15.9015 
91.891 146.689 0.606791 8.49614 167.835 85.463 212.968 43.8253 0.118438 99.4937 1.67875 9.70519 0 121.201 119.253 23.1286 18.3948 96.7751 33.2401 0.916492 74.8056 30.6103 46.7773 2.23818 11.145 13.8584 17.2947 10.5123 
31.1574 63.5006 15.7248 8.16512 70.1351 7.95929 38.4357 12.7455 0.753544 78.9016 122.069 166.584 1.69601 0 5.11139 3.32071 0.0181568 53.2764 12.2869 4.64629 29.4157 6.36645 8.31926 10.2099 0.00948565 12.9267 0.617084 0.544032 
29.7982 0.553974 21.8895 29.7198 29.3249 6.5632 108.72 8.57036 160.961 130.56 392.513 100.15 105.296 31.6313 0 12.5814 0.909882 64.172 38.2227 1.01367 25.6189 10.851 6.49735 22.8292 0.222806 13.2445 15.9833 22.0888 
61.9605 82.4736 5.09493 9.3273 52.0855 5.4277 67.1404 86.1504 90.8407 0.752279 227.421 73.2778 0.00392643 4.81344 48.6237 0 18.1062 55.2312 3.01789 7.77163 47.472 2.86414 9.27687 23.0401 27.3788 30.5914 2.75149 20.403 
118.726 80.0586 54.86 79.6245 144.763 89.1267 32.3488 44.4797 181.516 11.5991 36.6532 46.9297 1.53391 18.264 30.114 4.61005 0 67.4595 203.677 21.9951 55.7981 6.00708 2.94275 15.9484 99.498 18.7607 13.6366 10.8549 
229.529 465.97 141.662 21.4465 183.909 69.05 108.089 55.6974 86.2834 14.6338 68.7126 61.7281 8.48578 32.0417 1.04198 8.56835 14.5203 0 146.206 47.7486 43.6006 1.30488 0.206145 35.2695 56.9867 0.741425 44.636 0.884021 
4.07588 25.62 58.602 32.9251 282.801 62.8657 7.48989 102.489 11.4631 103.477 85.3591 93.4663 84.0022 3.24058 4.69166 10.644 157.788 150.413 0 11.7668 0.476574 9.124 2.72109 0.57813 13.228 0.0211511 1.01774 15.6187 
217.995 127.135 27.3309 4.70788 88.3445 20.7612 94.1581 116.839 101.691 12.8493 34.2692 93.3696 32.6406 2.70459 11.4427 9.35397 11.5408 39.6087 0.252311 0 198.485 1.63501 2.12063 1.5592 6.30836 8.91059 4.57295 0.804755 
17.7311 20.8525 26.7808 80.8392 60.5463 45.474 98.1082 98.4335 98.8387 21.122 6.48398 0.379823 25.5238 7.73499 8.90203 20.7743 68.2538 28.8967 48.5489 13.3523 0 32.7159 31.7157 38.6027 29.1953 60.6719 43.3215 47.3637 
20.2461 2.08112 2.23284 11.9011 23.546 12.4183 28.6965 44.0103 3.96805 3.1064 77.334 61.902 85.9268 0.398173 7.24505 0.197429 21.0965 1.10702 7.57763 3.0243 16.2369 0 5.61309 0.0144304 14.6387 0.247748 8.10214 0.777371 
0.0409676 1.20027 9.34317 14.6702 0.0327681 10.0436 71.2302 3.99279 20.3303 58.4191 133.671 11.4482 37.4684 7.56764 23.1144 7.02967 13.0566 12.0377 11.9561 1.86396 33.6309 5.71765 0 20.8741 7.42748 1.33349 4.3039 5.12301 
55.9814 22.0988 13.022 5.36118 51.2409 8.02658 19.0186 49.1141 89.5612 57.4632 8.94413 50.6095 0.425541 7.76992 27.7102 9.15623 17.9043 19.0251 0.191061 6.14153 47.9606 11.2167 0.357474 0 40.3612 0.127344 18.344 12.3354 
82.2931 109.004 16.7216 114.888 15.8854 81.9357 43.7718 180.626 80.8027 2.40389 0.469647 1000.75 6.0154 0.359725 0.836305 39.1734 71.7688 54.7263 26.1782 9.09668 3.83079 16.6826 6.60204 19.5549 0 25.0695 104.774 92.7375 
35.5349 61.2982 24.7544 28.4355 1.59517 15.6773 56.9284 234.341 23.938 27.9174 128.351 343.868 11.843 1.90676 6.0317 27.5112 12.3345 0.508593 29.3743 0.571026 25.5441 3.56833 10.208 1.3983 18.8473 0 1.79197 25.8546 
34.7859 4.90579 13.2525 11.7464 48.4392 2.13267 51.574 68.9131 79.4476 37.9465 32.2154 38.6961 25.0737 3.76568 2.50066 1.83984 5.57726 38.5429 12.9476 0.919598 9.38025 8.28337 12.4385 19.1876 60.061 15.5515 0 1.28718 
13.1296 0.89009 17.4644 3.70182 38.884 3.62195 17.7624 96.3184 0.209171 29.2342 100.935 171.866 28.7583 3.57605 21.1676 16.6912 22.1696 0.0909736 3.02471 4.82087 35.9078 10.4013 0.0420692 14.2873 15.9624 63.0919 32.4846 0 
