0 874.285 72.6276 396.991 235.198 412.529 240.389 23.0703 429.842 20.5733 177.841 70.7719 22.9276 20.5291 70.4075 68.8268 360.831 23.0862 95.3807 60.9609 231.73 0.0288902 22.5348 8.84884 394.939 63.0273 0.550178 4.50004 
831.758 0 418.594 610.731 511.42 375.935 488.227 232.622 378.376 234.624 6.74531 222.844 94.0825 8.13239 96.6609 5.20836 485.753 656.461 28.2848 58.5447 3.32189 0.745859 0.16388 57.8908 356.131 82.1305 10.1568 34.6053 
210.022 56.7209 0 26.6905 166.737 61.981 249.185 31.3869 245.622 48.6968 95.0324 184.199 21.4112 11.8102 34.0651 24.1149 26.3143 73.0596 12.1046 14.7046 32.2041 12.218 1.81868 0.685528 0.107979 3.47566 13.4566 21.8477 
439.932 587.849 172.898 0 37.7189 368.051 1.64748 645.209 437.432 76.8049 199.271 258.796 2.72351 10.7936 28.1006 36.1041 373.965 142.586 12.9589 6.67982 597.548 11.5612 15.4515 4.33298 369.841 34.3957 5.46613 31.8284 
62.5195 392.669 188.509 118.218 0 33.8181 413.832 62.7891 97.277 53.1675 224.64 82.3427 176.934 14.9101 31.2842 14.7226 57.8825 31.5149 271.61 70.4196 97.9158 1.78664 12.3316 10.203 8.66997 25.3138 46.0059 52.0467 
458.05 420.693 20.3432 337.235 619.941 0 918.288 143.257 721.109 216.015 58.4263 51.3204 637.297 5.72533 37.2696 27.0461 358.028 20.6096 9.02431 24.2357 14.1261 20.1108 6.4319 0.0353738 364.525 27.5517 10.9912 0.963604 
266.315 476.957 0.00945342 160.225 32.8508 2.96523 0 379.288 157.807 384.434 101.467 220.879 107.554 69.8542 88.6803 37.341 104.8 93.6143 41.8495 2.90842 72.8168 25.3384 0.551772 70.9158 67.6378 2.56138 60.5612 5.17182 
257.869 192.896 205.168 171.761 71.9173 31.7049 336.963 0 8.48163 123.916 179.389 191.244 104.035 84.9926 176.858 73.5027 37.3276 21.3513 99.965 3.52181 26.2196 0.404127 7.08355 12.3314 82.6243 93.0381 100.112 117.8 
441.052 741.033 442.367 539.017 211.027 809.357 140.744 593.361 0 65.1923 55.4486 15.4206 15.4358 3.89968 195.917 55.7592 409.998 188.314 111.033 13.0907 104.579 4.36259 41.593 90.4131 458.405 2.23775 1.26685 0.0640595 
84.4261 241.434 24.4526 53.3965 199.535 172.093 119.335 0.0815149 9.24275 0 526.123 216.889 294.28 17.179 17.0337 56.8865 14.8556 23.3019 33.8173 50.7648 56.9245 57.6235 30.5604 27.884 1.96487 76.2388 19.3101 34.6082 
24.7691 71.9024 108.514 41.969 239.06 177.805 26.8136 234.857 821.609 13.9256 0 387.947 94.0015 210.973 299.827 228.783 5.26562 25.1042 50.938 24.5946 144.093 28.1125 30.4439 122.119 127.617 111.844 77.0769 85.8548 
1.19918 223.046 18.5644 161.23 110.906 3.29973 11.8685 537.794 388.912 117.055 53.0689 0 118.685 2.94838 8.12279 200.228 30.8068 73.436 11.7023 90.3636 166.536 38.5227 0.644904 0.802401 291.653 3.39526 113.544 21.8575 
94.1497 145.206 1.14888 9.9736 171.284 79.3445 208.35 39.4957 0.977138 71.7055 0.167972 7.21481 0 109.056 119.263 19.8727 17.1117 95.1162 30.8033 0.657254 75.4088 34.6089 51.489 1.39174 9.99279 15.1918 16.5938 11.3351 
29.77 62.0833 15.9977 8.89359 70.2804 8.78611 34.5289 9.60765 0.26312 76.8104 137.468 165.699 5.73043 0 0.865458 2.12861 0.0481202 53.0586 12.9005 4.6794 28.4814 5.94166 9.0437 9.97673 0.0624907 13.0001 0.738388 0.412489 
31.9671 0.14346 20.3285 31.0512 26.1648 8.15336 115.127 4.59022 146.81 127.366 366.12 123.494 109.472 21.0941 0 25.9322 1.12855 65.0655 38.0139 0.864382 27.0534 10.3015 4.96202 21.2998 0.0510681 14.8377 15.5684 21.7055 
64.3802 83.322 4.26227 11.1987 54.1637 4.59711 71.2705 107.812 83.2097 0.164857 228.806 139.52 0.118521 6.37236 64.4319 0 18.5675 56.1528 3.44233 7.56108 45.8948 2.56956 8.59657 25.3314 29.1331 29.2489 2.36428 19.7988 
380.159 348.226 54.3223 343.34 141.236 355.809 29.2213 46.9483 445.173 13.3276 34.4515 45.0148 2.00177 17.9576 30.0808 5.00041 0 88.6049 90.9192 22.7973 54.6465 6.29604 2.72851 15.6533 364.369 18.2836 13.3359 11.2345 
224.417 475.087 134.536 26.7954 193.589 74.4565 120.113 61.7127 95.5382 17.9983 63.1533 66.1723 7.02504 33.245 0.642603 9.66827 5.90435 0 143.79 50.829 47.0144 1.56204 0.104808 36.1305 57.5143 1.10011 44.7444 0.645641 
5.77368 32.0096 59.5542 30.8035 268.347 67.1802 4.74078 104.622 8.53214 99.4744 89.2432 94.6993 84.6203 2.85414 4.0626 9.99068 171.427 150.086 0 12.686 0.247895 8.68829 3.01057 0.722227 12.6329 0.0682146 0.877758 16.0723 
206.566 121.78 26.9978 6.43495 86.3462 21.3281 94.6136 117.321 103.147 11.4845 36.7007 92.1407 33.4642 2.60618 11.5297 9.25316 10.7477 42.7075 0.439136 0 245.123 1.72009 2.04424 1.4444 6.63297 9.17822 4.38814 0.927237 
10.8984 25.8508 21.5842 95.3272 64.5795 47.7531 93.5681 107.311 105.989 23.3094 4.74859 1.13163 24.0202 8.48444 9.96402 19.1005 68.0556 31.9478 46.9863 0.90379 0 32.7687 31.0742 39.4395 30.704 61.2813 43.0767 46.7751 
19.5265 2.51866 2.04645 11.6125 24.8211 12.9592 27.1329 45.4065 3.26366 2.32453 77.8381 60.366 87.5582 0.574266 7.80081 0.117866 21.1457 0.891284 7.16327 2.92782 16.7127 0 4.7871 0.0752021 14.2864 0.184775 8.33146 0.874437 
0.128524 0.830448 9.02308 15.1261 3.36186e-06 10.5153 70.5818 5.51938 17.5039 57.5664 133.226 8.4363 42.1556 8.47333 21.9791 6.27658 12.7738 11.2704 11.5168 1.78805 33.0485 4.8878 0 20.2975 8.59956 1.11334 4.65448 5.37128 
56.4944 20.5769 13.3685 6.10985 51.9835 7.5184 17.1496 55.4389 91.5691 58.2738 6.28835 40.4155 0.943368 7.1387 28.0432 6.48225 18.143 18.0739 0.12018 6.08986 47.9807 10.7343 0.00445588 0 42.6587 0.0337561 18.0432 12.628 
348.839 376.201 17.693 379.862 17.3516 347.683 40.6371 185.807 348.464 3.34665 1.51008 751.957 6.95751 0.5631 0.449512 33.0579 336.649 55.4365 26.604 8.78569 4.5978 42.365 5.20546 14.5579 0 73.9037 4.0662 124.365 
32.8315 58.8561 25.3816 30.4227 1.06801 14.7212 60.7183 233.076 19.2721 25.153 120.66 374.252 10.624 1.55497 7.34822 25.6555 11.8278 0.812448 29.1034 0.447163 27.2365 3.35801 10.1046 1.03104 17.4034 0 1.05625 20.0148 
33.7933 4.30165 13.6539 12.418 48.2104 2.39589 52.5042 66.0327 79.1829 38.7743 34.4118 42.8855 24.3899 4.00863 2.17078 1.51795 5.84476 38.0197 12.5857 1.02631 8.74448 8.51064 12.2295 19.0786 60.3556 13.6522 0 0.00454458 
11.8848 1.2931 17.9668 4.38356 37.7378 3.20772 19.5269 101.38 0.0221577 30.7933 98.7286 174.419 27.8313 3.27188 21.6066 15.8446 22.3858 0.0268873 2.73942 5.05082 36.8905 10.4405 0.0800062 14.1811 16.6199 63.6586 42.5835 0 
