0 986.56 64.0866 508.763 240.595 503.208 235.137 28.4649 530.853 22.8279 179.971 75.7776 21.6484 19.8518 70.0976 67.7699 456.411 19.382 96.9962 62.9157 228.334 0.0128499 21.9997 8.29413 488.071 64.1212 0.664196 4.91141 
951.612 0 442.306 715.118 497.899 477.755 471.021 225.615 463.135 231.861 9.1095 223.254 91.4123 8.83939 96.7514 4.52899 578.927 136.652 25.1823 62.5763 4.39859 0.624501 0.0973115 58.2777 449.241 81.7585 9.73702 33.8206 
208.33 32.5986 0 52.8435 162.342 60.6801 247.536 24.3068 211.164 51.7379 103.856 185.626 20.2731 11.5256 34.0278 24.2868 27.2884 77.9927 13.0676 14.0634 29.365 12.2602 1.69387 0.591666 0.177961 3.84869 13.6564 21.9226 
554.802 668.212 260.041 0 41.6111 460.25 0.630447 845.631 517.48 74.6353 200.878 259.69 2.31778 10.4171 28.8104 36.8916 468.903 143.583 13.8285 7.64262 599.802 11.7065 15.2317 4.67439 463.189 35.2646 5.19886 31.622 
69.7495 418.949 188.408 114.09 0 61.7793 422.005 67.1993 86.4782 43.4661 219.9 85.4927 176.105 14.0521 32.9287 13.8249 54.5878 35.7605 263.379 68.8002 99.6695 2.01825 11.7692 9.69651 9.24721 26.2519 46.2188 51.6961 
550.156 505.336 18.1743 431.029 1000.98 0 812.563 149.66 787.427 298.723 49.5666 54.8636 201.351 6.10293 36.5968 26.9258 453.054 18.612 10.5128 24.2769 15.0384 20.0291 6.19501 0.0617255 458.74 27.4496 11.1989 1.08375 
267.358 457.87 0.403973 165.805 44.6423 23.7625 0 387.425 66.4059 411.067 83.3288 214.164 113.543 71.6449 92.4393 39.4567 105.51 99.5358 38.7256 3.56721 70.412 24.5685 0.765914 71.1416 69.0114 3.20717 60.562 5.70246 
250.44 200.84 215.234 169.831 76.4904 26.9893 349.128 0 19.3607 118.431 191.735 268.825 106.224 87.5703 174.455 63.6241 38.5302 23.4662 98.7644 4.33993 29.2373 0.526202 6.18844 14.2517 76.9278 101.702 99.892 115.835 
528.171 831.23 423.174 648.126 223.059 896.292 259.541 567.898 0 77.9035 224.807 21.3796 17.9604 2.7847 218.927 59.498 505.621 191.52 108.309 11.8838 108.138 3.98548 39.8105 89.3779 551.362 3.11928 1.51916 0.165912 
81.1668 240.357 27.0111 55.7821 212.909 127.271 93.1475 0.00672219 4.90495 0 497.31 212.4 303.759 18.8163 20.0563 59.0227 15.7952 25.2929 31.5083 50.2572 58.2206 58.0498 29.5163 26.8928 2.37749 76.0661 18.7996 35.3696 
27.4208 65.7911 99.6371 46.8608 242.627 167.052 17.2455 222.819 848.284 28.425 0 407.929 100.877 209.022 275.753 228.274 4.75816 27.1588 52.9726 23.4872 143.222 27.1474 27.8751 120.777 129.752 107.642 77.7597 87.4037 
2.0983 222.516 21.9432 170.479 107.824 4.45568 8.90981 630.262 383.115 123.721 68.2579 0 116.23 1.81366 4.57892 240.722 31.7247 75.6866 12.5204 91.1105 165.879 37.5667 0.307026 0.213036 304.854 0.320086 112.453 25.1383 
95.2297 144.318 1.48315 10.7496 172.767 71.8603 205.596 37.3848 1.71599 59.0501 0.00113628 6.10148 0 102.598 118.963 18.3088 16.4812 94.2422 29.5999 0.543526 75.6869 36.6442 53.8244 1.04216 9.43516 15.8728 16.2448 11.7541 
29.0731 61.3372 16.1185 9.26233 70.3051 9.20474 32.61 8.19161 0.283506 75.6462 144.936 164.842 8.60339 0 0.0635625 1.62004 0.0684546 52.9289 13.2079 4.69451 28.0098 5.728 9.30939 9.82727 0.106383 13.0214 0.802817 0.35331 
33.0575 0.0383187 19.536 31.6901 24.6265 8.99722 118.137 3.05199 139.491 125.376 348.734 135.363 111.308 16.1908 0 33.6826 1.24636 65.4802 37.8908 0.793839 27.7728 10.0242 4.25318 20.4857 0.0105614 15.6378 15.3553 21.4968 
65.5427 83.6735 3.86808 12.1759 55.1802 4.2025 73.2856 118.932 79.3627 0.0306145 228.51 177.502 0.299806 7.19418 71.4753 0 18.7952 56.5898 3.66367 7.45286 45.0883 2.42664 8.24282 26.3114 29.9712 28.4763 2.18013 19.4752 
472.538 444.143 54.0047 436.876 139.281 450.813 27.6957 48.1858 538.586 14.2284 33.3615 44.0562 2.25821 17.801 30.0551 5.20008 0 99.7823 322.93 23.1931 54.0567 6.44198 2.62393 15.5037 458.446 18.0426 13.1848 11.4247 
221.379 467.339 130.675 29.6425 198.133 77.126 126.122 64.7765 100.209 19.7924 60.4089 68.4086 6.34276 33.8417 0.478616 10.2384 3.00226 0 142.388 52.3568 48.7401 1.69897 0.0668318 36.5538 57.7577 1.30538 44.7896 0.54031 
6.72716 35.4097 59.9659 29.7431 259.76 69.2478 3.59428 105.63 7.21957 97.3695 91.1479 95.2743 84.8753 2.66903 3.76304 9.66798 179.014 149.711 0 13.1517 0.161264 8.47235 3.15998 0.800082 12.3369 0.101768 0.811503 16.2979 
199.471 118.847 26.7884 7.38366 85.2603 21.5956 94.7375 117.43 103.783 10.8235 37.925 91.4589 33.8671 2.55684 11.5686 9.198 10.3568 44.2599 0.551593 0 266.051 1.76314 2.00604 1.38815 6.79557 9.30897 4.29621 0.991441 
8.07603 28.5169 19.1537 101.723 66.5988 48.8807 91.2611 111.745 109.539 24.4309 3.9788 1.65657 23.2779 8.86915 10.5127 18.2784 67.9335 33.5106 46.1965 0.170338 0 32.7899 30.7472 39.8464 31.4582 61.553 42.9444 46.4665 
19.1669 2.75225 1.95571 11.4665 25.4617 13.2269 26.3548 46.0963 2.93604 1.97439 78.0523 59.5771 88.2398 0.673669 8.08033 0.0856725 21.1667 0.791994 6.95875 2.87968 16.9505 0 4.38735 0.123303 14.1159 0.156688 8.44518 0.924926 
0.19051 0.670648 8.85962 15.3479 0.00865175 10.7482 70.2072 6.36957 16.1538 57.0913 132.788 7.09062 44.5159 8.84385 21.3359 5.89911 12.6312 10.8931 11.2971 1.75023 32.7498 4.48562 0 19.6913 9.19915 1.00982 4.83223 5.49518 
56.7209 19.8261 13.5342 6.497 52.335 7.26602 16.24 58.6512 92.5016 58.6339 5.1271 35.6307 1.27747 6.80915 28.1181 5.26964 18.2594 17.602 0.0908478 6.06205 47.9727 10.4835 0.159541 0 43.6213 0.00941197 17.8782 12.7673 
443.796 471.448 18.1724 473.943 18.1006 442.208 39.0781 187.924 444.065 3.8734 2.24925 494.472 7.45055 0.681149 0.300227 34.6936 430.743 55.7727 26.8106 8.62855 5.00533 59.2827 4.56006 12.783 0 89.51 21.6827 93.4525 
31.4913 57.6074 25.6678 31.3907 0.843411 14.2414 62.59 231.462 17.0998 23.7983 116.649 385.278 10.0334 1.39075 8.03988 24.6536 11.5755 0.990566 28.9589 0.390694 28.0877 3.25416 10.0449 0.867004 16.6985 0 0.759039 17.2438 
33.2917 4.01324 13.8517 12.7552 48.0846 2.53245 52.9531 64.5702 79.016 39.1776 35.5192 45.0167 24.0457 4.13141 2.01353 1.36762 5.98002 37.7518 12.4046 1.08164 8.43298 8.6232 12.1187 19.0077 60.323 12.7226 0 0.218312 
11.28 1.52211 18.2099 4.74277 37.1581 3.00854 20.4292 103.823 2.96861e-05 31.5708 97.5479 175.31 27.3641 3.12296 21.8094 15.4097 22.4902 0.00904906 2.60148 5.16625 37.3742 10.4578 0.103469 14.119 16.9184 63.5054 47.7361 0 
