0 825.212 40.5676 383.579 254.236 306.644 217.133 47.5738 365.833 30.1524 185.557 91.2591 17.982 17.8504 68.9777 64.386 274.784 10.0931 101.529 53.475 215.907 0.0031929 20.4004 6.72208 298.82 67.2261 1.06943 6.24238 
816.185 0 473.468 550.755 439.447 317.507 403.973 203.139 255.628 221.203 18.2143 223.211 83.2755 11.1087 96.6209 2.76349 389.089 380.311 16.8087 74.7844 8.49929 0.324488 0.00109694 59.328 260.143 80.3904 8.52008 31.4634 
198.722 0.00136874 0 160.589 147.249 55.9639 236.359 8.20732 113.889 60.9203 130.684 188.049 16.9805 10.647 33.6893 24.6708 30.2102 92.8002 16.1113 12.1423 21.4352 12.3728 1.34241 0.350316 0.491008 5.06021 14.2433 22.0955 
434.255 435.979 319.769 0 53.9832 268.412 0.459574 601.637 293.743 67.8909 203.679 258.104 1.29228 9.29703 30.8476 39.0057 285.118 145.533 16.554 10.8298 466.615 12.1352 14.5477 5.75778 274.593 37.6935 4.42879 30.914 
92.8384 484.101 185.351 101.161 0 161.39 435.191 80.9009 56.9192 19.6572 204.34 94.9603 172.596 11.5962 37.9697 11.2668 44.9952 49.7578 233.868 63.7634 104.736 2.79397 10.1417 8.23956 11.0711 29.1046 46.8156 50.5812 
357.102 292.869 12.1796 244.516 730.229 0 707.877 167.73 506.047 650.867 26.6705 65.7913 369.476 7.27747 34.3508 26.4433 269.631 13.1413 15.5469 24.3153 17.9003 19.7411 5.49577 0.184196 272.766 27.0469 11.819 1.48396 
267.399 386.312 7.95165 180.627 88.9553 347.867 0 404.657 31.2285 474.374 38.1874 192.773 131.371 76.7639 103.291 45.9214 107.332 117.518 29.8756 5.92525 63.2187 22.2867 1.61509 71.6283 72.9638 5.55931 60.4757 7.4345 
225.966 223.508 241.811 150.79 90.5739 14.8877 379.806 0 76.6124 101.939 228.446 538.627 112.579 95.0021 165.594 37.2264 42.1768 30.3067 94.9623 7.27989 39.0837 0.987826 3.84784 20.7267 60.3434 128.021 98.9564 109.445 
321.687 625.942 343.884 503.635 257.622 662.299 730.47 473.807 0 120.613 909.164 44.5718 26.5429 0.746756 187.203 70.934 323.858 200.217 99.8794 8.57703 118.663 2.95111 34.5579 86.0051 361.17 6.60884 2.40996 0.755673 
71.3836 234.544 35.1752 62.8921 250.76 45.5546 31.6008 1.40019 0.0781266 0 392.701 197.43 324.291 24.027 30.2702 65.2286 18.7424 31.6398 24.9238 48.6215 62.0701 59.1671 26.3941 23.9458 3.84017 75.2218 17.2834 37.6222 
36.0279 48.6341 73.8905 62.5815 251.548 133.881 1.06007 185.987 859.054 99.2708 0 459.831 121.906 199.869 198.056 222.841 3.38364 33.7041 59.14 20.2657 140.227 24.3033 20.6958 116.116 135.448 94.6703 79.664 91.8163 
6.26748 219.666 33.487 196.695 98.4596 8.91717 2.53472 873.551 360.372 143.637 122.797 0 108.612 0.0530028 8.97833e-05 358.988 34.5119 82.4311 15.1139 93.0868 163.324 34.7043 0.037614 0.709229 276.29 10.6131 108.766 36.0738 
98.2606 141.084 2.73403 13.218 176.214 38.1528 195.652 31.2935 5.15224 27.4064 1.85726 3.30573 0 82.2964 116.858 13.9103 14.6381 91.4504 26.0624 0.266567 76.4265 42.8413 60.6739 0.294104 7.84081 17.9664 15.2048 13.0397 
26.976 58.9572 16.4163 10.3819 70.1872 10.4742 27.0311 4.5871 1.40533 71.7112 165.927 160.656 20.364 0 3.1449 0.490927 0.150808 52.4569 14.1315 4.73397 26.5807 5.0858 9.67363 9.25592 0.306807 13.0235 1.01088 0.202628 
36.3404 0.124843 17.1326 33.4875 20.2037 11.6988 126.289 0.305725 116.987 117.944 283.428 170.681 115.737 4.64245 0 58.0931 1.63307 66.592 37.448 0.599145 29.9339 9.18589 2.4062 17.8898 0.0712484 18.0271 14.695 20.8055 
68.8217 84.4322 2.78278 15.2433 58.127 3.10865 79.0881 152.449 67.8123 0.26862 223.7 298.533 1.33485 9.75078 86.4317 0 19.465 57.8025 4.36284 7.11728 42.605 2.01678 7.1429 28.469 32.2949 25.8013 1.66747 18.4247 
281.217 264.056 52.861 249.078 132.695 267.342 23.2886 51.9014 350.046 17.0672 30.1439 41.1821 3.11623 17.3183 29.9417 5.81639 0 134.809 402.345 24.3569 52.2344 6.88535 2.32063 15.0472 272.112 17.3108 12.7298 11.9962 
210.45 397.421 118.069 38.7882 210.44 84.9371 143.945 74.149 114.293 25.5932 52.3574 75.1486 4.49432 35.6081 0.130867 12.0255 0.1383 0 137.435 56.8687 53.9763 2.14255 0.003944 37.7925 58.4045 2.02361 44.8893 0.280137 
9.9903 46.3285 60.936 26.5776 229.354 75.0237 1.09442 108.412 3.91707 90.6865 96.691 96.8294 85.4212 2.14754 2.92683 8.71775 203.959 147.749 0 14.5693 0.0126224 7.83302 3.62615 1.05659 11.4564 0.242336 0.627881 16.9696 
173.545 109.143 25.995 10.5331 81.6751 22.3309 94.6922 117.227 105.312 8.93309 41.6197 89.1527 35.0376 2.40848 11.6665 9.01398 9.20985 48.9062 0.964116 0 313.845 1.89423 1.89162 1.2244 7.28338 9.68815 4.02265 1.19557 
2.10222 37.1259 12.6113 97.6191 72.6471 52.203 84.2222 124.929 120.028 27.8985 2.07031 3.81968 21.0925 10.0609 12.226 15.8797 67.4759 38.3335 43.799 19.88 0 32.833 29.7425 41.0186 33.7146 62.2341 42.508 45.4848 
18.0906 3.51122 1.69375 11.0224 27.3914 14.0159 24.042 48.1288 2.05342 1.09139 78.5419 57.1333 89.7317 1.01546 8.92201 0.0197397 21.2156 0.52875 6.35658 2.7357 17.6631 0 3.25661 0.337351 13.6284 0.0861683 8.78187 1.08397 
0.448947 0.292872 8.35719 15.9868 0.134637 11.433 68.8857 9.25533 12.3763 55.4781 130.621 3.72641 51.5905 9.5593 19.1459 4.77974 12.199 9.78807 10.639 1.63745 31.8257 3.34573 0 16.7667 11.0316 0.726903 5.37365 5.86507 
57.2783 17.6204 13.9993 7.70469 53.3087 6.51814 13.6203 68.4019 95.0021 59.5282 2.33532 22.7529 2.57428 5.78278 27.9736 2.28019 18.5962 16.2031 0.0273847 5.97086 47.8767 9.69849 1.89809 0 45.6849 0.0266343 17.3267 13.1562 
260.262 288.637 19.5787 287.436 20.4054 257.261 34.4572 192.299 262.796 5.6678 5.32375 227.997 9.01352 1.09887 0.0320248 55.1193 244.511 56.7037 27.404 8.15192 6.32098 85.9319 2.86272 11.9202 0 59.8251 147.017 7.62478 
27.5352 53.7664 26.4109 34.1667 0.327389 12.8019 68.0784 222.814 11.2781 19.8663 104.095 399.683 8.34278 0.94779 10.2267 21.4138 10.8229 1.62843 28.4898 0.243571 30.6543 2.94839 9.83474 0.456963 14.6751 0 0.158912 9.82799 
31.7682 3.20383 14.4322 13.7696 47.6621 2.96129 54.2326 60.1073 78.3783 40.3428 38.8694 51.5238 23.0049 4.50417 1.57378 0.960627 6.39161 36.9238 11.8611 1.25529 7.52477 8.95617 11.7622 18.7302 59.4834 10.0427 0 4.22787 
9.54104 2.31772 18.9048 5.88884 35.3967 2.44413 23.2078 110.755 0.219246 33.8884 93.7136 176.407 25.9498 2.69021 22.3487 14.0672 22.7883 0.0124226 2.20692 5.51379 38.793 10.5005 0.191656 13.8972 17.6949 61.3244 62.8516 0 
