0 30.7446 201.063 51.4873 1.19392 14.6009 172.92 292.256 78.147 52.7348 88.9338 203.69 0.52873 53.6332 71.0625 77.8159 76.5558 86.4603 86.1102 213.865 218.405 0.392975 0.324329 51.0638 73.3136 64.0623 44.9799 7.08198 
7.61647 0 126.792 132.661 237.246 21.452 513.76 36.5728 321.321 240.279 226.706 103.984 144.994 0.35098 65.0493 27.6642 89.7158 431.112 153.77 99.0755 37.6239 50.5 6.10859 8.68045 0.959523 14.7969 53.3208 41.2095 
44.7654 349.2 0 141.516 0.966907 50.7637 25.3869 153.234 471.418 83.3185 38.2 53.6643 7.84098 16.6375 26.0955 17.8334 52.6238 38.4731 39.1638 0.223708 34.0329 3.34088 1.7456 1.58554 8.3199 27.4904 18.1379 8.9969 
21.0539 4.26777 93.1549 0 4.98673 56.1491 200.919 834.271 67.9596 58.7282 73.6371 69.3242 10.2499 18.5902 30.7412 5.6097 13.0358 70.3037 62.2429 18.6279 22.4122 6.37382 0.433871 26.0124 1.85794 43.7645 11.3275 24.6337 
95.3595 0.00418439 32.5419 161.54 0 413.313 401.253 6.00306 229.239 32.808 56.8715 164.383 32.9088 17.5081 12.7468 28.9011 142.308 228.125 83.8118 57.6934 65.8886 36.7994 18.884 1.56335 3.02421 59.9601 47.3932 0.98855 
1.10266 111.088 7.57187 64.0091 724.324 0 754.999 151.784 114.767 184.551 197.416 121.521 286.663 12.3004 28.0164 0.00738323 46.479 122.938 56.5844 8.18777 11.2262 0.2789 2.76496 10.8732 20.5936 9.93676 5.0512 4.69526 
67.9999 519.28 231.99 15.3641 219.644 672.685 0 44.1895 1302.83 282.253 14.6531 270.063 56.9949 89.3927 42.4819 33.0057 27.3194 157.989 92.9618 64.4851 51.5987 53.2315 17.3851 71.6178 74.9489 87.0427 15.9412 73.5483 
40.4964 134.31 73.5487 2.99393 3.20745 109.423 12.6592 0 541.504 210.893 230.633 0.286629 9.11709 0.788059 56.9831 259.506 7.21158 77.2704 37.8316 103.484 1.13116 58.5294 0.0335819 82.4538 44.4858 117.098 98.3884 114.353 
120.743 253.761 386.073 285.13 175.811 8.59556 705.11 248.631 0 15.225 537.68 216.915 180.655 98.7146 177.34 52.1198 101.496 118.718 88.1197 1.42168 21.5033 12.2982 17.4699 1.87946 0.218045 139.306 0.406161 15.5489 
46.5049 242.069 57.9926 25.6139 331.913 379.062 220.667 52.5727 52.8241 0 521.163 204.5 321.493 45.5647 63.9449 51.7444 63.2599 5.4601 49.9717 34.461 12.6046 30.821 0.461287 38.666 70.6114 27.251 10.0297 26.1121 
193.616 53.7109 226.252 203.839 9.6638 76.6245 77.9114 183.742 357.858 16.192 0 127.161 3.36184 100.316 106.309 28.2619 0.803728 160.976 17.3499 4.64371 147.985 77.9337 15.2509 84.1204 16.919 38.0336 1.98336 85.5204 
98.6394 125.557 186.464 0.815797 23.924 51.331 182.385 140.798 188.969 134.619 20.7482 0 26.2884 135.287 272.765 65.9898 83.0254 108.742 1.72525 10.8779 61.962 68.5276 108.069 177.387 329.782 252.383 120.669 0.458823 
106.373 132.468 53.8821 2.57394 3.83986 33.9406 219.236 141.636 201.137 32.3767 129.447 25.1114 0 0.705584 40.0921 83.7158 11.1293 39.5266 6.76508 17.4542 0.000204396 87.463 69.2667 62.9852 55.9148 47.9893 15.393 38.441 
50.726 70.7034 9.58844 7.73846 70.0269 9.04313 12.3704 106.394 78.8575 52.7016 0.0217991 9.43311 140.678 0 32.4261 1.70632 0.11717 33.5143 27.3927 0.0285834 4.97461 4.16161 9.08522 8.58466 6.09437 2.06532 8.26636 6.70963 
16.4347 32.0971 4.90374 27.7586 47.8133 9.35038 71.2925 60.8957 26.1494 88.7853 40.6799 86.7454 77.6812 5.55723 0 72.669 17.6724 0.128653 20.863 0.0695146 8.32022 16.0787 10.2486 21.154 22.5257 24.6294 16.8146 0.0122527 
49.4528 47.1843 13.1131 30.1591 38.9658 20.8401 66.9499 30.7962 112.847 0.904397 30.1277 115.186 67.5655 17.4331 35.1438 0 3.38251 27.0916 24.9976 3.6377 3.0046 0.163344 10.3934 9.36627 22.7228 26.3241 1.6821 8.44277 
69.089 40.9248 30.7378 29.4106 59.8038 48.2413 105.679 13.044 16.2625 61.4655 21.8741 11.7785 53.6481 17.496 7.98786 0.853809 0 269.686 306.565 9.99077 8.16138 14.3778 10.2257 0.192253 25.4423 24.8881 21.8163 19.7548 
234.298 203.399 156.354 6.24884 82.0976 3.60749 132.153 125.747 27.5834 2.94082 83.0339 102.025 105.726 53.0019 66.6014 1.10644 88.183 0 124.602 77.6566 121.035 23.7195 21.8537 0.305938 31.171 1.20996 21.5786 22.52 
1.91842 22.8837 0.000913187 9.8703 88.652 90.1939 141.258 109.467 154.707 111.416 0.686564 56.5057 80.4386 7.4995 33.3307 0.959945 126.28 103.612 0 15.5259 30.511 7.37683 0.353956 0.122299 30.5126 30.1736 24.161 25.595 
5.86806 10.2831 6.56724 18.9762 36.365 15.3725 13.1197 2.43309 97.7787 0.760722 86.1544 51.9603 38.9351 3.31232 11.3121 1.36789 23.5642 71.9208 32.4763 0 330.57 4.89948 3.06528 4.34944 10.45 0.924126 0.312349 6.14791 
2.90426 79.5129 46.1376 22.4439 32.7621 43.9051 32.54 49.9534 20.6056 42.9153 29.495 102.63 65.788 44.176 0.238772 2.98238 0.0830882 114.346 2.09547 52.8824 0 1.93338 38.3936 38.9204 7.50721 3.3415 40.2599 2.77366 
14.5321 39.9208 11.4826 15.5812 56.4959 8.06729 54.5107 51.0731 14.1986 27.584 27.6947 76.5925 34.3461 10.6443 1.17921 0.822753 0.035157 9.97784 5.93012 3.20376 7.09058 0 10.5926 4.91781 4.35722 10.7832 4.72203 5.13948 
21.088 8.67958 0.700287 10.2256 0.951675 14.0588 59.3855 25.1502 2.63012 12.278 51.5225 121.678 76.7157 9.46548 24.7985 8.3617 1.17949 40.4745 21.1785 2.83385 37.2601 10.4927 0 15.4735 17.203 9.92793 11.7299 3.30889 
0.597365 61.8931 11.9841 26.5128 56.4227 0.365943 13.6972 125.927 46.9651 0.5052 101.608 118.664 48.83 10.3842 28.0614 22.8537 14.9699 46.3271 2.3266 0.0721473 19.1515 3.25498 8.41989 0 38.2227 0.732245 0.899381 14.4655 
0.657753 69.1243 27.6992 18.1847 0.156305 2.02067 5.8879 193.602 127.152 71.2766 144.066 670.829 29.0496 4.19989 24.681 57.5985 2.09861 35.7785 5.2241 4.84863 1.41413 56.4562 2.43081 24.8499 0 100.168 186.676 35.0779 
4.22234 49.5118 11.1633 44.5952 61.8408 0.0081711 20.7015 7.31427 89.6247 76.3962 46.3912 88.4165 35.6712 7.48345 29.5625 22.0248 20.0124 0.907445 2.85021 8.24211 39.7779 8.39653 0.83968 2.74056 3.79038 0 35.048 5.2286 
30.2794 49.3449 18.0301 6.36982 47.125 14.3352 37.5177 84.1776 79.6505 27.0748 13.2625 14.3257 23.195 11.0048 17.5979 0.971972 2.25769 3.84143 14.1381 5.93309 4.39654 4.90459 0.040586 2.55303 9.962 20.0396 0 88.8513 
47.4552 0.0937816 16.013 3.95524 10.8967 17.4414 67.7715 105.561 18.5691 29.9639 7.17816 147.72 11.5559 2.57838 5.9494 4.14173 7.47085 18.0362 0.540204 1.60957 17.2388 9.09499 0.140729 11.1522 6.14326 57.8885 30.35 0 
