0 653.74 31.8225 243.607 258.786 134.361 208.587 56.8831 207.037 33.4942 187.548 97.9836 16.5092 17.0173 68.418 62.8605 108.891 7.0229 103.3 47.5424 209.691 0.0165292 19.7258 6.09852 129.578 68.4572 1.26977 6.84963 
656.404 0 467.108 387.657 407.818 161.6 369.957 193.062 81.9581 215.668 22.9489 222.617 79.7844 12.1351 96.3837 2.14149 219.282 205.015 13.7125 79.9515 10.6223 0.226454 0.00725682 59.7224 91.065 79.698 8.0238 30.4641 
192.708 5.72848 0 207.396 140.1 53.6331 228.952 3.89043 78.6641 64.8004 141.992 188.222 15.645 10.2652 33.4443 24.7729 31.4436 98.9988 17.4649 11.3349 18.372 12.4142 1.20419 0.266519 0.669912 5.61283 14.4862 22.1452 
294.022 247.207 287.953 0 59.4857 98.194 1.69288 880.812 112.556 64.9448 203.937 255.511 0.945591 8.8279 31.6649 39.7812 118.211 145.881 17.7582 12.3012 155.361 12.3137 14.2471 6.24212 105.635 38.6346 4.11718 30.5745 
103.124 504.143 182.83 95.4953 0 195.437 435.463 86.8863 45.8894 12.2151 197.197 98.9655 170.656 10.6115 40.1466 10.2466 41.0876 56.2065 219.519 61.5576 106.789 3.15911 9.47985 7.65115 11.8847 30.329 47.0495 50.0806 
185.944 115.09 9.91713 76.7737 825.609 0 748.158 174.765 295.439 268.876 18.8663 70.5234 679.768 7.79182 33.3037 26.1846 102.919 11.0743 17.9171 24.293 19.1671 19.5998 5.20531 0.255659 104.924 26.8332 12.0802 1.67134 
266.018 350.991 13.9313 185.933 111.159 546.083 0 408.541 127.39 492.111 23.884 183.241 138.786 78.8069 107.649 48.699 107.963 125.17 26.3863 7.09299 60.1899 21.3337 2.06767 71.7477 74.5566 6.73951 60.399 8.23071 
214.75 232.48 251.14 115.494 96.6719 10.7579 389.874 0 110.8 94.9884 243.615 655.748 115.169 97.9962 161.133 27.8058 43.7381 33.4196 93.2638 8.73995 43.592 1.22656 3.01593 23.7738 53.6313 139.097 98.4358 106.528 
145.59 446.811 303.11 351.353 271.326 463.765 933.434 427.915 0 140.317 673.206 56.6302 30.6134 0.490886 162.471 75.8372 157.791 203.464 96.2063 7.32289 123.035 2.55718 32.383 84.4595 191.347 8.46037 2.84773 1.13373 
67.2569 230.941 38.8233 65.8648 265.373 37.983 14.7591 2.71881 1.79212 0 343.019 190.468 329.122 26.3544 35.0528 67.7463 20.0471 34.4881 22.3043 47.8789 63.6812 59.5662 25.0805 22.7121 4.56 74.7176 16.6484 38.5607 
39.9537 41.9648 63.5979 69.642 254.49 119.747 0.0932478 170.292 861.976 139.72 0 477.519 130.905 194.569 164.678 218.816 2.86861 36.642 61.775 18.9487 138.788 23.1229 17.9139 113.865 137.525 89.0594 80.4045 93.5741 
8.68811 217.896 38.9596 206.895 94.4526 11.2441 0.994613 948.682 348.485 151.956 149.273 0 105.28 0.0597567 0.852852 402.625 35.7071 85.2799 16.2748 93.8021 161.982 33.4951 0.261355 1.94217 263.005 23.5386 107.022 41.1557 
99.4478 139.46 3.37483 14.3252 177.213 23.4468 190.718 28.829 7.15126 17.3085 3.70311 2.37149 0 73.5137 115.429 12.1906 13.8796 90.192 24.5996 0.178404 76.6967 45.4909 63.4795 0.114696 7.20183 18.8751 14.7674 13.5972 
26.0856 57.887 16.5128 10.861 70.0503 11.0158 24.7602 3.36055 2.3573 69.8553 174.008 158.169 26.6301 0 6.7838 0.205714 0.195381 52.2196 14.523 4.74802 25.9688 4.81437 9.6233 8.96195 0.422549 12.9963 1.10567 0.151075 
37.7334 0.343472 16.1096 34.1912 18.4236 12.9112 129.311 0.00198168 107.369 114.178 251.51 185.112 117.103 1.71743 0 67.6641 1.81197 67.0026 37.2273 0.524376 30.85 8.82867 1.76469 16.7369 0.179366 19.0255 14.4059 20.4838 
70.1115 84.6185 2.36956 16.5932 59.3266 2.68803 81.4233 166.344 62.9551 0.659035 219.928 347.874 1.99318 10.8444 89.1888 0 19.7429 58.2712 4.67483 6.97037 41.5258 1.85203 6.66516 28.9931 33.182 24.527 1.46872 17.9458 
111.188 99.0456 52.2916 80.5594 129.596 100.616 21.5029 53.4756 181.045 18.3297 28.8051 39.9657 3.51976 17.1079 29.8773 6.08533 0 149.962 55.8643 24.8388 51.4386 7.0758 2.1968 14.8502 104.141 16.9968 12.536 12.2389 
205.043 358.574 112.332 42.9067 215.008 88.137 151.34 78.1876 120.258 28.2314 49.0375 78.0129 3.80202 36.3453 0.0490768 12.8165 1.5999 0 135.011 58.7412 56.2174 2.34541 0.000411058 38.3033 58.6406 2.37405 44.9152 0.195223 
11.5506 51.2432 61.2253 25.2476 214.715 77.2544 0.467795 109.48 2.81148 87.7035 98.9556 97.4106 85.5528 1.94195 2.60123 8.32356 214.749 146.544 0 15.1785 0.000108422 7.56594 3.83181 1.17566 11.0868 0.319956 0.556905 17.2518 
160.857 104.668 25.5863 11.9911 80.0143 22.611 94.4841 116.901 105.786 8.17558 43.1928 88.0599 35.516 2.3455 11.6994 8.92774 8.73598 50.863 1.17271 0 325.65 1.95067 1.84321 1.15728 7.48993 9.84263 3.90774 1.28728 
0.731367 41.0313 10.2035 82.9809 75.1987 53.5803 81.1945 130.432 124.38 29.4122 1.44489 4.99985 20.1859 10.5826 12.9816 14.8956 67.2407 40.4341 42.7708 37.4439 0 32.8419 29.3062 41.4931 34.6668 62.4615 42.3054 45.0438 
17.6356 3.85897 1.58744 10.8315 28.2123 14.3434 23.0726 48.9727 1.72516 0.793954 78.6797 56.064 90.1091 1.17936 9.27914 0.00575026 21.2299 0.432908 6.10659 2.67491 17.9649 0 2.81381 0.459184 13.4327 0.0625252 8.92257 1.15482 
0.591214 0.179011 8.13921 16.2451 0.233303 11.7162 68.2377 10.6254 10.9048 54.7115 129.324 2.61444 54.5582 9.66581 18.1171 4.31727 12.0138 9.33216 10.3606 1.58999 31.4214 2.89823 0 15.1248 11.816 0.619874 5.60642 6.02083 
57.4588 16.708 14.1815 8.23564 53.6842 6.20604 12.5622 72.5557 95.9233 59.8218 1.47306 18.0424 3.25474 5.33767 27.7461 1.35647 18.7333 15.6182 0.0116151 5.92871 47.8034 9.35263 3.15247 0 46.1637 0.0747795 17.0682 13.3074 
93.5477 122.163 20.1579 119.309 21.4071 89.8937 32.5303 193.234 97.1834 6.52294 7.0064 239.161 9.71285 1.3039 0.000488528 66.8472 76.6067 57.0629 27.6435 7.94772 6.92003 77.4305 2.26073 13.9232 0 29.2205 86.1693 45.7206 
25.8938 52.1001 26.672 35.2769 0.18062 12.1939 70.336 217.5 9.14305 18.2674 98.5897 396.974 7.6643 0.783525 11.1957 19.9603 10.5062 1.94533 28.2751 0.191406 31.7458 2.82151 9.73184 0.321329 13.8667 0 0.0389153 7.19555 
31.1145 2.88624 14.6721 14.2004 47.4626 3.15162 54.744 58.187 78.0463 40.8161 40.2999 54.3214 22.5603 4.66401 1.40218 0.808514 6.56874 36.5618 11.6307 1.33237 7.15187 9.0951 11.6004 18.5837 58.7882 8.96654 0 7.37435 
8.83906 2.70369 19.183 6.4044 34.6405 2.22031 24.4159 113.495 0.441289 34.862 91.9616 176.155 25.3453 2.51354 22.5452 13.4842 22.9078 0.0396324 2.04848 5.66158 39.3792 10.5144 0.237049 13.7873 17.9723 59.6516 68.8126 0 
