0 563.46 22.9267 199.72 263.026 53.444 198.255 68.2932 141.495 37.4674 189.538 105.738 14.89 16.0786 67.7181 61.0576 35.2758 4.17779 105.208 44.7935 201.964 0.0444791 18.9588 5.41884 52.0615 69.797 1.51914 7.57362 
579.371 0 445.813 313.751 367.909 99.8182 328.33 181.248 1.91711 208.662 28.9588 221.519 75.7805 13.352 95.9808 1.52544 140.895 302.995 10.5306 85.7961 13.3179 0.13587 0.0485682 60.1349 13.8069 78.8274 7.47184 29.3244 
184.548 26.3423 0 251.847 131.487 50.7635 218.719 0.894444 45.1122 69.1906 154.676 187.792 14.1683 9.82354 33.0919 24.8446 32.8446 105.954 19.0516 10.4231 15.1148 12.4568 1.05451 0.184561 0.907381 6.27017 14.7591 22.1847 
248.205 147.106 299.238 0 65.9096 19.6673 4.04076 411.841 23.7059 61.5327 203.548 251.183 0.614862 8.29758 32.5608 40.5728 43.3659 145.926 19.165 14.0563 105.051 12.5149 13.8967 6.81201 28.4468 39.639 3.77262 30.1589 
115.119 520.642 179.09 88.9386 0 222.404 431.859 93.8162 34.5475 5.8103 188.692 103.521 168.119 9.53066 42.654 9.13114 36.7633 63.9005 202.104 58.996 109.059 3.6021 8.74543 7.00141 12.8421 31.7358 47.3024 49.4889 
106.036 28.9856 7.57183 1.21169 697.017 0 859.9 182.257 171.504 334.657 11.5015 75.9701 448.152 8.38906 32.046 25.8506 28.3276 8.90919 20.7781 24.2394 20.6497 19.4248 4.87862 0.351429 29.0084 26.5584 12.377 1.89805 
263.434 308.371 22.6517 191.204 138.437 754.812 0 410.394 303.694 504.798 11.481 172.099 147.085 81.0373 112.413 51.8843 108.578 133.872 22.6141 8.54479 56.7547 20.2569 2.65092 71.8202 76.3107 8.21612 60.2822 9.18363 
201.454 242.172 260.172 62.2473 103.694 6.8232 399.029 0 155.777 87.1286 260.461 780.117 118.043 101.285 155.569 18.5526 45.5297 37.1197 91.2647 10.5577 48.9624 1.53034 2.18591 27.4562 46.2691 151.505 97.752 103.058 
60.6398 355.937 253.802 291.306 286.09 346.954 1128.46 372.926 0 163.577 116.721 71.8572 35.5541 0.650372 163.655 81.4419 83.8932 206.833 91.9542 6.00279 127.945 2.14032 29.9452 82.6146 113.038 10.8364 3.39084 1.6581 
62.5795 226.033 43.0956 69.213 280.718 48.2513 3.16091 4.74829 6.47299 0 284.918 182.126 331.66 29.0839 40.7868 70.5223 21.5746 37.8456 19.4515 46.9962 65.5029 59.9664 23.5914 21.3187 5.45264 74.0369 15.9295 39.6187 
44.6214 34.8407 52.4617 77.9244 257.213 103.827 3.34681 152.508 872.068 191.515 0 494.118 141.164 187.562 127.893 213.025 2.33067 40.1076 64.792 17.4831 137.023 21.795 14.9451 111.105 139.638 82.6148 81.2002 95.4936 
11.9154 215.473 45.5794 217.71 89.8623 14.2053 0.0999009 1006.19 333.435 161.295 181.326 0 101.409 0.618553 3.85859 444.12 37.0808 88.5193 17.6435 94.5275 160.264 32.1193 0.762708 4.08454 270.375 44.0021 104.906 47.2424 
100.729 137.427 4.18508 15.6312 178.008 10.3871 184.603 26.1074 9.81951 8.48623 6.56978 1.49105 0 63.5551 113.42 10.3424 13.0308 88.7022 22.959 0.099182 76.9734 48.5172 66.5898 0.0111716 6.50006 19.9267 14.2706 14.2422 
25.0692 56.6226 16.6007 11.4101 69.8308 11.6346 22.2467 2.18676 3.7864 67.6106 182.51 154.833 34.583 0 12.3582 0.0287046 0.253303 51.9217 14.9697 4.7621 25.2664 4.50616 9.41695 8.59224 0.576739 12.9449 1.2186 0.101313 
39.322 0.725283 14.9446 34.9494 16.4666 14.3361 132.417 0.287896 96.4641 109.474 213.514 200.874 118.276 0.10693 0 77.0524 2.02702 67.4264 36.9515 0.44476 31.8948 8.42031 1.14568 15.3968 0.36247 20.1473 14.0699 20.0965 
71.507 84.732 1.93405 18.1611 60.657 2.24101 83.9873 181.676 57.4728 1.31401 214.413 398.793 2.90194 12.075 89.3789 0 20.0555 58.7725 5.04212 6.79945 40.2763 1.67083 6.11626 29.2878 34.1146 22.9881 1.25583 17.3767 
32.8401 26.5952 51.5816 3.9453 125.849 26.0136 19.5294 55.2704 103.756 19.812 27.2968 38.5792 4.00909 16.8636 29.7917 6.39777 0 167.186 392.804 25.38 50.5139 7.29501 2.05894 14.6228 28.0974 16.6356 12.3139 12.5162 
198.35 319.782 105.554 47.7585 219.716 91.6924 159.612 82.8346 127.036 31.3654 45.3248 81.2827 3.07925 37.1778 0.00374333 13.7431 5.20317 0 132.017 60.844 58.7879 2.58781 0.0132653 38.8756 58.8823 2.80727 44.9329 0.116852 
13.4557 57.0304 61.4653 23.7416 197.04 79.625 0.0725585 110.614 1.76868 84.2022 101.473 98.0163 85.6299 1.71879 2.25104 7.88008 226.365 144.901 0 15.879 0.0227165 7.26404 4.07237 1.31912 10.6677 0.421689 0.480886 17.572 
145.495 99.3349 25.0688 13.733 78.0213 22.9068 94.1092 116.356 106.199 7.34434 44.9902 86.7308 36.0486 2.27357 11.7308 8.82335 8.20462 53.0817 1.43517 0 332.07 2.01574 1.78804 1.0824 7.72533 10.0143 3.77735 1.39568 
0.0302955 45.6604 7.73989 60.073 78.0983 55.1269 77.7153 136.624 129.262 31.1702 0.866451 6.53603 19.1656 11.1901 13.8646 13.798 66.9422 42.8696 41.5895 63.1727 0 32.8452 28.8006 42.0178 35.7498 62.6759 42.061 44.5225 
17.1173 4.27485 1.46955 10.6116 29.1504 14.7117 21.9754 49.9225 1.38418 0.511279 78.786 54.82 90.3512 1.37973 9.68619 3.56473e-06 21.2415 0.334966 5.8251 2.60565 18.309 0 2.33909 0.620508 13.2175 0.0401185 9.08163 1.23818 
0.777382 0.0829577 7.88714 16.5303 0.378878 12.0337 67.4352 12.2924 9.32457 53.7782 127.573 1.58029 57.9016 9.63715 16.8845 3.80286 11.801 8.82105 10.0433 1.53606 30.9509 2.41759 0 13.0551 12.7108 0.507379 5.87414 6.1977 
57.6239 15.6846 14.3781 8.85417 54.0853 5.85387 11.3947 77.2883 96.8713 60.0939 0.727861 13.2648 4.12483 4.82797 27.3673 0.583515 18.8856 14.9567 0.00174687 5.87809 47.696 8.9498 4.88975 0 46.4096 0.159379 16.7557 13.4697 
18.9867 47.8274 20.8052 43.0256 22.5674 14.5507 30.3599 193.62 23.978 7.56579 9.19559 998.755 10.5372 1.55771 0.0247016 78.4337 0.656066 57.4465 27.9079 7.71321 7.63329 56.0078 1.66569 17.9697 0 7.69407 12.699 107.263 
24.0504 50.1746 26.9297 36.4888 0.0658455 11.5032 72.8552 210.309 6.96054 16.4973 92.2116 387.497 6.91868 0.613829 12.3255 18.2635 10.1465 2.34076 28.0185 0.139375 32.9928 2.67871 9.60454 0.195038 12.986 0 0.00109665 4.63649 
30.3628 2.54258 14.9412 14.6922 47.2199 3.37497 55.3047 55.9778 77.6226 41.341 41.9386 57.5344 22.0503 4.84769 1.21736 0.65006 6.77288 36.1406 11.3677 1.42287 6.7352 9.25205 11.4082 18.3957 57.7484 7.78941 0 11.9193 
8.06441 3.1794 19.4883 7.01347 33.7708 1.97632 25.815 116.465 0.788699 35.9657 89.8738 175.343 24.6518 2.31708 22.7454 12.8111 23.0392 0.0895108 1.87406 5.83055 40.0366 10.5273 0.294674 13.6505 18.2539 57.2366 75.0747 0 
