0 573.731 25.5726 194.389 261.813 59.6327 201.544 64.644 142.889 36.209 188.949 103.309 15.3885 16.3704 67.9437 61.6274 39.1852 4.98982 104.625 44.9494 204.447 0.03429 19.198 5.6274 57.198 69.3862 1.43886 7.34402 
585.545 0 454.013 318.154 380.752 99.9927 341.589 184.97 7.54837 210.926 27.0137 221.91 77.0328 12.9669 96.1217 1.70702 146.329 144.832 11.4831 83.9788 12.4453 0.161713 0.0317331 60.0104 18.8544 79.1085 7.64258 29.6802 
187.239 18.3476 0 239.392 134.224 51.6821 222.109 1.60555 54.7391 67.8253 150.748 187.998 14.6239 9.96211 33.2102 24.8273 32.4081 103.798 18.5516 10.7065 16.1037 12.444 1.10032 0.208583 0.829421 6.06198 14.6744 22.1743 
243.661 159.299 288.676 0 63.8894 25.1063 3.20071 730.021 32.1045 62.6031 203.748 252.689 0.710663 8.46255 32.2854 40.3366 47.6672 145.953 18.7219 13.5001 458.928 12.4523 14.007 6.63207 33.4799 39.3336 3.87896 30.2919 
111.349 516.249 180.355 90.994 0 215.298 433.431 91.6415 37.94 7.56547 191.386 102.101 168.948 9.8632 41.8689 9.47389 38.0975 61.4607 207.647 59.8008 108.359 3.46075 8.97231 7.20182 12.5398 31.2953 47.225 49.6759 
111.941 36.6632 8.27573 5.71 669.27 0 348.598 179.982 190.935 693.125 13.6188 74.2651 141.176 8.20144 32.4456 25.9593 32.5465 9.56263 19.8677 24.2594 20.1825 19.481 4.98005 0.319894 33.6443 26.6478 12.2844 1.82578 
264.356 321.882 19.7185 189.651 129.726 694.481 0 410.113 242.205 501.731 14.8903 175.605 144.515 80.3527 110.951 50.8883 108.398 131.16 23.7672 8.07796 57.8246 20.5919 2.46114 71.8049 75.7704 7.74031 60.322 8.88102 
205.658 239.211 257.545 79.2087 101.495 7.96098 396.445 0 141.114 89.5727 255.262 742.839 117.155 100.273 157.359 21.2625 44.9693 35.9477 91.8958 9.97287 47.26 1.43187 2.43136 26.2836 48.5314 147.664 97.9758 104.157 
68.0506 365.473 269.399 291.218 281.588 364.946 1073.36 390.315 0 156.243 921.891 66.9422 33.9775 0.548588 158.985 79.6923 87.9003 205.82 93.288 6.40222 126.422 2.26672 30.7012 83.1999 118.437 10.0646 3.21626 1.48371 
64.0356 227.655 41.75 68.1731 276.09 43.0094 5.88226 4.0547 4.70164 0 303.106 184.774 331.213 28.2236 38.9668 69.6671 21.0931 36.7851 20.3261 47.2758 64.936 59.8478 24.0552 21.7521 5.16581 74.2615 16.1533 39.2898 
43.1426 37.0071 55.8621 75.3142 256.436 108.763 1.83268 158.04 868.667 174.795 0 489.362 137.965 189.856 139.16 214.968 2.49296 39.0124 63.8489 17.9364 137.588 22.2074 15.8478 111.988 139.008 84.6302 80.9574 94.9043 
10.8548 216.275 43.4716 214.434 91.2964 13.2463 0.279906 991.731 338.296 158.399 171.134 0 102.625 0.380987 2.68863 432.256 36.6508 87.5091 17.2111 94.3114 160.821 32.5484 0.577967 3.33207 265.049 36.9912 105.581 45.3106 
100.337 138.082 3.92309 15.2186 177.799 13.8803 186.566 26.9468 8.94233 10.9212 5.58807 1.74462 0 66.6489 114.091 10.9061 13.2939 89.1735 23.468 0.121467 76.8906 47.5725 65.6297 0.0318749 6.71603 19.5967 14.4255 14.0398 
25.3866 57.0223 16.5758 11.2384 69.9066 11.4414 23.0224 2.52718 3.3012 68.3256 179.943 155.931 32.0142 0 10.4722 0.0667418 0.234403 52.0179 14.8302 4.75793 25.4862 4.60221 9.4982 8.71145 0.526062 12.9633 1.18278 0.115816 
38.8262 0.590934 15.3078 34.7179 17.0689 13.8867 131.487 0.126066 99.8543 110.988 225.488 196.046 117.954 0.404018 0 74.3362 1.95859 67.2992 37.0404 0.468974 31.5687 8.54789 1.32564 15.8175 0.298455 19.7993 14.1755 20.2197 
71.0801 84.708 2.06584 17.6688 60.2458 2.37677 83.1987 176.961 59.1763 1.08554 216.271 383.677 2.60027 11.6938 89.6633 0 19.9584 58.6198 4.92612 6.85318 40.6685 1.72664 6.2879 29.2311 33.8328 23.4776 1.32071 17.5569 
38.2283 30.1231 51.8102 8.79109 127.042 30.2352 20.1383 54.7102 108.826 19.3444 27.7657 39.0119 3.85296 16.9404 29.8198 6.29957 0 161.828 263.711 25.212 50.8046 7.22633 2.1016 14.6941 32.7713 16.7488 12.3834 12.4295 
200.498 330.786 107.694 46.2268 218.305 90.5939 157.05 81.38 124.924 30.3729 46.4752 80.2615 3.2972 36.9189 0.01239 13.451 3.85798 0 132.978 60.1915 57.9837 2.51087 0.00731441 38.6981 58.81 2.66814 44.9287 0.139198 
12.8468 55.2043 61.4007 24.2104 202.657 78.9054 0.159178 110.269 2.06903 85.3061 100.695 97.8337 85.6142 1.78716 2.35794 8.01784 222.862 145.445 0 15.6597 0.011419 7.35799 3.99656 1.27346 10.7983 0.388408 0.504054 17.4722 
150.377 101.024 25.2362 13.1807 78.6547 22.8172 94.242 116.546 106.085 7.60007 44.4287 87.1551 35.8838 2.29604 11.7217 8.85663 8.36948 52.3907 1.35043 0 330.896 1.99534 1.80526 1.10559 7.65186 9.96121 3.81798 1.3614 
0.149754 44.1957 8.47608 67.6371 77.1945 54.6468 78.8043 134.701 127.748 30.6178 1.03149 6.03468 19.4827 10.999 13.5865 14.1378 67.0388 42.1046 41.9592 54.5473 0 32.8449 28.9594 41.8558 35.4121 62.6141 42.1388 44.6874 
17.279 4.14277 1.50597 10.6805 28.8573 14.5973 22.317 49.6274 1.48679 0.593041 78.7587 55.2111 90.2973 1.31565 9.55918 0.000625253 21.2384 0.364235 5.91258 2.62726 18.2015 0 2.48367 0.567573 13.2838 0.0465906 9.03211 1.21186 
0.716522 0.109065 7.96623 16.4423 0.32963 11.9352 67.6931 11.7601 9.80655 54.0763 128.15 1.87605 56.863 9.66338 17.2754 3.96178 11.8676 8.97961 10.1424 1.55287 31.0989 2.56408 0 13.719 12.4317 0.541391 5.79032 6.14255 
57.577 16.0021 14.318 8.65957 53.9632 5.96339 11.7547 75.8124 96.5872 60.0162 0.933017 14.6855 3.84256 4.98709 27.4991 0.791555 18.8385 15.1626 0.00389527 5.89419 47.7322 9.0765 4.31617 0 46.3676 0.129573 16.8553 13.4202 
23.1921 51.9679 20.6047 47.7812 22.203 19.0046 31.0341 193.578 27.7492 7.23255 8.48156 210.608 10.2768 1.47621 0.010232 75.2014 5.29901 57.3297 27.8264 7.78658 7.4072 63.5784 1.84074 16.5118 0 11.8042 27.6439 90.2757 
24.6223 50.7784 26.8539 36.117 0.095624 11.7185 72.0753 212.68 7.61259 17.0434 94.2124 391.176 7.14818 0.664762 11.9703 18.7968 10.2587 2.2134 28.1 0.154759 32.6033 2.72308 9.64542 0.231177 13.256 0 0.0015113 5.38164 
30.5982 2.64775 14.8577 14.5385 47.2974 3.30449 55.1322 56.6695 77.7601 41.1788 41.4262 56.5289 22.2099 4.79019 1.2738 0.697806 6.70889 36.2731 11.4498 1.39431 6.86433 9.20322 11.4691 18.4568 58.1011 8.15083 0 10.3967 
8.30328 3.02683 19.3944 6.82092 34.0432 2.0512 25.3758 115.556 0.669474 35.6218 90.5357 175.656 24.8688 2.37783 22.6856 13.0221 22.9988 0.0717703 1.92779 5.77775 39.8326 10.5236 0.276013 13.6945 18.1698 58.0464 73.1907 0 
