0 583.025 18.9606 246.156 264.752 81.6639 192.887 74.2754 177.36 39.511 190.416 109.632 14.1067 15.6149 67.3446 60.134 67.1355 3.02632 106.112 46.2268 197.868 0.0635317 18.5771 5.09262 81.9436 70.439 1.65194 7.9473 
605.363 0 429.94 344.055 346.79 137.702 306.753 175.247 31.5681 204.902 32.1931 220.804 73.7759 13.9771 95.727 1.25583 170.254 424.359 9.08691 88.6823 14.7704 0.0991902 0.0829135 60.3258 43.8467 78.3608 7.20206 28.756 
179.99 41.9038 0 268.442 127.03 49.2557 212.949 0.185546 31.476 71.3602 160.878 187.327 13.4508 9.60111 32.8872 24.8623 33.5403 109.364 19.8595 9.97266 13.5899 12.4762 0.983056 0.149144 1.03913 6.60846 14.8935 22.1974 
293.041 165.76 325.489 0 69.1636 49.0912 5.58337 858.354 48.9211 59.8133 203.082 248.488 0.475855 8.03517 32.9925 40.9295 74.5842 145.807 19.8795 14.9597 740.947 12.6144 13.719 7.10299 58.4957 40.1112 3.60513 29.9404 
121.183 526.183 176.887 85.6402 0 231.747 428.508 97.31 29.4176 3.47692 184.317 105.786 166.726 9.0086 43.9134 8.5942 34.6632 67.8626 193.069 57.7014 110.163 3.83375 8.3873 6.68583 13.3314 32.4414 47.423 49.1854 
134.648 55.0865 6.50303 32.1661 328.703 0 248.556 185.764 179.118 683.018 8.47183 78.7009 548.444 8.69094 31.3948 25.6686 59.6841 7.9082 22.2642 24.2014 21.4045 19.3318 4.71756 0.404875 59.6912 26.4091 12.5247 2.01626 
261.745 286.507 27.7191 193.506 152.683 837.578 0 410.278 411.497 507.972 6.93003 166.451 151.149 82.1083 114.698 53.4776 108.844 138.191 20.8191 9.31617 55.0501 19.7241 2.96865 71.8309 77.1597 9.00418 60.2121 9.67684 
194.65 246.773 263.995 37.0497 107.219 5.18052 402.627 0 180.25 83.2431 268.64 835.914 119.443 102.872 152.611 14.5753 46.428 39.0237 90.243 11.5243 51.7288 1.69454 1.81983 29.3721 42.7273 157.565 97.375 101.273 
86.9818 378.378 228.719 329.069 293.066 355.368 1203.1 344.882 0 175.399 842.06 80.0002 38.1334 0.911617 178.999 84.2361 115.579 208.377 89.8101 5.3891 130.361 1.94536 28.7471 81.6621 142.474 12.1251 3.67942 1.95683 
60.2617 223.273 45.266 70.8629 287.78 60.1564 0.54653 5.96883 9.88238 0 255.973 177.816 331.72 30.4727 43.7457 71.8655 22.3523 39.5623 18.0847 46.5421 66.4051 60.144 22.8532 20.6296 5.92643 73.6555 15.573 40.1414 
47.0229 31.4906 47.1851 82.1329 258.315 96.0274 6.70082 143.726 876.102 219.078 0 500.881 146.263 183.702 110.433 209.674 2.08207 41.8811 66.3008 16.7667 136.094 21.1402 13.5493 109.654 140.587 79.3914 81.5774 96.4161 
13.7085 214.104 49.0217 222.743 87.5664 15.8023 0.000619448 1022.36 325.374 165.881 197.905 0 99.4526 1.11738 6.16082 460.795 37.7703 90.1305 18.3442 94.8529 159.332 31.4342 1.11101 5.44391 284.212 56.3043 103.8 50.3851 
101.339 136.341 4.6209 16.2999 178.267 6.12939 181.365 24.7865 11.3035 5.21601 8.30013 1.12647 0 58.6566 112.269 9.46747 12.614 87.9376 22.1522 0.068213 77.0988 50.0258 68.1016 0.000117287 6.16091 20.4572 14.0235 14.5678 
24.562 55.9747 16.6357 11.6849 69.696 11.9434 21.0254 1.6926 4.63521 66.4419 186.438 152.974 38.8372 0 15.61 0.00072991 0.285031 51.7622 15.1926 4.76835 24.914 4.35317 9.25614 8.39491 0.662485 12.9111 1.27688 0.0801216 
40.1138 0.96865 14.3654 35.3091 15.5208 15.062 133.826 0.683631 91.0795 106.975 194.307 208.388 118.704 0.0281186 0 80.9245 2.13876 67.62 36.8043 0.407319 32.416 8.21638 0.883927 14.7212 0.477618 20.6988 13.8996 19.8953 
72.1717 84.7488 1.73152 18.9526 61.3051 2.03139 85.2246 189.053 54.7675 1.72399 211.193 421.192 3.41776 12.6764 88.2789 0 20.2098 59.0092 5.22993 6.71285 39.6458 1.58318 5.8419 29.3113 34.5463 22.1906 1.15521 17.0841 
62.3353 59.0981 51.2033 34.3086 123.898 57.3668 18.5704 56.1652 133.733 20.5681 26.5516 37.8879 4.26498 16.74 29.7442 6.55601 0 175.686 218.9 25.6465 50.0456 7.4052 1.99149 14.5082 58.7235 16.4542 12.2028 12.6548 
194.809 304.845 102.091 50.2346 221.857 93.4252 163.662 85.1668 130.402 32.9773 43.5032 82.9141 2.74566 37.5897 0.000359936 14.2152 7.76322 0 130.435 61.8788 60.0752 2.71318 0.0264514 39.157 58.9917 3.03682 44.9369 0.0851452 
14.4558 59.9834 61.5489 22.9953 187.907 80.7343 0.00383346 111.146 1.33655 82.4186 102.702 98.2955 85.6391 1.61197 2.08485 7.66133 231.644 143.975 0 16.2306 0.0487702 7.11445 4.1948 1.39374 10.4596 0.477737 0.444928 17.7312 
137.566 96.5921 24.7908 14.6304 76.9888 23.0448 93.8673 116.014 106.354 6.94299 45.8881 86.035 36.3091 2.23764 11.7439 8.7689 7.94316 54.1822 1.57593 0 332.351 2.04849 1.76052 1.04571 7.8427 10.098 3.71252 1.45131 
0.027823 48.0354 6.62775 47.8541 79.5392 55.8887 75.9696 139.674 131.663 32.0594 0.632144 7.37788 18.6622 11.498 14.3136 13.2605 66.7812 44.0998 40.9966 77.9445 0 32.8441 28.5452 42.273 36.2886 62.7648 41.9338 44.2551 
16.8588 4.49005 1.4121 10.5011 29.6194 14.8933 21.4314 50.3914 1.2275 0.392976 78.8186 54.1898 90.3963 1.48493 9.88904 0.00123054 21.2454 0.290676 5.68612 2.57113 18.4808 0 2.11525 0.709803 13.1132 0.0307643 9.16042 1.28081 
0.879854 0.0485988 7.76004 16.6687 0.46474 12.1898 67.0098 13.1653 8.5762 53.2894 126.592 1.15922 59.548 9.56281 16.2495 3.55248 11.6941 8.56958 9.88503 1.50924 30.7124 2.19059 0 11.9702 13.156 0.455151 6.00856 6.28561 
57.6899 15.1807 14.4716 9.16758 54.2745 5.6798 10.8283 79.6421 97.3026 60.2043 0.452303 11.1309 4.59599 4.57414 27.1314 0.315508 18.9601 14.629 7.78767e-05 5.8518 47.6328 8.74575 5.85705 0 46.4108 0.213416 16.5929 13.5467 
50.3717 79.3056 21.1225 73.5082 23.1533 45.5307 29.2885 193.538 56.0776 8.11281 10.3939 233.921 10.959 1.69219 0.060891 82.5891 31.3354 57.6275 28.0364 7.59556 8.00121 43.328 1.40681 20.6432 0 7.11261 13.2113 123.333 
23.1428 49.2042 27.0419 37.0705 0.029711 11.16 74.0877 206.292 5.97514 15.6368 88.9999 380.298 6.55814 0.53635 12.8975 17.4064 9.96759 2.55163 27.8858 0.116408 33.6156 2.60824 9.53708 0.143516 12.5644 0 0.022001 3.55152 
29.9853 2.37848 15.0737 14.9376 47.0929 3.48895 55.5754 54.8686 77.3933 41.5968 42.7586 59.1448 21.7946 4.93986 1.12953 0.577096 6.87562 35.9272 11.2362 1.46905 6.53074 9.32975 11.3093 18.2937 57.1319 7.22394 0 14.5371 
7.68836 3.431 19.6357 7.32552 33.334 1.85916 26.5213 117.883 0.999642 36.5133 88.7972 174.73 24.3042 2.22114 22.8356 12.4725 23.1028 0.121948 1.78954 5.91502 40.3603 10.5325 0.325762 13.5776 18.3814 55.8413 77.9371 0 
