0 753.683 10.9405 488.703 267.774 282.742 179.678 89.1419 396.395 44.5043 192.187 118.895 12.3197 14.5303 66.3956 57.8853 276.8 1.02896 108.127 59.3212 187.577 0.122327 17.6765 4.35467 286.847 71.8865 1.9888 8.86505 
790.32 0 380.17 546.282 294.589 361.768 254.577 160.817 238.696 195.341 40.4534 218.669 69.0201 15.5044 94.9855 0.71938 373.689 15.1473 6.06595 95.4045 18.4906 0.0351271 0.201006 60.7373 249.199 77.1712 6.57838 27.4106 
168.021 91.0498 0 288.544 116.126 45.5085 197.692 0.62902 8.56094 76.4206 175.103 185.56 11.8061 9.06946 32.3266 24.856 35.1772 117.234 21.8114 8.92165 10.2598 12.5172 0.822626 0.0800472 1.38621 7.43548 15.207 22.2091 
530.193 344.681 374.637 0 76.9648 253.043 10.204 34.1393 245.589 55.7058 201.251 240.726 0.216742 7.42016 33.972 41.6681 282.656 145.149 21.604 17.1636 652.319 12.8476 13.2904 7.80942 263.802 41.1489 3.22035 29.3934 
135.674 531.832 170.808 77.7927 0 248.95 416.535 105.658 18.769 0.316433 173.641 111.122 163.096 7.81963 46.9128 7.37647 29.8562 77.5456 171.003 54.5964 112.696 4.4106 7.56173 5.96183 14.5208 34.1217 47.694 48.4446 
336.355 252.497 4.26246 239.863 772.525 0 960.384 193.403 335.376 670.769 3.09541 85.1851 620.479 9.41463 29.794 25.1974 268.114 5.75634 25.9268 24.0814 23.2288 19.0971 4.34175 0.54658 266.493 26.0229 12.8731 2.30994 
256.699 234.219 41.4823 198.041 187.644 944.743 0 407.219 693.454 506.863 0.68266 152.895 160.528 84.5266 119.843 57.2532 109.358 148.322 16.8129 11.2656 51.0438 18.4744 3.79177 71.7877 79.0976 11.0043 60.0149 10.8916 
178.172 256.991 271.116 1.83617 115.601 2.17051 408.471 0 242.395 74.1732 287.283 944.498 122.667 106.477 145.16 6.97458 48.5652 43.681 87.7603 13.9691 58.4946 2.11696 1.083 34.106 34.738 171.443 96.387 96.9103 
283.992 563.764 170.029 550.163 308.43 506.092 1301.41 278.272 0 203.669 608.039 100.601 44.5318 2.0161 238.921 90.8206 324.744 211.658 84.6829 4.05804 135.981 1.5187 25.9634 79.3238 346.19 15.445 4.40939 2.76314 
54.827 215.94 50.4864 74.7054 302.742 103.288 2.99265 9.40689 20.7414 0 189.439 167.255 328.632 33.8232 50.9706 74.9245 24.2334 43.7332 15.0071 45.4298 68.5227 60.5047 21.1191 19.0156 7.12265 72.6415 14.7348 41.3646 
52.8939 24.135 35.54 92.2599 260.225 78.1238 19.1642 123.308 863.655 287.148 0 512.631 158.232 173.662 72.5585 200.57 1.54686 46.1941 69.8789 15.1117 133.767 19.611 10.4814 106.027 142.549 71.7683 82.4173 98.5034 
18.4334 210.444 57.5071 233.592 82.1219 19.8937 0.695836 1025.21 304.945 176.496 238.223 0 94.7569 2.8817 13.697 487.841 39.4139 93.9296 20.0503 95.525 156.931 29.8169 2.19669 9.42083 332.683 90.289 101.051 58.0809 
102.704 133.584 5.73585 17.9268 178.507 3.33953 173.23 21.7612 15.2176 0.60776 13.1842 0.464187 0 47.3814 109.159 7.52708 11.6446 86.07 20.2746 0.0178063 77.3619 53.5835 71.5603 0.0826707 5.38766 21.728 13.4408 15.3485 
23.3609 54.3961 16.6947 12.337 69.3092 12.6732 18.2275 0.770034 7.00173 63.5524 194.821 148.072 49.5582 0 24.2036 0.0967488 0.367806 51.3555 15.7202 4.78105 24.0751 3.9936 8.72994 7.8964 0.888765 12.8094 1.42001 0.0396963 
41.9855 1.68546 13.0038 36.11 13.3665 16.8156 136.769 2.2933 78.5756 100.685 149.349 225.041 119.293 1.78559 0 87.4356 2.41514 68.0302 36.4301 0.324782 33.6489 7.73342 0.395041 13.1136 0.813331 21.9773 13.4897 19.3981 
73.6598 84.682 1.29256 20.8444 62.7971 1.572 88.0352 205.588 48.466 2.91484 202.383 463.932 4.80314 14.0499 82.6244 0 20.5705 59.5338 5.68681 6.50444 38.1347 1.3831 5.19432 29.0353 35.4737 20.2375 0.932075 16.369 
266.397 270.441 50.2449 240.433 119.072 265.794 16.3713 58.282 338.812 22.4013 24.8082 36.2523 4.90181 16.4424 29.6188 6.93687 0 195.352 340.794 26.2681 48.9185 7.66846 1.83525 14.2339 265.411 16.0214 11.9383 12.9837 
185.925 283.244 93.7206 56.2275 226.35 97.4074 173.012 90.7176 138.309 36.9177 39.2786 86.7747 2.02816 38.5557 0.0438443 15.358 15.8016 0 126.461 64.287 63.1352 3.02195 0.0757918 39.8122 59.221 3.61606 44.9338 0.0299032 
16.952 67.1272 61.6493 21.2441 165.686 83.1546 0.185523 112.316 0.551145 78.1068 105.536 98.8951 85.5824 1.37121 1.71439 7.15017 242.03 141.504 0 17.0687 0.150038 6.76313 4.49118 1.57868 9.96945 0.624586 0.365028 18.1066 
118.368 89.9082 24.081 16.8223 74.4456 23.3455 93.1486 115.02 106.581 6.029 48.0149 84.3015 36.9119 2.15248 11.7684 8.63365 7.33433 56.7668 1.93526 0 325.187 2.12681 1.69539 0.96061 8.12029 10.2913 3.55976 1.58709 
0.951587 53.8243 4.31676 22.6028 82.9338 57.6633 71.8175 146.776 137.242 34.1974 0.223006 9.57092 17.4853 12.2401 15.3989 12.016 66.3676 47.0518 39.5838 116.87 0 32.8343 27.9319 42.8598 37.5601 62.9269 41.6186 43.6024 
16.2474 5.02014 1.27968 10.237 30.7317 15.3172 20.153 51.4874 0.892496 0.174079 78.841 52.6724 90.3 1.74762 10.3683 0.0150959 21.2496 0.197994 5.36089 2.48944 18.8877 0 1.62245 0.944482 12.8746 0.013509 9.34555 1.38453 
1.14804 0.00358845 7.45572 16.9862 0.703414 12.5532 65.9358 15.3388 6.91421 52.0712 123.992 0.418761 63.3756 9.23048 14.7044 2.97954 11.4392 7.98362 9.51058 1.44593 30.1374 1.68977 0 9.34785 14.2023 0.342024 6.3289 6.49281 
57.8022 14.0069 14.6808 9.92214 54.6931 5.27222 9.53153 85.179 98.2109 60.3977 0.0590309 6.77723 5.80899 3.97845 26.451 0.00622879 19.1321 13.8591 0.00483622 5.78683 47.4578 8.25549 8.33958 0 46.0884 0.372748 16.1894 13.7177 
258.906 288.009 21.8573 279.792 24.5587 253.067 26.7872 192.612 266.401 9.47763 13.5078 1049.92 11.9855 2.03102 0.210901 86.189 238.167 58.0283 28.3313 7.31549 8.90395 17.9352 0.898814 28.4356 0 33.4033 107.139 92.566 
21.0309 46.8845 27.2636 38.3818 0.000769716 10.3522 76.9355 195.713 3.92597 13.6632 81.3466 357.077 5.73568 0.372575 14.2691 15.3645 9.5455 3.08713 27.559 0.0700903 35.0911 2.4435 9.36703 0.0526289 11.6179 0 0.177761 1.53238 
29.085 2.00987 15.3826 15.5191 46.7757 3.76559 56.1921 52.2266 76.802 42.1863 44.7062 62.9706 21.1861 5.15954 0.933392 0.42075 7.12132 35.4125 10.9246 1.58126 6.05556 9.51213 11.067 18.0303 55.4166 5.94835 0 21.5533 
6.82635 4.06444 19.9712 8.08587 32.292 1.59411 28.2148 121.059 1.59931 37.8012 86.1582 172.725 23.4773 1.99964 23.0232 11.665 23.2483 0.218992 1.59608 6.11547 41.1149 10.5417 0.405612 13.3931 18.6522 52.075 83.883 0 
