0 857.678 7.25133 638.379 268.82 410.11 171.782 98.1154 533.986 47.4771 193.005 124.248 11.3335 13.9137 65.8069 56.5507 409.085 0.35203 109.205 73.3133 181.29 0.165053 17.159 3.95172 416.338 72.6732 2.1975 9.4154 
901.74 0 345.004 671.905 263.706 502.343 224.394 152.393 371.256 189.429 45.5875 217.154 66.2756 16.4146 94.468 0.476179 502.188 445.645 4.5857 99.191 20.8123 0.012899 0.292804 60.9485 378.999 76.4312 6.22844 26.6355 
160.438 125.946 0 286.57 109.657 43.25 187.981 2.2503 1.8164 79.2778 182.944 184.117 10.8936 8.76017 31.9553 24.8213 36.1129 121.618 22.9606 8.3271 8.52754 12.5377 0.735839 0.0497467 1.60873 7.92837 15.3848 22.2038 
675.801 459.849 352.424 0 81.5071 382.079 13.4746 161.855 372.225 53.3203 199.733 235.395 0.112597 7.07 34.5082 42.0244 413.977 144.527 22.6178 18.4709 423.614 12.9805 13.0386 8.22728 393.532 41.6937 3.00624 29.0592 
144.069 530.207 166.772 73.2619 0 260.136 407.119 110.509 13.6382 0.0372718 167.303 114.177 160.794 7.16502 48.6512 6.7094 27.1984 83.3017 157.987 52.7837 114.103 4.76144 7.10032 5.55943 15.2262 35.0961 47.8408 48.0033 
463.892 378.668 3.16747 371.126 232.499 0 607.162 197.353 440.346 616.983 1.18494 88.9245 284.457 9.83707 28.8363 24.9002 399.66 4.65934 28.1235 23.9929 24.3046 18.9523 4.12877 0.638014 397.081 25.7796 13.0733 2.48803 
253.129 204.338 50.4521 200.049 208.317 940.79 0 403.678 856.721 500.681 0.0496441 144.995 165.756 85.8424 122.626 59.4274 109.582 154.08 14.6666 12.4671 48.7555 17.762 4.31164 71.7188 80.167 12.2422 59.8809 11.6219 
168.489 262.42 273.933 4.15159 120.446 1.0125 410.084 0 280.198 69.0425 297.498 988.773 124.464 108.453 140.594 3.81222 49.8037 46.4592 86.2887 15.4768 62.5278 2.38228 0.742507 36.9552 30.4101 179.076 95.7563 94.3126 
409.27 680.891 137.74 687.288 316.481 603.185 1302.02 240.517 0 219.973 430.87 113.242 48.3996 2.96461 271.279 94.5845 456.686 213.304 81.6988 3.37046 139.15 1.29529 24.3947 77.9234 474.914 17.5274 4.86032 3.29139 
51.7342 211.218 53.5377 76.8736 310.146 135.781 9.93397 11.7363 28.7322 0 153.398 160.959 324.794 35.7899 55.2517 76.6045 25.343 46.2027 13.3389 44.7655 69.731 60.674 20.1296 18.0973 7.85965 71.9865 14.2555 42.0601 
56.392 20.2811 29.4256 98.1725 260.873 68.2671 29.1681 111.848 832.364 327.151 0 516.572 165.037 167.339 53.5162 194.611 1.27271 48.7517 71.944 14.1847 132.343 18.7431 8.87035 103.817 143.493 67.3947 82.8669 99.6431 
21.4586 208.068 62.5932 239.11 78.9827 22.4459 1.69507 1003.97 292.389 182.436 261.871 0 92.0128 4.27071 19.3382 494.773 40.3685 96.1081 21.0639 95.8486 155.422 28.8875 2.98942 12.1899 359.168 112.519 99.3836 62.6644 
103.439 131.876 6.43152 18.8925 178.406 6.43113 168.258 20.0845 17.727 0.00891917 16.4958 0.212514 0 41.1644 107.126 6.49591 11.0974 84.9572 19.214 0.00353578 77.4917 55.6204 73.4696 0.20036 4.96122 22.4699 13.1062 15.805 
22.6687 53.458 16.7133 12.7137 69.0427 13.0924 16.6781 0.399086 8.59201 61.8122 199.025 144.936 56.0858 0 29.5055 0.25609 0.420462 51.1022 16.0244 4.78702 23.5883 3.78841 8.3402 7.59064 1.03404 12.7369 1.50582 0.0226999 
43.0617 2.18895 12.2272 36.5379 12.181 17.8455 138.207 3.65105 71.5745 96.8416 124.428 233.8 119.356 4.00356 0 89.2841 2.58214 68.2355 36.198 0.281153 34.3591 7.45519 0.199694 12.1873 1.04709 22.6944 13.2492 19.0982 
74.4611 84.5748 1.06619 21.9428 63.6292 1.33135 89.5755 214.417 44.9117 3.74129 196.581 480.915 5.70583 14.7998 77.5716 0 20.7756 59.8128 5.95799 6.38211 37.2523 1.27266 4.82416 28.665 35.9447 19.0779 0.813274 15.9434 
395.452 403.791 49.6522 370.68 116.164 397.343 15.1508 59.5006 468.372 23.4854 23.8163 35.3102 5.2891 16.2677 29.5382 7.16048 0 206.28 176.339 26.6203 48.2567 7.8218 1.74743 14.0737 395.944 15.7697 11.785 13.1739 
180.5 277.929 88.8085 59.7553 228.561 99.6201 178.23 93.9332 142.818 39.2662 36.9018 88.9973 1.66149 39.1066 0.102135 16.0331 21.6642 0 124.027 65.647 64.9056 3.20774 0.115934 40.183 59.334 3.97301 44.9237 0.0108314 
18.4723 71.3306 61.6443 20.2455 152.634 84.4116 0.512194 112.932 0.252475 75.5688 107.12 99.2008 85.4991 1.2403 1.51571 6.8598 246.267 139.902 0 17.5552 0.233935 6.56232 4.66627 1.69065 9.68849 0.718397 0.322334 18.322 
107.196 85.9494 23.6396 18.1243 72.9183 23.5018 92.6407 114.329 106.623 5.52589 49.2414 83.2476 37.2504 2.10332 11.7781 8.55162 6.98988 58.2418 2.15921 0 316.156 2.17249 1.65786 0.912717 8.28009 10.3994 3.47207 1.66803 
2.08132 57.262 3.19731 13.2594 84.8779 58.6675 69.4131 150.783 140.385 35.4501 0.0813043 10.9626 16.8163 12.6765 16.0388 11.3171 66.1083 48.7777 38.7633 141.079 0 32.8239 27.5727 43.1866 38.2901 62.9891 41.4277 43.2134 
15.8951 5.33905 1.20567 10.0832 31.3742 15.5576 19.4223 52.1105 0.722599 0.0874301 78.8186 51.7817 90.1137 1.90757 10.6435 0.0301547 21.2488 0.152398 5.17582 2.44237 19.1227 0 1.36358 1.09446 12.7422 0.00671686 9.45138 1.44613 
1.31917 0.00109354 7.27821 17.1625 0.863815 12.7585 65.2742 16.6595 6.0281 51.3305 122.317 0.158399 65.5285 8.94281 13.7935 2.66372 11.291 7.65184 9.29474 1.40957 29.7993 1.42595 0 7.85057 14.7985 0.283666 6.51485 6.61165 
57.8385 13.3427 14.7934 10.3645 54.9154 5.04029 8.81268 88.3394 98.6613 60.4652 3.46516e-05 4.73169 6.57008 3.64064 25.9825 0.0404522 19.2287 13.4189 0.0132026 5.7476 47.3404 7.96872 9.84807 0 45.6945 0.484644 15.9453 13.8091 
390.537 419.703 22.27 410.053 25.3808 384.097 25.3691 191.608 399.122 10.3086 15.4769 1146.35 12.5949 2.23932 0.338681 83.8209 368.795 58.2413 28.4954 7.153 9.4449 11.0574 0.675197 33.6467 0 58.9342 153.382 47.49 
19.8376 45.5336 27.3627 39.0935 0.02062 9.89017 78.5295 188.972 2.93067 12.5685 76.9185 340.048 5.28189 0.291001 15.0684 14.1879 9.30305 3.41919 27.3625 0.0485924 35.9418 2.34986 9.2624 0.0203733 11.1075 0 0.335841 0.738453 
28.5618 1.81008 15.5576 15.8544 46.5823 3.92948 56.5319 50.6939 76.4302 42.5157 45.8326 65.182 20.8331 5.28707 0.827993 0.34124 7.26462 35.1097 10.7446 1.64778 5.78737 9.61627 10.9223 17.8644 54.2674 5.2562 0 26.0509 
6.34788 4.45401 20.156 8.53762 31.6863 1.44927 29.2045 122.77 2.00943 38.538 84.5802 171.217 22.9977 1.87568 23.1144 11.1966 23.3288 0.287983 1.48884 6.23134 41.5422 10.5448 0.455665 13.279 18.7904 49.6346 86.712 0 
