0 900.278 4.77875 719.878 269.287 474.573 165.211 105.624 606.69 49.949 193.562 128.612 10.5539 13.4156 65.3047 55.4426 477.531 0.0617369 110.037 87.8024 175.986 0.204751 16.7381 3.63554 482.481 73.2881 2.37567 9.87569 
949.829 0 313.699 733.662 238.44 577.485 200.062 145.485 440.87 184.407 49.9678 215.766 64.0377 17.1729 93.9971 0.314192 567.444 502.331 3.52478 102.221 22.8003 0.00282343 0.38063 61.1064 445.419 75.7984 5.94836 26.0037 
153.925 157.088 0 277.53 104.307 41.3637 179.626 4.31243 0.00256747 81.5686 189.106 182.711 10.1697 8.50665 31.6268 24.7759 36.8711 125.096 23.9097 7.84939 7.2213 12.5527 0.668205 0.0302776 1.80233 8.3385 15.5281 22.1929 
753.514 514.819 300.426 0 85.2245 447.904 16.4623 835.757 437.106 51.3685 198.245 230.601 0.0525033 6.78711 34.9292 42.2761 481.612 143.889 23.455 19.5539 320.371 13.0881 12.8305 8.5737 459.874 42.1077 2.83586 28.7766 
150.912 526.217 163.203 69.5747 0 272.202 398.134 114.481 10.0272 0.657857 162.045 116.654 158.805 6.64847 50.0728 6.1849 25.0968 88.081 147.291 51.2949 115.222 5.05755 6.73217 5.23956 15.8121 35.8935 47.9553 47.6355 
528.384 442.675 2.3869 438.8 383.187 0 1301.78 200.311 488.876 724.276 0.289765 91.9684 624.227 10.184 28.038 24.6441 467.49 3.84489 29.9566 23.9102 25.1945 18.829 3.95715 0.717869 464.117 25.57 13.2361 2.63805 
249.867 180.452 58.2699 201.345 225.307 901.964 0 399.833 980.988 492.676 1.16815 138.524 169.909 86.8708 124.788 61.1965 109.724 158.721 13.0089 13.4883 46.9024 17.1853 4.7602 71.6384 81.0122 13.2971 59.7606 12.2337 
160.522 266.579 275.506 18.3112 124.398 0.388613 410.427 0 311.668 64.9215 305.502 1013.48 125.895 110.004 136.735 1.92235 50.8176 48.7737 85.0672 16.7593 65.8839 2.61061 0.511295 39.3397 27.0445 185.063 95.2088 92.1523 
472.174 736.411 112.849 758.674 322.574 642.846 1271.23 210.529 0 233.178 521.158 123.92 51.6466 3.90726 287.084 97.6299 524.823 214.509 79.2525 2.85384 141.694 1.12547 23.1363 76.7538 540.387 19.3147 5.24453 3.75675 
49.2385 207.11 56.0427 78.6133 315.471 165.316 18.542 13.8222 36.1525 0 125.819 155.727 320.563 37.4096 58.7926 77.9261 26.2617 48.2503 12.0386 44.211 70.7091 60.7909 19.3291 17.3557 8.48634 71.4142 13.8666 42.6218 
59.3022 17.358 24.7964 103.021 261.152 60.5376 38.7979 102.712 790.984 359.592 0 518.202 170.519 161.918 39.7965 189.39 1.06802 50.8753 73.6277 13.4439 131.138 18.0433 7.64563 101.953 144.159 63.8497 83.2146 100.537 
24.0862 205.987 66.834 243.179 76.4232 24.6286 2.83566 974.61 281.771 187.169 281.208 0 89.7562 5.60357 24.6146 495.486 41.1508 97.8775 21.9069 96.0773 154.124 28.1316 3.72626 14.7006 373.434 131.787 97.9808 66.4717 
104.01 130.42 7.02728 19.6949 178.192 11.1751 164.058 18.755 19.9086 0.655441 19.4605 0.0787567 0 36.2904 105.343 5.70402 10.6574 84.0301 18.3611 1.28667e-06 77.5857 57.2706 74.9763 0.334606 4.62415 23.0799 12.8339 16.1807 
22.1045 52.6779 16.7199 13.021 68.8018 13.4331 15.4513 0.185248 10.0101 60.3554 202.089 142.217 61.5569 0 33.8839 0.442073 0.466115 50.8854 16.2724 4.79115 23.1896 3.62239 7.98005 7.33233 1.16048 12.6702 1.57764 0.0122954 
43.9372 2.64831 11.5998 36.8679 11.2461 18.694 139.233 4.99017 66.0061 93.6001 105.012 240.426 119.257 6.42011 0 89.684 2.7225 68.3858 35.9998 0.24774 34.9378 7.22853 0.0886836 11.4353 1.25947 23.2668 13.0507 18.8467 
75.0827 84.4497 0.896498 22.8411 64.2919 1.14859 90.7859 221.175 42.0627 4.49061 191.48 490.143 6.49767 15.3834 72.6086 0 20.9412 60.0276 6.18349 6.28121 36.5267 1.18531 4.52513 28.2504 36.2927 18.1186 0.721847 15.5895 
461.267 473.156 49.1475 437.468 113.726 465.177 14.1816 60.4934 534.553 24.3841 23.0149 34.5426 5.61586 16.1235 29.4679 7.34509 0 214.904 22.8687 26.9041 47.7105 7.94771 1.67702 13.942 462.944 15.5632 11.6595 13.3294 
175.921 275.394 84.7686 62.6663 230.15 101.376 182.38 96.5609 146.462 41.2216 34.998 90.8075 1.38825 39.5525 0.167845 16.5925 27.0867 0 121.967 66.7393 66.3521 3.36351 0.155086 40.4814 59.4156 4.27673 44.911 0.00227908 
19.7554 74.7979 61.6058 19.438 141.941 85.3585 0.899749 113.401 0.0936595 73.4738 108.383 99.4282 85.4035 1.13783 1.36191 6.62547 248.574 138.501 0 17.9536 0.316342 6.39951 4.81139 1.78488 9.46027 0.799923 0.289349 18.4972 
98.1199 82.6733 23.2627 19.2037 71.6409 23.6198 92.1758 113.702 106.608 5.12883 50.2413 82.3589 37.5214 2.06318 11.7837 8.48253 6.71264 59.4352 2.35091 0 306.265 2.21005 1.62725 0.874283 8.41031 10.4857 3.40076 1.7355 
3.32683 60.1161 2.40328 9.54809 86.4558 59.4754 67.4478 153.999 142.906 36.4823 0.0174363 12.1663 16.2761 13.037 16.5684 10.7574 65.8854 50.1976 38.0913 161.329 0 32.8129 27.2767 43.4469 38.8838 63.0226 41.2669 42.8892 
15.6079 5.60649 1.14659 9.95702 31.8989 15.7514 18.8301 52.6138 0.596806 0.0384897 78.781 51.0466 89.8903 2.04251 10.8673 0.0463036 21.2463 0.119516 5.02621 2.40398 19.3145 0 1.16695 1.22469 12.6371 0.00290618 9.53717 1.49737 
1.46775 0.0119082 7.13234 17.3025 1.00708 12.9235 64.7118 17.7723 5.34559 50.7059 120.856 0.0376367 67.2505 8.6592 13.0434 2.41502 11.1694 7.38455 9.11875 1.37999 29.52 1.22512 0 6.66497 15.2794 0.239875 6.66714 6.70819 
57.8526 12.8079 14.8807 10.7291 55.0863 4.85294 8.24285 90.8943 98.9881 60.496 0.0439228 3.32466 7.22375 3.36947 25.5602 0.184771 19.3059 13.0621 0.0231044 5.71464 47.2357 7.73295 11.0932 0 45.2614 0.586742 15.7402 13.8797 
458.448 487.648 22.6002 476.808 26.0572 451.505 24.2267 190.534 467.954 11.0102 17.1753 679.741 13.1016 2.41611 0.465362 79.5784 435.879 58.4052 28.6259 7.01994 9.89706 11.235 0.531589 38.1414 0 78.9667 152.108 16.1784 
18.8787 44.4253 27.4277 39.6484 0.0568156 9.5157 79.8018 183.156 2.22229 11.7002 73.3088 324.394 4.92305 0.231581 15.7231 13.2335 9.10581 3.70272 27.1977 0.0339126 36.6355 2.27425 9.17353 0.00515331 10.7116 0 0.501831 0.300429 
28.1326 1.65415 15.6985 16.1278 46.4189 4.06548 56.8005 49.4396 76.1101 42.7786 46.7526 66.9865 20.5439 5.39158 0.746237 0.282293 7.38243 34.8595 10.5975 1.70304 5.57185 9.70064 10.8015 17.7217 53.2457 4.71685 0 29.9196 
5.96785 4.785 20.3018 8.9132 31.1896 1.33558 30.0186 124.098 2.3791 39.1354 83.2633 169.798 22.6052 1.77666 23.1795 10.8137 23.3927 0.351443 1.4037 6.32599 41.8865 10.5463 0.498673 13.1817 18.8943 47.5157 88.6598 0 
