0 558.152 0.037962 533.178 267.775 234.979 139.051 135.882 397.815 59.8505 194.743 145.324 7.76243 11.5389 63.1796 51.0145 252.986 1.19287 112.833 156.321 154.245 0.399429 15.1248 2.52463 248.859 75.4237 3.13065 11.7478 
622.846 0 183.118 473.401 144.601 377.509 112.675 118.795 228.698 163.526 68.3841 209.127 55.4454 20.2274 91.7683 0.00313947 329.767 623.332 0.712967 113.289 31.2402 0.0330839 0.830324 61.5916 213.094 73.1129 4.9137 23.5734 
126.608 287.579 0 191.079 83.3474 33.8265 144.605 18.3889 24.5263 89.9937 210.465 175.383 7.55917 7.52179 30.1471 24.4558 39.7434 137.529 27.6579 6.07979 3.13551 12.5954 0.434857 0.00028447 2.65071 9.98459 16.0664 22.0948 
549.016 244.099 85.6826 0 99.5488 213.558 30.5515 1032.34 207.943 43.8284 190.425 208.625 0.0341934 5.72121 36.4069 42.9071 253.736 140.316 26.762 23.8354 198.758 13.4958 12.0075 9.9535 227.056 43.4361 2.2159 27.602 
176.962 488.905 147.293 55.5445 0 352.141 353.356 129.842 1.20814 10.2347 141.164 126.061 150.221 4.80724 55.5673 4.33344 17.6002 107.087 106.348 45.4828 119.271 6.2845 5.38236 4.07765 18.1611 38.9883 48.3526 46.1509 
287.985 205.969 0.385885 211.794 40.0909 0 910.891 209.338 212.027 470.748 2.56545 103.587 603.539 11.5376 24.8327 23.5429 240.451 1.4077 37.3273 23.5019 28.728 18.3101 3.3145 1.07079 233.937 24.668 13.8605 3.25706 
234.43 96.3977 91.8831 203.357 290.007 536.71 0 377.138 1289.14 438.343 19.2737 113.557 184.844 90.4371 132.137 67.9516 109.927 175.999 7.44607 17.7669 39.8867 15.002 6.69702 71.1222 84.032 17.7369 59.2014 14.7286 
129.574 280.175 275.262 113.876 139.567 0.752115 403.426 0 433.136 49.677 333.155 1003.71 131.104 115.448 120.842 0.680123 54.7517 58.0918 80.1801 22.1351 79.3398 3.59274 0.0206217 49.004 15.6118 205.724 92.8169 83.5 
227.872 458.102 35.6842 536.421 341.673 313.393 924.049 106.747 0 282.149 1064.74 167.601 64.8891 8.95996 242.099 109.078 298.836 217.963 69.7452 1.24628 151.111 0.577251 18.4779 72.0181 303.822 26.9322 6.86599 5.84357 
39.8788 189.24 65.7606 85.0397 329.483 292.395 74.9344 23.4071 71.8107 0 40.8723 134.871 295.362 43.753 72.6886 82.573 29.9129 56.4089 7.56396 41.9702 74.4159 61.058 16.3047 14.5659 11.1153 68.8893 12.386 44.7382 
70.9802 8.05591 10.3001 121.754 260.078 33.9871 87.3894 69.7618 538.63 476.013 0 510.838 190.878 139.1 5.06518 166.534 0.441373 59.3638 80.1063 10.7216 126.122 15.4138 3.71322 94.2709 145.82 50.4722 84.3908 103.668 
35.531 196.781 83.8209 254.937 66.5966 33.8665 9.98234 773.184 238.251 204.309 354.28 0 80.9193 12.406 50.2394 456.621 44.1991 104.626 25.2945 96.6558 148.554 25.2346 7.32691 26.4229 340.109 211.774 92.2162 81.6218 
105.962 124.281 9.5633 22.9097 176.245 39.2503 146.773 13.9648 29.4296 12.7326 33.0477 0.177248 0 19.6307 97.4534 3.0893 9.01589 80.2906 15.1839 0.0559008 77.8454 63.5044 80.3109 1.17873 3.41763 25.4708 11.7898 17.6593 
19.9335 49.5476 16.6726 14.2045 67.6712 14.7315 11.0562 0.124792 16.4761 54.4476 210.599 130.45 83.3926 0 49.5887 1.61855 0.665372 49.962 17.2283 4.80076 21.6384 2.9964 6.30423 6.27357 1.71492 12.3496 1.86992 0.0019252 
47.289 4.83403 9.245 37.973 7.92685 22.0163 141.912 12.086 46.0586 80.3536 41.8696 260.963 117.583 19.9132 0 81.8394 3.29983 68.8179 35.1591 0.137585 37.1631 6.35859 0.0802055 8.6041 2.26045 25.3512 12.2667 17.819 
77.2006 83.6466 0.373234 26.2972 66.7066 0.56242 95.0394 242.864 31.5827 8.00613 169.008 483.892 10.0127 17.3386 48.551 0 21.5665 60.745 7.08918 5.88273 33.6828 0.872469 3.40869 25.7487 37.31 14.3632 0.416624 14.1716 
226.618 252.555 47.0223 206.572 103.817 238.169 10.6795 64.3089 300.922 27.9683 19.9907 31.5876 6.96982 15.5527 29.1575 8.07613 0 244.996 210.723 27.9679 45.5493 8.44105 1.41574 13.4241 232.681 14.7564 11.1711 13.932 
157.104 248.956 69.076 74.1033 234.413 107.697 197.365 106.714 160.166 49.082 27.9642 97.7544 0.557023 41.2421 0.57698 18.823 53.0069 0 113.422 70.796 71.9481 4.00103 0.361062 41.5991 59.6395 5.55472 44.8232 0.0293621 
25.0581 88.4087 61.1624 16.3899 101.257 88.3078 3.42367 114.931 0.209899 65.2154 113.001 100.116 84.798 0.779922 0.839873 5.74302 246.157 132.314 0 19.5027 0.753868 5.77955 5.39089 2.17343 8.58763 1.15715 0.177846 19.1687 
64.5507 69.7546 21.6729 23.4783 66.4581 23.9928 89.9542 110.741 106.13 3.71383 54.0887 78.6875 38.5232 1.90812 11.7849 8.19759 5.67605 63.9424 3.1676 0 249.643 2.35747 1.50922 0.731553 8.91099 10.8026 3.12749 2.00809 
10.8516 71.5071 0.383973 27.2155 92.461 62.492 59.8513 165.89 152.225 40.5514 0.214704 17.3855 14.2386 14.4659 18.6746 8.69119 64.9279 55.7747 35.4741 238.016 0 32.748 26.109 44.3963 41.1565 63.0045 40.6036 41.58 
14.5007 6.7 0.929676 9.46297 33.9263 16.4785 16.5795 54.5112 0.221326 0.0364309 78.4701 48.1404 88.4218 2.59945 11.7228 0.141619 21.2216 0.029532 4.46041 2.25593 20.0563 0 0.540147 1.79228 12.2546 0.00304546 9.86378 1.7036 
2.11789 0.163817 6.56151 17.8091 1.6661 13.538 62.3515 22.3597 3.06559 48.1278 114.454 0.359219 73.5503 7.20679 10.1373 1.54223 10.6943 6.3822 8.44042 1.26648 28.4116 0.580854 0 2.70796 17.0739 0.103952 7.25901 7.07707 
57.7732 10.8078 15.1788 12.1635 55.6555 4.1467 6.18776 100.493 99.8979 60.4076 1.00062 0.198367 10.0195 2.37514 23.6103 1.71206 19.5914 11.7043 0.0877271 5.57926 46.7546 6.81134 15.6881 0 42.6743 1.07166 14.899 14.1172 
231.838 261.014 23.8155 245.42 28.7163 222.844 19.9542 184.259 245.141 13.9116 24.4817 384.871 15.1352 3.15457 1.14381 50.8559 205.995 58.9521 29.1013 6.50263 11.7342 51.5243 0.316084 55.5418 0 88.026 18.7934 72.9809 
15.3134 40.1042 27.5416 41.5569 0.367882 8.09532 84.4505 158.383 0.392322 8.57479 59.5102 252.309 3.63775 0.0644131 18.2545 9.65729 8.34934 4.90455 26.5247 0.00183907 39.3061 1.98899 8.8012 0.041692 9.37186 0 1.45489 0.443222 
26.4584 1.11287 16.2269 17.1812 45.7388 4.61055 57.7617 44.5739 74.7314 43.7429 50.3114 73.9334 19.4183 5.79848 0.467539 0.105676 7.84498 33.8656 10.028 1.92493 4.76733 10.0214 10.3127 17.1081 48.6296 2.86746 0 45.9582 
4.59112 6.17438 20.8218 10.4195 29.2519 0.935375 33.213 128.614 4.10247 41.4064 77.9421 162.754 21.0798 1.41322 23.3498 9.33448 23.6238 0.657504 1.09534 6.69239 43.1783 10.5421 0.683214 12.7712 19.239 38.488 92.8274 0 
