0 88.4101 204.588 74.7373 2.5691 54.7536 180.793 287.632 122.715 55.8411 85.0629 206.936 0.771844 53.7265 71.2551 77.2567 112.913 80.2641 87.9571 211.298 213.747 0.466765 0.241686 51.5583 110.899 62.9668 44.6301 6.59555 
56.8503 0 165.17 154.37 268.132 65.4594 521.406 42.3238 345.55 238.742 231.615 108.85 144.082 0.520361 66.7282 29.0426 130.906 691.645 151.02 95.2863 40.6952 50.3321 5.68115 9.24382 38.6958 15.8484 53.1504 40.4508 
52.4477 311.017 0 104.36 0.253307 48.6789 32.8067 141.474 464.541 86.0059 31.8882 48.8078 8.63761 16.5883 25.4047 18.3085 53.053 42.75 38.0075 0.353298 37.0068 3.45105 1.87196 1.44516 8.77662 27.5268 18.0287 8.69071 
49.735 46.8144 120.894 0 3.54451 95.4876 199.155 959.101 118.906 61.0968 67.9943 77.9971 9.4896 18.8882 30.0757 4.89079 51.7262 73.9083 62.0441 17.3184 572.16 6.5266 0.516988 26.1436 39.4829 43.4439 10.9952 25.0838 
87.4051 1.62912 27.7083 162.494 0 436.473 389.223 4.5325 240.917 41.4756 62.4595 166.109 36.0421 16.5987 13.9544 27.7921 144.062 225.854 95.7687 59.4715 67.9079 37.4144 18.2393 1.35259 2.682 59.2499 47.5541 1.15408 
38.5717 139.069 6.12085 101.049 330.631 0 318.282 145.438 182.569 453.61 207.194 124.661 443.735 11.8769 28.9909 0.0355744 83.6605 122.373 58.8911 7.79735 12.0602 0.347045 2.58521 11.1234 58.9307 9.479 4.87155 4.46258 
75.3568 524.63 225.581 11.8717 240.373 795.508 0 54.8831 1263.19 314.026 23.5862 273.361 62.3256 90.4371 46.0963 35.0629 28.8386 152.296 96.4693 62.7793 53.9158 52.6557 16.4278 71.7189 73.7122 85.7385 15.3557 73.5112 
47.3126 125.924 84.1871 2.32368 2.15469 116.285 18.9534 0 510.198 208.174 242.544 11.8334 7.99442 1.28384 52.0278 259.941 7.86609 80.4581 36.2575 101.976 1.87778 59.0226 0.131751 85.6444 39.7124 108.313 98.8085 112.243 
151.554 307.334 411.159 311.777 163.488 57.6381 539.085 286.583 0 22.2276 731.182 231.15 177.561 95.8841 165.745 48.4938 138.425 123.392 91.0757 1.88436 19.2657 12.9102 16.1209 1.44542 38.2509 140.221 0.554926 14.4474 
43.5508 242.271 61.0541 23.6057 330.082 322.786 189.036 47.9833 42.0903 0 491.69 199.357 326.292 47.5499 68.3197 53.9331 64.3036 6.51929 47.4133 33.6492 11.7439 31.7715 0.660419 39.6177 70.8698 28.6495 10.4577 25.3358 
194.142 59.4187 230.287 203.927 7.30892 86.8163 95.6108 171.411 435.593 31.5846 0 148.049 1.93827 108.207 130.251 22.7978 0.609172 159.586 15.9596 5.21653 148.376 77.7051 17.2841 86.7976 14.8677 34.3759 2.33553 83.9282 
103.968 130.377 187.36 0.0939678 21.8209 54.8745 174.736 210.781 174.715 141.241 12.476 0 24.2545 138.961 270.744 40.8597 82.5803 110.757 1.41404 11.8736 59.1694 67.9298 106.02 179.89 353.7 227.342 120.798 1.08223 
105.84 134.148 54.9873 2.99978 5.07576 40.4544 219.26 142.602 199.7 23.5545 122.375 27.1733 0 1.93146 36.8338 83.9829 11.6772 40.8896 6.10142 17.9323 0.0111837 86.6799 67.2141 62.1458 55.9496 47.4716 15.0483 38.0989 
51.0484 70.4825 9.89415 7.38434 70.1445 8.62565 11.0562 104.332 75.2944 50.7585 0.473137 7.3324 144.586 0 37.7298 2.22588 0.147848 32.9157 27.3516 0.0367004 5.28448 4.37065 8.76246 8.84302 5.79599 1.87941 8.3792 6.8764 
17.3643 30.4129 4.35289 27.0293 46.0749 8.49407 75.1961 66.0569 31.2239 84.6075 57.8296 75.8858 74.3281 8.98133 0 65.7718 17.3737 0.219771 21.3568 0.0922328 8.83107 16.2307 9.35366 20.3346 21.8972 23.9724 16.9974 0.0368103 
50.8786 45.7305 12.5804 29.1423 40.1076 21.2916 69.033 23.9255 116.18 0.519427 24.5002 82.6801 66.0507 17.916 27.3044 0 3.55344 27.8622 25.2628 3.76363 2.63276 0.125053 10.1042 10.8062 21.693 25.3548 1.52434 7.99301 
108.695 75.9646 29.7667 66.4666 63.1551 85.4724 104.981 13.8902 53.1052 62.5384 20.9248 12.4394 54.1842 17.3332 8.25659 0.766512 0 274.989 474.902 10.3777 8.63953 14.2284 10.3762 0.161105 63.244 24.7399 21.8659 19.6039 
235.429 208.13 154.231 4.87116 76.3621 2.74434 126.168 128.692 30.7731 3.7385 85.8903 104.127 105.52 53.124 66.2537 0.910122 99.3478 0 127.014 78.6222 121.526 24.0723 21.4159 0.233297 30.5072 1.42461 21.2108 22.0311 
2.49437 20.0538 0.0332661 10.6554 100.789 89.8517 143.378 108.633 154.325 109.818 0.417894 57.7508 79.8209 7.7753 32.9864 1.08404 131.683 106.603 0 15.0454 31.3244 7.17046 0.302039 0.0926905 30.4427 30.0889 24.1937 25.691 
3.8416 12.4949 6.02904 17.6617 38.1495 14.9699 14.3987 3.12407 96.7159 0.58119 86.2982 53.4999 38.6415 3.3579 11.2563 1.45939 23.172 73.0945 32.1641 0 332.476 4.85837 3.03178 4.41201 10.5888 1.00787 0.281885 6.03194 
1.53186 83.2134 49.3476 14.105 34.5219 45.0566 34.5727 53.7951 18.4108 41.6171 27.6954 105.458 66.3679 44.0391 0.33975 3.37613 0.0400869 115.261 1.82906 72.2721 0 2.04688 38.5471 38.4964 8.01139 2.96766 40.0302 3.02424 
14.1876 39.4717 11.4107 15.4972 56.6107 7.79612 53.9669 50.436 14.8445 26.6392 28.664 76.5275 32.3366 10.5743 1.04253 0.913964 0.0233993 10.2814 5.7381 3.25211 6.89581 0 10.9892 5.19584 4.60991 10.7889 4.8375 5.22984 
21.6215 8.18123 0.620009 9.95648 0.783028 14.228 60.2441 26.732 2.08452 11.4497 48.512 120.485 74.9445 9.25329 24.5154 8.00294 1.25305 40.2058 21.0549 2.79832 37.4565 10.8918 0 16.7496 17.7359 9.99672 11.6024 3.42585 
0.449871 61.8379 12.1837 26.569 56.4316 0.44182 12.8611 127.757 45.2677 0.340145 99.2543 124.346 47.5832 10.4005 28.1252 21.555 14.8147 46.5212 2.19677 0.0871646 18.6269 3.014 6.95283 0 39.3385 0.593958 0.766193 14.465 
38.7959 107.812 27.8361 55.2694 0.0851983 40.1846 6.68155 193.316 164.579 71.4126 143.222 428.315 28.3136 3.93226 24.1058 52.2566 40.1664 35.1261 5.45216 4.69397 1.19528 40.1148 2.2679 29.6615 0 115.956 148.406 29.2721 
4.85546 50.8426 10.626 44.479 62.4776 0.0329091 19.1588 10.6785 92.7536 76.4301 42.4692 110.503 36.3921 7.73922 29.2134 20.899 19.7852 1.09503 3.03916 8.09771 38.9471 8.48951 0.935193 2.48305 4.44578 0 35.5505 3.67976 
30.797 49.0194 17.9167 6.65725 46.9453 14.1447 36.8665 83.0304 79.5887 26.5576 12.4591 15.7886 22.8463 11.0452 17.4319 0.850703 2.16616 3.63801 14.3167 6.02681 4.16371 5.02091 0.0635201 2.33494 11.3357 21.013 0 86.4699 
46.8083 0.163067 15.7306 3.62359 11.3804 17.1909 67.2136 107.891 17.3847 29.1838 6.27523 151.194 11.9776 2.71808 5.61061 3.78674 7.29574 17.5667 0.606824 1.52985 16.7282 9.03216 0.113161 10.9718 5.43764 56.0223 25.6223 0 
