0 390.51 0.187916 412.749 266.212 103.115 130.741 145.603 275.069 63.038 194.79 150.451 6.96673 10.9702 62.4574 49.5898 125.672 2.28706 113.563 176.239 147.131 0.473774 14.6266 2.21534 118.664 76.0081 3.38804 12.3618 
457.628 0 143.603 332.054 117.951 257.208 88.8541 110.56 107.727 156.603 74.5698 206.647 52.7933 21.2192 90.9407 0.0105423 198.109 576.665 0.268654 116.494 34.1098 0.0653969 1.00688 61.7015 83.375 72.1982 4.60693 22.8198 
117.593 327.247 0 153.963 76.8234 31.4339 133.096 24.69 42.022 92.456 216.194 172.496 6.80934 7.21401 29.6193 24.3086 40.6173 141.029 28.8487 5.55673 2.19004 12.6037 0.37147 0.00590847 2.94757 10.5159 16.2289 22.0457 
422.304 104.826 90.7161 0 103.958 83.3139 35.7183 966.003 82.2105 41.4919 187.329 200.755 0.0992269 5.39873 36.8163 42.9892 125.321 138.845 27.8141 25.1892 697.72 13.6204 11.7448 10.3962 97.125 43.7578 2.03547 27.2093 
184.853 470.579 141.711 51.2848 0 383.479 336.499 134.611 0.198372 15.5256 134.518 128.929 147.262 4.28558 57.2751 3.81523 15.4825 113.145 94.0293 43.6585 120.441 6.69422 4.98603 3.7402 18.9208 39.9563 48.4616 45.6671 
155.569 76.5666 0.107993 83.8792 258.382 0 1394.83 211.321 77.5545 991.309 5.15472 107.139 187.249 11.9622 23.801 23.164 112.324 0.886798 39.7007 23.3456 29.8587 18.1345 3.12129 1.19529 104.808 24.3572 14.0535 3.46284 
228.74 74.1001 103.181 202.985 309.246 396.535 0 367.623 1306.88 414.609 29.3017 105.859 189.089 91.4088 134.074 70.0205 109.875 181.127 6.00068 19.2056 37.7529 14.3366 7.36697 70.8935 84.8894 19.2361 58.996 15.5488 
119.995 283.551 273.098 132.766 144.237 1.78111 398.537 0 469.198 45.1832 340.574 966.283 132.619 116.954 115.617 2.30537 55.983 61.1118 78.6039 23.9438 83.6742 3.93191 0.00130941 52.1461 12.6071 211.227 91.9812 80.7148 
94.992 313.084 19.6592 406.757 346.066 157.598 765.221 79.8938 0 296.372 1372.62 181.795 69.2247 10.9864 219.507 112.513 170.995 218.636 66.775 0.875169 153.9 0.442099 17.0977 70.4741 172.598 29.5278 7.41644 6.58839 
37.0696 183.072 68.7769 86.934 331.583 332.315 99.1863 26.878 84.9709 0 23.1193 128.217 284.823 45.7455 77.0318 83.8596 31.0831 59.0256 6.35748 41.24 75.5461 61.0802 15.3871 13.7233 12.0014 68.0014 11.9318 45.3793 
74.7481 5.83937 6.98349 127.533 259.035 26.9882 105.839 60.4083 457.639 507.176 0 504.09 196.893 131.496 0.897274 158.657 0.300477 62.0978 82.1124 9.92045 124.442 14.6196 2.75938 91.7306 146.034 46.4441 84.7017 104.534 
39.503 193.541 89.2588 257.225 63.5632 36.9928 13.0946 688.526 224.082 209.225 375.873 0 78.1336 15.0506 59.7582 431.903 45.1576 106.698 26.3929 96.7348 146.64 24.3404 8.69227 30.6989 312.963 237.139 90.3112 86.4462 
106.486 122.204 10.4289 23.9479 175.271 47.5312 141.084 12.5898 32.7422 19.5467 37.948 0.411369 0 15.2902 94.6914 2.42582 8.52368 79.0742 14.234 0.0963204 77.8922 65.3884 81.7995 1.54842 3.07359 26.2264 11.4668 18.1289 
19.2603 48.535 16.6338 14.5713 67.2534 15.1288 9.80684 0.35925 18.8032 52.526 212.103 126.403 90.253 0 53.5785 2.12697 0.735079 49.6459 17.5252 4.80164 21.1513 2.80713 5.71603 5.92828 1.90892 12.2293 1.96589 0.00855743 
48.3218 5.64877 8.53874 38.2597 6.99228 23.0587 142.313 14.9091 40.4578 76.0423 27.2399 265.53 116.64 25.0562 0 76.583 3.49133 68.9033 34.8727 0.109534 37.8528 6.08993 0.216595 7.75865 2.63042 25.9535 12.0167 17.481 
77.7645 83.291 0.254715 27.3615 67.4098 0.420107 96.219 247.994 28.5155 9.29959 161.222 468.293 11.2529 17.833 40.3194 0 21.7565 60.9313 7.38281 5.75581 32.7843 0.783233 3.07754 24.7 37.5154 13.196 0.337537 13.7151 
96.1835 126.589 46.3038 77.3013 100.582 110.057 9.67034 65.4905 170.67 29.1209 19.0727 30.6706 7.4219 15.3701 29.048 8.30993 0 253.094 302.572 28.2885 44.8588 8.59718 1.33784 13.2597 103.546 14.5019 11.0176 14.1205 
150.919 227.838 64.212 77.7051 235.11 109.502 201.652 109.869 164.292 51.6253 25.8844 99.9004 0.372445 41.7575 0.755672 19.5405 62.5483 0 110.578 72.0026 73.6915 4.21162 0.443373 41.9358 59.6791 5.98748 44.783 0.0576878 
26.82 92.6911 60.9274 15.4661 89.1038 88.985 4.54525 115.312 0.487326 62.5994 114.351 100.268 84.5315 0.680935 0.701177 5.47566 241.481 130.139 0 19.9884 0.929605 5.5893 5.57777 2.30265 8.31871 1.28246 0.148338 19.3763 
54.9358 65.683 21.1362 24.8325 64.7671 24.0813 89.1237 109.645 105.842 3.3129 55.2809 77.467 38.8203 1.8598 11.7785 8.10292 5.36456 65.3089 3.44698 0 227.277 2.40423 1.47251 0.688979 9.06614 10.8958 3.04304 2.09701 
14.0677 75.162 0.106264 38.8941 94.2991 63.3957 57.4884 169.402 154.979 41.8447 0.422895 19.1957 13.62 14.9232 19.3505 8.08003 64.5977 57.54 34.6519 259.564 0 32.7204 25.7371 44.6734 41.8575 62.9501 40.3828 41.1533 
14.1563 7.06087 0.865822 9.30684 34.5582 16.6977 15.8911 55.0871 0.140903 0.0976223 78.3186 47.2133 87.7668 2.78415 11.9857 0.18218 21.2088 0.0137306 4.28808 2.20982 20.288 0 0.39066 1.98978 12.1429 0.00800446 9.96396 1.77063 
2.34557 0.247553 6.38144 17.9556 1.90624 13.7217 61.555 23.8805 2.47521 47.2719 112.219 0.719484 75.3818 6.66059 9.24425 1.30242 10.5443 6.07976 8.22945 1.23137 28.0564 0.425573 0 1.77065 17.6073 0.0726909 7.44443 7.1906 
57.7043 10.2068 15.2585 12.6181 55.8027 3.93272 5.59693 103.376 100.064 60.3114 1.55746 0.000111683 10.9769 2.08739 22.9058 2.49117 19.6762 11.288 0.116589 5.53441 46.5795 6.5218 16.9443 0 41.5846 1.25192 14.6214 14.1795 
103.883 133 24.1733 115.876 29.5598 94.215 18.6727 181.621 118.441 14.8769 26.9918 282.653 15.7936 3.4023 1.41667 41.3474 76.9957 59.094 29.2399 6.34038 12.3361 67.2944 0.362317 60.3155 0 66.6582 57.7148 110.914 
14.2513 38.7478 27.5316 42.0702 0.5213 7.66262 85.806 150.044 0.125154 7.67992 55.2954 227.266 3.2711 0.0331435 19.0377 8.59796 8.11528 5.3141 26.3028 2.51879e-06 40.1341 1.90239 8.67583 0.0845504 9.02066 0 1.85265 1.09278 
25.9312 0.964427 16.3862 17.5083 45.5107 4.7869 58.0359 43.0535 74.255 44.0263 51.4208 76.0832 19.0646 5.92632 0.393026 0.0676465 7.99171 33.5468 9.84997 1.99688 4.52585 10.1197 10.1532 16.8968 46.9891 2.37315 0 51.1079 
4.19261 6.64365 20.9693 10.9063 28.6417 0.823664 34.2238 129.812 4.73646 42.1014 76.2108 160.062 20.6013 1.30643 23.3759 8.87569 23.6906 0.773046 1.00598 6.80681 43.568 10.5375 0.74676 12.6319 19.3337 35.4828 92.9622 0 
