0 377.479 0.240644 403.91 266.045 93.3733 129.985 146.489 266.141 63.3289 194.787 150.914 6.89642 10.919 62.3905 49.46 116.338 2.40386 113.626 177.902 146.481 0.48085 14.5815 2.18815 109.068 76.0592 3.41188 12.4182 
444.758 0 140.135 321.387 115.62 248.491 86.7965 109.817 99.0251 155.967 75.14 206.412 52.554 21.3099 90.8624 0.0137045 188.377 677.886 0.238807 116.778 34.3756 0.0688741 1.02377 61.7104 73.8241 72.1134 4.57946 22.7515 
116.769 330.733 0 150.527 76.2343 31.2164 132.044 25.3048 43.8243 92.675 216.689 172.22 6.74295 7.18609 29.5699 24.2942 40.6959 141.336 28.9571 5.51005 2.11233 12.6044 0.365948 0.00677636 2.97524 10.5644 16.2435 22.0408 
412.885 94.475 92.6479 0 104.356 73.7181 36.2037 1056.74 73.0914 41.2804 187.033 200.02 0.106815 5.36973 36.8522 42.9939 115.886 138.703 27.9099 25.3121 681.359 13.6316 11.7209 10.4366 87.5535 43.7847 2.0194 27.1731 
185.561 468.769 141.192 50.902 0 386.272 334.911 135.042 0.148983 16.0582 133.913 129.188 146.987 4.23949 57.4299 3.76966 15.296 113.696 92.93 43.4929 120.545 6.73204 4.95067 3.71016 18.9903 40.044 48.4711 45.6227 
145.77 67.085 0.0911886 74.4952 127.231 0 1246.82 211.48 67.8033 951.914 5.43366 107.459 155.278 12.0008 23.7068 23.1289 102.916 0.845318 39.9173 23.3307 29.962 18.1182 3.10393 1.20691 95.3091 24.3283 14.071 3.48182 
228.204 72.1912 104.22 202.927 310.957 384.202 0 366.705 1306.4 412.317 30.311 105.165 189.464 91.4935 134.241 70.207 109.868 181.584 5.87668 19.3385 37.5609 14.2767 7.42931 70.8711 84.9649 19.3745 58.9766 15.624 
119.13 283.835 272.852 133.914 144.658 1.89617 398.03 0 472.388 44.7825 341.216 962.127 132.753 117.086 115.138 2.50043 56.0949 61.3882 78.4597 24.1108 84.0705 3.96348 0.0027589 52.4334 12.3482 211.701 91.9033 80.46 
85.1688 302.129 18.4246 397.137 346.426 145.823 750.259 77.6191 0 297.631 1173.24 183.093 69.6222 11.1807 218.028 112.821 161.612 218.688 66.5055 0.844613 154.149 0.43071 16.9743 70.3326 162.906 29.7683 7.46739 6.65816 
36.8178 182.501 69.0494 87.1031 331.717 335.866 101.522 27.2034 86.2083 0 21.7435 127.611 283.809 45.9263 77.4249 83.9722 31.1901 59.2643 6.25277 41.1732 75.648 61.0808 15.3044 13.6474 12.0834 67.9184 11.8908 45.437 
75.0923 5.65494 6.71268 128.054 258.923 26.3873 107.581 59.5845 450.815 509.84 0 503.375 197.43 130.798 0.686424 157.927 0.288986 62.3477 82.2938 9.84884 124.287 14.5482 2.67961 91.4969 146.046 46.0829 84.7286 104.61 
39.8723 193.239 89.7543 257.399 63.2884 37.2822 13.3975 680.51 222.784 209.66 377.791 0 77.8806 15.3026 60.6538 429.4 45.2448 106.885 26.4935 96.7395 146.462 24.2596 8.82183 31.1004 310.601 239.42 90.1359 86.8855 
106.531 122.012 10.509 24.0429 175.174 48.1993 140.562 12.468 33.0503 20.2342 38.4073 0.437445 0 14.9194 94.4339 2.36927 8.47948 78.9629 14.1489 0.100538 77.8956 65.5577 81.93 1.58451 3.04317 26.2951 11.4376 18.1716 
19.1994 48.4425 16.6297 14.6045 67.214 15.1646 9.6965 0.386544 19.0212 52.35 212.211 126.028 90.873 0 53.9094 2.1762 0.741579 49.6166 17.5521 4.80167 21.1071 2.79012 5.66176 5.89668 1.92703 12.2179 1.97473 0.00939444 
48.4151 5.7257 8.4754 38.2843 6.91004 23.1533 142.339 15.1793 39.9664 75.6481 26.0536 265.897 116.545 25.5346 0 76.0492 3.50896 68.9099 34.8461 0.10714 37.9152 6.06565 0.23226 7.68298 2.6653 26.007 11.9939 17.4499 
77.8133 83.2563 0.245055 27.4576 67.4725 0.408185 96.3221 248.417 28.2426 9.42143 160.5 466.573 11.3687 17.8748 39.5746 0 21.7737 60.9473 7.40971 5.74423 32.7026 0.775351 3.048 24.5991 37.5313 13.0906 0.330748 13.6734 
86.568 117.381 46.2375 67.7911 100.286 100.651 9.58073 65.5974 161.068 29.2263 18.9899 30.5874 7.46356 15.3534 29.0378 8.33125 0 253.794 268.316 28.3172 44.7957 8.6114 1.33086 13.2446 94.0466 14.4787 11.0036 14.1377 
150.351 225.575 63.773 78.0323 235.158 109.662 202.031 110.154 164.662 51.8579 25.6985 100.094 0.357509 41.804 0.773114 19.6062 63.4429 0 110.317 72.1105 73.8494 4.231 0.451263 41.9661 59.682 6.0275 44.779 0.0607372 
26.9825 93.0798 60.9038 15.3831 88.0202 89.0405 4.65486 115.345 0.518267 62.3616 114.471 100.28 84.5055 0.672257 0.68916 5.4516 240.965 129.936 0 20.0325 0.946449 5.57211 5.59487 2.31454 8.29441 1.29415 0.145789 19.3951 
54.0905 65.3135 21.0866 24.9553 64.6121 24.0887 89.0452 109.542 105.813 3.27752 55.3886 77.3546 38.8469 1.85541 11.7778 8.0942 5.33657 65.4317 3.47294 0 225.169 2.40848 1.46917 0.685169 9.0802 10.9041 3.03539 2.10519 
14.3796 75.4953 0.0895647 39.966 94.4653 63.4768 57.2742 169.716 155.225 41.9627 0.445278 19.364 13.5644 14.965 19.4123 8.02537 64.567 57.7005 34.5771 261.426 0 32.7177 25.7032 44.6981 41.9208 62.944 40.3624 41.1141 
14.1251 7.09404 0.860125 9.29265 34.6154 16.7174 15.8289 55.1389 0.134487 0.104651 78.3035 47.1288 87.7028 2.80115 12.0094 0.186112 21.2076 0.0125924 4.27256 2.20564 20.309 0 0.378221 2.00814 12.1329 0.00857219 9.97303 1.77677 
2.36683 0.256014 6.36506 17.9686 1.92885 13.7381 61.4814 24.0205 2.42456 47.1931 112.011 0.758408 75.544 6.6094 9.16388 1.2815 10.5307 6.05256 8.21032 1.22819 28.0239 0.412601 0 1.69428 17.655 0.0701289 7.46126 7.20086 
57.697 10.1528 15.2654 12.6594 55.8153 3.91349 5.54445 103.634 100.076 60.3011 1.61411 0.000832042 11.0658 2.0619 22.8397 2.56866 19.6838 11.2505 0.119411 5.53028 46.563 6.49548 17.0521 0 41.4795 1.26895 14.5959 14.1848 
94.4917 123.602 24.2052 106.338 29.6366 84.7617 18.5577 181.366 109.164 14.9658 27.225 363.332 15.8539 3.42514 1.44284 40.5487 67.509 59.1062 29.2523 6.32566 12.3914 68.5517 0.369239 60.7202 0 64.463 63.2559 113.248 
14.156 38.6248 27.5296 42.1147 0.536551 7.62368 85.9267 149.276 0.108238 7.60069 54.916 224.963 3.23866 0.030812 19.1085 8.50358 8.09412 5.35207 26.2824 3.09451e-05 40.2092 1.89459 8.66426 0.0891884 8.99047 0 1.89111 1.16599 
25.8832 0.951408 16.4006 17.538 45.4897 4.80303 58.0602 42.9157 74.2107 44.0516 51.5215 76.2777 19.0323 5.93794 0.386559 0.0646 8.0051 33.5176 9.83382 2.00348 4.50418 10.1285 10.1386 16.8772 46.8359 2.33035 0 51.5743 
4.15723 6.68711 20.9823 10.9508 28.5863 0.813842 34.3158 129.915 4.79616 42.1641 76.0523 159.806 20.5578 1.2969 23.3776 8.83415 23.6965 0.784028 0.998034 6.8172 43.6029 10.537 0.752674 12.6191 19.342 35.2072 92.9461 0 
