0 272.697 3.88051 399.671 260.225 73.9522 110.459 169.533 266.954 70.9618 194.246 162.677 5.18565 9.62072 60.5811 46.0447 107.222 6.44179 115.046 209.366 129.341 0.682788 13.4236 1.53903 93.11 77.2604 4.05949 13.9172 
340.59 0 61.085 274.748 61.6967 253.957 40.7615 90.9127 109.371 139.115 90.4037 199.805 46.4179 23.7088 88.6617 0.241964 168.624 135.116 0.0800805 123.703 41.5478 0.190824 1.51074 61.8838 59.1267 69.8185 3.89231 20.9946 
95.2257 410.468 0 66.6205 61.2361 25.6278 104.753 43.5461 101.52 98.057 227.961 164.314 5.12045 6.46605 28.2075 23.8556 42.6939 148.667 31.7802 4.35057 0.580813 12.6138 0.236543 0.0501933 3.73412 11.8401 16.6138 21.8885 
393.36 63.3159 131.568 0 114.467 58.0294 49.6712 1019.49 73.5556 35.8671 178.53 179.885 0.401882 4.63572 37.7035 42.9532 104.072 134.561 30.4113 28.489 79.5612 13.9183 11.094 11.4962 72.2464 44.3462 1.62275 26.2016 
203.333 414.455 127.08 41.2543 0 443.87 290.895 146.113 1.34507 32.8078 118.197 135.759 139.526 3.12528 61.4074 2.67702 10.8075 128.032 65.788 39.2106 123.096 7.74684 4.07186 2.96981 20.8246 42.3161 48.6964 44.4468 
124.454 56.554 0.152538 64.2904 685.224 0 1341.84 214.375 61.5342 435.887 15.1601 115.577 442.023 12.997 21.2436 22.1734 91.8285 0.115055 45.5781 22.907 32.6662 17.679 2.66631 1.52757 81.8324 23.5423 14.5199 3.98952 
213.275 30.5285 131.506 200.044 352.614 127.933 0 339.993 1175.11 346.327 61.8957 87.4916 198.48 93.4756 138.019 74.9543 109.515 192.975 3.09563 22.9079 32.6826 12.7499 9.12938 70.1993 86.7983 23.1053 58.4327 17.6289 
97.14 289.911 263.686 138.292 155.419 6.12548 381.366 0 548.817 34.8583 355.898 815.282 136.071 120.207 102.494 10.281 58.9884 68.6743 74.6651 28.5991 94.4554 4.82473 0.227801 60.0052 6.52663 222.434 89.7672 73.7916 
64.3089 250.508 0.326746 376.356 353.381 83.4163 366.772 29.146 0 327.961 936.594 216.915 80.1362 16.7901 230.866 120.534 151.105 219.44 59.561 0.240505 160.36 0.186389 13.8963 66.5885 144.331 36.257 8.84711 8.59012 
30.487 167.026 76.0217 91.2939 331.913 419.58 168.399 36.2493 120.366 0 0.710767 111.866 254.535 50.5919 87.4709 86.6372 33.9929 65.5216 3.82235 39.4014 78.242 61.0093 13.2123 11.7325 14.2885 65.6422 10.8414 46.8996 
84.1362 1.88974 1.53149 141.309 255.068 12.9776 156.031 39.8668 315.321 567.498 0 479.036 210.705 112.344 5.09474 138.336 0.0689584 68.912 86.9551 8.07054 120.123 12.7405 1.01045 85.2837 145.929 37.0228 85.3438 106.414 
49.9315 184.942 102.64 259.865 56.2609 45.0544 22.4026 462.731 188.969 220.202 424.41 0 71.312 22.4886 85.4305 351.831 47.5068 111.663 29.1507 96.7193 141.63 22.1834 12.493 42.2327 276.751 295.981 85.4704 98.2813 
107.585 116.833 12.6829 26.5437 172.164 58.3093 126.757 9.49303 41.4596 41.8289 51.1127 1.39537 0 6.77479 87.4245 1.13028 7.36593 76.0136 12.009 0.241685 77.9361 69.8235 85.0341 2.66276 2.30269 28.0843 10.6855 19.2895 
17.631 46.0007 16.4904 15.4576 66.1049 16.0761 7.02806 1.44484 25.0607 47.7186 213.338 115.889 106.586 0 60.3236 3.61905 0.9203 48.8191 18.2459 4.7995 19.959 2.36045 4.23322 5.06995 2.42261 11.8959 2.20939 0.0448511 
50.8051 7.89678 6.88866 38.8362 4.93078 25.5894 142.392 22.9527 28.3217 65.3308 4.26817 272.577 113.51 38.1047 0 59.5926 3.98101 69.0101 34.1262 0.0541358 39.522 5.44273 0.827188 5.80752 3.64413 27.3101 11.3978 16.6244 
78.9357 82.2134 0.0590816 29.9038 69.0165 0.157869 98.775 256.8 21.5197 12.8292 141.064 405.995 14.5492 18.7652 21.3182 0 22.2092 61.3079 8.12036 5.44166 30.5758 0.583434 2.31625 21.6959 37.7798 10.4144 0.178223 12.5795 
70.2168 111.63 44.4465 54.1474 92.4605 89.6095 7.38757 68.3491 144.873 31.9943 16.8891 28.4471 8.58319 14.9162 28.7554 8.89103 0 269.686 363.925 29.0455 43.1444 8.98228 1.1553 12.853 80.5937 13.8762 10.641 14.5813 
135.361 152.778 52.583 86.4794 235.497 113.535 211.212 117.503 173.979 57.9831 21.0655 105.075 0.0761551 42.9886 1.29486 21.3312 88.1822 0 103.328 74.8113 77.9269 4.74871 0.68071 42.7312 59.7138 7.11031 44.659 0.167308 
31.3163 103.114 60.1596 13.278 61.417 90.1228 7.94288 116.046 1.65323 56.1817 117.442 100.507 83.725 0.465901 0.413033 4.84092 222.704 124.371 0 21.1745 1.43759 5.13218 6.04552 2.63384 7.67038 1.61597 0.0871998 19.8784 
34.1331 55.7908 19.7546 28.1376 60.514 24.2394 86.8283 106.633 104.861 2.42079 58.1634 74.3483 39.5122 1.74219 11.7492 7.86078 4.63089 68.5451 4.17699 0 167.698 2.51972 1.38326 0.58929 9.4418 11.111 2.83879 2.32153 
23.5813 84.2248 0.156304 61.7314 98.696 65.5167 51.7622 177.504 161.347 45.0412 1.22881 23.9634 12.1483 16.0604 21.0341 6.66173 63.7292 61.8851 32.6383 302.729 0 32.6383 24.8153 45.3097 43.5465 62.7179 39.8165 40.0765 
13.3195 7.97986 0.718089 8.92247 36.0954 17.2154 14.2433 56.4564 0.0201078 0.372733 77.8383 44.9156 85.7792 3.25429 12.6166 0.302882 21.1675 0.000290234 3.87671 2.09763 20.8529 0 0.124784 2.50997 11.8849 0.0301246 10.2047 1.9395 
2.95087 0.525602 5.93941 18.288 2.56136 14.1517 59.4972 27.7548 1.28896 45.0881 106.328 2.12338 79.5281 5.21711 7.13767 0.792106 10.1753 5.36401 7.71688 1.1464 27.1722 0.145032 0 0.282163 18.8405 0.0195269 7.89703 7.46376 
57.4465 8.79121 15.425 13.7359 56.0989 3.42528 4.2632 110.12 100.227 59.9377 3.43428 1.11402 13.4734 1.44359 21.0189 4.93514 19.874 10.2889 0.204692 5.41986 46.1018 5.81601 19.3948 0 38.4189 1.74797 13.9164 14.3068 
83.8831 112.753 24.9981 91.8169 31.64 72.5084 15.6658 173.883 101.622 17.3442 33.5399 684.529 17.4445 4.03877 2.20227 26.5532 54.4123 59.3809 29.5578 5.94368 13.8602 82.3168 0.70706 69.0928 0 18.4674 165.91 81.2413 
11.7741 35.4348 27.4143 43.1438 1.00982 6.63311 88.8998 128.889 0.0996715 5.67273 45.3106 164.756 2.44922 3.3018e-05 20.9154 6.18083 7.54927 6.38168 25.7381 0.0122237 42.1386 1.69634 8.3525 0.252701 8.30991 0 3.01863 3.86244 
24.6368 0.644382 16.7628 18.3014 44.9226 5.22911 58.6515 39.353 73.0011 44.6809 54.1181 81.2651 18.1972 6.2394 0.237121 0.0100685 8.35439 32.7516 9.4152 2.17779 3.95703 10.3553 9.75109 16.3432 42.6444 1.34834 0 63.38 
3.2863 7.85941 21.2979 12.1238 27.1445 0.57865 36.7115 132.282 6.47373 43.764 71.861 152.558 19.4311 1.06016 23.3841 7.76922 23.8427 1.09562 0.80219 7.08578 44.49 10.5197 0.913665 12.2707 19.5553 28.0211 90.8835 0 
