0 296.924 4.82266 437.564 259.084 110.962 107.49 173.059 306.905 72.1446 194.086 164.437 4.9429 9.42666 60.291 45.515 145.758 7.23149 115.228 211.992 126.684 0.716948 13.248 1.44897 130.592 77.4235 4.16369 14.1531 
364.3 0 51.3011 307.098 54.6753 294.465 35.0645 88.0874 151.391 136.482 92.8167 198.703 45.4919 24.0837 88.295 0.301955 205.485 670.579 0.161348 124.686 42.6938 0.214966 1.5938 61.9003 96.8179 69.4504 3.79114 20.7275 
91.9271 420.391 0 55.8314 58.9993 24.7839 100.607 46.7135 112.008 98.8289 229.41 162.977 4.88909 6.35645 27.985 23.7776 42.9924 149.677 32.2145 4.18201 0.429559 12.6141 0.219082 0.0604253 3.85736 12.0381 16.669 21.8608 
428.918 99.2552 125.508 0 115.977 95.5997 51.8745 267.026 114.227 35.05 177.089 176.635 0.463941 4.52637 37.8203 42.9192 142.182 133.848 30.797 28.9723 487.209 13.9614 10.997 11.6604 109.832 44.4087 1.56532 26.0472 
205.944 404.992 124.82 39.828 0 448.715 283.736 147.786 1.95215 35.8567 115.79 136.744 138.327 2.96813 62.0109 2.52488 10.1804 130.229 61.902 38.557 123.463 7.90832 3.94367 2.86283 21.1111 42.6633 48.7272 44.2622 
161.105 95.2861 0.246965 102.697 168.307 0 1016.17 214.605 102.822 411.572 17.0664 116.789 686.345 13.1489 20.8634 22.0197 130.056 0.0624133 46.4507 22.8355 33.0852 17.6087 2.60136 1.57993 119.691 23.4156 14.5881 4.07011 
210.818 25.58 135.709 199.367 358.467 103.961 0 335.43 1136.41 335.289 67.6119 84.8491 199.739 93.7424 138.502 75.6655 109.433 194.632 2.74454 23.4756 31.9532 12.5206 9.40424 70.0806 87.0569 23.6997 58.3422 17.9447 
93.8589 290.615 261.814 137.273 157.036 6.98422 378.225 0 559.244 33.4203 357.802 787.039 136.549 120.634 100.525 11.9295 59.4309 69.8103 74.0742 29.3128 96.0637 4.96416 0.294393 61.1831 5.78822 223.799 89.4202 72.7586 
101.213 282.495 2.82139e-05 412.394 354.036 115.691 313.62 23.6503 0 332.178 1017.9 222.105 81.7788 17.7452 240.919 121.668 189.412 219.457 58.5046 0.180086 161.268 0.157729 13.4457 66.0025 181.39 37.2936 9.06846 8.90706 
29.5525 164.555 77.0701 91.9026 331.378 430.435 179.53 37.7349 125.916 0 0.0631372 109.453 249.589 51.3016 88.9788 87.0009 34.4277 66.4905 3.4995 39.1239 78.6313 60.9837 12.9 11.4476 14.6402 65.2719 10.683 47.1181 
85.5406 1.48778 1.05724 143.289 254.313 11.3102 163.94 37.1389 301.135 574.19 0 474.351 212.624 109.476 7.44699 135.238 0.0485157 69.9319 87.6613 7.81116 119.461 12.4709 0.823875 84.3068 145.837 35.6909 85.4242 106.662 
51.553 183.594 104.614 259.892 55.1997 46.2912 23.9757 429.068 183.773 221.688 430.952 0 70.3052 23.6983 89.4612 338.186 47.8539 112.383 29.5663 96.6917 140.852 21.8687 13.1084 44.055 277.702 304.03 84.7351 100.024 
107.725 116.006 13.0318 26.9334 171.619 58.4591 124.602 9.06876 42.8168 45.7486 53.1895 1.59038 0 5.78972 86.2961 0.979327 7.20069 75.5515 11.6929 0.268782 77.9341 70.4551 85.4603 2.85241 2.19751 28.3595 10.5712 19.4622 
17.3927 45.6199 16.4635 15.5868 65.9201 16.2127 6.65243 1.6668 26.0496 46.9981 213.222 114.271 108.911 0 60.8984 3.86651 0.949423 48.6906 18.3515 4.79866 19.7829 2.29661 4.01504 4.94257 2.50303 11.8421 2.24638 0.052645 
51.1663 8.25904 6.65517 38.906 4.65418 25.9592 142.294 24.2717 26.7341 63.7404 2.53609 273.103 112.95 39.9853 0 56.7307 4.05591 69.0135 34.0105 0.0475644 39.7661 5.34847 0.950159 5.53593 3.80658 27.4953 11.3055 16.4945 
79.083 82.0293 0.0417112 30.27 69.2398 0.12965 99.1117 257.629 20.5523 13.3926 137.981 394.295 15.0663 18.8673 18.8205 0 22.2745 61.3539 8.23158 5.39487 30.2487 0.556204 2.21046 21.2073 37.7897 10.0162 0.15887 12.41 
107.659 150.703 44.1607 91.9999 91.2391 127.845 7.07365 68.7669 182.305 32.4245 16.5743 28.1214 8.76138 14.8483 28.7091 8.97798 0 271.716 246.129 29.1539 42.8881 9.03952 1.12932 12.7924 118.46 13.7835 10.5852 14.6493 
133.024 140.535 50.9084 87.7657 235.394 114.082 212.505 118.619 175.356 58.9367 20.3874 105.829 0.051249 43.1667 1.38678 21.5998 92.2019 0 102.225 75.208 78.5481 4.8307 0.720134 42.8452 59.7114 7.28381 44.6376 0.188381 
32.0015 104.64 60.0232 12.9641 57.6309 90.227 8.52235 116.129 1.88415 55.2344 117.872 100.526 83.5873 0.437426 0.376718 4.7496 219.154 123.468 0 21.3493 1.52205 5.0657 6.11586 2.68456 7.57576 1.6685 0.079512 19.9518 
31.4455 54.3462 19.5429 28.6222 59.8732 24.2556 86.4581 106.149 104.683 2.29995 58.5847 73.8721 39.6101 1.72491 11.7432 7.82378 4.52603 69.0092 4.29036 0 158.658 2.53692 1.37015 0.575112 9.49678 11.1411 2.80894 2.35551 
25.1772 85.5742 0.252188 63.289 99.3325 65.8185 50.9244 178.638 162.241 45.5168 1.38361 24.7074 11.9362 16.2305 21.2862 6.4618 63.5937 62.5292 32.3408 307.687 0 32.6244 24.6779 45.3985 43.7927 62.6717 39.7297 39.9137 
13.1965 8.11993 0.697305 8.86544 36.3212 17.2895 14.0045 56.6537 0.0114863 0.428522 77.7541 44.5729 85.4399 3.32576 12.7082 0.323292 21.1601 0.0013641 3.81721 2.08113 20.9362 0 0.0978442 2.59108 11.8487 0.0346017 10.2396 1.96502 
3.04601 0.575508 5.87403 18.334 2.66627 14.2129 59.1805 28.3445 1.14542 44.7552 105.409 2.39343 80.0974 4.99687 6.83888 0.726484 10.1205 5.26125 7.64165 1.13397 27.0398 0.115877 0 0.168658 19.0131 0.0145142 7.96369 7.50352 
57.3976 8.58885 15.4461 13.9015 56.1349 3.35239 4.08004 111.075 100.222 59.8657 3.773 1.47146 13.8601 1.35658 20.7225 5.35466 19.902 10.1438 0.219819 5.40236 46.0253 5.71232 19.6672 0 37.8965 1.82768 13.8093 14.3225 
122.193 151.014 25.1135 129.507 31.9493 110.559 15.2378 172.591 140.413 17.7209 34.5531 1157.47 17.693 4.1363 2.33235 25.8391 92.3376 59.4159 29.6021 5.88514 14.0914 80.6233 0.785876 69.9622 0 16.3133 158.26 64.7596 
11.4235 34.947 27.3858 43.2797 1.09561 6.4849 89.3288 125.703 0.172135 5.39903 43.8829 155.638 2.33709 0.000416415 21.1868 5.84813 7.46652 6.54721 25.652 0.0160537 42.4318 1.66663 8.30281 0.285152 8.22346 0 3.21344 4.40846 
24.4452 0.60234 16.8168 18.4176 44.8321 5.29574 58.7356 38.8097 72.8053 44.7729 54.5142 82.0193 18.0689 6.28562 0.21731 0.00587702 8.40842 32.6324 9.35108 2.2051 3.87567 10.3896 9.69031 16.257 41.9677 1.22006 0 65.1133 
3.16086 8.04701 21.3425 12.3066 26.9229 0.545919 37.0803 132.59 6.75242 44.0049 71.2058 151.344 19.2582 1.02563 23.3785 7.60821 23.8638 1.1481 0.773899 7.12684 44.6222 10.5163 0.939695 12.2149 19.588 26.9233 90.2904 0 
