0 142.178 205.946 112.129 3.36452 99.1483 184.314 285.352 169.12 57.2663 83.3097 208.344 0.897393 53.7629 71.3318 76.9861 155.531 77.4843 88.7839 210.717 211.52 0.502375 0.20812 51.7776 154.071 62.4597 44.4685 6.37949 
106.965 0 183.418 190.476 282.186 111.78 523.754 45.0532 382.441 237.901 233.758 111.064 143.635 0.608262 67.4831 29.6743 175.717 508.454 149.716 93.5367 42.1194 50.2524 5.49142 9.50471 81.9585 16.3354 53.0695 40.1044 
56.0745 292.83 0 88.5244 0.0811487 47.7046 36.445 136.116 459.804 87.2005 29.1793 46.6498 9.01073 16.5622 25.0844 18.521 53.238 44.7422 37.4782 0.421817 38.3829 3.50149 1.9306 1.38329 8.98643 27.5362 17.9777 8.55215 
89.7359 92.8056 128.993 0 2.96847 139.443 198.201 117.701 168.418 62.1687 65.4663 82.0366 9.15222 19.0212 29.7677 4.57823 95.4165 75.5466 61.9421 16.7299 59.5003 6.59627 0.557103 26.1983 82.695 43.2828 10.8448 25.2857 
83.8483 3.55228 25.6177 162.846 0 444.262 383.234 3.93088 246.128 45.7026 65.059 166.863 37.5015 16.1908 14.5183 27.2909 144.816 224.727 101.346 60.274 68.8253 37.6924 17.9481 1.26172 2.53294 58.9211 47.6248 1.23348 
81.7606 177.925 5.50726 143.953 700.799 0 993.18 142.5 240.138 483.768 211.488 126.055 137.162 11.6839 29.4273 0.0553445 126.654 122.077 59.9272 7.62154 12.4474 0.380438 2.50513 11.2366 102.454 9.27262 4.79063 4.35833 
78.7771 525.919 222.377 10.4239 249.74 842.244 0 60.0667 1231.88 328.183 28.309 274.727 64.7964 90.8879 47.7649 36.0081 29.5378 149.676 98.052 61.9962 54.9758 52.3896 15.999 71.7542 73.1393 85.1277 15.0919 73.4851 
50.5541 122.134 89.1575 7.84354 1.74452 119.393 22.2117 0 495.135 206.86 247.882 22.5849 7.50712 1.54856 49.8206 259.82 8.17219 81.9117 35.5481 101.269 2.2788 59.2428 0.197694 87.0832 37.6091 104.334 98.9845 111.258 
191.674 357.654 421.367 349.663 157.905 107.483 465.435 304.067 0 25.8197 483.567 237.576 176.104 94.5824 166.782 46.8685 181.299 125.508 92.4128 2.11576 18.2845 13.1923 15.5223 1.26667 81.6705 140.589 0.630147 13.9579 
42.2278 242.218 62.4427 22.7122 328.876 296.022 174.977 45.9476 37.5656 0 477.164 196.945 327.988 48.4484 70.3074 54.9222 64.7719 7.0303 46.2587 33.2787 11.3613 32.2032 0.762573 40.047 70.9741 29.2899 10.6544 24.9838 
194.331 62.0813 231.922 203.853 6.34403 91.5628 104.108 165.826 467.396 40.1679 0 157.861 1.41905 111.793 141.567 20.487 0.529592 158.926 15.3442 5.4872 148.531 77.5929 18.2441 88.0008 13.9742 32.7585 2.50485 83.1931 
106.399 132.556 187.664 0.00123153 20.8926 56.5038 171.225 246.045 168.277 144.235 9.39208 0 23.3523 140.571 269.49 31.2501 82.3719 111.663 1.28267 12.3385 57.9096 67.6519 105.06 180.914 362.467 215.787 120.83 1.45208 
105.583 134.885 55.4826 3.20365 5.69273 43.5312 219.162 143.018 198.982 19.9733 119.165 28.1318 0 2.6858 35.378 84.0772 11.9296 41.5121 5.81017 18.1503 0.0217008 86.2947 66.2615 61.7512 55.9591 47.2313 14.8921 37.9411 
51.1897 70.3712 10.0324 7.2248 70.1874 8.43705 10.4802 103.368 73.6722 49.8685 0.870748 6.46096 146.193 0 40.0836 2.48184 0.16296 32.6425 27.3307 0.0407222 5.42801 4.46624 8.59501 8.95505 5.66149 1.79731 8.43003 6.95198 
17.7926 29.6556 4.11176 26.6939 45.2852 8.11499 76.9673 68.4342 33.6657 82.6823 66.4531 71.097 72.7867 10.7614 0 62.3887 17.2377 0.269172 21.5808 0.103611 9.06738 16.2972 8.95232 19.9529 21.6075 23.6661 17.079 0.0523232 
51.5221 45.0682 12.338 28.6735 40.6259 21.4929 69.97 21.0607 117.662 0.379309 22.1117 69.3318 65.3464 18.1141 23.9211 0 3.6323 28.2132 25.3817 3.82114 2.47151 0.109319 9.96797 11.4754 21.2217 24.8986 1.45498 7.79045 
152.79 118.014 29.3244 109.409 64.688 128.487 104.648 14.2823 95.9617 63.0205 20.4984 12.7448 54.4244 17.2585 8.37965 0.728343 0 277.103 292.869 10.555 8.86073 14.1602 10.4445 0.147849 106.524 24.6713 21.8878 19.5347 
235.828 209.471 153.177 4.29969 73.7907 2.39009 123.438 130.015 32.2712 4.13183 87.1886 105.075 105.414 53.1749 66.0882 0.827134 104.528 0 128.079 79.0467 121.733 24.2325 21.217 0.203512 30.2054 1.52784 21.0437 21.8093 
2.78057 18.8212 0.0632708 11.0201 106.436 89.6546 144.298 108.241 154.114 109.062 0.317638 58.3152 79.5296 7.90166 32.827 1.14285 134.109 107.944 0 14.8276 31.695 7.07724 0.279781 0.0805831 30.409 30.0483 24.2076 25.7335 
3.28483 13.5645 5.78988 17.0707 38.9654 14.7858 14.9962 3.46584 96.215 0.507486 86.3519 54.1981 38.5051 3.37849 11.23 1.50178 22.9924 73.616 32.0189 0 332.114 4.83956 3.01644 4.44027 10.6513 1.04702 0.268544 5.97917 
1.05113 84.8994 50.82 11.6642 35.3316 45.5781 35.5105 55.5717 17.4496 41.0289 26.8919 106.735 66.6277 43.9735 0.391486 3.56271 0.025662 115.663 1.71379 81.8067 0 2.09948 38.6146 38.3013 8.24518 2.80469 39.9239 3.14151 
14.0316 39.2656 11.3773 15.4582 56.6582 7.67344 53.715 50.1438 15.1415 26.211 29.107 76.49 31.432 10.5399 0.983011 0.956876 0.0188435 10.4204 5.65157 3.27408 6.80794 0 11.1659 5.32328 4.7266 10.7906 4.89018 5.27092 
21.8645 7.95877 0.585051 9.83406 0.711731 14.3032 60.6267 27.4612 1.85705 11.0805 47.1562 119.906 74.1132 9.13366 24.3659 7.83766 1.28717 40.0815 20.9976 2.78209 37.5435 11.0697 0 17.287 17.9726 10.0263 11.5431 3.47935 
0.389671 61.806 12.2731 26.5894 56.4305 0.478606 12.4879 128.546 44.4979 0.275813 98.1624 126.889 47.0104 10.4 28.1338 20.9394 14.7438 46.6064 2.13887 0.0944534 18.3893 2.9067 6.30864 0 39.8059 0.535713 0.709039 14.4627 
82.2418 151.488 27.8927 98.2274 0.0599457 83.6346 7.05757 193.072 207.657 71.4611 142.791 1158.66 27.979 3.81263 23.8389 48.9725 83.5701 34.8287 5.55708 4.62408 1.10175 32.3387 2.20913 31.7882 0 118.93 119.369 37.86 
5.15697 51.4445 10.3833 44.4101 62.7603 0.0496236 18.4726 12.4072 94.1614 76.4272 40.7239 121.048 36.7176 7.85486 29.0426 20.3792 19.6812 1.18601 3.12683 8.03163 38.5677 8.53133 0.98014 2.36948 4.76081 0 35.7646 3.06015 
31.0316 48.8686 17.8638 6.78934 46.8612 14.0576 36.5694 82.4989 79.553 26.3221 12.1008 16.4735 22.6875 11.0627 17.3548 0.798126 2.12512 3.54721 14.3978 6.06935 4.05978 5.07395 0.0756266 2.2386 11.9819 21.4539 0 85.223 
46.5108 0.200835 15.601 3.47704 11.6029 17.0759 66.9524 108.928 16.8565 28.8291 5.88367 152.711 12.1709 2.78245 5.45885 3.62961 7.21653 17.3542 0.638357 1.49418 16.4974 9.00324 0.101614 10.8887 5.1304 55.0996 23.5549 0 
