0 519.014 13.3247 733.051 250.136 410.177 88.5835 195.66 623.991 79.8542 192.549 175.502 3.50177 8.204 58.3339 42.0525 454.464 13.4258 116.166 216.439 109.406 0.958785 12.1242 0.928566 432.451 78.3394 4.86993 15.72 
579.195 0 7.66482 573.855 18.7499 613.963 8.16829 70.4041 485.552 119.24 108.823 191.024 39.6066 26.5535 85.7365 0.852483 503.087 132.41 1.37355 130.484 50.3922 0.406705 2.1861 61.9405 400.137 66.9656 3.16396 19.0144 
70.9592 465.076 0 10.9201 45.0777 19.4651 74.541 69.3015 187.307 103.449 236.846 153.567 3.50809 5.65373 26.464 23.2043 44.8719 155.41 35.0262 3.15523 0.00152017 12.6078 0.121698 0.149914 4.69866 13.3324 17.0167 21.6534 
709.901 396.585 42.2901 0 125.429 398.349 66.8935 344.549 440.749 29.8677 166.938 154.796 0.974688 3.84033 38.4847 42.5185 448.061 128.743 33.3038 32.055 175.878 14.2357 10.3636 12.7332 412.387 44.6578 1.21602 25.0144 
221.967 338.214 109.71 31.0001 0 445.516 235.672 158.425 8.60272 58.4279 100.302 142.948 130.233 2.04234 65.8664 1.6414 6.53747 144.371 38.9597 34.3572 125.669 8.99137 3.15719 2.21295 22.9978 44.9005 48.9025 43.0395 
457.553 407.877 1.40614 410.792 732.553 0 954.428 214.686 443.457 740.887 31.9322 124.38 397.854 14.1249 18.398 20.9804 436.726 0.10977 52.0977 22.3311 35.8228 17.1345 2.19533 1.93955 423.957 22.556 15.0249 4.60867 
193.956 3.89376 162.511 193.497 392.098 74.8758 0 303.257 801.644 260.423 109.567 68.2911 207.037 95.2211 140.985 80.144 108.727 204.725 0.972707 27.274 27.3599 11.0697 11.2738 69.2105 88.5809 27.6852 57.7099 20.0427 
73.3816 293.655 246.845 158.062 167.251 13.8672 354.366 0 616.26 24.7055 367.741 580.545 139.444 123.047 87.6833 25.3928 62.2876 77.2704 70.1926 34.0896 106.551 5.91464 0.93373 68.8802 2.05155 230.697 87.0483 66.0267 
400.501 549.131 13.9558 700.531 355.545 397.975 57.0679 1.79342 0 356.214 1457.01 255.348 92.5763 24.5045 310.446 128.642 496.524 218.914 51.7378 2.5421e-05 166.84 0.0296696 10.6737 62.1382 480.379 44.2465 10.5646 11.092 
23.7621 148.033 83.6848 95.6048 324.281 481.145 254.689 47.9455 163.314 0 12.8456 93.9479 215.221 55.8382 98.4356 89.0519 37.273 72.8106 1.74168 37.2904 81.0962 60.722 10.9397 9.66291 17.0009 62.7424 9.67399 48.4933 
94.7138 0.0443706 0.112365 155.667 248.382 3.20963 217.239 21.5806 224.411 601.788 0 438.378 224.213 90.8742 33.0329 114.817 0.00301903 76.6121 92.1717 6.21864 115.025 10.7769 0.0743116 77.8445 144.766 27.4864 85.8531 108.079 
62.5135 174.41 117.293 257.775 48.4431 54.5502 35.3488 225.707 150.455 230.397 468.56 0 63.8076 32.1784 116.634 243.901 50.1044 116.958 32.3078 96.3536 135.58 19.858 17.4196 56.4993 311.183 350.105 79.856 111.209 
108.49 110.456 15.3875 29.4926 167.556 50.9764 110.489 6.53485 52.0166 74.5599 67.3883 3.16328 0 1.24323 78.6898 0.260335 6.16694 72.4999 9.72549 0.479655 77.8668 74.38 87.8796 4.23545 1.57182 30.1456 9.83802 20.5892 
15.8655 43.117 16.2523 16.4132 64.6298 17.0743 4.44815 3.48739 32.8286 42.29 210.597 103.45 123.148 0 61.7033 5.61133 1.14929 47.8182 19.0305 4.78992 18.6429 1.89798 2.65829 4.12152 3.05147 11.4655 2.49235 0.118349 
53.4656 10.7898 5.21569 39.2596 3.04327 28.3175 140.972 33.576 17.8596 53.4876 2.23528 273.205 108.74 51.0319 0 37.4253 4.55672 68.9571 33.2274 0.0151873 41.3311 4.74784 1.94405 3.8971 4.93472 28.5929 10.7034 15.6338 
79.8728 80.6821 0.00234269 32.5721 70.5942 0.0138207 101.025 259.928 14.7387 17.2919 117.613 307.506 18.5929 19.2922 5.86568 0 22.688 61.5908 8.96566 5.08963 28.1277 0.394436 1.5724 17.8379 37.6681 7.54711 0.0600485 11.3041 
409.394 462.994 42.2397 396.359 83.2253 434.578 5.18935 71.4444 483.762 35.2457 14.5871 26.0291 9.95639 14.4031 28.3911 9.54766 0 282.008 360.692 29.8343 41.2111 9.41273 0.967259 12.3969 422.809 13.1806 10.2232 15.0892 
117.727 72.5749 40.4246 95.9906 233.721 117.305 220.082 125.747 183.906 65.1896 16.22 110.643 0.00918824 44.2958 2.05905 23.3632 119.303 0 94.9022 77.6567 82.539 5.37824 1.00278 43.5614 59.6479 8.45505 44.4792 0.355662 
36.5622 114.393 58.9958 10.9936 35.4366 90.4956 12.7487 116.518 3.7455 49.1247 120.491 100.551 82.5792 0.274047 0.181145 4.17346 192.615 117.313 0 22.4777 2.12821 4.64158 6.57927 3.02447 6.97096 2.02895 0.0381614 20.4227 
16.8644 45.1617 18.1301 31.7171 55.6547 24.3153 83.8702 102.779 103.321 1.58738 61.28 70.6965 40.2167 1.61351 11.694 7.57653 3.86972 71.9208 5.05878 0 101.621 2.64914 1.28575 0.486803 9.84928 11.3265 2.6174 2.58084 
36.6405 94.3549 1.42767 57.969 103.365 67.6992 45.5612 185.557 167.715 48.6153 2.61054 29.7672 10.5946 17.3451 22.9394 5.22929 62.67 66.7119 30.4148 329.178 0 32.523 23.7786 45.9411 45.3648 62.2969 39.1479 38.8344 
12.4051 9.05413 0.569266 8.4942 37.7757 17.7543 12.4888 57.9003 0.0138882 0.884823 77.1261 42.3341 82.9639 3.8004 13.2897 0.471606 21.1047 0.0276126 3.4398 1.97478 21.4741 0 0.002429 3.1419 11.6242 0.071218 10.4628 2.13403 
3.69863 0.954339 5.45043 18.611 3.39636 14.5928 57.0509 32.2665 0.417594 42.5386 99.1815 4.53114 83.4903 3.5775 5.00458 0.366229 9.76422 4.61465 7.15724 1.05421 26.1709 0.0059266 0 0.141249 20.0631 2.32511e-05 8.39367 7.75711 
57.0133 7.32326 15.5608 14.9743 56.3188 2.89358 2.98255 116.973 100 59.2954 6.34656 4.98296 16.4703 0.849397 18.7099 8.37383 20.0762 9.21903 0.331148 5.28545 45.4928 5.04694 20.7781 0 34.22 2.3829 13.0982 14.405 
429.455 457.883 25.8197 432.642 33.9609 416.106 12.5761 163.351 450.857 20.2325 41.3795 896.784 19.3301 4.78803 3.2593 31.3042 397.095 59.5964 29.8729 5.50673 15.6255 49.7485 1.46917 72.5788 0 45.1269 34.1181 1.48847 
9.25535 31.8022 27.1307 44.0129 1.73668 5.55079 91.9217 104.95 1.12015 3.77483 34.9826 99.582 1.6699 0.0361683 22.8978 3.87246 6.93555 7.66809 25.0785 0.0536196 44.31 1.47882 7.96929 0.542491 7.78421 0 4.61107 8.73294 
23.2018 0.363511 17.1559 19.1634 44.2229 5.73517 59.2376 35.314 71.4711 45.3381 57.0614 86.8227 17.2369 6.58511 0.109473 0.00597604 8.76116 31.8487 8.93646 2.38565 3.36562 10.6076 9.28823 15.6733 37.4077 0.539311 0 75.5194 
2.40226 9.31205 21.6059 13.5073 25.4856 0.355985 39.4755 134.22 8.69613 45.5324 66.8906 142.865 18.1408 0.814064 23.3001 6.58354 23.9918 1.51818 0.60208 7.39188 45.4543 10.4891 1.1167 11.8386 19.8111 19.9933 84.7518 0 
