0 533.757 19.5233 774.556 244.266 460.283 78.7815 207.477 682.761 84.0044 191.369 181.157 2.82522 7.57463 57.2311 40.1814 509.347 17.4972 116.496 213.16 100.186 1.10315 11.5325 0.695408 483.66 78.7277 5.27075 16.586 
587.495 0 0.116159 605.463 6.98332 673.069 1.39932 61.4455 555.913 109.95 117.614 186.535 36.5456 27.9041 84.2378 1.26339 551.861 71.2438 2.51287 133.159 54.6982 0.534831 2.5421 61.9142 452.2 65.565 2.84834 18.1098 
60.2122 473.254 0 8.68864 38.116 16.7569 61.4287 82.6832 230.865 105.634 239.379 148.026 2.85477 5.28356 25.595 22.8494 45.8362 157.877 36.527 2.65472 0.170509 12.5987 0.0809359 0.214477 5.17905 14.0317 17.1954 21.5223 
744.392 449.393 52.2528 0 130.219 450.268 75.388 699.702 507.796 27.1824 160.95 142.678 1.32614 3.48971 38.773 42.1755 501.383 125.676 34.6497 33.6603 511.577 14.3788 10.0212 13.3128 463.99 44.6785 1.04536 24.4384 
229.83 299.665 101.372 26.5999 0 421.404 209.261 163.955 14.0815 72.3529 92.1302 146.141 125.681 1.61331 67.8879 1.24259 4.89521 151.835 28.4936 32.1387 126.728 9.59787 2.76779 1.8963 24.0301 46.0891 48.9787 42.3657 
505.872 466.653 2.41343 465.504 778.517 0 709.249 213.715 524.618 233.536 41.5825 128.24 678.713 14.64 17.0829 20.394 490.495 0.414704 55.0996 22.0318 37.3036 16.8673 1.98881 2.14653 476.431 22.069 15.2553 4.90906 
184.319 0.0862403 176.277 189.319 406.651 147.001 0 284.404 590.919 219.462 135.099 59.8868 210.301 95.8309 141.839 82.442 108.222 209.636 0.389322 29.3895 25.0002 10.3176 12.3376 68.6725 89.2864 29.9101 57.3383 21.2021 
63.0763 294.178 236.921 201.19 172.514 18.4689 339.25 0 638.247 20.4926 371.291 461.902 140.845 124.082 80.7918 34.4808 63.8086 81.3299 68.0784 36.75 112.194 6.45754 1.42515 73.0337 0.818671 232.945 85.6913 62.405 
451.192 582.043 32.554 741.439 354.379 449.405 3.03598 0.328512 0 366.513 1743.01 272.683 98.4458 28.5098 318.916 132.093 550.481 218.157 48.1796 0.0559421 169.594 0.00261043 9.29852 60.0236 529.966 48.1265 11.4103 12.355 
20.8598 138.89 87.0774 97.407 317.93 490.592 295.582 53.8106 184.047 0 31.5723 85.7813 195.549 58.2129 103.23 89.9253 38.8156 76.2179 1.04358 36.2845 82.3731 60.5133 9.93665 8.7527 18.3223 61.2971 9.14616 49.2003 
99.6681 0.111082 1.14274 161.927 244.475 0.878863 246.662 14.8469 176.701 604.66 0 415.442 229.771 81.0216 53.6062 103.774 0.0412592 80.2349 94.5364 5.43073 112.547 9.90792 0.00487681 74.3012 143.85 23.427 86.0164 108.698 
68.6878 169.182 123.955 255.008 44.9212 59.1327 42.2496 135.881 133.051 234.372 484.881 0 60.3509 37.1505 131.692 192.462 51.3097 119.339 33.8106 96.0581 132.598 18.8014 19.9529 63.5654 327.178 369.482 77.1659 117.083 
108.797 107.349 16.7151 30.8864 165.007 42.9373 102.869 5.3345 57.2143 92.1189 75.4774 4.22714 0 0.171263 74.4347 0.0632173 5.64009 70.8246 8.73188 0.61801 77.7919 76.353 88.9221 5.0854 1.27709 31.1034 9.45049 21.1982 
15.06 41.7522 16.1134 16.8466 63.8726 17.5175 3.43622 4.73444 36.7094 39.7497 207.861 97.454 130.043 0 60.0192 6.63042 1.26439 47.3225 19.3901 4.78286 18.033 1.69581 1.99945 3.68942 3.36415 11.2443 2.62858 0.164487 
54.6663 12.2741 4.50041 39.3775 2.31277 29.5465 139.775 39.0688 14.1707 48.0832 9.90874 270.881 106.08 55.7122 0 27.3748 4.83628 68.8706 32.7843 0.00520202 42.1569 4.43377 2.61191 3.11526 5.59117 29.1037 10.3778 15.1597 
80.1764 79.8507 0.0340087 33.747 71.2528 0.000173522 101.853 258.932 11.9672 19.549 106.561 256.188 20.6012 19.3454 1.78716 0 22.9025 61.6735 9.36851 4.9248 26.9914 0.318433 1.26758 15.9317 37.4695 6.31963 0.0263206 10.7084 
460.634 519.865 41.1639 448.976 78.8761 488.386 4.28985 72.8561 534.696 36.779 13.5603 24.9218 10.6257 14.1607 28.2073 9.85751 0 285.377 45.6361 30.1826 40.3005 9.61435 0.88492 12.1827 475.349 12.8563 10.0288 15.3245 
109.479 52.3561 35.1159 100.297 232.106 118.793 223.543 129.487 188.201 68.5843 14.1532 113.165 0.0725501 44.8826 2.47416 24.324 134.353 0 90.8689 78.878 84.6497 5.68346 1.17383 43.9288 59.5797 9.11604 44.3801 0.467398 
39.0865 119.493 58.3441 9.98566 25.4368 90.3459 15.3434 116.613 5.00298 45.8831 121.769 100.491 81.9565 0.201679 0.105054 3.87625 176.754 113.812 0 23.0787 2.49528 4.41921 6.83301 3.21469 6.65273 2.23655 0.0221051 20.6716 
11.2693 40.4021 17.3468 33.3316 53.3534 24.3146 82.3515 100.809 102.443 1.25681 62.6979 68.9328 40.5215 1.55429 11.6601 7.43881 3.53497 73.4083 5.49441 0 73.802 2.70986 1.24091 0.442046 10.0354 11.4184 2.5162 2.70519 
43.5384 99.0698 2.45271 45.8813 105.457 68.6511 42.7396 188.944 170.412 50.286 3.42815 32.6444 9.90024 17.951 23.8387 4.61492 62.1426 68.956 29.3843 332.469 0 32.4606 23.291 46.2079 46.1901 62.0422 38.822 38.2394 
11.9845 9.57369 0.505447 8.29419 38.5481 17.9919 11.6997 58.5448 0.0571188 1.19723 76.7304 41.1223 81.4431 4.06215 13.5924 0.562554 21.0695 0.0555735 3.24346 1.91814 21.7613 0 0.00860651 3.45409 11.5111 0.0963083 10.5798 2.22719 
4.07397 1.19707 5.22383 18.7444 3.82362 14.7846 55.8562 34.4353 0.174182 41.3107 95.6614 5.95109 85.0856 2.85107 4.10678 0.221573 9.57223 4.28207 6.90003 1.01205 25.6976 0.00423439 0 0.633959 20.5733 0.0052287 8.62241 7.89001 
56.759 6.67793 15.6062 15.5479 56.3817 2.65787 2.4598 119.91 99.7472 58.9153 7.99272 7.7077 17.9402 0.621258 17.5759 10.1669 20.1642 8.73509 0.400379 5.22027 45.181 4.69609 20.8754 0 32.0735 2.70711 12.7058 14.4351 
483.583 511.745 26.167 484.48 35.0444 469.287 11.2321 157.812 506.725 21.6267 45.2093 490.866 20.2258 5.15076 3.8147 40.1148 449.872 59.6595 30.006 5.30469 16.4728 28.0776 1.9571 71.8318 0 77.9406 44.3734 35.9807 
8.17017 30.1319 26.9439 44.2978 2.1411 5.0705 93.1725 93.8923 1.97033 3.0146 30.4986 72.8748 1.35565 0.0792179 23.7746 2.95566 6.65496 8.303 24.7597 0.0829131 45.3 1.38162 7.78264 0.713804 7.63745 0 5.45292 11.566 
22.5344 0.259612 17.3299 19.5577 43.8802 5.97618 59.4752 33.4629 70.7096 45.6188 58.4115 89.3293 16.7907 6.74529 0.0665013 0.0256573 8.95219 31.4207 8.71484 2.485 3.10473 10.7216 9.06717 15.3426 34.8655 0.284978 0 80.3409 
2.03517 10.025 21.7285 14.1612 24.7146 0.27023 40.761 134.826 9.83439 46.3266 64.5334 137.911 17.5433 0.709536 23.2275 6.05009 24.054 1.73814 0.518289 7.5331 45.8819 10.4709 1.21754 11.6267 19.9443 16.4899 80.6545 0 
