0 505.939 21.994 753.893 242 443.747 75.3614 211.619 669.146 85.4832 190.888 183.119 2.60077 7.35492 56.8291 39.5126 494.457 19.0711 116.583 211.781 96.921 1.15712 11.3237 0.620189 467.462 78.8484 5.41725 16.8988 
556.984 0 0.279674 582.243 4.14502 659.397 0.339595 58.3547 546.805 106.645 120.774 184.875 35.4723 28.3894 83.683 1.42929 534.771 674.224 3.00126 134.035 56.2606 0.584796 2.67544 61.8967 436.318 65.0549 2.7394 17.79 
56.5001 473.318 0 11.8786 35.7348 15.822 56.9516 87.6301 246.549 106.36 240.027 145.974 2.63709 5.153 25.2769 22.715 46.1721 158.648 37.06 2.48537 0.298593 12.5945 0.0683732 0.24029 5.35502 14.2813 17.2578 21.4722 
721.407 434.454 74.5692 0 131.873 434.363 78.4737 1095.07 497.637 26.2431 158.732 138.317 1.46453 3.36784 38.8639 42.0318 485.929 124.529 35.1289 34.2222 33.061 14.4291 9.8988 13.5199 447.935 44.6665 0.987402 24.2297 
232.496 285.674 98.3775 25.094 0 410.244 199.838 165.893 16.3498 77.5871 89.2498 147.254 124.027 1.47206 68.5991 1.11334 4.36439 154.468 25.1099 31.3551 127.084 9.81829 2.63461 1.78888 24.4013 46.5104 49.0029 42.1225 
488.649 453.443 2.83619 450.578 280.997 0 569.435 213.197 520.441 590.616 45.2821 129.577 481.186 14.8219 16.6168 20.1804 475.204 0.570807 56.1614 21.9204 37.8331 16.7699 1.91719 2.22267 460.679 21.8912 15.3367 5.018 
180.798 0.0942116 181.03 187.663 411.185 185.148 0 277.462 516.09 204.997 144.623 56.983 211.349 96.0165 142.061 83.2415 108.021 211.295 0.244463 30.1557 24.1777 10.0542 12.7267 68.4687 89.5186 30.7165 57.2004 21.6213 
59.5354 294.174 233.088 221.714 174.349 20.2573 333.506 0 644.483 19.0737 372.246 419.885 141.318 124.406 78.3443 38.0117 64.3486 82.7847 67.3198 37.7136 114.204 6.65668 1.62541 74.5146 0.512734 233.493 85.1935 61.1148 
434.958 559.477 40.9366 721.108 353.628 435.146 0.124336 1.57743 0 369.71 1002.3 278.741 100.547 29.9966 314.194 133.269 535.249 217.809 46.9255 0.10183 170.533 6.04652e-05 8.8282 59.2637 513.177 49.5318 11.7188 12.8202 
19.8621 135.594 88.2561 98.0166 315.25 490.402 309.984 55.9611 191.49 0 40.1536 82.9063 188.403 59.0471 104.882 90.1971 39.3676 77.4338 0.837028 35.9226 82.8203 60.4273 9.58772 8.43669 18.8021 60.7677 8.96037 49.4469 
101.437 0.278224 1.77009 164.086 242.962 0.399105 257.182 12.7347 157.104 603.607 0 406.725 231.632 77.5542 61.9723 99.8484 0.065557 81.5313 95.3687 5.16127 111.648 9.60517 0.0369148 73.0282 143.466 22.0428 86.0633 108.895 
70.934 167.271 126.297 253.748 43.6847 60.7877 44.8373 108.457 126.965 235.666 489.983 0 59.1251 38.9881 137.095 174.562 51.739 120.175 34.3514 95.9334 131.509 18.4287 20.8917 66.1394 328.705 375.337 76.1961 119.149 
108.889 106.222 17.1988 31.3865 164.038 39.8899 100.154 4.93425 59.1079 98.6715 78.4318 4.64333 0 0.0265655 72.8939 0.0252668 5.45708 70.2213 8.38845 0.671605 77.7587 77.032 89.2491 5.40637 1.17906 31.4444 9.31336 21.416 
14.7754 41.2625 16.0596 16.9993 63.5917 17.672 3.1053 5.22405 38.1303 38.8442 206.666 95.2925 132.351 0 59.0727 7.00451 1.30672 47.1412 19.5174 4.77994 17.816 1.62584 1.78087 3.53765 3.47857 11.1624 2.67785 0.182771 
55.0884 12.8242 4.25566 39.4072 2.07557 29.9774 139.266 41.1048 13.0469 46.183 13.9381 269.653 105.066 57.1053 0 23.9886 4.93778 68.8302 32.6224 0.00290121 42.4487 4.3233 2.87153 2.85461 5.8334 29.2719 10.2614 14.9887 
80.2639 79.5363 0.0542732 34.1543 71.4758 0.00358286 102.114 258.198 11.0413 20.3795 102.626 237.652 21.3354 19.3344 0.891314 0 22.9777 61.6955 9.51363 4.8659 26.587 0.293217 1.16576 15.2439 37.3762 5.90122 0.0175939 10.4961 
444.464 505.692 40.7731 433.291 77.321 473.11 3.98847 73.3548 518.389 37.3285 13.2012 24.5299 10.869 14.0738 28.1396 9.96863 0 286.2 210.547 30.3038 39.974 9.68645 0.856365 12.106 459.623 12.7406 9.95936 15.4083 
106.542 48.58 33.2855 101.809 231.409 119.281 224.669 130.804 189.678 69.7997 13.4462 114.054 0.109762 45.0884 2.63125 24.6689 139.76 0 89.4157 79.297 85.3966 5.79418 1.23814 44.0569 59.5495 9.35714 44.3425 0.510972 
39.9985 121.283 58.095 9.63522 22.2296 90.2426 16.3219 116.628 5.49465 44.7363 122.202 100.458 81.7207 0.178485 0.0828599 3.77241 170.988 112.532 0 23.292 2.63319 4.34083 6.92432 3.2838 6.54033 2.31293 0.0174257 20.7597 
9.67962 38.7407 17.0639 33.8972 52.5279 24.3088 81.7888 100.08 102.105 1.14788 63.1981 68.2944 40.6267 1.53327 11.6468 7.38888 3.41862 73.9251 5.65361 0 64.6283 2.7316 1.225 0.426548 10.1012 11.4498 2.48039 2.7501 
46.1147 100.748 2.8842 40.7551 106.189 68.9803 41.7445 190.093 171.332 50.8827 3.74639 33.6965 9.65718 18.1684 24.1612 4.40407 61.9493 69.7555 29.0178 332.189 0 32.4369 23.1163 46.2988 46.481 61.9424 38.7036 38.0246 
11.8353 9.76202 0.483541 8.22278 38.822 18.0745 11.4227 58.7704 0.0796639 1.32 76.5794 40.6887 80.8695 4.15652 13.6985 0.596865 21.056 0.0678959 3.17454 1.89802 21.8635 0 0.0205888 3.56805 11.4719 0.10618 10.621 2.26082 
4.21202 1.29028 5.14323 18.7893 3.98191 14.8509 55.4221 35.2186 0.112616 40.8669 94.3789 6.50292 85.6139 2.603 3.80344 0.178517 9.50368 4.16597 6.80884 0.997145 25.5277 0.0134095 0 0.892824 20.7455 0.00929391 8.70358 7.93681 
56.6602 6.4539 15.6196 15.7518 56.3981 2.57568 2.28492 120.916 99.6344 58.7673 8.62354 8.8177 18.475 0.547879 17.1644 10.8278 20.1946 8.56474 0.426667 5.19662 45.0655 4.57229 20.8232 0 31.2848 2.82693 12.5642 14.4434 
468.427 496.485 26.2852 468.496 35.4311 453.79 10.768 155.747 492.194 22.131 46.5998 737.739 20.5479 5.28208 4.02228 43.8305 434.235 59.6763 30.0514 5.23288 16.7789 21.3871 2.15115 71.2271 0 88.7682 68.219 56.1336 
7.79726 29.54 26.869 44.3807 2.29545 4.90304 93.5938 89.9894 2.33101 2.7629 28.9547 64.1158 1.25116 0.0986038 24.0792 2.65521 6.55572 8.53492 24.6442 0.0949007 45.6496 1.34759 7.71488 0.780437 7.60052 0 5.76787 12.6527 
22.2966 0.226704 17.3905 19.6971 43.7553 6.06293 59.5545 32.8078 70.4305 45.715 58.8897 90.2096 16.6316 6.80229 0.0537274 0.0360076 9.02059 31.2669 8.63599 2.52082 3.01389 10.7618 8.98749 15.2219 33.9478 0.213503 0 81.9043 
1.91119 10.2847 21.769 14.3956 24.4399 0.242431 41.2192 134.997 10.2559 46.605 63.687 136.082 17.3309 0.673843 23.1965 5.86295 24.0751 1.82015 0.489841 7.58325 46.031 10.4638 1.25447 11.5495 19.9949 15.2916 79.0216 0 
