0 235.043 34.3432 498.611 231.032 212.672 60.9013 229.228 449.783 91.9529 188.409 191.373 1.72126 6.42113 55.0142 36.5765 270.226 26.7154 116.781 208.716 82.8084 1.40927 10.4204 0.340014 237.507 79.2661 6.08282 18.2959 
272.127 0 18.7196 321.832 0.415618 438.637 4.2342 45.5002 349.337 92.2668 134.74 177.239 30.8856 30.5402 81.1235 2.27837 300.771 304.991 5.65207 137.371 63.2669 0.830746 3.30033 61.769 207.823 62.7509 2.28416 16.4044 
41.1437 455.852 0 49.0545 25.9929 11.9435 38.7854 110.195 314.119 109.204 241.255 136.539 1.77882 4.5898 23.8348 22.0783 47.5937 161.342 39.3793 1.80104 1.28281 12.5701 0.0256367 0.370926 6.15535 15.3768 17.5227 21.2319 
457.315 214.278 238.186 0 138.758 205.947 92.281 1247.35 296.305 22.25 148.523 119.083 2.15279 2.8534 39.1883 41.269 259.185 119.182 37.2255 36.6112 338.76 14.6451 9.36019 14.4298 218.632 44.4935 0.751455 23.2927 
243.264 223.986 85.191 18.9099 0 355.774 159.019 174.152 28.2066 102.012 76.857 151.976 116.587 0.926138 71.6578 0.628134 2.38307 165.79 12.6105 27.9689 128.511 10.8114 2.08603 1.35259 26.0483 48.3429 49.09 41.0375 
254.26 238.299 5.0753 226.333 511.789 0 138.363 209.867 350.029 608.816 62.9778 135.176 308.89 15.6072 14.5951 19.217 249.195 1.55072 60.7501 21.4024 40.163 16.33 1.61578 2.57096 232.646 21.0861 15.6894 5.50739 
164.902 8.6561 200.646 179.397 426.724 404.887 0 245.901 221.647 143.941 188.475 44.8767 215.21 96.6306 142.515 86.619 107.004 217.978 0.00576898 33.586 20.6926 8.92826 14.4942 67.5008 90.414 34.3321 56.5616 23.4915 
44.9258 292.971 214.623 324.591 182.122 28.9778 306.316 0 661.265 13.3904 374.464 246.427 143.223 125.541 67.721 55.1491 66.702 89.2059 63.9659 42.0262 122.995 7.56413 2.6593 80.9935 0.0133641 234.291 82.9251 55.4725 
205.785 302.829 87.4536 470.414 348.26 225.1 89.5178 18.0035 0 380.619 1502.58 304.356 109.789 36.8591 260.494 138.082 309.448 215.793 41.5249 0.465443 174.385 0.0333372 6.8916 55.8967 280.556 55.8188 13.1163 14.9526 
15.7264 121.006 93.2146 100.478 301.001 465.547 370.531 65.7425 224.129 0 88.7042 70.5678 156.627 62.6187 111.734 91.1381 41.8005 82.7655 0.197735 34.3137 84.7304 59.9782 8.1142 7.10527 20.9589 58.3604 8.16066 50.4938 
109.196 1.9064 6.12965 173.046 235.603 0.51068 302.906 5.32382 64.9294 586.151 0 365.557 239.012 62.7381 104.208 82.8455 0.238878 87.2431 98.9519 4.05308 107.609 8.32185 0.532553 67.3929 141.428 16.3892 86.197 109.605 
81.036 158.616 136.314 246.562 38.3877 68.1635 56.9398 22.7164 101.194 240.543 507.607 0 53.7984 47.4192 160.754 101.963 53.6174 123.754 36.7545 95.266 126.586 16.8201 25.2217 77.7078 299.857 393.822 71.8801 127.993 
109.18 101.158 19.3817 33.5968 159.414 28.7057 88.2979 3.35352 67.645 128.846 91.773 6.69817 0 0.883859 66.0191 0.0615066 4.68463 67.5384 6.95156 0.933371 77.5714 79.85 90.398 6.92361 0.793434 32.9374 8.71841 22.3751 
13.544 39.0959 15.7971 17.6565 62.2934 18.3265 1.84341 7.64892 44.5793 34.8831 200.081 85.7043 141.426 0 52.9531 8.69424 1.50079 46.3173 20.0704 4.76462 16.8668 1.33284 0.945755 2.89026 3.9982 10.7841 2.89829 0.274449 
56.9004 15.3627 3.25067 39.4601 1.18182 31.8143 136.53 50.4777 9.34187 38.0611 39.2521 261.826 100.239 61.2297 0 11.1139 5.39422 68.5931 31.889 0.00070194 43.7117 3.84879 4.13644 1.83119 6.94481 29.9201 9.7489 14.2281 
80.5181 78.0453 0.19915 35.8626 72.3784 0.0703147 103.042 252.65 7.38339 24.1743 85.5427 158.15 24.6626 19.0983 0.630775 0 23.2993 61.7442 10.1591 4.6068 24.8181 0.194348 0.764388 12.2226 36.827 4.20024 5.6261e-06 9.56629 
214.735 284.648 39.0159 205.65 70.4846 247.172 2.7889 75.5127 287.894 39.7544 11.6697 22.8286 11.965 13.6889 27.8288 10.4604 0 287.41 43.0928 30.8168 38.5323 10.0042 0.736024 11.7677 231.729 12.2324 9.65474 15.7747 
93.7292 50.4393 25.685 108.282 227.61 121.152 228.926 136.471 195.814 75.154 10.5345 117.879 0.364456 45.9699 3.37741 26.195 163.523 0 82.9661 81.0302 88.6326 6.29197 1.5406 44.6004 59.3808 10.4479 44.1623 0.725415 
44.0669 128.934 56.8996 8.15545 10.5534 89.4784 20.9385 116.574 7.91888 39.7707 123.961 100.233 80.6015 0.0932219 0.0164272 3.32993 145.899 106.737 0 24.2216 3.28213 4.00267 7.33005 3.59515 6.05435 2.66298 0.0034385 21.1417 
5.33896 31.7066 15.8039 36.3048 48.8807 24.2484 79.1912 96.7249 100.473 0.726314 65.3584 65.4377 41.0653 1.44175 11.5804 7.16484 2.9276 76.1047 6.37569 0 30.3607 2.82748 1.15573 0.361427 10.3863 11.5794 2.32505 2.95062 
58.096 108.076 5.18426 19.3956 109.319 70.3603 37.4518 194.758 175.091 53.5049 5.30928 38.4697 8.61856 19.1291 25.5869 3.53098 61.0682 73.2547 27.4143 321.933 0 32.3248 22.3453 46.6714 47.7359 61.4481 38.1697 37.0661 
11.1856 10.6069 0.392699 7.90879 40.0138 18.4238 10.2353 59.7328 0.223223 1.92927 75.8553 38.7785 78.1634 4.57618 14.1531 0.75922 20.9907 0.136757 2.87887 1.81027 22.31 0 0.134129 4.08328 11.3069 0.155248 10.7987 2.4109 
4.8437 1.74071 4.79106 18.97 4.71324 15.128 53.4666 38.7107 0.000600512 38.885 88.5983 9.20111 87.672 1.60784 2.58753 0.0439378 9.20207 3.67238 6.41179 0.932429 24.7753 0.11468 0 2.51072 21.4377 0.0409371 9.05682 8.13846 
56.176 5.50852 15.6609 16.6413 56.4316 2.22711 1.58981 125.054 98.9981 58.0408 11.6592 14.53 20.8869 0.277741 15.3258 13.8161 20.3222 7.83106 0.55203 5.09038 44.5315 4.03855 20.059 0 27.7136 3.37808 11.9333 14.4646 
243.053 270.6 26.7683 239.422 37.1293 226.896 8.82845 146.164 269.579 24.3865 52.8431 302.449 21.9771 5.86977 4.98959 60.4542 206.748 59.7138 30.2373 4.91931 18.1456 7.25756 3.12412 66.784 0 110.792 174.29 120.678 
6.2496 26.9695 26.4884 44.6257 3.03605 4.19317 95.2847 73.2532 4.2686 1.78215 22.5518 31.3996 0.84024 0.208764 25.3608 1.51269 6.12523 9.58681 24.1262 0.157171 47.1614 1.20221 7.41023 1.10669 7.53553 0 7.23679 17.8371 
21.2538 0.108355 17.6477 20.3019 43.1911 6.44883 59.8683 29.9666 69.1591 46.1125 60.9661 93.9813 15.9345 7.05161 0.0136729 0.102285 9.32249 30.5847 8.29101 2.68058 2.62921 10.9347 8.633 14.6752 29.8796 0.0212171 0 87.6648 
1.41069 11.4594 21.9264 15.4321 23.2362 0.13789 43.2252 135.452 12.2027 47.7976 59.9408 127.697 16.402 0.527158 23.0282 5.06372 24.1609 2.20263 0.374112 7.80203 46.6645 10.4289 1.42249 11.2009 20.2436 10.4188 70.9149 0 
