0 178.413 36.8289 441.972 228.871 161.404 58.3867 232.31 400.437 93.1206 187.895 192.803 1.58049 6.25722 54.6762 36.0441 220.13 28.2267 116.783 209.145 80.2969 1.45771 10.2591 0.297987 186.377 79.3221 6.20742 18.5534 
212.639 0 25.0615 265.315 1.2819 388.83 6.43052 43.3021 304.301 89.6917 137.282 175.796 30.0763 30.9335 80.6382 2.45334 248.885 154.916 6.22022 137.885 64.5618 0.880019 3.4206 61.7369 156.97 62.3223 2.20562 16.1564 
38.5455 449.676 0 59.3492 24.3604 11.2834 35.7831 114.405 325.864 109.658 241.192 134.758 1.64039 4.48955 23.5657 21.9548 47.842 161.707 39.796 1.6876 1.53486 12.5647 0.0200704 0.397645 6.30521 15.5751 17.5692 21.1847 
399.349 165.649 266.053 0 139.937 155.14 94.8182 796.384 250.69 21.5497 146.595 115.599 2.29173 2.76377 39.2339 41.1078 208.626 118.16 37.604 37.0295 657.249 14.6835 9.26236 14.5948 167.625 44.4411 0.711913 23.1194 
245.044 212.916 82.8054 17.8667 0 346.287 151.784 175.605 30.6779 106.661 74.6605 152.802 115.21 0.840256 72.2005 0.554616 2.08565 167.798 10.775 27.3651 128.745 10.9959 1.99284 1.27963 26.35 48.6719 49.1024 40.8376 
202.341 190.135 5.54649 176.259 832.777 0 671.109 209.079 310.662 513.572 66.4198 136.142 132.113 15.7472 14.2337 19.038 198.773 1.77982 61.5672 21.3034 40.5862 16.2481 1.56346 2.6366 181.858 20.936 15.7525 5.59803 
161.953 11.6829 203.951 177.73 428.748 449.911 0 240.027 178.08 133.492 196.709 42.8007 215.778 96.7066 142.506 87.2072 106.797 219.081 0.0322884 34.219 20.083 8.7296 14.8249 67.3125 90.5544 34.9999 56.4399 23.8363 
42.4506 292.545 211.011 342.187 183.48 30.706 301.074 0 662.405 12.4581 374.519 218.043 143.538 125.697 65.8219 58.5202 67.1254 90.3752 63.3536 42.8221 124.58 7.73455 2.87372 82.1624 0.0712231 234.152 82.4994 54.4543 
154.962 247.114 97.3967 415.106 346.928 179.511 122.515 22.8608 0 382.034 841.711 308.805 111.466 38.1577 249.178 138.89 259.055 215.342 40.5647 0.559761 175.035 0.0471733 6.56326 55.2811 228.931 56.9775 13.3772 15.3548 
15.0201 118.346 94.0735 100.886 298.001 456.763 380.849 67.572 229.996 0 99.248 68.3863 150.851 63.2491 112.901 91.2641 42.2435 83.7305 0.12893 34.0188 85.0675 59.8843 7.85729 6.87391 21.3586 57.9098 8.01842 50.6773 
110.6 2.35764 7.19724 174.575 234.146 0.920005 311.037 4.31282 49.8681 580.794 0 357.649 240.208 60.1384 112.692 79.8208 0.282003 88.2813 99.5884 3.86535 106.861 8.09716 0.684614 66.3645 140.997 15.4409 86.2087 109.707 
82.9065 157.002 138.078 244.976 37.4512 69.5172 59.2579 13.8154 96.7103 241.285 509.938 0 52.8425 49.0068 164.999 90.2429 53.9571 124.388 37.1953 95.124 125.669 16.5332 26.0423 79.8438 288.93 395.847 71.0881 129.552 
109.213 100.221 19.7877 34.0001 158.512 27.4733 86.1656 3.09804 69.2301 134.51 94.2502 7.11035 0 1.29998 64.7569 0.10369 4.55005 67.0459 6.70345 0.985489 77.5302 80.3314 90.5556 7.21746 0.73138 33.2073 8.61175 22.5496 
13.3239 38.7004 15.7449 17.7734 62.0466 18.4408 1.6484 8.13624 45.7829 34.1686 198.66 83.954 142.872 0 51.5352 9.00637 1.5374 46.163 20.1696 4.7614 16.6953 1.28223 0.818807 2.77672 4.09534 10.7124 2.93901 0.293065 
57.2216 15.8444 3.0809 39.4561 1.04583 32.1371 135.947 52.2484 8.8894 36.6331 45.0959 259.991 99.3 61.6033 0 9.21524 5.47889 68.5396 31.752 0.00168951 43.9376 3.76463 4.38654 1.66775 7.15438 30.0216 9.65571 14.0885 
80.5413 77.7558 0.235192 36.1576 72.5287 0.0914884 103.172 251.243 6.793 24.8872 82.4966 144.491 25.283 19.023 1.23019 0 23.3562 61.7447 10.2776 4.55974 24.4986 0.178515 0.699855 11.6806 36.7031 3.91725 0.000454026 9.39843 
163.664 235.135 38.6902 154.95 69.2453 196.765 2.5931 75.8985 236.655 40.1966 11.4 22.5234 12.1687 13.6186 27.77 10.5503 0 287.207 109.005 30.9065 38.2691 10.062 0.715071 11.706 180.97 12.1402 9.59949 15.841 
91.4263 53.0743 24.3882 109.423 226.793 121.443 229.575 137.478 196.863 76.1275 10.0408 118.559 0.426675 46.1259 3.52256 26.4739 167.802 0 81.7855 81.3255 89.2118 6.38428 1.59905 44.6957 59.3438 10.6515 44.1271 0.768374 
44.8153 130.282 56.6653 7.89758 8.87494 89.2856 21.8304 116.543 8.40469 38.8837 124.255 100.179 80.3839 0.080664 0.00982461 3.25211 141.498 105.657 0 24.3889 3.40745 3.94235 7.4045 3.653 5.96757 2.72904 0.00205162 21.2102 
5.02295 30.4807 15.5727 36.7268 48.2161 24.2313 78.6984 96.0894 100.151 0.659842 65.7437 64.9105 41.1409 1.42528 11.567 7.12337 2.84204 76.4839 6.51069 0 25.3545 2.84495 1.14328 0.350128 10.4373 11.6014 2.29719 2.98758 
60.378 109.397 5.67137 16.55 109.871 70.5989 36.6867 195.537 175.724 53.9807 5.62155 39.3617 8.43528 19.3045 25.8471 3.38195 60.9026 73.8872 27.1246 318.535 0 32.303 22.2047 46.7343 47.9595 61.3486 38.0704 36.8896 
11.0686 10.7634 0.377165 7.85176 40.228 18.4848 10.0249 59.9025 0.257073 2.05205 75.7133 38.4308 77.6406 4.65315 14.2334 0.790689 20.9779 0.151832 2.82646 1.79445 22.3908 0 0.16535 4.17926 11.2781 0.165155 10.8304 2.43856 
4.96277 1.82963 4.72753 18.9998 4.85226 15.1758 53.1037 39.3527 0.00809624 38.5199 87.5252 9.73808 87.9984 1.447 2.38855 0.0291702 9.14723 3.58569 6.34041 0.920825 24.6378 0.143693 0 2.88184 21.5517 0.0490973 9.12032 8.17435 
56.0794 5.34379 15.6654 16.8015 56.431 2.16605 1.47664 125.755 98.858 57.8957 12.2555 15.7079 21.3347 0.238109 14.9882 14.3672 20.3443 7.70046 0.576513 5.07069 44.43 3.94361 19.8298 0 27.0517 3.48217 11.8174 14.4657 
192.754 220.198 26.8495 188.442 37.4375 176.318 8.49415 144.342 219.783 24.8025 53.9975 1059.49 22.2388 5.97823 5.17462 63.0796 156.066 59.7143 30.2687 4.86274 18.3974 7.98488 3.3213 65.7198 0 108.964 175.984 120.407 
5.98507 26.5087 26.4104 44.6492 3.1812 4.06902 95.5631 70.3063 4.6817 1.62627 21.4595 26.5792 0.774136 0.23312 25.5829 1.33756 6.04806 9.78343 24.0304 0.170153 47.4315 1.17656 7.35376 1.17168 7.54087 0 7.51779 18.8408 
21.0649 0.091464 17.6928 20.4102 43.0859 6.51971 59.9192 29.4581 68.9206 46.1803 61.3386 94.6482 15.8082 7.09664 0.00922229 0.117948 9.37755 30.4596 8.22868 2.70998 2.5619 10.9655 8.56789 14.5732 29.1385 0.00775474 0 88.5022 
1.32764 11.6784 21.9513 15.6212 23.0183 0.122009 43.588 135.484 12.5721 48.0084 59.2568 126.119 16.2342 0.502323 22.9921 4.92279 24.1752 2.27591 0.35472 7.84147 46.7756 10.4219 1.45399 11.1359 20.2939 9.61184 69.2995 0 
