0 10.203 48.8184 262.799 218.566 9.53028 47.5649 245.638 256.395 98.3282 185.348 198.948 1.02038 5.54267 53.1278 33.6596 73.2386 35.4598 116.67 216.216 69.2596 1.68528 9.54433 0.143065 34.8671 79.4977 6.7815 19.7242 
30.6587 0 63.8546 90.5235 10.9997 241.911 21.8157 33.9834 180.701 78.3084 148.695 169.106 26.5369 32.7102 78.383 3.31786 93.9167 549.1 9.09884 139.834 70.4543 1.11894 3.98639 61.5589 6.74899 60.3584 1.8686 15.0564 
27.7102 411.556 0 114.955 17.5879 8.50536 23.5748 133.575 375.15 111.452 239.822 126.534 1.08567 4.04733 22.332 21.3707 48.9186 162.865 41.6475 1.22027 2.94354 12.536 0.00343662 0.528996 6.99519 16.4621 17.7718 20.9593 
215.385 28.0185 326.884 0 144.945 5.25118 106.266 840.774 124.916 18.5051 137.685 100.087 2.96852 2.37602 39.3875 40.3001 59.6389 113.385 39.2952 38.8424 642.023 14.8525 8.82273 15.3346 16.6804 44.1256 0.546916 22.3291 
252.343 164.558 72.1822 13.5008 0 310.486 120.33 181.937 42.9389 128.197 65.0232 156.392 108.931 0.504896 74.5872 0.280063 0.990587 176.603 4.26277 24.6986 129.703 11.8407 1.59918 0.975915 27.7149 50.136 49.1455 39.9296 
47.3568 52.8977 7.89603 29.549 583.57 0 758.112 204.864 214.313 559.952 82.6282 140.278 171.998 16.3648 12.6368 18.2194 50.4127 3.00195 65.1646 20.8412 42.4874 15.8722 1.33755 2.94018 31.8581 20.2469 16.0326 6.0121 
148.529 30.6709 217.66 169.66 434.693 648.794 0 213.301 37.1477 89.9598 234.315 33.9736 217.812 96.9114 142.114 89.749 105.778 223.601 0.41756 37.0972 17.4362 7.8588 16.3466 66.4193 91.1009 38.0398 55.8716 25.4025 
32.0641 289.847 193.946 401.663 189.36 38.9807 276.54 0 660.151 8.65792 373.431 107.946 144.837 126.198 57.4399 74.5101 69.0136 95.6353 60.5928 46.4397 131.646 8.52181 3.93814 87.3701 0.896356 232.455 80.5352 49.9167 
5.46208 76.1891 146.572 243.489 339.615 59.6624 322.493 51.4459 0 386.169 1694.57 327.903 118.975 44.1727 216.627 142.261 110.792 212.999 36.3383 1.09097 177.761 0.139051 5.17932 52.5029 75.1607 62.2351 14.5764 17.2183 
12.0245 106.418 97.7599 102.565 283.061 401.956 423.654 75.9704 255.89 0 152.149 58.846 125.192 66.0053 117.819 91.6578 44.2348 88.0469 0.000695447 32.6838 86.5428 59.4151 6.74585 5.87425 23.1829 55.8369 7.39088 51.4761 
116.879 4.97384 13.0141 181.047 227.154 4.22845 346.493 1.07316 6.14962 548.914 0 320.854 245.008 48.8836 153.099 66.5692 0.520107 92.9475 102.393 3.07301 103.446 7.12029 1.6024 61.7361 138.834 11.4938 86.2129 110.06 
91.4308 149.602 145.764 236.822 33.3447 75.6403 70.0951 1.07818 77.4451 244.054 516.973 0 48.5983 56.3286 183.695 45.0307 55.4773 127.166 39.1914 94.4073 121.461 15.265 29.8518 89.5331 230.274 399.666 67.5027 136.359 
109.287 95.9472 21.6464 35.8179 154.235 26.7087 76.6964 2.07152 76.467 160.382 105.551 9.10922 0 4.14507 59.0574 0.428396 3.96684 64.8151 5.63864 1.23704 77.3179 82.3739 91.0667 8.60569 0.483077 34.4144 8.13763 23.3344 
12.3487 36.9165 15.4937 18.2881 60.8962 18.9368 0.90422 10.5002 51.2999 30.9863 191.455 76.0848 148.536 0 44.2387 10.4149 1.70725 45.452 20.6107 4.74529 15.9282 1.06525 0.354319 2.28478 4.54201 10.3788 3.12439 0.384185 
58.6339 18.0843 2.3684 39.386 0.535987 33.5426 133.011 60.4317 7.70724 30.4315 75.5505 250.243 94.8587 61.7802 0 2.74661 5.86628 68.2599 31.1222 0.0114137 44.939 3.39445 5.58061 1.02209 8.12391 30.4139 9.23691 13.4561 
80.5579 76.3849 0.433937 37.4212 73.1513 0.220972 103.606 243.456 4.42965 28.1716 69.1236 88.281 28.1271 18.564 6.27919 0 23.6058 61.7151 10.815 4.34838 23.0711 0.115489 0.44313 9.3049 36.0569 2.7524 0.0163545 8.64888 
12.4924 90.8732 37.2039 5.41281 63.6999 48.4709 1.79873 77.6076 84.6116 42.1883 10.2203 21.1673 13.1013 13.3007 27.4973 10.956 0 284.683 247.253 31.2959 37.0827 10.3224 0.624455 11.428 31.1148 11.7261 9.35129 16.1377 
81.2119 66.878 18.9068 114.41 222.645 122.562 232.007 141.909 201.319 80.4988 7.95738 121.556 0.766818 46.8108 4.21128 27.7331 186.741 0 76.4582 82.5768 91.7812 6.80655 1.87486 45.1107 59.1536 11.5863 43.9589 0.976714 
48.2108 136.163 55.5477 6.78186 3.09038 88.2168 26.0327 116.324 10.7574 34.9625 125.476 99.8836 79.3516 0.0353506 0.000998548 2.91191 122.81 100.705 0 25.1343 3.99878 3.67574 7.74192 3.91804 5.58274 3.0352 0.000217222 21.5147 
5.42224 25.19 14.5268 38.5584 45.2258 24.1315 76.4071 93.1408 98.6072 0.399853 67.4466 62.5115 41.4646 1.35185 11.5015 6.93415 2.47131 78.1224 7.13159 0 8.16807 2.92369 1.08772 0.301398 10.6637 11.6944 2.17341 3.15572 
70.9956 115.278 8.11837 11.2498 112.287 71.6246 33.3128 198.763 178.37 56.1165 7.1324 43.4614 7.63213 20.0962 27.0213 2.74917 60.1384 76.7169 25.8291 297.843 0 32.1993 21.5708 46.9985 48.9475 60.8651 37.6155 36.0871 
10.5473 11.4776 0.311034 7.59551 41.182 18.7491 9.10078 60.6452 0.438821 2.64943 75.0353 36.8668 75.1777 5.0013 14.5856 0.939598 20.9162 0.229385 2.59589 1.72377 22.7517 0 0.345495 4.61865 11.1528 0.21345 10.9703 2.56434 
5.51414 2.25606 4.44385 19.1222 5.50019 15.3808 51.4438 42.2651 0.147851 36.8624 82.6289 12.3246 89.279 0.814915 1.58373 1.63635e-05 8.90084 3.2073 6.02222 0.869266 24.0158 0.314031 0 4.7984 22.017 0.0948932 9.40307 8.33279 
55.6125 4.63115 15.6735 17.5153 56.4025 1.90051 1.01819 128.7 98.136 57.194 15.1007 21.5175 23.3814 0.096987 13.4651 16.8405 20.4394 7.12406 0.693108 4.98069 43.9563 3.52519 18.4828 0 24.0533 3.96496 11.2919 14.4607 
44.9737 71.9204 27.1892 37.5633 38.8192 27.2691 7.06279 135.877 74.2597 26.6937 59.2507 420.739 23.4228 6.47119 6.03985 71.2704 6.57061 59.6922 30.4007 4.61013 19.5424 23.1178 4.28192 60.3106 0 81.6077 103.642 70.7719 
4.86013 24.4617 26.0268 44.6746 3.8747 3.52961 96.7024 57.5044 6.76588 1.0116 16.8371 9.66072 0.509848 0.35891 26.5366 0.678934 5.70521 10.6881 23.5929 0.234815 48.6269 1.06414 7.09602 1.48515 7.63038 0 8.83003 23.5332 
20.2185 0.0331485 17.8889 20.8909 42.6028 6.84101 60.1243 27.2012 67.8192 46.4676 62.9938 97.5725 15.2422 7.29807 4.14778e-06 0.20212 9.62581 29.8936 7.94951 2.84364 2.26923 11.1014 8.27275 14.1052 25.82 0.0292879 0 91.4067 
0.984535 12.6834 22.0494 16.4729 22.0421 0.0625295 45.2117 135.429 14.2931 48.9335 56.1723 118.839 15.4842 0.397731 22.8089 4.30717 24.235 2.61982 0.273767 8.0175 47.2601 10.3879 1.59926 10.8385 20.5434 6.32812 61.6108 0 
