0 23.9387 46.734 279.595 220.347 21.4526 49.3098 243.481 267.107 97.4662 185.799 197.957 1.10534 5.65915 53.3888 34.0559 84.3639 34.2065 116.703 214.441 71.0662 1.64627 9.66212 0.165 46.758 79.4771 6.68429 19.5277 
46.7762 0 56.2977 106.166 8.72721 253.194 18.6387 35.4693 187.895 80.1797 146.799 170.242 27.1154 32.4133 78.7667 3.16509 106.39 168.395 8.58292 139.551 69.4656 1.07717 3.88929 61.5924 18.4204 60.6895 1.9229 15.238 
29.4139 419.011 0 104.885 18.6494 8.94548 25.4545 130.364 367.41 111.182 240.173 127.927 1.17032 4.11994 22.54 21.4711 48.7439 162.727 41.3417 1.29317 2.67784 12.5412 0.00525154 0.505848 6.8785 16.315 17.7388 20.9984 
232.839 37.307 324.862 0 144.145 16.8532 104.358 410.207 132.427 19.0001 139.195 102.648 2.84988 2.43887 39.3677 40.444 71.1152 114.2 39.0149 38.5486 548.821 14.8247 8.89588 15.2117 28.4753 44.1871 0.572935 22.4619 
251.21 172.407 73.9368 14.1903 0 315.535 125.428 180.906 40.7708 124.548 66.5995 155.809 109.986 0.55494 74.196 0.319407 1.14532 175.163 5.14628 25.137 129.555 11.6983 1.6619 1.02373 27.4867 49.894 49.1398 40.082 
59.817 62.3105 7.47923 40.6348 870.334 0 728.727 205.642 216.829 511.59 79.8523 139.613 389.249 16.2633 12.8993 18.3572 61.7834 2.7767 64.5748 20.9202 42.1709 15.9357 1.3741 2.88865 43.5008 20.3632 15.9864 5.94241 
150.781 26.9119 215.515 171.067 434.066 617.213 0 217.777 53.7313 96.7699 228.006 35.3845 217.533 96.8928 142.219 89.3375 105.958 222.899 0.323166 36.6144 17.8662 8.00121 16.0892 66.5733 91.0197 37.5299 55.9686 25.1397 
33.7068 290.385 196.874 394.464 188.407 37.5467 280.726 0 661.365 9.24561 373.763 124.046 144.634 126.137 58.8163 71.7591 68.7011 94.7592 61.0536 45.8328 130.477 8.3883 3.74955 86.5087 0.694914 232.86 80.868 50.6678 
16.9468 91.1695 137.943 258.869 340.981 65.5512 284.135 45.9403 0 385.735 1211.37 324.831 117.729 43.1525 219.08 141.73 122.15 213.425 37.0319 0.990349 177.33 0.120372 5.3993 52.9668 87.4318 61.3545 14.3737 16.9018 
12.5029 108.4 97.1664 102.303 285.708 412.727 416.98 74.5535 251.644 0 142.774 60.4024 129.417 65.5555 117.039 91.6119 43.903 87.3307 0.00143505 32.9072 86.3016 59.4986 6.92598 6.0361 22.876 56.1873 7.49404 51.3461 
115.838 4.47173 11.9319 180.017 228.367 3.51177 340.733 1.46341 9.92715 555.074 0 327.103 244.274 50.7048 146.156 68.732 0.475412 92.1707 101.933 3.19897 104.02 7.27918 1.42297 62.5073 139.22 12.1146 86.2177 110.013 
89.9997 150.851 144.513 238.293 34.0166 74.6172 68.2449 0.0598372 80.5471 243.657 516.197 0 49.2988 55.0902 180.635 51.626 55.225 126.711 38.8574 94.5355 122.171 15.4737 29.2042 87.9128 240.285 399.636 68.1023 135.25 
109.283 96.6656 21.3332 35.5147 154.973 26.2373 78.2582 2.22853 75.2495 156.042 103.652 8.75984 0 3.56181 60.0085 0.358966 4.06151 65.1886 5.81022 1.19318 77.3563 82.0479 91.0041 8.36687 0.520934 34.2141 8.21598 23.2036 
12.5094 37.2143 15.5374 18.2036 61.0924 18.8563 1.01303 10.087 50.3696 31.5126 192.745 77.3933 147.691 0 45.5446 10.1804 1.67837 45.5724 20.5378 4.74816 16.0555 1.10018 0.419096 2.36448 4.46658 10.4356 3.09325 0.368172 
58.4025 17.7028 2.48121 39.4036 0.609309 33.3141 133.535 59.0452 7.80674 31.4381 70.0362 252.032 95.6225 61.9225 0 3.57402 5.80098 68.311 31.2287 0.00919373 44.7739 3.45513 5.37419 1.11923 7.95948 30.3559 9.30669 13.5619 
80.5651 76.621 0.396686 37.2181 73.0536 0.195523 103.55 244.916 4.78975 27.6157 71.3094 96.9531 27.6476 18.6539 5.18065 0 23.5649 61.7237 10.725 4.38355 23.3078 0.125056 0.482028 9.69216 36.1746 2.9338 0.0121271 8.77304 
24.3191 101.56 37.454 16.9712 64.6199 59.8301 1.92127 77.3259 96.596 41.8562 10.4131 21.3914 12.9441 13.3538 27.5437 10.8882 0 285.285 357.628 31.2326 37.2806 10.279 0.639138 11.4744 42.732 11.795 9.39263 16.0885 
82.8956 64.7085 19.7785 113.597 223.389 122.398 231.658 141.182 200.607 79.7715 8.28855 121.063 0.703285 46.6986 4.09247 27.5228 183.629 0 77.3468 82.3772 91.3573 6.73542 1.82743 45.043 59.188 11.4284 43.988 0.94031 
47.6419 135.205 55.7409 6.96268 3.85048 88.4176 25.3114 116.37 10.3466 35.6077 125.284 99.9385 79.5295 0.0416283 9.65225e-05 2.96745 125.777 101.54 0 25.0109 3.89718 3.71966 7.6854 3.87334 5.64619 2.9832 2.25214e-05 21.4644 
5.14893 26.045 14.7016 38.2613 45.7239 24.1507 76.7972 93.6421 98.8752 0.438729 67.1665 62.9141 41.4125 1.36401 11.513 6.96597 2.53144 77.8572 7.02659 0 10.3991 2.91056 1.09691 0.30928 10.6264 11.6796 2.19385 3.12748 
69.1896 114.305 7.68204 11.1661 111.893 71.4591 33.8674 198.257 177.952 55.7613 6.86874 42.7686 7.7635 19.9641 26.8253 2.85032 60.2679 76.2474 26.0442 301.876 0 32.2172 21.6766 46.9566 48.7849 60.9498 37.6922 36.2217 
10.6336 11.3574 0.321627 7.63817 41.0242 18.7062 9.25223 60.5237 0.405196 2.54478 75.1526 37.1275 75.6004 4.9431 14.528 0.913956 20.9269 0.215365 2.63372 1.73549 22.6918 0 0.311009 4.5446 11.1732 0.204981 10.9473 2.54324 
5.42048 2.18202 4.49086 19.1031 5.38966 15.3478 51.7233 41.7775 0.112515 37.1403 83.4522 11.8747 89.0871 0.909171 1.70732 0.000629623 8.94185 3.26902 6.0749 0.877781 24.1198 0.281162 0 4.45359 21.9449 0.0862255 9.3563 8.30674 
55.694 4.74671 15.6735 17.3973 56.4102 1.94371 1.08881 128.233 98.2668 57.3165 14.6085 20.4938 23.037 0.116238 13.7189 16.4306 20.424 7.21886 0.672949 4.99585 44.0371 3.59387 18.7413 0 24.5539 3.88295 11.3799 14.4627 
56.2447 83.2782 27.1355 49.3536 38.5894 38.7524 7.29306 137.315 85.155 26.3764 58.3693 1049.88 23.2248 6.38849 5.89201 70.3979 18.1263 59.6987 30.3797 4.65201 19.3504 19.4458 4.11371 61.2634 0 87.7867 121.168 82.8686 
5.04016 24.7994 26.0944 44.6795 3.75461 3.61724 96.5256 59.581 6.39291 1.10409 17.5735 11.9181 0.550125 0.336118 26.383 0.773762 5.76183 10.5351 23.6665 0.223329 48.4299 1.08254 7.13938 1.43055 7.60803 0 8.60605 22.7339 
20.3591 0.0408566 17.8569 20.8116 42.6844 6.78716 60.0929 27.5734 68.0059 46.4217 62.7204 97.0942 15.3362 7.26464 0.000312268 0.186539 9.58437 29.9883 7.99584 2.82119 2.31681 11.079 8.32217 14.1842 26.3702 0.0163694 0 91.0231 
1.03821 12.5137 22.0347 16.3308 22.2043 0.0710792 44.9421 135.46 13.9999 48.7821 56.6868 120.071 15.6086 0.414346 22.8417 4.40763 24.2256 2.56091 0.286541 7.98833 47.1812 10.3938 1.57466 10.8887 20.4991 6.83403 62.9339 0 
