0 451.09 87.2497 585.888 185.727 425.659 22.4854 277.117 686.869 112.235 176.34 213.301 0.10331 3.76416 48.6124 27.1865 500.575 58.8491 115.281 263.951 41.5778 2.39946 7.66392 0.00776576 449.743 79.3274 8.48618 23.0669 
430.342 0 232.159 453.933 84.0203 657.597 106.63 13.5528 674.152 49.2088 179.575 149.101 17.667 37.6702 71.562 6.36139 498.807 904.912 19.7013 142.03 87.1997 1.92837 5.76393 60.7786 425.547 54.645 1.07521 12.1496 
6.33749 244.167 0 271.23 4.28013 2.68564 2.5608 186.151 463.935 114.216 226.937 102.396 0.140481 2.90708 18.7628 19.5274 51.536 161.883 46.5395 0.310411 9.12688 12.4227 0.0296189 0.987037 9.02857 18.8542 18.2766 20.2253 
536.347 500.84 327.246 0 156.021 426.022 137.315 1140.01 615.008 11.0727 111.503 59.9789 5.27975 1.43949 39.3692 37.3886 481.054 98.838 43.849 43.1813 643.806 15.29 7.61405 17.3492 433.26 42.5843 0.201242 20.0597 
266.005 54.3619 44.6129 4.42404 0 259.373 47.5445 197.563 85.5374 190.416 40.8414 165.179 91.0505 0.0185706 80.6841 0.00500373 0.0659301 198.688 1.83335 17.797 131.523 14.3036 0.72855 0.345696 31.5537 54.0363 49.1542 37.3374 
453.495 513.579 16.1447 457.982 276.295 0 748.034 187.753 781.221 41.3236 131.738 149.788 607.67 17.9594 8.52284 15.8575 473.646 7.98707 74.2907 19.4193 47.7035 14.7726 0.796479 3.85041 450.649 18.2337 16.7741 7.20941 
110.89 123.494 243.749 143.078 423.607 887.484 0 139.762 207.901 10.7243 337.118 14.3495 218.903 96.3031 138.063 95.8276 102.243 232.147 3.74558 45.2693 10.9609 5.65165 20.8329 63.5605 91.872 46.6932 54.1198 29.865 
10.3748 275.862 141.98 410.914 203.541 65.5853 203.356 0 593.004 1.66312 359.176 7.01981 147.387 125.888 36.0887 123.65 74.0844 110.105 52.9163 56.7018 150.464 10.8754 7.71963 101.184 7.94499 218.807 74.6994 37.8201 
431.236 449.882 300.311 595.083 308.758 606.745 1037.53 179.734 0 378.279 1412.96 371.3 139.248 61.9507 297.001 149.191 534.013 203.875 25.5097 3.46824 183.561 0.647272 2.16611 44.7737 483.565 77.0143 18.1089 22.8166 
5.35874 74.3895 106.286 105.835 231.31 168.111 499.956 100.349 320.075 0 327.12 35.2088 61.0372 72.8551 128.266 91.2529 49.7277 99.7136 1.19988 28.931 90.2716 57.7232 4.06132 3.47651 28.4333 49.7472 5.76054 53.4537 
133.803 17.0945 37.1594 195.115 204.378 25.412 429.513 3.46417 172.133 406.458 0 214.092 253.12 22.5266 271.362 34.2226 1.55684 105.749 109.613 1.33751 93.6082 4.71033 6.1119 49.0297 130.988 3.46584 85.8107 110.135 
115.658 128.161 164.477 206.397 22.958 92.6538 103.035 190.598 33.4538 246.76 506.378 0 37.3833 77.7228 229.59 2.279 59.6172 134.233 44.8231 91.7635 109.191 11.9499 41.2949 116.356 175.164 365.342 57.4499 153.082 
108.845 83.7096 27.0409 40.8625 140.627 68.1015 52.0022 0.295268 97.1923 230.969 137.582 15.8491 0 19.8406 43.4169 2.47229 2.54619 58.516 3.13955 2.07956 76.4977 86.9075 90.7709 12.9881 0.0618413 37.6876 6.87438 25.5063 
9.78347 31.959 14.6613 19.6142 57.3806 20.1409 0.000453534 18.4451 67.2292 22.5553 165.323 54.7797 156.332 0 20.5372 14.1535 2.22107 43.3418 21.7858 4.68659 13.8438 0.560009 0.0825645 1.12139 5.85157 9.37087 3.65676 0.698803 
62.2482 24.8684 0.859614 38.7497 0.00602745 36.977 122.337 84.4758 11.7806 15.5981 185.152 211.963 80.9727 50.117 0 5.14506 6.99315 67.1512 29.2663 0.0836061 47.579 2.44655 9.36333 0.0479992 11.0067 30.9362 8.08242 11.6775 
79.8515 72.0239 1.2917 40.3235 74.4108 0.869731 103.514 210.624 0.482929 37.8077 36.2411 1.88166 36.3659 16.3448 35.9485 0 24.2434 61.36 12.3378 3.7675 19.2119 0.0119443 0.0337456 3.7029 33.5374 0.552102 0.179197 6.64253 
428.901 525.419 32.93 426.032 48.7544 471.92 0.347401 82.1073 497.653 47.706 7.24812 17.558 15.8218 12.4082 26.67 12.093 0 264.415 471.882 32.2524 33.773 11.0463 0.404076 10.653 450.417 10.5868 8.66722 16.948 
54.6495 53.4185 7.05887 126.747 207.324 124 234.491 153.273 211.277 92.4583 3.40177 129.298 2.2238 48.5619 6.41966 31.252 234.179 0 61.7092 85.3578 98.5556 8.0355 2.74976 46.142 58.4227 14.3353 43.411 1.6829 
57.7932 150.654 51.9369 4.08779 2.7601 83.5846 39.1584 115.033 18.6561 24.8033 127.976 98.6305 76.0485 0.00621545 0.155599 2.05706 84.338 86.357 0 27.1322 5.8714 2.97673 8.69751 4.69237 4.56791 3.96014 0.0329393 22.3263 
21.7168 12.7452 11.6194 42.9611 37.0041 23.659 69.4737 84.2613 93.5479 0.0171249 71.8883 55.6654 42.2207 1.15441 11.2769 6.38867 1.56926 82.0534 8.96377 0 10.9639 3.14314 0.938239 0.184463 11.2624 11.9005 1.84351 3.63706 
102.732 130.911 16.9662 63.53 118.374 74.0432 24.5761 205.26 183.938 61.9737 12.206 55.4901 5.59277 22.3082 30.2945 1.32479 57.8535 84.3862 22.312 204.709 0 31.8651 19.8039 47.5696 51.5244 59.2203 36.2843 33.7947 
9.14341 13.5444 0.160181 6.88849 43.7367 19.3941 6.73486 62.5234 1.19411 4.68318 72.8268 32.5435 67.4891 5.97363 15.4775 1.41329 20.7125 0.5277 2.00185 1.53234 23.7351 0 1.17301 5.89065 10.8357 0.379134 11.3366 2.92464 
7.17461 3.66187 3.67899 19.3603 7.48535 15.8611 46.6382 50.4812 1.44055 32.1659 68.6375 20.8709 91.1708 0.000853403 0.194414 0.23852 8.21918 2.26002 5.16746 0.731937 22.2693 1.116 0 11.3993 22.8814 0.299085 10.1583 8.7447 
54.0457 2.90251 15.5952 19.4225 56.1041 1.24557 0.188102 134.992 95.3605 54.8421 24.2875 41.5158 29.2836 0.033204 9.32659 23.1709 20.6666 5.62288 1.07107 4.7196 42.5023 2.45226 12.6806 0 15.9471 5.40948 9.8103 14.3592 
470.045 495.318 27.9036 453.847 42.6057 448.756 3.7392 110.666 505.485 32.0735 74.1474 229.451 26.7492 7.87078 8.69099 52.5121 426.979 59.4239 30.6869 3.92751 22.8107 79.7692 7.51633 45.4126 0 37.5472 173.99 69.8331 
2.32307 19.0504 24.693 44.0569 6.13183 2.21009 98.8662 27.208 14.4034 0.0640291 6.73754 7.21774 0.0634213 0.843336 28.7512 0.0123508 4.79279 13.3609 22.3286 0.46731 51.7628 0.778802 6.35364 2.52438 8.43598 0 12.8219 37.2592 
17.902 0.0232334 18.3747 22.1642 41.181 7.7519 60.4891 21.2505 64.5358 47.1131 67.3912 104.963 13.6913 7.84495 0.0671383 0.551757 10.3193 28.2946 7.18769 3.22546 1.54531 11.4558 7.43854 12.7372 17.0432 0.788748 0 91.6141 
0.297872 15.6331 22.1994 18.8329 19.3759 0.000677602 49.6216 133.601 19.5357 51.2875 47.617 97.5164 13.4483 0.169835 22.1259 2.77333 24.3598 3.69349 0.103512 8.49295 48.4675 10.2724 2.0313 9.97056 21.4761 0.67559 38.4868 0 
