0 491.21 97.1264 581.737 177.132 445.032 17.7163 283.25 707.993 115.41 173.778 216.099 0.0242746 3.38448 47.4888 25.6798 522.031 65.0692 114.716 272.237 35.7502 2.58839 7.23721 0.0400306 468.311 79.1428 8.9182 23.8856 
461.145 0 277.378 464.083 110.04 673.781 134.383 9.95504 711.033 42.951 186.667 144.052 15.768 38.8586 69.8186 7.2264 514.936 848.573 22.7739 141.841 91.2539 2.15398 6.23381 60.5296 445.124 53.2272 0.916559 11.4873 
3.3845 198.909 0 290.924 2.39938 1.75403 0.644611 197.995 471.535 114.381 221.972 96.4536 0.045884 2.65527 17.8881 19.0421 52.0773 160.733 47.6466 0.180296 11.0806 12.3881 0.0517113 1.11667 9.53802 19.4063 18.3846 20.0264 
534.204 536.588 370.965 0 158.002 446.297 144.36 1098.33 651.415 9.53755 105.052 51.368 5.9253 1.24711 39.2675 36.556 501.078 95.1245 44.9019 44.0473 197.914 15.3878 7.32823 17.8201 452.267 42.0744 0.143289 19.5026 
267.747 35.668 38.6424 2.95978 0 241.814 34.3627 200.833 97.299 205.174 35.7078 167.011 86.7207 4.19058e-06 82.0173 0.0461308 0.31063 203.371 4.71565 16.2681 131.773 14.9181 0.569245 0.241763 32.4813 54.9311 49.132 36.7018 
470.218 544.006 18.432 479.799 513.772 0 1285.47 182.578 831.179 521.219 143.886 151.603 103.592 18.3117 7.62292 15.2774 494.12 9.51583 76.2489 19.0507 48.9334 14.4978 0.686304 4.08232 470.088 17.7329 16.9436 7.5058 
102.018 152.555 247.01 135.992 415.053 834.84 0 123.04 356.329 2.97301 359.902 10.8117 218.161 95.9011 136.462 97.0537 101.246 233.283 5.02746 47.2495 9.61072 5.17054 21.9593 62.7959 91.8921 48.7944 53.6629 30.9547 
6.88111 271.16 129.126 419.186 206.428 72.585 185.456 0 565.008 0.791689 353.395 33.5973 147.764 125.442 31.5085 135.88 75.2578 113.518 51.0828 59.1862 154.746 11.4748 8.79983 104.306 10.637 213.698 73.2247 35.0629 
453.546 461.834 335.614 597.818 299.284 662.607 1167.99 218.398 0 372.228 1363.8 379.241 143.918 66.3559 294.769 150.292 554.424 201.14 23.1367 4.23134 184.551 0.824178 1.63115 42.9308 500.559 80.5487 18.9975 24.2438 
4.14002 67.1381 107.917 106.304 217.223 112.572 506.88 106.333 333.027 0 370.242 30.2763 48.1739 74.2973 129.995 90.8292 51.0299 102.417 1.82471 28.0256 91.0814 57.2348 3.51045 2.98833 29.7235 48.2275 5.39522 53.8732 
137.706 21.0124 44.486 197.557 198.274 32.8959 444.811 6.51682 242.318 364.509 0 188.931 253.882 17.5134 297.815 27.7441 1.88681 108.763 111.209 1.02525 91.1855 4.20105 7.60736 46.0535 128.73 2.21993 85.6241 109.955 
121.505 122.887 168.287 197.665 20.7088 96.6762 111.395 275.577 25.3474 246.305 497.367 0 34.8406 82.971 238.711 12.2138 60.5893 135.776 46.188 90.9905 106.142 11.2032 44.1931 122.597 188.519 348.144 55.0391 156.534 
108.598 80.72 28.3758 42.0644 137.027 83.3488 46.5489 0.107423 102.234 246.564 145.247 17.713 0 25.1161 39.793 3.20625 2.24994 56.9891 2.64369 2.31254 76.251 87.7302 90.3256 14.1446 0.0199816 38.4518 6.58362 26.0241 
9.20207 30.7761 14.434 19.9075 56.472 20.3889 0.0408498 20.6288 71.1198 20.6523 157.945 49.9049 156.363 0 15.2542 14.9641 2.35334 42.8074 22.0558 4.6695 13.3553 0.461399 0.248405 0.895359 6.17788 9.11378 3.78789 0.78738 
63.0425 26.6044 0.606023 38.5019 0.0740382 37.6843 119.277 90.3978 14.336 12.6664 213.941 200.792 77.3789 45.2043 0 10.095 7.27398 66.8137 28.7996 0.11075 48.179 2.23826 10.3405 0.000762997 11.7309 30.935 7.80856 11.2492 
79.5189 70.8648 1.5619 40.8747 74.6083 1.08706 103.208 200.687 0.125672 40.1959 29.5955 0.391907 38.3909 15.6339 44.8819 0 24.3839 61.2155 12.7085 3.63013 18.3141 0.00289884 0.00451075 2.67579 32.7865 0.269684 0.244018 6.18313 
447.965 548.551 31.8808 446.027 45.3166 492.451 0.166783 83.1284 515.703 49.0194 6.60433 16.7291 16.5008 12.1924 26.4568 12.3674 0 256.87 171.804 32.4536 32.9782 11.2199 0.358134 10.4667 470.003 10.3164 8.50437 17.1391 
48.8027 39.4745 5.02775 129.327 202.882 123.975 234.141 155.769 213.108 95.2625 2.58648 131.017 2.68387 48.9474 7.01175 32.0975 243.897 0 58.2259 85.8675 100.093 8.34215 2.98297 46.3623 58.2035 15.0259 43.2621 1.87982 
60.1051 153.669 50.9683 3.53492 6.13728 82.13 42.5822 114.576 20.8309 22.5553 128.377 98.2362 75.165 0.0204155 0.231745 1.87234 78.1857 82.8276 0 27.5936 6.36953 2.81847 8.9303 4.88612 4.33682 4.19776 0.0490559 22.5132 
28.6866 10.319 10.9313 43.8448 35.0694 23.5038 67.702 82.0014 92.1754 0.000105907 72.8854 53.994 42.3703 1.10859 11.2139 6.25404 1.38163 82.853 9.42489 0 22.6744 3.19589 0.903511 0.160524 11.3989 11.9383 1.76755 3.75539 
110.652 134.465 19.4994 81.3368 119.688 74.5259 22.6345 206.26 184.87 63.3561 13.6075 58.494 5.14678 22.8401 31.0793 1.05782 57.2714 86.1745 21.4886 177.92 0 31.7748 19.3797 47.6706 52.1036 58.7616 35.9507 33.2324 
8.81696 14.0571 0.131263 6.72022 44.3268 19.5286 6.2134 62.9321 1.42956 5.24987 72.2279 31.515 65.4854 6.2057 15.6712 1.53945 20.6566 0.617322 1.86976 1.48753 23.9666 0 1.43881 6.20371 10.765 0.425683 11.4194 3.01332 
7.59985 4.04629 3.50153 19.3949 8.00042 15.956 45.4501 52.4634 1.94612 31.0277 65.2439 23.1926 91.2518 0.0336685 0.0586015 0.364328 8.05646 2.05598 4.96915 0.700347 21.8469 1.37619 0 13.0344 22.9909 0.36457 10.3321 8.83699 
53.6125 2.54445 15.5544 19.8601 55.9847 1.10734 0.0871448 136.065 94.5309 54.1936 26.7442 47.0298 30.7331 0.0902938 8.38328 24.4604 20.7129 5.28542 1.17341 4.6547 42.1242 2.2173 11.0367 0 14.144 5.77451 9.45275 14.3158 
491.008 515.818 28.0236 472.678 43.4993 468.85 3.09075 104.392 527.878 33.3823 77.7392 228.813 27.552 8.21014 9.37314 41.4309 446.852 59.3144 30.7378 3.76848 23.6109 75.5687 8.39894 43.0545 0 61.439 177.616 111.09 
1.84781 17.8214 24.3177 43.7603 6.7432 1.93513 99.1611 21.37 16.6147 0.00516834 4.96121 16.4989 0.0197922 0.987937 29.1777 0.112936 4.58305 14.0349 22.0153 0.534429 52.471 0.716405 6.17101 2.80766 8.74848 0 13.8387 40.4989 
17.3554 0.0541424 18.478 22.4549 40.823 7.97394 60.5314 19.9012 63.702 47.2342 68.3976 106.56 13.3247 7.97297 0.103474 0.660522 10.4863 27.9057 7.0081 3.31921 1.39147 11.5356 7.23623 12.3966 15.1039 1.12096 0 89.9325 
0.192108 16.3726 22.2084 19.3941 18.7479 0.00852302 50.6525 132.801 20.887 51.8025 45.5829 92.2626 12.9717 0.12915 21.9251 2.44803 24.3807 3.97649 0.0746884 8.60378 48.7261 10.2401 2.1408 9.75437 21.7609 0.165339 33.0166 0 
