0 206.711 127.663 136.632 149.574 67.4322 6.4443 298.179 331.557 124.69 164.987 223.018 0.125962 2.33397 43.9486 21.1907 149.311 85.3466 112.421 263.094 20.205 3.21256 5.98582 0.296868 86.9957 78.2276 10.3023 26.4385 
152.782 0 400.527 68.6856 204.008 279.294 230.673 2.29633 382.587 25.8999 207.358 128.073 10.5298 42.4943 64.2339 10.2005 126.112 530.095 33.3803 139.518 103.696 2.92398 7.78226 59.6148 67.0693 48.7725 0.506114 9.53937 
0.0723756 75.019 0 277.908 0.00419144 0.118565 2.75385 230.846 457.633 113.661 202.637 78.1758 0.079093 1.93938 15.187 17.4597 53.5206 155.04 50.8626 0.000212622 18.1425 12.2641 0.158011 1.56195 11.1483 21.0372 18.6847 19.361 
100.845 212.607 236.24 0 162.333 70.9032 164.403 1142.98 321.517 5.47376 85.1914 28.272 8.12501 0.737192 38.7195 33.7071 123.951 83.3181 48.0259 46.2336 529.912 15.6709 6.46182 19.2296 72.3821 40.1831 0.0262859 17.7656 
269.223 2.33223 22.4177 0.282224 0 141.668 6.69971 209.622 136.15 248.167 21.7896 171.938 73.4513 0.182492 85.7737 0.433471 2.19432 216.048 21.6604 11.9115 132.081 16.8631 0.200886 0.0377916 35.3447 57.5755 49.0044 34.716 
83.9772 199.79 25.996 108.336 740.322 0 978.714 164.44 521.691 763.547 180.581 155.972 199.713 19.3128 5.10806 13.4746 118.401 14.979 81.6074 17.856 52.6495 13.6283 0.396558 4.8263 91.2807 16.1574 17.4439 8.43776 
75.7555 251.01 249.124 113.108 375.795 455.048 0 75.9584 899.404 9.4643 421.296 2.99126 213.466 94.0511 130.088 100.221 97.8286 234.488 10.105 53.3418 5.97597 3.8117 25.5308 60.2609 91.5511 55.267 52.17 34.3439 
0.58269 253.692 90.4771 502.644 213.957 95.0823 131.808 0 457.187 0.11959 330.315 225.337 148.342 123.178 19.0399 172.789 78.7559 123.803 45.4832 66.8216 167.219 13.4017 12.5238 113.319 21.1866 194.052 68.5247 27.0207 
86.3496 69.1284 425.227 169.197 265.957 395.368 1294.84 346.256 0 344.266 1096.24 396.844 157.646 79.984 192.352 152.255 178.371 191.481 16.4442 7.0344 186.592 1.50172 0.454835 37.3213 114.407 91.2647 21.8259 28.8201 
1.35725 46.3823 111.834 106.958 171.696 5.64051 497.805 124.814 365.039 0 490.568 17.1734 17.1686 78.1844 133.273 88.7454 54.9839 110.444 4.55067 25.2398 93.3591 55.5376 2.05329 1.70684 33.7461 43.4452 4.33568 55.0253 
149.228 35.3372 69.9969 202.633 178.224 60.8362 477.782 21.7203 404.952 230.96 0 116.789 253.289 5.83351 365.557 11.683 3.09832 117.846 115.761 0.321737 83.6101 2.80588 13.1603 37.1713 120.941 0.113652 84.8314 108.92 
139.349 106.519 178.107 168.224 14.4278 108.744 137.751 580.102 7.1907 242.228 455.24 0 27.4252 99.0708 260.781 87.7996 63.5246 140.134 50.4111 88.2858 96.5669 9.02948 53.383 140.836 165.53 278.709 47.6763 165.595 
107.496 71.4577 32.5572 45.726 125.257 120.562 31.2245 0.1139 117.734 288.394 168.337 24.0147 0 44.2417 29.1889 6.03383 1.4487 52.2663 1.37714 3.10346 75.3712 89.583 88.0623 17.9311 0.0359636 40.7437 5.71932 27.6075 
7.501 27.1694 13.6722 20.7442 53.5296 21.0459 0.791946 27.9506 83.0855 15.1681 133.314 35.7914 151.934 0 3.17828 17.1181 2.78205 41.0981 22.8567 4.60961 11.8823 0.215725 1.27744 0.349601 7.20405 8.29246 4.199 1.09087 
65.298 32.1699 0.100615 37.514 0.758116 39.5434 108.811 108.609 25.8157 5.42356 299.01 163.21 65.9097 27.7415 0 32.9586 8.16286 65.604 27.3149 0.218103 49.9391 1.64719 13.4172 0.315742 14.0141 30.6222 6.97564 9.93469 
78.1042 67.0446 2.54188 42.1889 74.9579 1.9007 101.585 166.522 0.483947 47.6299 12.9447 44.6673 44.6695 13.1203 70.8688 0 24.7852 60.627 13.8606 3.21359 15.6303 0.0137192 0.0852966 0.514817 30.1614 0.0302967 0.505457 4.83643 
68.4878 180.776 28.6159 69.2049 35.2193 116.924 0.0225863 86.1205 132.614 53.0201 4.79612 14.2722 18.6515 11.5247 25.7653 13.2146 0 228.104 209.765 33.0021 30.5337 11.7539 0.23368 9.89267 91.696 9.49183 8.0064 17.7191 
32.4257 28.8921 0.903139 136.221 187.558 122.993 230.766 162.842 217.317 103.67 0.769385 135.948 4.36504 50.0473 8.9803 34.6959 268.4 0 47.7587 87.0411 104.592 9.31428 3.75701 46.9733 57.4232 17.2219 42.7614 2.55251 
67.2013 161.681 47.7632 2.07208 24.5078 76.8911 53.6615 112.814 28.1512 16.1718 129.118 96.7974 72.2357 0.115716 0.56066 1.35455 64.3546 71.8733 0 28.9647 8.01918 2.35459 9.65473 5.50144 3.65645 4.96628 0.118819 23.0692 
56.2471 4.37266 8.86426 46.0899 29.257 22.9272 62.0298 74.7897 87.5913 0.130457 75.7742 48.8066 42.7522 0.971514 10.9978 5.83188 0.875874 84.9468 10.892 0 80.8877 3.35845 0.79947 0.0969747 11.801 12.0257 1.54163 4.12609 
135.231 144.813 28.1689 109.111 123.36 75.7668 17.071 207.94 186.73 67.5425 18.3514 67.9664 3.88114 24.4779 33.4876 0.421667 55.3999 91.5325 19.009 96.5041 0 31.4725 18.0741 47.8927 53.7863 57.1977 34.89 31.4742 
7.83791 15.6742 0.0600843 6.20627 46.0842 19.8916 4.72561 64.0864 2.28505 7.17801 70.2219 28.3783 59.0067 6.91072 16.2144 1.95658 20.4674 0.936925 1.48888 1.35236 24.6682 0 2.40477 7.17705 10.5556 0.585312 11.6616 3.29156 
8.9718 5.34139 2.97225 19.4457 9.67648 16.1977 41.7248 58.5497 3.96827 27.519 54.8446 30.9182 90.5855 0.688215 0.138425 0.91036 7.55785 1.48519 4.37596 0.6065 20.5408 2.32643 0 17.4936 23.0831 0.605255 10.8467 9.1044 
52.1438 1.58408 15.3758 21.1491 55.5017 0.729669 0.0174619 138.259 91.5946 52.0039 34.8378 65.318 35.2398 0.438136 5.6818 27.5883 20.8356 4.30364 1.51658 4.44976 40.8914 1.55598 6.05586 0 9.1933 6.93141 8.35405 14.1363 
116.907 140.151 28.2645 92.0038 46.2052 92.0663 1.47117 84.96 158.01 37.4307 88.7053 166.375 30.0265 9.25484 11.561 12.7216 69.4853 58.8679 30.851 3.29157 26.1068 25.0697 11.3198 40.8161 0 120.126 48.9981 37.1089 
0.719721 14.2278 23.0379 42.4965 8.78827 1.19573 99.5132 7.55727 24.2631 0.236719 1.16901 66.4116 0.0408411 1.49802 30.2128 1.05026 3.96049 16.184 21.0283 0.768097 54.5361 0.539442 5.6011 3.75303 9.98752 0 17.0614 49.7451 
15.6975 0.230345 18.7631 23.3113 39.6806 8.6648 60.5513 15.9582 61.0289 47.5236 71.3682 111.01 12.2103 8.35852 0.264338 1.05442 11.0023 26.6962 6.46321 3.613 0.966523 11.7682 6.61044 11.3245 9.72654 2.4935 0 80.9057 
0.0113432 18.7215 22.1703 21.1005 16.8468 0.087929 53.7482 129.48 25.2534 53.26 39.4076 76.0545 11.5355 0.0385307 21.221 1.56095 24.4228 4.90839 0.0153244 8.93658 49.4451 10.1298 2.49123 9.07248 22.8039 0.767307 17.7228 0 
