0 245.672 145.868 67.8262 132.034 32.7524 2.20541 304.212 294.368 130.013 158.897 225.966 0.451633 1.77508 41.7024 18.541 116.474 98.5606 110.586 231.053 12.5915 3.63143 5.25931 0.575582 49.0855 77.3994 11.2001 28.0414 
182.152 0 451.027 31.7151 268.129 229.207 293.928 0.23802 373.647 17.2342 219.117 117.941 7.76837 44.7203 60.6316 12.2701 83.6105 876.526 40.737 136.781 111.308 3.45808 8.81717 58.9364 31.286 45.9577 0.311479 8.40443 
2.496 23.6769 0 219.341 1.14246 0.0720145 10.0722 247.609 421.986 112.287 187.957 67.0749 0.346724 1.54402 13.5272 16.4214 54.2394 149.948 52.6936 0.0578646 23.2505 12.1737 0.252818 1.87192 12.1719 21.9868 18.8454 18.9096 
42.8242 211.393 101.805 0 163.624 37.1323 175.236 811.299 311.274 3.48689 73.1197 17.0055 9.64403 0.485492 38.204 31.7492 88.3983 75.8136 49.8615 47.1991 400.589 15.8326 5.93703 20.0677 35.4187 38.7806 0.000753492 16.6778 
267.16 1.62906 14.2836 0.0445019 0 66.8614 0.264824 214.037 161.582 271.9 14.7243 174.428 65.3624 0.477683 87.8208 0.871109 4.20999 222.465 37.8292 9.49912 131.92 18.1069 0.0662623 8.91351e-05 37.1203 59.1247 48.8803 33.4648 
43.6552 184.449 30.9423 76.3345 675.665 0 1234.98 151.785 504.616 778.922 201.914 157.721 77.6081 19.8649 3.76549 12.3538 83.7335 18.9057 84.3658 17.0744 54.8889 13.0732 0.255433 5.30859 54.7824 15.1615 17.7373 9.02866 
60.6354 314.093 244.353 98.4959 342.95 184.678 0 51.1995 1173.06 36.046 450.705 0.565862 208.771 92.4488 125.105 101.703 95.4561 233.479 14.0779 57.0856 4.13343 3.06501 27.8129 58.5586 91.0341 59.2502 51.1805 36.4629 
0.158713 240.787 68.2297 522.434 217.542 109.422 100.894 0 379.322 1.23936 312.347 403.617 148.255 121.11 12.7047 194.114 80.8307 129.97 42.0605 71.5071 174.331 14.6559 15.1204 118.383 29.3123 179.29 65.5031 22.4225 
59.0454 31.3041 459.472 104.663 242.702 419.57 1141.94 425.86 0 320.568 1066.71 402.236 165.565 88.332 172.557 152.369 143.394 184.609 12.7955 9.10655 187.081 2.02208 0.0890374 33.9139 73.5376 97.7047 23.6453 31.7824 
0.385859 34.9776 113.383 106.758 142.956 10.6037 469.744 136.159 378.086 0 548.097 10.7704 5.50158 80.1428 133.699 86.8773 57.3825 115.159 6.83485 23.521 94.6022 54.3432 1.3374 1.08555 36.2629 40.4243 3.72984 55.631 
155.931 45.8032 87.5526 203.861 165.017 81.2114 486.426 35.3244 495.742 153.37 0 78.2786 250.691 1.67611 393.078 5.0108 3.99645 123.294 118.293 0.0839186 78.8481 2.0754 17.2843 31.9375 115.533 0.145491 84.1755 107.916 
150.155 96.3784 182.626 148.608 11.0483 115.892 154.275 764.678 1.43354 237.706 419.483 0 23.1735 108.817 269.296 161.025 65.2968 142.524 53.0377 86.3702 90.5217 7.78123 59.222 151.143 93.732 227.344 43.1901 169.923 
106.556 65.7141 35.1877 47.9557 117.516 127.703 23.0003 0.563438 127.219 308.239 182.014 28.325 0 57.7483 23.1645 8.20032 1.03738 49.3317 0.793444 3.64887 74.7349 90.2002 86.0015 20.4321 0.156222 42.1132 5.2076 28.5789 
6.51749 24.9704 13.1562 21.2097 51.6032 21.3689 1.73045 32.8983 90.3904 12.0958 117.075 27.8895 145.882 0 0.141201 18.1327 3.06393 39.9917 23.3287 4.56701 10.9947 0.108806 2.2483 0.134315 7.85176 7.76492 4.45895 1.30176 
66.5451 35.7631 0.000856957 36.7356 1.54078 40.4372 101.64 119.66 35.4736 2.39926 343.872 138.512 58.6305 17.054 0 50.0388 8.73158 64.7265 26.3609 0.30261 50.9612 1.32095 15.3179 0.856156 15.4552 30.1959 6.46875 9.1278 
76.9359 64.4994 3.25605 42.7005 74.9768 2.51095 100.069 143.549 1.81283 52.2405 5.86199 104.462 48.5529 11.3873 82.6638 0 25.01 60.1538 14.5813 2.96111 14.0343 0.0498602 0.264261 0.0179456 28.3241 0.365344 0.713937 4.06079 
31.9473 150.791 26.578 34.1412 29.399 82.3849 0.247486 87.8545 93.4658 55.4574 3.81061 12.8247 20.0278 11.1086 25.3105 13.7412 0 206.775 185.327 33.2873 29.0228 12.0845 0.169524 9.53668 55.5451 8.98733 7.70014 18.072 
23.6824 68.4642 0.0200222 139.638 176.945 121.704 226.958 166.729 218.814 108.673 0.177322 138.716 5.60546 50.6612 10.3075 36.2986 278.873 0 41.5316 87.4623 107.192 9.93789 4.27885 47.3003 56.86 18.6331 42.4189 3.01954 
71.5528 165.612 45.6224 1.3528 41.4485 73.1165 60.8612 111.456 33.1287 12.6626 129.2 95.7366 70.2677 0.213984 0.83595 1.07301 57.552 65.0844 0 29.7745 9.12802 2.08519 10.1092 5.89676 3.25893 5.47015 0.177402 23.3987 
76.9444 1.91428 7.63717 47.0947 25.792 22.4964 58.3753 70.1612 84.4954 0.350149 77.4202 45.5757 42.9286 0.889726 10.8474 5.56521 0.617984 85.9559 11.8347 0 128.926 3.45932 0.737245 0.0653936 12.0356 12.0578 1.40773 4.36045 
150.303 150.716 34.1241 100.734 125.339 76.3457 13.9576 207.907 187.105 70.0761 21.6047 73.9735 3.17987 25.4912 34.9704 0.17046 54.1812 94.7275 17.5175 53.4521 0 31.2666 17.2665 47.9627 54.7499 56.1163 34.2074 30.3657 
7.25142 16.7044 0.0296303 5.89102 47.1259 20.077 3.89545 64.721 2.91379 8.50716 68.8584 26.4625 54.8028 7.33699 16.5091 2.23598 20.3371 1.16827 1.27267 1.27072 25.0945 0 3.10485 7.78212 10.4297 0.696539 11.8018 3.4679 
9.8682 6.22714 2.65844 19.4347 10.7816 16.3082 39.3759 62.2848 5.56816 25.3539 48.5117 36.0961 89.4818 1.47485 0.564841 1.36253 7.25073 1.17559 4.02183 0.550992 19.7274 3.01818 0 19.4804 22.9528 0.78341 11.1491 9.25697 
51.1337 1.09858 15.2251 21.8994 55.1149 0.53298 0.158138 138.757 89.4939 50.5066 40.2057 77.393 38.0449 0.778985 4.20359 28.7676 20.8963 3.7394 1.75048 4.31903 40.0764 1.19702 3.41361 0 6.7051 7.66669 7.67864 13.9906 
83.3244 105.496 28.3151 54.3656 47.8437 56.8232 0.760189 73.0734 126.893 39.9399 95.3564 276.087 31.5579 9.8977 12.9697 9.50179 33.958 58.5083 30.8879 3.00639 27.6743 4.57305 13.2505 43.1435 0 90.5032 165.45 6.45459 
0.280031 12.1573 22.1567 41.4559 10.1759 0.821913 99.3067 2.4347 29.5888 0.693548 0.132339 110.503 0.172227 1.86105 30.6333 2.09104 3.5926 17.5695 20.4002 0.933097 55.7237 0.441447 5.2439 4.38928 10.9559 0 19.1002 54.618 
14.6903 0.401171 18.9143 23.8114 38.9425 9.09796 60.4795 13.6867 59.2955 47.6392 73.1058 113.392 11.5309 8.59045 0.401079 1.34248 11.3233 25.9376 6.13166 3.79882 0.740508 11.9023 6.22171 10.6461 6.93505 3.59797 0 72.7981 
0.0099771 20.2285 22.0965 22.1367 15.6948 0.179114 55.6007 126.789 28.1046 54.0633 35.6688 66.1519 10.6706 0.00896345 20.7215 1.10318 24.4321 5.5317 0.000948767 9.13618 49.8312 10.0531 2.71805 8.63909 23.5812 2.76852 10.0975 0 
