0 807.221 184.712 392.028 88.6756 399.736 1.41452 307.66 644.309 141.611 141.735 228.595 2.15603 0.698018 35.9537 12.4546 484.067 132.638 104.652 144.434 1.22763 4.78846 3.61473 1.67641 404.969 74.4624 13.5789 32.1042 
742.356 0 445.812 422.686 420.821 544.233 437.666 4.42038 783.801 2.96444 243.973 92.3525 2.61049 50.1487 51.2687 18.1563 428.529 572.56 61.2802 125.801 129.651 4.98605 11.6522 56.868 392.807 38.8034 0.0290943 5.82263 
23.081 26.3426 0 39.0559 12.6985 3.23603 46.6234 273.6 267.497 105.818 144.629 41.196 1.85034 0.733484 9.52851 13.68 55.4177 132.464 56.6484 0.774361 38.1069 11.9022 0.58697 2.75692 14.7882 24.1137 19.1604 17.655 
400.092 650.669 78.0079 0 162.005 404.723 195.377 222.753 715.04 0.436379 44.9559 1.04246 13.9434 0.0815398 36.3379 26.3474 449.319 56.9366 54.0596 48.2008 103.387 16.1897 4.67392 22.0186 393.882 34.5756 0.097393 13.9424 
252.142 66.7476 1.66941 4.30091 0 28.2725 22.0076 221.341 226.008 316.352 2.88755 178.665 46.034 1.83109 91.9147 2.63038 12.028 233.122 93.5599 4.53766 130.324 21.3404 0.0502548 0.208692 41.5462 62.671 48.4161 30.2712 
395.995 590.743 43.4031 445.92 1005.01 0 760.99 116.902 822.738 1017.94 246.114 158.718 108.817 20.9908 1.23878 9.58354 446.885 30.3553 89.1262 15.0013 60.2284 11.6373 0.036091 6.57899 413.683 12.6329 18.4127 10.5455 
28.4972 452.42 213.252 62.6166 241.539 170.209 0 9.14654 1156.3 164.035 486.866 2.94504 191.371 86.9642 109.571 103.699 88.7098 225.067 26.5954 66.1975 0.971275 1.53077 33.7048 53.8871 88.714 68.9614 48.4925 41.7958 
10.9492 202.728 23.3875 354.681 222.637 144.857 37.6299 0 181.13 9.18704 257.374 861.779 146.526 113.787 2.23941 237.263 85.681 144.493 33.7222 82.8809 189.664 17.9899 22.5162 128.947 54.1558 136.198 57.6365 12.4557 
446.98 411.888 452.33 411.007 179.176 864.929 339.858 592.037 0 245.128 449.349 396.206 182.924 108.136 214.499 148.896 505.434 164.752 5.51055 15.3667 185.641 3.66281 0.423196 25.7219 422.315 112.751 28.4067 39.5586 
0.567128 12.659 114.139 104.211 75.4686 238.341 339.213 163.383 384.879 0 603.907 1.13865 5.0713 83.3833 129.263 80.3677 63.1642 125.907 14.4614 19.2798 97.1213 50.8962 0.205594 0.136895 42.5714 32.7878 2.39109 56.768 
170.922 76.5442 134.363 200.299 130.328 138.292 465.949 81.7189 857.791 19.103 0 12.8941 236.853 2.40389 399.461 0.611082 6.73824 136.159 123.581 0.168781 66.8069 0.714315 29.6665 20.0479 100.334 4.76637 81.9813 104.199 
175.65 71.5589 188.149 98.2399 4.44759 132.189 194.734 1027.15 6.53457 220.009 306.912 0 13.8377 131.439 271.187 368.816 69.5604 147.398 59.6116 80.8081 75.2027 5.00926 73.9978 172.275 69.7226 97.6465 32.3844 175.993 
103.345 51.537 41.8262 53.3526 97.0709 110.056 7.48065 3.19534 149.994 331.702 212.815 40.357 0 93.8072 10.5707 14.9097 0.301966 42.0023 0.0304789 5.19785 72.8353 89.9003 78.7712 27.1188 0.831835 45.3449 4.00963 30.9708 
4.31069 19.6395 11.7346 22.1817 46.4723 21.8767 5.64429 46.4046 107.765 5.71834 75.9084 11.7805 121.072 0 9.75268 19.3393 3.82418 37.0721 24.4236 4.44193 8.86514 0.000133301 5.30387 0.04239 9.48843 6.4046 5.12508 1.90368 
69.1241 45.1136 0.483776 34.2563 4.69384 41.7298 82.011 145.362 66.7799 0.194931 406.411 77.8291 40.5876 0.575816 0 84.5076 10.2131 62.1073 23.8706 0.574627 53.2721 0.649303 19.7425 3.3058 19.0711 28.3729 5.23853 7.15805 
73.0605 57.6025 5.3699 42.9122 74.3488 4.37361 94.6143 85.3665 8.80089 63.4757 0.356448 309.368 58.0277 6.89353 86.1167 0 25.49 58.6058 16.4025 2.35228 10.2985 0.239945 1.12957 1.76662 23.1842 2.78587 1.38972 2.3572 
392.018 524.561 21.4937 397.296 16.6489 445.889 1.87609 91.7642 445.793 61.3671 1.8144 9.46843 23.6097 10.0603 24.0853 15.0625 0 146.184 231.224 33.8105 25.2656 12.911 0.0531345 8.64484 415.427 7.74853 6.94129 18.9336 
7.36587 208.329 3.58551 145.038 147.432 116.228 211.89 174.639 218.7 120.311 0.53275 144.604 9.36931 51.9614 13.9754 40.2639 286.914 0 27.1674 87.4603 113.006 11.5703 5.72673 47.9407 55.1837 22.3215 41.4522 4.35783 
82.1346 171.648 39.8254 0.21203 98.5515 62.1917 79.5862 107.179 46.8863 5.57884 128.117 92.5178 64.8621 0.592911 1.76495 0.505135 37.9315 48.4582 0 31.6529 12.1888 1.47319 11.2637 6.93292 2.34817 6.82218 0.376486 24.1719 
134.255 0.173733 4.8257 48.2006 17.726 21.1815 48.901 58.2248 75.9783 1.36924 81.0177 37.5161 43.1625 0.696272 10.4165 4.88457 0.16511 87.4656 14.2939 0 254.883 3.7123 0.589365 0.0131792 12.5712 12.0622 1.09365 4.96146 
185.818 163.472 50.5252 88.0082 129.237 77.134 7.39292 204.168 185.379 76.1716 30.7427 89.2873 1.71226 28.0147 38.6305 0.0341032 50.9383 102.236 13.9506 0.109678 0 30.6872 15.2533 47.9059 56.8801 53.0445 32.4141 27.5335 
5.85413 19.373 0.000148116 5.11423 49.5629 20.4032 2.14118 66.029 4.81826 12.2594 65.0534 21.786 43.8954 8.34927 17.0959 3.00081 19.9666 1.86065 0.799715 1.07357 26.1334 0 5.13184 9.27457 10.1131 1.01629 12.1188 3.92237 
12.2615 8.71741 1.92733 19.2629 13.7618 16.4488 33.4154 71.3828 10.7005 20.0334 33.444 50.0907 84.4599 4.31973 2.83768 2.82971 6.48806 0.552601 3.18295 0.421273 17.6816 5.02985 0 20.575 22.0008 1.32318 11.8446 9.59229 
48.2803 0.264603 14.715 23.5885 53.8522 0.171687 1.13418 137.039 83.3401 46.3223 54.5443 108.626 44.9967 2.0085 1.36807 28.7751 20.996 2.48083 2.4077 3.97994 37.869 0.488868 0.0210937 0 2.97854 9.53167 6.0269 13.5112 
449.454 468.62 28.1041 410.539 51.7926 418.84 6.29885e-05 45.1434 498.501 46.1486 111.119 830.211 35.3613 11.4667 16.5976 45.9964 395.539 57.3285 30.8668 2.33068 31.6488 65.8951 18.2933 54.2514 0 58.8821 70.8284 78.4422 
0.0771744 7.56424 19.6904 38.0423 14.0351 0.185395 97.3514 2.14125 44.5903 2.88642 2.08918 241.772 0.902475 2.9135 30.9009 6.08431 2.73417 21.2052 18.7761 1.41279 58.3629 0.23662 4.34607 6.12027 13.9891 0 24.1839 62.522 
12.2446 1.03828 19.2048 24.9529 36.994 10.1969 60.0131 8.6382 54.7139 47.7103 77.0785 117.991 9.87123 9.14512 0.867853 2.20738 12.1319 24.0086 5.32214 4.27657 0.302682 12.2032 5.25213 8.92034 2.17483 7.13841 0 47.2583 
0.38407 24.1586 21.7421 24.6321 12.9088 0.549362 59.9808 118.031 35.6697 55.7194 26.7249 42.7442 8.59797 0.0261622 19.2704 0.292203 24.3976 7.24547 0.0414823 9.61204 50.5921 9.83256 3.31606 7.52636 25.9635 12.6712 0.174501 0 
