0 801.439 185.259 383.088 87.9587 390.906 1.52611 307.569 635.056 141.786 141.419 228.579 2.19633 0.683698 35.8541 12.3578 475.198 133.223 104.535 143.637 1.13539 4.80965 3.58886 1.7003 395.913 74.4015 13.6212 32.1743 
736.847 0 444.01 414.613 423.101 534.381 439.721 4.6091 775.406 2.8201 244.333 91.9161 2.54503 50.2394 51.105 18.2655 419.294 713.328 61.654 125.564 129.953 5.0146 11.7038 56.828 383.851 38.6802 0.0268564 5.78186 
23.6017 28.1049 0 37.0582 13.0008 3.33015 47.4474 273.82 264.383 105.67 143.83 40.7865 1.88647 0.72198 9.46289 13.6319 55.4299 132.111 56.7076 0.793725 38.3828 11.897 0.593905 2.7734 14.8334 24.1467 19.1647 17.6321 
391.734 642.83 73.8438 0 161.916 395.882 195.622 293.458 706.487 0.409192 44.5091 0.934721 14.023 0.0775247 36.2989 26.2499 440.338 56.6174 54.1259 48.1997 199.416 16.1952 4.65301 22.05 384.873 34.4958 0.10108 13.8956 
251.766 68.6246 1.5589 4.43402 0 29.7404 22.842 221.417 227.089 316.889 2.76244 178.712 45.7186 1.86189 91.9713 2.66872 12.1953 233.233 94.6634 4.467 130.282 21.3971 0.054047 0.216087 41.6215 62.7272 48.4062 30.2158 
386.912 582.436 43.6103 437.081 887.981 0 740.381 116.28 811.968 989.981 246.72 158.691 67.461 21.0066 1.20674 9.53699 437.942 30.5696 89.179 14.9645 60.3161 11.6122 0.0340532 6.60144 404.672 12.5894 18.4235 10.5719 
28.0331 454.326 212.504 62.03 239.661 180.626 0 8.71078 1146.48 166.785 486.969 3.09232 191.007 86.8527 109.271 103.711 88.5849 224.85 26.8397 66.3489 0.935797 1.5088 33.8075 53.8021 88.6615 69.1231 48.4439 41.8872 
11.2799 202.017 22.7944 352.489 222.674 145.442 36.7723 0 178.001 9.38644 256.331 868.009 146.477 113.636 2.13259 237.835 85.7595 144.728 33.5829 83.0699 189.892 18.0493 22.6534 129.099 54.6299 135.408 57.4987 12.3062 
438.534 403.553 451.019 401.376 178.053 856.354 326.646 594.199 0 243.692 671.109 395.857 183.187 108.455 211.861 148.79 496.468 164.382 5.41021 15.4867 185.582 3.6951 0.444726 25.5869 413.143 112.991 28.4907 39.6957 
0.603293 12.3645 114.112 104.142 74.4211 243.593 336.439 163.827 384.66 0 603.609 1.05807 5.4327 83.417 129.119 80.2346 63.2598 126.076 14.6147 19.2084 97.1568 50.8316 0.194714 0.128411 42.6789 32.6572 2.37046 56.7826 
171.154 77.1198 135.171 200.155 129.724 139.304 465.081 82.6484 862.65 17.8517 0 12.233 236.527 2.55779 398.751 0.69533 6.79131 136.368 123.658 0.17883 66.6002 0.696979 29.9021 19.8619 100.055 4.90176 81.9369 104.121 
176.061 71.1463 188.168 97.3916 4.35894 132.445 195.402 1028 6.86731 219.631 304.795 0 13.6956 131.796 270.969 372.038 69.6311 147.468 59.7239 80.7036 74.9396 4.96642 74.2498 172.568 71.4465 95.6541 32.2061 176.035 
103.28 51.299 41.9396 53.4423 96.7113 109.862 7.28421 3.25924 150.367 331.744 213.288 40.5773 0 94.4219 10.3913 15.0395 0.293116 41.8774 0.0263187 5.22664 72.799 89.8719 78.623 27.2378 0.84811 45.3975 3.99018 31.0112 
4.27628 19.5508 11.7088 22.1959 46.3809 21.8815 5.7304 46.6473 108.046 5.6274 75.2217 11.557 120.545 0 10.1097 19.3418 3.83784 37.0203 24.4412 4.43956 8.8299 0.000304317 5.35872 0.0465464 9.51645 6.38101 5.13666 1.91488 
69.1612 45.2772 0.501244 34.2075 4.76251 41.7396 81.6599 145.768 67.3898 0.226472 406.719 76.8556 40.2876 0.486188 0 84.8517 10.2391 62.0573 23.8267 0.580042 53.3084 0.639695 19.8114 3.36046 19.1323 28.3327 5.21799 7.12518 
72.9826 57.4784 5.4098 42.9022 74.3296 4.40945 94.5006 84.4105 8.96517 63.6614 0.421474 312.951 58.1848 6.8187 85.8179 0 25.4972 58.5748 16.4339 2.34218 10.238 0.244443 1.14934 1.83276 23.0911 2.84608 1.4032 2.33132 
383.043 515.783 21.4075 388.366 16.4563 436.952 1.91727 91.8256 436.671 61.4654 1.78627 9.41446 23.6726 10.0423 24.0633 15.0852 0 145.1 213.09 33.8171 25.2017 12.9251 0.051703 8.62957 406.433 7.72764 6.92839 18.948 
7.16248 209.619 3.71885 145.089 146.898 116.107 211.565 174.75 218.649 120.498 0.562088 144.691 9.44194 51.9806 14.0424 40.331 286.814 0 26.94 87.4469 113.097 11.5991 5.75327 47.9494 55.1516 22.3865 41.4343 4.38285 
82.3107 171.701 39.7214 0.200984 99.669 61.9892 79.9118 107.095 47.1365 5.48045 128.082 92.4556 64.764 0.601074 1.78387 0.497161 37.5499 48.1814 0 31.6831 12.2446 1.4635 11.2837 6.95121 2.33363 6.84648 0.380557 24.1845 
135.24 0.200608 4.7815 48.2013 17.5966 21.1562 48.736 58.0174 75.8235 1.39256 81.0724 37.3792 43.1639 0.693109 10.4084 4.87278 0.15982 87.4783 14.3371 0 256.787 3.71663 0.586936 0.0126259 12.5797 12.0613 1.08854 4.97193 
186.384 163.662 50.8203 88.8207 129.29 77.139 7.29667 204.058 185.316 76.2726 30.911 89.5511 1.6908 28.0577 38.6923 0.0380174 50.8805 102.358 13.8917 0.0429536 0 30.6764 15.2189 47.902 56.9129 52.9874 32.3824 27.4842 
5.83115 19.4197 0.000235707 5.10112 49.6023 20.407 2.11531 66.0478 4.85499 12.3287 64.9835 21.7075 43.7062 8.36576 17.104 3.01466 19.9597 1.87392 0.792482 1.07029 26.1509 0 5.16932 9.29957 10.1075 1.02227 12.1238 3.9303 
12.3043 8.76339 1.91554 19.2581 13.8154 16.4494 33.3129 71.5344 10.8021 19.9441 33.1991 50.3406 84.3467 4.37458 2.89062 2.8585 6.47509 0.543875 3.1692 0.419172 17.6465 5.06714 0 20.5407 21.9769 1.33353 11.8557 9.59743 
48.2274 0.255196 14.7046 23.6148 53.8269 0.167189 1.1587 136.973 83.224 46.2455 54.7985 109.16 45.1137 2.03372 1.33192 28.7375 20.9971 2.46128 2.41983 3.97399 37.8292 0.479263 0.0132139 0 2.94951 9.56358 5.99931 13.5015 
440.565 459.676 28.0962 401.483 51.8581 409.882 4.92954e-05 44.6981 489.696 46.2534 111.375 627.087 35.4258 11.4928 16.6602 46.67 386.577 57.3048 30.865 2.31963 31.7173 66.9904 18.3805 54.4113 0 61.0014 75.3907 74.383 
0.0850974 7.4936 19.6454 37.9744 14.1057 0.178365 97.2999 2.29601 44.865 2.93687 2.17989 244.044 0.920021 2.93316 30.8954 6.16808 2.72029 21.2694 18.7477 1.42182 58.4036 0.233633 4.33075 6.15136 14.048 0 24.2692 62.5942 
12.2037 1.05183 19.2087 24.971 36.9594 10.2159 60.0015 8.56033 54.6325 47.7087 77.1415 118.052 9.84334 9.15429 0.877408 2.22393 12.1458 23.9752 5.30855 4.28491 0.296809 12.2079 5.23561 8.89065 2.12382 7.20791 0 46.7894 
0.395233 24.2278 21.7339 24.6734 12.8624 0.557472 60.0524 117.858 35.8042 55.7432 26.578 42.3688 8.56372 0.0276103 19.2432 0.282713 24.3963 7.27671 0.0431445 9.61988 50.6025 9.82842 3.32666 7.50706 26.0095 12.893 0.136268 0 
