0 538.047 210.64 411.086 9.74713 428.427 203.215 270.638 509.622 65.3728 73.5932 215.424 1.77296 53.8979 71.6344 75.2866 474.29 62.4344 93.2547 218.333 197.867 0.72561 0.0663794 52.9412 475.894 59.5215 43.5333 5.2291 
485.166 0 288.513 475.356 358.945 453.633 523.634 61.5662 667.115 231.59 244.691 123.445 140.777 1.22545 71.6033 33.2659 506.694 430.941 141.838 83.4902 50.3922 49.7671 4.48294 11.0195 404.543 19.1627 52.5779 38.1483 
77.633 187.748 0 23.7844 0.879999 41.9961 59.5286 106.399 415.984 93.5423 16.018 35.2146 11.2226 16.3732 23.2266 19.6657 54.1536 56.372 34.4806 0.914783 46.3286 3.78803 2.27236 1.05976 10.1843 27.5046 17.676 7.7846 
404.444 436.558 72.3451 0 0.678712 465.471 191.139 503.228 528.2 68.0932 51.8286 105.528 7.36173 19.7348 27.9841 3.00111 420.32 84.6735 61.2378 13.5344 629.465 6.98867 0.808429 26.4468 404.997 42.2067 10.0095 26.3817 
64.7655 27.6195 15.2512 163.863 0 447.801 344.304 1.34573 273.913 72.3532 80.225 170.716 46.0477 13.975 17.8403 24.5233 148.517 217.348 133.744 64.6897 73.9482 39.2308 16.342 0.810182 1.77459 57.0127 47.9923 1.72552 
404.484 476.489 2.63539 464.059 705.737 0 1093.27 125.573 647.01 27.8403 233.489 133.446 610.823 10.6008 31.7839 0.246064 447.533 119.975 65.5555 6.65845 14.7041 0.595053 2.07624 11.863 426.341 8.13955 4.34633 3.79232 
98.6634 519.84 201.413 4.00305 300.594 945.756 0 92.4417 930.29 401.652 61.8958 280.794 79.0994 93.1277 57.3484 41.3993 33.5471 134.723 106.745 57.5363 60.9776 50.8503 13.6754 71.8288 69.813 81.5102 13.6438 73.2326 
70.2115 101.293 118.138 85.4311 0.245176 136.543 44.8009 0 403.543 198.655 276.633 141.371 5.04961 3.47958 38.0668 255.468 9.98326 90.0829 31.6517 97.0718 5.22712 60.4284 0.812156 94.9725 26.6809 82.4549 99.7963 105.459 
496.84 717.634 462.47 638.831 127.166 481.99 125.336 402.008 0 50.3562 1014.42 272.683 167.396 87.136 216.414 38.0777 501.447 137.227 99.8056 3.65212 13.2222 14.8137 12.3468 0.482092 405.386 142.096 1.13869 11.35 
35.0709 240.237 70.1374 17.953 317.93 149.326 102.393 35.1843 16.6679 0 385.731 182.659 331.72 53.4134 81.3317 60.3668 67.3198 10.2253 39.9109 31.1885 9.32283 34.6121 1.46772 42.4077 71.4055 32.9199 11.7792 23.0242 
194.792 77.6958 238.686 202.128 2.18605 119.1 156.031 135.044 596.942 104.72 0 215.54 0.00399213 131.657 207.794 9.68522 0.186501 154.926 12.0954 7.11936 149.134 76.8689 24.0091 94.5539 9.43966 24.2743 3.55841 78.9565 
120.044 144.589 188.161 2.19833 16.0251 65.8026 151.287 469.91 133.052 160.718 0.183185 0 18.5686 148.824 258.73 0.974256 81.1354 116.613 0.664293 15.0799 50.9842 66.0272 99.3889 185.28 360.786 151.19 120.698 4.50849 
103.983 138.688 58.1682 4.46212 9.77097 56.74 217.373 145.063 194.226 5.21581 101.337 33.7333 0 9.11195 27.5699 84.2896 13.381 45.0261 4.30304 19.3769 0.14439 83.8099 60.7313 59.3961 55.938 45.8303 14.0236 37.0308 
51.9176 69.6248 10.797 6.35025 70.3058 7.39702 7.51087 97.6896 64.6018 44.8293 5.28953 2.57594 153.107 0 51.8414 4.12002 0.261057 31.1018 27.1876 0.0670626 6.26199 5.00651 7.44912 9.51446 4.92362 1.36687 8.70916 7.37196 
20.2529 25.5191 2.87444 24.776 40.8809 6.11951 86.7894 82.0168 48.7633 71.6914 122.615 46.3766 64.0154 22.6867 0 41.8897 16.4725 0.637691 22.8287 0.179398 10.4369 16.6401 6.79141 17.7267 19.9447 21.8722 17.5173 0.189188 
55.0637 41.352 10.9843 25.9835 43.5144 22.5727 75.0845 8.22316 125.533 0.000776713 10.8425 14.8325 61.2366 18.9598 8.28108 0 4.08718 30.1835 26.0275 4.14571 1.65965 0.0406521 9.15616 15.3097 18.5618 22.1907 1.09431 6.68126 
479.829 433.98 26.8438 430.078 73.3467 449.481 102.592 16.5601 416.275 65.6511 18.1707 14.511 55.7269 16.8328 9.07883 0.532177 0 285.377 317.957 11.5623 10.1427 13.7753 10.8261 0.0840783 429.067 24.2726 22.0026 19.1404 
236.705 223.557 146.296 1.74667 59.8751 0.853825 108.135 137.227 41.1859 6.68363 94.4441 110.278 104.682 53.4066 65.0774 0.435038 134.352 0 133.648 81.2523 122.703 25.1257 20.1057 0.0742062 28.5152 2.17049 20.1097 20.5732 
4.66057 12.5719 0.407369 13.1491 139.075 88.078 148.923 105.883 152.498 104.517 0.00983847 61.455 77.7781 8.62013 31.9003 1.49955 148.169 115.203 0 13.6188 33.7786 6.56232 0.170742 0.0284014 30.1988 29.7962 24.2756 25.9575 
4.4211 20.2548 4.51968 13.8564 43.5759 13.7442 18.5184 5.69409 93.2104 0.186592 86.5182 58.0813 37.7092 3.49215 11.0714 1.74814 21.9734 76.3897 31.1693 0 316.156 4.7328 2.92932 4.59625 10.9928 1.27858 0.199674 5.68353 
0.0278157 94.3553 59.1743 18.2585 39.9714 48.4716 40.9119 65.8398 12.5033 37.7603 22.5676 113.775 68.0361 43.5679 0.748228 4.69371 0.004094 117.742 1.13633 141.078 0 2.40541 38.9658 37.1817 9.60563 1.97397 39.3075 3.83633 
13.1659 38.0907 11.183 15.2306 56.8687 6.99429 52.2524 48.4779 16.8434 23.8313 31.6119 76.1899 26.4887 10.3176 0.6805 1.21353 0.00243309 11.2104 5.17582 3.39703 6.32364 0 12.1078 6.04693 5.39896 10.7916 5.18706 5.50089 
23.2271 6.76134 0.407302 9.1488 0.374804 14.7035 62.6758 31.6539 0.823256 9.10257 39.7441 116.248 69.1792 8.21909 23.2977 6.89325 1.48604 39.3602 20.6637 2.69027 38.0058 12.0199 0 19.6813 19.2259 10.1717 11.1979 3.78239 
0.132166 61.5487 12.7579 26.6444 56.3645 0.710852 10.4804 132.455 40.2171 0.0398938 91.8137 140.561 43.7412 10.3076 27.9472 17.2756 14.3424 47.0485 1.82761 0.140571 17.0701 2.33359 3.11209 0 41.9263 0.263878 0.428759 14.426 
405.856 476.155 28.1448 419.011 0.000350619 407.184 9.33456 190.401 528.714 71.5783 139.841 487.786 26.1064 3.16773 22.2873 25.1389 406.83 33.1546 6.15881 4.23774 0.647501 2.56204 2.05991 42.1486 0 86.3808 54.8725 136.887 
6.99867 54.772 9.04729 43.8397 64.2629 0.206137 14.8151 24.2756 101.847 76.201 31.4396 183.973 38.5128 8.49327 27.9499 17.4065 19.0911 1.76088 3.63796 7.65681 36.4244 8.76019 1.24897 1.77578 6.71311 0 36.7913 0.62456 
32.3359 47.9919 17.5519 7.54464 46.3633 13.5633 34.8949 79.4106 79.2642 24.9993 10.1767 20.5293 21.7946 11.1501 16.9045 0.53363 1.90182 3.05832 14.8496 6.30694 3.49974 5.37263 0.162747 1.73233 15.8115 23.8915 0 76.5233 
44.807 0.484598 14.8622 2.70666 12.8777 16.4182 65.4029 114.442 14.0216 26.8436 3.91382 160.445 13.2705 3.15226 4.63689 2.80122 6.77775 16.1767 0.829262 1.30114 15.2213 8.83713 0.0483511 10.4116 3.57695 49.1729 13.1947 0 
