0 527.902 203.076 21.2838 60.1081 15.0027 9.67333 299.534 238.294 148.139 128.036 226.147 4.16097 0.223834 31.7806 8.67718 96.2897 156.736 99.2862 132.598 0.462344 5.71179 2.6017 2.81916 9.83072 71.6208 15.3917 35.0329 
482.177 0 331.331 77.5242 498.682 114.438 505.03 15.6157 407.47 0.00467873 256.874 74.3835 0.573274 53.8522 44.3984 22.9291 26.3109 452.668 77.3081 114.664 141.789 6.2464 13.8854 55.0677 1.9325 33.6651 0.012192 4.22218 
48.9031 139.54 0 23.0093 28.0806 8.23806 85.2381 275.747 138.844 98.6846 110.573 25.3982 3.65682 0.326615 6.90854 11.6471 55.687 116.463 58.8491 1.7831 50.1293 11.6678 0.910496 3.48005 16.6744 25.3738 19.306 16.6548 
51.9213 297.192 136.732 0 156.556 18.8677 202.43 1004.08 330.606 0.0483594 27.7439 1.57987 17.4262 0.000188163 34.5183 22.1941 56.9601 43.8717 56.6558 47.613 625.343 16.4016 3.8249 23.2587 0.773513 31.0489 0.310483 12.002 
233.261 161.81 0.293187 11.5427 0 96.9554 68.8117 223.045 269.146 331.223 0.0168383 179.846 33.4582 3.33958 93.859 4.46949 19.9378 235.575 142.034 2.03532 128.124 23.7482 0.327706 0.629574 44.6705 64.8839 47.9468 27.9425 
0.768758 222.359 51.6343 59.2361 924.81 0 511.317 90.7458 332.19 885.199 266.075 156.373 35.3652 21.548 0.250879 7.67994 56.1085 39.7523 90.4559 13.4386 63.7604 10.5782 0.00154063 7.53473 20.2108 10.8234 18.8408 11.6558 
12.057 512.374 177.158 39.5662 162.886 722.247 0 0.00381633 590.907 285.167 475.622 12.1357 174.462 81.8218 96.2533 103.549 83.2261 214.021 37.5705 72.3387 0.0491587 0.742905 38.0232 50.2169 86.1603 75.5172 46.3897 45.5976 
28.7701 171.79 4.81529 325.193 222.692 168.104 9.74799 0 68.4475 19.271 211.9 1025.15 143.947 106.777 0.000690001 255.225 88.816 153.87 28.0317 90.515 198.106 20.5378 28.5139 134.35 74.9303 102.746 51.8094 6.90638 
78.7356 54.7112 368.236 1.29143 132.567 456.322 3.03489 654.95 0 183.212 648.866 374.805 192.738 120.684 97.9499 143.142 113.579 148.565 2.07693 20.7281 182.24 5.13386 1.78109 20.2631 22.5225 122.198 31.9752 45.3714 
3.03993 3.21112 111.857 100.608 36.6304 432.887 217.761 181.061 366.138 0 555.091 0.305504 30.3404 84.1278 121.392 74.2373 67.0531 132.496 21.4794 16.3367 98.374 48.0525 0.00340189 0.0140667 47.018 27.3762 1.5984 57.2324 
179.779 101.651 167.365 191.944 105.076 180.074 416.12 123.589 908.356 3.31404 0 0.13176 220.875 12.8172 347.991 8.73906 9.13043 144.519 126.363 0.840555 58.197 0.169253 40.0725 12.8833 88.3147 11.9931 79.9286 100.504 
191.861 54.8359 186.703 64.3292 1.48169 142.007 221.433 944.749 27.3105 202.223 217.001 0 8.45354 145.158 255.087 472.895 72.4389 149.846 64.2775 76.1969 64.2664 3.35884 84.3893 182.224 79.581 28.984 25.1901 175.856 
100.303 41.7838 46.5407 56.9976 81.9325 121.685 1.45188 6.4043 164.902 322.666 230.673 49.9267 0 118.277 4.28551 20.7174 0.0435234 36.8214 0.118968 6.465 71.2062 88.0371 71.9625 32.1797 1.64784 47.4572 3.22947 32.6377 
2.97502 16.0319 10.6216 22.6929 42.5704 21.9618 9.77472 56.7855 118.89 2.49683 48.6494 4.16695 97.0219 0 28.0482 18.9037 4.41575 34.8611 25.1245 4.33622 7.43256 0.0670307 7.47 0.381114 10.6485 5.41919 5.61271 2.3963 
70.4574 51.9839 1.47463 32.0493 7.97754 41.7704 67.1421 160.965 93.7409 3.52735 395.17 40.8423 28.5519 3.31558 0 88.6441 11.3208 59.8704 22.0118 0.822395 54.6902 0.306146 22.3351 5.91336 21.5875 26.4467 4.40054 5.8169 
69.4881 52.2811 7.13196 42.0984 73.2985 5.97581 89.3283 48.2702 16.8807 70.9431 7.69873 438.766 64.3773 3.96232 65.0373 0 25.7579 57.1798 17.7132 1.94166 7.88849 0.463911 2.08542 5.44418 19.2084 5.78289 2.00562 1.38367 
0.519189 140.141 17.9368 7.42282 9.44149 55.3881 3.98276 94.1521 47.717 65.3751 0.819722 7.32031 26.2813 9.30628 23.134 16.0073 0 101.341 504.259 34.0107 22.6127 13.5009 0.00980569 8.00719 22.7387 6.88657 6.40544 19.5293 
1.24854 231.89 11.1559 145.921 124.571 110.412 196.597 178.558 215.152 127.676 2.43479 147.83 12.6303 52.6728 16.8867 43.0365 275.827 0 18.2884 86.5091 116.496 12.8002 6.88628 48.2366 53.751 25.0821 40.6634 5.46431 
89.2773 172.383 35.3793 0.00259375 147.385 53.4057 93.1803 103.363 57.6732 2.1794 126.194 89.7258 60.6098 0.982078 2.63988 0.224349 23.0643 37.2403 0 32.8507 14.6223 1.09258 12.1023 7.71389 1.77473 7.86687 0.566005 24.6772 
173.25 2.94811 3.11628 47.6889 12.6302 20.0441 41.9797 49.5653 69.3062 2.5116 83.0929 31.8591 43.1423 0.568622 10.061 4.39042 0.016941 87.612 16.1267 0 316.842 3.89353 0.490977 0.000156318 12.9051 11.997 0.888412 5.4027 
207.764 170.539 63.0888 147.641 131.041 77.0963 3.87671 198.285 181.778 80.2718 38.0882 100.3 0.925982 29.7991 41.1829 0.380582 48.4564 107.109 11.5638 23.2177 0 30.2155 13.8254 47.6568 58.1386 50.5399 31.0584 25.4653 
4.92061 21.3548 0.0212118 4.5713 51.1424 20.5102 1.18717 66.7075 6.47015 15.2896 62.0015 18.5732 36.0076 9.00742 17.3741 3.60037 19.6618 2.45698 0.523651 0.939167 26.8508 0 6.75155 10.2946 9.87304 1.28115 12.3143 4.25854 
14.0979 10.7314 1.45899 19.0112 16.071 16.4256 29.1374 77.5443 15.3166 16.3822 23.7342 60.7255 78.9955 6.5942 5.3987 4.11709 5.94883 0.245289 2.6275 0.337051 16.2145 6.64416 0 17.7107 20.7899 1.78768 12.2819 9.78848 
45.9662 0.0159421 14.2353 24.6066 52.69 0.0339234 2.38481 133.194 78.207 42.9831 65.3057 130.402 49.7971 3.15907 0.258264 26.1731 21.0203 1.72263 2.94103 3.72786 36.1481 0.16633 1.24431 0 2.84052 10.8507 4.9002 13.0691 
61.0219 77.7802 27.6522 15.2928 54.4581 27.5433 0.382031 27.9558 113.233 50.4525 121.242 85.8643 38.0311 12.5293 19.2057 56.0017 4.18875 56.2373 30.7495 1.88479 34.5161 60.3967 21.8911 56.7325 0 124.969 150.327 35.2985 
0.741541 4.85815 17.7348 34.9592 17.1153 0.00695891 94.6921 13.1329 56.4713 5.36381 7.50634 328.596 1.78078 3.7773 30.3802 9.93757 2.17815 23.9387 17.5729 1.8131 59.9323 0.12717 3.7104 7.44849 16.616 0 27.6499 63.5076 
10.5701 1.68088 19.3322 25.6643 35.5128 10.9927 59.4233 5.64658 51.2411 47.5643 79.5562 119.989 8.72348 9.51631 1.31099 2.94771 12.7147 22.6038 4.762 4.629 0.105373 12.3865 4.56861 7.68188 0.983325 10.2603 0 28.0839 
0.989177 27.0924 21.3386 26.304 11.0134 0.939823 62.8518 110.122 41.3938 56.5737 20.8088 28.0437 7.20522 0.120379 18.0688 0.0279318 24.3212 8.60554 0.139297 9.9297 50.9489 9.64953 3.76794 6.71466 28.0061 23.0217 2.61378 0 
