0 584.508 210.947 439.842 11.2236 460.882 206.422 267.682 544.064 66.8383 71.8813 216.539 1.95989 53.9096 71.6657 74.9508 504.772 59.8532 94.0228 221.803 195.234 0.769699 0.0493536 53.1372 506.914 58.9803 43.361 5.03453 
529.069 0 306.794 500.381 371.984 488.616 521.243 64.7176 691.225 230.184 246.443 125.645 140.203 1.35781 72.3182 33.9154 539.34 889.01 140.334 81.6619 51.9182 49.6735 4.31267 11.2993 435.744 19.6844 52.4833 37.7964 
81.6559 169.409 0 17.9175 1.33625 40.9408 64.0727 101.21 405.36 94.6069 14.0489 33.3007 11.6386 16.3318 22.8846 19.8614 54.2953 58.5201 33.9408 1.022 47.7836 3.83988 2.33569 1.00618 10.4019 27.484 17.6194 7.64922 
436.135 472.518 56.3244 0 0.439226 497.206 189.583 890.013 566.336 69.1334 49.5002 109.839 7.06014 19.8564 27.6559 2.75167 451.921 86.288 61.0886 12.9847 133.95 7.05911 0.858014 26.4808 436.148 41.9843 9.86178 26.5709 
61.5299 34.1914 13.6552 163.873 0 441.297 336.499 1.0256 278.583 77.5874 83.0301 171.337 47.6353 13.592 18.4614 24.0369 149.083 215.846 139.662 65.4622 74.8588 39.5019 16.0598 0.739873 1.65295 56.6606 48.0529 1.82177 
435.809 503.573 2.22789 494.736 415.557 0 1325.96 122.487 693.488 329.122 237.007 134.687 607.927 10.4075 32.1873 0.294313 478.395 119.522 66.5245 6.49064 15.1223 0.638263 2.00326 11.9734 457.748 7.94163 4.26863 3.69453 
102.322 516.404 197.184 3.167 309.248 931.515 0 98.7563 859.958 413.371 69.0746 281.59 81.7236 93.4756 59.0937 42.3767 34.2784 132.014 108.261 56.7285 62.0591 50.567 13.2751 71.8202 69.1993 80.8307 13.3906 73.1686 
73.9666 97.6617 123.453 101.981 0.120743 139.537 49.5651 0 386.279 197.044 281.525 171.837 4.66003 3.90333 36.0888 254.046 10.3236 91.5447 30.9706 96.2817 5.87749 60.6314 0.965443 96.346 24.8933 78.6584 99.9099 104.376 
524.978 755.061 466.673 663.565 121.817 524.833 84.3666 419.09 0 55.4728 245.264 278.74 165.749 85.7816 224.746 36.5704 532.168 139.29 101.105 3.96882 12.3975 15.1106 11.8126 0.380919 436.833 142.265 1.245 10.9089 
33.8419 239.586 71.4902 17.1496 315.25 126.224 90.8902 33.384 13.7754 0 368.096 179.982 331.347 54.2847 83.2668 61.3184 67.7608 10.8541 38.8021 30.8132 8.97777 35.04 1.61713 42.8208 71.4551 33.5743 11.9841 22.6769 
194.769 80.5968 239.455 201.587 1.66929 124.132 165.933 129.678 613.762 118.842 0 226.179 0.0191653 135.132 219.787 8.15754 0.143627 154.158 11.5516 7.43118 149.194 76.7227 25.1042 95.6872 8.71658 22.8689 3.76513 78.18 
122.478 146.699 188.034 3.07203 15.217 67.4878 147.696 512.325 126.966 163.596 0.00197787 0 17.7643 150.154 256.165 0.0239198 80.9025 117.473 0.574938 15.5932 49.7729 65.7252 98.3261 185.81 350.762 140.002 120.619 5.22734 
103.668 139.308 58.631 4.70735 10.608 57.6948 216.833 145.378 193.249 3.56851 98.1976 34.7731 0 10.6373 26.2455 84.2711 13.6467 45.6579 4.05643 19.5969 0.177674 83.3092 59.7133 58.9507 55.921 45.5706 13.8697 36.8637 
52.0363 69.4697 10.9314 6.19771 70.3051 7.21468 7.02806 96.6282 62.9915 43.9231 6.4626 2.06386 153.953 0 53.5783 4.44512 0.280968 30.8249 27.1574 0.0724441 6.4162 5.10361 7.21288 9.60142 4.7949 1.29546 8.75797 7.44627 
20.7025 24.8011 2.67452 24.4274 40.0994 5.78747 88.517 84.4759 51.6908 69.7057 133.76 42.3942 62.4333 25.0558 0 38.1655 16.3354 0.719817 23.05 0.195074 10.6894 16.696 6.42449 17.3163 19.6416 21.5392 17.5922 0.222508 
55.6836 40.6884 10.744 25.4939 44.0268 22.7565 75.9712 6.53292 126.856 0.00596209 9.22622 9.1724 60.4756 19.0617 6.24175 0 4.17071 30.5359 26.1392 4.20405 1.53117 0.0318804 9.00334 15.9973 18.0857 21.6841 1.03496 6.48826 
511.787 464.034 26.4011 460.916 74.9012 480.362 102.191 16.9812 447.072 66.1078 17.7664 14.8361 55.9517 16.7555 9.20539 0.500313 0 286.2 138.15 11.7446 10.3791 13.7061 10.8941 0.0745643 460.235 24.1989 22.0217 19.0688 
236.619 229.411 144.901 1.40826 57.4884 0.660306 105.411 138.476 42.8666 7.20059 95.7344 111.187 104.526 53.4383 64.8821 0.378068 139.761 0 134.57 81.6146 122.842 25.2845 19.9078 0.0578275 28.2136 2.29667 19.9433 20.3536 
5.04506 11.5774 0.500097 13.544 145.008 87.7133 149.652 105.434 152.133 103.652 0.000261846 62.0113 77.4444 8.75027 31.729 1.56808 150.88 116.45 0 13.405 34.1517 6.4717 0.154068 0.0218798 30.1574 29.7468 24.286 25.995 
5.38086 21.5678 4.30602 13.3026 44.4044 13.5567 19.1772 6.14699 92.6394 0.145781 86.5239 58.7687 37.5614 3.51214 11.0411 1.79368 21.7892 76.8578 31.0113 0 310.929 4.71349 2.91356 4.62368 11.0522 1.32208 0.188427 5.63073 
0.144198 96.0416 60.6786 23.0584 40.8173 48.9826 41.9014 67.7245 11.7002 37.1819 21.8279 115.01 68.2792 43.4887 0.823836 4.91076 0.0108187 118.082 1.04546 152.301 0 2.46206 39.0237 36.9772 9.85746 1.84044 39.1937 3.96713 
13.0127 37.8773 11.147 15.1883 56.8964 6.87456 51.9822 48.1753 17.1539 23.4103 32.0631 76.1202 25.6311 10.2727 0.63208 1.26222 0.00113042 11.3534 5.0925 3.41896 6.23859 0 12.2666 6.17757 5.52206 10.7902 5.24039 5.54192 
23.4706 6.55637 0.378823 9.02665 0.325833 14.7712 63.0245 32.4202 0.681929 8.7661 38.4575 115.522 68.2524 8.01652 23.0674 6.72234 1.52292 39.227 20.6018 2.67372 38.0838 12.1803 0 19.9833 19.4358 10.1941 11.1339 3.83706 
0.10045 61.4888 12.8415 26.6436 56.342 0.756953 10.1372 133.059 39.4595 0.0200407 90.6421 142.883 43.1479 10.2752 27.8721 16.5947 14.2701 47.1212 1.77439 0.149747 16.8367 2.23651 2.63564 0 42.2115 0.225193 0.385914 14.4152 
437.242 507.687 28.1781 449.875 0.00432833 438.542 9.77093 189.694 559.555 71.5716 139.221 747.268 25.7726 3.05732 22.001 20.7457 438.131 32.8544 6.26873 4.16972 0.578881 1.74643 2.06583 43.6119 0 75.2124 77.3562 145.304 
7.35431 55.3574 8.81347 43.7054 64.5164 0.245262 14.1968 26.765 103.178 76.1231 29.8773 195.583 38.8281 8.60533 27.7315 16.8693 18.9844 1.87511 3.73277 7.58911 36.0389 8.80008 1.29994 1.67765 7.09355 0 36.9431 0.381175 
32.5669 47.8297 17.4934 7.68216 46.2696 13.4739 34.5941 78.84 79.1969 24.7626 9.84827 21.2911 21.6347 11.1638 16.8209 0.491814 1.86312 2.97454 14.9299 6.34922 3.40371 5.42623 0.181733 1.64805 16.5266 24.3191 0 74.6963 
44.4964 0.548113 14.7281 2.57831 13.1104 16.2985 65.1111 115.372 13.5382 26.4898 3.60258 161.682 13.4698 3.21988 4.49537 2.66293 6.70027 15.9688 0.865893 1.26789 14.9965 8.80674 0.0408867 10.3245 3.33099 47.9955 11.6017 0 
