0 711.274 208.386 194.628 47.3107 168.145 16.451 292.255 378.274 150.751 120.898 223.571 5.39806 0.0849438 29.7115 7.01444 246.883 168.221 96.3017 131.27 2.47172 6.19892 2.15403 3.49533 157.136 69.9917 16.3225 36.4831 
679.988 0 254.546 255.039 521.292 244.192 521.932 23.6179 557.059 0.930461 261.52 65.7567 0.106365 55.6139 40.985 25.4471 170.437 940.623 85.4789 108.275 147.386 6.92233 15.0517 54.0783 151.406 31.1378 0.0629394 3.51176 
64.3145 216.091 0 66.4753 37.6175 11.4711 106.725 271.366 83.3888 94.4478 93.6759 18.7147 4.77569 0.183061 5.71673 10.6351 55.6353 107.707 59.722 2.43148 56.3711 11.5391 1.0966 3.86412 17.6027 25.9046 19.3523 16.1299 
234.14 456.924 285.265 0 152.56 170.953 203.374 334.507 475.135 0.435541 20.4583 5.70901 19.2674 0.0267033 33.4757 20.0978 205.367 37.6987 57.7983 46.9111 218.138 16.4924 3.42456 23.8165 149.139 29.1736 0.461511 11.0546 
221.653 218.278 2.12176 16.3692 0 115.191 100.032 222.745 288.498 332.547 0.430822 179.832 27.7513 4.25353 94.4948 5.55868 24.5232 235.096 166.962 1.14871 126.704 24.9666 0.556785 0.923904 46.1967 65.8695 47.6709 26.7785 
148.849 379.001 55.2733 210.198 569.656 0 954.554 77.9434 419.412 742.352 271.486 154.256 36.9359 21.7405 0.0371604 6.77603 205.288 44.705 90.4283 12.6474 65.404 10.0467 0.0236763 8.01988 168.177 9.93676 19.0346 12.211 
6.34736 524.945 156.358 29.5519 125.635 920.808 0 2.58842 293.831 344.844 458.409 18.9565 164.902 78.9265 89.1469 102.97 80.3238 207.078 43.5447 75.2173 0.0258251 0.45358 40.1766 48.3086 84.623 78.5925 45.2944 47.4647 
40.4969 155.782 0.718124 297.218 221.569 178.458 2.51003 0 30.3628 25.559 188.396 1019.23 142.252 102.802 0.621873 259.22 90.2543 158.136 25.3212 94.0808 201.403 21.8474 31.6757 136.275 85.8129 86.2918 48.8829 4.71178 
240.277 226.269 309.106 149.022 110.25 572.404 49.1887 662.998 0 152.245 958.077 359.223 196.666 126.218 114.522 139.315 262.139 140.055 0.969769 23.6358 179.82 5.95466 2.80396 17.7166 167.705 126.359 33.7864 48.306 
4.99514 0.807528 109.852 98.2863 21.8449 486.717 158.455 189.03 349.855 0 505.527 1.85376 50.0383 83.983 116.147 70.7976 68.8864 135.366 25.3957 14.9189 98.8153 46.5352 0.0987453 0.131665 49.1763 24.7488 1.25979 57.3494 
183.5 114.748 182.62 186.077 92.7525 199.65 382.241 146.206 855.762 23.9839 0 5.49104 211.251 20.8913 308.202 16.1843 10.4478 148.348 127.409 1.36637 53.9691 0.0376727 45.6131 9.83091 82.1129 16.7316 78.7631 98.361 
199.066 47.0365 184.272 49.1744 0.591559 146.172 233.522 822.813 42.6122 192.024 173.284 0 6.2311 150.929 242.045 494.006 73.805 150.717 66.5653 73.7318 58.9168 2.65162 89.3804 185.28 33.1652 8.9823 21.8431 174.349 
98.5686 37.1398 48.8394 58.7192 74.4151 142.165 0.188303 8.40281 171.696 310.151 237.898 54.9212 0 128.978 2.158 23.8619 0.00144448 34.2901 0.365262 7.1411 70.3154 86.6044 68.1547 34.7407 2.15606 48.433 2.86828 33.4467 
2.39469 14.3256 10.0466 22.8847 40.5794 21.9143 12.2129 62.0613 123.846 1.36719 36.6228 1.78349 84.0211 0 38.2044 18.2814 4.72347 33.7311 25.444 4.27883 6.75435 0.146013 8.35731 0.671855 11.2119 4.93456 5.85691 2.65848 
70.9486 55.4009 2.16171 30.8341 9.91277 41.506 59.7344 167.526 107.895 6.69184 371.783 26.0619 23.0779 9.3269 0 82.6655 11.8834 58.6527 21.0714 0.961606 55.3142 0.181666 23.3636 7.42332 22.7879 25.3181 4.00121 5.18116 
67.4846 49.5502 8.06926 41.3956 72.5903 6.84412 86.3117 32.8013 21.7705 74.3734 14.7798 478.284 67.3247 2.72359 50.0419 0 25.8661 56.3752 18.3624 1.74744 6.78707 0.602161 2.64982 7.86038 17.2056 7.59785 2.3506 0.987897 
149.818 292.008 16.2211 157.334 6.55446 204.71 5.31809 95.1985 193.449 67.2756 0.467611 6.34058 27.6346 8.93213 22.6402 16.474 0 80.2314 228.944 34.0537 21.314 13.7924 0.00110373 7.69183 171.115 6.46824 6.14235 19.8177 
0.0982104 248.651 16.3836 145.39 112.987 106.978 187.771 179.919 212.315 130.971 3.89454 149.1 14.4178 52.954 18.412 44.3825 265.245 0 14.4188 85.7395 117.999 13.4283 7.49883 48.3311 52.9694 26.4822 40.242 6.05873 
92.6345 171.587 33.1126 0.094059 172.274 48.864 99.8407 101.245 63.2434 1.05976 124.883 88.1936 58.3958 1.21185 3.13807 0.125855 18.6591 32.0026 0 33.3938 15.901 0.922669 12.5208 8.11264 1.51632 8.4075 0.67484 24.9119 
189.848 5.57113 2.38449 47.0239 10.3578 19.4238 38.5532 45.2997 65.8544 3.20531 83.9542 29.1176 43.0724 0.509003 9.87066 4.14481 6.49665e-05 87.3848 17.0526 0 330.57 3.98332 0.444702 0.00149516 13.0541 11.9431 0.793097 5.62427 
217.12 173.321 69.4092 178.058 131.612 76.8855 2.53054 194.394 179.261 82.2078 41.9549 105.714 0.621831 30.6734 42.4199 0.692931 47.1793 109.345 10.4387 52.884 0 29.9637 13.1239 47.4673 58.6741 49.2091 30.3646 24.4307 
4.4801 22.3567 0.0450769 4.307 51.8695 20.5226 0.813118 66.9602 7.37766 16.8884 60.3923 17.0324 32.1554 9.30747 17.4652 3.91191 19.4982 2.78418 0.407029 0.874755 27.1976 0 7.58188 10.7764 9.74643 1.4235 12.401 4.42837 
15.0437 11.7984 1.24614 18.8462 17.266 16.3748 27.0325 80.4491 17.8786 14.6431 19.3711 66.0922 75.7598 7.61299 6.90114 4.80764 5.68396 0.137589 2.36721 0.298156 15.4883 7.4737 0 15.3705 20.037 2.04059 12.4778 9.87126 
44.7395 0.00462241 13.9628 25.0446 52.034 0.0047401 3.176 130.491 75.458 41.2348 70.6979 140.56 52.0867 3.78999 0.0301904 24.1701 21.0172 1.39347 3.22484 3.60036 35.2536 0.0681805 2.95691 0 3.59686 11.4878 4.36563 12.8201 
211.422 226.916 27.3347 162.457 55.7209 176.561 0.86544 20.6534 264.922 52.5181 125.786 333.193 39.3296 13.0295 20.4773 44.8338 153.265 55.6199 30.6589 1.67686 35.9372 28.5031 23.6084 53.817 0 96.9902 50.833 114.301 
1.32605 3.71599 16.7196 33.2595 18.7333 0.0081711 92.99 21.8942 62.6035 6.86524 11.405 361.747 2.32679 4.23425 29.9002 12.0668 1.9218 25.329 16.9654 2.02859 60.603 0.0849525 3.40075 8.1237 18.03 0 29.2663 62.4172 
9.76721 2.05799 19.3693 25.9813 34.7526 11.3889 59.0504 4.37504 49.4664 47.4294 80.6603 120.552 8.1687 9.6913 1.56418 3.35039 13.0046 21.9007 4.4908 4.80668 0.0448096 12.467 4.23543 7.0737 1.1186 11.9552 0 19.5208 
1.3952 28.5777 21.0922 27.0885 10.1086 1.17236 64.1809 105.745 44.3048 56.8887 18.0644 21.6404 6.54632 0.192914 17.4275 0.000404946 24.2668 9.32048 0.209648 10.0793 51.0651 9.55094 3.99841 6.31061 29.0977 28.7272 6.82491 0 
