0 999.041 211.024 501.989 34.2107 443.842 26.207 281.479 637.096 153.175 112.575 219.556 6.99698 0.00699053 27.3727 5.31246 518.887 180.671 92.6694 118.483 6.68322 6.77534 1.69196 4.35054 425.725 67.9713 17.4038 38.1233 
986.707 0 164.878 560.475 531.727 493.364 525.973 34.5709 822.362 3.93949 265.274 56.2906 0.0278469 57.5434 37.1308 28.4139 435.732 475.075 94.8207 100.431 153.336 7.73042 16.421 52.8788 422.49 28.3003 0.169157 2.77592 
83.2754 305.878 0 142.442 49.7436 15.6644 131.934 262.068 34.6751 89.1315 75.0477 12.2107 6.22257 0.0692044 4.46766 9.4938 55.4242 97.2802 60.5259 3.28158 63.5884 11.383 1.32828 4.31927 18.6443 26.4249 19.3835 15.5123 
548.744 732 301.625 0 147.027 445.042 202.306 220.003 734.073 1.34866 13.3632 13.4581 21.4427 0.111744 32.1859 17.7194 474.972 31.031 58.9684 45.7885 336.265 16.5837 2.98864 24.3991 418.971 26.9642 0.669903 9.99636 
206.89 285.508 6.22159 22.7813 0 126.827 140.413 221.462 308.221 328.979 2.41123 179.322 21.7739 5.4236 94.9411 6.93574 30.2238 233.159 194.862 0.441509 124.828 26.3669 0.891576 1.32787 47.9057 66.8925 47.3225 25.452 
418.994 654.579 58.9254 482.445 776.56 0 980.256 63.8616 616.545 320.288 273.691 151.092 277.125 21.8884 0.0255572 5.79069 475.754 50.5135 89.8301 11.7408 67.1726 9.44006 0.0810552 8.57783 437.376 8.94483 19.2392 12.8433 
2.01559 523.87 131.421 19.6399 86.8645 940.402 0 11.3224 59.9059 406.4 430.141 28.4454 153.248 75.3834 80.7904 101.903 76.8943 198.093 50.6945 78.324 0.357075 0.209443 42.62 46.0783 82.6643 81.9131 44.01 49.5617 
55.918 137.372 0.487775 208.666 219.355 188.99 0.0338822 0 5.15631 33.672 161.533 939.533 139.996 97.9206 2.7448 259.498 91.787 162.633 22.3476 97.9175 204.378 23.3693 35.3982 137.815 98.4176 68.2807 45.5448 2.70189 
525.538 526.004 234.997 424.503 86.2161 788.882 271.741 652.129 0 118.217 1020.57 337.892 200.306 131.859 159.046 134.222 531.838 130.084 0.213048 27.1223 176.488 6.9597 4.24599 14.9736 434.059 130.6 35.8722 51.6657 
7.7969 0.015834 106.888 95.2367 9.38333 499.524 97.7272 197.306 326.279 0 433.298 5.20446 77.2574 83.3965 109.216 66.6095 70.8814 138.276 30.1615 13.3503 99.1666 44.7325 0.367576 0.411571 51.5749 21.8335 0.920954 57.3886 
187.138 129.941 198.514 178.11 79.1142 220.144 338.016 172.829 803.565 69.1424 0 21.012 199.097 32.201 255.148 27.2061 12.0477 152.412 128.315 2.11977 49.2247 0.00296062 52.1479 6.81216 74.9461 22.9854 77.3224 95.687 
206.464 38.6751 180.144 33.8465 0.0655131 150.265 246.077 639.769 63.6584 179.48 126.584 0 4.09167 156.515 223.636 488.618 75.3027 151.419 69.1341 70.7995 52.9386 1.94254 94.8569 187.123 3.20035 0.0470861 18.2503 171.475 
96.4214 32.0615 51.4022 60.5946 65.9578 169.534 0.201223 10.996 178.834 289.965 244.62 60.7631 0 139.431 0.602938 27.6146 0.0246506 31.456 0.810501 7.94639 69.2374 84.5757 63.5353 37.6692 2.81656 49.4781 2.47979 34.3489 
1.8054 12.4654 9.37941 23.0506 38.2821 21.7867 15.2785 68.0985 128.938 0.485541 24.6005 0.274514 68.9839 0 48.8 17.2676 5.08432 32.4235 25.783 4.20968 6.01232 0.272763 9.12292 1.09555 11.8375 4.39206 6.13546 2.96981 
71.364 59.2611 3.09457 29.366 12.3484 40.9748 51.4276 173.869 124.2 11.4534 332.697 12.9122 17.3823 19.0093 0 70.2576 12.532 57.1855 19.9916 1.13273 55.9554 0.0786873 24.2857 9.27723 24.0982 23.9115 3.56246 4.48757 
65.0336 46.3919 9.17591 40.3614 71.6354 7.88311 82.5919 18.3638 27.9776 77.9963 25.422 495.705 70.4711 1.55512 32.2409 0 25.9687 55.384 19.0974 1.53539 5.61846 0.780855 3.35303 10.9393 14.9433 9.87387 2.77325 0.614088 
420.814 565.11 14.324 428.863 3.87628 475.342 7.06615 96.2697 460.16 69.3535 0.185066 5.30095 29.1917 8.50764 22.0622 17.0018 0 58.0782 262.868 34.056 19.8559 14.1224 0.00176095 7.33477 440.792 6.00137 5.84594 20.1389 
0.367684 296.673 23.4227 143.996 99.8113 102.663 176.861 180.975 208.235 134.392 5.96843 150.264 16.5813 53.2136 20.2055 45.8825 249.452 0 10.5076 84.6255 119.51 14.156 8.2242 48.395 52.0251 28.0937 39.7392 6.77034 
96.2692 169.737 30.5076 0.358302 199.951 43.6314 107.256 98.6645 69.7028 0.267033 123.108 86.3368 55.8063 1.50249 3.75506 0.047821 18.7074 26.3807 0 33.9666 17.4091 0.745454 12.9975 8.57427 1.2447 9.03878 0.810566 25.165 
205.391 9.52806 1.65836 45.9419 8.00648 18.6771 34.6964 40.5154 61.8409 4.09456 84.7902 26.0728 42.9438 0.44446 9.64341 3.86636 0.0275783 86.8815 18.1147 0 329.942 4.08512 0.394301 0.00943232 13.2093 11.8642 0.690314 5.87769 
226.279 175.857 76.5589 193.08 131.99 76.4889 1.33764 189.214 175.821 84.319 46.51 111.785 0.347678 31.6553 43.797 1.162 45.6936 111.728 9.21224 97.8573 0 29.6633 12.3338 47.1983 59.2075 47.6297 29.5603 23.2507 
3.999 23.5085 0.0831821 4.01132 52.647 20.5029 0.471211 67.1777 8.47854 18.7741 58.492 15.3306 27.8779 9.62376 17.5298 4.27584 19.3023 3.18134 0.291471 0.80352 27.5839 0 8.53087 11.2989 9.5947 1.59388 12.4908 4.62354 
16.1443 13.0631 1.02136 18.6265 18.6605 16.2847 24.6671 83.6025 20.9939 12.739 14.8452 72.2008 71.7029 8.58031 8.7515 5.61971 5.38565 0.052297 2.08458 0.25641 14.6661 8.42335 0 12.2436 19.0689 2.34481 12.6823 9.95302 
43.2868 0.0840525 13.6264 25.4838 51.2253 0.00397165 4.2114 126.799 72.1859 39.1841 76.806 151.318 54.5921 4.53897 0.0437751 21.4332 21.0014 1.05884 3.56261 3.45381 34.2062 0.00864037 5.60992 0 5.10447 12.1904 3.78201 12.5141 
483.316 497.324 26.8993 430.818 57.1018 446.925 1.65337 13.5258 538.034 54.7938 130.498 406.27 40.7785 13.5714 21.8889 24.4868 423.767 54.8574 30.5296 1.45214 37.5454 3.10951 25.4685 46.9016 0 46.6672 132.916 95.4591 
2.19613 2.59059 15.5387 31.2104 20.6384 0.0834671 90.7557 34.2856 69.6907 8.78252 16.7671 387.765 3.03559 4.77241 29.1799 14.5985 1.64714 26.9321 16.2681 2.28656 61.2734 0.047037 3.05562 8.89698 19.7054 0 30.992 59.9275 
8.87959 2.53362 19.39 26.3109 33.8692 11.8392 58.5616 3.11279 47.4134 47.2251 81.8073 120.836 7.5513 9.88206 1.87835 3.83495 13.3345 21.0981 4.18841 5.01069 0.00681214 12.5495 3.86327 6.39201 1.8538 13.9742 0 11.2302 
1.94217 30.2852 20.7753 27.9383 9.11231 1.46767 65.6066 100.444 47.6548 57.1555 15.1225 15.2162 5.82569 0.29623 16.6657 0.0547833 24.1916 10.1645 0.307414 10.2425 51.147 9.43266 4.26466 5.8525 30.379 35.3624 13.7936 0 
