0 946.672 210.714 441.646 37.3205 392.139 23.5753 284.41 589.784 152.626 114.669 220.665 6.57905 0.0183811 27.9544 5.71752 468.182 177.635 93.5985 123.245 5.44226 6.62927 1.80247 4.12862 375.839 68.4917 17.1317 37.7153 
929.435 0 186.811 501.239 530.708 448.231 526.518 31.6602 773.882 2.99422 264.494 58.613 0.00190168 57.0699 38.0881 27.6643 386.633 1140.42 92.4909 102.44 151.895 7.52494 16.0753 53.1854 371.979 29.004 0.137789 2.95212 
78.4343 283.876 0 122.039 46.6035 14.5711 125.617 264.807 45.1118 90.5042 79.612 13.7178 5.84442 0.0926009 4.768 9.77709 55.4921 99.9196 60.3446 3.05853 61.7802 11.4229 1.26851 4.20397 18.3861 26.3037 19.3779 15.6684 
486.913 681.283 311.9 0 148.503 393.78 202.787 745.463 687.228 1.07366 15.0076 11.2269 20.8923 0.0850271 32.5177 18.3107 424.856 32.6552 58.6898 46.1005 132.701 16.5621 3.09538 24.2591 368.771 27.5221 0.614256 10.2583 
210.717 268.65 4.99984 21.0932 0 123.543 129.936 221.876 303.554 330.375 1.76636 179.499 23.2109 5.11879 94.8577 6.57848 28.7554 233.781 187.997 0.587428 125.322 26.0162 0.800619 1.22019 47.4823 66.6473 47.4129 25.7832 
368.652 603.325 58.0676 431.698 221.279 0 778.187 67.3131 584.449 784.439 273.543 151.956 40.2707 21.8587 0.00513937 6.03194 425.426 49.0492 90.0361 11.9674 66.7419 9.59153 0.0635125 8.4381 387.352 9.19046 19.1898 12.6855 
2.87457 525.695 137.72 21.953 96.0901 958.494 0 8.57168 103.548 391.925 438.011 25.9107 156.226 76.2911 82.8967 102.21 77.7619 200.438 48.8782 77.5668 0.23853 0.261779 42.0114 46.6404 83.1737 81.1035 44.3343 49.0414 
51.8752 141.971 0.0973818 235.195 220.001 186.498 0.0667981 0 9.52486 31.5554 168.22 966.286 140.591 99.1723 2.07422 259.86 91.4151 161.548 23.0781 96.9835 203.715 22.9865 34.4578 137.497 95.261 72.679 46.3781 3.15353 
471.454 468.033 253.805 372.261 92.0476 753.431 201.873 656.837 0 126.529 293.617 343.552 199.483 130.52 151.227 135.564 481.707 132.597 0.351008 26.2353 177.377 6.70186 3.85855 15.6418 384.711 129.593 35.3495 50.8261 
7.04098 0.0170182 107.694 96.0374 12.0323 501.171 111.958 195.325 332.632 0 452.626 4.21081 70.0386 83.585 111.036 67.6799 70.3932 137.587 28.9433 13.7371 99.0941 45.1896 0.284445 0.327072 50.9827 22.5526 1.00081 57.3883 
186.291 126.129 194.716 180.222 82.4706 215.243 349.53 166.122 814.461 55.8641 0 16.2174 202.243 29.1793 268.963 24.2137 11.6385 151.428 128.117 1.91629 50.4008 5.87424e-05 50.4971 7.51852 76.7421 21.3426 77.6933 96.3773 
204.702 40.7067 181.308 37.4582 0.147673 149.311 243.074 688.532 58.066 182.696 137.837 0 4.58579 155.224 228.556 492.94 74.9349 151.273 68.4969 71.5433 54.418 2.10977 93.5134 186.829 4.96879 0.83627 19.1241 172.307 
96.9743 33.3062 50.7686 60.1354 68.0548 162.865 0.0519821 10.3175 177.116 295.558 243.098 59.2912 0 137.016 0.902554 26.6625 0.0117178 32.1581 0.682904 7.74188 69.5127 85.121 64.7139 36.9379 2.64357 49.224 2.57446 34.1257 
1.94523 12.921 9.54701 23.0145 38.8581 21.8259 14.4855 66.5912 127.725 0.66448 27.4175 0.528702 72.733 0 46.3317 17.5495 4.99323 32.7519 25.7009 4.22732 6.19443 0.237476 8.95958 0.980936 11.6832 4.52634 6.06592 2.89088 
71.2748 58.3017 2.84705 29.7404 11.7179 41.1302 53.4821 172.404 120.13 10.1529 343.56 15.7991 18.7453 16.3719 0 73.828 12.3693 57.5597 20.2619 1.08877 55.8024 0.100474 24.0818 8.80295 23.7774 24.2739 3.6703 4.65748 
65.6618 47.1843 8.89618 40.6424 71.8885 7.61908 83.5477 21.6206 26.3679 77.1224 22.5203 494.295 69.7081 1.82014 36.6115 0 25.9452 55.6388 18.9144 1.58737 5.90137 0.734141 3.17202 10.1457 15.5045 9.28746 2.66483 0.699523 
370.314 514.167 14.7913 378.247 4.4823 424.972 6.60743 96.0145 410.751 68.8439 0.243674 5.55278 28.8016 8.61342 22.208 16.8705 0 63.3817 485.327 34.0601 20.2176 14.0402 0.000536164 7.42364 390.647 6.11692 5.91959 20.0594 
0.141781 281.738 21.5627 144.423 103.09 103.778 179.665 180.762 209.337 133.572 5.40991 150.002 16.0287 53.1549 19.7524 45.5116 253.746 0 11.4324 84.9271 119.153 13.9731 8.04039 48.3834 52.2662 27.69 39.867 6.58926 
95.382 170.293 31.1593 0.276326 193.16 44.9405 105.426 99.3254 68.0809 0.416091 123.579 86.8113 56.459 1.42707 3.59616 0.0638623 18.0822 27.7472 0 33.8283 17.0276 0.788062 12.8785 8.45833 1.31022 8.87968 0.775512 25.1032 
201.889 8.44583 1.82845 46.2439 8.5689 18.8673 35.6533 41.7005 62.8498 3.8628 84.5963 26.8244 42.9808 0.460227 9.70115 3.9357 0.0160213 87.0316 17.849 0 331.755 4.05975 0.406648 0.00680769 13.172 11.8857 0.715386 5.81437 
224.151 175.289 74.7838 191.722 131.923 76.6035 1.60094 190.58 176.736 83.8017 45.3588 110.28 0.408827 31.4117 43.4566 1.0336 46.0675 111.15 9.51279 85.7337 0 29.7396 12.53 47.2708 59.0821 48.0301 29.7624 23.5454 
4.11699 23.2201 0.072576 4.08456 52.458 20.5112 0.548077 67.1305 8.19709 18.2972 58.9729 15.7498 28.9325 9.54746 17.5176 4.18413 19.3521 3.07974 0.318581 0.821095 27.4883 0 8.29437 11.1713 9.6334 1.55054 12.4693 4.57464 
15.8673 12.7426 1.07566 18.6845 18.3092 16.3104 25.2538 82.8315 20.1972 13.2061 15.9284 70.6791 72.7504 8.36211 8.2779 5.41512 5.4598 0.0698328 2.15374 0.266568 14.8708 8.18652 0 13.055 19.321 2.2673 12.6331 9.93387 
43.6548 0.0549686 13.713 25.3803 51.4333 0.000903234 3.93962 127.78 73.0162 39.7015 75.2872 148.724 53.9778 4.34978 0.0128837 22.1554 21.0066 1.13828 3.47687 3.49052 34.4704 0.0182316 4.88977 0 4.6656 12.0177 3.925 12.5927 
432.628 447.01 27.0153 380.995 56.763 396.614 1.43307 15.1791 487.067 54.2339 129.371 535.189 40.42 13.439 21.5408 29.8101 373.414 55.0536 30.5645 1.507 37.1452 6.72037 25.0153 48.959 0 57.1497 97.5556 113.931 
1.95861 2.85374 15.8356 31.7324 20.1569 0.0572607 91.3424 30.966 67.9146 8.28362 15.3397 382.565 2.85005 4.63649 29.3768 13.9589 1.71394 26.5302 16.4426 2.22093 61.1156 0.0554764 3.14095 8.70386 19.2816 0 30.574 60.6696 
9.0984 2.41029 19.387 26.2318 34.0914 11.7269 58.69 3.40906 47.9288 47.2812 81.5322 120.801 7.70391 9.83531 1.79738 3.71146 13.2522 21.2986 4.26324 4.9596 0.013186 12.5298 3.95537 6.56092 1.61334 13.4625 0 13.1273 
1.7972 29.8576 20.858 27.7306 9.35752 1.39094 65.2598 101.796 46.8158 57.0982 15.8377 16.7282 6.00251 0.268381 16.8588 0.0326145 24.2117 9.95091 0.281242 10.2025 51.1316 9.46279 4.19786 5.96656 30.0564 33.7066 11.8546 0 
