0 1028.97 210.981 551.687 28.8144 476.687 31.3495 275.717 661.612 154.08 108.718 217.344 7.79423 0.000136597 26.3127 4.60584 549.777 186.09 90.9312 106.911 9.27875 7.04639 1.49811 4.77121 455.175 66.9917 17.905 38.8677 
1025.78 0 126.52 607.15 530.816 514.328 522.284 40.1915 848.236 6.00118 266.427 52.1141 0.15428 58.3957 35.3872 29.801 463.804 1013.32 99.076 96.6741 155.892 8.11309 17.0605 52.3055 453.087 27.0217 0.234976 2.46626 
92.2723 344.427 0 180.127 55.6666 17.7376 143.454 256.356 18.8987 86.5445 66.8818 9.66168 6.94357 0.0351092 3.93894 8.97873 55.2736 92.3976 60.8236 3.70789 66.9021 11.3083 1.44098 4.53315 19.1133 26.6315 19.3901 15.2235 
600.576 761.592 280.067 0 144.168 477.01 201.056 46.5599 756.906 1.93294 10.5808 18.0401 22.4625 0.170128 31.5623 16.6434 504.8 28.1333 59.4549 45.164 141.995 16.621 2.79697 24.6457 449.002 25.934 0.778011 9.52137 
199.66 316.161 8.79397 26.0153 0 135.915 160.149 220.542 316.288 325.557 3.85049 178.913 19.2431 6.00308 95.045 7.61244 32.9869 231.782 207.178 0.227854 123.881 27.0106 1.07078 1.5368 48.6752 67.3236 47.1512 24.8462 
449.396 685.868 60.3949 513.376 213.426 0 789.403 57.6748 614.045 704.52 273.262 149.385 222.748 21.9302 0.103288 5.35802 505.97 53.2147 89.3559 11.3258 67.9425 9.16282 0.11874 8.83426 467.054 8.49928 19.3268 13.1317 
0.833978 517.863 119.84 15.7018 70.8905 870.003 0 17.3217 10.1507 431.005 414.426 33.3624 147.689 73.6835 76.9075 101.272 75.2861 193.629 54.0682 79.6772 0.636069 0.128604 43.7306 45.041 81.6974 83.3598 43.4106 50.5078 
63.6298 128.967 1.9759 158.136 218.014 193.299 0.989837 0 0.593775 37.6968 149.365 879.924 138.85 95.5743 4.21318 258.091 92.4487 164.553 21.0321 99.584 205.452 24.075 37.1371 138.281 104.2 60.4349 44.021 1.9628 
562.718 570.722 200.628 459.343 75.8686 789.872 417.9 640.139 0 103.41 849.626 326.991 201.662 134.186 160.383 131.648 561.68 125.45 0.0490448 28.773 174.765 7.44364 5.00202 13.7801 462.56 132.35 36.8323 53.2038 
9.27716 0.35458 105.3 93.7046 5.36319 488.723 73.6302 200.779 313.907 0 396.168 7.29239 91.106 82.9791 105.743 64.6104 71.7581 139.473 32.4388 12.6515 99.2728 43.8838 0.547426 0.591385 52.6465 20.5339 0.783034 57.3728 
188.579 136.932 205.137 174.041 73.0666 228.697 316.274 185.164 785.197 96.5892 0 31.3258 193.161 38.0517 229.212 33.0769 12.8135 154.157 128.625 2.51869 47.0866 0.0283232 55.1976 5.60353 71.6509 26.1292 76.6247 94.3848 
209.537 35.0596 177.788 27.6361 0.000418169 151.891 251.332 547.564 74.4433 173.46 106.828 0 3.25735 158.691 214.117 475.698 75.9656 151.636 70.2934 69.4183 50.2564 1.65339 97.2728 187.369 11.824 1.12766 16.6923 169.758 
95.3806 29.8246 52.55 61.419 62.1504 180.561 0.727095 12.2913 181.865 278.839 247.128 63.4795 0 143.485 0.209633 29.3823 0.0606971 30.1807 1.07251 8.3266 68.7225 83.5115 61.338 39.0069 3.14714 49.931 2.31054 34.7539 
1.56213 11.6468 9.0711 23.1073 37.2242 21.7023 16.7765 70.8538 131.052 0.229976 19.787 0.0228191 62.173 0 52.8999 16.7046 5.25279 31.8193 25.9287 4.17676 5.68442 0.343641 9.36978 1.32 12.1166 4.14854 6.26282 3.11634 
71.5018 61.0083 3.57214 28.6678 13.5405 40.6512 47.708 176.336 131.618 14.0193 311.159 8.34544 14.9961 24.1034 0 63.0756 12.831 56.4872 19.4957 1.21534 56.2231 0.0456261 24.6118 10.1628 24.6736 23.2298 3.36804 4.18237 
63.857 44.9357 9.69321 39.8084 71.147 8.37401 80.798 13.0389 31.0237 79.5401 31.1346 493.112 71.8265 1.11944 24.5865 0 26.0081 54.905 19.4313 1.44193 5.11617 0.869945 3.69286 12.4235 13.9248 10.9746 2.9766 0.471567 
451.411 596.371 13.4803 459.645 2.87698 505.634 7.9445 96.7155 488.723 70.2701 0.0984924 4.85365 29.908 8.31436 21.7927 17.2414 0 48.8176 408.857 34.0404 19.1978 14.2724 0.00584013 7.17238 470.692 5.79158 5.71164 20.283 
1.05557 327.678 26.9974 143.08 93.8376 100.556 171.603 181.28 206.075 135.832 7.06101 150.695 17.614 53.3103 21.044 46.5553 241.027 0 8.9065 84.033 120.128 14.4927 8.5653 48.4086 51.5748 28.8352 39.5013 7.10766 
97.8571 168.559 29.3132 0.536 212.104 41.2362 110.566 97.427 72.6845 0.0791411 122.198 85.4496 54.6008 1.64554 4.05435 0.0244143 21.0434 23.9472 0 34.2115 18.1159 0.670358 13.2152 8.78775 1.1288 9.33259 0.876786 25.2755 
211.092 11.6679 1.36682 45.3352 7.02079 18.3225 32.9565 38.364 59.983 4.53555 85.1197 24.7126 42.8677 0.416192 9.53593 3.7398 0.0568518 86.5646 18.6018 0 323.805 4.13145 0.372106 0.0153504 13.2749 11.822 0.645428 5.99381 
229.89 176.785 79.7855 191.625 132.066 76.252 0.9159 186.59 174.05 85.2485 48.6413 114.517 0.248369 32.0987 44.4141 1.41649 45.0042 112.755 8.672 121.204 0 29.5212 11.9762 47.0565 59.4236 46.8865 29.1878 22.7115 
3.78661 24.0381 0.104492 3.87823 52.9838 20.4819 0.34524 67.2517 9.0051 19.6571 57.6007 14.5731 25.9731 9.75864 17.5451 4.44506 19.2094 3.37147 0.24487 0.771741 27.7572 0 8.96201 11.5272 9.52234 1.67463 12.5286 4.71333 
16.6549 13.6578 0.925162 18.5148 19.3089 16.2322 23.6004 84.9833 22.4836 11.8988 12.9474 74.9774 69.729 8.93416 9.63509 5.99633 5.25055 0.0267161 1.96044 0.238259 14.2923 8.85536 0 10.7299 18.5902 2.48922 12.7688 9.98586 
42.6038 0.153326 13.4637 25.6626 50.8344 0.015239 4.73156 124.903 70.645 38.2281 79.5714 155.89 55.6961 4.88802 0.147848 20.0547 20.9897 0.92047 3.72204 3.38643 33.7178 0.000250018 7.0062 0 6.01142 12.5019 3.52509 12.3665 
514.197 527.509 26.6746 460.144 57.7115 477.124 2.09739 10.725 569.376 55.8032 132.475 668.901 41.4287 13.8082 22.5176 15.2359 454.053 54.4881 30.4611 1.35394 38.2756 2.5546 26.2766 42.6466 0 36.2898 184.148 51.2811 
2.66566 2.14039 14.9925 30.2389 21.5299 0.144225 89.6328 40.728 72.9489 9.72964 19.5295 394.905 3.39 5.0237 28.7908 15.7778 1.52787 27.6709 15.9477 2.40872 61.5458 0.033363 2.90103 9.2502 20.4889 0 31.734 58.3694 
8.4839 2.76725 19.3917 26.45 33.4595 12.0445 58.3156 2.60365 46.465 47.1137 82.2911 120.837 7.27446 9.96609 2.03093 4.06517 13.4851 20.7307 4.05263 5.10443 0.000545235 12.584 3.6961 6.08533 2.38995 14.9223 0 8.09259 
2.22196 31.07 20.6177 28.31 8.66974 1.61334 66.2255 97.9192 49.1942 57.2444 13.8476 12.6148 5.50733 0.350764 16.3076 0.110215 24.1525 10.5605 0.358383 10.3144 51.1662 9.37651 4.38751 5.6443 30.9721 38.3699 17.6533 0 
