0 523.123 201.352 204.376 10.037 46.3408 58.7443 244.498 190.38 156.5 91.4044 204.818 11.8157 0.19002 21.7127 2.04797 108.929 207.546 82.7005 31.4451 25.6054 8.3033 0.774713 6.85412 8.92326 62.2553 20.1746 42.1121 
559.051 0 10.7926 234.468 484.492 35.3712 465.839 69.2238 371.194 20.1419 267.146 34.9946 1.94998 61.9225 27.8734 36.1384 12.5116 475.576 117.499 79.0902 165.833 9.90631 19.9881 49.584 11.9393 21.5337 0.6582 1.3033 
132.604 461.817 0 291.832 83.9219 27.7912 191.485 221.22 7.19381 74.1069 34.6981 1.85372 10.5699 0.0225703 1.9533 6.77413 54.1978 70.4239 61.5977 5.85782 81.4288 10.9525 1.98999 5.51991 21.1201 27.2994 19.3597 13.9008 
252.861 294.843 390.081 0 129.241 41.7431 189.901 45.9126 266.572 5.76097 2.04602 45.4811 27.1501 0.576293 28.5676 12.0425 59.5566 16.6467 61.2234 41.6064 382.928 16.7523 2.0097 25.5796 5.39971 21.2806 1.35376 7.49641 
164.798 438.928 25.1194 42.3614 0 259.293 251.832 213.969 343.658 297.532 14.1895 175.769 9.71655 8.89968 94.7361 10.9554 46.2709 222.041 255.647 0.127698 119.016 29.8831 2.06243 2.6456 51.9811 68.9451 46.3005 22.1714 
9.15151 237.206 65.1603 72.1333 572.751 0 1023.82 32.9203 51.0007 107.265 260.549 139.945 256.619 21.9162 1.07546 3.59536 62.3716 65.3812 85.7626 9.49552 71.037 7.94061 0.372337 9.97527 21.4107 6.60025 19.6687 14.4013 
1.81377 452.205 70.153 3.32655 17.6835 260.136 0 57.9704 278.493 501.731 327.963 59.1171 121.786 65.6242 59.5685 97.4088 67.8987 171.479 69.6171 85.1026 2.83902 0.00690037 48.5738 40.3338 76.8986 89.1626 40.6664 54.5857 
101.93 92.6346 20.3167 61.1284 209.635 208.02 20.8792 0 34.4885 57.6576 97.8857 504.28 132.938 84.4338 14.3615 240.545 95.0729 171.947 15.5678 106.228 207.972 27.27 45.067 138.496 129.344 29.9401 37.323 0.0984322 
150.901 197.114 66.4929 52.6074 36.3803 200.358 1107.15 539.219 0 46.6662 1189.5 271.59 205.242 142.465 35.1232 118.557 116.27 104.575 0.718969 36.4669 165.674 9.76899 9.06558 8.99111 12.7023 138.552 41.1222 59.9947 
17.2878 7.15516 96.6217 85.9543 1.08908 351.874 5.88212 213.547 249.675 0 220.43 20.6042 159.25 80.0178 88.4695 55.2426 75.3516 143.713 43.1627 9.70985 99.3247 39.958 1.77363 1.77913 57.1721 15.0796 0.303205 57.0451 
193.201 167.712 228.527 153.169 48.1502 258.708 214.303 239.475 588.041 254.584 0 98.7862 164.504 68.1863 114.727 64.3932 16.46 160.975 129.205 4.69456 37.9052 0.455651 68.996 1.6209 57.0998 41.9661 73.2446 88.0483 
220.595 20.8134 164.008 7.19585 1.0548 157.129 270.456 165.88 129.454 145.123 36.3036 0 0.685463 165.246 165.747 351.83 78.7283 151.791 75.2949 63.0248 38.8429 0.644814 107.168 183.897 123.124 44.0024 10.4945 159.227 
90.3396 20.6435 57.4167 64.8007 45.9426 193.891 6.9751 18.8337 193.343 218.277 253.703 75.7747 0 155.023 0.926177 37.5114 0.414596 24.7069 2.6744 10.0992 66.2768 77.8191 51.1231 44.8693 4.82504 51.7403 1.62566 36.488 
0.688418 8.28449 7.69183 23.2116 32.5017 21.1332 24.0774 82.8755 138.639 0.239817 4.43157 2.27084 34.0652 0 62.0029 13.5917 6.02551 29.0998 26.5031 4.02113 4.32188 0.75326 9.57567 2.51811 13.2893 3.11457 6.82535 3.79512 
71.7106 68.5442 6.04756 25.3991 19.3797 38.6255 32.1486 183.724 163.145 28.0236 199.109 0.0880366 6.32102 47.0829 0 27.3746 14.172 53.196 17.2895 1.61379 57.2116 0.00720332 25.2801 14.2591 27.0109 19.9675 2.55676 2.93044 
58.2565 38.4363 12.0454 36.7876 68.5978 10.6492 72.2281 0.295056 45.8818 85.4188 61.8932 405.992 77.1205 0.0383768 1.78713 0 26.1249 52.5913 20.8908 1.05606 3.14564 1.31934 5.30193 19.0989 9.62623 16.1385 3.95035 0.0634957 
10.5622 156.133 9.94938 19.1576 0.224016 62.3808 12.4169 98.3476 38.3361 74.0568 0.0419412 3.08979 33.1086 7.465 20.5608 18.2887 0 16.2645 207.755 33.844 16.3532 14.9302 0.052829 6.46048 26.0483 4.89141 5.12642 20.9009 
8.34734 446.28 45.1567 136.964 68.2205 90.3212 146.646 181.254 194.371 141.207 12.9708 151.81 22.5055 53.5702 24.8858 49.426 196.291 0 3.32497 80.7928 122.293 16.0142 10.1472 48.3491 49.4413 32.1467 38.387 8.69188 
104.271 160.894 24.0458 1.75262 259.418 30.7969 124.421 91.5304 85.9938 0.588941 117.437 81.2388 49.1219 2.35529 5.50692 0.0148676 51.4687 14.3371 0 35.1629 21.3729 0.383345 14.1767 9.75109 0.679396 10.6715 1.20189 25.7251 
224.011 23.4626 0.401641 41.8499 3.37604 16.6615 25.4993 29.1978 51.6396 6.74312 86.169 18.966 42.398 0.300675 9.03385 3.18685 0.313861 84.5087 20.7644 0 257.338 4.33514 0.2804 0.0590319 13.5238 11.5884 0.462883 6.50922 
241.106 179.077 93.5044 159.962 131.653 74.7833 0.00430847 173.146 164.761 89.079 58.4019 126.203 0.00832914 34.0161 47.0433 2.84494 41.8784 116.813 6.44143 229.758 0 28.8551 10.4221 46.2856 60.1648 43.4459 27.5032 20.3281 
2.90471 26.4036 0.228491 3.30518 54.3295 20.2973 0.0214124 67.3854 11.5104 23.7062 53.4932 11.3846 18.0395 10.2762 17.5043 5.213 18.7725 4.27879 0.0863105 0.637006 28.5 0 10.8102 12.4478 9.17569 2.05355 12.6713 5.11486 
18.9692 16.4114 0.551064 17.9369 22.2556 15.9137 19.0123 90.5906 29.534 8.43487 5.96295 86.9986 60.2283 9.67414 13.697 7.66564 4.66222 0.0161911 1.45027 0.1651 12.6559 10.7116 0 4.35817 16.2343 3.16599 13.098 10.0962 
39.4482 0.711262 12.6782 26.2814 48.9432 0.153775 7.38216 115.027 63.5169 33.8795 91.4692 172.977 60.2281 6.4379 1.33992 13.4311 20.9042 0.420359 4.466 3.08554 31.4867 0.107273 13.6698 0 11.4789 13.7906 2.47055 11.6568 
73.6189 83.7579 25.4901 13.1937 60.2378 33.674 4.6908 2.1035 130.09 60.0096 139.759 613.266 44.206 14.7647 25.1414 2.72408 11.1921 52.6979 30.0871 0.954547 41.462 62.5872 29.4543 19.9359 0 112.464 52.1126 97.0019 
5.27988 0.649858 12.5479 25.731 25.6191 0.612703 83.9295 74.094 87.3251 14.428 33.9091 387.497 5.1862 6.1663 26.6412 20.9866 1.04851 30.9783 14.5194 2.98062 62.4865 0.000900321 2.24483 10.7953 24.0333 0 34.6053 48.7253 
6.81197 3.92518 19.3399 26.9764 31.6015 12.9476 57.0553 0.880115 42.2014 46.4835 84.1161 119.856 6.09144 10.3131 2.77297 5.14644 14.1504 19.1013 3.47001 5.52306 0.0577619 12.7116 2.98141 4.77391 6.16298 19.241 0 0.254857 
3.68521 34.5688 19.8262 29.8192 6.81121 2.33783 68.704 86.0902 56.0387 57.3831 8.77635 3.87343 4.18519 0.647136 14.6542 0.586642 23.943 12.3903 0.631989 10.6117 51.1125 9.11193 4.93872 4.73609 33.581 50.6684 38.4002 0 
