0 505.939 199.156 212.887 8.37336 44.7376 62.5387 240.13 183.417 156.613 89.2863 203 12.3588 0.237935 21.1657 1.80296 105.858 209.832 81.6447 23.3762 28.1043 8.46247 0.70207 7.13173 5.30741 61.637 20.4559 42.5001 
546.042 0 5.06354 239.013 474.444 28.4762 454.885 73.1686 362.266 22.3988 266.737 33.0851 2.30681 62.322 26.9883 36.9274 8.40921 746.107 119.667 76.8773 166.878 10.1354 20.3543 49.233 8.94498 20.8886 0.724513 1.18563 
137.386 467.81 0 294.053 87.5077 29.0825 196.743 215.983 12.5209 72.5033 31.338 1.31214 11.0579 0.0366849 1.75438 6.51672 54.0213 67.7574 61.6298 6.14646 83.1569 10.9064 2.0622 5.64399 21.3551 27.3522 19.3494 13.7353 
260.211 286.497 380.471 0 127.195 39.4281 187.94 867.098 256.169 6.36269 1.45192 49.539 27.7378 0.642165 28.1796 11.5081 55.9875 15.4171 61.3939 41.0906 156.631 16.7644 1.92114 25.6748 2.11376 20.71 1.43462 7.25991 
160.314 451.39 27.6167 44.5501 0 281.61 262.972 212.894 345.967 292.781 15.8807 175.238 8.75752 9.28811 94.6119 11.3997 47.9912 220.459 260.639 0.21115 118.351 30.2344 2.20523 2.80097 52.3711 69.1094 46.1867 21.8474 
6.46242 232.123 65.5286 68.9459 500.796 0 1410.02 30.2665 37.4218 152.034 257.829 138.595 545.263 21.892 1.26337 3.39969 58.9943 66.8713 85.1625 9.27483 71.3765 7.79293 0.412881 10.1143 17.8235 6.37863 19.705 14.5545 
2.63289 440.323 64.5441 2.42741 13.485 193.801 0 64.3523 356.322 505.312 316.006 62.6546 118.534 64.5911 57.4728 96.8223 66.9732 168.549 71.5601 85.6944 3.21507 0.0188113 49.1523 39.7502 76.2593 89.7958 40.323 55.0676 
106.968 88.3836 23.7983 67.1069 208.349 209.283 24.9929 0 44.4589 60.3011 92.0253 453.458 132.127 83.0055 15.9883 237.208 95.357 172.717 14.946 106.948 208.023 27.666 46.0523 138.313 132.3 26.812 36.5167 0.0324715 
151.443 202.639 53.9638 55.3699 32.4028 179.129 1167.99 522.358 0 41.0041 912.3 264.208 205.4 143.238 30.014 116.793 112.655 102.017 0.9577 37.4412 164.41 10.072 9.63804 8.46743 8.71932 139.125 41.6473 60.8154 
18.4193 8.5673 95.3942 84.9107 2.11651 329.516 2.71684 214.789 241.068 0 199.641 22.6607 167.933 79.5354 86.1977 54.0568 75.755 144.106 44.529 9.37059 99.2838 39.4634 1.97061 1.96712 57.6951 14.4543 0.259697 56.9762 
193.56 171.39 230.624 150.347 45.3665 261.352 201.807 245.908 543.019 276.254 0 109.121 160.801 72.2323 102.005 68.6975 16.9316 161.699 129.185 5.00458 36.8247 0.543111 70.6915 1.2953 55.3508 44.0839 72.8016 87.2168 
221.639 19.2948 161.98 5.57352 1.33409 157.538 272.279 130.182 136.805 141.534 29.9951 0 0.501108 165.682 159.378 331.243 79.0445 151.72 75.8872 62.2189 37.5137 0.55307 108.271 182.967 127.202 53.1082 9.82387 157.633 
89.6795 19.6148 57.9816 65.1802 44.0622 191.095 8.16731 19.7175 194.507 209.968 253.979 77.2927 0 155.647 1.28972 38.5255 0.479534 24.0621 2.9185 10.3246 65.9609 77.0225 49.8411 45.5711 5.05284 51.9376 1.54968 36.692 
0.605354 7.90663 7.52343 23.2076 31.925 21.0423 25.0342 84.3051 139.351 0.369968 3.28705 2.92005 31.0089 0 61.9147 13.1576 6.12241 28.7646 26.5648 4.00111 4.16643 0.813589 9.49819 2.68376 13.4241 2.99467 6.89354 3.8808 
71.6906 69.4331 6.38627 24.9843 20.1493 38.3149 30.3858 184.208 166.739 29.9907 184.726 0.473852 5.49641 49.5063 0 23.3282 14.337 52.7742 17.0206 1.66588 57.3093 0.014743 25.2716 14.7668 27.269 19.548 2.46391 2.79008 
57.5348 37.6437 12.3361 36.36 68.2451 10.9356 71.1233 0.026874 47.8227 86.0182 66.1477 388.245 77.679 0.00794714 0.748789 0 26.1327 52.2887 21.066 1.0124 2.93528 1.37999 5.50604 19.8798 9.13496 16.7837 4.07669 0.0394218 
7.63764 153.018 9.54529 16.2255 0.104325 59.046 13.0248 98.5071 34.1947 74.4852 0.0719803 2.89999 33.5007 7.36247 20.4067 18.4145 0 13.3934 255.964 33.8057 16.0154 15.0095 0.0618073 6.37469 22.5838 4.78521 5.05629 20.9737 
9.70142 451.357 47.5906 135.995 65.2356 88.9845 143.457 181.096 192.717 141.744 13.8076 151.855 23.1352 53.5828 25.3665 49.7623 190.192 0 2.82208 80.3311 122.491 16.2027 10.3475 48.3284 49.1664 32.552 38.2446 8.89459 
104.977 159.695 23.4114 1.94844 264.225 29.5625 126 90.7686 87.6143 0.80199 116.778 80.6958 48.4416 2.45013 5.69765 0.0243303 57.3199 13.3096 0 35.2633 21.7829 0.353575 14.2932 9.87024 0.631991 10.8385 1.24505 25.7753 
224.107 25.1372 0.322203 41.3421 3.01675 16.4502 24.6257 28.1305 50.6167 7.03956 86.25 18.301 42.326 0.287728 8.96991 3.1206 0.359439 84.1862 21.0274 0 245.7 4.35975 0.269994 0.0663129 13.5494 11.5548 0.442512 6.57198 
241.908 179.149 95.0883 158.448 131.518 74.558 0.00190724 171.318 163.475 89.5114 59.6215 127.571 0.00171182 34.2439 47.3509 3.05226 41.4903 117.249 6.18881 242.069 0 28.7699 10.2364 46.1757 60.2304 43.0114 27.2944 20.0391 
2.80413 26.6933 0.246912 3.23737 54.4765 20.2646 0.00850864 67.3797 11.8343 24.2127 52.9766 11.0162 17.1402 10.3297 17.487 5.30817 18.7164 4.39648 0.072429 0.621293 28.5876 0 11.0247 12.5488 9.13031 2.102 12.6858 5.16413 
19.2563 16.7593 0.511559 17.8573 22.622 15.8654 18.4716 91.2117 30.4382 8.04454 5.28193 88.417 59.0011 9.66338 14.1952 7.86535 4.59181 0.0265146 1.39269 0.157022 12.4591 10.9275 0 3.70304 15.9248 3.25217 13.1318 10.1056 
39.0505 0.807339 12.5756 26.3368 48.6955 0.180588 7.74276 113.671 62.6198 33.3398 92.8648 174.658 60.7356 6.62281 1.56454 12.6092 20.8899 0.372288 4.56074 3.0487 31.2079 0.136482 14.4487 0 12.2843 13.936 2.35224 11.5644 
70.6164 80.3597 25.3253 9.4782 60.5248 30.3403 5.07571 1.49948 127.158 60.489 140.471 270.824 44.5315 14.87 25.4397 5.41683 7.95226 52.4629 30.0336 0.910065 41.8435 68.7641 29.7895 17.2356 0 120.211 74.1269 116.25 
5.65681 0.52614 12.2496 25.1648 26.131 0.691969 83.1575 78.589 89.0514 15.0528 35.8781 382.247 5.4297 6.30767 26.3347 21.6029 0.995708 31.384 14.3448 3.05352 62.5706 0.000127698 2.16856 10.9796 24.4676 0 34.9035 47.2944 
6.61784 4.0798 19.3269 27.0301 31.3707 13.0566 56.8829 0.731129 41.6764 46.3915 84.3018 119.626 5.95245 10.3524 2.87053 5.28451 14.2312 18.9029 3.40122 5.57436 0.0743077 12.7242 2.89761 4.62039 6.76527 19.7735 0 0.0454874 
3.88812 34.9963 19.7196 29.9866 6.59683 2.43476 68.975 84.5887 56.871 57.3711 8.22717 3.13882 4.03448 0.689286 14.4464 0.670236 23.9134 12.6212 0.670666 10.6455 51.0903 9.07797 5.00645 4.62752 33.8895 51.9817 41.1839 0 
