0 514.624 154.75 585.822 0.454836 323.788 116.862 176.938 389.84 154.478 62.7963 174.985 20.2205 1.32348 14.5601 0.0403174 363.427 231.299 67.4341 38.2412 68.0249 10.5987 0.0859172 11.0912 258.239 53.0995 24.113 47.2521 
583.099 0 113.618 564.073 288.991 257.866 265.602 128.793 524.308 59.8601 252.139 12.8693 9.43258 66.7533 16.5311 47.1273 257.846 801.012 144.781 48.73 176.613 13.2401 25.1619 44.432 269.678 13.2618 1.85082 0.166737 
189.006 362.284 0 111.638 132.566 45.5383 243.879 138.258 184.243 51.2517 2.83408 2.66843 18.0571 0.516264 0.137985 3.54819 50.9371 35.869 60.822 10.2186 103.465 10.2698 3.07408 7.27774 24.1072 27.4534 19.0884 11.5712 
601.098 447.389 143.66 0 97.9659 307.524 153.157 226.603 407.454 16.4165 2.87318 110.703 35.4359 1.78571 22.9078 5.47583 308.029 3.61823 62.6589 33.2417 654.235 16.8433 0.94926 26.5056 259.316 13.6098 2.66316 4.49099 
101.983 531.805 66.8473 74.9371 0 414.201 385.211 194.277 353.504 212.899 44.9056 165.73 0.81642 14.8553 91.3825 17.697 71.2153 193.468 299.654 3.10478 108.592 34.7013 4.43397 5.15762 57.039 70.531 44.5469 17.7848 
274.571 446.234 65.7814 323.673 259.178 0 532.848 5.51579 279.542 147.491 204.209 118.136 476.032 21.1553 4.90819 1.33568 313.28 85.4465 74.7066 6.55761 74.917 5.95676 1.10979 11.863 270.234 3.79869 20.0622 16.4582 
25.9474 245.2 10.7081 3.49489 10.628 376.254 0 165.264 1285.45 446.259 156.938 113.334 77.107 50.7869 32.3054 87.3036 54.878 128.208 96.469 91.7252 10.0126 0.688686 56.1854 32.2257 67.1982 96.2467 35.8035 60.8501 
174.459 40.312 87.1611 30.7097 187.288 214.164 104.767 0 256.031 96.8228 30.1769 8.41682 120.199 63.9601 43.1551 176.528 98.2467 179.797 7.9787 114.17 203.707 32.8051 58.7365 132.019 165.842 1.58771 26.5847 2.3385 
454.348 566.802 12.9139 409.031 1.44382 269.78 937.769 264.429 0 0.477753 980.858 165.169 201.949 148.438 67.0297 91.9002 363.618 70.0391 6.97458 50.3379 145.643 14.2849 18.292 3.07216 258.517 142.649 48.3289 70.991 
35.4607 36.8163 77.1444 70.0943 43.4734 79.7997 66.8124 223.944 128.178 0 13.2631 56.1057 270.756 71.2508 55.897 38.6292 80.1548 146.616 62.6215 5.4751 97.8503 32.9373 5.3577 5.165 63.6952 7.42267 0.000327114 55.5471 
194.087 214.857 240.687 110.874 16.1733 272.316 62.5455 318.983 130.193 527.62 0 264.819 111.74 126.747 2.02196 128.175 23.418 168.664 127.181 9.78009 23.9955 2.33316 91.8483 0.362529 34.2142 73.535 66.6135 75.6586 
228.616 4.70524 130.721 3.26399 7.74988 158.124 284.655 74.0814 235.752 95.1676 3.0405 0 0.697258 163.976 78.2164 68.5313 82.6453 149.053 83.0292 51.5906 22.0877 0.000388349 119.906 162.071 136.69 214.093 3.09781 132.245 
80.4885 8.53738 64.4996 69.314 22.658 147.514 30.9958 32.4705 204.338 100.823 247.197 96.6625 0 147.763 11.0122 51.5213 1.72434 16.3713 6.93739 13.3554 61.6159 65.2067 33.4489 54.0719 8.37781 53.9714 0.731852 39.1299 
0.0126456 3.77827 5.4166 22.8336 24.6564 19.4935 38.2044 101.304 143.971 4.46652 3.84008 18.014 3.60886 0 39.6899 7.23378 7.40537 24.4534 27.1841 3.72713 2.40599 1.76577 6.81913 5.02814 14.9442 1.6222 7.7483 5.01727 
70.5568 79.9468 11.277 19.5084 30.8805 33.2749 11.5077 182.035 204.445 58.4612 32.2294 31.4132 0.0165908 60.8153 0 1.0454 16.4542 47.0518 13.6272 2.39227 58.101 0.346531 23.4459 20.9732 29.943 13.9965 1.40953 1.26914 
47.7714 27.7181 16.0164 29.9758 63.0019 14.6754 56.2482 21.5171 74.1145 91.1209 125.394 118.333 82.9031 1.59739 24.652 0 26.1035 48.0695 23.2271 0.527584 0.867031 2.2579 8.11807 27.6423 3.80044 24.6726 5.81286 0.237402 
269.875 407.684 4.99991 277.381 2.56738 313.869 21.8689 99.7562 280.093 79.2339 1.16905 0.989087 38.4968 6.08179 18.3788 19.9713 0 1.50823 291.135 33.0454 11.9143 15.9992 0.239097 5.30489 276.535 3.50797 4.18784 21.8502 
35.1681 425.111 81.1548 119.79 31.4069 70.7209 101.609 176.108 167.82 146.167 26.5524 150.687 31.7212 53.3695 31.6705 53.7419 108.033 0 0.0309711 73.2621 123.707 18.6528 13.0321 47.8033 45.401 37.7035 36.3093 11.6523 
112.331 139.872 15.6631 5.3236 300.327 15.2317 143.378 80.3368 107.769 6.36725 106.971 73.2612 39.6455 3.81179 8.36858 0.350527 150.71 3.37142 0 36.2271 27.219 0.0777993 15.7589 11.4141 0.174271 13.0254 1.86158 26.3216 
197.031 49.9926 0.0814731 33.5711 0.188326 13.6317 14.4248 15.8084 37.7078 11.2993 86.3592 10.6449 41.1286 0.145816 8.10863 2.30781 1.21196 78.7589 24.3319 0 79.5146 4.6679 0.15305 0.196482 13.779 11.0307 0.220723 7.3662 
240.683 176.016 112.734 229.835 128.194 70.8239 2.08065 144.988 144.457 94.2997 75.5261 143.596 0.357984 37.0107 50.983 6.30595 36.4424 121.62 3.36636 332.269 0 27.6103 7.95939 44.4795 60.5796 37.2463 24.5786 16.4089 
1.66198 30.3898 0.544485 2.41712 56.0048 19.6529 0.361715 66.8797 16.2894 30.8221 46.1464 6.76037 7.35486 10.8109 17.0334 6.53668 17.9506 6.02862 0.00227338 0.435578 29.6419 0 13.4155 13.5839 8.4877 2.75944 12.8146 5.79586 
22.9835 21.3895 0.132575 16.6785 27.3875 15.0736 12.0435 97.7683 42.6139 3.77763 0.184964 105.06 42.655 7.67119 20.1082 10.198 3.72234 0.382928 0.752933 0.0709005 10.0162 13.3445 0 0.119462 11.7193 4.40369 13.4354 10.1467 
33.7817 2.5647 11.1548 26.6406 45.2316 0.710851 13.0024 94.0139 50.8332 26.386 109.076 187.056 66.1897 8.74164 5.7652 3.50713 20.6355 0.0141135 5.84016 2.57921 27.5497 0.812364 20.7574 0 24.0935 15.5104 1.0698 10.2888 
329.736 334.334 22.8701 260.925 63.7438 285.664 11.2257 2.8276 385.408 65.8513 145.87 945.341 48.384 15.9633 28.715 56.517 264.898 49.1644 29.203 0.429194 46.5262 4.47004 32.8399 1.30155 0 34.744 73.3959 69.9706 
11.504 0.0988136 8.53501 17.8652 32.8466 2.11297 72.0569 139.273 109.87 23.8569 64.0713 250.063 8.97492 8.10762 21.728 28.4912 0.436692 36.5587 12.1228 4.03555 63.0392 0.0522305 1.28452 13.1862 29.8189 0 37.5538 26.6727 
4.34718 6.30058 19.0328 27.507 28.3587 14.4186 54.3372 0.045898 34.9433 44.9319 85.9292 114.619 4.29014 10.7915 4.23956 7.14161 15.2512 16.3868 2.57153 6.23072 0.470418 12.8287 1.90572 2.82133 16.4839 26.4094 0 11.9193 
6.92677 40.4156 18.1803 31.7675 4.12057 3.82537 71.788 64.8179 67.2951 56.6602 2.69078 0.590579 2.32797 1.3369 11.7231 2.20351 23.4595 15.704 1.265 11.0248 50.5044 8.61363 5.87263 3.3032 37.3446 62.9251 75.0748 0 
