0 203.884 137.94 364.638 2.87447 95.374 133.44 157.5 140.219 152.666 55.6358 165.637 22.7431 1.79093 12.8386 0.016114 128.224 234.495 63.2258 64.0079 81.5107 11.238 0.0187622 12.3457 22.533 50.4967 25.167 48.5199 
269.969 0 190.82 334.805 227.275 22.4481 205.429 145.633 257.363 72.8909 244.956 8.71048 12.2949 67.7654 13.9108 50.0166 22.112 432.588 150.78 41.1524 178.076 14.1779 26.5602 42.9722 36.1124 11.3376 2.26455 0.0454291 
198.885 285.449 0 44.9186 144.215 49.8541 248.827 114.797 252.813 45.2018 0.283387 5.85735 20.2738 0.752116 0.00924376 2.83591 49.7922 28.0301 60.1814 11.4715 108.405 10.0735 3.38877 7.75239 24.7899 27.2858 18.9709 10.9459 
367.166 179.168 90.9212 0 88.9712 75.454 140.633 782.372 141.568 19.9997 6.33007 129.885 37.6597 2.209 21.3371 4.09719 71.5652 1.71786 62.6997 30.6832 162.048 16.8394 0.730695 26.6059 24.8207 11.7213 3.07616 3.80174 
85.9778 523.683 79.7056 84.0185 0 392.704 408.619 187.464 348.027 185.919 55.3803 162.146 0.0960995 16.6237 89.921 19.675 78.0541 183.779 301.141 4.53421 105.426 35.9539 5.2004 5.94904 58.2462 70.699 44.0195 16.6645 
44.1674 193.871 64.3326 87.2213 382.702 0 175.162 2.01383 80.7576 311.045 184.009 111.409 548.04 20.8044 6.33161 0.911086 77.374 90.4185 70.9037 5.8335 75.6367 5.45781 1.36652 12.3448 34.078 3.16373 20.1263 16.9758 
36.5857 185.705 3.33389 8.05152 27.1213 633.27 0 197.878 1286.31 398.14 115.475 128.969 65.8828 46.7548 26.0114 83.9766 51.3965 116.191 103.368 92.8796 12.595 1.05446 58.0337 30.0913 64.3615 97.4803 34.4833 62.3466 
193.598 29.426 109.701 45.2255 179.887 211.634 134.593 0 332.765 107.782 18.135 8.487 116.326 58.426 52.6701 154.999 98.8079 180.83 6.35702 115.504 200.813 34.2826 62.3079 128.935 173.445 0.0127038 23.9258 4.05269 
231.189 357.988 44.5316 204.892 0.0112662 22.2984 614.281 191.135 0 0.949072 899.788 137.453 199.131 148.357 9.09875 84.2861 126.68 61.4336 9.66181 54.0905 139.528 15.5899 21.1643 2.00756 22.4783 142.325 50.2018 73.7364 
41.0668 47.9045 71.297 65.4982 63.655 50.5952 115.945 224.168 98.413 0 0.159402 67.6567 293.358 68.2478 47.3823 34.2964 81.1327 146.457 67.8465 4.53235 97.1355 31.0381 6.60136 6.33129 65.1389 5.79331 0.0285514 54.9574 
192.843 225.531 237.63 99.031 10.3608 267.386 35.0068 335.343 108.209 572.575 0 311.791 97.8225 141.979 1.41903 145.201 25.404 169.835 126.022 11.3994 20.7331 3.06723 97.5025 1.20663 28.7974 82.3811 64.6913 72.1099 
228.365 2.3175 120.443 8.92404 10.5142 156.703 284.289 197.241 263.555 82.3734 14.4888 0 1.62447 161.03 57.7243 22.8522 83.5114 147.706 84.8949 48.5011 18.3101 0.0566715 122.281 153.405 210.592 264.099 1.85256 123.626 
77.6489 6.15637 66.0818 70.2288 17.642 153.59 39.7959 36.5402 205.329 72.9007 241.839 102.061 0 140.394 15.3708 55.1228 2.21763 14.3942 8.37312 14.2622 60.2827 61.3919 28.9663 56.2775 9.45513 54.3768 0.552855 39.7606 
0.00610346 2.8602 4.84495 22.6185 22.6516 18.9305 42.1773 105.57 143.71 6.42401 9.14741 24.4166 0.643944 0 29.0947 5.61375 7.78341 23.228 27.301 3.64352 1.98625 2.09239 5.66174 5.72851 15.2988 1.29546 7.98384 5.35081 
69.9386 82.5871 12.8142 17.928 34.1787 31.528 7.61857 178.598 211.612 67.1904 9.77753 48.0801 0.25937 56.1686 0 7.43217 17.0558 45.3287 12.6865 2.61795 58.1677 0.519939 22.3821 22.5306 30.4689 12.4138 1.15789 0.937016 
44.8637 25.014 17.023 27.9153 61.2791 15.7423 51.8707 35.4278 81.8213 91.6505 142.499 56.9799 83.6934 2.66873 40.393 0 26.0515 46.7606 23.8106 0.416178 0.497929 2.5394 8.82274 28.7616 2.67393 26.627 6.34169 0.465059 
36.9356 170.876 3.94196 43.8052 4.61092 78.1121 24.7151 99.8381 42.3 80.319 1.72229 0.625501 39.9023 5.72953 17.7856 20.3942 0 6.88409 483.913 32.7382 10.8297 16.2715 0.310703 5.011 40.7987 3.17397 3.95123 22.08 
44.878 444.444 91.029 114.039 23.6262 65.2718 89.7856 173.703 159.644 146.565 30.8182 149.758 34.3223 53.1815 33.4991 54.7543 85.5509 0 0.500424 70.8897 123.599 19.3607 13.8336 47.5659 44.2519 39.1462 35.7218 12.489 
113.811 132.901 13.6299 6.56546 300.886 11.8152 147.215 77.1704 113.187 8.87898 103.754 70.9976 37.1406 4.2472 9.20065 0.512792 174.96 1.71294 0 36.3892 28.8203 0.0355211 16.1651 11.858 0.0955842 13.6615 2.05857 26.4438 
180.847 57.9017 0.279598 31.026 0.00350631 12.8038 11.9151 12.8315 34.1596 12.6564 86.0732 8.7884 40.6958 0.113774 7.85061 2.09072 1.54448 76.7977 25.2425 0 41.5646 4.75305 0.125462 0.24595 13.8106 10.8508 0.171097 7.58791 
236.443 173.765 116.669 238.956 126.713 69.4846 3.38322 136.686 138.285 95.3942 80.0948 147.576 0.609419 37.7427 51.9044 7.42666 34.9862 122.434 2.70899 327.339 0 27.2574 7.3479 43.9005 60.5105 35.5517 23.7941 15.4053 
1.38787 31.432 0.649887 2.20095 56.3162 19.4148 0.638398 66.5926 17.6546 32.7221 44.1454 5.71574 5.24114 10.8753 16.8265 6.88565 17.7166 6.53445 0.0191046 0.388114 29.9186 0 13.9439 13.784 8.28388 2.95825 12.8316 5.97537 
24.0552 22.7575 0.0691473 16.2916 28.7596 14.7917 10.4064 99.1262 46.2236 2.83182 0.0116581 109.15 37.9619 6.60939 21.5065 10.7513 3.48655 0.560488 0.604791 0.052396 9.35037 13.8827 0 1.00815 10.4875 4.74318 13.4768 10.1311 
32.2361 3.24059 10.7185 26.5876 44.1527 0.923968 14.7013 87.8095 47.4286 24.4209 113.003 187.28 67.3552 9.22153 7.33702 1.79043 20.5386 0.000474682 6.22563 2.44705 26.4844 1.10323 20.7895 0 27.6148 15.8497 0.789651 9.89812 
95.2009 98.3258 22.065 24.7409 64.4967 50.2133 13.3657 6.26917 150.02 67.0892 146.095 672.197 49.3631 16.1819 29.4366 52.6423 30.0516 48.1325 28.9177 0.323577 47.7796 4.16431 33.246 4.9876 0 72.0738 177.785 133.31 
13.4902 0.373605 7.53623 15.834 34.7939 2.64956 68.5468 156.23 115.185 26.5869 72.7939 199.451 10.1201 8.60535 20.2332 29.9677 0.318051 38.0141 11.4985 4.3293 62.9634 0.0881475 1.06809 13.7465 31.2125 0 37.8825 20.7903 
3.77763 7.01208 18.906 27.5696 27.4851 14.7925 53.5014 0.270202 33.0369 44.4227 86.1324 112.516 3.85887 10.8938 4.66683 7.69449 15.5362 15.6811 2.3532 6.41675 0.645677 12.8387 1.65394 2.37397 19.7126 28.1664 0 19.6072 
7.93492 41.9281 17.6873 32.144 3.51127 4.269 72.3562 59.1405 70.1441 56.2694 1.6497 2.22957 1.92136 1.55619 10.9381 2.78756 23.3049 16.6204 1.46746 11.1142 50.2357 8.47184 6.1169 2.95302 38.0831 63.6498 82.4429 0 
