0 156.042 131.56 344.985 4.26531 75.7907 139.484 150.401 112.972 151.878 53.0955 162.122 23.6874 1.97779 12.2337 0.0605517 106.129 235.314 61.6881 71.5018 86.5684 11.4734 0.00642797 12.8142 0.347586 49.537 25.5506 48.9697 
220.059 0 220.818 313.197 205.176 1.17079 184.142 151.773 223.546 77.8136 242.039 7.39079 13.4217 68.1037 13.0045 51.059 0.025519 711.789 152.806 38.4892 178.458 14.5239 27.07 42.4332 14.6929 10.6693 2.4249 0.0202012 
201.799 255.501 0 26.9053 148.219 51.344 249.576 106.399 277.716 43.0324 0.0126904 7.31359 21.0997 0.848337 1.62456e-05 2.5942 49.3488 25.3684 59.9044 11.9326 110.084 10.0007 3.50561 7.92515 25.0254 27.2034 18.9235 10.7185 
342.791 145.039 55.6579 0 85.6728 54.4961 135.883 876.719 108.722 21.3706 7.91051 136.883 38.4677 2.37287 20.7627 3.64022 49.0497 1.19844 62.6789 29.7306 715.431 16.8351 0.658014 26.627 3.07192 11.0569 3.23279 3.56349 
80.3329 517.238 84.4653 87.3205 0 385.569 415.452 184.841 345.215 175.938 59.3891 160.753 0.00883111 17.2839 89.3329 20.4111 80.5416 180.076 300.557 5.11745 104.237 36.4058 5.49269 6.24919 58.6699 70.7335 43.8214 16.2624 
23.9964 165.194 63.6457 64.6296 326.445 0 700.834 1.16523 75.6797 827.798 176.326 108.889 77.6124 20.662 6.88616 0.776119 55.0516 92.1735 69.4468 5.57737 75.865 5.27983 1.46586 12.5174 11.6964 2.94538 20.1454 17.1606 
40.8347 164.926 1.67823 10.1534 34.8729 714.816 0 209.829 1245.36 378.183 101.465 134.705 61.9231 45.2901 23.8535 82.7091 50.1338 111.817 105.829 93.2335 13.6002 1.20635 58.6851 29.32 63.308 97.8582 34.0009 62.8717 
200.416 25.8447 118.139 66.9159 177.064 210.29 145.929 0 360.876 111.783 14.4749 25.1385 114.873 56.4208 56.274 146.952 98.9822 181.094 5.81037 115.905 199.585 34.8198 63.5932 127.682 175.944 0.093054 22.9827 4.78851 
213.313 344.752 60.2383 194.055 0.338706 0.463551 494.648 166.17 0 2.49234 1680.69 127.665 197.911 148.164 0.708707 81.4921 103.974 58.3891 10.7402 55.4549 137.235 16.0746 22.2474 1.67528 0.235782 142.06 50.877 74.7127 
43.1721 52.2097 69.127 63.8009 71.7219 47.4595 136.194 223.981 88.2208 0 0.615727 72.0254 300.455 67.0958 44.3611 32.7454 81.4562 146.302 69.7377 4.20965 96.8426 30.3466 7.08188 6.78134 65.6313 5.24675 0.0500982 54.7236 
192.238 229.171 235.872 94.7252 8.55396 264.728 26.8134 340.667 97.2666 584.379 0 328.521 92.8431 147.344 4.5748 151.237 26.139 170.168 125.537 12.0144 19.596 3.35799 99.4954 1.63455 26.9144 85.6049 63.9774 70.7989 
228.024 1.65464 116.611 11.6482 11.6172 156.015 283.721 253.322 273.387 77.8322 20.6987 0 2.05639 159.699 50.8331 12.0505 83.8078 147.154 85.5522 47.3768 17.0132 0.100767 123.032 150.007 232.91 281.409 1.47753 120.382 
76.5967 5.38264 66.623 70.5306 15.9568 157.963 43.209 38.0603 205.484 63.5446 239.535 103.999 0 137.221 17.109 56.4087 2.41188 13.7018 8.925 14.5958 59.7889 59.969 27.378 57.0496 9.85976 54.5042 0.493892 39.9823 
0.0217317 2.5567 4.64171 22.5286 21.9335 18.7137 43.6342 107.042 143.44 7.21642 11.6136 26.9446 0.161192 0 25.2315 5.05395 7.92201 22.7841 27.3367 3.61259 1.84314 2.21644 5.22408 5.98145 15.4181 1.18476 8.06833 5.47264 
69.6822 83.5011 13.3832 17.3556 35.3968 30.8657 6.39151 177.051 213.754 70.3712 4.77106 54.8325 0.549075 53.7006 0 11.0615 17.2739 44.6943 12.3487 2.70182 58.1743 0.591414 21.943 23.0617 30.632 11.8455 1.07215 0.828217 
43.7995 24.0504 17.381 27.1483 60.6305 16.1275 50.2776 41.2061 84.6139 91.7375 148.579 39.4699 83.9001 3.11525 46.3803 0 26.0279 46.2745 24.0185 0.378797 0.388732 2.64474 9.07014 29.0212 2.31446 27.2874 6.53683 0.566237 
15.7636 148.117 3.58613 22.3666 5.49661 55.843 25.7804 99.8374 19.3496 80.6822 1.94943 0.513707 40.4097 5.60311 17.5688 20.5454 0 9.77961 234.688 32.6168 10.4457 16.3693 0.339033 4.90554 18.566 3.05611 3.86655 22.1611 
48.6342 453.166 94.5936 111.845 21.0399 63.2817 85.5518 172.725 156.577 146.613 32.4304 149.356 35.2816 53.0993 34.1651 55.1076 77.7394 0 0.810628 69.9927 123.51 19.6187 14.1285 47.4702 43.8269 39.6663 35.5046 12.7982 
114.277 130.248 12.9156 7.04551 299.964 10.6639 148.471 76.003 115.106 9.8876 102.543 70.1615 36.234 4.41032 9.50997 0.579285 182.643 1.24625 0 36.4353 29.4066 0.0242012 16.3113 12.0196 0.0727697 13.8936 2.13244 26.4844 
174.245 60.8262 0.380696 30.0772 0.00594401 12.5019 11.0534 11.8162 32.8922 13.1635 85.9346 8.15296 40.5288 0.103084 7.75569 2.01369 1.6749 76.043 25.5687 0 30.3605 4.78367 0.116089 0.265251 13.8184 10.7822 0.154594 7.66783 
234.489 172.801 117.96 236.79 126.118 68.9695 3.93281 133.605 135.973 95.7607 81.7524 148.949 0.717208 38.0018 52.2258 7.85389 34.4562 122.681 2.48701 321.932 0 27.1267 7.13033 43.68 60.4668 34.9323 23.5081 15.0448 
1.2941 31.8088 0.690397 2.1245 56.4154 19.3215 0.758176 66.4725 18.1601 33.411 43.4144 5.35589 4.55578 10.8905 16.7431 7.01181 17.63 6.7225 0.0292863 0.37149 30.0165 0 14.1159 13.8455 8.20769 3.03162 12.8355 6.04045 
24.4448 23.2585 0.0511309 16.1458 29.2583 14.6834 9.83583 99.56 47.5434 2.52001 0.0922052 110.551 36.2726 6.19198 21.9701 10.9366 3.40227 0.633307 0.554838 0.0463516 9.11211 14.0585 0 1.53499 10.0419 4.86718 13.4867 10.1224 
31.6714 3.5048 10.5572 26.5529 43.7516 1.008 15.3382 85.5106 46.193 23.712 114.341 186.987 67.7327 9.37834 7.93936 1.29906 20.5007 0.00532105 6.36782 2.39931 26.0957 1.21904 20.5823 0 28.8705 15.9598 0.697858 9.75368 
73.3734 75.9643 21.7623 2.37762 64.7513 28.0731 14.1822 7.84469 127.817 67.5045 146.03 85.4458 49.7047 16.2504 29.673 48.4242 8.14586 47.7481 28.8089 0.288784 48.2247 11.5111 33.3395 7.12542 0 89.7714 175.005 127.16 
14.2438 0.517012 7.18255 15.1085 35.5027 2.85814 67.2414 162.198 117.029 27.5971 75.9997 180.879 10.5496 8.78314 19.6761 30.4365 0.279512 38.5395 11.2731 4.43725 62.9128 0.103503 0.993785 13.9408 31.698 0 37.9527 18.7401 
3.57962 7.27882 18.8552 27.5841 27.1665 14.9264 53.1862 0.39797 32.3475 44.2278 86.1771 111.681 3.70712 10.9284 4.82571 7.89716 15.6391 15.4263 2.27595 6.48417 0.716171 12.8401 1.56617 2.21954 20.9103 28.7823 0 22.7519 
8.31598 42.4727 17.5027 32.2656 3.30101 4.43496 72.5361 57.0889 71.1614 56.107 1.33307 3.08235 1.78274 1.63944 10.6533 3.01457 23.246 16.957 1.54459 11.1446 50.1269 8.41934 6.20514 2.82929 38.3161 63.625 84.7018 0 
