0 234.393 115.217 481.155 8.90939 218.6 154.517 132.724 236.836 149.615 46.914 153.099 26.108 2.48371 10.7729 0.295572 242.593 236.544 57.8359 83.0323 99.4889 12.068 0.00382481 14.0119 136.799 47.1127 26.5094 50.0667 
290.623 0 295.87 446.948 152.17 141.741 133.666 167.065 330.639 90.4646 234.073 4.55371 16.4291 68.8789 10.8536 53.6397 136.978 711.562 157.486 32.0893 179.058 15.3999 28.3463 41.0685 153.026 9.07567 2.84852 0.00125618 
207.398 180.371 0 2.51924 157.597 54.8454 248.965 86.0108 337.358 37.7096 0.876332 11.6231 23.206 1.11261 0.0647612 2.03209 48.1801 19.2043 59.1116 13.0939 113.983 9.81533 3.80291 8.35672 25.5825 26.9482 18.7943 10.1509 
467.331 252.01 29.8287 0 77.4128 193.777 123.66 229.743 219.713 24.9418 12.5892 154.245 40.4829 2.80504 19.3243 2.60685 184.55 0.306336 62.544 27.3113 752.681 16.8176 0.492495 26.6437 140.603 9.45496 3.63897 2.99794 
66.734 493.389 96.449 95.525 0 375.947 428.325 177.968 336.342 150.906 69.8253 157.071 0.199041 18.9712 87.7344 22.2873 86.7392 170.448 296.492 6.71975 101.184 37.5257 6.25431 7.02759 59.6926 70.7577 43.3121 15.2702 
165.661 284.617 61.5723 199.758 127.179 0 360.488 0.05212 261.848 912.547 156.572 102.443 82.1618 20.2726 8.35199 0.48495 191.011 96.4213 65.6523 4.9551 76.3571 4.84344 1.7279 12.9422 147.582 2.43006 20.1832 17.6139 
52.2669 116.302 0.00129519 16.3991 58.0053 857.536 0 239.55 1058.91 324.078 69.5567 149.079 52.3686 41.644 18.7955 79.4152 46.9888 100.928 111.847 93.9621 16.263 1.62978 60.2622 27.4059 60.6283 98.6354 32.7914 64.1382 
217.005 17.8285 139.499 146.062 169.726 205.964 175.063 0 429.78 121.777 7.08017 103.025 111.142 51.4412 65.5584 126.611 99.3478 181.491 4.54633 116.706 196.115 36.161 66.7685 124.253 181.527 1.81624 20.6847 6.88424 
359.894 501.369 107.735 358.094 3.1295 148.592 227.894 109.347 0 9.49985 1157.19 104.118 194.42 147.311 23.8637 74.4858 238.955 51.0018 13.664 58.8584 131.357 17.3086 25.0378 0.974339 136.694 141.057 52.5496 77.097 
48.5711 63.5342 63.6296 59.5147 93.3275 59.3066 190.821 222.892 64.5675 0 13.9166 83.28 315.26 64.0887 37.0456 28.943 82.1884 145.69 74.4285 3.45135 96.0345 28.6191 8.34623 7.96495 66.7834 3.99135 0.130238 54.0947 
190.379 237.656 230.021 84.0366 4.77554 256.146 10.9343 352.411 62.7458 602.277 0 368.848 80.6559 160.208 20.0953 165.796 28.0045 170.781 124.181 13.6102 16.8751 4.1396 104.308 2.98277 22.4291 93.6395 62.1602 67.4806 
226.595 0.483189 106.87 19.9406 14.5965 153.899 281.294 411.104 297.07 66.8019 40.7507 0 3.35489 155.788 35.1639 0.0239494 84.5044 145.629 87.1438 44.5698 13.9593 0.265975 124.638 141.004 258.686 321.283 0.723768 112.058 
73.9239 3.669 67.8938 71.2117 12.0825 170.897 52.1868 41.947 205.39 42.4285 232.977 108.772 0 128.256 21.7839 59.5557 2.93147 12.0352 10.372 15.4377 58.5336 56.3425 23.5255 58.9044 10.9 54.7759 0.360876 40.5179 
0.10277 1.87009 4.14574 22.2774 20.1669 18.1452 47.2928 110.524 142.359 9.37704 18.9661 33.6893 0.36227 0 16.1008 3.74414 8.27072 21.6796 27.4104 3.53407 1.50787 2.53781 4.12397 6.60438 15.6931 0.927735 8.27666 5.77807 
68.9683 85.672 14.823 15.9347 38.4776 29.1542 3.77874 172.517 217.976 78.2728 0.0356972 73.0829 1.73882 46.063 0 22.6047 17.8169 43.0918 11.5149 2.91551 58.1495 0.789412 20.7344 24.2952 30.9726 10.449 0.871466 0.584663 
41.1298 21.6933 18.2544 25.1991 58.9595 17.0808 46.304 57.1302 91.5368 91.708 163.283 9.17331 84.2265 4.34741 60.9969 0 25.9576 45.0371 24.528 0.292767 0.174562 2.9147 9.66363 29.3122 1.5381 28.8044 7.03059 0.861303 
154.76 282.734 2.76569 160.617 8.03536 191.934 28.511 99.7645 153.877 81.515 2.57735 0.282134 41.6691 5.29122 17.0243 20.9167 0 19.1204 460.452 32.2914 9.51079 16.6108 0.415127 4.64537 154.815 2.77005 3.658 22.3584 
58.4957 467.761 103.378 106.148 15.178 58.3051 75.1727 170.041 148.717 146.507 36.597 148.202 37.7079 52.8616 35.83 55.9553 59.3192 0 1.90896 67.6754 123.169 20.2646 14.8727 47.2088 42.7484 40.9544 34.9535 13.5819 
115.272 123.372 11.1932 8.30937 295.071 8.01498 151.278 73.0507 119.772 12.6226 99.4265 68.0427 33.982 4.8288 10.2979 0.76285 198.676 0.402203 0 36.521 30.8804 0.00536877 16.6725 12.4233 0.0292992 14.4751 2.3222 26.5772 
156.382 68.2037 0.70017 27.6647 0.174542 11.7463 9.02389 9.44342 29.7835 14.4607 85.5074 6.66014 40.0891 0.0786198 7.51607 1.8259 2.02272 74.0637 26.3724 0 9.62651 4.85937 0.0942043 0.316559 13.8288 10.6037 0.116953 7.86574 
228.676 170.064 120.84 220.316 124.501 67.6179 5.48232 125.783 130.054 96.6024 85.8777 152.201 1.02462 38.6327 52.9959 8.96624 33.1311 123.183 1.97222 300.557 0 26.795 6.59752 43.1061 60.3142 33.3784 22.7924 14.1547 
1.07362 32.7448 0.796693 1.93845 56.6301 19.0729 1.10193 66.1357 19.4436 35.1268 41.5813 4.50392 3.04348 10.909 16.5156 7.32508 17.4096 7.20211 0.064203 0.331428 30.2544 0 14.4963 13.9729 8.01264 3.21738 12.8403 6.20261 
25.4173 24.5183 0.0179358 15.7702 30.5034 14.3997 8.46929 100.502 50.8513 1.81714 0.627674 113.837 32.1139 5.10709 23.0122 11.3592 3.19521 0.834483 0.439179 0.0328451 8.52624 14.4486 0 3.27424 8.9393 5.1779 13.4998 10.0937 
30.2557 4.20771 10.1481 26.4304 42.7288 1.23305 16.9728 79.6851 43.1157 21.9573 117.461 185.386 68.5657 9.7257 9.50416 0.406586 20.3999 0.0403003 6.72763 2.2808 25.1217 1.5312 19.5741 0 31.9078 16.2031 0.492437 9.38771 
210.559 211.822 20.9844 138.377 65.3421 164.526 16.3087 12.5114 263.911 68.4591 145.523 902.124 50.5233 16.3958 30.2008 33.853 145.219 46.7669 28.5251 0.210286 49.3116 40.129 33.4454 13.848 0 117.593 73.265 57.0047 
16.1962 0.976351 6.32332 13.3338 37.2736 3.40973 63.9195 176.493 121.414 30.1565 84.0525 135.511 11.653 9.21914 18.2592 31.4382 0.193936 39.8423 10.7139 4.70952 62.7323 0.147225 0.818604 14.4029 32.8552 0 38.0124 13.9138 
3.10633 7.96397 18.7177 27.6013 26.368 15.2566 52.3724 0.824537 30.6343 43.7181 86.2206 109.436 3.3397 11.0085 5.23075 8.4069 15.8943 14.7937 2.08794 6.652 0.908029 12.8385 1.35599 1.85348 23.9304 30.2604 0 31.2415 
9.30106 43.82 17.0297 32.5334 2.80213 4.86024 72.9226 52.0078 73.6559 55.6542 0.687693 5.80189 1.45809 1.85544 9.94448 3.61441 23.0926 17.8058 1.74552 11.2153 49.8297 8.28597 6.42412 2.5289 38.8081 62.8914 89.2328 0 
