0 294.387 110.248 554.581 10.6212 295.81 158.985 127.467 308.444 148.856 45.11 150.334 26.85 2.64617 10.3494 0.40053 317.888 236.685 56.6801 84.4109 103.425 12.2481 0.0109092 14.3783 212.149 46.3792 26.7968 50.3878 
347.603 0 317.555 520.346 137.156 218.831 119.532 171.617 397.174 94.3394 231.504 3.83302 17.3831 69.0915 10.2414 54.4059 212.549 145.381 158.778 30.2489 179.138 15.6655 28.7293 40.6545 228.931 8.61958 2.98188 0.00787093 
208.592 158.606 0 1.59385 160.217 55.8271 248.091 80.1159 354.056 36.1468 1.56301 13.0969 23.8486 1.19834 0.108594 1.87561 47.8132 17.4998 58.8461 13.4436 115.066 9.75883 3.89345 8.48592 25.7407 26.858 18.7526 9.98108 
537.384 318.743 52.0252 0 74.9397 269.907 119.918 1137.81 287.841 26.0509 14.1901 159.381 41.0852 2.94077 18.8928 2.32826 259.58 0.152746 62.4805 26.5776 178.255 16.8104 0.447385 26.6386 216.274 8.99223 3.7648 2.83682 
62.8169 484.197 100.046 97.9634 0 375.487 430.969 175.823 333.18 143.44 73.0623 155.913 0.369768 19.4872 87.2199 22.8596 88.5879 167.466 294.558 7.23965 100.247 37.8588 6.49127 7.26873 59.9889 70.7476 43.1554 14.9763 
242.619 354.683 60.8549 274.627 793.885 0 1043.7 0.000749514 353.7 558.786 150.54 100.474 161.837 20.1467 8.81241 0.410625 266.172 97.6535 64.4754 4.77372 76.4826 4.71506 1.81021 13.0677 222.742 2.2842 20.1918 17.7474 
55.9064 102.876 0.189932 18.5381 65.9154 879.087 0 248.353 983.926 306.989 60.9572 153.385 49.6083 40.5567 17.3774 78.3943 46.0498 97.6846 113.611 94.1368 17.1023 1.76886 60.7203 26.8363 59.8127 98.8214 32.4276 64.5047 
221.829 15.6944 145.926 171.693 167.451 204.404 183.957 0 449.727 124.763 5.36234 135.574 109.997 49.9606 68.4085 120.501 99.438 181.537 4.19613 116.891 194.964 36.5628 67.7091 123.145 183.01 2.7538 20.0127 7.58308 
438.092 582.107 123.91 441.415 4.51172 230.375 163.247 94.1409 0 12.4616 1313.04 97.3544 193.251 146.954 39.9622 72.3835 313.819 48.8533 14.6033 59.8755 129.557 17.6848 25.8969 0.800513 212.089 140.662 53.0468 77.7958 
50.2253 67.0738 61.9664 58.2198 100.155 68.5774 208.007 222.392 58.0421 0 21.2117 86.7365 318.835 63.1534 34.9288 27.8264 82.3864 145.444 75.8225 3.23763 95.7711 28.1018 8.74255 8.33576 67.1066 3.64632 0.161587 53.8938 
189.724 240.022 227.871 80.8633 3.85139 253.052 7.50653 355.479 53.6301 604.295 0 380.406 77.0874 163.888 26.7825 169.985 28.5717 170.904 123.734 14.1045 16.093 4.3891 105.702 3.46394 21.1483 96.0336 61.6065 66.4752 
226.007 0.267765 103.915 22.8245 15.5509 153.157 280.288 461.452 303.882 63.5949 47.9657 0 3.80478 154.456 30.9403 0.712985 84.7011 145.132 87.6066 43.7298 13.0965 0.330809 125.043 138.174 257.558 332.06 0.549232 109.512 
73.1113 3.21704 68.2514 71.3954 11.0174 174.619 54.9948 43.1355 205.228 36.7994 230.796 110.182 0 125.305 23.2717 60.4788 3.09677 11.5537 10.8243 15.6923 58.1514 55.2382 22.4064 59.4389 11.2198 54.8442 0.324996 40.6733 
0.138753 1.68442 4.00058 22.1946 19.6454 17.9676 48.3927 111.511 141.923 10.0733 21.4876 35.8234 0.814331 0 13.6083 3.37995 8.37594 21.3498 27.428 3.51021 1.41362 2.63722 3.79856 6.78753 15.769 0.856277 8.33832 5.86987 
68.7341 86.2902 15.2587 15.512 39.4103 28.6268 3.1244 170.977 218.92 80.6167 0.813177 78.8898 2.22378 43.4456 0 26.6137 17.979 42.6072 11.2681 2.98067 58.1305 0.854124 20.3433 24.6373 31.0557 10.0381 0.815132 0.519642 
40.3276 21.0016 18.5097 24.6073 58.445 17.3637 45.1171 62.2744 93.5912 91.6303 167.524 4.14446 84.2712 4.74585 65.1028 0 25.9334 44.66 24.6779 0.269049 0.126776 2.99744 9.83392 29.2987 1.34017 29.2192 7.18015 0.96134 
230.876 357.424 2.53916 236.488 8.8855 267.134 29.3479 99.7228 228.647 81.7437 2.78239 0.226043 42.0439 5.19884 16.8605 21.0263 0 22.4847 339.699 32.1876 9.23747 16.6824 0.439418 4.56831 230.081 2.68667 3.59633 22.4161 
61.5748 468.147 105.967 104.384 13.5931 56.8156 72.1267 169.172 146.311 146.412 37.8828 147.815 38.4429 52.7814 36.3291 56.1996 54.1491 0 2.32764 66.9606 123.034 20.4585 15.0979 47.1243 42.4208 41.3373 34.786 13.82 
115.522 121.247 10.6952 8.7058 292.894 7.28679 152.024 72.1564 121.132 13.501 98.4676 67.3998 33.3112 4.95729 10.5382 0.822724 202.552 0.239426 0 36.5383 31.3245 0.00235983 16.7797 12.5444 0.0200482 14.6498 2.38055 26.6025 
150.711 70.4266 0.814368 26.9324 0.270292 11.5198 8.45095 8.77882 28.8692 14.8577 85.357 6.23953 39.9511 0.0719162 7.44361 1.77093 2.13308 73.4452 26.6098 0 5.6034 4.88184 0.0880743 0.332783 13.8295 10.5481 0.106669 7.92456 
226.681 169.153 121.605 213.254 123.98 67.1951 5.99522 123.409 128.241 96.8339 87.1096 153.124 1.12738 38.8171 53.2175 9.31187 32.734 123.301 1.82908 292.126 0 26.6941 6.4409 42.9277 60.2563 32.9112 22.5775 13.8909 
1.01136 33.0237 0.829965 1.88409 56.6852 18.9941 1.21732 66.0246 19.834 35.6389 41.0302 4.26177 2.64706 10.9091 16.4423 7.41836 17.3425 7.34853 0.0773072 0.319831 30.324 0 14.5961 14.0037 7.95291 3.27373 12.8403 6.2511 
25.7085 24.8979 0.011288 15.6545 30.8762 14.3111 8.07678 100.745 51.8447 1.62796 0.881038 114.76 30.8879 4.77627 23.2904 11.4741 3.13411 0.900137 0.407053 0.0292406 8.35327 14.5515 0 3.90016 8.61285 5.27119 13.5004 10.0832 
29.8303 4.43023 10.024 26.3838 42.4167 1.30465 17.4742 77.9207 42.1974 21.4363 118.333 184.666 68.7843 9.81685 9.98753 0.235882 20.368 0.0571552 6.83678 2.2455 24.8291 1.63094 19.1429 0 32.7825 16.2671 0.437588 9.27671 
286.085 286.951 20.7454 213.59 65.5065 239.845 16.9693 14.1089 339.068 68.7218 145.275 181.038 50.759 16.4321 30.3412 29.0354 220.735 46.4672 28.4367 0.189122 49.6301 49.3153 33.4415 16.1363 0 117.886 45.4699 35.3799 
16.8002 1.1421 6.07298 12.8135 37.8044 3.58337 62.9084 180.578 122.663 30.9326 86.4696 122.467 11.9919 9.34731 17.8288 31.6893 0.171292 40.2299 10.5474 4.79178 62.6633 0.161821 0.769072 14.5346 33.1855 0 37.9979 12.5651 
2.97041 8.17451 18.6735 27.6011 26.1281 15.3542 52.1213 0.982169 30.1238 43.5591 86.2147 108.72 3.23289 11.0308 5.35431 8.56043 15.9703 14.6052 2.03297 6.70213 0.969943 12.8366 1.29556 1.7494 24.8385 30.6852 0 33.9256 
9.60548 44.22 16.8848 32.6035 2.66001 4.99062 73.0209 50.4998 74.39 55.5054 0.535098 6.77824 1.36684 1.92238 9.73296 3.80294 23.0448 18.0623 1.80802 11.2351 49.7335 8.24539 6.48932 2.44137 38.9291 62.4865 90.2608 0 
