0 386.516 102.78 663.198 13.4571 411.622 165.631 119.641 415.937 147.649 42.4514 146.143 27.9763 2.899 9.72775 0.587549 430.82 236.697 54.9475 84.946 109.364 12.5196 0.0283389 14.934 325.217 45.275 27.2277 50.8624 
434.678 0 348.627 629.517 115.623 334.935 99.4118 178.4 497.072 100.204 227.501 2.86678 18.8579 69.3928 9.35278 55.547 326.009 704.188 160.615 27.5633 179.174 16.0665 29.3039 40.0301 342.822 7.95511 3.1873 0.0284291 
209.952 127.369 0 5.89947 163.965 57.2347 246.19 71.516 377.681 33.8364 2.95908 15.4592 24.8208 1.33244 0.195382 1.65178 47.2492 15.0746 58.4245 13.9686 116.612 9.67335 4.03034 8.67941 25.97 26.7112 18.6874 9.72681 
641.106 419.187 108.373 0 71.2435 384.081 114.257 616.428 390.507 27.7448 16.7563 166.994 41.9864 3.1495 18.2464 1.93835 372.138 0.0215313 62.3653 25.4733 780.15 16.7981 0.3837 26.6224 329.819 8.31449 3.95689 2.60277 
57.0993 468.772 105.424 101.592 0 376.192 433.854 172.537 328.022 132.331 78.0003 154.13 0.723917 20.2688 86.4185 23.7255 91.3481 162.919 291.054 8.05275 98.8223 38.3558 6.85383 7.63698 60.4241 70.7176 42.917 14.5391 
358.133 459.71 59.7001 386.903 142.99 0 555.443 0.168743 492.529 709.544 141.448 97.4945 473.608 19.9502 9.52007 0.310593 378.921 99.463 62.6802 4.50652 76.6515 4.52477 1.93683 13.2539 335.507 2.07315 20.2022 17.9454 
61.5312 83.9401 1.0712 21.965 78.5438 890.914 0 261.396 859.95 280.914 48.9831 159.823 45.5678 38.9337 15.3413 76.8374 44.6469 92.8499 116.215 94.3604 18.3952 1.98785 61.3943 25.9865 58.5805 99.0594 31.8814 65.043 
228.912 12.7349 155.529 207.005 163.98 201.843 197.367 0 478.725 129.226 3.22738 191.246 108.259 47.754 72.7294 111.381 99.5561 181.542 3.69618 117.119 193.146 37.1645 69.1078 121.417 185.061 4.5188 19.0205 8.69014 
555.257 702.647 149.475 566.094 7.04959 355.501 84.3639 73.1518 0 17.6257 1608.2 87.5041 191.397 146.336 66.0546 69.2367 426.117 45.6929 16.064 61.3967 126.827 18.2541 27.2032 0.571571 325.259 139.989 53.7882 78.829 
52.7342 72.4919 59.4639 56.2724 110.645 87.443 234.172 221.495 48.801 0 34.89 91.9805 323.406 61.7245 31.8305 26.1752 82.6648 145.022 77.8987 2.92898 95.3582 27.3273 9.35126 8.9051 67.5716 3.15668 0.214914 53.5822 
188.661 243.41 224.318 76.1442 2.64905 247.985 3.55757 359.671 45.3127 604.37 0 397.174 71.821 169.233 38.4597 176.088 29.4283 171.035 123.03 14.8596 14.9512 4.77627 107.744 4.25087 19.2867 99.6047 60.7688 64.9598 
224.987 0.0629502 99.4652 27.4768 17.0331 151.951 278.543 537.797 313.81 58.8823 59.7678 0 4.53115 152.327 25.054 5.47111 84.9851 144.352 88.2877 42.4725 11.85 0.441262 125.583 133.831 250.254 347 0.332368 105.656 
71.8836 2.59383 68.7671 71.6528 9.5062 179.423 59.2977 44.9365 204.869 29.0215 227.344 112.276 0 120.675 25.5731 61.8429 3.35273 10.8476 11.5183 16.0759 57.5738 53.5701 20.7626 60.2208 11.7059 54.9353 0.274668 40.9018 
0.202811 1.42374 3.78623 22.0643 18.8712 17.6954 50.0425 112.939 141.172 11.158 25.5292 39.1118 1.82841 0 10.1657 2.86184 8.53423 20.8569 27.4507 3.47414 1.27777 2.7887 3.32002 7.05822 15.8769 0.754112 8.43003 6.00756 
68.3658 87.1887 15.9142 14.8818 40.8152 27.8252 2.25747 168.517 220.051 84.0989 3.87601 87.8393 3.0607 39.3202 0 32.9588 18.2217 41.8768 10.9006 3.07932 58.0921 0.955697 19.7341 25.1243 31.164 9.42997 0.734017 0.429159 
39.1242 19.9782 18.8865 23.7154 57.6626 17.7847 43.3444 70.2698 96.6473 91.4543 173.714 0.291588 84.2921 5.36501 70.8689 0 25.8944 44.0895 24.9 0.235299 0.0693615 3.12299 10.0819 29.191 1.0742 29.8044 7.40568 1.12126 
345.094 469.409 2.21686 350.319 10.2356 379.94 30.6171 99.6432 340.844 82.0682 3.10406 0.153539 42.6037 5.06133 16.6143 21.1889 0 27.993 73.4347 32.0269 8.8339 16.789 0.477134 4.45359 343.002 2.56372 3.50464 22.5011 
66.2867 464.031 109.799 101.697 11.3697 54.5869 67.6239 167.813 142.665 146.215 39.8414 147.199 39.5511 52.6534 37.0769 56.5569 46.7387 0 3.03202 65.8722 122.804 20.7496 15.4372 46.9924 41.9257 41.9081 34.533 14.1795 
115.855 118.013 9.96506 9.31478 289.033 6.25427 153.059 70.8089 123.136 14.8664 97.0105 66.4292 32.3094 5.15243 10.9019 0.916631 207.548 0.0739155 0 36.5571 31.9918 0.000132703 16.9394 12.7258 0.00944994 14.9121 2.46928 26.6383 
141.993 73.7619 1.00122 25.8295 0.452896 11.1805 7.6235 7.82405 27.5147 15.4597 85.1122 5.6327 39.7389 0.0624109 7.33443 1.68969 2.30371 72.4966 26.9627 0 1.57975 4.91532 0.079259 0.357843 13.8284 10.4632 0.0921258 8.01231 
223.48 167.71 122.665 201.973 123.169 66.5465 6.80532 119.829 125.495 97.1627 88.95 154.464 1.29052 39.0895 53.5418 9.8405 32.1384 123.45 1.62418 277.928 0 26.5415 6.20891 42.6549 60.1593 32.2098 22.2552 13.4982 
0.92141 33.4406 0.88106 1.8038 56.7599 18.8723 1.40098 65.8493 20.4238 36.404 40.2032 3.91049 2.10289 10.9046 16.3279 7.55757 17.241 7.57035 0.0992395 0.302805 30.4266 0 14.7331 14.0432 7.86232 3.35877 12.8391 6.32367 
26.1446 25.4686 0.00418855 15.4783 31.4344 14.1752 7.50312 101.073 53.3339 1.3632 1.34066 116.088 29.0711 4.28107 23.6761 11.6357 3.04333 1.00318 0.361125 0.0242264 8.09621 14.6932 0 4.91528 8.12807 5.41105 13.4985 10.0657 
29.1916 4.77385 9.8367 26.3053 41.9441 1.41552 18.2359 75.2646 40.8249 20.6604 119.583 183.382 69.0846 9.94188 10.7224 0.066082 20.3187 0.0879474 7.00146 2.19278 24.39 1.78564 18.3938 0 34.0562 16.355 0.361268 9.10918 
399.377 399.652 20.3824 326.45 65.7419 352.841 17.9792 16.668 451.772 69.095 144.822 333.117 51.1036 16.4803 30.536 22.0822 334.031 46.0128 28.3014 0.159459 50.1013 61.458 33.4049 19.6973 0 110.483 31.7318 16.3704 
17.7212 1.41462 5.70434 12.0449 38.5992 3.85067 61.3807 186.504 124.478 32.102 90.0904 103.631 12.5067 9.53697 17.1797 32.0217 0.139938 40.8083 10.2987 4.91562 62.5469 0.184984 0.697462 14.7259 33.6653 0 37.9483 10.6417 
2.77199 8.49455 18.6047 27.5962 25.7679 15.4995 51.7387 1.24425 29.3611 43.3153 86.1893 107.609 3.07559 11.0627 5.54133 8.79127 16.0838 14.3236 1.95176 6.77714 1.06655 12.8325 1.20722 1.59841 26.1975 31.3052 0 38.0342 
10.0695 44.8161 16.6648 32.6999 2.45346 5.1885 73.153 48.2556 75.4778 55.2712 0.341926 8.37882 1.23533 2.02456 9.41691 4.09295 22.9717 18.4487 1.90367 11.2636 49.5831 8.18401 6.58661 2.31239 39.0864 61.7229 91.5011 0 
