0 77.0763 55.8555 344.441 39.4515 179.579 206.422 71.5695 132.997 137.818 26.5989 117.797 35.7013 4.81935 6.0728 2.68019 180.075 230.934 43.735 88.4695 148.391 14.3374 0.344122 18.7322 76.8857 37.9685 30.0355 53.7495 
81.1048 0 471.315 329.699 15.7617 117.906 10.338 220.484 167.726 139.249 197.394 0.00263735 29.7239 70.8368 4.45752 62.7266 82.0057 750.887 169.496 12.5841 176.858 18.7581 33.0516 35.8488 99.5877 4.21217 4.68994 0.478371 
205.869 2.56301 0 160.313 182.385 64.2297 217.316 24.9171 470.677 19.9968 22.4912 35.0471 31.3915 2.36561 1.37682 0.524072 43.1804 3.46371 54.9954 17.3709 124.251 9.09232 4.95505 9.92952 27.2232 25.4155 18.1862 8.08431 
298.402 103.123 270.943 0 47.8984 140.985 76.9925 416.044 90.6132 39.5909 38.0442 212.305 47.7846 4.65906 14.0802 0.253951 119.606 2.1037 61.0269 18.2689 203.499 16.669 0.0862394 26.2594 84.4633 4.42616 5.3107 1.30399 
25.2484 330.056 138.981 124.048 0 324.603 420.223 149.287 283.134 65.6291 112.23 141.203 5.91155 25.5963 80.3396 29.5891 108.81 131.51 251.684 14.3098 89.0203 41.5222 9.43311 10.2335 62.9888 70.0777 41.2589 11.7848 
126.53 158.006 50.0925 131.399 221.707 0 990.562 8.44135 419.185 656.346 83.1772 77.5028 544.448 18.4486 14.5734 5.53967e-05 127.458 110.012 50.2584 2.91213 77.1804 3.35148 2.85463 14.4136 84.673 0.930338 20.1994 19.1704 
102.321 5.43868 23.8757 50.1194 178.326 454.331 0 338.494 87.7743 115.836 2.22873 200.537 22.5981 28.6526 4.94118 65.9811 35.663 62.6 131.853 94.6786 27.8158 3.72427 65.3857 20.5875 50.3026 99.3865 28.2959 68.2029 
269.573 0.909918 214.341 280.216 139.791 179.052 283.484 0 624.862 157.47 2.63019 663.905 96.3237 33.9068 101.728 55.9059 99.8224 179.694 1.19097 117.153 178.651 41.073 77.8466 108.306 193.107 26.1459 13.025 17.6139 
328.092 483.344 329.882 379.31 36.7684 243.466 224.255 0.430922 0 70.8614 981.064 33.8705 176.398 139.964 38.991 49.1482 171.588 27.0875 27.0845 71.1452 108.243 22.1207 36.2173 0.0241978 78.6586 133.257 58.5005 85.1132 
69.7805 110.313 43.1725 43.5333 183.442 324.167 398.248 211.339 7.10522 0 191.487 127.401 328.632 51.7245 14.3833 16.2246 83.9215 140.688 90.9162 1.27614 92.1323 22.324 13.7307 13.0013 70.0091 0.804129 0.750552 51.2415 
179.335 260.414 192.262 47.1295 0.334875 203.792 13.8486 374.31 294.928 521.141 0 484.211 40.6109 197.783 153.099 209.213 35.2026 170.316 117.439 20.1739 8.42404 7.68372 119.539 11.2725 9.00258 121.938 55.0952 54.8896 
214.354 2.23435 70.4554 66.3825 28.1794 141.461 260.353 953.211 368.115 31.5077 161.094 0 10.7822 134.8 1.51367 133.926 86.5187 138.269 92.3469 34.3694 5.15167 1.55327 127.091 103.235 273.99 399.363 0.254021 79.8749 
63.6275 0.162449 71.5025 72.7939 2.29343 163.365 89.5804 57.1947 199.129 0.60772 199.942 125.271 0 86.0511 42.3306 70.0654 5.26419 6.7232 16.4971 18.6311 53.6619 42.4497 11.2219 64.7057 15.0692 55.1897 0.0492721 42.2582 
0.919662 0.2533 2.49379 21.031 14.0627 15.7567 60.7247 120.644 133.507 19.3412 58.608 62.7597 17.8976 0 0.134077 0.466593 9.58395 17.6856 27.4853 3.23064 0.554162 3.84259 0.78837 8.6567 16.4041 0.240111 9.00636 6.90665 
65.4604 92.1514 20.2083 10.9104 50.1163 22.3474 0.0616453 148.347 218.866 105.261 75.5509 150.473 11.6338 12.1125 0 74.3359 19.7881 37.0195 8.59154 3.74988 57.5467 1.75073 15.2264 27.4577 31.3734 5.75956 0.30516 0.0490442 
31.3111 13.7468 21.1394 17.8444 52.2458 20.42 32.0693 128.094 115.581 88.5642 207.62 81.3505 83.0616 9.8291 89.6633 0 25.5607 40.2229 26.2717 0.0693824 0.118701 3.9834 11.4491 26.0146 0.277236 32.4151 8.90795 2.44768 
104.273 211.297 0.634798 106.439 21.1786 128.833 39.3039 98.616 86.7789 83.6346 5.62724 0.0245511 46.1804 4.19347 14.993 22.2036 0 75.8892 30.271 30.823 6.38427 17.4642 0.761467 3.72899 93.1045 1.82311 2.92802 23.0163 
99.3202 328.027 132.791 83.1251 1.62983 40.3482 40.6217 157.359 117.97 143.326 53.4546 142.141 46.9499 51.5897 41.9332 58.6247 10.5521 0 9.84721 58.3215 120.475 22.6569 17.7022 45.9749 38.5893 45.5346 32.8221 16.6023 
116.776 95.7579 5.72957 13.7031 247.651 1.37898 157.251 61.8364 135.064 25.1331 86.951 59.9193 25.9188 6.5002 13.3704 1.65223 219.635 1.32831 0 36.4653 36.3943 0.0534723 17.9527 13.9093 0.0375594 16.631 3.08588 26.8084 
82.6428 95.1385 2.66952 18.6161 2.7909 8.9874 3.2002 2.87273 19.2152 19.5722 82.9483 2.39496 38.1989 0.0166817 6.60747 1.19637 3.56917 65.7201 29.1664 0 35.3638 5.12808 0.0328432 0.542886 13.7577 9.86045 0.0230758 8.57127 
196.849 156.107 126.882 172.322 116.992 61.8913 13.2911 96.0818 106.838 98.763 100.742 161.811 2.62585 40.7422 55.4127 13.585 28.2589 123.587 0.578924 155.328 0 25.507 4.77685 40.7154 59.2181 27.6193 20.1445 11.0188 
0.433866 36.1145 1.25024 1.31649 57.0087 17.9719 2.9124 64.4467 24.4065 41.3041 34.7893 1.9684 0.0788977 10.7366 15.4535 8.44388 16.5519 9.08635 0.310184 0.202262 31.0502 0 15.2357 14.1062 7.24455 3.92983 12.7942 6.79356 
28.9745 29.2294 0.0430547 14.2548 35.0521 13.2016 4.22338 102.17 62.9933 0.204734 6.66196 123.022 18.0429 1.40789 25.1901 12.3529 2.4758 1.81225 0.127544 0.00300551 6.48868 15.228 0 12.7652 5.15376 6.31959 13.4009 9.9019 
25.0165 7.30908 8.58374 25.5426 38.7284 2.24155 23.4703 57.8153 32.053 15.7709 125.962 169.184 70.2214 10.391 15.6814 1.52321 19.9528 0.452502 8.10769 1.85533 21.5144 2.93864 11.3129 0 40.8667 16.6887 0.0409766 7.98846 
151.351 147.836 17.8898 76.7351 66.9451 103.238 25.1051 37.8733 198.868 70.9055 139.472 832.861 53.0909 16.6039 31.3277 15.1999 86.638 42.9093 27.3347 0.0273648 52.9776 34.1715 32.2656 40.151 0 27.7434 74.2081 124.088 
24.1555 3.89798 3.51776 7.43207 43.7509 5.79153 51.1495 217.965 134.427 39.8635 113.189 14.4054 16.0578 10.6923 12.9022 32.8274 0.0127223 44.4948 8.70884 5.73713 61.4063 0.374125 0.310859 15.7802 36.288 0 36.8038 1.70681 
1.63395 10.7123 18.0802 27.4266 23.4041 16.4115 49.0626 3.70897 24.4762 41.5668 85.5356 99.3246 2.13512 11.2256 6.81202 10.3076 16.8122 12.5167 1.45739 7.26212 1.80941 12.7689 0.699968 0.767504 34.7516 34.785 0 65.1134 
13.3181 48.5914 15.1549 33.0637 1.29986 6.54873 73.5578 34.234 82.1721 53.416 0.143558 22.6622 0.535133 2.74376 7.39863 6.18256 22.4497 21.0214 2.58617 11.4127 48.4211 7.7681 7.20779 1.54068 39.3417 52.4994 90.2903 0 
