0 15.1944 43.2155 239.681 49.6527 111.504 217.471 58.5529 51.0529 134.203 22.3786 109.022 38.1586 5.49243 5.11247 3.61012 106.484 227.207 40.4057 107.134 159.94 14.9033 0.509587 19.9373 4.5505 35.7402 30.8831 54.5477 
4.20605 0 470.728 234.345 3.2138 58.419 1.12985 232.117 73.9339 150.973 187.101 0.341757 33.4104 71.09 3.30436 64.7895 11.574 434.995 171.052 9.056 175.284 19.5979 34.1824 34.5507 28.6925 3.29289 5.20057 0.723751 
200.236 2.33277 0 218.941 185.634 65.4946 203.553 15.0094 472.433 16.3356 31.7255 42.2547 33.4425 2.72996 1.94132 0.302979 41.8244 1.51799 53.7338 18.3748 125.662 8.90859 5.24446 10.3014 27.5151 24.9111 18.0084 7.59522 
190.214 17.3889 293.298 0 41.2827 69.5045 66.0612 1304.46 9.53187 43.3953 45.8774 223.855 49.5008 5.16397 12.8524 0.0530154 45.7041 3.73993 60.4215 16.1464 172.132 16.6131 0.0375866 26.0613 12.9707 3.45505 5.75409 0.992677 
17.8177 280.057 148.176 130.246 0 265.946 405.221 141.724 266.222 48.6564 123.066 136.875 8.45477 27.2782 78.2222 31.4275 113.824 121.606 234.855 16.5132 85.8946 42.4522 10.2856 11.0848 63.6673 69.7309 40.7216 10.9867 
59.4112 70.2094 46.5971 56.2562 459.308 0 746.924 13.3431 392.615 468.373 66.9326 71.3695 575.958 17.9231 16.2232 0.0257937 53.8183 112.72 46.3412 2.48522 77.1406 3.02153 3.16271 14.7436 11.4037 0.668653 20.1739 19.5167 
115.679 0.0301276 36.1434 60.2974 212.091 254.743 0 357.742 3.73362 74.8428 0.049586 212.095 16.9928 25.6892 2.87255 62.4988 33.0213 54.0923 136.038 94.3779 30.9866 4.35493 66.4453 19.0129 47.735 99.0594 27.2053 69.0331 
279.535 0.0221467 229.668 312.666 132.042 170.287 307.602 0 648.837 165.549 7.07287 801.635 92.5318 29.9698 110.527 41.6135 99.7276 178.487 0.699155 116.658 173.413 42.2476 80.3332 103.772 193.619 35.8684 11.3871 20.8667 
260.076 412.477 378.655 319.216 49.9459 224.715 460.823 3.24554 0 92.7118 695.165 22.0287 170.925 137.297 21.4159 43.3489 96.9806 22.2365 30.9002 74.0086 102.412 23.3412 39.0913 0.188149 7.21021 130.442 59.8792 86.8447 
75.1065 122.263 38.3713 39.7266 205.648 407.302 438.432 206.833 1.71534 0 254.554 138.278 321.587 48.5182 10.2556 13.5551 84.1057 138.842 94.6174 0.903642 90.9753 20.8368 15.1866 14.3641 70.5342 0.391887 0.977499 50.4295 
175.718 263.678 179.959 39.2123 1.56637 187.347 29.1675 374.173 424.141 471.148 0 500.881 32.5001 203.824 195.787 216.418 37.0099 169.553 115.414 21.909 6.78099 8.69303 122.516 14.0204 6.58589 128.203 53.312 51.8031 
209.814 4.0982 61.9313 80.5538 32.0345 137.433 252.632 1013.27 380.207 24.593 197.905 0 13.1823 128.385 0.00310977 196.597 86.8712 136.092 93.4381 31.9682 3.63898 2.02457 126.84 93.5133 327.77 397.354 0.694153 72.0491 
61.0559 0.00111264 72.1052 72.9503 1.06188 142.647 99.2854 61.0543 196.241 0.423493 190.17 128.938 0 74.7673 47.8607 72.2805 5.9252 5.64719 18.1524 19.4209 52.4302 39.0589 8.80764 65.8349 16.1495 55.1485 0.0168127 42.6213 
1.23956 0.0852157 2.14342 20.6569 12.6999 15.1202 63.8865 122.381 130.273 22.1565 70.4641 70.475 25.6932 0 2.1632 0.133161 9.90744 16.7435 27.4564 3.15419 0.392012 4.18051 0.333893 9.06355 16.5007 0.139318 9.17278 7.17773 
64.4121 93.3267 21.4905 9.77178 52.9509 20.6376 0.613187 140.994 215.561 110.891 111.751 169.633 15.2325 6.00423 0 83.0212 20.256 35.5227 7.92567 3.96167 57.2797 2.03563 13.7402 27.8451 31.2636 4.77603 0.210659 0.00785755 
28.9821 12.0309 21.7403 16.0876 50.5077 21.1696 28.8055 146.401 120.843 87.1022 215.122 136.199 82.2212 11.232 87.1962 0 25.4322 39.0062 26.6591 0.0382029 0.280631 4.25682 11.7631 24.2913 0.366463 32.7517 9.37079 2.9421 
34.1978 135.106 0.340916 35.26 25.1788 55.2936 42.0559 98.1298 12.7004 83.915 6.53616 0.104991 47.235 3.94107 14.4977 22.4942 0 93.6432 335.843 30.406 5.70785 17.6616 0.860816 3.51794 20.085 1.62044 2.76088 23.1586 
109.859 288.584 138.836 77.2556 0.397826 36.2098 33.4487 153.672 110.289 141.903 57.8337 140.259 49.2388 51.1892 43.3893 59.157 4.46683 0 12.6493 55.901 119.486 23.2371 18.4049 45.613 37.5443 46.5952 32.2836 17.3618 
116.617 88.7594 4.64538 15.1646 230.365 0.583153 157.611 59.0716 138.235 28.6676 83.7362 57.8934 24.0457 6.9331 14.1481 1.91702 218.715 2.51185 0 36.3632 37.7403 0.093164 18.2491 14.2671 0.0798208 17.1531 3.28571 26.8378 
65.4284 101.297 3.32135 16.4844 3.88849 8.33618 2.21435 1.83458 16.9118 20.8744 82.0999 1.67209 37.6797 0.00851 6.38291 1.06036 4.00377 63.4838 29.7965 0 64.1084 5.19052 0.0226568 0.606274 13.7144 9.6617 0.0111455 8.73554 
187.044 151.883 127.195 185.825 114.826 60.3437 15.655 88.8623 100.997 99.0563 104.213 163.532 3.12332 41.1984 55.8924 14.8153 27.0884 123.339 0.364249 115.451 0 25.1801 4.3722 40.0745 58.8274 26.2309 19.5033 10.2985 
0.320878 36.907 1.37429 1.18178 57.0011 17.6638 3.47708 63.9331 25.6557 42.7457 33.1504 1.50393 0.00601061 10.6382 15.1463 8.70312 16.3338 9.56897 0.397547 0.175487 31.2231 0 15.2482 14.0574 7.0502 4.10807 12.7679 6.93454 
29.8236 30.3774 0.0843151 13.8603 36.1354 12.8785 3.39779 102.136 65.8704 0.0544122 9.04997 124.487 15.0642 0.784544 25.2802 12.4462 2.31259 2.10439 0.0798313 0.000577146 6.02666 15.2506 0 15.1056 4.34035 6.59113 13.342 9.83523 
23.7549 8.17553 8.19606 25.2267 37.7114 2.52592 25.1376 52.5875 29.483 14.3621 127.249 163.02 70.2762 10.3947 17.1828 2.80731 19.8268 0.619538 8.45329 1.75561 20.6423 3.33291 8.82882 0 42.2763 16.7051 0.00645083 7.64153 
78.7049 74.0752 17.0988 3.97563 67.1926 30.2438 27.4306 45.6563 124.405 71.2325 137.049 390.782 53.5993 16.575 31.3976 29.1486 14.3948 41.9233 27.0133 0.00881551 53.7768 9.42922 31.6202 43.2788 0 58.2168 23.3737 56.3203 
26.2342 4.88896 2.93977 6.19972 45.2914 6.44219 47.9958 224.524 136.734 42.2325 119.834 2.96833 17.1945 11.0092 11.6215 32.5884 0.00108845 45.5772 8.23952 5.98961 60.9304 0.444486 0.222688 16.0275 36.8869 0 36.1804 0.471414 
1.3444 11.4278 17.8956 27.3277 22.6841 16.6749 48.1919 4.71237 23.0338 40.9839 85.1691 96.4823 1.88032 11.2591 7.21272 10.7675 17.0287 11.98 1.32001 7.40733 2.07323 12.7368 0.571081 0.571568 37.141 35.6194 0 72.4981 
14.3749 49.6913 14.6743 33.0812 1.01862 6.98305 73.5213 30.2633 84.0452 52.7433 0.452434 28.2084 0.378325 2.97864 6.80766 6.87532 22.276 21.8172 2.81296 11.4451 48.0072 7.63685 7.39048 1.33259 39.1345 48.4703 86.756 0 
