0 107.453 35.4667 294.203 56.9529 191.935 224.367 50.4358 122.77 131.649 19.7419 103.186 39.8177 5.96274 4.51481 4.30285 183.321 224.234 38.2202 125.661 167.442 15.2832 0.637691 20.7505 82.3562 34.2613 31.4448 55.0571 
86.704 0 459.576 295.476 0.109555 145.435 0.143247 239.463 138.63 158.633 180.019 0.883008 35.9532 71.2094 2.62812 66.1257 90.7912 734.427 171.777 7.0055 174.015 20.1618 34.9313 33.6817 107.425 2.74044 5.55407 0.915091 
195.419 12.9546 0 250.819 187.136 66.0927 193.351 9.72409 466.157 14.0675 38.62 47.3224 34.816 2.98449 2.36787 0.1887 40.8948 0.657707 52.8413 19.0299 126.353 8.78458 5.43873 10.546 27.6852 24.5482 17.8836 7.2732 
243.646 88.5774 345.361 0 37.0551 147.677 59.0153 1323.46 83.556 45.9626 51.3867 230.799 50.6272 5.51082 12.05 0.00226138 122.395 5.08278 59.9683 14.7676 621.523 16.5716 0.0162016 25.907 91.3173 2.86916 6.05693 0.808012 
13.5353 246.331 153.919 134.159 0 220.208 392.664 136.594 254.301 38.5261 130.324 133.903 10.389 28.4101 76.7493 32.6618 117.06 114.985 222.672 18.0508 83.7825 43.0617 10.8699 11.6665 64.0916 69.4609 40.3557 10.4665 
140.689 138.192 44.1622 132.048 294.676 0 759.401 17.1866 496.54 717.743 56.7747 67.3049 64.1947 17.5571 17.3412 0.0742853 130.667 114.379 43.723 2.21734 77.0618 2.80947 3.37479 14.9566 88.5445 0.51759 20.1505 19.74 
124.697 1.60685 45.4743 67.3834 234.73 146.636 0 369.141 9.56299 51.7023 1.86758 219.485 13.665 23.7714 1.79782 60.1483 31.2926 48.6647 138.653 94.0748 33.1691 4.80067 67.1079 17.9857 46.0196 98.7312 26.4803 69.5501 
285.436 0.15074 238.918 352.604 126.815 164.057 322.731 0 658.443 170.748 11.2036 880.193 89.9745 27.4391 116.307 33.0455 99.6189 177.519 0.443298 116.199 169.73 43.0247 81.9363 100.635 193.445 43.0401 10.3487 23.1601 
340.169 489.28 406.86 403.167 59.6566 338.871 639.742 11.7821 0 108.379 672.544 15.4724 167.069 135.353 37.7153 39.6053 173.176 19.2395 33.5475 75.8799 98.5042 24.1639 41.0306 0.383222 85.697 128.381 60.7811 87.9467 
78.6662 130.232 35.2485 37.2283 220.076 455.174 460.929 203.488 0.161557 0 298.029 145.471 314.745 46.3582 7.86121 11.8862 84.1763 137.48 96.9981 0.690432 90.1609 19.859 16.1842 15.2985 70.8257 0.198169 1.14507 49.864 
173.119 265.329 171.259 34.2452 2.88656 175.867 42.2862 372.872 495.359 433.274 0 509.022 27.5247 207.066 224.57 220.354 38.224 168.906 113.985 23.0918 5.78005 9.39614 124.322 15.9972 5.1751 132.193 52.1127 49.7509 
206.472 5.64574 56.4058 90.4174 34.7116 134.554 246.975 1029.28 386.938 20.409 223.254 0 14.9036 123.88 0.529615 240.723 87.0758 134.562 94.1255 30.392 2.77323 2.37243 126.488 87.0266 354.541 391.198 1.1071 66.9003 
59.3332 0.0454408 72.4449 73.0043 0.499873 127.707 105.806 63.6487 194.034 2.56828 183.36 131.294 0 67.2699 51.6101 73.6697 6.38544 4.97919 19.2879 19.9492 51.6003 36.8168 7.34424 66.5212 16.8821 55.0901 0.0046394 42.8498 
1.47864 0.0227687 1.92246 20.3933 11.8217 14.6865 65.9556 123.37 127.904 24.1014 78.6742 75.6867 31.5093 0 4.80623 0.022991 10.1236 16.1232 27.4269 3.10274 0.299344 4.40882 0.135086 9.30898 16.5479 0.0871392 9.28105 7.35705 
63.6734 94.0179 22.331 9.03617 54.8305 19.4979 1.29693 135.839 212.623 114.368 138.285 182.063 17.8591 3.01083 0 86.9429 20.5647 34.5238 7.4928 4.10446 57.076 2.23586 12.7394 28.0139 31.1455 4.16251 0.157259 0 
27.4513 10.9404 22.1157 14.9368 49.3305 21.6522 26.69 158.446 124.184 85.984 219.267 177.504 81.5434 12.1508 83.4105 0 25.3396 38.1873 26.9088 0.0225303 0.426496 4.44131 11.9425 22.986 0.512035 32.8506 9.67953 3.29306 
113.496 210.132 0.195111 113.781 27.9993 132.206 43.9102 97.7615 89.3488 84.05 7.17696 0.189682 47.927 3.77624 14.1678 22.6828 0 106.012 19.6576 30.1157 5.27599 17.7909 0.93029 3.37994 97.3816 1.49155 2.6518 23.2495 
116.93 272.048 142.557 73.325 0.0397587 33.5246 28.9917 151.096 105.165 140.818 60.7995 138.92 50.7689 50.903 44.351 59.4853 1.82551 0 14.6928 54.2642 118.756 23.6231 18.8757 45.3587 36.8421 47.2889 31.9208 17.8728 
116.397 84.0822 3.98092 16.1668 217.925 0.239115 157.609 57.2275 140.216 31.1136 81.5631 56.5353 22.8209 7.22684 14.6717 2.10377 217.689 3.50447 0 36.276 38.6368 0.125682 18.4431 14.5045 0.116708 17.5001 3.42185 26.8515 
54.6168 105.259 3.78982 15.0977 4.71645 7.90854 1.65558 1.26943 15.443 21.7523 81.4872 1.261 37.3214 0.00457355 6.2328 0.973704 4.3055 61.9557 30.2045 0 86.7759 5.23147 0.0169089 0.650272 13.6799 9.52565 0.00557438 8.84328 
180.153 148.907 127.147 196.226 113.315 59.282 17.3249 84.0882 97.0852 99.2007 106.487 164.539 3.47801 41.4895 56.1878 15.6558 26.3128 123.098 0.24852 90.4085 0 24.9595 4.11112 39.635 58.5405 25.311 19.077 9.82832 
0.254938 37.4285 1.45985 1.0957 56.9743 17.4502 3.87962 63.569 26.4957 43.6894 32.0639 1.22836 0.100117 10.5608 14.9318 8.87245 16.1865 9.89556 0.461706 0.158662 31.3337 0 15.2194 14.0072 6.91986 4.22771 12.747 7.02783 
30.3848 31.1412 0.119399 13.5926 36.8508 12.6569 2.89485 102.017 67.7612 0.00757201 10.829 125.286 13.1993 0.462173 25.241 12.4747 2.20642 2.31066 0.0541818 1.21492e-05 5.72655 15.2286 0 16.5268 3.82845 6.76995 13.2952 9.78653 
22.9193 8.77588 7.93699 24.9954 37.0256 2.72337 26.264 49.1559 27.8048 13.4483 127.928 158.491 70.2363 10.3621 18.1645 3.85427 19.7391 0.745193 8.68554 1.69007 20.0633 3.60522 7.21495 0 43.0132 16.6936 1.14875e-06 7.40968 
156.199 150.84 16.5659 81.4992 67.3262 107.542 29.0132 51.1227 200.609 71.3909 135.239 369.161 53.912 16.5384 31.399 40.3203 92.2117 41.2571 26.7925 0.00213247 54.2879 0.916761 31.1178 44.2571 0 84.2824 67.6882 22.8295 
27.6443 5.60788 2.57993 5.4306 46.3074 6.88943 45.8962 228.004 138.069 43.8038 124.113 0.10849 17.9641 11.21 10.7825 32.3043 0.000408476 46.2863 7.93122 6.15799 60.5806 0.4946 0.171896 16.1718 37.229 0 35.6971 0.073324 
1.16662 11.9142 17.7664 27.2497 22.2049 16.8463 47.5984 5.44444 22.0866 40.583 84.8819 94.5147 1.71901 11.2772 7.48263 11.0725 17.1713 11.6264 1.23198 7.50331 2.2586 12.7122 0.492136 0.456534 38.6541 36.1107 0 76.9601 
15.095 50.4095 14.3495 33.0685 0.849832 7.27695 73.4554 27.7138 85.2457 52.2683 0.753706 32.1761 0.288746 3.13878 6.42177 7.34876 22.1565 22.35 2.96881 11.4632 47.7162 7.54831 7.51022 1.20142 38.9195 45.5513 83.6558 0 
