0 565.553 12.4593 561.081 87.2369 557.738 246.303 24.6885 460.221 121.133 11.2074 81.6836 46.1582 7.8731 2.58847 7.3991 536.421 209.819 30.3348 211.128 193.593 16.723 1.2431 23.8574 440.008 28.8011 33.523 56.7982 
513.752 0 351.68 585.309 26.1606 540.699 32.7632 263.564 457.354 185.652 152.319 5.12964 46.0105 71.3035 0.77173 70.8223 454.686 724.14 172.25 1.60604 167.741 22.2996 37.6939 30.4092 468.302 1.11127 6.96975 1.82791 
170.667 119.314 0 278.048 187.91 66.5335 149.786 0.0564041 393.996 6.93084 68.8636 67.8213 39.9746 4.01371 4.30346 5.92899e-06 37.2502 0.596619 49.1576 21.3542 127.125 8.30983 6.17309 11.4348 28.1444 23.0117 17.3725 6.10041 
515.15 439.217 263.995 0 22.7831 505.226 35.045 773.074 442.132 55.6988 73.6675 250.659 54.7025 6.87632 9.18421 0.405432 475.385 11.8359 57.9268 9.9501 651.884 16.386 0.015017 25.1746 450.826 1.13728 7.24012 0.282384 
2.6041 126.989 172.111 147.026 0 85.6316 330.096 116.951 206.282 10.4003 157.367 122.221 19.2529 32.7105 70.8319 37.3266 128.299 90.4023 172.181 24.2556 75.7061 45.2652 13.1662 13.9422 65.4764 68.1765 38.9308 8.60577 
511.102 463.938 34.5683 481.271 386.413 0 302.588 35.3332 910.402 182.649 24.8955 52.4389 444.59 16.0855 21.6008 0.477287 484.128 119.489 34.0221 1.33868 76.3957 2.07383 4.21317 15.7029 443.416 0.121783 20.0175 20.5193 
158.555 43.3099 86.8345 95.338 316.047 119.88 0 400.151 425.636 2.14559 31.3365 244.466 4.30297 17.0638 2.97311e-05 51.2191 25.0783 30.3533 147.104 92.2182 41.788 6.64587 69.2676 14.3126 39.6056 96.728 23.7848 71.2215 
301.801 5.73296 265.304 503.486 107.008 138.503 370.619 0 647.035 188.628 34.5766 1029.74 80.2339 18.7205 136.927 9.08689 98.8875 172.746 0.000663905 113.57 154.721 45.8874 87.5157 88.2068 189.161 73.9275 6.85712 32.5534 
702.031 829.293 469.865 768.444 101.602 821.418 1211.15 87.8208 0 172.435 925.884 1.08256 151.31 127.008 149.75 26.6492 524.142 9.80741 44.1311 82.579 83.8284 27.3044 48.4146 1.72006 446.514 119.435 64.0285 91.6827 
91.9527 159.482 24.2892 28.2497 269.353 524.575 507.567 188.698 8.96413 0 454.535 171.559 275.382 38.2026 1.64182 6.50218 84.0681 131.488 105.214 0.144742 86.8137 16.3113 20.0911 18.9638 71.4964 0.0547949 1.88746 47.5821 
162.136 267.688 136.161 18.1942 11.306 130.845 109.332 359.554 667.572 274.001 0 517.129 12.2677 213.278 324.354 228.475 42.8277 165.5 108.102 27.6929 2.72006 12.2374 129.743 24.3594 1.37198 145.579 47.5578 42.1446 
191.871 13.5521 37.1988 129.161 45.4385 122.519 222.526 914.581 402.03 8.01037 319.412 0 22.1746 105.707 13.2296 396.764 87.6241 128.291 96.409 24.6912 0.565801 3.91159 123.875 63.2376 319.276 336.753 3.49369 48.4161 
52.8448 1.2905 73.268 72.8481 0.258055 88.3354 130.189 73.4688 183.847 26.1274 156.19 139.437 0 40.613 65.8382 78.1984 8.24474 2.83545 23.7518 21.9363 48.4343 28.6424 2.97868 68.5999 19.7057 54.6526 0.0264794 43.6075 
2.55535 0.142886 1.19042 19.3087 8.76102 13.0074 73.3597 125.839 117.625 31.779 110.638 95.331 56.6883 0 21.851 0.418961 10.9369 13.8604 27.2437 2.90687 0.0626724 5.27865 0.183396 10.022 16.6019 2.33068e-06 9.66695 8.01678 
60.6355 95.9323 25.34 6.47118 61.7511 15.2896 6.05731 115.112 196.728 125.119 244.894 224.211 29.1272 1.062 0 86.1467 21.6978 30.7842 5.95508 4.64955 56.1313 3.05563 9.03225 27.9963 30.3893 2.19701 0.0262169 0.11017 
21.9122 7.25844 23.3286 10.8311 44.8111 23.3247 19.2683 200.53 135.33 80.8303 228.229 341.042 78.1966 15.3199 57.3785 0 24.9447 35.0726 27.7814 0.000407332 1.24074 5.14577 12.3888 17.2973 1.65603 32.3221 10.8323 4.74828 
476.604 555.972 0.00854868 473.707 39.5444 485.891 50.9636 96.0705 442.717 84.1839 9.82047 0.727548 50.4378 3.18358 12.9357 23.3514 0 154.286 353.58 28.9436 3.7976 18.2582 1.21335 2.88286 452.755 1.05359 2.25992 23.5616 
143.281 250.063 154.017 58.6695 2.00698 24.0915 14.8444 140.668 86.1262 135.811 72.1815 133.324 56.5138 49.696 47.8769 60.5234 2.30891 0 23.5221 48.0076 115.531 25.0621 20.6539 44.3146 34.1752 49.7857 30.5339 19.8175 
114.766 66.7095 1.92503 20.098 166.869 0.294476 155.884 50.3362 146.632 40.8249 73.2501 51.4099 18.421 8.36152 16.664 2.87428 214.148 8.63324 0 35.8145 41.9817 0.290515 19.1437 15.3847 0.316808 18.7897 3.95262 26.8611 
21.0972 118.795 5.76519 10.2406 8.47864 6.36223 0.277967 0.0723144 10.4489 25.0957 78.8638 0.232585 35.8951 0.000612621 5.66868 0.67866 5.51818 56.0033 31.642 0 185.086 5.38 0.00281995 0.827177 13.5112 8.99215 0.00170193 9.23347 
152.35 136.716 125.147 200.725 107.191 55.111 24.2137 66.6535 82.4167 99.3752 114.677 167.288 4.96768 42.4854 57.1176 18.9384 23.4459 121.666 0.0108573 19.1816 0 24.1135 3.19682 37.9066 57.2809 21.9164 17.4902 8.14239 
0.07492 39.3302 1.80027 0.800264 56.7195 16.5948 5.56937 62.0534 29.6885 47.0841 28.0471 0.440862 1.46241 10.1881 14.0628 9.47961 15.6211 11.1533 0.743947 0.102971 31.7151 0 14.8509 13.6963 6.43091 4.68133 12.6457 7.37187 
32.4492 33.9841 0.304212 12.5591 39.475 11.7868 1.35799 100.891 74.6057 0.212801 18.7443 126.992 7.17262 0.012684 24.3969 12.3399 1.82798 3.16435 0.00211196 0.0054038 4.65917 14.8848 0 20.2435 2.15633 7.42082 13.0677 9.57431 
19.8384 11.1805 6.96696 23.9861 34.4056 3.51615 30.5694 36.8332 21.8019 10.2236 129.179 138.929 69.5451 9.99419 21.6153 8.87646 19.3847 1.31751 9.56766 1.45173 17.9158 4.68355 2.19351 0 44.2239 16.4919 0.0938239 6.54052 
511.948 503.957 14.5425 438.104 67.6011 462.808 35.1411 73.1504 550.999 71.5565 127.15 488.677 54.8924 16.2793 31.0833 70.2044 449.551 38.7023 25.9194 0.0176191 56.0443 41.6038 28.761 41.0106 0 78.9456 69.7341 137.873 
33.0668 8.70106 1.42448 2.95595 50.0222 8.64965 38.1149 234.31 141.579 49.5892 138.814 23.5762 20.9214 11.8811 7.79009 30.3886 0.0482556 48.847 6.81063 6.78753 59.0438 0.704959 0.0394843 16.5618 38.0846 0 33.4319 1.65332 
0.610384 13.801 17.2392 26.8719 20.4177 17.4581 45.2861 8.62456 18.65 38.9972 83.5043 86.677 1.17618 11.3144 8.51028 12.1977 17.6943 10.3323 0.927748 7.85686 3.01978 12.597 0.247058 0.13875 43.6592 37.4642 0 89.2709 
17.8948 52.9862 13.1072 32.8476 0.351725 8.4058 72.9134 18.946 89.3776 50.3058 2.55421 48.7118 0.0601595 3.76195 5.04178 9.18856 21.6831 24.3589 3.5855 11.5065 46.5211 7.20947 7.94311 0.765876 37.5652 33.5507 67.6475 0 
