0 561.646 11.6882 547.402 88.6701 548.266 247.12 23.7342 449.661 120.634 10.8796 80.7503 46.4435 7.96316 2.51469 7.55444 526.418 209.065 29.9975 214.419 194.667 16.7876 1.27456 23.9973 430.24 28.5627 33.6142 56.8692 
508.765 0 345.006 572.46 28.6483 532.668 35.4762 264.496 446.273 186.773 151.058 5.39827 46.4748 71.2946 0.714572 71.0185 445.228 621.26 172.188 1.45309 167.408 22.3954 37.8149 30.2637 458.668 1.05539 7.03589 1.87554 
169.352 125.944 0 275.44 187.766 66.4865 147.718 0.0117904 389.252 6.66735 70.3405 68.7748 40.2031 4.06197 4.40107 0.000476543 37.0831 0.710054 48.9824 21.4518 127.092 8.28842 6.20584 11.4731 28.1581 22.9374 17.3483 6.04973 
501.985 429.805 248.239 0 22.2142 495.399 34.0893 1200.93 432.958 56.1321 74.7035 251.296 54.8775 6.93911 9.06287 0.444933 465.393 12.1964 57.824 9.75154 802.095 16.3766 0.0178602 25.1365 441.133 1.07802 7.29432 0.265225 
2.31357 122.221 172.782 147.525 0 82.7469 326.842 116.07 204.065 9.54534 158.549 121.685 19.703 32.9029 70.556 37.5346 128.761 89.3302 169.825 24.5459 75.3431 45.3598 13.2718 14.0466 65.5302 68.1096 38.8656 8.52655 
501.886 452.972 34.1331 471.101 398.215 0 88.8843 36.2637 901.394 176.493 23.743 51.7974 569.264 16.0169 21.7908 0.503219 474.153 119.674 33.5999 1.30442 76.3526 2.04342 4.25185 15.7341 433.514 0.110523 20.0099 20.5517 
160.038 46.3865 88.8454 96.6083 319.403 134.69 0 401.064 454.282 1.4524 33.4326 245.463 4.00604 16.7853 0.00293489 50.8208 24.8131 29.6226 147.427 92.1097 42.1853 6.73402 69.3512 14.1564 39.3224 96.6112 23.6661 71.2857 
302.306 6.16507 266.14 505.508 106.127 137.306 372.37 0 644.807 189.356 35.8878 1030.16 79.7972 18.364 137.793 8.35288 98.8432 172.493 6.95189e-06 113.42 154.016 46.0126 87.7467 87.6349 188.84 75.417 6.71722 32.997 
692.288 818.25 470.856 758.435 103.635 816.349 1226.35 92.6456 0 175.4 838.514 0.829737 150.567 126.602 149.981 26.1186 514.054 9.45723 44.6227 82.8636 83.1791 27.4457 48.7452 1.80138 436.908 118.996 64.1676 91.8336 
92.5364 160.74 23.835 27.8681 271.308 522.641 508.12 187.965 9.88253 0 460.783 172.673 273.19 37.8413 1.47118 6.29702 84.0497 131.191 105.551 0.129882 86.6546 16.1585 20.2701 19.1321 71.5106 0.0698398 1.92457 47.4751 
161.606 267.652 134.542 17.5841 11.8038 128.822 112.865 358.662 675.311 266.761 0 516.654 11.722 213.33 328.202 228.585 43.0339 165.314 107.823 27.9029 2.60997 12.3709 129.932 24.7628 1.25873 146.109 47.3537 41.8113 
191.152 13.9775 36.4122 130.912 45.9385 121.943 221.334 903.644 402.315 7.58615 323.59 0 22.5265 104.862 14.1719 402.626 87.6404 127.994 96.4995 24.4465 0.506264 3.98845 123.712 62.2163 315.255 333.329 3.62997 47.6343 
52.5565 1.38509 73.2879 72.828 0.315813 87.6745 131.258 73.9068 183.327 27.7086 154.936 139.772 0 39.5169 66.4688 78.3733 8.33218 2.75361 23.9571 22.0247 48.2919 28.2907 2.82778 68.6737 19.8337 54.6252 0.0299235 43.6376 
2.60969 0.161186 1.1616 19.2571 8.63404 12.9312 73.6737 125.902 117.121 32.1313 112.072 96.1965 57.8981 0 22.786 0.465784 10.9731 13.7623 27.2329 2.89806 0.0562317 5.31758 0.2147 10.0455 16.5998 0.000133237 9.68334 8.04554 
60.4911 95.992 25.4673 6.36497 62.0525 15.1067 6.34701 114.152 195.856 125.506 249.588 225.865 29.6738 1.32949 0 85.5397 21.7472 30.6186 5.89 4.67409 56.0827 3.09445 8.87249 27.9716 30.3445 2.1229 0.0229461 0.120161 
21.6744 7.11049 23.375 10.6582 44.6071 23.3935 18.9595 202.233 135.77 80.5679 228.376 347.876 78.0196 15.4464 55.9323 0 24.9254 34.9329 27.8178 0.000770207 1.2866 5.17745 12.4 17.0259 1.72811 32.266 10.8832 4.81761 
467.072 545.633 0.0135093 464.025 40.0891 475.925 51.2794 95.9842 432.762 84.1762 9.9466 0.759469 50.5459 3.1582 12.8812 23.3797 0 156.445 301.076 28.8885 3.73714 18.2783 1.22673 2.86151 442.873 1.03581 2.24315 23.5744 
144.433 248.635 154.428 58.0275 2.2149 23.6989 14.316 140.179 85.293 135.555 72.6949 133.055 56.7689 49.6376 48.0304 60.5624 2.71181 0 23.9542 47.7266 115.37 25.1257 20.7334 44.2649 34.0557 49.8927 30.4713 19.9048 
114.664 65.9508 1.85015 20.2782 164.503 0.346267 155.745 50.0318 146.878 41.2731 72.8758 51.1815 18.2332 8.41305 16.7535 2.91104 214.043 8.91117 0 35.7891 42.1295 0.299409 19.1738 15.4234 0.327958 18.8465 3.97694 26.86 
19.9227 119.341 5.86035 10.0401 8.669 6.29593 0.243388 0.0532128 10.2469 25.2458 78.7356 0.205869 35.8287 0.000832712 5.64361 0.666693 5.57488 55.732 31.7024 0 189.572 5.38642 0.00246837 0.835452 13.5022 8.96766 0.00215377 9.25028 
151.059 136.139 124.993 198.951 106.903 54.9192 24.5415 65.9007 81.7686 99.3695 115.027 167.372 5.03961 42.5261 57.1524 19.0886 23.3203 121.583 0.00750928 17.1272 0 24.0753 3.15864 37.827 57.2183 21.768 17.4202 8.0704 
0.0693902 39.4126 1.8161 0.788143 56.7026 16.5549 5.65094 61.9806 29.8316 47.2291 27.8711 0.414962 1.55948 10.1686 14.0219 9.5055 15.5955 11.2104 0.758008 0.100766 31.7308 0 14.8252 13.678 6.40934 4.70164 12.6404 7.38692 
32.5394 34.1094 0.314353 12.5122 39.5892 11.7468 1.30278 100.816 74.8994 0.23584 19.1388 127.02 6.94295 0.0219241 24.3345 12.3252 1.81191 3.2052 0.00141739 0.00591811 4.61388 14.8601 0 20.3356 2.09195 7.44892 13.0557 9.56381 
19.7035 11.2927 6.92402 23.9362 34.2876 3.55322 30.763 36.3103 21.5473 10.0882 129.187 137.979 69.4947 9.96912 21.7576 9.13066 19.368 1.34661 9.60722 1.44143 17.8214 4.73328 2.02662 0 44.219 16.4771 0.102301 6.50202 
502.069 493.965 14.4521 428.29 67.605 452.917 35.4193 74.1717 540.864 71.5482 126.745 255.337 54.9288 16.2633 31.0576 70.5157 439.757 38.5869 25.879 0.0197895 56.1163 44.716 28.6404 40.6831 0 74.4254 58.1496 140.515 
33.3116 8.85253 1.38055 2.86192 50.1832 8.73061 37.7749 234.336 141.679 49.8408 139.411 25.8149 21.055 11.9077 7.6642 30.2739 0.052227 48.957 6.7622 6.81537 58.9674 0.715125 0.0357527 16.5734 38.1064 0 33.3156 1.834 
0.589775 13.8871 17.2143 26.852 20.3388 17.4841 45.1803 8.78136 18.5018 38.9239 83.4321 86.3136 1.15435 11.3149 8.55638 12.2468 17.717 10.276 0.915175 7.87233 3.056 12.591 0.238069 0.12885 43.8549 37.5057 0 89.6293 
18.0226 53.0962 13.0512 32.8315 0.334563 8.45681 72.8786 18.5882 89.547 50.2122 2.65849 49.499 0.053955 3.79039 4.9832 9.27215 21.6612 24.4486 3.61406 11.5075 46.4642 7.19418 7.96171 0.748644 37.4853 32.9976 66.8081 0 
