0 453.844 208.161 183.763 25.1436 214.84 228.2 243.055 312.386 77.777 59.5114 223.317 3.62628 53.8799 71.6829 72.176 243.367 41.9835 99.3919 257.702 174.188 1.13539 0.00164381 54.4728 249.39 54.8388 42.0391 3.70101 
386.413 0 420.994 206.193 456.983 263.247 482.305 89.633 381.303 217.308 257.37 141.699 135.391 2.5419 77.3821 38.7759 293.668 798.32 128.396 67.9905 63.59 48.917 3.1483 13.4515 179.979 23.6876 51.7192 35.1751 
112.154 54.2854 0 38.2094 7.59301 32.956 100.497 65.0476 307.276 101.756 3.38505 20.5336 14.9006 15.9566 20.2811 21.2175 55.1336 74.8511 29.9269 1.98896 58.7711 4.22946 2.82441 0.650629 12.0377 27.1923 17.1749 6.66645 
201.514 259.57 180.1 0 0.282019 244.586 175.502 898.306 362.799 76.6034 33.5134 142.119 5.00745 20.6991 25.1534 1.22816 198.97 97.9733 59.7679 9.16491 5.57427 7.58306 1.26805 26.6328 180.02 40.0678 8.78526 27.9052 
39.5788 101.472 4.47704 162.333 0 357.065 272.854 0.00635492 309.736 119.717 104.479 175.28 59.8679 10.8893 23.2958 20.5236 152.347 203.119 183.373 70.9931 81.5329 41.47 14.0199 0.317989 0.884686 53.9541 48.452 2.61199 
181.88 219.834 0.265085 234.383 330.965 0 915.67 99.4302 543.892 231.99 258.49 143.04 691.377 8.98648 34.9785 0.782704 219.809 115.462 73.2746 5.29403 18.3492 1.00304 1.4991 12.7735 203.233 6.52608 3.71009 3.00402 
129.98 470.333 162.431 0.0177347 366.929 562.799 0 149.288 319.513 481.393 131.347 284.69 101.57 95.5425 72.1709 49.6937 39.8138 111.816 119.049 50.6792 70.1168 48.3965 10.4616 71.549 64.4923 75.5171 11.5715 72.5178 
103.602 71.996 162.945 167.049 0.555597 160.69 90.772 0 256.993 183.862 314.814 453.841 2.2531 7.75786 22.7915 237.781 12.9962 102.33 26.0856 90.0892 11.8201 62.0495 2.5037 106.085 13.3969 52.2417 100.453 95.9717 
247.268 539.946 465.857 356.984 84.2997 370.506 38.3068 534.774 0 99.1426 83.28 320.664 152.786 75.5867 178.928 26.1186 272.435 154.152 110.472 6.69933 7.07929 17.3712 8.18824 0.00206701 183.302 142.561 2.17571 7.88935 
25.2714 232.037 81.1853 11.6901 289.142 18.6951 24.8949 21.3358 0.868028 0 234.536 159.223 318.939 60.5287 97.0242 68.0997 70.8814 16.0299 30.8878 28.0257 6.60994 38.1729 2.93879 45.784 71.5625 38.4469 13.5354 20.1387 
193.597 102.886 240.9 195.461 0.00847756 161.451 242.452 91.8852 754.414 240.267 0 305.456 2.64947 159.586 304.158 0.884754 0.000159798 147.996 7.886 9.92284 149.188 75.4847 33.755 103.662 4.22479 13.621 5.46578 72.2731 
140.299 161.833 185.08 13.917 9.84066 80.0784 121.172 807.969 84.7522 184.027 12.4371 0 12.31 158.503 231.724 35.2229 79.0666 123.595 0.113795 19.5988 41.0935 63.3832 90.0542 187.33 256.526 65.8882 119.518 12.1106 
101.08 143.311 61.8823 6.70823 17.7764 46.6845 210.81 147.221 184.869 1.09767 75.6712 42.8025 0 25.1159 17.2366 83.6041 15.6704 50.3608 2.44925 21.2293 0.530643 79.1006 51.9752 55.4408 55.6716 43.5644 12.7435 35.5859 
52.8046 68.1203 11.901 5.10786 70.0947 5.90545 3.92659 88.3906 51.283 37.2181 18.5595 0.0342311 156.363 0 61.5391 7.07984 0.450637 28.7646 26.8912 0.118591 7.60476 5.82359 5.27908 10.1117 3.87647 0.821544 9.10862 7.98796 
24.1153 19.7102 1.40619 21.8069 34.3943 3.58389 100.898 102.737 75.1046 55.0501 221.133 17.8753 50.7401 42.7379 0 13.698 15.3185 1.4795 24.6702 0.330996 12.6284 17.0561 3.94544 14.2135 17.3575 18.9837 18.1132 0.551562 
60.1276 35.8013 8.9911 21.8215 47.7736 24.0224 82.237 0.0515711 135.77 0.728781 1.26575 9.69621 54.6337 19.3302 0.159482 0 4.80967 33.1418 26.9293 4.63815 0.738678 5.8105e-05 7.81538 20.8945 14.5975 17.7974 0.644984 5.1178 
261.234 200.177 23.1439 202.272 86.3888 221.902 98.931 20.2234 188.334 69.3535 14.8862 17.3286 57.5391 16.1717 10.1564 0.294655 0 285.976 166.678 13.1128 12.197 13.1896 11.3946 0.021881 203.991 23.6301 22.1502 18.5286 
233.716 315.371 133.154 0.034163 40.9386 0.000188482 85.5518 147.319 56.0478 11.5824 105.191 117.708 103.146 53.5828 63.3013 0.0803957 179.451 0 140.65 83.9855 123.551 26.4514 18.4507 1.58708e-05 25.9897 3.33572 18.7169 18.7427 
8.33401 5.43406 1.47651 16.5906 188.578 84.2642 154.088 101.864 148.729 96.7841 0.356977 66.0758 74.787 9.72834 30.41 2.11967 174.118 125.152 0 11.8475 36.9178 5.81438 0.0572054 2.1434e-05 29.8153 29.3415 24.3452 26.2485 
19.3075 32.2679 2.86271 9.44673 50.549 12.1618 24.305 9.99656 88.1112 0.000105907 86.339 63.7778 36.4168 3.6569 10.7993 2.14421 20.4092 80.0476 29.7852 0 253.522 4.56844 2.79507 4.8223 11.4772 1.66338 0.115205 5.24066 
3.80581 108.407 71.8055 75.4705 47.2179 52.6972 49.4228 82.0471 6.54716 32.9631 16.6822 123.89 69.9961 42.8399 1.49399 6.65375 0.160088 120.3 0.489586 233.911 0 2.89991 39.4059 35.4232 11.8003 0.994645 38.3173 4.99648 
11.8949 36.2667 10.8687 14.8605 57.0079 6.00576 49.9028 45.8941 19.5085 20.3453 35.4284 75.4542 19.5761 9.89392 0.327911 1.64806 0.00682367 12.429 4.49203 3.58085 5.62315 0 13.3374 7.15067 6.45544 10.7645 5.63736 5.84488 
25.2715 5.12675 0.199489 8.12733 0.0697149 15.2344 65.4323 38.2302 0.0488549 6.44571 29.3691 109.525 61.0399 6.2449 21.0283 5.45474 1.80861 38.2016 20.1231 2.54998 38.6168 13.2652 0 20.8579 20.8395 10.3244 10.6396 4.24598 
0.000794853 60.915 13.4293 26.5377 56.076 1.1405 7.75016 136.61 33.9443 0.0834715 81.6829 158.671 38.6946 9.88962 26.9346 11.5239 13.7283 47.5981 1.4033 0.226378 15.1347 1.57251 0.289191 0 43.3807 0.0337566 0.138186 14.2956 
182.839 253.967 28.3128 191.485 0.171346 183.79 13.265 182.371 300.315 71.2623 133.782 846.937 23.3158 2.28968 19.8116 0.805771 182.913 30.6254 7.10396 3.67664 0.189909 39.0527 2.41979 49.6548 0 36.0732 144.993 44.4994 
10.2255 59.5893 7.13876 42.4136 66.2485 0.63861 9.97579 48.2453 112.57 75.1974 19.3448 279.354 41.1033 9.41088 25.9127 12.9177 18.1836 2.8274 4.46632 7.08223 33.1686 9.0855 1.70344 1.03102 10.1768 0 37.7576 0.443228 
34.2567 46.5779 17.0362 8.72232 45.5318 12.8043 32.3574 74.455 78.5517 23.0097 7.56684 27.252 20.4475 11.247 16.1736 0.234506 1.58814 2.38856 15.52 6.66035 2.7317 5.82484 0.354098 1.08502 22.0005 27.3787 0 59.2819 
42.1428 1.13801 13.7189 1.71905 14.8758 15.3939 62.8169 121.692 10.1899 23.8851 1.69164 169.377 14.9699 3.73357 3.50238 1.73739 6.13587 14.4538 1.16059 1.03377 13.3647 8.57535 0.00506909 9.66352 1.83 38.488 2.8009 0 
