0 481.705 7.25153 402.64 98.1186 429.935 252.073 17.9563 324.645 117.336 8.86372 74.7452 48.303 8.55882 2.06034 8.59786 404.713 203.953 27.8354 232.649 201.428 17.2075 1.48819 24.9088 310.129 27.0239 34.2039 57.317 
422.606 0 299.234 432.455 47.3465 423.886 55.4967 270.233 318.564 193.862 142.835 7.30693 49.5196 71.2105 0.396388 72.2666 327.195 724.851 171.616 0.644231 165.139 23.0186 38.5956 29.3179 339.405 0.726885 7.47212 2.1996 
160.438 171.499 0 251.324 186.457 66.0441 134.147 0.531045 355.969 5.07285 80.1521 75.0407 41.6848 4.38024 5.05794 0.0219521 35.9888 1.68673 47.8226 22.0727 126.741 8.14857 6.41873 11.7194 28.2336 22.4427 17.1875 5.72347 
361.151 313.367 159.442 0 18.6675 374.79 28.1391 1296.08 317.818 58.9438 81.5122 254.895 56.0012 7.35132 8.28832 0.74589 343.794 14.6566 57.1311 8.49826 418.912 16.3137 0.0423417 24.8781 321.498 0.730687 7.64981 0.166734 
0.842316 92.9064 176.825 150.601 0 70.9388 304.94 110.334 189.572 4.86683 166.18 118.167 22.7376 34.1553 68.737 38.8857 131.687 82.4249 154.423 26.4597 72.9741 45.9686 13.9658 14.7313 65.864 67.655 38.4382 8.01877 
385.315 325.588 31.3056 348.324 408.76 0 247.658 42.5437 782.384 464.589 16.8661 47.6807 86.4134 15.5646 23.0232 0.687965 352.652 120.784 30.8838 1.092 76.045 1.85061 4.50635 15.932 312.515 0.0506318 19.9574 20.7579 
169.596 68.6473 102.146 104.879 340.43 258.837 0 405.98 648.023 0.235077 48.5691 251.683 2.33114 15.0207 0.194229 48.2342 23.1134 25.0623 149.41 91.3521 44.7946 7.31961 69.8691 13.1577 37.4889 95.7953 22.897 71.6821 
305.105 9.34579 270.811 505.146 100.407 129.426 382.873 0 626.931 193.937 44.93 1019.23 76.9548 16.1183 143.29 4.31805 98.5311 170.767 0.0352183 112.383 149.351 46.8211 89.2098 83.8862 186.489 85.2783 5.84087 35.93 
571.996 688.878 473.265 635.55 117.121 724.19 1293.9 126.534 0 194.736 662.86 0.00465246 145.664 123.9 137.537 22.7756 391.819 7.33132 47.8574 84.6839 78.9723 28.3674 50.8966 2.37489 317.894 116.064 65.0599 92.782 
96.3124 168.799 20.9622 25.4291 283.416 499.362 508.421 183.052 16.9009 0 498.99 179.795 258.176 35.501 0.588825 5.03888 83.9014 129.195 107.674 0.0528709 85.5996 15.1772 21.4425 20.2345 71.5701 0.21195 2.17422 46.7681 
158.076 267.119 123.978 13.8539 15.2855 115.736 136.735 352.271 731.972 220.4 0 511.841 8.46791 213.197 351.448 228.764 44.3753 164.03 105.969 29.2771 1.949 13.2527 131.052 27.4473 0.641199 149.412 46.0257 39.6585 
186.341 16.8953 31.4566 142.27 49.2294 118.126 213.391 822.812 403.35 5.10334 350.263 0 24.8671 99.3197 21.0322 437.131 87.7296 126.025 97.0641 22.8762 0.199633 4.50509 122.56 55.6864 294.469 309.395 4.57681 42.6539 
50.683 2.08063 73.3823 72.6704 0.832726 85.8564 138.15 76.7534 179.823 38.9883 146.727 141.889 0 32.6494 70.5432 79.4515 8.90957 2.25056 25.3043 22.5989 47.3627 26.0344 1.94043 69.1134 20.6699 54.4307 0.0574271 43.8247 
2.97604 0.306986 0.982285 18.9158 7.82804 12.4343 75.6779 126.218 113.761 34.4387 121.358 101.784 65.8737 0 29.0192 0.828292 11.2083 13.1306 27.1574 2.8407 0.0228852 5.57071 0.475879 10.1806 16.5766 0.00930758 9.78813 8.23111 
59.5345 96.3273 26.2796 5.69221 63.9951 13.9306 8.38603 107.854 189.875 127.811 279.376 236.065 33.3044 3.76748 0 80.5224 22.066 29.5453 5.47443 4.83402 55.7542 3.35138 7.85141 27.7625 30.0301 1.6699 0.00698604 0.19564 
20.1507 6.18278 23.6601 9.55752 43.2757 23.8289 17.0001 212.855 138.506 78.799 228.806 389.824 76.8117 16.2299 46.3062 0 24.7965 34.0228 28.0491 0.00592205 1.60457 5.3838 12.4549 15.2439 2.23907 31.836 11.2127 5.27716 
348.483 421.715 0.0731973 344.439 43.6871 354.481 53.3355 95.4003 311.438 84.0976 10.7832 0.983594 51.2424 2.99536 12.5278 23.5603 0 170.385 30.5916 28.525 3.35557 18.4077 1.31545 2.72453 321.991 0.9238 2.13546 23.6554 
151.851 234.531 156.88 53.8847 3.81324 21.2075 11.1026 136.948 79.9123 133.826 76.0417 131.267 58.4233 49.248 49.0193 60.8004 6.10463 0 26.8408 45.8962 114.29 25.538 21.2499 43.9356 33.2772 50.5786 30.0631 20.4743 
113.944 61.0631 1.39881 21.46 149.069 0.784454 154.713 48.0592 148.396 44.2167 70.4385 49.6962 17.0297 8.75027 17.3358 3.15499 213.44 10.817 0 35.6141 43.0875 0.360406 19.3672 15.6741 0.405042 19.2144 4.13642 26.8495 
13.0503 122.758 6.49193 8.77216 9.9523 5.87051 0.0745884 0.000311534 8.97692 26.2226 77.8793 0.0718934 35.392 0.003085 5.48086 0.591244 5.94939 53.9562 32.0868 0 218.155 5.42769 0.000753002 0.890158 13.4413 8.80685 0.00638184 9.35841 
142.591 132.332 123.853 183.689 105.001 53.6614 26.7148 61.0691 77.5705 99.3044 117.273 167.838 5.51906 42.7829 57.3641 20.0729 22.5074 121.005 0.000745941 6.52641 0 23.8254 2.91538 37.3038 56.7981 20.8092 16.9663 7.60892 
0.0386302 39.9436 1.92035 0.711572 56.5808 16.2917 6.19379 61.4968 30.7642 48.1588 26.7338 0.265665 2.26476 10.0362 13.7522 9.67121 15.4284 11.5834 0.852467 0.087028 31.8304 0 14.639 13.5505 6.26981 4.83386 12.6039 7.48434 
33.121 34.9209 0.384199 12.2059 40.3262 11.4845 0.97118 100.28 76.7837 0.414346 21.7849 127.101 5.53505 0.142676 23.8799 12.2113 1.70894 3.47644 0.000267354 0.0098326 4.32456 14.6808 0 20.7621 1.69533 7.62943 12.9738 9.49343 
18.834 12.0326 6.64586 23.6022 33.5183 3.79753 32.0256 32.9716 19.9171 9.22652 129.137 131.662 69.1267 9.78883 22.6547 10.8278 19.2578 1.54325 9.86505 1.3751 17.2104 5.05944 1.09124 0 44.0642 16.3697 0.166284 6.25238 
381.181 372.354 13.8642 307.882 67.6131 331.97 37.2366 80.8739 418.281 71.4612 124.029 295.625 55.1504 16.1509 30.8667 69.9171 319.447 37.8333 25.6133 0.0369861 56.5713 62.6805 27.8264 38.3863 0 43.8684 13.1502 130.09 
34.9088 9.86498 1.11101 2.28547 51.2213 9.26143 35.5768 233.977 142.209 51.4633 143.161 42.6054 21.9277 12.0741 6.86263 29.4716 0.0818566 49.6632 6.4506 6.99588 58.4547 0.78276 0.016002 16.6372 38.2143 0 32.5299 3.2278 
0.464226 14.4505 17.0491 26.7165 19.8265 17.6505 44.4871 9.83107 17.549 38.4412 82.9414 83.9243 1.01736 11.3161 8.85687 12.5644 17.8642 9.91274 0.835535 7.97226 3.29621 12.5506 0.183618 0.0734123 45.0671 37.7366 0 91.5255 
18.8596 53.8012 12.6863 32.7136 0.23346 8.79003 72.6301 16.3321 90.6172 49.591 3.38549 54.7061 0.0218411 3.97661 4.60848 9.81828 21.5166 25.031 3.80199 11.5123 46.0873 7.09433 8.08123 0.641204 36.9251 29.3994 61.1665 0 
