0 435.872 207.76 159.584 26.0394 190.329 229.268 241.599 288.628 78.3706 58.8603 223.607 3.73038 53.8725 71.673 72.012 217.991 41.0862 99.6654 259.567 172.982 1.15711 0.00299729 54.539 224.218 54.6087 41.9653 3.63439 
368.169 0 425.652 179.48 460.853 239.926 479.198 91.0494 353.279 216.494 257.855 142.551 135.103 2.61603 77.6436 39.0406 269.125 522.824 127.714 67.2501 64.2374 48.873 3.09023 13.5717 154.922 23.9106 51.6747 35.0326 
113.81 49.556 0 42.3303 8.07192 32.521 102.567 63.2386 301.263 102.103 3.01235 19.9191 15.0856 15.9328 20.1375 21.2858 55.1682 75.748 29.7098 2.04968 59.3724 4.25079 2.85178 0.633511 12.1272 27.1696 17.1497 6.61438 
178.436 237.149 196.474 0 0.354677 219.658 174.621 459.509 340.551 76.9939 32.7183 143.86 4.90571 20.7416 25.0149 1.16249 174.057 98.5881 59.6858 8.97247 124.892 7.6115 1.29233 26.636 154.944 39.9512 8.72797 27.9738 
38.5033 105.93 4.11892 162.17 0 352.156 269.192 0.0192708 311.229 122.128 105.666 175.459 60.5505 10.7501 23.5683 20.3385 152.476 202.354 185.69 71.2817 81.8895 41.5744 13.9121 0.300151 0.849845 53.803 48.4711 2.65857 
156.968 193.416 0.213143 209.045 627.28 0 1123.61 98.1849 523.956 381.947 259.405 143.447 666.047 8.91041 35.1188 0.815605 194.585 115.208 73.6159 5.23178 18.5299 1.02498 1.4737 12.8158 178.231 6.45221 3.68075 2.96838 
131.491 466.883 160.417 0.00192742 369.661 534.573 0 152.169 293.834 483.99 135.1 284.716 102.657 95.6283 72.8809 50.0918 40.1184 110.724 119.607 50.3498 70.5539 48.2756 10.3174 71.5239 64.2304 75.2166 11.4761 72.4738 
105.282 70.68 165.051 167.351 0.647078 161.772 93.2647 0 250.154 183.091 316.449 470.741 2.14722 8.00135 22.1458 236.629 13.1482 102.91 25.8299 89.7383 12.1967 62.1218 2.60689 106.588 12.8677 50.9169 100.468 95.4997 
221.069 516.782 464.21 329.09 82.3993 351.441 49.1873 540.286 0 101.755 52.093 322.758 152.05 75.029 171.967 25.5924 247.144 154.932 110.964 6.86592 6.83212 17.4964 8.00943 0.000212078 158.386 142.53 2.23317 7.73876 
24.8363 231.496 81.69 11.4207 287.439 16.7079 22.425 20.7523 0.608986 0 227.461 158.061 317.798 60.8542 97.7321 68.4511 71.0426 16.3351 30.4766 27.8748 6.49148 38.3402 3.02086 45.9391 71.5553 38.7109 13.6209 20.0034 
193.484 104.125 240.763 195.025 0.0278693 163.441 246.663 89.9596 764.118 247.41 0 309.684 2.91705 160.827 308.317 0.69949 0.00114141 147.64 7.70635 10.0665 149.165 75.4101 34.2477 104.07 4.02627 13.1823 5.56612 71.9465 
141.248 162.624 184.821 14.7156 9.58122 80.7615 119.751 821.784 82.64 185.081 13.788 0 12.0411 158.877 230.152 39.128 78.9619 123.913 0.0989483 19.8252 40.6399 63.2514 89.5887 187.29 253.534 62.4733 119.433 12.5586 
100.927 143.497 62.0488 6.82551 18.211 45.2839 210.385 147.296 184.361 1.45526 74.4981 43.252 0 26.0443 16.7934 83.5416 15.7826 50.6159 2.37349 21.3176 0.555059 78.8489 51.5494 55.2409 55.6519 43.452 12.6833 35.5149 
52.8406 68.0374 11.952 5.05104 70.073 5.83693 3.78329 87.928 50.6642 36.8576 19.3765 0.0137361 156.297 0 61.6926 7.23109 0.460925 28.6528 26.8747 0.121398 7.67132 5.86245 5.16913 10.1323 3.8287 0.798766 9.12702 8.01677 
24.3036 19.4471 1.3486 21.6638 34.0908 3.4782 101.543 103.719 76.4437 54.268 225.914 16.8222 50.1138 43.6335 0 12.6372 15.2634 1.52812 24.7567 0.339333 12.7366 17.0729 3.82497 14.0442 17.2326 18.8419 18.1396 0.573446 
60.36 35.5391 8.89807 21.6218 47.9734 24.0859 82.5594 0.0101252 136.205 0.802002 1.04219 11.8567 54.3088 19.3201 0.310718 0 4.84524 33.2824 26.9702 4.66169 0.70387 2.49531e-06 7.74886 21.1428 14.4121 17.583 0.626419 5.04691 
236.439 174.705 22.9693 177.051 87.0061 196.684 98.7402 20.4048 163.118 69.5219 14.7363 17.4676 57.621 16.1396 10.2085 0.285058 0 285.647 241.415 13.1877 12.2986 13.1615 11.4215 0.0199252 178.897 23.5982 22.1565 18.4989 
233.446 321.519 132.453 0.017051 40.1056 0.00342223 84.4999 147.775 56.7946 11.8464 105.696 118.049 103.06 53.586 63.2092 0.0705491 181.545 0 140.941 84.0977 123.573 26.514 18.3723 7.64685e-05 25.87 3.3971 18.6509 18.6564 
8.5335 5.16497 1.54367 16.7611 190.874 84.0412 154.279 101.659 148.51 96.3914 0.397682 66.2927 74.6342 9.78191 30.3363 2.15169 175.543 125.594 0 11.7646 37.0674 5.77955 0.0533054 0.00016647 29.795 29.3176 24.3476 26.261 
20.3856 32.8912 2.79202 9.25199 50.8806 12.0863 24.5939 10.2289 87.8519 9.58203e-05 86.3176 64.0441 36.3524 3.66456 10.7853 2.16381 20.3339 80.2057 29.7162 0 249.642 4.56049 2.78858 4.83281 11.4994 1.68277 0.111751 5.21962 
4.14265 109.067 72.4028 78.2897 47.5702 52.8942 49.8383 82.837 6.30926 32.7383 16.4211 124.355 70.0847 42.8017 1.53571 6.75467 0.173142 120.405 0.46543 238.016 0 2.9245 39.4242 35.3373 11.9092 0.956149 38.2683 5.05516 
11.8353 36.1782 10.8531 14.8421 57.0093 5.95975 49.7865 45.7689 19.6385 20.1825 35.6113 75.4107 19.2651 9.87117 0.314225 1.67016 0.0079009 12.4879 4.46041 3.58957 5.59059 0 13.3896 7.2034 6.50682 10.7624 5.65893 5.86121 
25.3687 5.05396 0.19139 8.07904 0.0612245 15.2575 65.5535 38.5503 0.0354576 6.32913 28.9021 109.17 60.6348 6.139 20.9026 5.38667 1.82468 38.1442 20.0963 2.54323 38.6434 13.3182 0 20.8343 20.9073 10.3297 10.6119 4.26827 
0.00219662 60.8775 13.4595 26.527 56.0566 1.16333 7.6291 136.755 33.6516 0.0974517 81.1863 159.446 38.4515 9.8617 26.8653 11.2552 13.6988 47.6208 1.3844 0.230953 15.044 1.5395 0.228063 0 43.3955 0.028214 0.128312 14.2871 
157.856 229 28.3145 166.28 0.187267 158.78 13.4666 181.873 275.031 71.2326 133.447 1167.58 23.1839 2.25079 19.6903 0.658498 157.876 30.5046 7.15017 3.65055 0.174881 42.2242 2.45448 49.7321 0 37.9929 134.101 38.6638 
10.3922 59.8124 7.05137 42.3292 66.3346 0.665024 9.76632 49.5444 113.052 75.13 18.831 283.599 41.2231 9.45307 25.8049 12.7079 18.1398 2.88418 4.50753 7.05458 33.0129 9.10042 1.72651 1.00021 10.3557 0 37.7859 0.540092 
34.3469 46.5077 17.0103 8.7796 45.4897 12.7677 32.236 74.2103 78.5095 22.915 7.45119 27.5894 20.3832 11.2506 16.1372 0.223244 1.57386 2.3586 15.5516 6.67708 2.69733 5.84646 0.364999 1.05771 22.302 27.5377 0 58.3778 
42.0131 1.17587 13.6636 1.67725 14.9733 15.3441 62.6863 122.004 10.0208 23.7453 1.60833 169.717 15.0521 3.76195 3.45156 1.69246 6.10582 14.3732 1.1777 1.02173 13.2783 8.56252 0.00411015 9.62706 1.76546 37.9453 2.48922 0 
