0 285.353 1.49266 74.8015 117.56 148.481 260.052 8.71448 31.8988 110.464 5.4287 63.1173 52.042 9.80142 1.28428 10.8598 116.952 192.674 23.6837 249.431 213.719 18.0512 1.96318 26.743 25.8936 24.0117 35.3681 58.1406 
218.405 0 201.705 110.07 96.6917 162.119 106.63 279.985 24.1802 206.898 126.316 11.95 55.7475 70.9027 0.0389215 74.6117 47.4204 262.864 169.59 2.96307e-05 160.063 24.2698 40.131 27.4321 56.7528 0.25224 8.37735 2.92194 
140.989 268.951 0 175.01 181.96 64.4591 106.834 5.73987 279.89 2.51596 100.633 87.8104 44.6209 5.03902 6.48135 0.160335 33.7598 4.86316 45.3983 23.2382 125.321 7.86589 6.84388 12.1968 28.3117 21.3967 16.8503 5.08922 
43.8979 43.3236 131.23 0 12.4042 88.9703 17.7351 1250.62 49.0656 64.5135 95.388 259.203 58.1713 8.194 6.81798 1.57337 56.4138 20.1648 55.6228 6.20324 517.97 16.1764 0.122391 24.3051 38.1258 0.236263 8.37589 0.0378706 
0.0851076 44.5677 183.191 155.857 0 71.8518 258.118 98.8885 160.441 0.180748 181.024 110.992 29.3497 36.6624 64.984 41.581 137.078 69.0339 123.66 30.4138 68.213 47.1482 15.3884 16.1315 66.4459 66.6434 37.5651 7.04285 
107.876 29.73 25.7147 58.5317 963.816 0 789.56 56.1773 480.531 28.6507 6.49418 39.7574 530.529 14.6322 25.4618 1.14098 65.4212 122.52 25.6309 0.721662 75.287 1.49115 5.02859 16.3042 26.4032 9.78377e-05 19.8347 21.1448 
188.086 123.494 129.401 121.302 377.577 592.721 0 410.394 1019.49 14.8025 85.9943 262.683 0.328603 11.7381 1.46903 43.0947 19.8504 16.9739 152.761 89.5682 50.1359 8.55358 70.7665 11.2474 33.8665 93.8759 21.3746 72.3634 
308.162 17.5914 276.093 460.645 89.0695 113.336 399.028 0 574.786 202.257 65.5486 929.681 71.2617 12.0114 153.526 0.19327 97.7818 166.898 0.310739 109.973 139.691 48.411 91.9314 76.2656 180.459 105.673 4.2623 42.0248 
285.628 381.361 457.195 339.625 145.228 480.107 1254.91 205.273 0 233.177 281.848 2.61167 135.509 118.188 87.4085 16.6741 103.107 3.8706 54.5042 88.1583 70.6566 30.2243 55.1966 3.75188 36.0606 109.818 66.7821 94.5053 
103.724 184.151 15.6628 20.7919 304.159 404.308 492.065 172.526 36.1519 0 560.175 193.319 224.8 30.8903 0.0159998 2.92467 83.4586 124.896 111.57 0.000973332 83.3856 13.2783 23.8295 22.4833 71.5194 0.72559 2.71671 45.2988 
150.618 264.535 102.854 7.65597 23.4901 90.2694 188.2 336.526 864.829 134.772 0 493.492 3.51012 210.497 387.16 226.365 47.0654 161.099 102.087 32.0714 0.913412 15.0875 132.706 33.1071 0.0246094 155.218 43.3623 35.4321 
176.072 23.4762 22.4501 164.616 56.0162 110.143 196.624 623.224 401.161 1.59323 400.128 0 29.8254 88.037 38.3259 483.697 87.8205 121.906 98.0705 19.8467 0.0069057 5.62613 119.774 43.304 301.269 254.625 6.78314 33.2848 
46.953 3.88593 73.3893 72.215 2.59721 92.246 151.547 82.4314 172.17 66.2767 130.089 145.802 0 20.47 78.5177 81.2982 10.1126 1.39395 28.0606 23.7448 45.4899 21.6985 0.659438 69.7839 22.3625 53.9573 0.139024 44.1583 
3.77604 0.737282 0.666447 18.2011 6.32121 11.4322 79.4843 126.341 106.624 39.1183 139.523 112.675 82.1394 0 41.4701 1.84199 11.6785 11.8979 26.9782 2.72523 0.000421241 6.07567 1.27739 10.3551 16.4816 0.0708147 9.98882 8.59469 
57.53 96.7193 27.8154 4.4427 67.7843 11.6554 13.2458 95.0699 176.428 131.315 333.029 253.238 40.9248 11.8902 0 65.7716 22.6914 27.4141 4.682 5.15623 55.0286 3.88813 5.92226 27.0947 29.2863 0.920179 0.00273161 0.400759 
17.2181 4.50914 24.1434 7.49061 40.5924 24.6328 13.3467 231.414 143.3 74.946 226.906 456.279 74.1144 17.5712 27.3042 0 24.5206 32.1953 28.4842 0.030726 2.34232 5.79842 12.4692 11.6806 3.47278 30.6457 11.8648 6.23844 
67.2059 129.429 0.335017 61.0806 51.1487 67.3576 57.4517 94.1156 24.8171 83.7936 12.5437 1.51743 52.5957 2.6807 11.8254 23.9051 0 197.367 3.42288 27.7685 2.65121 18.6591 1.50148 2.45921 36.0753 0.718439 1.92728 23.8058 
166.237 178.462 160.614 45.8089 8.27008 16.5644 5.85689 130.249 69.3952 130.033 82.7744 127.489 61.7152 48.4195 50.9536 61.1973 16.803 0 32.9867 42.2276 111.95 26.3573 22.2849 43.2434 31.7136 51.9021 29.2385 21.621 
112.198 51.5644 0.682275 23.8692 118.41 2.1825 151.997 44.1528 150.987 50.2273 65.5422 46.7282 14.7179 9.43494 18.5051 3.66874 212.057 15.1304 0 35.2127 44.9884 0.499085 19.7422 16.1699 0.583179 19.9429 4.46278 26.8121 
3.52601 128.863 7.81934 6.44438 12.7489 5.05118 0.0281211 0.264419 6.66927 28.1824 76.0494 0.010673 34.4895 0.011856 5.15639 0.453175 6.72661 50.3546 32.8142 0 269.629 5.50807 0.000290966 1.00386 13.3042 8.4778 0.0215574 9.56845 
125.388 124.419 120.893 142.334 101.049 51.0899 31.2691 51.7445 69.2816 99.0293 121.595 168.351 6.53767 43.2565 57.7146 22.0795 20.9045 119.646 0.0651722 0.436344 0 23.3192 2.45607 36.2299 55.8892 18.926 16.0657 6.72006 
0.00393574 40.9805 2.13594 0.569686 56.277 15.7472 7.34521 60.4736 32.6379 49.9451 24.4953 0.0663596 4.0548 9.74208 13.1918 9.98906 15.0896 12.3407 1.05737 0.0625337 32.0159 0 14.1717 13.25 5.99574 5.09924 12.5221 7.67639 
34.2632 36.527 0.544096 11.5855 41.7694 10.9483 0.452537 98.947 80.4127 0.919567 27.478 126.742 3.17443 0.688183 22.7259 11.8926 1.51116 4.04896 0.0154555 0.0206144 3.77082 14.2266 0 20.6946 1.02173 7.97922 12.7903 9.34165 
17.1264 13.5647 6.09436 22.8844 31.9678 4.30362 34.5638 26.6413 16.8058 7.59971 128.518 118.424 68.1834 9.34221 24.2861 14.3672 19.0277 1.9752 10.3836 1.2459 16.0031 5.72517 0.0708976 0 43.1219 16.0946 0.340017 5.75702 
95.1094 84.8898 12.691 23.06 67.5394 45.8858 40.9116 94.4831 128.662 71.1182 118.171 571.023 55.5147 15.88 30.3626 57.0035 34.6777 36.3101 25.0657 0.0873123 57.4124 72.9451 26.057 33.8026 0 13.7375 116.888 36.3507 
38.1249 12.0297 0.656916 1.31921 53.2463 10.3456 31.275 230.515 142.649 54.6247 149.932 86.493 23.6898 12.3694 5.35889 27.5904 0.160905 51.0296 5.84378 7.35415 57.3464 0.92643 1.55007e-06 16.7021 38.2504 0 30.812 7.09018 
0.257872 15.5985 16.7034 26.4131 18.8087 17.9699 43.0721 12.0871 15.6986 37.4469 81.8462 79.0178 0.768746 11.3063 9.46067 13.1873 18.1531 9.20052 0.686754 8.16907 3.80162 12.4608 0.0957007 0.00895856 47.1759 37.9906 0 92.9792 
20.564 55.1576 11.9516 32.4109 0.0855484 9.46334 72.0192 12.2069 92.5929 48.2843 5.09227 65.5193 0.000451893 4.35553 3.89302 10.9204 21.2182 26.1965 4.18967 11.5119 45.2951 6.89242 8.31263 0.450321 35.6028 22.3414 49.2299 0 
