0 862.104 3.23998 421.832 157.884 550.341 267.814 0.0830747 419.916 95.5673 0.992119 41.5086 59.6827 12.5292 0.263408 16.1292 508.03 166.053 16.0424 227.488 232.85 19.7812 3.12323 30.5016 425.469 18.2133 37.6667 59.5117 
800.04 0 38.0586 446.8 231.658 603.348 241.641 292.155 424.76 227.828 93.2668 24.6301 68.8312 69.7067 0.468102 78.715 457.145 543.866 161.947 2.71634 147.678 26.8288 43.1339 23.6362 459.069 0.0456645 10.3503 4.69175 
97.7061 433.854 0 20.5919 165.573 58.539 55.1927 32.5034 119.297 0.0447624 143.594 113.949 50.4241 6.45529 9.76865 0.829583 29.1077 16.1062 40.1006 25.2502 119.57 7.27996 7.70066 13.0981 28.1689 19.065 16.1017 3.88176 
419.894 495.868 25.6745 0 3.4254 482.961 3.62636 345.798 499.619 75.4231 123.773 255.733 62.2362 9.9688 4.19302 4.14154 448.956 33.529 52.0788 2.53838 290.558 15.8502 0.412436 22.9195 439.057 0.0723666 9.90982 0.0583665 
7.53703 0.0952266 188.527 162.569 0 57.4037 159.019 76.0989 103.334 10.2353 208.803 95.9727 44.7897 41.7359 56.9612 46.9944 145.964 44.1752 65.7877 38.8758 58.4985 49.3841 18.4143 19.097 67.2723 64.1767 35.7149 5.22596 
519.736 418.993 15.1623 446.172 484.405 0 669.206 87.2286 772.9 471.348 0.470239 25.2394 97.2743 12.6454 30.2016 2.39365 458.076 124.006 15.9599 0.199879 73.1683 0.871465 6.13883 16.9588 421.779 0.183469 19.5133 21.8246 
221.783 262.033 182.903 152.724 426.724 946.032 0 396.804 1286.31 107.241 184.384 278.527 1.88737 6.17613 7.64555 32.9428 13.8274 5.15247 156.922 84.8805 61.41 11.3117 72.0085 7.74624 26.7518 88.8394 18.3506 73.2814 
303.752 41.561 269.621 454.717 66.821 80.521 410.166 0 417.21 215.362 116.105 546.731 59.746 5.37974 170.578 8.38658 95.7478 157.393 1.71283 103.751 118.984 51.5251 96.5676 60.5716 163.167 147.665 1.79205 55.168 
673.687 716.996 349.44 692.49 204.392 883.537 614.27 388.198 0 305.047 342.504 25.0162 113.789 105.508 197.135 6.95075 492.699 0.197949 68.5874 94.4698 54.3612 34.0466 63.8408 7.47276 441.307 95.7795 70.0146 97.2705 
117.997 211.17 7.0002 12.5145 329.483 135.366 396.719 148.717 93.7579 0 603.609 217.146 149.412 21.9869 3.76575 0.366176 81.9611 114.978 117.925 0.317026 78.4757 9.70703 28.8112 27.1976 70.7183 2.70139 3.99535 42.0982 
134.02 253.179 62.1658 0.615177 44.871 44.6197 298.814 293.724 905.589 17.8514 0 423.891 0.0673132 195.375 405.474 210.539 52.5478 153.69 93.529 37.9121 0.00302099 19.0971 133.6 45.6202 1.33414 163.439 37.9409 27.2447 
152.934 39.7081 8.40601 206.188 70.5216 92.7967 159.878 198.252 379.565 0.610545 479.39 0 40.9473 64.9923 85.4298 467.763 87.6438 112.835 99.6024 14.1927 1.34996 8.25848 112.234 21.846 349.653 133.387 12.5065 17.1834 
39.4802 9.2202 72.6553 70.717 9.12455 101.702 176.469 93.8189 154.243 135.934 96.3228 152.359 0 3.84742 93.5073 83.7158 12.7513 0.27678 33.8855 26.0581 41.6288 13.7738 0.143754 70.2721 25.8733 52.6517 0.414533 44.6672 
5.67343 2.17741 0.207638 16.6283 3.71124 9.38681 86.2789 124.501 90.7267 48.7087 172.889 132.975 114.023 0 59.6327 4.91461 12.6326 9.52523 26.4988 2.48777 0.137282 7.08385 3.76905 10.3052 16.0906 0.37172 10.359 9.29841 
53.1062 96.3607 30.512 2.33166 75.0116 7.44937 26.0577 69.1273 144.301 133.642 401.192 272.577 57.4016 36.1953 0 27.3745 23.9115 23.1651 3.23669 5.81898 53.2774 5.06536 2.6568 24.7736 27.3258 0.0732859 0.108165 1.03731 
11.794 1.88543 24.7523 3.93851 35.0876 25.9723 7.12205 255.588 150.045 65.981 212.026 489.731 67.5656 19.1784 1.7871 0 23.8852 28.4624 29.2539 0.140697 4.25344 6.64412 12.1067 5.18105 6.76982 26.9971 13.1528 8.33843 
472.392 511.094 1.44857 461.721 67.1506 460.193 65.7742 91.0313 419.738 82.5733 16.4723 2.95322 55.1776 2.08682 10.418 24.5377 0 244.996 157.45 26.115 1.46468 19.1399 1.91503 1.95554 431.685 0.378151 1.53319 24.0632 
192.831 46.2901 163.164 30.6042 22.2868 8.68014 0.288527 115.791 49.3445 121.025 96.5075 119.027 68.3075 46.5354 54.6881 61.6743 53.0072 0 46.8128 34.8114 106.483 28.0008 24.3939 41.6997 28.5152 54.3855 27.5272 23.9816 
107.43 33.8176 0.00888933 28.9115 61.4177 7.09129 143.892 36.4143 154.363 62.7717 55.5752 40.7282 10.4365 10.8659 20.8931 4.81694 200.341 25.8201 0 34.1886 48.7815 0.849588 20.4547 17.1548 1.04387 21.3913 5.15714 26.6678 
3.01407 137.914 10.7309 2.7002 19.3115 3.52999 1.13251 2.31648 2.97971 32.1676 71.866 0.738654 32.5395 0.0472566 4.50301 0.22662 8.41769 42.8984 34.1157 0 329.827 5.66269 0.0116016 1.25232 12.9642 7.78078 0.0801269 9.96926 
90.4825 107.336 112.233 100.784 92.448 45.6649 41.3069 34.4795 53.0756 97.8748 129.619 167.658 8.85222 44.0522 58.1244 26.2931 17.7459 116.063 0.517271 49.6184 0 22.2629 1.63527 33.938 53.7655 15.2565 14.2647 5.05686 
0.0441215 42.9814 2.60286 0.328023 55.4129 14.5698 9.94861 58.1681 36.4727 53.2516 20.1105 0.0720318 9.18463 9.03131 11.9749 10.5755 14.3821 13.9262 1.53966 0.025038 32.3373 0 12.8611 12.4605 5.47121 5.64176 12.3188 8.05536 
36.4919 39.7115 0.950581 10.299 44.5676 9.81674 0.00107082 95.1963 87.1426 2.54753 40.4773 123.884 0.359407 2.83627 19.5003 10.8949 1.14292 5.33556 0.118453 0.0546982 2.74931 12.9392 0 16.9847 0.178516 8.63813 12.3377 8.98865 
13.8016 16.8828 5.00091 21.2334 28.7764 5.39869 39.7449 15.4508 11.1484 4.71753 125.153 90.0461 65.4364 8.12171 26.8021 21.4088 18.52 3.01156 11.4491 0.997974 13.6147 7.11428 1.74194 0 38.758 15.2963 0.878513 4.77175 
489.824 477.006 10.3393 421.474 67.0198 440.997 48.4786 122.074 515.615 69.7312 104.72 1173.46 55.9266 15.1466 28.852 24.6524 432.629 33.1547 23.8873 0.255014 58.8334 7.33906 21.9965 31.8727 0 97.2547 6.38953 145.343 
44.6916 16.9721 0.0955228 0.158784 57.1302 12.6211 23.0224 212.68 140.978 60.6337 160.366 202.558 27.3247 12.8087 2.78306 22.8257 0.403157 53.6088 4.68016 8.06815 54.7618 1.25259 0.0645267 16.5746 37.5802 0 26.8014 18.5882 
0.0234894 18.0161 15.9386 25.6646 16.768 18.5621 40.0841 17.2862 12.1773 35.311 79.1602 68.6247 0.368214 11.2364 10.6945 14.3954 18.7193 7.81144 0.427614 8.5565 4.93123 12.2418 0.00430186 0.0701745 50.1491 37.6427 0 86.2288 
24.1415 57.686 10.446 31.524 0.00934989 10.8556 70.3139 5.53455 95.9027 45.3763 9.57125 88.5367 0.133728 5.14838 2.59134 13.17 20.5722 28.5664 5.02636 11.4706 43.5295 6.47297 8.74998 0.163488 32.1515 9.81121 25.2047 0 
