0 918.91 7.61172 428.039 170.549 560.279 267.794 0.325488 428.143 90.6137 0.319901 35.3148 62.1198 13.4539 0.0983626 17.9858 515.16 156.716 13.8547 222.607 237.094 20.3374 3.54807 31.7046 435.67 16.4709 38.3799 59.8613 
864.151 0 10.7935 443.123 279.376 624.794 288.445 293.744 441.409 232.708 83.1119 29.5404 73.0856 69.1647 0.9334 79.824 470.837 295.694 158.552 4.70847 143.189 27.6488 44.0556 22.44 470.005 0.196484 11.017 5.34078 
83.7467 461.816 0 4.5094 158.497 55.9638 41.101 45.1181 76.3407 0.0534523 157.014 122.102 52.2133 6.92458 10.9112 1.15073 27.6014 20.9483 38.3239 25.7791 116.957 7.08989 7.97061 13.3644 28.0377 18.2715 15.8452 3.52159 
436.103 528.087 37.7509 0 1.70648 490.735 1.3228 885.134 530.309 78.7312 132.62 251.183 63.4267 10.5488 3.46944 5.19633 456.744 38.3273 50.8204 1.68589 287.482 15.7327 0.540883 22.418 449.566 0.261072 10.4144 0.145405 
12.4038 3.10889 187.983 163.521 0 44.3973 128.861 69.0716 86.4778 18.8498 216.793 91.0981 50.2104 43.3386 54.3141 48.6929 148.164 37.0922 49.9008 41.6671 55.4076 50.05 19.4154 20.0748 67.4335 63.2758 35.1031 4.69474 
533.317 429.874 12.1795 452.467 719.034 0 961.31 97.7398 734.417 628.534 2.97057 21.1439 199.264 11.9925 31.6209 2.88326 465.848 123.89 13.2342 0.10063 72.3314 0.706232 6.50502 17.1376 430.539 0.323084 19.3904 22.0103 
231.068 308.672 198.109 161.775 433.566 835.04 0 386.26 1175.11 150.48 219.612 281.59 3.97955 4.74209 10.5905 29.8331 12.0922 2.78146 157.471 83.0983 65.0985 12.2603 72.2362 6.74435 24.5712 86.9264 17.4076 73.44 
299.358 51.0544 262.765 460.075 60.055 70.389 407.309 0 358.351 218.374 134.098 403.237 56.1136 3.78551 174.786 15.5731 94.9551 153.919 2.39801 101.412 112.166 52.4833 97.7779 55.5946 156.379 160.551 1.2191 59.5193 
678.238 703.148 300.095 682.338 223.06 872.154 366.777 445.891 0 324.714 1087.4 36.7379 106.663 101.214 223.424 4.67846 499.478 0.00204712 73.1934 96.2518 49.3921 35.2772 66.5464 8.91355 453.516 90.9923 70.9669 97.9369 
122.264 218.328 4.90448 10.2432 332.25 71.0996 352.898 140.58 116.249 0 591.93 223.516 125.192 19.3315 6.32202 0.0616119 81.3152 111.508 119.478 0.53753 76.7983 8.65709 30.4247 28.7318 70.2656 3.59082 4.45281 41.0202 
128.378 247.896 50.459 0.0205065 52.8909 32.6623 332.955 277.499 827.55 2.98776 0 394.094 0.892086 188.029 394.796 202.615 54.2967 150.93 90.6275 39.8124 0.054894 20.4521 133.177 49.8399 2.47646 164.979 36.2153 24.7689 
145.037 45.6239 5.27068 217.71 75.3118 87.0426 147.696 98.2484 368.077 2.06125 496.455 0 44.7626 57.8162 102.868 431.905 87.4845 109.756 99.9432 12.5445 2.26984 9.1967 109.329 16.2978 308.435 97.6461 14.668 13.016 
37.1392 11.3804 72.2096 70.0788 12.0138 92.3749 183.562 97.3829 147.938 160.379 85.8442 154.036 0 1.2433 97.8026 84.094 13.6468 0.0995799 35.7975 26.7902 40.3829 11.5421 0.578943 70.1766 27.0093 52.1389 0.533675 44.7811 
6.35395 2.79543 0.114975 16.0957 3.01244 8.73914 88.1489 123.327 85.3608 51.7354 182.003 138.744 123.147 0 61.7581 6.11519 12.9364 8.8078 26.3133 2.4113 0.232914 7.3966 4.69785 10.1742 15.9107 0.51675 10.4661 9.51188 
51.6035 95.9178 31.2357 1.78861 77.1596 6.25448 30.8806 61.1052 133.12 132.986 407.835 273.874 62.7879 44.077 0 16.4986 24.2858 21.8384 2.82424 6.03217 52.6414 5.463 1.85075 23.7856 26.5819 0.00234868 0.174219 1.30148 
10.2333 1.27732 24.8373 3.01482 33.327 26.3107 5.50645 258.909 151.296 62.8511 204.369 468.296 65.2045 19.3343 1.60377e-05 0 23.6614 27.2699 29.4662 0.192626 4.97764 6.91343 11.8828 3.52161 8.01747 25.5346 13.5508 9.04147 
484.255 515.217 1.96657 472.055 72.4148 468.011 68.3995 89.9153 428.518 82.0142 17.8224 3.51055 55.9516 1.91042 9.97519 24.7199 0 257.198 351.763 25.556 1.15654 19.2848 2.05714 1.80492 440.469 0.291627 1.41565 24.1317 
200.348 36.4396 162.513 26.1959 28.0754 6.64649 0.00489266 110.979 43.418 117.808 100.869 116.119 70.3748 45.8785 55.819 61.732 67.9907 0 51.5396 32.478 104.544 28.519 25.0679 41.1688 27.4908 55.1168 26.9711 24.7428 
105.576 28.7152 0.0198512 30.5492 45.9831 9.21073 140.611 34.0154 154.889 66.8114 52.4124 38.8285 9.19696 11.3329 21.6556 5.21216 191.532 29.7287 0 33.8037 49.9691 0.980964 20.6677 17.4624 1.21885 21.8436 5.38767 26.6023 
8.27162 139.763 11.7047 1.81951 21.6328 3.08972 1.82302 3.39617 2.09845 33.4328 70.4056 1.21245 31.8855 0.0635484 4.29679 0.170038 8.98737 40.5021 34.4789 0 332.248 5.70955 0.0187011 1.33641 12.8385 7.55112 0.106712 10.0896 
79.7053 101.674 108.776 108.859 89.5586 43.8877 44.7076 29.5307 48.1447 97.3381 131.947 166.945 9.65938 44.2581 58.1684 27.6694 16.768 114.692 0.75281 79.8683 0 21.9179 1.40576 33.177 53.0111 14.1357 13.6987 4.56789 
0.0884982 43.5886 2.75989 0.264273 55.0674 14.1756 10.8517 57.3696 37.7011 54.2075 18.7634 0.190962 11.219 8.77496 11.567 10.7446 14.1509 14.4454 1.71225 0.0165699 32.424 0 12.3514 12.161 5.31684 5.81554 12.2435 8.173 
37.1749 40.7018 1.10289 9.88302 45.4193 9.44579 0.0298427 93.7131 89.086 3.2341 44.96 122.379 0.0472816 3.72209 18.2671 10.4866 1.03499 5.78077 0.171867 0.0690404 2.45326 12.4359 0 15.0006 0.066083 8.83197 12.1713 8.86365 
12.7866 17.9959 4.66191 20.6561 27.7492 5.76534 41.3951 12.422 9.5478 3.92579 123.494 80.8876 64.3326 7.65832 27.3457 23.3938 18.3466 3.38707 11.7922 0.923181 12.8728 7.56205 3.25229 0 36.7501 14.977 1.10183 4.46524 
498.161 484.584 9.60497 431.313 66.7491 449.581 50.9009 130.59 521.353 69.0952 100.058 321.661 55.9638 14.8629 28.2387 25.52 442.164 32.1328 23.493 0.327039 59.203 1.19034 20.6067 34.7244 0 89.781 77.3868 117.218 
46.7783 18.6923 0.0217292 0.024448 58.2981 13.3615 20.5595 204.184 139.722 62.4114 162.664 241.772 28.4947 12.9013 2.11654 21.1055 0.503676 54.373 4.32931 8.29115 53.8459 1.36625 0.112642 16.4604 37.1573 0 25.4014 22.9996 
0.00155333 18.8108 15.6774 25.3889 16.125 18.7346 39.1005 19.1101 11.1251 34.5978 78.1752 65.2213 0.270344 11.1999 11.0887 14.7622 18.8942 7.38483 0.35722 8.67654 5.32074 12.1616 0.00016134 0.144381 50.7354 37.2873 0 81.5291 
25.3116 58.4252 9.96425 31.1654 0.0490686 11.3052 69.6399 3.92365 96.7509 44.3806 11.2766 95.9915 0.226573 5.40663 2.22278 13.881 20.3549 29.3223 5.30718 11.4459 42.9226 6.33658 8.87972 0.10131 30.86 6.66353 18.4653 0 
