0 572.246 27.3186 25.3975 202.164 133.41 261.84 8.01924 3.28201 77.3087 0.330919 21.0022 68.4853 16.0028 0.0463769 23.2265 82.4935 130.859 8.75769 240.878 243.484 21.8079 4.79064 34.8601 11.8655 12.188 40.2039 60.5696 
547.057 0 20.2218 1.15088 399.574 223.53 404.668 292.378 47.8846 240.855 57.9947 44.2748 84.3309 67.3717 2.91697 82.2391 56.6243 428.42 147.564 12.4454 130.295 29.8086 46.3836 19.3443 47.7918 1.10086 12.8548 7.24013 
49.3096 454.392 0 73.0162 136.385 47.9006 12.7538 85.6413 6.23334 1.95814 189.775 142.434 56.7251 8.18558 14.076 2.23543 23.6295 36.2062 33.5081 26.8761 108.423 6.58378 8.66795 14.0091 27.4943 16.0965 15.1314 2.63924 
57.4282 167.797 289.123 0 0.020693 59.152 0.733019 141.746 165.587 86.869 154.668 231.699 66.2837 12.0928 1.86241 8.45949 26.2415 51.9247 47.2425 0.257741 786.609 15.3926 0.961381 20.9717 26.246 1.31622 11.7716 0.562362 
30.6161 50.9018 181.305 163.143 0 85.6018 59.9432 51.4771 47.404 52.8188 235.24 78.2155 65.3776 47.4868 47.2249 53.0591 152.347 20.9217 17.2408 49.1299 47.3576 51.6832 22.1214 22.7121 67.6139 60.6516 33.4459 3.4157 
116.865 16.9656 5.62766 18.4027 558.156 0 868.104 125.749 172.064 557.985 19.5968 11.8573 183.249 10.253 35.0488 4.36617 35.1846 122.198 7.10034 0.00074792 69.7668 0.350608 7.48974 17.5342 2.733 0.877948 19.0196 22.423 
251.14 421.447 230.377 182.206 429.039 246.443 0 345.536 575.854 279.335 313.327 284.709 13.0965 1.83208 20.4202 22.088 8.00537 0.0040679 157.052 77.7943 74.9259 14.906 72.4329 4.39995 19.1032 81.2396 14.9868 73.538 
281.182 79.6152 234.639 317.554 43.3454 45.5656 385.081 0 203.473 223.362 183.877 92.841 46.7419 0.896053 182.587 43.9528 92.5404 143.839 4.74925 94.5027 94.0244 54.9132 100.292 42.841 136.127 191.416 0.231027 71.1566 
235.256 211.155 161.053 196.448 269.411 347.517 1.75211 576.105 0 365.162 911.973 76.9079 87.8009 89.4873 158.449 0.802237 66.176 1.7982 85.4188 100.342 37.034 38.5289 73.4619 13.264 35.3722 77.9123 73.2742 99.1673 
132.636 233.053 1.11699 5.24806 326.469 28.8039 223.575 118.381 181.072 0 505.53 236.908 66.745 12.929 15.9869 0.48561 79.2317 101.767 122.38 1.39568 72.1472 6.12842 34.6818 32.8012 68.6214 6.51198 5.76899 38.0665 
112.932 230.431 24.3042 2.40758 76.3029 9.38074 412.217 230.502 637.703 23.9824 0 304.008 7.54042 163.748 331.878 176.119 58.878 142.806 82.6564 44.8649 0.997702 24.1767 130.411 61.2838 7.13606 166.362 31.7091 18.6427 
123.465 62.6571 0.461287 242.31 88.1627 71.6977 115.503 3.35442 328.435 9.93978 518.262 0 55.3246 39.9484 151.122 288.221 86.8241 101.284 100.487 8.61353 5.82312 11.8853 100.645 5.32793 214.415 25.4698 21.0791 4.64926 
31.1249 18.074 70.5503 68.0344 21.3812 43.6852 199.674 106.512 130.28 224.25 59.7785 157.418 0 1.30001 107.589 84.143 16.1206 0.0586237 40.9181 28.6956 37.0812 6.48505 3.11119 69.3359 30.0191 50.5715 0.9202 44.9655 
8.31241 4.78245 0.000860576 14.6348 1.50362 7.06968 92.2885 118.905 70.874 59.4534 201.106 151.771 142.872 0 56.9374 9.55404 13.7331 7.02077 25.7502 2.20906 0.60623 8.18697 7.08945 9.57255 15.3131 1.00856 10.7211 10.0437 
47.4655 93.9921 32.7774 0.688675 82.3718 3.53084 44.9463 41.29 102.889 128.025 386.501 265.498 76.8088 59.2024 0 0.405458 25.2327 18.4346 1.85983 6.59488 50.7939 6.55208 0.395033 20.7107 24.3798 0.290837 0.423559 2.13375 
6.57566 0.233967 24.7993 1.13893 28.722 26.9787 2.19826 256.615 152.381 54.1584 178.455 349.51 58.4629 18.8676 12.118 0 23.0241 24.1442 29.9446 0.368195 7.14001 7.61542 11.0586 0.589748 11.6593 21.1719 14.5595 10.9406 
64.4722 74.8189 3.69876 48.1075 86.3889 37.4417 75.1771 86.6817 1.1519 80.1528 21.5874 5.20596 57.8642 1.47802 8.82781 25.152 0 280.092 90.0905 24.0178 0.514509 19.6458 2.45457 1.43301 12.6015 0.116432 1.12577 24.2793 
217.276 68.0159 157.397 15.9051 46.0363 2.52892 2.80194 97.9867 29.196 108.639 112.189 108.029 75.6985 44.0257 58.6345 61.6605 112.929 0 64.5069 26.4837 99.0189 29.8658 26.8391 39.6848 24.7958 56.8883 25.4862 26.7598 
99.9673 16.9211 0.58105 34.8826 14.8379 15.9471 130.504 27.9136 154.954 77.3539 44.2059 33.8906 6.25757 12.5812 23.6526 6.31644 153.162 41.0115 0 32.6598 53.0288 1.37206 21.1932 18.2541 1.74408 23.0067 6.01488 26.3843 
33.6336 142.022 14.3216 0.312419 28.1964 2.04945 4.4138 7.20073 0.502955 36.7228 66.2916 3.01786 30.0965 0.118071 3.76169 0.059038 10.5502 34.2261 35.3063 0 297.113 5.82688 0.0455711 1.5684 12.4683 6.93264 0.195199 10.3874 
53.1668 86.5072 98.2794 125.833 81.6743 39.1375 54.0366 18.0489 35.9086 95.5368 137.477 163.924 11.9386 44.6848 58.0793 31.3416 14.2733 110.571 1.58538 177.147 0 20.9916 0.879633 31.1122 50.855 11.3225 12.2324 3.38369 
0.27945 45.1082 3.19103 0.128405 53.9974 13.1007 13.3872 55.1268 40.9325 56.4675 15.3597 0.77852 17.4059 8.03993 10.4572 11.144 13.5299 15.8404 2.20966 0.00255488 32.6148 0 10.8359 11.2723 4.95285 6.27288 12.0211 8.47443 
38.8993 43.2344 1.5542 8.78266 47.5533 8.45373 0.51249 89.1785 93.6613 5.41589 57.3088 117.09 0.630388 6.1764 14.7044 9.2369 0.773898 7.03117 0.360487 0.114862 1.74664 10.9337 0 8.93582 0.148114 9.29861 11.684 8.50712 
10.2399 21.0376 3.80007 19.0335 25.0369 6.76431 45.697 5.89548 5.86205 2.16349 117.824 57.4696 60.9308 6.31716 28.1038 27.4562 17.8642 4.47795 12.7004 0.737146 10.9756 8.73281 8.74792 0 30.3624 13.9982 1.80491 3.68318 
68.7551 53.3573 7.73151 6.5703 65.7929 21.102 57.2283 151.554 84.9214 66.9827 87.1429 1028.39 55.8392 14.0084 26.3441 57.536 16.2767 29.4179 22.415 0.559441 59.9735 54.7948 16.8462 49.6681 0 6.0514 32.8696 55.1487 
52.1905 23.5154 0.0788465 0.234985 61.1839 15.3236 14.5664 176.401 134.774 66.6989 166.12 333.852 31.5784 13.0291 0.7738 16.3316 0.822318 56.2367 3.457 8.86356 51.2354 1.68702 0.302983 15.9915 35.5759 0 21.5257 35.3395 
0.0686064 20.9512 14.9519 24.5799 14.4558 19.1484 36.4504 24.2614 8.53743 32.6533 75.2956 56.1665 0.0838573 11.0708 12.1219 15.676 19.3402 6.30302 0.201088 8.9834 6.41247 11.9265 0.0483376 0.466617 51.5011 35.7986 0 64.5851 
28.4425 60.2024 8.70193 30.0516 0.304202 12.4945 67.5713 0.975502 98.4741 41.6154 16.3695 115.317 0.588751 6.09428 1.37259 15.7074 19.757 31.3054 6.07761 11.3539 41.2284 5.97214 9.19642 0.00807319 27.1152 1.13057 5.03945 0 
