0 574.217 29.0118 28.01 204.138 132.744 261.145 8.888 3.08601 76.4193 0.424146 20.1649 68.9037 16.1775 0.0628099 23.5907 81.5273 129.099 8.45576 242.936 243.653 21.9058 4.87938 35.0684 11.5252 11.9208 40.3219 60.6054 
551.379 0 25.0621 0.614232 406.802 224.266 411.574 292 50.1881 241.143 56.4315 45.339 85.0748 67.2341 3.0872 82.3724 56.9352 169.579 146.736 13.0813 129.389 29.9518 46.5326 19.1421 47.5389 1.18695 12.9808 7.37573 
47.2184 449.675 0 82.189 134.767 47.3103 11.3988 88.6276 4.27036 2.18081 191.764 143.704 57.0129 8.27014 14.2922 2.31937 23.367 37.333 33.1835 26.9329 107.777 6.54994 8.71338 14.0488 27.4481 15.9487 15.0821 2.5843 
61.3947 171.747 289.801 0 0.0579227 58.2283 0.979534 598.59 169.28 87.3749 156.045 230.046 66.4581 12.1958 1.77193 8.69894 25.4405 52.868 46.9924 0.206664 613.655 15.3685 0.993472 20.8697 25.9201 1.41466 11.8629 0.599672 
32.0858 55.9751 180.598 162.968 0 93.8622 56.0946 50.3657 45.1404 55.5948 236.316 77.3629 66.4226 47.7571 46.7505 53.3423 152.539 19.989 15.6213 49.6281 46.8295 51.7852 22.3043 22.89 67.6131 60.4648 33.3337 3.33718 
116.925 17.7955 5.27004 17.39 907.168 0 1253.57 127.592 162.765 345.204 21.1922 11.3244 412.179 10.1372 35.2579 4.47405 34.3671 122.015 6.75234 0.00253293 69.5785 0.331199 7.55596 17.5566 2.11736 0.924314 18.9926 22.4464 
252.223 427.979 232.034 183.358 427.575 210.428 0 342.232 530.949 288.08 319.357 284.656 13.8815 1.68528 21.1721 21.6009 7.76021 0.00188018 156.928 77.4127 75.5812 15.0889 72.425 4.26013 18.7562 80.8307 14.8296 73.5279 
279.653 81.6696 232.306 303.626 42.3025 44.0435 382.88 0 193.802 223.537 187.246 78.7662 46.1325 0.773815 182.927 46.2689 92.3636 143.125 4.93312 94.0083 92.8197 55.0694 100.423 42.0206 134.679 193.255 0.192727 71.9328 
233.433 206.153 152.197 191.695 272.278 338.732 0.00444056 583.104 0 367.174 1387.58 80.0006 86.554 88.6923 157.725 0.657204 65.1822 2.03664 86.2304 100.581 36.2565 38.7448 73.9077 13.5803 35.424 77.0269 73.4166 99.2214 
133.274 233.801 0.958634 4.97049 325.416 32.7767 214.857 116.881 185.535 0 497.309 237.611 63.2967 12.5386 16.7694 0.577188 79.0739 101.092 122.509 1.46688 71.8272 5.97347 34.9635 33.0718 68.4893 6.73484 5.86201 37.8652 
111.883 229.101 22.8516 2.76929 77.9593 8.30675 416.718 227.218 628.049 28.4256 0 297.635 8.20892 161.917 326.179 174.111 59.1803 142.224 82.1124 45.2017 1.10189 24.4314 130.143 62.0548 7.52832 166.314 31.4128 18.2583 
122.005 63.8537 0.325876 243.606 89.0238 70.6786 113.388 6.88383 325.374 10.6673 518.451 0 56.0486 38.8325 154.343 277.209 86.7678 100.704 100.504 8.37496 6.11674 12.0746 100.02 4.80161 214.901 22.1683 21.5396 4.23646 
30.7347 18.5681 70.4154 67.8804 22.0893 40.2685 200.597 107.102 129.062 228.296 58.1496 157.588 0 1.6641 108.15 84.097 16.2906 0.0780098 41.2614 28.8206 36.8612 6.19498 3.34941 69.2499 30.2193 50.4564 0.949598 44.9717 
8.45073 4.93257 7.52443e-05 14.5352 1.42107 6.9614 92.5206 118.545 69.9037 59.9479 202.089 152.512 143.913 0 56.1083 9.78901 13.7857 6.90769 25.709 2.19561 0.63727 8.23735 7.23448 9.52004 15.2673 1.0467 10.7366 10.0774 
47.1824 93.8257 32.8599 0.633282 82.6929 3.37397 45.9389 40.0621 100.882 127.534 383.15 264.345 77.7178 59.7781 0 0.159755 25.2935 18.214 1.80227 6.63224 50.6626 6.62626 0.335296 20.4857 24.2221 0.334489 0.443966 2.19581 
6.35755 0.194033 24.7832 1.0447 28.4192 27.0112 2.02961 255.893 152.337 53.5638 176.478 339.269 57.9921 18.7919 13.6957 0 22.9794 23.9381 29.9721 0.381831 7.29634 7.66149 10.9925 0.479185 11.9163 20.8621 14.6242 11.0683 
64.3793 73.3542 3.83232 47.7323 87.3147 36.629 75.6181 86.4523 0.585497 80.0095 21.8478 5.33014 57.9843 1.45101 8.75272 25.1781 0 281.085 67.2887 23.9126 0.480745 19.6687 2.48215 1.40962 11.9752 0.107548 1.10754 24.2873 
218.237 69.6851 156.886 15.2975 47.3561 2.32222 3.16968 97.1117 28.3309 107.997 112.928 107.472 76.0447 43.8966 58.8124 61.6441 116.109 0 65.3879 26.0956 98.6315 29.9542 26.9563 39.582 24.6174 56.9977 25.3866 26.8942 
99.5592 16.2316 0.645731 35.17 13.3324 16.4489 129.763 27.5212 154.89 78.0436 43.6698 33.567 6.08004 12.6649 23.7842 6.39285 149.898 41.806 0 32.5773 53.228 1.40032 21.2262 18.3057 1.78225 23.0824 6.05755 26.3675 
35.8457 142.034 14.4965 0.255955 28.6528 1.9869 4.62483 7.50177 0.435217 36.9383 66.0056 3.16613 29.9745 0.122287 3.72665 0.0536665 10.657 33.8134 35.3544 0 292.823 5.83435 0.0477759 1.58432 12.4418 6.89099 0.202026 10.4061 
51.5284 85.4944 97.5181 124.728 81.1382 38.8198 54.6719 17.373 35.1399 95.3974 137.812 163.665 12.0977 44.7071 58.0628 31.587 14.1121 110.272 1.65156 183.904 0 20.9293 0.848846 30.9723 50.7034 11.1435 12.1364 3.31057 
0.295957 45.2048 3.22052 0.121057 53.9182 13.0276 13.5631 54.9709 41.1464 56.6036 15.1418 0.831694 17.856 7.98833 10.3819 11.168 13.4881 15.9344 2.24486 0.00205514 32.6255 0 10.7276 11.2086 4.93125 6.3032 12.0051 8.49398 
39.0097 43.3982 1.58667 8.70959 47.6889 8.38734 0.565526 88.8463 93.9353 5.57943 58.1495 116.672 0.741671 6.33452 14.4568 9.14619 0.757776 7.11811 0.375498 0.118317 1.70356 10.8261 0 8.52623 0.173153 9.32717 11.6492 8.48208 
10.0779 21.2447 3.74465 18.921 24.8569 6.83215 45.9793 5.54155 5.64611 2.06378 117.384 55.9774 60.6805 6.22359 28.1181 27.6527 17.8308 4.55556 12.7609 0.725385 10.8528 8.80955 9.15889 0 29.8937 13.9265 1.85734 3.63276 
68.0083 52.4993 7.61092 6.16825 65.717 20.431 57.6437 152.849 83.7025 66.8204 86.2603 397.821 55.8194 13.9464 26.2049 60.2908 15.7818 29.2368 22.3414 0.577054 60.014 58.9233 16.5949 50.91 0 4.8569 19.3226 66.4833 
52.5437 23.8494 0.0956722 0.278141 61.365 15.4538 14.1967 174.321 134.363 66.9615 166.211 338.945 31.7826 13.0315 0.707072 16.0091 0.846256 56.3524 3.40188 8.90071 51.0525 1.7094 0.318868 15.9518 35.4477 0 21.2614 36.1641 
0.079524 21.0955 14.9019 24.522 14.3463 19.1737 36.2716 24.62 8.37553 32.5209 75.0902 55.5641 0.0751949 11.0605 12.19 15.7337 19.3691 6.23342 0.192238 9.00326 6.48829 11.9097 0.0545933 0.494494 51.5147 35.6722 0 63.2812 
28.6524 60.3113 8.61875 29.9691 0.328916 12.5735 67.4191 0.848532 98.5616 41.425 16.7373 116.568 0.618867 6.14017 1.32266 15.8254 19.716 31.4366 6.1303 11.3464 41.1111 5.94771 9.2161 0.00556492 26.8523 0.921548 4.42153 0 
