0 591.457 31.9276 47.5555 207.382 146.405 259.905 10.4328 17.6239 74.9363 0.605074 18.8033 69.5991 16.4697 0.0956993 24.2017 94.7133 126.159 7.96313 246.25 243.862 22.0688 5.02891 35.4146 25.7634 11.4811 40.5177 60.662 
572.606 0 34.2017 14.8119 418.527 240.171 422.752 291.291 68.9895 241.55 53.8602 47.1333 86.313 66.9999 3.38133 82.5866 72.2618 697.959 145.331 14.1725 127.869 30.1901 46.7792 18.8065 61.9178 1.33753 13.1919 7.60426 
43.806 440.736 0 98.2482 132.038 46.3148 9.30198 93.6649 1.81624 2.57805 195.013 145.795 57.4883 8.41098 14.6536 2.4622 22.9302 39.2388 32.6414 27.0228 106.681 6.49353 8.7888 14.114 27.3685 15.7017 14.9995 2.49383 
83.105 193.107 286.037 0 0.161617 71.4775 1.46943 801.114 190.229 88.2068 158.309 227.199 66.7444 12.3672 1.62591 9.10347 38.9074 54.4481 46.5724 0.13404 145.794 15.3279 1.04808 20.6981 40.1772 1.58623 12.0154 0.66447 
34.6007 64.8961 179.35 162.636 0 108.946 49.9245 48.5336 41.4731 60.3476 238.065 75.9431 68.171 48.2063 45.9608 53.8119 152.834 18.4784 13.0915 50.458 45.9531 51.9532 22.6096 23.187 67.6084 60.1507 33.1462 3.20814 
131.804 34.0996 4.69808 30.5125 514.443 0 1283.27 130.651 162.323 409.922 23.9776 10.4618 670.746 9.94439 35.6002 4.65606 47.8049 121.69 6.19026 0.00785678 69.2599 0.300062 7.66636 17.5927 15.8947 1.00416 18.9469 22.4842 
253.952 438.5 234.643 185.214 424.818 155.549 0 336.58 457.517 302.555 329.288 284.496 15.237 1.45404 22.4505 20.7977 7.35952 0.0492551 156.694 76.7693 76.6728 15.3953 72.406 4.03189 18.1833 80.1415 14.5689 73.5064 
277.02 85.129 228.304 281.175 40.5869 41.5493 379.024 0 178.001 223.783 192.858 57.7013 45.1218 0.589821 183.441 50.2322 92.0645 141.924 5.24713 93.1751 90.8156 55.3278 100.632 40.6633 132.244 196.25 0.136568 73.2248 
245.148 212.619 137.739 198.534 276.982 338.572 4.11227 594.2 0 370.319 597.319 85.2564 84.4826 87.3637 159.667 0.447547 78.326 2.46656 87.5808 100.97 34.9743 39.1045 74.6459 14.1145 50.3193 75.5496 73.6508 99.3038 
134.323 234.979 0.721383 4.52392 323.48 41.0577 200.443 114.381 192.98 0 483.052 238.725 57.709 11.8991 18.1087 0.747239 78.8059 99.9622 122.707 1.5894 71.2913 5.71923 35.4321 33.5222 68.263 7.11366 6.01844 37.5283 
110.13 226.84 20.5222 3.42765 80.7417 6.65778 423.96 221.715 611.748 36.6199 0 286.964 9.3833 158.816 316.349 170.707 59.6827 141.245 81.2028 45.763 1.28704 24.8576 129.674 63.34 8.20443 166.195 30.9203 17.6251 
119.571 65.8641 0.152212 245.662 90.4587 68.984 109.877 15.5234 320.166 11.9339 518.409 0 57.2607 36.9976 159.689 258.73 86.6707 99.7347 100.528 7.98397 6.62129 12.3929 98.9657 3.98399 217.509 17.1507 22.3158 3.5902 
30.0879 19.4042 70.1842 67.6188 23.2914 34.8176 202.089 108.08 127.025 234.943 55.4716 157.855 0 2.36947 109.058 84.0068 16.5751 0.116453 41.8335 29.0284 36.495 5.72525 3.76522 69.0981 30.5527 50.2619 0.999617 44.9804 
8.68323 5.18746 0.00066524 14.3687 1.28849 6.78192 92.8947 117.927 68.2883 60.7651 203.642 153.707 145.563 0 54.6036 10.1803 13.8733 6.72097 25.6394 2.1732 0.690699 8.32065 7.47001 9.42925 15.1892 1.11169 10.7619 10.1329 
46.709 93.5376 32.9915 0.546044 83.2201 3.11975 47.6063 38.0453 97.5526 126.672 377.076 262.266 79.2221 60.5951 0 1.87107e-05 25.394 17.8482 1.70828 6.69439 50.4416 6.75021 0.246488 20.1062 23.9567 0.413903 0.479043 2.30106 
6.0018 0.135755 24.7526 0.8965 27.9157 27.0619 1.76293 254.533 152.232 52.5694 173.124 321.788 57.2017 18.6539 16.4964 0 22.9042 23.5951 30.0167 0.40509 7.56014 7.73802 10.8795 0.320117 12.3476 20.342 14.7312 11.2812 
79.0238 85.7155 4.0597 61.9051 88.8539 50.0744 76.3497 86.0661 14.4503 79.7653 22.2838 5.5401 58.1825 1.40651 8.62801 25.221 0 282.585 186.977 23.7364 0.426992 19.7065 2.52839 1.37104 25.7328 0.0935247 1.07751 24.3004 
219.788 71.6565 155.989 14.308 49.5865 1.99672 3.83225 95.6532 26.9143 106.92 114.155 106.538 76.619 43.6798 59.1061 61.6137 121.442 0 66.8597 25.4526 97.9811 30.1011 27.1515 39.4096 24.3204 57.1774 25.2205 27.1181 
98.8703 15.1114 0.760977 35.6483 10.9949 17.2986 128.51 26.871 154.764 79.188 42.7796 33.0292 5.78935 12.8045 24.0032 6.52104 144.302 43.1406 0 32.4382 53.5586 1.44807 21.2806 18.3913 1.84673 23.2079 6.12885 26.3389 
39.6586 142.016 14.7877 0.174263 29.4182 1.88464 4.98691 8.01608 0.333225 37.2962 65.5259 3.42096 29.7704 0.129475 3.66848 0.0452719 10.8355 33.1277 35.4325 0 285.21 5.8467 0.0515666 1.61096 12.397 6.82149 0.213656 10.4371 
48.8386 83.808 96.2338 122.026 80.2431 38.2902 55.7351 16.2723 33.8733 95.1598 138.359 163.218 12.3646 44.7425 58.0323 31.9961 13.845 109.767 1.76481 195.094 0 20.8252 0.798686 30.7383 50.4487 10.8476 11.9769 3.19035 
0.324509 45.3645 3.26988 0.109285 53.784 12.9056 13.8585 54.7096 41.5023 56.8263 14.7813 0.92413 18.6157 7.90169 10.2563 11.2073 13.4183 16.0913 2.30411 0.00134241 32.6428 0 10.5456 11.1012 4.89607 6.35362 11.9781 8.52641 
39.1922 43.6698 1.64144 8.5879 47.9132 8.27658 0.659691 88.285 94.3829 5.85688 59.5536 115.96 0.947068 6.59421 14.0427 8.99322 0.731265 7.26396 0.401155 0.124188 1.63295 10.6453 0 7.85052 0.220273 9.37403 11.5906 8.44003 
9.81026 21.591 3.65295 18.7324 24.557 6.94548 46.4482 4.97511 5.29441 1.90263 116.632 53.5175 60.2575 6.06683 28.1319 27.9569 17.7749 4.68623 12.8616 0.705965 10.6493 8.93697 9.84812 0 29.1038 13.8055 1.9462 3.54923 
81.5603 65.8689 7.41126 20.3039 65.5871 34.113 58.3338 154.973 96.4674 66.544 84.7842 810.959 55.7832 13.8418 25.9694 64.7713 29.7582 28.935 22.2184 0.606986 60.0785 65.0395 16.1767 53.0065 0 5.23845 4.50825 87.1315 
53.1298 24.409 0.127313 0.35809 61.6636 15.6706 13.5894 170.799 133.656 67.3919 166.325 347.051 32.1224 13.0338 0.602444 15.4718 0.886865 56.5429 3.31085 8.96226 50.745 1.74695 0.346212 15.8835 35.228 0 20.82 37.5318 
0.0995188 21.3366 14.8181 24.4245 14.1645 19.2153 35.9733 25.2221 8.10882 32.2998 74.7443 54.561 0.0617935 11.0429 12.3033 15.829 19.4169 6.11815 0.177953 9.03622 6.6154 11.8814 0.0658589 0.54271 51.5275 35.4541 0 61.0745 
29.0024 60.4901 8.4804 29.8295 0.372248 12.7051 67.1617 0.656331 98.6996 41.106 17.3576 118.638 0.67069 6.21664 1.24143 16.0208 19.6474 31.6547 6.21848 11.3336 40.9145 5.90695 9.24849 0.00241903 26.4111 0.620018 3.47751 0 
