0 717.424 40.684 188.15 216.148 267.878 255.904 15.3855 142.161 70.7921 1.28162 15.2248 71.5318 17.2957 0.224461 25.9345 215.016 117.908 6.65733 253.625 243.965 22.5243 5.45802 36.3789 149.072 10.287 41.0588 60.7994 
710.058 0 66.4611 139.903 448.988 367.268 451.64 288.786 206.074 242.208 46.9069 52.2895 89.7606 66.3121 4.27332 83.1341 198.626 556.438 141.24 17.4315 123.541 30.8554 47.4573 17.8761 185.585 1.80614 13.789 8.26 
34.7735 408.983 0 146.473 124.201 43.4578 4.53546 108.099 0.449053 3.86187 203.65 151.453 58.7923 8.80533 15.6707 2.88212 21.7141 44.7417 31.1218 27.2434 103.484 6.33548 8.99763 14.2903 27.1276 15.007 14.7653 2.24807 
229.101 335.998 264.034 0 0.728132 191.909 3.36107 366.392 332.156 90.459 164.438 218.654 67.5148 12.8463 1.24926 10.2713 160.034 58.9203 45.378 0.013927 376.5 15.2114 1.20825 20.2084 163.504 2.11665 12.4433 0.863153 
42.0646 92.7806 175.401 161.434 0 157.746 34.3623 43.5345 31.9366 74.4305 242.651 71.9895 73.1118 49.4499 43.7515 55.1096 153.495 14.5401 7.15735 52.7758 43.5201 52.4102 23.468 24.0215 67.5715 59.2499 32.6179 2.85979 
256.727 163.93 3.26072 150.733 650.389 0 1225.19 139.105 246.646 490.255 32.5855 8.21662 331.189 9.40649 36.5185 5.18111 168.839 120.652 4.73808 0.0383584 68.3374 0.22094 7.97601 17.6863 137.899 1.24455 18.815 22.5822 
258.283 465.322 240.897 189.968 415.052 44.9321 0 319.856 268.93 342.094 356.185 283.565 19.3392 0.896253 26.1879 18.6111 6.29049 0.520838 155.862 74.9213 79.7224 16.2643 72.3139 3.42419 16.615 78.1624 13.8475 73.4156 
269.117 95.0321 216.402 228.477 35.9309 34.8679 367.02 0 136.194 224.178 208.532 15.6331 42.3263 0.206942 184.537 61.9612 91.1986 138.492 6.17501 90.7863 85.2318 56.0402 101.145 36.9351 125.293 204.135 0.0306336 76.8309 
361.05 314.209 99.7661 300.967 289.613 419.826 61.3658 621.238 0 377.718 620.193 100.6 78.7247 83.6301 185.394 0.0738499 198.537 3.88617 91.3438 101.992 31.4812 40.1091 76.6795 15.6554 175.487 71.4053 74.2845 99.4824 
137.151 237.821 0.235614 3.38107 316.884 74.124 161.179 107.379 213.795 0 439.822 241.475 43.1879 10.1842 22.0846 1.33866 78.022 96.7596 123.139 1.95749 69.7745 5.03384 36.7368 34.7786 67.5892 8.22344 6.46573 36.5781 
105.204 220.237 14.6129 5.63469 88.6721 2.99516 442.407 206.162 559.869 64.5772 0 256.895 13.0699 149.832 286.868 160.832 61.0827 138.435 78.6376 47.3315 1.88072 26.0612 128.213 66.9404 10.2415 165.603 29.5505 15.9007 
112.746 71.5861 0.0134576 250.715 94.4747 64.2658 100.165 57.4949 304.945 15.8361 515.921 0 60.6831 32.0339 174.441 207.009 86.3763 96.998 100.561 6.93492 8.1351 13.3016 95.9393 2.09404 232.229 6.43284 24.5447 2.06086 
28.3003 21.8273 69.4932 66.8548 26.799 21.888 205.962 110.777 121.27 252.81 48.2217 158.499 0 4.98959 111.411 83.6639 17.3803 0.264835 43.4363 29.6061 35.4705 4.50272 5.05213 68.619 31.4842 49.6985 1.14628 44.9934 
9.34784 5.93239 0.0149477 13.8994 0.951338 6.28665 93.8574 116.083 63.7784 63.0061 207.399 156.792 149.599 0 49.6492 11.2697 14.1175 6.20988 25.4379 2.11059 0.851556 8.54894 8.0816 9.15426 14.9601 1.30302 10.8301 10.2847 
45.3725 92.6629 33.3208 0.335808 84.6435 2.45709 52.3489 32.6109 88.3342 123.979 356.955 255.416 83.3571 61.9004 0 1.21238 25.671 16.837 1.45789 6.86796 49.8084 7.09954 0.0700262 19.0155 23.1962 0.680403 0.584162 2.60728 
5.05608 0.0277526 24.6421 0.540805 26.5162 27.1812 1.11496 249.716 151.725 49.7702 163.374 270.988 54.9579 18.1899 25.3239 0 22.6898 22.64 30.1334 0.473682 8.32006 7.95062 10.5448 0.0442227 13.5736 18.8653 15.0256 11.8772 
203.428 203.754 4.72814 184.983 93.1369 171.127 78.3739 84.9609 136.736 79.0473 23.5212 6.1481 58.7233 1.28539 8.28172 25.336 0 285.73 363.262 23.2387 0.293394 19.8101 2.65974 1.26568 147.669 0.059454 0.995504 24.3336 
223.793 71.0993 153.177 11.697 56.0284 1.21466 6.01423 91.5625 23.1156 103.856 117.554 103.895 78.2087 43.0633 59.9094 61.5072 136.515 0 70.9949 23.678 96.1269 30.5096 27.6959 38.9201 23.4922 57.6638 24.7548 27.7442 
96.8837 12.1696 1.13329 36.9817 5.617 19.7629 124.891 25.0808 154.285 82.3568 40.3134 31.5358 5.01055 13.1958 24.6127 6.88479 127.772 46.9415 0 32.0376 54.4745 1.58567 21.4291 18.6284 2.0329 23.5554 6.32998 26.2545 
51.1062 141.707 15.6004 0.028703 31.5898 1.61159 6.06879 9.53929 0.119797 38.2894 64.1627 4.18467 29.1946 0.150659 3.50691 0.0255617 11.3396 31.223 35.6378 0 261.086 5.88061 0.0629396 1.68635 12.2684 6.6263 0.247917 10.5216 
41.6044 79.0976 92.5432 109.001 77.7229 36.8078 58.7302 13.3685 30.4253 94.4599 139.827 161.863 13.1245 44.8302 57.9273 33.1407 13.1076 108.309 2.10127 225.556 0 20.5328 0.666207 30.08 49.7218 10.0361 11.5341 2.86494 
0.411395 45.8024 3.40935 0.0795186 53.3941 12.5616 14.6971 53.9665 42.4952 57.4216 13.7899 1.20847 20.8037 7.65512 9.90288 11.3124 13.2222 16.532 2.47365 0.000151464 32.6874 0 10.0258 10.793 4.80317 6.49438 11.9005 8.61615 
39.6946 44.4199 1.7989 8.24823 48.5281 7.96663 0.961366 86.6619 95.5756 6.66527 63.5 113.854 1.65355 7.28831 12.8764 8.55422 0.659486 7.67867 0.477425 0.141358 1.44285 10.1282 0 6.02854 0.387801 9.50027 11.4225 8.32006 
9.07583 22.5671 3.40047 18.1976 23.7201 7.26461 47.7505 3.54663 4.36714 1.48534 114.419 46.8139 59.0326 5.62414 28.1025 28.6503 17.6163 5.06086 13.1433 0.652829 10.0868 9.29005 11.782 0 26.8427 13.4558 2.20471 3.31883 
202.889 186.707 6.86156 143.326 65.2012 155.831 60.2489 160.688 215.594 65.7322 80.6272 1114.1 55.6607 13.5405 25.2886 75.7924 152.306 28.0906 21.8713 0.694624 60.2386 75.2024 15.0128 58.911 0 20.9308 25.4983 137.646 
54.7538 25.9962 0.239749 0.635072 62.4776 16.275 11.9491 160.619 131.537 68.5509 166.383 367.022 33.07 13.0288 0.353374 13.9749 1.00546 57.0597 3.0618 9.13254 49.8684 1.85385 0.428522 15.6774 34.5736 0 19.5796 41.295 
0.16736 22.0138 14.5807 24.1444 13.659 19.3274 35.1351 26.9323 7.38231 31.6761 73.7518 51.7621 0.0312594 10.9907 12.6189 16.0894 19.5491 5.80027 0.140841 9.12735 6.97682 11.7999 0.102988 0.689204 51.5022 34.7964 0 54.7173 
29.9833 60.9724 8.09538 29.4243 0.507723 13.0728 66.4156 0.249059 99.0347 40.2032 19.1424 124.33 0.826694 6.4305 1.02689 16.5592 19.4533 32.263 6.46768 11.295 40.3565 5.79261 9.33642 0.00048415 25.1597 0.0915786 1.42287 0 
