0 913.535 75.9388 518.19 241.996 509.484 236.609 38.9563 400.89 56.8162 5.4732 5.70483 77.9667 20.202 1.07277 32.0879 454.41 89.8815 3.03407 230.046 238.954 24.0758 7.04212 39.6113 399.365 6.63311 42.8313 61.0318 
945.094 0 228.376 416.456 519.666 620.233 516.932 274.572 512.795 239.053 26.1559 71.2561 101.275 63.6076 8.06861 84.4102 459.363 961.771 125.648 30.6565 108.06 33.1076 49.6373 14.7993 436.716 3.92669 15.8995 10.6791 
10.8963 247.948 0 282.995 95.9247 33.1735 1.12787 159.215 55.3344 10.0993 227.208 168.31 62.9273 10.1444 19.1729 4.5294 17.6519 65.0627 25.9283 27.641 91.2859 5.79414 9.68475 14.8203 26.1083 12.6122 13.9321 1.49367 
568.794 645.085 400.695 0 5.70798 431.274 15.4356 461.377 641.048 97.2349 182.663 183.895 69.796 14.4676 0.32845 14.6034 402.64 74.5638 41.0991 0.535531 681.043 14.7837 1.83644 18.4363 413.457 4.46898 13.9181 1.73321 
71.766 212.753 157.208 154.357 0 310.946 2.55494 28.0684 8.25417 129.416 254.694 58.7524 90.3439 53.5436 36.2695 59.346 153.902 4.49739 0.362093 60.594 35.4602 53.8247 26.4405 26.9068 67.1821 55.946 30.7769 1.81115 
510.436 443.68 0.293159 390.992 186.581 0 420.242 166.17 400.604 729.27 69.9237 2.51929 630.074 7.5993 39.1668 7.13338 411.021 115.712 1.19418 0.316341 64.8499 0.0410502 9.03767 17.9199 383.596 2.25109 18.3176 22.8296 
267.124 521.623 249.726 200.948 360.793 236.734 0 254.646 9.56498 454.604 433.706 275.073 36.5789 0.00295519 40.5463 11.88 3.23555 5.88612 151.079 68.1167 90.0401 19.355 71.5665 1.70516 11.6785 70.8839 11.476 72.7629 
236.717 130.759 169.571 184.786 21.811 15.853 314.019 0 30.3625 222.218 260.46 74.509 33.183 0.38387 184.383 107.449 87.9226 126.033 9.88695 82.0406 66.6096 58.3471 102.124 25.1132 100.462 224.771 0.242064 88.9336 
582.536 493.13 11.8407 481.261 325.759 522.912 639.754 662.998 0 386.524 805.965 158.653 59.6944 70.7625 288.128 1.18752 437.898 11.1056 103.938 104.745 20.6773 43.5155 83.2289 21.4091 432.315 57.2803 76.2065 99.5099 
145.548 242.267 0.583776 0.707034 282.165 250.953 50.6664 83.6781 281.911 0 270.409 246.608 8.38688 5.22196 37.8872 4.62307 74.972 85.4374 123.261 3.49533 64.4123 2.99397 41.1022 39.0131 64.8445 12.5435 8.09916 33.2556 
88.2368 194.889 1.80134 17.1059 116.989 1.44847 482.29 152.51 249.598 205.183 0 156.509 29.9131 116.639 174.145 124.283 65.7818 128.11 69.6913 52.6559 4.74936 30.2882 121.606 79.1603 18.7505 160.727 24.9774 10.5729 
89.5366 92.032 3.40795 259.699 108.128 48.6118 68.7573 361.776 247.175 32.9429 481.699 0 72.661 17.2724 220.497 56.2457 85.1198 87.4116 100.289 3.86834 14.4229 16.6029 84.8459 0.200114 201.504 9.16852 32.7484 0.0220916 
22.4589 30.9871 66.6566 63.8969 40.2682 16.3757 215.611 119.523 101.193 302.771 26.5729 159.519 0 20.6835 117.244 81.4952 20.2276 1.22692 48.9109 31.5338 31.9808 1.39493 10.7625 66.3834 34.6414 47.5669 1.72236 44.9125 
11.7675 8.82171 0.204446 12.2654 0.18083 4.68237 96.1779 108.548 48.6911 70.0611 213.367 164.269 156.388 0 27.6392 14.7658 14.9418 4.59423 24.6762 1.89768 1.52719 9.26962 9.47464 8.00464 14.0631 2.05733 11.0309 10.7622 
40.6937 88.9237 33.9982 0.00093258 88.8962 0.766044 69.163 16.6903 58.8041 111.877 260.799 221.615 96.407 55.2876 0 21.9561 26.5668 13.5304 0.746081 7.45557 47.4851 8.31472 0.28251 15.0592 20.4261 2.07135 1.02019 3.77965 
2.40237 0.276147 23.9902 3.58949e-05 21.8558 27.3323 0.0142301 222.749 147.633 40.1265 127.066 102.906 46.9996 15.8171 60.2952 0 21.9116 19.4351 30.4399 0.746795 11.1518 8.65687 9.21671 1.01204 17.9035 13.7248 15.9704 13.9007 
456.994 435.982 7.3598 433.97 107.348 413.34 85.0057 80.9128 383.797 76.2122 27.9252 8.45067 60.4151 0.909409 7.12947 25.6741 0 284.466 380.013 21.4883 0.0248701 20.1395 3.13092 0.934684 392.991 0.000966971 0.737989 24.411 
233.535 32.5191 140.429 4.6385 79.9529 0.000957191 17.0224 77.5769 12.108 92.8904 128.735 94.5546 83.4323 40.8468 62.4381 60.9052 187.772 0 85.1925 17.9256 89.4409 31.8768 29.5363 37.1702 20.695 59.1384 23.1517 29.8791 
89.4756 4.39765 2.95125 41.459 0.828145 29.0198 111.391 19.3004 151.25 92.7093 32.1894 26.5683 2.74909 14.5388 26.6548 8.18282 68.6247 60.5538 0 30.547 57.4961 2.10115 21.8939 19.4127 2.73342 24.7015 7.03503 25.9189 
96.6031 137.813 18.3225 0.46325 39.2925 0.829766 10.5063 15.6463 0.199733 41.5787 59.29 7.34911 27.1758 0.234947 2.96991 0.000472863 13.1078 24.9104 36.189 0 158.657 5.98924 0.110334 1.95277 11.7918 5.95364 0.384145 10.7873 
20.593 63.2511 79.0271 38.3185 68.9704 31.7587 69.1489 5.4886 19.795 91.6812 144.094 156.095 15.8633 45.0018 57.3507 37.0399 10.6999 102.856 3.46872 307.688 0 19.5201 0.302185 27.7881 47.0862 7.45515 10.0585 1.87579 
0.786188 47.1986 3.90079 0.0132506 51.9028 11.3641 17.6965 51.3027 45.8464 59.1373 10.6043 2.46525 28.8945 6.77176 8.68068 11.6152 12.5431 18.0583 3.09496 0.00506003 32.7984 0 8.16452 9.66468 4.55564 6.97044 11.6112 8.91153 
41.3115 46.869 2.3827 7.1001 50.4849 6.90927 2.41534 80.5651 98.9587 9.77179 77.0343 105.467 5.50102 9.10036 8.92367 6.96151 0.440713 9.168 0.787846 0.208273 0.877937 8.27238 0 1.2689 1.34905 9.87468 10.8038 7.8856 
6.74131 25.9768 2.58717 16.3001 20.8855 8.37362 52.0736 0.464701 1.84638 0.441455 105.702 26.4037 54.4232 4.10278 27.2532 29.1496 17.0499 6.43968 14.1031 0.484915 8.24664 10.4487 17.6735 0 18.8508 12.1505 3.19355 2.57258 
445.792 428.15 5.09414 392.646 63.636 400.341 66.5878 177.29 451.033 62.542 66.27 970.338 55.0064 12.4214 22.7399 79.7314 399.704 25.2104 20.6523 1.0369 60.5583 29.0199 11.173 74.929 0 90.1876 63.7218 33.9181 
60.0858 31.6262 0.887621 2.16373 65.0099 18.3054 7.0457 123.31 122.773 71.9707 163.694 399.638 36.2614 12.8855 0.00104294 9.07478 1.46583 58.6425 2.27493 9.69038 46.7028 2.23883 0.773169 14.8127 31.9264 0 15.3408 52.8095 
0.532219 24.3591 13.7376 23.1093 11.9707 19.663 32.236 33.0466 5.12913 29.4949 70.098 42.3458 0.00481752 10.7785 13.6766 16.9065 19.983 4.76625 0.0464274 9.42653 8.27397 11.498 0.292089 1.3168 50.8086 32.0482 0 32.4759 
33.3444 62.4163 6.80772 27.882 1.12913 14.318 63.5865 0.323697 99.6025 37.0097 25.7588 142.351 1.48191 7.15775 0.441483 18.2893 18.7667 34.3164 7.34662 11.1354 38.3644 5.3991 9.60599 0.0706756 20.7691 1.84176 1.28931 0 
