0 626.518 92.173 317.774 250.524 266.225 226.262 51.4818 167.631 51.1768 8.05328 3.06107 80.5433 21.4408 1.60962 34.7226 211.035 78.593 1.92935 195.997 234.475 24.7158 7.75114 40.917 160.768 5.32564 43.5297 61.0193 
671.847 0 303.17 196.9 530.708 377.906 526.024 266.233 300.691 235.306 19.103 79.6318 105.882 62.3307 9.96999 84.6626 225.025 710.391 118.561 36.9638 101.401 34.0299 50.4752 13.5758 198.287 5.03785 16.8052 11.7607 
4.74884 173.047 0 297.043 83.9439 28.8354 5.69533 180.069 101.518 13.479 233.847 173.991 64.4812 10.6906 20.614 5.30088 16.0241 73.9545 23.7972 27.64 85.7436 5.56944 9.95607 15.0056 25.5991 11.6205 13.5726 1.22154 
367.868 424.947 342.684 0 9.12052 187.721 22.8344 806.476 422.715 99.5829 188.788 167.532 70.5751 15.128 0.118788 16.5222 160.768 81.1019 39.248 1.17369 351.943 14.5929 2.13274 17.662 174.528 5.67623 14.5332 2.17921 
85.6492 268.646 147.789 150.13 0 336.816 0.043698 22.4816 2.86421 154.177 257.932 53.4355 97.55 55.159 33.2257 61.0011 153.219 1.97802 3.87122 63.756 32.2545 54.3419 27.6866 28.1149 66.9006 54.4791 29.998 1.44241 
272.241 219.843 8.15071e-05 148.541 249.461 0 33.1154 176.216 144.688 717.224 88.2593 1.09921 635.002 6.87195 40.0211 8.00694 168.927 113.054 0.404479 0.510345 63.2588 0.00826667 9.47704 17.9769 143.041 2.74994 18.0905 22.8917 
267.958 526.483 247.417 202.929 330.293 489.979 0 225.224 127.382 485.244 457.074 269.199 45.0472 0.101141 47.0959 9.46357 2.25145 9.78795 148.235 65.0993 94.2394 20.6876 71.0602 1.16011 9.84106 67.6606 10.5382 72.3364 
221.213 146.078 148.4 161.274 16.8546 9.95541 287.621 0 7.92281 219.902 280.553 184.685 29.6061 1.13678 182.535 127.725 86.4239 120.576 11.6657 78.1848 59.1961 59.2428 102.169 20.7105 89.9454 230.08 0.592039 93.7884 
330.624 227.581 0.326689 216.106 336.994 230.724 933.422 655.414 0 382.442 1603.76 184.39 52.2132 65.428 250.231 2.73591 194.632 15.1458 108.986 105.537 16.7627 44.912 85.738 24 196.472 51.5273 76.889 99.2541 
148.407 241.652 1.64492 0.178194 262.944 327.807 21.2346 74.1257 307.251 0 199.64 246.737 1.7362 3.60925 45.2452 6.54095 73.5439 80.612 122.689 4.25787 62.1161 2.29199 42.8546 40.7293 63.5124 14.5589 8.82289 31.8496 
81.2193 183.315 0.0866324 23.5428 129.068 5.8576 487.113 130.747 121.508 276.255 0 118.591 38.6833 102.3 127.892 108.5 67.6857 123.529 65.9239 54.8361 6.31645 32.0863 118.17 84.1205 22.9368 157.441 23.1384 8.63976 
80.1172 100.805 6.55219 259.48 113.709 42.4388 56.844 529.308 221.489 41.6133 456.644 0 77.7166 12.3097 236.513 18.415 84.4852 83.3515 99.9995 2.84272 17.5194 18.0567 79.965 1.52832 134.409 28.1076 36.3881 0.655192 
20.1721 35.1523 65.2718 62.5185 46.455 29.238 217.881 122.909 92.8019 316.969 19.2315 159.399 0 29.8908 118.589 80.1518 21.4493 1.83268 51.1676 32.3097 30.5421 0.616159 13.6855 65.1915 35.9334 46.5923 1.99527 44.8214 
12.8351 10.1701 0.346754 11.5788 0.0381615 4.06459 96.6845 104.902 42.6951 72.663 212.595 165.89 155.835 0 18.2796 16.0251 15.2785 3.98619 24.3276 1.81007 1.86441 9.53804 9.6654 7.44798 13.6425 2.4127 11.0993 10.9403 
38.7141 87.0441 34.0693 0.0394071 90.3633 0.340167 76.2598 11.4709 47.9092 105.691 213.513 203.643 101.187 48.1427 0 35.8732 26.9143 12.233 0.517968 7.69596 46.452 8.82506 0.74038 13.3672 19.2146 2.85684 1.23554 4.31974 
1.5768 0.661316 23.5977 0.0890987 19.9909 27.2769 0.0738357 207.387 144.887 36.1591 111.295 50.0784 43.6129 14.5323 73.2499 0 21.5685 18.138 30.5244 0.877303 12.4276 8.93879 8.59655 2.25355 19.7202 11.6325 16.3321 14.7239 
219.525 189.959 8.60107 194.595 112.964 171.245 87.6066 79.1161 143.99 74.8679 29.8266 9.50632 61.043 0.771113 6.66689 25.7888 0 278.474 142.095 20.7423 6.12263e-06 20.2649 3.33637 0.810882 152.212 0.00331591 0.641672 24.4266 
235.677 37.5023 133.848 2.61729 90.5561 0.173089 23.1267 71.8238 8.50651 88.1583 133.137 90.5619 85.4932 39.8801 63.3831 60.5475 207.813 0 91.0319 15.7039 86.5217 32.4299 30.289 36.4105 19.5534 59.6618 22.4823 30.7607 
86.1478 2.2772 3.94725 43.2651 5.17021 33.1626 105.357 17.0713 149.364 96.7301 28.9832 24.5784 1.99953 15.0969 27.4797 8.74484 47.1977 66.4086 0 29.8758 58.6962 2.33534 22.0668 19.7254 3.05285 25.1566 7.33538 25.7583 
116.958 134.936 19.4087 1.06617 42.5832 0.577445 12.6671 18.5655 0.603422 42.8873 57.1818 8.90681 26.3176 0.275281 2.75483 0.00949537 13.8593 22.4051 36.3476 0 114.32 6.03094 0.133869 2.06703 11.5777 5.67323 0.449348 10.8866 
13.8113 56.8723 73.1194 23.0215 65.2993 29.6851 73.5209 3.20004 15.96 90.3563 145.509 153.202 17.0613 45.014 57.0125 38.6426 9.75541 100.389 4.13377 325.95 0 19.0943 0.192157 26.8214 45.9277 6.4778 9.46457 1.52304 
0.977143 47.7304 4.111 0.00207064 51.2132 10.8597 18.9967 50.1438 47.213 59.698 9.38132 3.11525 32.4793 6.39081 8.17057 11.7143 12.2576 18.6995 3.3715 0.0112112 32.8254 0 7.37243 9.16778 4.48884 7.16517 11.4805 9.02869 
41.9342 47.8286 2.64451 6.63207 51.2274 6.47419 3.20829 77.8066 100.032 11.2072 82.5819 101.493 7.72182 9.50662 7.36426 6.27656 0.36223 9.81754 0.939187 0.23976 0.682894 7.48059 0 0.282188 1.91742 10.0027 10.5281 7.69483 
5.85748 27.4188 2.27461 15.4875 19.7255 8.83958 53.7975 0.0317593 1.10631 0.186859 101.608 19.3393 52.3367 3.48935 26.5694 28.4856 16.804 7.05562 14.4993 0.421716 7.52322 10.9015 19.3948 0 15.5909 11.5655 3.64875 2.28359 
203.86 185.717 4.41823 153.644 62.8764 159.2 69.1011 182.653 206.077 61.0382 60.3335 187.461 54.6281 11.9209 21.5958 65.9022 159.78 24.0216 20.1327 1.198 60.5862 6.17571 9.68249 77.4919 0 59.4789 1.69995 54.6875 
62.1796 34.0389 1.27412 3.05438 65.9406 19.1246 5.35526 107.337 118.498 73.1269 161.277 395.235 37.5572 12.7687 0.0862871 7.21991 1.68171 59.2127 1.97882 9.90977 45.318 2.40715 0.944106 14.3852 30.6611 0 13.6168 56.6377 
0.744169 25.3439 13.3744 22.6458 11.2895 19.7801 31.0211 35.6903 4.30305 28.5697 68.4692 38.5452 0.0295872 10.6752 14.1042 17.21 20.1547 4.36182 0.0221429 9.54487 8.83954 11.3623 0.398658 1.63324 50.2898 30.7014 0 23.8793 
34.7371 62.9193 6.28923 27.1746 1.45881 14.8275 62.2908 1.02627 99.5719 35.642 28.7177 149.005 1.809 7.45619 0.268227 18.9479 18.4715 35.1548 7.72319 11.0564 37.5011 5.23481 9.70324 0.134826 18.9424 4.14271 4.38401 0 
