0 416.436 112.882 231.316 259.081 125.919 211.695 69.0316 41.9978 44.35 11.9401 0.896186 83.6616 23.006 2.4289 38.0486 71.2192 65.0505 0.894716 147.46 227.004 25.5092 8.67528 42.508 27.085 3.8806 44.3673 60.9131 
475.107 0 386.355 92.1609 527.9 235.626 521.242 253.997 201.332 228.696 11.7473 90.3787 111.437 60.6188 12.5928 84.7446 96.5201 992.441 109.338 45.3606 92.9882 35.1666 51.4606 12.1009 64.6635 6.60695 17.9566 13.1686 
0.575928 89.341 0 268.329 69.2254 23.5289 16.1378 204.672 172.085 18.2825 239.233 179.838 66.2703 11.3581 22.3768 6.32555 14.0575 85.1885 21.1837 27.5007 78.5419 5.28997 10.2812 15.2066 24.8975 10.3973 13.114 0.917914 
276.993 307.638 168.475 0 14.4221 47.5937 33.8022 874.4 309.485 102.09 195.076 146.157 71.4019 15.9358 0.00342103 18.9793 22.9556 89.1767 36.8932 2.30654 417.57 14.3444 2.53009 16.6709 40.2656 7.35457 15.2999 2.80274 
103.868 338.053 134.815 143.877 0 347.656 6.07421 16.2851 0.0430828 185.446 260.441 47.0011 106.475 57.0931 29.5114 62.9678 151.668 0.259474 13.371 67.5954 28.3953 54.9269 29.2456 29.6248 66.4511 52.5783 29.0162 1.03918 
138.184 105.85 0.430894 10.3706 183.424 0 621.548 187.455 11.0509 953.478 112.622 0.138618 256.066 5.99183 40.8667 9.13897 30.8006 109.271 0.00397558 0.815996 61.1658 0.00237798 10.021 18.0142 6.88638 3.43508 17.7907 22.9352 
266.606 516.404 239.656 203.176 287.543 776.723 0 187.924 425.647 506.239 477.273 260.046 56.5178 0.61273 55.6119 6.79613 1.26767 15.975 144.017 61.2086 99.3715 22.3843 70.2695 0.624224 7.7418 63.5087 9.41096 71.6777 
200.609 165.222 121.658 84.0836 11.4953 4.4418 252.24 0 0.354732 215.804 303.752 370.707 25.3546 2.63092 178.79 153.09 84.4464 113.583 14.071 73.2312 50.3143 60.3053 101.926 15.7108 76.9276 233.757 1.24412 99.6406 
179.463 63.7008 9.1417 53.0095 347.464 44.1177 1211.15 625.588 0 371.07 1493.15 216.915 43.3435 58.8381 210.683 5.5431 55.0474 20.999 115.076 106.226 12.3975 46.6333 88.6696 27.3778 66.2185 44.5326 77.6413 98.7147 
151.414 238.846 3.71038 0.0104267 235.892 407.746 1.92867 62.6187 335.073 0 119.963 245.227 0.446107 1.99729 54.8603 9.36212 71.6368 74.5377 121.466 5.30711 59.2065 1.542 44.9757 42.8208 61.7023 17.2356 9.76078 30.0815 
72.573 168.231 1.03353 32.8106 144.173 15.3795 482.94 104.721 51.819 366.721 0 76.7435 50.9059 84.5194 76.2683 88.9643 70.0131 117.607 61.2101 57.5165 8.57266 34.3559 113.361 90.1428 28.6404 152.358 20.9035 6.47737 
68.701 111.861 11.845 255.913 120.546 35.1121 43.192 734.431 188.968 53.5498 417.788 0 84.0449 7.21318 253.011 0.0239494 83.6022 78.2476 99.4934 1.77718 21.759 19.9321 73.7185 4.91199 79.9708 64.6333 41.0858 2.66465 
17.4499 40.6068 63.3847 60.6839 54.577 46.6005 219.217 126.9 82.4125 328.225 11.6142 158.797 0 43.1154 119.336 78.1265 23.0011 2.7566 53.954 33.2542 28.7605 0.0829282 17.7344 63.4981 37.5226 45.3081 2.36296 44.6604 
14.2134 11.9662 0.575751 10.721 0.0085006 3.34089 96.9295 99.9758 35.5486 75.5931 208.943 166.633 152.345 0 8.42881 17.3619 15.6929 3.28238 23.8672 1.70175 2.3309 9.84414 9.55228 6.70578 13.0821 2.88693 11.1718 11.1447 
36.2279 84.4469 33.9818 0.23464 91.9304 0.0469278 85.0525 6.25193 35.8504 97.1965 153.993 178.9 106.499 36.9512 0 54.4709 27.3264 10.6847 0.290608 7.99178 45.1115 9.46257 1.60316 11.2691 17.6694 3.99468 1.53152 5.03329 
0.78498 1.37291 23.0121 0.45982 17.7363 27.11 0.577393 185.561 140.642 31.3085 91.6982 9.17212 39.3688 12.7517 84.8862 0 21.1251 16.5544 30.5941 1.05358 14.0943 9.2792 7.78216 4.41433 21.9591 9.1368 16.7552 15.7261 
87.0458 47.1659 10.2617 59.751 119.65 33.1043 90.7043 76.7872 8.91355 73.0606 32.2504 10.9019 61.7618 0.613755 6.10451 25.9101 0 266.713 241.485 19.7995 0.0410278 20.4114 3.60035 0.668059 15.7244 0.0283585 0.530498 24.4322 
236.717 83.1508 124.74 0.890225 104.134 0.94821 31.9016 64.7454 4.86914 82.1538 138.39 85.5129 87.9636 38.6399 64.4695 60.0134 230.771 0 98.1891 13.0916 82.7798 33.1064 31.2162 35.4379 18.1505 60.2387 21.6455 31.8537 
81.82 0.592667 5.37949 45.4584 15.6629 38.4944 97.5647 14.4461 146.511 101.461 25.1476 22.166 1.22693 15.7912 28.4854 9.46272 26.6658 73.7999 0 28.9988 60.1428 2.64365 22.2652 20.1039 3.47404 25.7053 7.71577 25.5407 
142.111 130.367 20.7096 2.15654 46.7288 0.325029 15.6036 22.4935 1.41149 44.4634 54.4946 11.0405 25.2339 0.329887 2.49404 0.0368539 14.8076 19.3994 36.4862 0 64.6276 6.08004 0.166369 2.21216 11.2982 5.32386 0.537706 11.001 
7.15096 49.1659 65.6206 28.4098 60.7149 27.1313 78.9763 1.19409 11.7002 88.5689 146.969 149.203 18.6026 44.9801 56.5103 40.6185 8.62667 97.1606 5.04176 332.188 0 18.5595 0.0893844 25.6064 44.4347 5.34267 8.74108 1.13233 
1.24415 48.3523 4.37771 0.00172327 50.2973 10.2272 20.6578 48.6586 48.8914 60.2675 7.94478 4.02933 37.0828 5.90808 7.53604 11.815 11.899 19.5043 3.73115 0.0222867 32.843 0 6.3871 8.53041 4.43901 7.40497 11.3089 9.16999 
42.6683 48.9736 2.98558 6.05819 52.092 5.93764 4.34898 74.2029 101.085 13.1063 89.3535 96.183 10.9679 9.67307 5.5474 5.42069 0.274764 10.6517 1.14614 0.282029 0.472991 6.49398 0 0.0504979 2.75571 10.1386 10.1703 7.44912 
4.83115 29.2319 1.90777 14.4602 18.2978 9.42251 55.8769 0.203877 0.444488 0.0200443 96.1634 11.9109 49.6129 2.75978 25.4618 26.9736 16.489 7.85806 14.9905 0.348517 6.65749 11.4371 20.6568 0 11.7393 10.8078 4.24971 1.94235 
65.8212 47.1396 3.62957 19.4491 61.8414 22.2418 72.1157 187.924 64.3682 59.0267 53.0371 193.52 54.0695 11.2719 20.1138 45.7459 24.3492 22.5493 19.4751 1.41404 60.5337 10.0737 7.94532 76.1714 0 8.05092 120.111 144.161 
64.6732 37.0918 1.84941 4.36415 66.9961 20.1194 3.55245 87.6629 112.7 74.3374 157.231 374.999 39.1415 12.5768 0.383886 5.12657 1.97089 59.8491 1.63589 10.1722 43.5401 2.62359 1.17909 13.8005 28.9688 0 11.5298 60.3572 
1.05807 26.5784 12.9119 22.0418 10.4579 19.9072 29.5011 39.0573 3.36721 27.4031 66.3528 33.933 0.0900939 10.5343 14.6256 17.5568 20.3615 3.87893 0.00428051 9.68731 9.56611 11.1846 0.554295 2.07163 49.4936 28.8759 0 14.4602 
36.4651 63.4642 5.65906 26.2414 1.92845 15.4541 60.5811 2.45238 99.3125 33.9086 32.5588 156.467 2.2615 7.82373 0.111589 19.7115 18.0954 36.1863 8.20167 10.9478 36.3973 5.02951 9.81188 0.243519 16.7056 8.18463 10.632 0 
