0 476.36 124.406 364.15 262.792 229.913 202.844 79.6516 155.19 40.6569 14.4267 0.245741 85.3534 23.8891 2.95821 39.9192 175.784 57.8147 0.485766 123.863 221.959 25.9497 9.21037 43.3771 135.151 3.16631 44.8187 60.8098 
540.187 0 423.346 218.321 518.307 337.048 510.814 246.337 328.798 224.102 8.37411 96.4951 114.436 59.6067 14.1747 84.6769 207.393 872.25 104.037 50.2628 88.2589 35.7945 51.9813 11.3031 172.691 7.57007 18.6099 13.9828 
0.00164204 51.8977 0 233.105 61.2365 20.6624 24.1281 217.421 215.21 21.2292 240.781 182.469 67.1941 11.7228 23.3385 6.92538 12.9937 91.4618 19.7514 27.3561 74.4109 5.13432 10.456 15.3039 24.4743 9.724 12.8533 0.766021 
405.639 421.245 132.838 0 17.8651 151.958 40.6869 832.731 426.278 103.277 197.895 133.947 71.7921 16.3782 0.010376 20.3723 128.698 93.6156 35.559 3.09745 116.527 14.2005 2.76516 16.1066 147.927 8.37022 15.7273 3.18284 
114.364 375.028 127.081 139.939 0 354.443 13.815 13.2187 0.390691 202.734 261.086 43.5142 111.402 58.1318 27.4843 64.0164 150.466 3.5104e-05 21.0495 69.6805 26.3127 55.224 30.1177 30.469 66.1526 51.4838 28.4633 0.841677 
245.61 225.272 1.05562 116.102 339.762 0 932.004 193.026 129.648 521.177 126.683 4.73666e-05 681.457 5.51546 41.2286 9.78928 136.352 106.942 0.0665734 1.01718 59.9467 0.0161248 10.3222 18.0186 113.562 3.84728 17.6155 22.9429 
264.696 503.131 233.059 202.229 262.048 873.758 0 167.207 632.88 508.967 483.878 254.091 63.3101 1.08648 60.4954 5.48222 0.838059 20.0471 141.348 58.9823 102.179 23.3476 69.7515 0.395553 6.66628 61.135 8.80253 71.2488 
188.625 175.829 106.892 37.2122 8.91859 2.29717 231.67 0 6.27344 212.942 315.633 487.682 23.0886 3.73101 176.017 166.968 83.2906 109.6 15.5025 70.4056 45.5563 60.8716 101.645 13.1755 69.7823 234.341 1.71242 102.794 
277.421 156.874 25.0684 146.877 351.5 131.205 1290.71 599.7 0 361.798 1071.54 235.01 38.6421 55.2033 225.453 7.52565 159.786 24.647 118.364 106.464 10.221 47.5839 90.205 29.3299 176.187 40.7369 78.0129 98.3069 
152.813 236.303 5.21553 0.15657 219.603 440.975 0.185822 56.4346 348.426 0 82.0987 243.577 3.16117 1.29706 60.3742 11.1361 70.5127 71.13 120.538 5.93979 57.5613 1.1852 46.1251 43.9621 60.6215 18.8042 10.3013 29.0886 
67.8153 159.561 3.05595 38.5378 152.565 22.55 475.707 90.9217 55.9564 415.366 0 56.6281 58.2954 74.8031 51.905 78.318 71.2884 114.208 58.5765 58.992 9.97688 35.635 110.438 93.4088 32.0416 149.064 19.6858 5.39426 
62.5255 118.059 15.4387 252.348 124.293 31.2276 36.2229 835.259 170.849 60.7067 392.936 0 87.5796 4.92713 260.316 4.72389 83.065 75.3831 99.1405 1.28747 24.3026 21.0086 70.1716 7.61973 80.4392 90.2873 43.7772 4.37091 
15.9953 43.7691 62.256 59.6054 59.2851 52.847 219.229 129.011 76.6799 331.186 8.14771 158.242 0 51.1729 119.296 76.8316 23.8808 3.35372 55.4935 33.7699 27.7726 8.62123e-05 20.1743 62.4556 38.398 44.5584 2.58155 44.5475 
15.005 13.0227 0.728243 10.2424 0.0641159 2.96122 96.8775 97.0545 31.7475 77.0657 205.628 166.423 149.078 0 4.33677 17.9764 15.9216 2.91621 23.5978 1.64174 2.6136 10.0004 9.32083 6.27356 12.7528 3.16572 11.2061 11.25 
34.8342 82.8786 33.8475 0.414871 92.6748 0.000119723 89.8916 3.99536 29.9593 92.1344 122.222 164.27 109.119 30.1704 0 64.3622 27.546 9.8551 0.191589 8.1549 44.3383 9.81817 2.21942 10.1188 16.7945 4.70217 1.70997 5.45015 
0.459994 1.88156 22.6399 0.791698 16.5145 26.9696 1.0661 172.35 137.888 28.6653 80.9823 0.498711 37.0015 11.6947 88.4765 0 20.87 15.6876 30.6155 1.15847 15.0602 9.4635 7.31237 5.87957 23.1846 7.82021 16.9774 16.2715 
195.683 150.241 11.2408 167.078 123.209 138.642 92.3593 75.4451 116.261 71.9897 33.628 11.7192 62.1318 0.53326 5.79765 25.9674 0 258.194 447.071 19.2674 0.0989703 20.4886 3.75155 0.593916 122.186 0.0530994 0.47275 24.4287 
236.498 122.19 119.271 0.318585 111.833 1.65145 37.3306 60.8528 3.26412 78.7623 141.202 82.6647 89.2925 37.931 65.0305 59.6727 242.333 0 102.104 11.7147 80.6446 33.4777 31.7281 34.8826 17.3776 60.5234 21.1773 32.4608 
79.3251 0.125822 6.26841 46.6511 23.8617 41.5279 93.1083 13.0587 144.681 103.952 23.09 20.8544 0.875233 16.1779 29.0351 9.87161 18.8929 77.9494 0 28.4903 60.9258 2.82367 22.3676 20.3096 3.72026 26.0026 7.93104 25.4107 
155.612 127.361 21.4056 2.9247 49.0551 0.214778 17.3547 24.8181 2.00944 45.3148 52.968 12.3222 24.6226 0.362461 2.35217 0.0599477 15.3419 17.7842 36.5347 0 41.5643 6.10605 0.18604 2.29445 11.1361 5.12916 0.590457 11.0602 
4.34623 45.0032 61.4023 40.0006 58.1578 25.724 82.0165 0.492332 9.58504 87.5064 147.634 146.787 19.4856 44.9374 56.191 41.7089 8.02053 95.2862 5.58649 327.339 0 18.2589 0.0487727 24.924 43.5786 4.7504 8.34534 0.938286 
1.40729 48.6792 4.52878 0.00814301 49.7591 9.87287 21.6037 47.8104 49.8154 60.5216 7.18672 4.5895 39.7027 5.63594 7.18341 11.8601 11.6975 19.9561 3.93914 0.0301306 32.8452 0 5.84337 8.16758 4.42846 7.53731 11.209 9.24655 
43.057 49.5871 3.18277 5.74303 52.5445 5.64153 5.05828 72.1172 101.533 14.2167 93.0402 93.062 12.9986 9.59533 4.61133 4.94715 0.230981 11.1291 1.27057 0.307082 0.372068 5.94874 0 0.418233 3.283 10.2027 9.96395 7.30825 
4.29573 30.2502 1.71451 13.8816 17.5104 9.74836 57.0015 0.645989 0.202988 0.000454404 92.9745 8.48574 48.0388 2.37513 24.7272 25.8239 16.309 8.3226 15.2633 0.310398 6.19207 11.7207 20.8819 0 9.73883 10.3731 4.60054 1.7615 
171.364 152.425 3.21693 127.225 61.2214 128.434 73.7355 190.148 167.922 57.8401 49.0389 487.288 53.7159 10.8987 19.2636 37.3841 131.397 21.7327 19.1032 1.54194 60.462 27.5788 7.04355 73.2693 0 0.546078 142.784 142.196 
66.0045 38.8134 2.21473 5.18782 67.5333 20.6602 2.69868 76.9841 109.254 74.8981 154.487 357.079 40.0096 12.4475 0.641923 4.08291 2.14209 60.1678 1.45729 10.3131 42.5237 2.74756 1.32057 13.4507 27.9755 0 10.4036 61.8612 
1.25738 27.2705 12.6491 21.6923 10.0024 19.969 28.6505 40.9677 2.89114 26.7458 65.1312 31.4285 0.1383 10.4497 14.9108 17.7346 20.4734 3.61976 0.000350897 9.76435 9.98198 11.0814 0.652126 2.33705 48.9881 27.793 0 10.0371 
37.4245 63.7281 5.31572 25.6969 2.21898 15.7994 59.5822 3.51267 99.0604 32.9288 34.771 160.192 2.53574 8.02637 0.053304 20.1079 17.8816 36.7553 8.47319 10.8822 35.7681 4.91467 9.86635 0.318057 15.489 10.9493 15.1528 0 
