0 593.964 134.907 549.557 265.515 390.173 194.241 89.9476 324.573 37.3215 16.9286 0.00585342 86.8869 24.7119 3.49433 41.6572 336.755 51.3586 0.216695 107.121 216.751 26.3561 9.71807 44.1689 299.409 2.56559 45.2259 60.6858 
660.912 0 449.391 400.207 504.445 494.028 496.368 238.749 510.952 219.292 5.73757 102.217 117.141 58.6344 15.7124 84.5412 374.186 575.194 99.0494 54.9145 83.8702 36.3714 52.4442 10.5813 336.866 8.517 19.2215 14.7548 
0.612865 25.3538 0 192.257 54.0515 18.0951 32.8062 228.432 255.943 24.1152 241.257 184.481 67.9996 12.0549 24.2112 7.497 12.032 97.2368 18.4457 27.1795 70.5321 4.99043 10.6133 15.3843 24.0628 9.10791 12.6088 0.636864 
586.171 588.167 145.96 0 21.3487 312.734 47.5007 709.983 596.722 104.235 200.042 122.575 72.107 16.7816 0.0628474 21.6703 290.796 97.6651 34.3132 3.92807 221.72 14.064 2.99119 15.578 311.757 9.35789 16.1226 3.55501 
124.226 407.24 119.664 136.023 0 366.043 23.6912 10.6409 1.95223 218.427 261.194 40.3596 115.914 59.0658 25.6407 64.9542 149.139 0.212828 29.5974 71.5694 24.4321 55.4801 30.9257 31.251 65.8456 50.4501 27.9479 0.676659 
408.994 400.126 1.87695 278.313 628.606 0 1220.53 197.693 310.07 437.026 139.839 0.128889 339.703 5.085 41.4911 10.4018 298.262 104.652 0.309057 1.22286 58.7864 0.0398306 10.5993 18.0122 276.527 4.24732 17.4481 22.9394 
262.192 486.189 225.58 200.659 237.781 906.99 0 148.318 827.708 505.576 486.867 248.062 69.8185 1.64541 65.0775 4.38206 0.518044 24.1995 138.683 56.8903 104.737 24.2495 69.223 0.229514 5.73433 58.9061 8.25271 70.8126 
177.295 185.542 93.5056 8.78299 6.80744 0.928801 212.319 0 18.1934 209.931 325.859 597.738 21.0625 4.91824 173.025 179.459 82.1874 105.867 16.884 67.7562 41.2913 61.3784 101.291 11.0016 63.2863 233.927 2.21273 105.632 
432.135 308.758 46.3812 299.626 354.036 282.303 1305.06 570.351 0 351.436 901.831 251.573 34.4644 51.8747 259.739 9.62195 320.944 28.2611 121.329 106.589 8.37792 48.4572 91.5592 31.1773 342.193 37.3047 78.3256 97.861 
153.925 233.333 6.82956 0.446187 203.943 462.862 4.48844 50.8863 359.218 0 52.5077 241.536 7.8561 0.780016 65.5358 12.901 69.4345 67.9693 119.524 6.55521 56.0257 0.895142 47.1652 45.0004 59.5773 20.3014 10.8126 28.1664 
63.4661 151.405 5.87574 44.1688 160.275 30.3074 465.95 78.7111 73.8028 457.697 0 40.3889 65.4668 66.0322 32.9613 68.7317 72.4535 111.006 56.14 60.3437 11.3686 36.8263 107.586 96.3612 35.3219 145.733 18.5784 4.47293 
56.9567 123.797 19.16 248.064 127.711 27.7765 30.2266 913.77 154.244 67.6186 368.241 0 90.8483 3.18355 265.753 18.6146 82.5389 72.7243 98.7686 0.902474 26.7687 22.0238 66.859 10.6379 95.4806 116.723 46.309 6.32019 
14.692 46.7664 61.1639 58.5728 63.7439 54.8173 218.765 130.888 71.4335 331.729 5.46245 157.588 0 58.9629 118.963 75.5302 24.7038 3.95875 56.9072 34.2398 26.8621 0.0622911 22.5393 61.4296 39.2003 43.8439 2.79257 44.4281 
15.7517 14.0346 0.885061 9.80003 0.162111 2.62608 96.7077 94.2473 28.3631 78.3188 201.763 165.825 145.243 0 1.68377 18.4517 16.1318 2.59452 23.3406 1.58648 2.88963 10.1354 9.00362 5.86508 12.438 3.43231 11.2337 11.3418 
33.5413 81.353 33.6685 0.627295 93.2785 0.0324226 94.3044 2.34279 25.0953 87.2758 94.6915 150.381 111.308 23.9027 0 72.6062 27.7427 9.11003 0.117979 8.3046 43.6067 10.1469 2.87156 9.07572 15.979 5.40093 1.88359 5.84741 
0.2352 2.42374 22.2671 1.17828 15.4082 26.8095 1.65143 159.622 135.102 26.2684 71.3091 2.12427 34.818 10.6897 89.6839 0 20.6289 14.8966 30.6241 1.25969 15.9765 9.63028 6.87037 7.37671 24.2972 6.66204 17.1739 16.766 
360.404 309.952 12.1797 330.593 126.382 300.536 93.8413 74.1759 279.892 70.9589 34.9189 12.5003 62.454 0.46346 5.51815 26.0136 0 249.142 343.86 18.7713 0.175201 20.557 3.89403 0.528875 284.935 0.0829443 0.422045 24.4211 
235.78 160.015 113.991 0.044933 119.005 2.47521 42.677 57.2917 2.05667 75.6018 143.722 80.0118 90.4898 37.2642 65.5202 59.3301 252.088 0 105.666 10.4945 78.6393 33.8175 32.1985 34.3608 16.6689 60.763 20.7431 33.0209 
76.968 0.000971576 7.14752 47.7332 32.8616 44.3605 88.9274 11.8254 142.837 106.155 21.2416 19.663 0.601237 16.5352 29.5361 10.2553 14.2388 81.7954 0 28.0076 61.6346 2.99542 22.4571 20.4965 3.95535 26.2717 8.13229 25.285 
167.528 124.301 22.0283 3.73497 51.2122 0.13264 19.0447 27.0507 2.65698 46.0839 51.5392 13.5657 24.0528 0.393964 2.22321 0.0863518 15.8396 16.3317 36.561 0 24.1673 6.12925 0.205246 2.37143 10.9823 4.94924 0.641528 11.1121 
2.35532 41.2487 57.4934 52.1336 55.7938 24.4342 84.8229 0.114323 7.80021 86.4813 148.152 144.436 20.3176 44.8824 55.8703 42.7092 7.47497 93.5058 6.1153 317.614 0 17.9792 0.0219819 24.2897 42.7715 4.2292 7.9842 0.774095 
1.56743 48.9688 4.67007 0.0183537 49.2435 9.54428 22.491 47.013 50.6622 60.7154 6.51361 5.1402 42.1525 5.38283 6.85825 11.8946 11.5101 20.3763 4.13636 0.038463 32.8421 0 5.3469 7.82788 4.43036 7.65886 11.1139 9.31595 
43.4034 50.1382 3.36958 5.45479 52.9437 5.36986 5.7611 70.1415 101.855 15.2753 96.3814 90.0798 15.0114 9.41471 3.80342 4.51423 0.193693 11.5787 1.39146 0.331221 0.289091 5.45038 0 1.06835 3.80715 10.2543 9.7688 7.17552 
3.82462 31.1965 1.5432 13.3434 16.7879 10.0501 58.0184 1.27719 0.0623359 0.0297869 89.9342 5.8035 46.5494 2.03654 23.9772 24.5828 16.1396 8.76328 15.515 0.276885 5.77286 11.9727 20.7699 0 8.00744 9.9641 4.93479 1.6004 
333.229 314.08 2.85332 291.211 60.6204 290.929 75.1928 191.729 327.99 56.7018 45.396 659.059 53.3617 10.5469 18.464 33.4414 294.686 20.9803 18.7559 1.66502 60.3682 47.9289 6.25705 69.3532 0 13.5551 88.2979 98.7439 
67.1957 40.4171 2.58066 6.00759 67.9968 21.1507 2.00809 67.3931 105.939 75.342 151.645 336.698 40.8021 12.3139 0.939115 3.20633 2.30684 60.4392 1.30029 10.4399 41.5683 2.86433 1.45803 13.1124 27.0284 0 9.39086 62.8597 
1.4574 27.9132 12.403 21.3609 9.58619 20.0203 27.8618 42.7536 2.48039 26.1334 63.9751 29.1594 0.192228 10.3676 15.1707 17.889 20.5749 3.38645 0.000606624 9.83408 10.3737 10.9832 0.749692 2.59579 48.4865 26.7539 0 6.57763 
38.3091 63.9464 5.00355 25.1781 2.50621 16.1159 58.6298 4.66201 98.7579 32.0145 36.86 163.338 2.80356 8.21222 0.0182176 20.4547 17.6809 37.2777 8.7274 10.8182 35.1772 4.8082 9.91276 0.395954 14.3897 13.7952 19.9117 0 
