0 691.516 147.397 728.183 267.891 540.794 183.211 103.106 487.14 33.3545 20.2532 0.193061 88.7218 25.7275 4.212 43.7925 488.48 43.8007 0.032535 94.6163 209.691 26.8526 10.3565 45.1221 455.22 1.91045 45.7112 60.4963 
759.983 0 468.795 578.365 481.237 639.51 472.703 228.833 688.377 212.69 3.16399 109.293 120.357 57.3965 17.6914 84.2781 533.01 711.542 92.8532 60.7396 78.4891 37.073 52.9861 9.71912 492.515 9.74961 19.9805 15.7245 
2.86759 5.2625 0 137.388 45.5908 15.0877 44.9939 240.718 305.165 27.8483 240.565 186.375 68.92 12.4539 25.2544 8.2179 10.8859 104.23 16.8745 26.9071 65.7236 4.81433 10.8002 15.4699 23.533 8.36408 12.3052 0.493846 
757.664 743.891 158.429 0 25.9914 464.219 56.3735 44.2126 757.477 105.221 202.049 108.665 72.4312 17.2675 0.188071 23.2664 443.948 102.532 32.7736 5.07208 325.485 13.8923 3.27927 14.9224 466.973 10.6281 16.6063 4.03773 
136.438 443.164 110.302 130.886 0 387.988 39.2125 7.8352 5.49507 237.038 260.677 36.5945 121.364 60.1736 23.4284 66.0594 147.235 1.07314 41.8549 73.8257 22.1929 55.7687 31.917 32.2102 65.4289 49.1558 27.3116 0.498005 
563.363 568.874 3.19776 431.776 532.284 0 1394.08 202.728 493.484 686.483 155.98 0.627247 148.487 4.57231 41.7156 11.1653 451.173 101.675 0.849709 1.5005 57.323 0.0834343 10.9362 17.9902 430.746 4.76177 17.236 22.9209 
258.166 459.717 214.728 197.83 207.603 870.354 0 125.786 1044.2 493.694 486.333 240.018 78.0546 2.48851 70.7509 3.19068 0.228956 29.778 135.166 54.289 107.816 25.3681 68.5108 0.0866932 4.67792 56.1369 7.59658 70.226 
163.18 197.25 77.6687 5.61721 4.58985 0.0798969 188.433 0 41.0045 205.776 337.282 727.48 18.6766 6.59347 168.814 194.114 80.7917 101.237 18.6508 64.4701 36.2637 61.9767 100.734 8.57443 55.5252 232.159 2.91415 108.996 
576.046 451.419 80.264 443.68 355.53 430.769 1242.41 528.067 0 336.523 1100.13 271.462 29.5886 47.8509 303.822 12.5277 472.933 32.9946 124.852 106.617 6.35063 49.5184 93.1272 33.4929 500.124 33.2175 78.6672 97.2242 
155.042 228.896 9.09261 1.00496 184.191 476.619 17.4581 44.3428 370.211 0 24.535 238.365 16.4155 0.322102 71.8957 15.2197 68.0635 64.0937 118.075 7.34838 54.1274 0.593261 48.4068 46.2476 58.2404 22.1934 11.4539 27.0319 
58.2182 141.28 10.5583 51.4694 169.616 41.1992 450.107 64.5945 96.8983 504.484 0 23.9165 74.6562 55.671 15.1704 57.4459 73.8607 107.011 53.1584 61.9802 13.1954 38.2956 103.908 99.8774 39.5049 141.296 17.2475 3.45307 
50.3461 130.813 24.2207 241.554 131.828 23.7514 23.5125 985.033 134.279 76.4341 336.136 0 94.8451 1.55135 270.579 47.4945 81.8563 69.4573 98.2527 0.521598 29.9353 23.2927 62.7703 14.993 115.633 151.798 49.461 9.18885 
13.1528 50.5265 59.7649 57.2627 69.3263 51.7203 217.57 133.082 65.0999 329.473 2.88029 156.601 0 68.828 118.166 73.8029 25.7238 4.76925 58.6236 34.8058 25.7516 0.322515 25.5675 60.0934 40.1729 42.941 3.06272 44.262 
16.6851 15.3188 1.09775 9.25943 0.343808 2.23778 96.3386 90.6787 24.4091 79.7041 196.012 164.561 139.528 0 0.09855 18.9029 16.3872 2.22318 23.0147 1.51914 3.24701 10.2877 8.48861 5.35684 12.0395 3.76975 11.2624 11.4466 
31.9543 79.3883 33.3771 0.947607 93.9041 0.17216 99.6014 0.906081 19.9623 81.1318 64.3765 133.108 113.662 16.6204 0 80.9243 27.9748 8.22717 0.05172 8.48628 42.6892 10.5487 3.77244 7.83432 14.9745 6.31239 2.10754 6.34888 
0.0609407 3.18192 21.7737 1.75558 14.0862 26.5736 2.54312 143.549 131.386 23.4073 59.888 16.8095 32.1587 9.43835 88.279 0 20.3268 13.9424 30.6198 1.38918 17.1285 9.82949 6.32221 9.36623 25.6256 5.33465 17.4024 17.3571 
516.695 460.295 13.372 485.417 130.099 453.422 95.5906 72.5856 434.988 69.6441 36.5219 13.4903 62.822 0.384141 5.18155 26.0612 0 236.624 456.99 18.1588 0.298627 20.6369 4.07212 0.453872 438.866 0.128741 0.363507 24.406 
234.221 200.438 107.268 0.0493175 127.823 3.71141 49.6314 52.9904 0.949145 71.7071 146.7 76.7398 91.9129 36.4329 66.0811 58.874 262.661 0 109.939 9.07305 76.1451 34.2288 32.7704 33.7106 15.8092 61.0247 20.2096 33.7049 
74.0204 0.255982 8.2974 49.0289 45.6271 47.8504 83.7426 10.3827 140.382 108.713 19.0526 18.2333 0.334073 16.9721 30.1397 10.7325 11.8395 86.5041 0 27.4003 62.4823 3.21283 22.5596 20.7209 4.25314 26.5938 8.38172 25.1235 
181.126 120.2 22.7605 4.855 53.8561 0.0584856 21.2044 29.8893 3.57426 47.0007 49.7679 15.1642 23.3491 0.434369 2.06838 0.125388 16.4535 14.6103 36.5684 0 8.88294 6.1565 0.230099 2.46689 10.7886 4.72923 0.707096 11.1718 
0.731331 36.7875 52.716 63.7504 52.9025 22.8716 88.2499 0.0120275 5.84614 85.1706 148.658 141.403 21.357 44.7946 55.4442 43.9228 6.82668 91.2649 6.79562 299.213 0 17.6345 0.00347164 23.5086 41.7635 3.62654 7.54841 0.593408 
1.77586 49.3066 4.84516 0.0365291 48.5886 9.14091 23.5939 46.0193 51.6889 60.8978 5.72676 5.85742 45.1797 5.0716 6.46192 11.9272 11.279 20.8937 4.3844 0.0501042 32.8318 0 4.75035 7.40746 4.44878 7.80654 10.9936 9.39909 
43.8098 50.7915 3.60409 5.10634 53.407 5.0403 6.68302 67.6647 102.129 16.6124 100.37 86.3107 17.6452 9.05513 2.89922 3.99376 0.152255 12.1399 1.54732 0.362071 0.201221 4.85084 0 2.24691 4.49477 10.3075 9.52424 7.00975 
3.27973 32.361 1.3435 12.6809 15.9108 10.4198 59.2315 2.34282 5.97402e-06 0.128645 86.1002 3.18343 44.6848 1.64761 22.9714 22.8538 15.9283 9.31782 15.8224 0.238153 5.27443 12.2669 20.2132 0 6.06869 9.45525 5.35652 1.4115 
486.034 466.664 2.43263 446.683 59.8483 444.544 76.9202 193.024 478.657 55.2558 41.0219 933.806 52.8921 10.108 17.47 34.6083 449.276 20.0627 18.3261 1.82205 60.2171 69.4052 5.36146 63.2413 0 47.0843 9.57703 40.2869 
68.5998 42.3928 3.06507 7.08503 68.5197 21.7378 1.29578 56.1342 101.722 75.7856 147.776 307.377 41.7583 12.1318 1.37924 2.25955 2.51724 60.7404 1.11881 10.5904 40.3783 3.01018 1.63497 12.6798 25.8355 0 8.19352 63.543 
1.72323 28.7038 12.0974 20.9443 9.08322 20.0754 26.8934 44.9652 2.01678 25.3778 62.525 26.4475 0.270679 10.2619 15.484 18.0643 20.6964 3.10909 0.00608295 9.91748 10.8631 10.8593 0.878514 2.92975 47.8325 25.4363 0 3.26597 
39.3882 64.1794 4.62867 24.5231 2.88252 16.4998 57.4257 6.29033 98.2959 30.8845 39.4715 166.776 3.15032 8.43754 0.000284411 20.8521 17.4315 37.9123 9.04291 10.7355 34.4415 4.67741 9.96432 0.503148 13.0846 17.6097 26.3852 0 
