0 686.289 152.665 756.886 268.586 558.472 178.255 109.007 510.276 31.6694 21.7904 0.44223 89.5057 26.1725 4.54577 44.7237 506.717 40.6409 0.00308714 91.8401 206.389 27.0684 10.6405 45.5313 475.256 1.6534 45.9179 60.4006 
754.599 0 472.576 608.271 469.105 654.584 460.46 224.313 717.654 209.576 2.27462 112.393 121.722 56.8413 18.5858 84.1299 554.325 901.226 90.129 63.3129 76.1463 37.3768 53.2134 9.35135 512.46 10.3116 20.3145 16.1554 
4.36756 1.1667 0 113.736 42.0429 13.8325 50.7965 245.609 325.865 29.5389 239.822 186.998 69.2974 12.6247 25.6989 8.53856 10.398 107.239 16.2006 26.7691 63.6142 4.73766 10.8795 15.5028 23.2936 8.04428 12.1714 0.436865 
782.908 762.712 145.454 0 28.1391 482.355 60.4037 928.658 778.72 105.584 202.703 102.648 72.5508 17.4762 0.263808 23.9622 462.824 104.614 32.0988 5.61302 269.327 13.8159 3.40861 14.6341 486.726 11.2011 16.8168 4.25719 
141.782 457.341 106.148 128.537 0 399.258 47.0996 6.73785 7.59939 244.876 260.226 34.9903 123.708 60.6431 22.4813 66.5254 146.309 1.65613 47.7746 74.7873 21.2401 55.8857 32.3493 32.6284 65.2332 48.5823 27.0325 0.428352 
582.642 594.481 3.87992 450.846 138.88 0 758.71 204.674 527.987 198.793 162.97 0.962641 582.904 4.35429 41.7793 11.502 469.939 100.321 1.16953 1.63029 56.6715 0.107497 11.0821 17.9758 450.087 4.99421 17.1412 22.9079 
256.085 446.355 209.454 196.287 194.427 829.799 0 116.25 1123.71 485.909 484.638 236.295 81.7233 2.91049 73.2357 2.72688 0.139033 32.374 133.55 53.1438 109.137 25.8602 68.1781 0.0456318 4.24778 54.9187 7.31686 69.9525 
156.974 202.267 71.0194 15.3304 3.75401 0.000243432 178.036 0 53.66 203.807 341.852 780.114 17.6713 7.39926 166.794 200.221 80.1683 99.2013 19.4463 63.026 34.1448 62.2295 100.448 7.60153 52.2249 230.953 3.25041 110.42 
590.838 466.462 97.3977 459.457 355.614 450.732 1188.89 507.711 0 329.302 1083.27 279.942 27.5529 46.1197 315.549 13.9083 491.298 35.1604 126.348 106.585 5.54892 49.9779 93.778 34.5189 521.075 31.4813 78.8017 96.9153 
155.442 226.691 10.1754 1.3191 175.45 477.738 25.6975 41.5868 374.186 0 15.4792 236.752 21.0864 0.184204 74.6672 16.2823 67.4491 62.406 117.374 7.70749 53.2945 0.480477 48.9361 46.7818 57.6386 23.0369 11.7384 26.5364 
55.963 136.833 13.0143 54.7797 173.637 46.3953 441.915 58.7671 104.382 522.698 0 17.9978 78.7874 51.317 9.45773 52.7189 74.4666 105.246 51.8615 62.6862 14.0331 38.9391 102.244 101.372 41.3815 139.242 16.677 3.04697 
47.5465 133.861 26.5937 238.293 133.596 22.0723 20.8166 1006.19 125.757 80.3862 321.629 0 96.5819 1.01827 272.024 63.8441 81.5456 68.0315 98.007 0.38742 31.3639 23.8541 60.9814 17.112 119.637 167.74 50.8501 10.6027 
12.5025 52.1948 59.1344 56.6767 71.7966 48.6268 216.833 134.001 62.3773 327.48 2.00573 156.107 0 73.2027 117.685 73.0056 26.1723 5.14651 59.3657 35.049 25.2694 0.499813 26.9295 59.4842 40.5929 42.5382 3.1845 44.1828 
17.0982 15.8934 1.19747 9.02442 0.444424 2.07657 96.1219 89.0815 22.7568 80.2541 193.167 163.827 136.704 0 0.0141388 19.052 16.4978 2.06935 22.869 1.48993 3.40941 10.3494 8.22405 5.13373 11.8616 3.92033 11.273 11.4895 
31.2622 78.4995 33.2253 1.10793 94.1367 0.267812 101.864 0.487301 18.0255 78.3999 52.6091 125.555 114.571 13.6934 0 83.786 28.073 7.85336 0.0311928 8.56482 42.2823 10.7233 4.19837 7.30871 14.5358 6.72776 2.20898 6.57245 
0.0203328 3.54469 21.5463 2.04264 13.5221 26.457 2.99208 136.434 129.665 22.1894 55.0924 27.4527 31.0076 8.89101 86.6799 0 20.1928 13.532 30.6127 1.44749 17.6404 9.91444 6.08193 10.277 26.1904 4.7913 17.4977 17.6092 
536.91 477.99 13.9055 504.998 131.657 472.175 96.3289 71.8804 454.732 69.0535 37.2275 13.9332 62.973 0.351738 5.03693 26.0789 0 230.712 557.762 17.8903 0.362864 20.6704 4.15094 0.422825 458.073 0.151918 0.339258 24.3974 
233.307 214.241 104.26 0.169688 131.667 4.32824 52.795 51.1393 0.59721 70.0041 147.957 75.3075 92.5178 36.0658 66.3117 58.6626 266.752 0 111.767 8.47996 75.0459 34.4062 33.018 33.4235 15.4378 61.1276 19.9766 34.0022 
72.7166 0.509137 8.82318 49.5824 51.7517 49.3734 81.4662 9.77812 139.245 109.777 18.1258 17.6211 0.241577 17.1623 30.399 10.9428 11.878 88.5514 0 27.1302 62.8442 3.30998 22.6019 20.8171 4.38626 26.7315 8.4914 25.0505 
186.635 118.296 23.0682 5.38605 55.0071 0.0354414 22.1751 31.1606 4.01675 47.3911 48.9892 15.8864 23.0406 0.452604 2.00203 0.144716 16.7224 13.8813 36.563 0 4.49912 6.16797 0.241397 2.50886 10.7024 4.6335 0.736715 11.1965 
0.31059 34.8956 50.6437 66.4413 51.6455 22.1975 89.7373 0.0933678 5.07714 84.5805 148.833 140.031 21.8168 44.7492 55.247 44.4471 6.5513 90.2682 7.10341 289.128 0 17.4834 0.000393174 23.1671 41.3178 3.37656 7.36084 0.521824 
1.87093 49.4478 4.92216 0.0464215 48.2952 8.96498 24.0796 45.5805 52.1323 60.958 5.39717 6.18481 46.5048 4.93574 6.29003 11.9381 11.1778 21.12 4.49471 0.0556779 32.825 0 4.49538 7.22306 4.46252 7.87046 10.94 9.43467 
43.9807 51.0684 3.70817 4.95622 53.5998 4.89795 7.10563 66.5666 102.206 17.2084 102.068 84.631 18.8486 8.85292 2.53722 3.77128 0.13568 12.3881 1.61792 0.375957 0.167748 4.59435 0 2.88188 4.8094 10.327 9.41581 6.93644 
3.05376 32.8698 1.26008 12.3915 15.5316 10.5808 59.7485 2.90802 0.0112282 0.193614 84.3942 2.27853 43.8596 1.48798 22.5049 22.0366 15.8349 9.56456 15.9561 0.22209 5.06256 12.3898 19.8297 0 5.29405 9.23113 5.54438 1.33216 
504.736 485.283 2.25817 466.57 59.4994 463.613 77.6523 193.362 496.451 54.6085 39.1505 324.797 52.6752 9.91416 17.0325 37.1782 468.769 19.6645 18.1372 1.89264 60.1386 75.2132 4.99611 60.2347 0 62.757 3.74224 29.8572 
69.1917 43.2571 3.28846 7.57899 68.7317 21.9885 1.03244 51.4295 99.8342 75.9436 145.96 293.316 42.1697 12.0462 1.5971 1.89358 2.61187 60.8607 1.04356 10.6543 39.8531 3.07468 1.71496 12.4852 25.3057 0 7.68814 63.6492 
1.84629 29.0493 11.9629 20.7591 8.86648 20.0966 26.4708 45.9363 1.82864 25.0466 61.8816 25.2911 0.309195 10.2141 15.6186 18.1359 20.7483 2.9912 0.0102705 9.95313 11.0796 10.8041 0.93786 3.08108 47.5352 24.8479 0 2.16612 
39.8566 64.2689 4.46806 24.2312 3.05501 16.6656 56.8885 7.07526 98.0629 30.3891 40.6267 168.125 3.30789 8.53486 0.00121223 21.0154 17.3215 38.187 9.18182 10.698 34.1171 4.62031 9.98494 0.553939 12.5321 19.3696 29.3924 0 
