0 378.212 171.512 565.636 269.288 333.078 158.56 132.364 307.11 25.4899 28.1684 2.35099 92.4151 27.8898 5.94236 48.2892 283.88 29.3695 0.181299 91.3291 192.546 27.8923 11.7603 47.0627 259.414 0.833419 46.6821 59.9595 
441.295 0 459.576 429.958 412.545 417.35 403.972 205.965 535.664 196.387 0.212725 124.326 126.736 54.6262 22.1877 83.3706 343.149 1138.72 79.6109 73.3036 67.2124 38.5299 54.0328 7.98839 296.144 12.6034 21.6128 17.8527 
12.9721 12.9548 0 39.274 29.3904 9.39507 75.4038 261.404 397.01 36.3426 234.479 188.211 70.6056 13.2606 27.3365 9.8005 8.59976 118.443 13.6888 26.1322 55.4993 4.44436 11.171 15.6025 22.3278 6.84704 11.6511 0.249312 
576.925 535.554 26.3592 0 37.0256 259.168 76.6193 512.809 561.955 106.589 203.928 80.1248 72.8853 18.2567 0.674178 26.6149 242.519 112.337 29.4954 7.91431 313.271 13.5141 3.92553 13.518 269.649 13.5004 17.6217 5.14918 
162.215 501.589 89.9794 118.957 0 435.893 83.1235 3.26463 18.779 272.865 257.214 29.0668 132.474 62.3649 18.9607 68.2187 142.227 5.06768 73.3745 78.3392 17.7274 56.2837 34.0066 34.2315 64.4033 46.3346 25.9537 0.208607 
363.159 399.23 7.07223 231.636 86.7236 0 1149.41 210.648 378.774 493.938 189.114 2.91827 507.983 3.55236 41.8274 12.8115 249.191 94.8219 2.86963 2.17698 54.0972 0.228614 11.6348 17.8925 231.572 5.92981 16.7644 22.8298 
246.306 386.311 186.526 188.667 144.843 575.892 0 81.8442 1300.47 442.35 469.937 220.879 96.1511 4.83449 82.772 1.27333 0.00121548 43.2083 126.897 48.7006 114.069 27.7702 66.778 0.00965469 2.77545 50.1963 6.28103 68.8023 
133.084 220.869 47.3913 84.8113 1.3091 1.35665 138.83 0 116.1 195.39 356.863 944.5 14.0238 10.9074 158.062 221.638 77.6948 91.3204 22.6356 57.4392 26.4684 63.1518 99.1102 4.37445 40.1381 223.904 4.71213 115.617 
354.681 235.925 173.259 232.486 352.702 252.257 867.788 421.16 0 297.955 599.39 311.004 20.2929 39.6363 290.293 19.8253 269.012 44.0176 131.833 106.213 2.95239 51.7194 96.0806 38.5407 308.668 25.1122 79.2334 95.5542 
156.477 216.762 14.8516 2.92187 141.717 452.415 70.8253 31.6235 384.519 0 0.00201866 229.297 43.9822 0.0110268 85.1875 20.6334 65.0009 55.9581 114.295 9.15889 50.0752 0.156247 50.8913 48.7724 55.2256 26.3691 12.8572 24.6323 
47.5274 119.695 24.6869 68.1132 188.688 68.5787 403.825 38.4919 127.016 577.302 0 2.93911 95.2439 35.7549 0.0149164 35.9298 76.7455 98.3641 46.9133 65.3475 17.4777 41.4207 95.5493 106.858 48.8499 130.743 14.5461 1.71377 
37.3252 145.434 36.5756 223.534 140.201 16.0949 11.8683 1025.21 94.4956 96.0613 264.149 0 103.195 0.00894885 273.714 143.917 80.2797 62.5624 96.947 0.0561997 37.1081 26.0524 54.1138 26.4231 87.7321 230.265 56.2511 16.9223 
10.1311 58.7344 56.6046 54.347 81.4371 30.8822 212.784 137.304 52.2082 314.241 0.108409 153.849 0 90.1001 115.083 69.7056 27.9131 6.72777 62.1711 35.9608 23.4328 1.5419 32.3588 57.0033 42.1787 40.9431 3.67436 43.8398 
18.7156 18.1784 1.61896 8.12941 0.952033 1.50629 94.9747 82.7434 16.866 82.0452 180.459 159.987 124.171 0 3.1448 19.3418 16.9176 1.52594 22.2901 1.37875 4.0695 10.5583 7.0183 4.2779 11.1573 4.51593 11.3031 11.6387 
28.6116 74.9185 32.5044 1.83888 94.7965 0.831318 110.219 0.0797585 12.3942 67.7177 17.4635 96.9489 117.355 4.64257 0 89.5867 28.4313 6.48298 0.000379195 8.86211 40.6826 11.3887 6.00173 5.40187 12.855 8.41456 2.61957 7.45547 
0.0673709 5.11746 20.6072 3.33948 11.4329 25.9334 5.0512 109.002 122.524 17.7114 37.988 89.7554 26.659 6.81867 75.4507 0 19.6661 11.9913 30.5557 1.68146 19.6563 10.229 5.16049 13.9317 28.2598 2.93377 17.8372 18.5401 
321.57 253.431 16.0258 287.256 137.246 251.369 99.0169 69.1106 237.873 66.6914 39.9708 15.6946 63.4979 0.239952 4.49468 26.1285 0 205.8 580.615 16.8533 0.668722 20.7909 4.45999 0.313189 238.996 0.259113 0.253436 24.3531 
228.482 242.653 92.3851 1.30597 146.315 7.12904 65.6098 44.1971 2.61613e-05 63.4594 152.539 69.7893 94.7441 34.6318 67.1157 57.7814 279.239 0 118.541 6.36332 70.7683 35.0765 33.9579 32.3024 14.0324 61.458 19.0805 35.1369 
67.623 2.2861 10.9738 51.636 78.0201 55.1888 72.6819 7.60274 134.518 113.544 14.7364 15.3384 0.0248716 17.8888 31.3708 11.7622 17.2928 96.3381 0 26.0655 64.1886 3.69618 22.7496 21.1765 4.91553 27.2434 8.91751 24.7563 
204.9 110.386 24.1775 7.65162 59.3989 0.000344971 26.0547 36.2146 5.95293 48.8326 45.9704 18.7947 21.8485 0.526053 1.7543 0.231963 17.7596 11.2155 36.4931 0 1.49067 6.20964 0.287318 2.67186 10.3622 4.26797 0.85621 11.2831 
0.35119 27.9665 42.805 58.8276 46.8523 19.6554 95.395 1.12418 2.60872 82.2142 149.243 134.491 23.6176 44.5347 54.4258 46.4281 5.5372 86.3386 8.34671 240.743 0 16.9002 0.0171503 21.8519 39.5733 2.49199 6.65508 0.288447 
2.25966 49.9545 5.22105 0.095637 47.1257 8.29034 25.9699 43.8675 53.8082 61.0784 4.21167 7.52224 51.5955 4.41557 5.63731 11.9605 10.787 21.9933 4.93016 0.079889 32.7857 0 3.55362 6.51182 4.54924 8.11285 10.7271 9.5672 
44.5991 52.0839 4.11737 4.39148 54.286 4.36041 8.84218 62.2621 102.257 19.5637 108.315 78.0085 23.7499 7.84701 1.34961 2.95032 0.0806536 13.3595 1.90376 0.431701 0.067075 3.6455 0 5.88415 6.09321 10.3815 8.9902 6.64961 
2.25424 34.8265 0.961461 11.2805 14.0963 11.1966 61.6597 5.64132 0.273769 0.567396 77.6825 0.19835 40.6319 0.938713 20.5728 18.6184 15.4694 10.5382 16.4662 0.165228 4.28175 12.8291 17.6326 0 2.7732 8.3624 6.28618 1.04583 
283.644 263.944 1.64163 250.135 58.0927 243.995 80.3312 193.357 272.029 52.0328 32.2074 852.902 51.774 9.15905 15.3386 55.6428 250.783 18.1481 17.4053 2.17532 59.7659 68.6544 3.7479 47.8068 0 88.8998 129.435 100.41 
71.3406 46.5817 4.21206 9.60384 69.4533 22.918 0.295146 34.7772 92.3396 76.3459 138.299 234.158 43.7135 11.6832 2.57579 0.773749 2.99132 61.2587 0.777064 10.8891 37.8056 3.32723 2.03749 11.7077 23.2305 0 5.85726 62.9555 
2.35894 30.3789 11.4399 20.0294 8.04987 20.1624 24.8485 49.694 1.18766 23.7677 59.3524 21.0149 0.481459 10.021 16.1233 18.3821 20.942 2.55646 0.0366219 10.0856 11.9275 10.5854 1.18336 3.69292 46.3346 22.5262 0 0.0271067 
41.6396 64.5425 3.86892 23.0776 3.76417 17.2921 54.7594 10.5054 96.99 28.4743 45.1421 172.406 3.94857 8.90228 0.0547881 21.5828 16.8927 39.2285 9.72226 10.5457 32.8516 4.40084 10.0533 0.771562 10.5228 26.5309 41.6501 0 
