0 394.254 170.861 577.838 269.318 346.286 159.302 131.486 319.465 25.7091 27.9201 2.25364 92.3108 27.8262 5.88757 48.1584 296.983 29.7594 0.16643 91.1989 193.088 27.8621 11.7182 47.0074 272.256 0.858883 46.6548 59.9779 
457.658 0 460.826 441.444 414.882 431.043 406.293 206.668 547.314 196.907 0.250027 123.886 126.558 54.7102 22.0504 83.404 355.826 1083.36 80 72.9331 67.5395 38.4877 54.0041 8.03724 309.008 12.5151 21.5644 17.789 
12.5762 11.7483 0 41.3148 29.8269 9.54695 74.4381 260.911 394.687 36.0832 234.746 188.2 70.5614 13.2378 27.2782 9.75314 8.66403 118.041 13.7792 26.1587 55.7983 4.45517 11.1607 15.5996 22.3648 6.89023 11.6705 0.255337 
589.702 549 29.7606 0 36.6806 272.282 76.0033 736.532 574.99 106.563 203.92 80.9335 72.8765 18.2285 0.655657 26.5178 255.526 112.061 29.5916 7.82324 432.055 13.5255 3.9059 13.5595 282.541 13.4129 17.592 5.11487 
161.467 500.274 90.5786 119.325 0 435.085 81.6448 3.37133 18.281 271.9 257.361 29.2783 132.158 62.3038 19.0872 68.159 142.392 4.90856 72.3569 78.2124 17.8526 56.2705 33.9455 34.1725 64.4361 46.4187 25.9937 0.215359 
376.157 411.343 6.93883 244.593 181.999 0 1297.83 210.472 388.902 417.095 188.177 2.82732 583.942 3.58091 41.8312 12.7628 262.215 95.0328 2.79366 2.15544 54.1942 0.223328 11.6146 17.8964 244.513 5.89413 16.7786 22.8335 
246.716 388.74 187.44 188.995 146.625 587.023 0 83.0423 1298.16 444.318 470.707 221.478 95.6108 4.75495 82.4215 1.31755 0.000389871 42.7846 127.154 48.8656 113.891 27.6992 66.8331 0.00751396 2.82462 50.3713 6.31813 68.8474 
133.963 220.204 48.202 82.1593 1.3773 1.25948 140.247 0 113.436 195.724 356.384 939.75 14.1522 10.7665 158.411 220.913 77.7884 91.6126 22.5141 57.6461 26.7387 63.1192 99.1663 4.47882 40.5653 224.231 4.65338 115.433 
368.276 249.178 170.238 245.587 352.901 263.972 882.048 424.544 0 299.206 662.795 309.906 20.5443 39.8701 292.901 19.59 282.092 43.6755 131.639 106.233 3.03433 51.6558 96.0013 38.3901 321.386 25.3381 79.2199 95.6094 
156.453 217.169 14.6646 2.85152 142.956 454.203 68.8054 31.972 384.281 0 0.010652 229.607 43.0066 0.00725845 84.8051 20.4655 65.0938 56.1948 114.419 9.10325 50.1945 0.165101 50.8215 48.7008 55.3174 26.2436 12.8152 24.7025 
47.8321 120.327 24.1948 67.6044 188.145 67.7028 405.404 39.1766 125.778 575.766 0 3.27042 94.622 36.2927 1.21668e-05 36.5064 76.6629 98.6209 47.095 65.2506 17.3443 41.3287 95.8042 106.663 48.5672 131.073 14.6229 1.75649 
37.6863 145.012 36.1838 224.138 139.962 16.3015 12.1574 1026.32 95.6005 95.4704 266.3 0 102.953 0.0165221 273.762 140.564 80.3284 62.7641 96.9894 0.0631814 36.8889 25.9702 54.3666 26.0476 90.1269 227.963 56.0501 16.6644 
10.2149 58.4898 56.701 54.4352 81.0776 31.5996 212.968 137.188 52.5745 314.884 0.136581 153.943 0 89.4792 115.2 69.8338 27.8483 6.66564 62.0689 35.9278 23.5001 1.49326 32.1534 57.0986 42.121 41.0033 3.65565 43.8536 
18.655 18.0919 1.60235 8.1622 0.929874 1.52591 95.026 82.9825 17.0701 81.9883 180.975 160.158 124.678 0 2.93462 19.3393 16.9022 1.54463 22.312 1.38283 4.0441 10.5514 7.06737 4.30931 11.1839 4.49349 11.3022 11.6337 
28.7091 75.0551 32.5348 1.80867 94.7788 0.804975 109.921 0.0605545 12.5495 68.115 18.4483 97.9833 117.273 4.90205 0 89.5298 28.4186 6.53176 0.000148231 8.85127 40.7427 11.3643 5.9308 5.46865 12.9169 8.34982 2.60384 7.42223 
0.0598626 5.05434 20.6436 3.28619 11.5079 25.9548 4.96567 110.008 122.802 17.8706 38.5776 86.9187 26.8174 6.89351 75.9941 0 19.686 12.0472 30.5587 1.67254 19.5805 10.2177 5.19431 13.7939 28.1864 2.9954 17.8255 18.5069 
334.399 266.587 15.9456 300.173 137.051 264.395 98.9219 69.2145 250.75 66.7813 39.8687 15.6279 63.4801 0.24372 4.51433 26.1272 0 206.775 571.323 16.8917 0.65576 20.7867 4.44844 0.316949 251.959 0.254644 0.256394 24.3551 
228.697 242.177 92.8305 1.24493 145.777 7.01364 65.1188 44.4482 0.000549387 63.7008 152.377 69.9935 94.6646 34.6854 67.0884 57.8159 278.873 0 118.299 6.43674 70.9275 35.0521 33.9235 32.3443 14.0836 61.4476 19.1136 35.0953 
67.813 2.19772 10.8908 51.5624 76.9814 54.9759 73.0065 7.6787 134.702 113.414 14.8566 15.4207 0.0289322 17.8621 31.3356 11.7316 16.9654 96.0535 0 26.1056 64.1403 3.68156 22.7445 21.1635 4.89555 27.225 8.90163 24.7675 
204.316 110.693 24.1387 7.56179 59.2379 0.000118856 25.9075 36.0235 5.87473 48.7811 46.0824 18.6836 21.8927 0.523245 1.76324 0.228372 17.7212 11.3099 36.4971 0 1.20392 6.20817 0.285552 2.66578 10.375 4.28141 0.851636 11.2802 
0.30254 28.212 43.09 59.6017 47.0284 19.7479 95.1879 1.06585 2.68593 82.3041 149.235 134.703 23.5503 44.5437 54.4579 46.3559 5.57336 86.4863 8.2991 242.757 0 16.9218 0.015721 21.9005 39.6386 2.52248 6.6807 0.29589 
2.24463 49.9368 5.20993 0.0935006 47.17 8.3152 25.8996 43.9314 53.7471 61.0771 4.25315 7.47064 51.408 4.43469 5.66121 11.9602 10.8015 21.961 4.91375 0.0789166 32.7875 0 3.58717 6.53809 4.54506 8.10399 10.7352 9.56242 
44.5774 52.0478 4.10201 4.41197 54.2622 4.37998 8.77481 62.4233 102.262 19.475 108.093 78.2572 23.5617 7.88997 1.38741 2.97953 0.0824328 13.3232 1.89282 0.429576 0.0700005 3.67935 0 5.75998 6.04382 10.38 9.00615 6.66035 
2.28183 34.7543 0.971846 11.3215 14.1487 11.1739 61.5914 5.5246 0.257842 0.550089 77.9341 0.235049 40.7523 0.957074 20.6478 18.751 15.4831 10.5016 16.4475 0.16719 4.30961 12.8138 17.7324 0 2.85258 8.39464 6.25824 1.05588 
296.683 276.99 1.66282 263 58.1465 256.979 80.2362 193.394 285.187 52.13 32.4564 660.902 51.8092 9.18714 15.4014 54.8112 263.706 18.2037 17.4325 2.16455 59.7816 69.6815 3.78942 48.2702 0 89.3473 125.03 96.2641 
71.2647 46.4592 4.17616 9.52568 69.4293 22.8847 0.314486 35.3473 92.6223 76.3369 138.6 236.448 43.6577 11.6976 2.53563 0.806702 2.97687 61.2459 0.786248 10.8808 37.882 3.31776 2.02516 11.7372 23.3081 0 5.92159 63.0123 
2.33887 30.3298 11.4594 20.0569 8.07952 20.1604 24.9083 49.5548 1.20901 23.815 59.4474 21.1678 0.474425 10.0284 16.105 18.3739 20.935 2.572 0.0353578 10.0809 11.8958 10.5937 1.17381 3.66951 46.3804 22.6136 0 0.0454818 
41.5743 64.5344 3.8905 23.1211 3.73667 17.2693 54.8399 10.3673 97.0346 28.5453 44.9733 172.274 3.92394 8.88891 0.0513912 21.5636 16.9087 39.1905 9.70207 10.5515 32.8988 4.40895 10.051 0.762893 10.5935 26.2577 41.184 0 
