0 346.165 172.799 541.131 269.214 306.624 157.073 134.122 282.37 25.0528 28.6683 2.55199 92.6232 28.017 6.05264 48.5511 257.639 28.5964 0.212911 91.587 191.456 27.9528 11.8449 47.1731 233.693 0.7836 46.7366 59.9223 
408.578 0 456.907 406.935 407.817 389.918 399.28 204.555 512.314 195.34 0.147099 125.206 127.09 54.4576 22.4636 83.3025 317.756 1068.58 78.8337 74.0443 66.5585 38.6141 54.0898 7.891 270.382 12.7807 21.7095 17.9807 
13.7807 15.5378 0 35.3992 28.5249 9.09439 77.3459 262.367 401.57 36.8621 233.93 188.225 70.693 13.3061 27.4526 9.89524 8.4721 119.244 13.5087 26.0785 54.9019 4.42281 11.1917 15.6082 22.2538 6.76077 11.6123 0.237476 
551.266 508.587 20.475 0 37.7186 232.905 77.855 148.86 535.812 106.638 203.937 78.5123 72.902 18.3128 0.711982 26.8087 216.469 112.888 29.3027 8.09756 113.964 13.4913 3.96494 13.4352 243.828 13.6757 17.6807 5.21804 
163.709 504.143 88.7807 118.219 0 437.314 86.1112 3.05589 19.7953 274.778 256.911 28.6453 133.104 62.4867 18.7088 68.3373 141.893 5.39284 75.4259 78.5918 17.4781 56.3097 34.1287 34.3495 64.3371 46.1658 25.8736 0.195435 
337.124 374.961 7.34238 205.69 65.5974 0 926.324 210.992 358.527 601.95 190.98 3.10456 338.68 3.49556 41.8184 12.909 223.108 94.3984 3.02452 2.22032 53.9032 0.23936 11.6751 17.8846 205.654 6.00151 16.7358 22.8223 
245.476 381.409 184.686 188.001 141.296 553.445 0 79.4701 1304.05 438.342 468.347 219.675 97.2326 4.99535 83.4721 1.18713 0.00423289 44.0592 126.379 48.3705 114.424 27.9124 66.667 0.0147218 2.6785 49.8456 6.20705 68.7111 
131.327 222.193 45.7879 89.9661 1.17763 1.56174 136.011 0 121.497 194.717 357.802 953.645 13.7685 11.1917 157.359 223.072 77.5075 90.7359 22.8793 57.0248 25.9334 63.2168 98.9965 4.16945 39.2887 223.234 4.8306 115.982 
327.456 209.413 179.328 206.285 352.283 228.899 838.948 414.367 0 295.437 808.248 313.184 19.7937 39.1697 284.868 20.2994 242.815 44.7041 132.221 106.169 2.79182 51.8464 96.2376 38.8422 283.195 24.6625 79.2599 95.4428 
156.522 215.94 15.2279 3.06494 139.241 448.635 74.9354 30.9301 384.96 0 0.116217 228.669 45.9647 0.0209003 85.9514 20.9705 64.8149 55.4854 114.044 9.27042 49.8364 0.139267 51.0305 48.9154 55.0413 26.6203 12.9414 24.4919 
46.921 118.432 25.683 69.1306 189.77 70.3415 400.629 37.1386 129.74 580.255 0 2.32821 96.4911 34.6894 0.129466 34.7877 76.9105 97.8501 46.551 65.5402 17.7459 41.6042 95.0375 107.245 49.416 130.079 14.3929 1.62995 
36.6072 146.278 37.3641 222.31 140.676 15.685 11.3001 1022.58 92.2965 97.2452 259.846 0 103.679 0.00072008 273.592 150.695 80.1817 62.1599 96.8614 0.0434734 37.5478 26.2173 53.6083 27.1808 82.766 234.852 56.6529 17.4431 
9.96438 59.2251 56.4115 54.1703 82.1564 29.4589 212.41 137.532 51.4781 312.922 0.0617833 153.66 0 91.3395 114.844 69.4475 28.0426 6.85275 62.375 36.0266 23.2982 1.64148 32.7707 56.8116 42.2939 40.8225 3.7119 43.8121 
18.8369 18.3518 1.65246 8.064 0.997153 1.46743 94.8703 82.2639 16.4616 82.1565 179.415 159.641 123.149 0 3.58594 19.345 16.9482 1.48886 22.2461 1.37062 4.12048 10.5719 6.91925 4.21522 11.1041 4.56086 11.3046 11.6487 
28.4166 74.6441 32.4426 1.90002 94.8303 0.885206 110.811 0.126038 12.0964 66.922 15.5716 94.8856 117.515 4.14295 0 89.6632 28.4566 6.38623 0.00115482 8.88377 40.5625 11.4374 6.14444 5.26909 12.7316 8.54438 2.6512 7.52216 
0.083713 5.24471 20.5339 3.44714 11.284 25.89 5.224 106.992 121.965 17.3947 36.8196 95.5344 26.3437 6.66929 74.3385 0 19.6266 11.88 30.5497 1.69934 19.8081 10.2514 5.09294 14.2072 28.4054 2.81226 17.8606 18.6063 
295.875 227.086 16.1864 261.387 137.632 225.28 99.2055 68.9025 212.085 66.5114 40.1751 15.8284 63.5331 0.232512 4.45553 26.1311 0 203.839 573.455 16.7765 0.695021 20.7993 4.4832 0.305704 213.034 0.268177 0.247563 24.3491 
228.045 243.516 91.492 1.43227 147.384 7.36249 66.5935 43.6964 0.00398306 62.9772 152.861 69.3817 94.9021 34.5245 67.1698 57.712 279.946 0 119.025 6.21765 70.4492 35.1252 34.0264 32.2184 13.9302 61.4782 19.0143 35.2202 
67.2423 2.46787 11.1405 51.7828 80.1121 55.6141 72.0331 7.45166 134.147 113.801 14.4975 15.1745 0.017687 17.9422 31.4409 11.8233 17.9719 96.9066 0 25.9853 64.2848 3.72551 22.7595 21.2024 4.95578 27.2801 8.94925 24.7337 
206.045 109.767 24.2544 7.83228 59.7205 0.0011487 26.35 36.5979 6.1106 48.9351 45.746 19.0176 21.76 0.531688 1.73648 0.239226 17.8363 11.0276 36.4848 0 2.1559 6.21256 0.29087 2.68398 10.3366 4.24117 0.865392 11.289 
0.459355 27.4771 42.2364 57.1854 46.5017 19.4713 95.8082 1.24574 2.45779 82.0332 149.256 134.065 23.7526 44.5163 54.3612 46.572 5.4652 86.0423 8.4423 236.673 0 16.8569 0.0201977 21.7545 39.4425 2.43156 6.60396 0.273875 
2.28982 49.9896 5.2433 0.0999765 47.0367 8.2407 26.1108 43.7392 53.9301 61.0803 4.1294 7.62598 51.9701 4.37736 5.58972 11.9609 10.758 22.058 4.96302 0.0818567 32.782 0 3.48684 6.45925 4.55783 8.13053 10.711 9.57672 
44.6424 52.1557 4.14813 4.35057 54.3331 4.32141 8.97723 61.9393 102.245 19.7415 108.757 77.5099 24.1281 7.75986 1.2755 2.89218 0.0771385 13.4324 1.92579 0.435969 0.0614176 3.57813 0 6.13488 6.19238 10.3841 8.95823 6.62813 
2.19964 34.971 0.940848 11.1987 13.9919 11.2418 61.7959 5.87803 0.307047 0.602832 77.1783 0.134204 40.3905 0.902494 20.4222 18.3522 15.442 10.6118 16.5037 0.161341 4.22624 12.8594 17.4293 0 2.61789 8.29791 6.34211 1.02591 
257.529 237.815 1.5996 224.369 57.9848 217.993 80.5203 193.273 245.679 51.8374 31.7121 950.159 51.7033 9.10276 15.2131 57.3174 224.901 18.0371 17.3509 2.19689 59.7339 66.4541 3.66599 46.8841 0 87.6609 137.14 108.532 
71.491 46.827 4.28423 9.76086 69.5005 22.9844 0.258266 33.6478 91.7731 76.3625 137.692 229.568 43.8251 11.6543 2.65671 0.709857 3.02036 61.284 0.758838 10.9058 37.6526 3.34614 2.06223 11.6486 23.0755 0 5.72968 62.835 
2.39925 30.4772 11.401 19.9745 7.99061 20.1662 24.7288 49.9728 1.14559 23.6729 59.1624 20.7105 0.495715 10.0062 16.1598 18.3985 20.9559 2.52553 0.0392162 10.0951 11.9911 10.5689 1.20258 3.73997 46.2426 22.3517 0 0.00455289 
41.77 64.5583 3.82589 22.9905 3.81941 17.3377 54.5984 10.7844 96.8996 28.3325 45.4796 172.663 3.99805 8.92898 0.0619061 21.6208 16.8607 39.3045 9.76256 10.5339 32.757 4.38465 10.0576 0.789026 10.3823 27.0777 42.583 0 
