0 67.6426 188.945 347.741 266.376 95.1461 136.03 158.907 95.7079 19.2734 36.0338 6.21016 95.4222 29.7931 7.69106 52.1745 49.4608 18.7401 0.92076 91.0217 175.388 28.7904 13.0478 48.6709 32.8213 0.246689 47.4682 59.3367 
116.98 0 397.55 241.586 336.001 163.589 328.328 184.228 342.098 179.812 0.495825 137.409 131.797 52.0399 26.445 82.1831 121.192 1131.98 68.0462 84.3427 57.5614 39.7732 54.834 6.58272 68.81 15.367 23.0711 19.7988 
27.386 73.8474 0 13.7697 17.5882 5.33953 105.683 272.639 451.92 44.3193 224.124 187.327 71.7758 13.9194 28.9932 11.2362 6.76879 129.929 11.0807 25.2378 46.6438 4.1236 11.4667 15.663 21.1839 5.59505 11.066 0.101768 
341.43 284.735 98.9558 0 47.8663 24.4937 95.4534 541.797 323.966 106.958 202.86 57.0553 73.0185 19.0739 1.34642 29.4668 11.0252 120.236 26.6185 10.8298 669.35 13.1663 4.53122 12.2765 41.4308 16.191 18.4995 6.21975 
184.143 528.257 72.1826 107.519 0 423.83 131.664 0.854338 36.5811 298.769 251.55 23.0166 141.606 64.1025 15.32 69.8979 136.786 10.9675 105.862 81.9633 14.1444 56.6253 35.8236 35.989 63.3441 43.7784 24.752 0.0560041 
131.22 192.947 11.5682 1.99795 163.393 0 1039.92 214.308 238.369 154.018 215.68 6.29706 324.796 2.74045 41.5124 14.2754 17.1728 88.2633 5.59831 2.8666 51.1381 0.415332 12.2277 17.7491 2.04232 7.03632 16.3256 22.6914 
232.404 308.37 157.377 177.306 94.5285 250.474 0 49.2414 1209.33 373.021 439.272 202.054 112.455 7.50457 93.1164 0.295813 0.23791 56.6133 118.808 43.752 119.218 29.9086 65.012 0.197645 1.4973 44.9464 5.21289 67.3524 
107.161 239.808 25.8272 128.615 0.0670258 5.91909 98.3317 0 205.811 184.628 368.327 1028.07 10.4201 15.5123 146.776 240.595 74.826 82.5614 26.3904 51.2472 18.9408 64.0766 97.1954 1.80622 28.1484 211.851 6.63511 120.791 
105.657 1.89966 266.515 3.75673 343.539 74.9961 422.383 316.745 0 257.913 1313.52 341.591 13.4076 32.8683 218.596 27.414 35.3062 54.7044 137.356 105.336 1.01141 53.593 98.2358 43.1026 85.6818 18.7194 79.5504 93.7333 
156.67 203.282 20.9009 5.41217 105.483 369.837 141.421 21.9267 386.341 0 19.8929 218.839 77.2577 0.487239 96.3124 25.8802 62.1462 48.96 110.208 10.8877 46.4968 0.00405212 52.8909 50.8423 52.3899 30.1909 14.1374 22.5382 
38.721 100.937 41.3695 83.7213 204.336 96.3709 351.423 20.5456 220.922 604.068 0 1.25114 114.212 21.2205 13.4532 20.4867 79.1619 90.6183 41.5458 68.1761 21.6826 44.1681 87.6763 112.378 57.492 120.352 12.317 0.67487 
27.1703 157.836 49.0219 203.54 147.101 10.4561 4.77386 930.174 63.6099 114.03 200.12 0 110.34 0.849744 268.339 251.846 78.7507 56.5702 95.5633 0.0366734 43.8856 28.5488 46.6165 38.6718 13.212 295.982 62.2897 25.4465 
7.76214 66.1506 53.6285 51.6422 92.2523 14.3812 206.118 140.502 41.6364 289.965 0.774617 150.704 0 108.19 110.861 65.6582 29.8625 8.71367 65.1695 36.9222 21.4394 3.3532 38.6391 54.022 43.8711 39.1 4.25518 43.3902 
20.5517 20.8324 2.15256 7.16128 1.73593 0.973445 93.1323 75.4389 11.2964 83.3986 163.512 153.919 107.755 0 12.3584 19.1242 17.3706 1.01671 21.6166 1.25831 4.86395 10.7349 5.44357 3.35756 10.3467 5.19981 11.3161 11.7729 
25.7148 70.6813 31.4605 2.85398 95.0832 1.81101 118.67 1.87659 9.70138 55.8339 0.413487 67.3403 119.058 0.106912 0 85.5402 28.7913 5.10017 0.0563025 9.18093 38.8554 12.1089 8.24976 3.55277 11.0271 10.4208 3.1101 8.47015 
0.498117 7.17702 19.4582 5.11401 9.28332 25.2181 7.92733 79.673 113.757 13.2017 22.1116 188.238 22.0445 4.6795 55.9329 0 19.0638 10.3639 30.4376 1.95737 21.964 10.5525 4.16542 18.0365 30.3197 1.36506 18.1611 19.489 
95.1877 17.8205 18.4834 58.3083 142.615 19.2682 101.69 65.9499 10.372 63.9223 43.0502 17.7467 63.9724 0.140534 3.92241 26.1495 0 175.167 589.03 15.702 1.11598 20.9086 4.81236 0.21039 8.76054 0.411189 0.172596 24.283 
220.793 253.865 78.9217 3.80176 162.043 10.9949 80.7978 36.8987 0.756872 56.2831 157.102 63.6977 97.0113 33.0093 67.8467 56.6826 286.545 0 125.491 4.34408 65.9645 35.7934 34.9716 31.0335 12.5264 61.7 18.0914 36.3728 
61.8791 5.72359 13.5732 53.7533 111.002 61.4489 63.0158 5.48702 128.671 117.071 11.3348 12.9568 0.0455371 18.6813 32.3938 12.6853 30.0911 104.706 0 24.8437 65.5816 4.14577 22.8851 21.5535 5.53198 27.7754 9.39602 24.4058 
218.685 100.688 25.252 10.5332 64.1535 0.0616621 30.5849 42.0673 8.51817 50.3078 42.6009 22.2387 20.523 0.613282 1.49509 0.35221 18.9086 8.54313 36.3241 0 23.8275 6.25106 0.342648 2.85455 9.97083 3.8701 0.998561 11.3635 
3.48302 21.0186 34.4995 26.3927 41.6547 16.9538 101.496 3.59232 0.813778 79.4245 149.204 127.912 25.6648 44.2233 53.4037 48.5426 4.50239 81.8314 9.8293 175.663 0 16.2514 0.0890462 20.3982 37.5947 1.66112 5.90573 0.109413 
2.73179 50.4457 5.5561 0.170797 45.7589 7.55117 28.0943 41.9294 55.6012 61.0032 3.0584 9.14347 57.1531 3.84911 4.93499 11.9488 10.3526 22.9618 5.43167 0.111834 32.7177 0 2.60183 5.72842 4.71068 8.37378 10.4801 9.70553 
45.2091 53.1113 4.58455 3.79298 54.9393 3.78723 10.9598 57.3807 101.855 22.2701 114.618 70.4532 29.6069 6.40234 0.451593 2.12385 0.036152 14.4634 2.24597 0.497589 0.00837377 2.68373 0 9.87832 7.62999 10.4023 8.50535 6.3243 
1.50321 36.9822 0.674367 10.0633 12.557 11.8681 63.6194 9.67213 0.971731 1.20965 70.0511 0.547523 36.9903 0.465581 18.2274 14.5325 15.0541 11.6596 17.0221 0.111677 3.48404 13.2484 14.1388 0 0.933734 7.39739 7.13752 0.765554 
51.0581 31.2237 1.06589 22.8548 56.4211 13.1585 83.0226 190.917 36.103 49.042 25.083 243.628 50.6566 8.31181 13.4624 78.7306 21.7342 16.5044 16.5869 2.50789 59.2226 25.9408 2.67999 35.0431 0 36.8519 68.9624 136.574 
73.4648 50.2389 5.34529 12.0503 70.0722 23.8747 0.000272855 19.5652 83.7075 76.4041 128.688 164.755 45.3431 11.2223 3.90587 0.102502 3.43921 61.5767 0.525962 11.1276 35.4981 3.61417 2.4199 10.8016 20.8972 0 4.06912 60.1833 
2.99805 31.8475 10.8528 19.1924 7.18013 20.2052 23.0648 53.872 0.6353 22.3471 56.4646 16.6391 0.716746 9.79074 16.655 18.5989 21.1444 2.11125 0.0848634 10.2234 12.8926 10.3323 1.486 4.42112 44.9177 19.8826 0 1.66455 
43.5702 64.7126 3.24385 21.7503 4.63206 17.9617 52.2975 15.0302 95.4795 26.3484 50.2403 175.378 4.71992 9.29417 0.206997 22.0917 16.4082 40.3502 10.3304 10.3627 31.4226 4.15881 10.1081 1.05279 8.54862 34.8117 55.647 0 
