0 292.33 201.414 613.878 259.945 361.228 114.188 184.444 388.753 13.9878 44.3303 11.6222 98.0859 31.6197 9.56728 55.8185 319.494 10.5752 2.17061 71.3888 157.443 29.6394 14.3307 50.1239 310.422 0.00869821 48.1627 58.6045 
322.117 0 302.876 549.566 255.272 412.705 249.07 162.345 645.512 162.278 3.33906 149.714 136.132 49.4312 30.7754 80.701 402.645 1021.57 57.1828 94.7072 48.6201 40.9337 55.496 5.33906 345.483 18.2361 24.4929 21.7326 
45.4459 167.869 0 57.6918 8.82577 2.4349 136.134 276.637 473.118 52.293 210.08 184.261 72.6141 14.5022 30.4068 12.6399 5.18132 139.781 8.76875 24.1995 38.4064 3.81953 11.7225 15.6706 20.0168 4.47664 10.4955 0.0208156 
591.255 528.887 270.266 0 59.0888 294.487 113.875 1046.46 580.701 106.564 199.421 37.5646 72.9079 19.808 2.20528 32.0774 283.977 127.057 23.8754 13.9445 337.937 12.8184 5.14491 11.085 317.21 18.888 19.3281 7.32709 
203.989 529.142 55.7354 95.9025 0 345.747 184.133 0.00462659 58.5909 317.416 243.855 17.7504 149.702 65.596 12.1048 71.3082 130.693 18.6755 139.661 85.1079 11.0235 56.8537 37.5481 37.6574 62.1877 41.2627 23.5899 0.000561095 
402.41 486.509 16.7071 277.369 375.41 0 885.03 214.766 599.539 328.636 237.694 10.7186 577.887 2.04298 40.8448 15.6841 289.591 81.5606 9.02417 3.61 48.1964 0.647083 12.7761 17.5604 276.856 8.16398 15.8827 22.5066 
216.288 228.746 127.21 163.793 53.7402 75.246 0 24.7562 874.271 292.557 397.166 182.551 128.158 10.5869 102.654 0.000522802 0.85506 70.7026 110.405 39.0055 123.825 31.9827 63.106 0.606358 0.629666 39.9217 4.26674 65.7864 
83.4224 255.965 10.7233 121.943 0.357351 13.2597 63.9919 0 304.646 172.989 373.858 991.899 7.4115 20.6109 134.546 253.132 71.944 74.1664 30.2099 45.3408 12.7577 64.8672 94.9321 0.379457 18.2866 196.436 8.78092 125.13 
362.12 281.415 352.383 289.477 329.051 423.298 91.9635 217.11 0 215.923 465.012 366.195 8.02923 26.8659 250.276 35.6334 306.119 65.7501 142.068 104.032 0.0987341 55.336 99.8977 47.5698 366.508 13.3137 79.6928 91.6761 
155.896 188.136 27.4856 8.49561 73.3795 249.081 222.497 14.0862 378.358 0 73.8207 206.76 115.191 1.60921 106.18 31.2821 59.2678 42.4236 105.641 12.6649 43.0532 0.0660664 54.6349 52.6855 49.5155 33.9675 15.4076 20.5461 
30.8692 83.4355 60.5884 99.2505 218.114 125.14 293.874 8.30687 429.363 592.951 0 14.7536 132.833 10.4629 48.8333 9.36949 81.3724 83.0909 36.5247 70.7671 26.0994 46.8022 79.7454 117.068 66.0707 109.561 10.3111 0.121412 
18.7071 169.207 62.1263 181.357 153.274 6.0933 0.911523 743.237 38.6533 131.597 141.656 0 116.983 3.60642 256.166 355.66 77.1555 50.8975 94.0258 0.36661 50.7785 31.0049 39.6024 52.0821 15.1986 348.562 68.1098 35.0175 
5.75159 73.3999 50.61 48.9281 102.667 17.8831 197.64 143.099 32.2894 258.437 4.17955 147.052 0 124.044 105.546 61.419 31.7557 10.8532 67.9313 37.7967 19.5654 5.73184 44.8435 50.9447 45.4293 37.2571 4.85193 42.8885 
22.3572 23.4965 2.72874 6.25856 2.70884 0.564509 90.8047 68.2108 6.9813 84.0495 144.93 146.388 90.2551 0 25.1569 18.386 17.794 0.620912 20.9376 1.1453 5.69054 10.8481 3.85246 2.52669 9.54278 5.87575 11.3082 11.8703 
22.9811 66.3672 30.2242 4.02716 94.9113 3.09527 125.835 5.82172 10.7495 44.6759 7.81225 42.3947 119.275 2.12566 0 72.0774 29.1 3.90989 0.200322 9.47638 37.0464 12.7811 10.5873 2.08976 9.32393 12.4559 3.61635 9.47682 
1.28921 9.4636 18.2561 7.13163 7.39079 24.4007 11.2619 53.9414 104.603 9.379 10.5092 294.897 17.8618 2.88905 34.4129 0 18.4658 8.88217 30.269 2.2387 24.2501 10.8373 3.25679 21.7536 32.0281 0.398525 18.4188 20.3098 
372.639 287.468 20.9404 333.401 146.892 291.59 103.943 62.8248 287.324 61.1164 46.0463 19.8185 64.3207 0.0694449 3.40102 26.1354 0 144.017 590.154 14.5948 1.65444 21.0061 5.16133 0.130242 282.812 0.590813 0.10908 24.1944 
211.186 293.814 65.9739 7.40681 176.422 15.435 96.1617 30.3199 2.8999 49.5053 160.95 57.8847 98.9859 31.4177 68.3873 55.5053 286.705 0 131.541 2.74202 61.2967 36.4573 35.9182 29.787 11.1312 61.808 17.1435 37.5394 
56.2933 10.4528 16.2693 55.6187 145.008 67.18 53.9008 3.75559 122.48 119.778 8.43446 10.8191 0.326981 19.43 33.3214 13.5871 44.9448 112.404 0 23.6296 66.8227 4.59994 22.9872 21.8948 6.15458 28.2512 9.86295 24.0441 
224.591 90.6215 26.1169 13.6219 68.577 0.220807 35.1391 47.9024 11.3906 51.5987 39.3475 25.757 19.2456 0.702973 1.26156 0.491179 20.0113 6.27244 36.0702 0 67.7126 6.28616 0.400318 3.03222 9.58051 3.49546 1.14545 11.425 
9.5213 15.1347 27.0268 3.44755 36.7913 14.4813 107.163 7.2713 0.0442536 76.5814 148.672 121.184 27.6844 43.8502 52.3101 50.4888 3.59726 77.358 11.3586 111.166 0 15.6245 0.211672 19.0056 35.6497 1.01418 5.21756 0.017188 
3.22733 50.8473 5.88205 0.263752 44.3753 6.85067 30.1629 40.028 57.2589 60.7218 2.11258 10.8391 62.3473 3.31896 4.28379 11.9011 9.93314 23.8946 5.93308 0.147701 32.6279 0 1.79743 4.98688 4.93437 8.61684 10.2314 9.83005 
45.7193 53.9993 5.04605 3.24655 55.459 3.26059 13.1813 52.6053 101.013 24.9539 119.982 63.0534 35.5732 4.83139 0.036975 1.43102 0.00986622 15.552 2.60057 0.565088 0.00496308 1.86779 0 13.8299 9.19633 10.3828 8.02719 6.00453 
0.918296 39.0377 0.443327 8.91353 11.1304 12.5009 65.3378 14.5029 2.0473 2.05285 62.5991 3.53671 33.4504 0.15988 15.8308 10.5887 14.6441 12.7798 17.5473 0.0697061 2.78543 13.58 10.2065 0 0.202369 6.47659 7.981 0.534125 
322.743 302.918 0.623482 299.756 54.7038 286.633 85.3176 186.185 304.967 46.0445 18.8846 395.685 49.4655 7.49259 11.679 85.7325 296.904 14.9621 15.7927 2.84662 58.5706 5.89117 1.98641 26.6788 0 2.0325 42.4116 34.8102 
75.238 53.7111 6.53572 14.5757 70.4845 24.7157 0.242802 8.72763 75.179 76.071 118.485 101.601 46.8239 10.724 5.4104 0.0500182 3.89731 61.7586 0.329037 11.3346 33.2465 3.89704 2.81086 9.89437 18.6572 0 2.61866 55.674 
3.6837 33.2545 10.281 18.3602 6.37898 20.2161 21.3654 57.8875 0.263417 20.9791 53.608 12.8246 0.9876 9.55319 17.1373 18.7502 21.3268 1.71951 0.150401 10.3469 13.8461 10.078 1.80687 5.16769 43.4785 17.3102 0 7.12305 
45.3776 64.7423 2.68367 20.4306 5.54838 18.5794 49.8342 20.0635 93.7106 24.3054 55.2095 176.406 5.52274 9.65455 0.445699 22.4562 15.9326 41.396 10.9247 10.1725 30.0226 3.92717 10.1398 1.36242 6.93523 42.6299 68.4003 0 
