0 450.459 207.796 767.459 252.431 527.821 97.2129 204.134 577.294 10.3447 51.3337 17.0354 100.018 33.0532 11.177 58.6079 489.526 5.68984 3.52857 42.9922 142.556 30.2979 15.3719 51.2003 486.42 0.0514615 48.6665 57.935 
461.97 0 216.739 743.318 191.575 565.413 186.774 144.717 836.863 147.609 7.35594 159.124 139.154 47.2977 34.3324 79.3 581.211 482.248 48.9134 102.553 41.8719 41.8228 55.9404 4.43709 520.603 20.6357 25.6261 23.2976 
62.0336 253.897 0 127.55 3.92978 0.912105 159.899 274.862 465.37 58.6941 196.477 180.329 73.0696 14.923 31.3817 13.752 4.05875 146.551 7.09762 23.2649 32.2044 3.58308 11.9035 15.641 19.0549 3.66214 10.041 3.04466e-05 
733.632 672.914 257.444 0 68.3482 464.678 128.23 1192.93 733.993 105.728 195.064 24.5719 72.6532 20.3475 3.02623 34.0141 456.371 131.821 21.7412 16.5764 603.209 12.5349 5.64916 10.1524 491.592 21.0666 19.9691 8.25081 
218.426 512.293 43.5964 86.4653 0 267.242 227.421 0.37375 78.918 327.128 236.292 14.0109 155.539 66.644 9.78734 72.2718 125.333 26.096 166.961 87.3293 8.80171 56.9632 38.8888 38.9551 61.1813 39.2445 22.6696 0.0210853 
572.512 671.976 21.2153 452.101 764.237 0 407.253 212.965 834 574.126 251.906 14.9877 329.628 1.55582 40.069 16.7866 461.546 76.0517 12.2479 4.24923 45.8192 0.865929 13.1915 17.3764 450.691 9.09255 15.5192 22.3249 
201.922 167.487 103.099 151.601 28.6196 110.078 0 10.994 530.938 225.281 356.802 166.45 140.357 13.3574 109.764 0.223159 1.61325 82.4946 103.411 35.2995 127.196 33.6266 61.464 1.08744 0.203593 36.0074 3.57894 64.4351 
65.9633 267.026 3.27841 153.913 1.62805 20.9931 41.1503 0 385.3 163.024 374.247 885.87 5.37215 25.062 124.118 258.583 69.5909 67.6077 33.3571 40.7529 8.67193 65.4203 92.8619 0.00135656 11.839 181.978 10.6742 128.073 
521.996 465.177 409.021 478.615 313.941 664.78 0.00440161 145.302 0 181.724 655.727 381.653 4.7071 22.5542 296.889 42.6721 476.823 74.9156 145.333 102.687 0.0551497 56.6666 100.911 51.1292 544.85 9.62074 79.6906 89.846 
154.617 174.901 33.1354 11.3856 50.9916 145.528 289.782 9.0278 365.462 0 136.639 195.966 147.701 2.95027 113.189 35.7387 56.9134 37.4403 101.626 14.1414 40.3441 0.261207 55.8765 54.0281 47.1579 36.9951 16.4353 18.9953 
25.1624 70.2183 77.5048 111.629 227.931 148.405 245.814 2.42409 606.165 558.999 0 35.5527 147.533 4.51162 89.9029 3.52059 83.0324 77.131 32.6838 72.7116 29.8286 48.8679 73.3112 120.293 72.9508 100.623 8.83064 0.000745967 
13.0285 177.693 73.0659 162.33 157.787 3.43984 0.000619448 556.036 22.8775 145.429 99.9531 0 122.031 7.11019 242.045 424.637 75.8116 46.5055 92.6709 0.870614 56.4451 32.976 34.2667 63.5656 67.4802 378.566 72.6774 43.4056 
4.36032 79.1591 48.1337 46.7178 110.803 36.7363 189.61 144.801 25.5746 229.129 8.76335 143.748 0 134.899 100.551 57.8668 33.2591 12.6968 70.0154 38.4497 18.1201 8.03401 49.7804 48.3883 46.6059 35.7591 5.34899 42.4446 
23.8049 25.6666 3.22423 5.57032 3.6268 0.317318 88.5951 62.4258 4.35682 84.0989 129.124 139.366 75.867 0 36.2967 17.4575 18.119 0.375398 20.3812 1.0583 6.38523 10.8968 2.65827 1.92641 8.89619 6.41722 11.2877 11.9246 
20.8716 62.82 29.0976 5.0831 94.4619 4.33492 130.716 10.433 14.1129 36.2791 29.91 26.0623 118.442 7.97787 0 56.7316 29.3169 3.07203 0.376994 9.70107 35.5873 13.2941 12.4989 1.18635 8.03292 14.1117 4.03874 10.288 
2.17381 11.4712 17.2491 8.919 6.0275 23.67 14.266 36.2598 96.976 6.76427 4.24208 374.239 14.7775 1.72964 18.8208 0 17.9815 7.77511 30.0976 2.47112 26.093 11.0425 2.589 24.3408 33.1608 0.0404223 18.5834 20.887 
548.272 457.75 22.9318 507.259 149.606 463.458 105.488 60.3064 462.971 58.8116 48.4284 21.5188 64.519 0.0306604 3.01072 26.1002 0 119.23 440.965 13.7238 2.15452 21.0719 5.44356 0.0802037 455.989 0.755798 0.068974 24.1098 
202.179 354.736 55.9735 11.0597 187.071 19.4084 108.635 25.4749 5.56867 44.2837 163.587 53.3511 100.394 30.143 68.6983 54.4945 281.988 0 135.821 1.7255 57.596 36.9625 36.6441 28.787 10.0703 61.8052 16.3988 38.4431 
51.8747 15.1331 18.517 56.9616 172.273 71.4262 46.9193 2.60853 117.237 121.412 6.41937 9.24529 0.731871 20.0098 34.0114 14.3068 56.211 118.17 0 22.6477 67.7302 4.97314 23.0478 22.1487 6.66599 28.6007 10.2359 23.7417 
223.805 82.3074 26.6729 16.238 71.9339 0.415996 38.8422 52.6136 13.9266 52.5229 36.7823 28.6625 18.238 0.777687 1.08884 0.616843 20.877 4.70346 35.8064 0 113.697 6.3105 0.44888 3.17347 9.26359 3.2065 1.26827 11.4624 
16.3174 11.0978 21.5845 9.52639 33.0672 12.6283 111.466 11.0624 0.11471 74.2328 147.906 115.626 29.3102 43.5047 51.3722 51.9563 2.94789 73.7467 12.6349 65.5707 0 15.1281 0.345861 17.9132 34.0904 0.612513 4.69829 0.000748829 
3.6471 51.1137 6.14142 0.35153 43.2374 6.30733 31.808 38.5048 58.5169 60.354 1.48361 12.2688 66.2908 2.91451 3.78984 11.838 9.6012 24.6306 6.34164 0.179596 32.5398 0 1.25262 4.41563 5.16035 8.80272 10.0275 9.92222 
46.0671 54.6275 5.41729 2.83759 55.7916 2.86431 15.0551 48.8067 100.032 27.1151 123.671 57.1848 40.4439 3.57747 0.0359519 0.967668 0.000743435 16.4286 2.89783 0.621167 0.0395504 1.31267 0 16.6386 10.4743 10.3396 7.64304 5.7481 
0.55508 40.6418 0.293581 8.02657 10.0456 12.9889 66.5705 18.9378 3.17509 2.87278 56.7029 7.70779 30.6535 0.0300836 13.8882 7.66104 14.3135 13.6914 17.9544 0.043358 2.28375 13.789 7.08367 0 0.378852 5.76242 8.65974 0.379146 
493.99 474.269 0.354994 475.169 53.2759 459.36 86.9107 180.848 474.29 43.6086 14.5088 113.089 48.4471 6.84812 10.3017 75.7369 470.948 13.7751 15.162 3.12646 57.9667 25.9848 1.68102 23.896 0 35.6661 155.084 64.0102 
76.4383 56.4039 7.53736 16.6648 70.6799 25.3194 0.8024 3.12574 68.3688 75.5365 109.888 59.0801 47.9272 10.2956 6.73805 0.427395 4.27754 61.8146 0.205258 11.4817 31.454 4.12466 3.13385 9.16061 16.9201 0 1.68073 51.0061 
4.27348 34.359 9.82596 17.6866 5.77238 20.2034 20.0388 61.0383 0.082808 19.9005 51.3065 10.1138 1.23231 9.35491 17.4964 18.8289 21.4622 1.43632 0.215538 10.4379 14.6156 9.87002 2.08001 5.78569 42.2901 15.2899 0 13.8626 
46.7647 64.6717 2.27221 19.3645 6.3272 19.0469 47.8307 24.4751 92.0996 22.7005 59.1521 175.915 6.19774 9.92612 0.697797 22.6532 15.5509 42.1968 11.3998 10.0127 28.9021 3.74536 10.15 1.6332 5.87985 48.367 77.2401 0 
