0 531.866 194.591 154.01 46.7256 160.457 247.922 210.308 273.118 90.196 46.31 227.72 6.10669 53.5979 71.2449 68.4467 170.254 24.8653 104.743 271.707 147.782 1.63336 0.114688 55.7333 180.419 49.8976 40.4436 2.42241 
467.273 0 473.47 116.066 517.927 234.48 399.282 120.449 253.733 197.939 265.152 159.124 128.785 4.31067 82.5765 44.3481 237.562 1100.93 113.439 52.6356 77.4387 47.9254 2.03767 16.0541 113.878 28.4911 50.7193 32.1778 
145.961 0.0444487 0 163.324 20.465 23.9457 144.495 31.387 177.244 108.111 0.129219 9.44419 18.9539 15.3879 17.2305 22.5344 55.6266 93.6909 25.3928 3.43398 71.4044 4.68262 3.41787 0.337661 13.9291 26.5691 16.6189 5.59957 
191.999 252.995 317.492 0 3.5344 180.238 154.794 443.215 353.134 84.4442 18.5564 177.742 3.07878 21.5232 22.1958 0.224247 135.728 110.386 57.824 5.48027 645.02 8.18171 1.82215 26.5921 113.53 37.3615 7.60498 29.2646 
19.7627 207.251 0.0834017 157.211 0 284.464 194.199 1.73959 336.352 171.707 129.719 178.313 74.5336 8.12545 29.2233 16.7537 154.016 185.596 229.434 76.7925 88.9066 43.6125 11.82 0.0513351 0.299029 50.6901 48.7997 3.67126 
119.769 129.278 0.363975 161.718 214.591 0 734.762 73.7644 562.837 554.411 271.833 150.567 669.161 7.41576 37.663 1.60883 149.875 109.432 79.8481 4.04637 22.2631 1.51032 1.00786 13.6395 137.973 5.04069 3.11359 2.29512 
161.52 381.41 118.787 3.01615 413.732 57.6503 0 211.323 1.19856 508.967 215.428 282.205 124.391 96.7714 86.9535 58.0452 46.302 89.1184 130.145 43.752 79.2875 45.7888 7.61408 70.8025 58.8553 68.9615 9.63236 71.407 
139.934 46.2922 205.168 192.218 3.92352 181.682 147.361 0 125.005 166.556 344.95 794.538 0.56125 13.5847 11.0113 208.497 16.3404 114.366 20.9141 82.4201 20.857 63.4719 5.09011 116.017 4.44106 27.3228 100.43 85.758 
158.45 505.917 400.022 231.621 47.9592 430.367 489.976 627.811 0 157.706 751.73 359.949 136.702 63.8157 93.6615 16.0234 200.983 169.891 120.426 10.5877 2.7918 20.0615 4.8224 0.364371 120.572 140.865 3.53372 5.01236 
16.8122 217.973 91.233 6.6371 248.157 60.4646 0.185731 10.6666 5.03372 0 100.316 134.267 285.828 67.039 110.843 75.0802 74.0926 22.9471 22.6715 24.865 4.3351 41.626 4.88266 48.9154 71.1299 43.9691 15.3633 17.3455 
190.165 129.305 233.494 184.207 2.76151 201.444 329.024 54.7411 938.013 391.357 0 389.812 10.8918 183.319 376.585 1.56405 0.208876 140.053 4.5284 13.1228 148.223 73.7548 44.5433 111.68 1.04693 5.8384 7.74841 65.2971 
159.723 177.693 177.56 34.8565 5.09288 94.3344 92.0065 1011.05 45.0022 204.766 54.3817 0 7.24912 164.537 194.395 150.697 76.7536 129.968 0.0199209 24.5456 31.9524 60.512 79.9649 183.897 270.763 11.9446 117.182 23.028 
97.6058 146.556 65.1631 9.357 27.8382 13.2602 199.86 148.256 173.095 18.8714 52.3182 52.5278 0 47.0948 9.0066 81.7335 18.0799 55.7234 1.10395 23.0842 1.1573 73.3447 42.9717 51.0536 55.126 41.1234 11.4961 34.0544 
53.438 66.1726 12.9342 3.96574 69.42 4.52488 1.46417 78.3874 38.7318 29.7656 38.8182 1.5307 150.826 0 58.4214 10.3367 0.690328 26.4123 26.4988 0.184247 9.04945 6.63241 3.00958 10.3852 2.91983 0.407574 9.48238 8.58089 
28.1373 14.4793 0.444383 18.7893 28.1636 1.67767 113.714 122.951 104.205 39.1426 315.579 2.34058 37.9078 57.8643 0 0.229265 14.1629 2.66021 26.4597 0.526993 14.967 17.3487 1.76469 10.6911 14.7238 15.9587 18.6299 1.09692 
64.8066 30.3643 7.08993 17.6476 51.8936 25.2395 88.6028 5.85441 143.792 2.98595 1.13697 95.5357 47.6739 18.5946 13.1604 0 5.57693 36.0793 27.7449 5.13274 0.183267 0.0347372 6.39082 25.5183 10.8254 13.3015 0.3108 3.70863 
200.166 125.893 19.5278 132.529 99.1627 152.078 94.6276 24.1531 118.929 72.7241 11.8738 20.3308 59.1702 15.4864 11.2628 0.126308 0 272.452 375.705 14.6985 14.3969 12.5955 11.9565 3.32023e-05 136.844 22.9371 22.268 17.8945 
225.693 426.135 117.262 0.909373 24.9686 0.905377 64.182 156.379 72.3414 17.6801 115.619 124.603 101.1 53.5525 61.2297 0.00867626 221.004 0 145.863 85.9851 123.662 27.7553 16.8182 0.0698763 23.4921 4.73357 17.3388 16.9494 
12.9675 1.20019 3.18742 20.2782 233.945 78.8556 156.993 97.3131 143.419 88.1343 1.66901 70.553 71.3933 10.8659 28.8125 2.83772 206.405 133.736 0 10.1427 40.0531 5.09889 0.00420255 0.0316158 29.352 28.7976 24.3757 26.4844 
47.9795 46.1352 1.54926 5.70899 57.4577 10.5794 30.5849 15.3659 82.3841 0.169198 85.6476 69.2455 35.0148 3.81388 10.488 2.56843 18.8148 83.0438 28.2821 0 163.176 4.3995 2.65712 5.03752 11.9249 2.08983 0.0536512 4.80085 
13.7592 121.987 84.1127 106.622 54.7209 56.7354 58.3009 98.8367 2.45782 28.3357 11.5891 133.314 71.762 41.9729 2.48642 8.9091 0.541061 122.161 0.110299 305.259 0 3.43576 39.7398 33.5813 14.1622 0.344512 37.2525 6.29132 
10.6625 34.3788 10.5287 14.4578 56.9345 5.06288 47.3855 43.2251 22.2905 17.0031 39.2831 74.382 13.4547 9.37063 0.101256 2.13712 0.0459969 13.6836 3.84691 3.76338 4.95566 0 14.296 8.25224 7.54757 10.7034 6.09162 6.18644 
27.3028 3.69874 0.0643884 7.12367 0.00717589 15.6757 67.7734 45.0434 0.217425 4.20113 20.1745 101.493 52.2994 3.9539 18.1171 4.05794 2.15926 36.9568 19.5376 2.40721 39.126 14.2429 0 18.8886 22.0744 10.3964 10.0381 4.71681 
0.176292 59.9897 14.0259 26.2061 55.5622 1.66309 5.38874 138.602 27.9434 0.60283 71.0754 172.977 33.5724 9.16251 25.1043 6.25489 13.1019 48.0084 1.03194 0.331628 13.2639 0.946114 0.532892 0 42.6377 0.0217374 0.00758752 14.0762 
118.271 189.318 28.2265 122.172 0.653203 118.514 17.7529 169.901 228.607 70.3616 125.926 762.741 20.5724 1.53456 17.2202 18.3632 117.018 28.0905 8.09546 3.14165 0.0043443 76.2471 3.47812 46.7729 0 116.138 86.1656 113.459 
13.9594 64.1322 5.38389 40.3449 67.8929 1.30135 6.00537 77.8352 122.042 73.4169 9.88453 356.121 43.5455 10.2617 23.4694 8.69274 17.2533 4.13085 5.36394 6.4977 29.8952 9.38739 2.21297 0.478223 14.1543 0 38.0044 4.40836 
36.1242 45.0525 16.4666 9.94451 44.602 12.0286 29.8051 69.1716 77.5094 21.0261 5.31128 34.6238 19.0967 11.3022 15.3823 0.0559009 1.30075 1.7974 16.1796 7.00888 2.05322 6.28005 0.616313 0.581733 28.3205 30.5446 0 39.7796 
39.3704 2.0596 12.5455 0.945394 16.9648 14.3328 59.9424 127.554 6.9099 20.9784 0.381146 174.773 16.7191 4.34081 2.50238 0.910894 5.51557 12.7913 1.5446 0.79443 11.5882 8.29944 0.00602925 8.88481 0.847565 26.9235 0.129642 0 
