0 639.374 191.338 249.203 50.843 248.264 250.615 204.479 363.275 92.2451 44.2175 228.104 6.57904 53.5253 71.1249 67.7699 254.844 22.3911 105.551 267.255 143.212 1.72476 0.150773 55.9161 265.667 49.0549 40.1685 2.23443 
576.96 0 472.184 200.202 523.515 326.552 382.409 125.75 329.68 194.285 265.948 161.913 127.575 4.64785 83.3778 45.276 324.872 373.895 110.836 50.1426 79.7859 47.7467 1.87507 16.5027 199.693 29.3137 50.5393 31.6777 
151.265 1.01281 0 187.106 23.1506 22.4946 151.737 26.7882 156.273 108.97 0.527861 7.986 19.6611 15.2792 16.7187 22.7284 55.6607 96.7952 24.6461 3.70784 73.4933 4.75911 3.52031 0.295161 14.2457 26.4359 16.5212 5.42761 
289.803 349.228 300.041 0 4.42333 266.149 150.945 960.784 447.565 85.6697 16.4444 183.384 2.80063 21.6459 21.6953 0.134812 221.981 112.337 57.4561 4.9452 55.0756 8.28169 1.92327 26.5633 199.283 36.8611 7.41326 29.4738 
17.0657 226.599 0.000292165 156.022 0 278.318 181.112 2.32507 339.752 180.461 133.955 178.665 77.0307 7.69877 30.2491 16.1514 154.08 182.401 236.4 77.7012 90.1079 43.9591 11.4666 0.0289975 0.231429 50.1287 48.8467 3.86413 
206.435 211.948 0.622725 246.317 903.837 0 941.911 69.6412 657.356 916.237 272.816 151.603 181.208 7.16065 38.0536 1.77343 234.989 108.291 80.8127 3.8513 22.9379 1.60415 0.934802 13.7788 223.867 4.80744 3.01832 2.18516 
166.673 363.863 111.438 4.18728 419.157 20.7026 0 221.764 3.37814 507.848 230.109 281.174 128.159 96.8584 89.3679 59.4274 47.3983 85.4171 131.853 42.6011 80.8086 45.3408 7.17799 70.6333 57.8917 67.8241 9.32306 71.1842 
146.128 42.4471 211.635 211.745 4.77678 184.783 157.467 0 106.325 163.469 349.048 842.516 0.388746 14.6956 9.43193 202.695 16.9279 116.335 20.0951 81.0867 22.5849 63.689 5.60507 117.535 3.40535 23.8349 100.36 84.0034 
240.771 595.406 383.451 307.903 42.7234 535.866 594.365 638.026 0 168 90.9075 365.438 133.911 61.853 102.471 14.5496 285.822 172.369 122 11.3128 2.26466 20.5214 4.34309 0.506427 207.03 140.375 3.79051 4.59256 
15.5483 215.107 92.7801 5.92343 240.412 81.9557 1.79705 9.22539 7.66926 0 82.1004 130.034 278.607 68.0499 112.901 76.1535 74.5909 24.199 21.3959 24.3413 4.00025 42.1876 5.25038 49.4099 71.0008 44.8808 15.6741 16.891 
189.381 133.755 231.355 181.922 3.6951 207.604 342.661 49.3069 948.841 415.363 0 402.597 12.7873 186.728 384.984 2.60665 0.282 138.639 4.05535 13.692 147.964 73.434 46.4191 112.894 0.722878 4.84474 8.16379 64.1144 
162.835 180.17 175.898 39.1358 4.44759 96.6758 87.3311 1023.76 39.4234 207.908 63.9527 0 6.5287 165.165 187.442 175.064 76.3455 130.965 0.0487908 25.4066 30.5132 60.0132 78.2299 182.802 278.361 7.03058 116.683 25.1384 
96.9742 146.958 65.6637 9.83517 29.6956 9.03294 197.64 148.318 170.92 23.8368 48.7267 54.2005 0 51.1727 7.8698 81.3098 18.492 56.616 0.930469 23.3927 1.28486 72.2957 41.4717 50.2869 55.0083 40.7014 11.2918 33.7914 
53.5184 65.8067 13.098 3.78639 69.263 4.30773 1.16762 76.6712 36.7467 28.5563 42.7682 2.1705 149.078 0 56.6675 10.8822 0.735078 26.02 26.4242 0.196536 9.29945 6.76512 2.65829 10.3978 2.77059 0.352067 9.54198 8.67699 
28.8193 13.6713 0.335755 18.2865 27.1587 1.42639 115.684 126.199 109.182 36.6332 329.271 1.15374 35.8574 59.4011 0 0.00560519 13.9707 2.88914 26.7517 0.563871 15.3696 17.3851 1.4785 10.1189 14.2855 15.4494 18.708 1.20501 
65.5424 29.4758 6.78564 16.962 52.5628 25.4177 89.5754 8.15815 144.891 3.50616 2.04656 116.81 46.4931 18.3685 17.0808 0 5.70886 36.5649 27.872 5.21501 0.126768 0.0478194 6.15054 26.1422 10.2278 12.5661 0.266628 3.49128 
286.722 210.462 18.9379 217.7 101.24 237.207 93.8522 24.8315 204.203 73.2507 11.4 20.8477 59.4236 15.3701 11.4496 0.105048 0 268.9 118.045 14.9652 14.7766 12.4958 12.0494 0.000322626 222.433 22.817 22.2847 17.7868 
223.888 435.376 114.403 1.30598 22.6405 1.22615 60.7968 157.776 75.1664 18.8049 117.314 125.694 100.711 53.5273 60.8572 0.0243138 227.286 0 146.547 86.2443 123.608 27.9702 16.5489 0.0955106 23.0798 4.98837 17.1109 16.6548 
13.8271 0.789156 3.53254 20.9125 240.746 77.8137 157.251 96.5065 142.392 86.6191 1.98031 71.2824 70.7914 11.0578 28.5368 2.96656 211.919 135.016 0 9.86629 40.5737 4.98304 0.0012782 0.042705 29.2672 28.6985 24.3769 26.5184 
53.8356 48.581 1.3668 5.16391 58.5924 10.3176 31.6702 16.3565 81.3757 0.231865 85.483 70.1288 34.7712 3.83922 10.4325 2.64156 18.5471 83.4748 28.0211 0 147.391 4.37094 2.63382 5.07224 11.9957 2.16467 0.0456393 4.72803 
15.9866 124.181 86.0979 105.146 55.9891 57.3865 59.8062 101.661 1.96453 27.5845 10.8223 134.806 72.0367 41.8152 2.67522 9.31188 0.62628 122.401 0.0733147 313.294 0 3.52898 39.785 33.2671 14.5706 0.268717 37.0682 6.51963 
10.4612 34.0588 10.4697 14.3876 56.9016 4.9109 46.9513 42.7732 22.7641 16.4634 39.9266 74.1712 12.525 9.27452 0.0759882 2.22351 0.0559003 13.8958 3.74336 3.79363 4.84778 0 14.426 8.4337 7.73136 10.6899 6.16755 6.24302 
27.639 3.48174 0.0490672 6.95893 0.0204014 15.7402 68.1209 46.1932 0.337235 3.86995 18.7778 100.042 50.808 3.5775 17.5846 3.83448 2.22035 36.7414 19.4358 2.38323 39.2007 14.3764 0 18.2834 22.2396 10.4005 9.93415 4.79569 
0.235292 59.8078 14.1175 26.1293 55.455 1.7588 5.03327 138.718 26.9768 0.735186 69.2818 174.929 32.7191 9.01437 24.7272 5.48295 12.9964 48.063 0.975334 0.351013 12.9594 0.855942 0.880657 0 42.3017 0.0410462 0.00156805 14.0311 
204.338 275.284 28.1874 207.432 0.763454 204.431 18.5499 167.433 313.323 70.1556 124.457 881.766 20.1217 1.4218 16.7821 24.2011 202.824 27.6688 8.26483 3.05533 1.80561e-05 72.5713 3.72049 45.6106 0 123.252 126.577 134.347 
14.6266 64.8577 5.10926 39.942 68.1324 1.43344 5.43448 83.1487 123.479 73.047 8.59317 365.737 43.9363 10.3957 23.0292 8.03702 17.0963 4.37038 5.51989 6.3997 29.3503 9.43529 2.30269 0.405842 14.8559 0 37.9745 5.44312 
36.4294 44.788 16.3667 10.1518 44.4378 11.8981 29.3796 68.2642 77.3042 20.6971 4.97144 35.9056 18.8716 11.3074 15.2451 0.0380375 1.25547 1.70669 16.2884 7.06639 1.94907 6.35605 0.666711 0.512482 29.3562 31.0323 0 36.5513 
38.8996 2.23876 12.3479 0.838091 17.3209 14.153 59.4375 128.384 6.42016 20.5012 0.253169 175.31 17.0147 4.44406 2.34999 0.797733 5.41446 12.5207 1.61361 0.757368 11.3007 8.25216 0.0104958 8.75273 0.760915 25.0179 0.489872 0 
