0 196.681 205.901 301.274 216.761 157.714 49.3095 258.642 275.912 2.3778 75.0998 39.7389 104.955 37.4059 16.8343 66.5795 131.161 0.133068 9.77498 12.1398 94.9692 32.2649 18.7401 54.0972 146.222 1.50111 49.9638 55.3543 
151.981 0 13.1674 412.934 35.9262 155.925 35.0638 90.9123 510.613 100.07 29.3548 185.698 146.03 40.3516 45.9159 73.7134 245.914 893.057 26.0135 123.703 23.2832 44.4088 56.8581 2.12567 176.892 28.7256 29.1835 28.3291 
120.409 459.356 0 297.356 1.33624 0.919522 222.039 242.409 319.152 78.2459 143.83 160.211 73.2756 15.9753 33.4952 17.1249 1.39214 160.61 2.91801 19.8099 15.5072 2.87453 12.3378 15.3472 15.8976 1.5901 8.61781 0.183401 
250.535 219.171 346.635 0 97.9313 108.238 168.331 1231.77 297.659 100.232 172.957 1.2753 70.9168 21.7644 6.32409 39.0636 105.533 142.487 15.4187 25.3122 172.326 11.6089 7.30792 7.3592 145.411 27.869 21.8631 11.3554 
253.443 375.178 13.6551 57.1144 0 153.863 352.795 7.41762 153.781 325.913 205.336 5.02707 169.906 69.0977 4.01352 74.3594 106.097 55.7371 244.969 92.5671 3.39481 56.8937 42.8919 42.8349 57.5543 32.8751 19.8124 0.453078 
209.838 339.558 36.5929 110.709 411.787 0 326.801 195.5 577.539 356.118 273.587 32.1944 586.257 0.443197 36.3424 20.0688 109.286 58.2538 24.7511 6.49527 38.2352 1.74268 14.3619 16.6123 104.102 12.1388 14.3194 21.5615 
150.781 25.5794 36.8273 108.037 1.21432 845.962 0 3.90514 26.772 48.211 209.848 114.967 175.258 23.6393 128.364 3.49571 5.47914 121.347 80.3867 24.3058 135.945 38.7145 55.6627 3.46648 0.38707 24.4505 1.79999 59.6325 
22.5227 289.911 7.90328 405.021 11.3935 54.3883 1.47977 0 596.678 128.877 352.875 322.217 1.07353 40.878 89.1646 248.645 61.9119 48.0582 43.7465 27.2876 0.902252 66.7163 84.9483 3.13418 0.568175 128.272 17.6023 134.186 
137.123 181.064 468.667 209.917 249.947 515.088 715.417 7.29667 0 81.8323 750.568 403.386 0.00445306 12.2583 172.555 66.747 120.788 105.06 152.627 96.7888 3.79138 60.501 102.283 62.1563 210.507 1.8204 79.0269 83.0744 
146.945 128.976 52.4264 22.6657 5.68312 22.6928 464.306 0.383753 293.121 0 387.844 156.894 248.101 9.55457 129.025 50.1435 49.2332 23.3189 87.1909 19.0807 32.0854 1.69436 58.8814 57.4773 39.4694 46.4343 19.7422 14.366 
10.7214 34.4142 135.171 148.635 251.086 216.071 103.413 6.81386 832.395 346.595 0 148.051 190.877 1.97075 255.279 3.51148 87.648 58.8722 21.666 78.0905 42.6166 55.1319 53.0575 127.271 94.2143 71.7681 4.87749 1.44264 
1.74505 200.419 108.547 99.9393 169.454 0.0079339 9.45984 54.2308 0.0257388 186.128 12.4765 0 136.259 24.9344 178.28 484.658 71.1889 33.5622 87.7001 3.80309 74.9804 39.2154 19.3787 101.965 46.8091 385.876 86.3901 72.9103 
1.22371 96.8453 40.06 39.5729 134.756 105.623 158.291 147.995 9.20576 126.903 33.0472 131.293 0 155.139 81.3713 46.021 37.9376 19.2391 75.8407 40.2463 13.8607 17.3526 64.6588 39.9173 49.9094 30.9192 7.03261 40.8033 
28.3772 32.6833 4.96003 3.6104 7.29217 0.000892861 79.8058 44.5793 0.990894 81.6003 77.9757 112.639 33.5488 0 60.8985 13.0111 19.0699 0.00386541 18.5511 0.802765 8.76687 10.8122 0.191748 0.514213 6.86688 8.09954 11.1425 11.9614 
14.7008 51.2534 24.8684 9.01611 91.304 9.31165 140.72 32.4411 38.0261 14.344 168.496 0.237183 110.307 39.9856 0 8.76503 29.8315 1.08497 1.28042 10.3432 30.925 14.7596 18.3029 0.00272415 4.45755 19.3081 5.46596 12.8534 
6.3471 18.7409 13.8856 15.3389 2.60919 20.9719 25.4454 2.61028 72.004 1.25025 2.85713 495.537 6.75126 0.00286314 1.41066 0 16.4176 4.73423 29.3502 3.24318 31.9567 11.5582 0.919197 29.0976 35.2793 1.30396 18.8642 22.2248 
205.519 103.453 29.2863 159.605 153.984 110.867 108.864 52.273 122.646 51.2418 55.8488 27.126 64.6898 0.0103972 1.92948 25.8539 0 49.6328 366.418 11.0655 4.12561 21.2112 6.35457 0.0015674 107.049 1.39795 0.00256158 23.7634 
167.502 458.111 28.0196 26.5421 214.696 34.0192 147.659 12.7319 19.1806 29.1663 169.338 39.7976 103.848 26.1161 68.9886 50.9233 241.821 0 145.863 0.0540368 46.1692 38.4152 38.7607 25.6121 7.03551 61.292 14.1173 41.1318 
38.3998 34.4695 26.0051 60.3094 249.082 82.4237 27.1977 0.35546 99.3249 123.457 1.84168 5.06057 3.01746 21.7304 35.8871 16.567 85.5282 133.736 0 19.5005 70.1098 6.20945 23.1201 22.8432 8.35741 29.5282 11.4137 22.7114 
191.683 55.7906 27.614 24.9553 81.3319 1.40831 50.6783 67.4786 23.1752 54.807 28.9425 38.2655 15.1423 1.03039 0.62427 1.09364 23.5094 1.21139 34.6339 0 267.85 6.36649 0.616207 3.61444 8.23833 2.35777 1.6869 11.5137 
47.6884 2.38985 8.03069 88.845 22.3481 7.52744 123.607 27.5414 4.20212 66.4312 143.589 97.3068 34.5026 42.1484 48.062 56.0567 1.3209 62.2246 16.9599 0.288052 0 13.5838 0.974216 14.5905 29.1624 0.00590335 3.23171 0.273472 
5.10665 51.6452 6.95316 0.704991 39.4745 4.69653 36.9318 33.6855 62.0979 58.3964 0.226692 17.1833 77.2138 1.77084 2.39728 11.4989 8.57 26.9029 7.67597 0.298794 32.169 0 0.16301 2.77189 6.14979 9.3411 9.3557 10.1716 
46.8228 56.1408 6.59353 1.71253 56.3684 1.76301 21.4656 37.092 95.2447 33.9363 131.614 39.3919 55.819 0.560826 1.8717 0.0881126 0.039301 19.2311 3.9145 0.810297 0.360158 0.186011 0 20.883 14.4944 10.0491 6.42722 4.93708 
0.00554155 45.4594 0.0227207 5.44516 6.94598 14.4179 69.6312 35.7515 8.20343 6.25615 38.896 30.0652 22.1637 0.286938 7.99869 1.13419 13.252 16.6589 19.1683 0.00109081 1.02505 14.1176 0.432828 0 5.07232 3.68343 10.8006 0.063603 
138.806 119.942 0.000221098 132.939 48.476 109.089 90.5105 156.163 115.094 35.7897 4.32652 5.98992 44.8739 4.90621 6.33684 25.4443 124.584 10.2954 13.1957 4.05847 55.5998 64.6949 2.12793 32.663 0 38.6027 154.564 27.4688 
78.9524 64.3404 10.9197 23.4626 70.5342 26.8125 4.60066 3.92895 47.5085 72.3657 81.3464 0.235002 50.9331 8.79986 11.4762 3.86198 5.55735 61.4846 0.00554947 11.84 25.8704 4.85083 4.20079 6.84904 11.9492 0 0.0724708 32.4667 
6.36998 37.7285 8.4043 15.5199 4.04826 20.0425 16.0399 70.5606 0.175243 16.5882 43.9746 3.60109 2.1653 8.68293 18.4742 18.8362 21.8313 0.710874 0.493815 10.6816 17.0865 9.18675 3.03097 7.83118 38.2394 9.34616 0 44.0839 
50.7964 63.9146 1.18813 15.9695 9.04462 20.3668 41.353 40.2778 85.9489 17.8257 71.2695 167.071 8.51369 10.6842 1.83012 22.7302 14.3349 44.525 12.9011 9.46512 25.363 3.19001 10.0959 2.6125 3.93457 61.1726 92.6368 0 
