0 703.129 189.361 306.775 53.2559 301.252 252.073 201.11 417.581 93.4118 43.0369 228.277 6.85633 53.4806 71.0503 67.3766 305.986 21.0294 106.001 263.786 140.586 1.77807 0.173595 56.0169 317.18 48.5713 40.0102 2.1303 
642.167 0 470.123 251.402 526.076 381.96 372.474 128.793 375.967 192.149 266.337 163.49 126.87 4.8458 83.827 45.8057 377.551 703.852 109.338 48.7302 81.1304 47.6429 1.7851 16.7608 251.541 29.7861 50.4348 31.392 
154.234 2.89267 0 200.299 24.7492 21.6753 155.836 24.3067 144.588 109.434 0.876296 7.20525 20.069 15.2152 16.4264 22.8359 55.674 98.5591 24.221 3.86833 74.6824 4.80293 3.57926 0.272136 14.4266 26.3561 16.4647 5.33018 
348.746 407.039 291.426 0 4.97479 318.027 148.703 355.551 504.198 86.3583 15.2899 186.555 2.64738 21.7142 21.4088 0.0938394 274.075 113.435 57.2404 4.65033 120.343 8.33883 1.98214 26.544 251.095 36.5693 7.30441 29.591 
15.6076 237.758 0.0368352 155.301 0 275.092 173.691 2.69728 341.553 185.448 136.374 178.847 78.4621 7.45948 30.8395 15.8109 154.088 180.544 240.265 78.2123 90.7904 44.1557 11.2664 0.0190766 0.196669 49.8058 48.8721 3.97638 
258.792 262.13 0.801283 297.456 730.403 0 1116.38 67.3129 713.375 665.22 273.214 152.165 223.397 7.01591 38.2691 1.87085 286.429 107.622 81.3458 3.74159 23.3261 1.65894 0.894213 13.8577 275.752 4.67611 2.96441 2.12344 
169.596 353.587 107.258 4.94068 421.925 8.62079 0 227.713 12.3179 506.468 238.524 280.507 130.302 96.8928 90.7377 60.2149 48.0261 83.3169 132.809 41.9446 81.6761 45.0833 6.93395 70.531 57.3385 67.1692 9.14818 71.0521 
149.675 40.3122 215.234 225.466 5.30119 186.498 163.298 0 96.2027 161.682 351.263 868.014 0.304318 15.3474 8.5815 199.28 17.2673 117.455 19.6329 80.3187 23.5993 63.8104 5.90978 118.382 2.87416 21.9371 100.312 82.9955 
290.665 649.126 373.404 354.386 39.8492 598.606 654.893 643.107 0 173.917 524.331 368.424 132.305 60.733 109.751 13.736 337.102 173.764 122.888 11.7366 1.9879 20.7856 4.07998 0.598032 259.255 140.069 3.94106 4.36051 
14.8457 213.406 93.6458 5.53276 235.892 95.571 3.45762 8.44692 9.41808 0 72.3861 127.612 274.29 68.617 114.042 76.754 74.8707 24.9263 20.6802 24.0426 3.81469 42.5064 5.4659 49.6888 70.9198 45.4001 15.8524 16.6329 
188.906 136.297 230.022 180.566 4.28864 211.04 350.295 46.3101 950.732 428.732 0 409.688 13.9348 188.597 389.236 3.31984 0.328681 137.821 3.79638 14.0217 147.803 73.2466 47.4992 113.571 0.564441 4.31738 8.40551 63.4366 
164.594 181.562 174.897 41.6723 4.09802 98.007 84.6897 1028 36.3839 209.66 69.7196 0 6.13327 165.474 183.399 189.365 76.1095 131.526 0.0709925 25.9029 29.7022 59.7257 77.2331 182.11 281.275 4.79501 116.384 26.3789 
96.6068 147.169 65.9436 10.1129 30.7784 7.08123 196.323 148.34 169.653 26.9136 46.718 55.162 0 53.5421 7.25227 81.0537 18.7286 57.1256 0.837922 23.5688 1.36069 71.6858 40.6164 49.8448 54.9376 40.4585 11.1755 33.6401 
53.5611 65.5924 13.1905 3.68542 69.1677 4.18547 1.01304 75.6857 35.6284 27.8707 45.0897 2.5854 147.978 0 55.5246 11.1924 0.761253 25.7959 26.3805 0.203729 9.44345 6.84059 2.46365 10.4006 2.68672 0.322122 9.57568 8.73152 
29.2102 13.2183 0.280446 17.9997 26.5893 1.29162 116.785 128.034 112.03 35.2226 336.72 0.661434 34.7003 60.1264 0 0.15311 13.8609 3.02403 26.9177 0.585475 15.6012 17.4043 1.32566 9.79506 14.0355 15.1584 18.7516 1.26893 
65.9569 28.9709 6.61363 16.5723 52.9426 25.5162 90.119 9.63989 145.488 3.82142 2.6843 129.626 45.8168 18.2268 19.4951 0 5.78476 36.8418 27.9434 5.26198 0.0991353 0.0562261 6.01327 26.4766 9.89118 12.1494 0.242884 3.36949 
338.981 261.615 18.6028 269.177 102.418 288.655 93.402 25.2221 255.743 73.5469 11.133 21.145 59.5659 15.3034 11.5566 0.0937723 0 266.713 33.4448 15.1179 14.9953 12.4388 12.1024 0.000992311 274.145 22.7478 22.2939 17.725 
222.799 439.059 112.748 1.56444 21.356 1.43103 58.8892 158.56 76.7922 19.4609 118.276 126.309 100.482 53.5104 60.6409 0.0367862 230.772 0 146.914 86.3828 123.569 28.0926 16.3955 0.111944 22.8448 5.13669 16.981 16.4871 
14.3291 0.592672 3.73721 21.2771 244.51 77.2017 157.368 96.0398 141.788 85.745 2.16998 71.6967 70.4431 11.1677 28.3782 3.04131 215.023 135.728 0 9.70945 40.8707 4.91728 0.000366578 0.0497882 29.2178 28.6408 24.3771 26.537 
57.2952 49.9924 1.2674 4.8633 59.2379 10.1684 32.2946 16.9342 80.7932 0.272082 85.3828 70.6295 34.6308 3.85359 10.4003 2.68364 18.394 83.7121 27.8707 0 138.438 4.35457 2.62047 5.09193 12.0356 2.2079 0.0413511 4.68649 
17.3289 125.423 87.2214 103.59 56.7157 57.7554 60.6688 103.275 1.70718 27.1578 10.395 135.648 72.191 41.7235 2.78605 9.54534 0.677743 122.53 0.0555596 317.292 0 3.58274 39.8094 33.0868 14.8057 0.229605 36.962 6.65168 
10.3467 33.8752 10.4356 14.3471 56.8801 4.82475 46.7014 42.5142 23.0358 16.1575 40.2944 74.0467 12.0063 9.21854 0.0631696 2.27346 0.0619906 14.0174 3.68471 3.8109 4.78657 0 14.4963 8.53699 7.83648 10.6818 6.21095 6.27531 
27.8307 3.36048 0.0412416 6.86517 0.030993 15.7758 68.3137 46.8514 0.417417 3.68639 17.9987 99.2006 49.953 3.36586 17.2754 3.70835 2.2556 36.6173 19.3771 2.3695 39.2421 14.4487 0 17.9068 22.3285 10.4018 9.8743 4.8408 
0.272805 59.7003 14.1688 26.0827 55.3909 1.81457 4.83516 138.757 26.4293 0.816636 68.2552 175.985 32.232 8.92654 24.5032 5.05947 12.9361 48.0925 0.943669 0.362323 12.7864 0.806314 1.11655 0 42.0832 0.054804 0.000155082 14.0043 
256.33 327.206 28.1619 258.96 0.830271 256.333 19.0111 165.977 364.523 70.0307 123.599 1006.15 19.8651 1.35911 16.5314 27.6363 254.662 27.428 8.36211 3.0064 0.000962391 69.1617 3.86721 44.9014 0 124.841 146.694 141.228 
15.0133 65.2679 4.95483 39.7047 68.2648 1.51163 5.12035 86.2209 124.28 72.8265 7.8936 370.741 44.1573 10.4711 22.7739 7.67014 17.0064 4.51005 5.60981 6.34365 29.0393 9.46234 2.35454 0.367085 15.2609 0 37.9483 6.07869 
36.603 44.6356 16.309 10.2706 44.3428 11.8233 29.1365 67.7426 77.183 20.5093 4.782 36.644 18.7431 11.3098 15.1661 0.0293654 1.22993 1.65586 16.3504 7.09917 1.89073 6.39948 0.696352 0.474833 29.9436 31.3052 0 34.7277 
38.6297 2.34436 12.2348 0.779601 17.5253 14.05 59.1458 128.84 6.14784 20.2296 0.191727 175.569 17.184 4.50327 2.26481 0.736321 5.35697 12.3669 1.65368 0.736557 11.1375 8.22499 0.0135998 8.67702 0.721362 23.9399 0.798765 0 
