0 666.174 190.36 562.342 189.938 487.826 27.7655 282.27 642.811 0.329168 89.4208 55.9524 106.965 39.7578 20.4104 70.4769 468.034 3.72993 14.5818 70.2562 69.2594 33.3133 20.7106 55.4016 492.868 3.19545 50.5066 53.5764 
602.048 0 12.0474 732.542 1.1286 470.885 1.12979 63.3287 840.806 73.9888 47.5153 198.275 148.087 36.2942 52.622 69.8006 593.036 811.553 15.6708 132.613 14.7955 45.7346 57.0536 1.17448 521.067 33.6203 31.1988 31.2481 
152.755 462.311 0 233.113 8.56498 4.12897 242.883 208.743 192.549 88.3776 110.573 144.307 72.5655 16.378 34.0088 18.8975 0.485656 163.193 1.32392 17.5748 8.37735 2.49577 12.4914 15.047 14.0478 0.772651 7.81578 0.454123 
517.192 506.423 146.16 0 114.087 447.363 185.64 855.915 582.304 95.2887 155.56 1.19802 69.3122 22.3692 8.62997 41.0978 446.678 145.381 12.1479 30.2902 296.743 11.0595 8.29152 5.89309 488.083 31.551 22.852 13.2302 
264.905 263.188 3.77513 41.6134 0 86.5622 403.879 15.244 199.644 304.153 183.764 1.88492 175.109 69.909 1.81944 74.8967 93.9401 75.9934 277.397 94.297 1.42407 56.5757 45.0114 44.8947 55.1942 29.2711 18.2121 0.945589 
541.549 674.791 45.2521 458.384 636.49 0 1321.77 178.455 885.677 492.252 268.942 44.1236 611.29 0.108342 33.4564 21.7626 449.613 48.1628 33.0742 7.90824 33.9038 2.36385 14.9282 16.0574 447.439 13.9239 13.6004 21.0011 
119.869 0.0301119 12.0244 82.0738 22.7401 870.613 0 24.5257 439.905 2.97281 128.236 86.8285 191.668 30.3671 135.823 7.02855 8.64315 143.549 67.0814 18.6501 139.592 41.534 51.9799 5.38587 1.51473 18.549 1.05069 56.555 
7.41481 294.132 28.8235 403.547 20.6396 77.9478 3.25503 0 655.823 108.429 326.63 65.7628 0.0900518 50.7892 69.1524 225.807 57.3847 37.885 49.9214 20.4698 0.0387855 67.152 79.5937 7.7475 0.633293 95.6375 22.1473 135.445 
463.633 576.209 411.009 609.274 205.977 914.564 1218.9 8.35195 0 38.2935 104.693 396.546 1.2866 9.02088 237.456 81.0922 459.082 122.543 154.672 92.3777 8.46939 62.4368 101.828 68.2044 559.322 0.112408 78.2092 78.5911 
140.258 101.812 63.8279 30.3265 0.181363 174.413 506.88 0.562339 236.724 0 515.056 132.453 293.359 14.7602 133.126 58.2492 44.7279 16.5032 78.0222 22.0563 27.6022 3.04974 59.9538 58.887 34.9873 51.6199 21.6673 11.9234 
5.08722 18.9557 167.366 167.034 258.44 245.791 42.9957 24.4179 928.297 199.611 0 232.592 212.148 11.4872 341.115 15.7818 89.8523 48.9883 16.2087 80.6209 50.5076 58.5121 41.9744 128.978 105.617 55.7316 3.11997 3.47347 
0 210.249 128.154 66.6081 174.26 1.43507 22.7915 11.6577 6.20932 206.125 0.107485 0 143.089 38.9877 134.618 399.297 68.3016 26.8731 84.4132 6.35297 85.8066 42.7684 12.4769 123.624 124.01 331.59 93.5809 90.8375 
0.29381 106.393 35.3605 35.4317 146.803 100.373 137.414 148.333 3.42185 72.9025 52.6677 122.955 0 155.601 68.8471 39.0647 40.5554 23.4312 78.6249 41.0906 11.6365 23.8468 72.2629 34.9257 51.5063 28.1051 8.07116 39.7071 
30.9711 36.7506 6.04466 2.65088 9.87458 0.135476 73.7191 35.0067 2.44645 78.4548 51.0788 95.2929 15.1984 0 59.844 9.87006 19.5623 0.0633464 17.4603 0.669955 10.2497 10.6054 0.0825555 0.100708 5.74208 9.01687 11.006 11.8919 
11.549 44.5469 22.0994 11.6035 88.3732 12.7359 142.501 49.1627 59.2226 5.90417 265.804 4.77205 102.285 56.0033 0 0.0543466 30.0108 0.400465 2.02472 10.6631 28.2406 15.4809 21.1203 0.496325 2.81924 22.1091 6.33823 14.2973 
9.60543 23.4422 11.902 19.3498 1.27545 19.2078 32.7703 0.948034 57.8123 0.0670899 14.394 444.508 3.46989 0.454129 18.2737 0 15.5017 3.31304 28.7866 3.70628 35.3019 11.7608 0.32489 28.9793 35.4547 3.54611 18.8624 22.6427 
549.779 444.871 32.8927 501.58 153.593 450.97 109.759 47.6572 469.891 46.7675 59.9995 30.4796 64.4814 0.0674122 1.41419 25.6225 0 21.057 223.923 9.61762 5.51174 21.2451 6.88926 0.00984292 448.868 1.84601 0.00492652 23.512 
144.635 424.127 15.5911 37.6355 225.697 43.4642 168.633 7.30768 30.1824 21.6303 170.842 32.6547 105.141 23.8242 68.6894 48.6412 205.235 0 149.089 0.148608 39.8831 39.1503 39.8507 23.7896 5.51961 60.662 12.8594 42.5559 
31.1822 48.0658 30.4392 61.591 280.206 86.7677 17.8966 0.000170321 88.4311 122.505 0.461834 3.21142 4.98388 22.6359 36.7481 17.8449 107.119 140.573 0 17.6857 71.1378 6.95472 23.0813 23.168 9.37415 29.9386 12.0885 22.0715 
157.544 41.4094 27.5864 29.9444 85.7658 2.21715 57.3741 75.7529 29.1889 55.6721 24.6842 43.9587 13.4376 1.18574 0.414296 1.4175 24.9365 0.235104 33.7416 0 322.077 6.38452 0.721159 3.86234 7.63893 1.919 1.94695 11.4981 
70.9959 0.264578 3.10374 73.2118 16.9992 5.15244 129.459 39.6787 9.06993 61.75 139.88 86.5148 37.5024 41.1979 45.9485 58.0174 0.677975 55.6317 19.619 30.5998 0 12.715 1.4702 12.784 26.361 0.106095 2.50997 0.646698 
6.03085 51.7402 7.41146 0.958052 37.2187 3.85447 39.7932 30.9347 63.8731 56.7593 0.0026857 20.2421 82.1961 1.22351 1.72545 11.2137 7.99099 28.1676 8.46811 0.379439 31.8943 0 0.000134541 1.96682 6.90245 9.61541 8.95302 10.2863 
47.0229 56.6848 7.26131 1.1872 56.3785 1.24181 25.4094 30.7195 91.4304 37.7608 133.496 30.0694 64.1643 0.000854268 4.03546 0.0102473 0.106578 20.8538 4.5473 0.926406 0.684982 0.000259082 0 19.2768 16.659 9.78244 5.73706 4.47551 
0.0948909 48.0261 0.00531104 4.14322 5.40215 15.1508 70.8012 46.8556 12.0098 8.69077 29.6059 47.9715 17.658 0.864961 5.08264 0.000782749 12.6329 18.4111 19.8135 0.00447107 0.526797 14.0783 0.336525 0 10.1108 2.65045 12.0008 0.00192755 
477.015 458.982 0.131793 478.27 45.556 450.228 91.5718 137.794 452.506 31.3125 1.15086 801.996 42.6084 3.88427 4.40514 41.0136 467.768 8.49458 12.0904 4.62091 53.9473 11.4998 3.28572 38.5423 0 24.3155 29.9557 140.55 
79.5076 68.426 12.9477 27.3278 69.9401 27.3731 8.0777 16.6365 36.4605 69.603 64.97 26.9692 52.3147 7.87228 14.4144 7.11767 6.34146 60.9571 0.0199817 11.972 22.7598 5.26978 4.83226 5.57311 9.60108 0 0.103043 21.3116 
7.7225 39.5717 7.60525 14.2626 3.19139 19.8696 13.8905 75.646 0.672339 14.764 39.7746 1.33153 2.80593 8.26974 18.9241 18.6786 22.0036 0.409142 0.70192 10.7918 18.5264 8.77868 3.62865 9.04251 35.6309 6.40688 0 62.9425 
52.8514 63.1263 0.719052 14.0378 10.7662 21.011 37.584 50.2852 81.7684 15.1937 77.8468 157.427 9.95712 11.0464 2.69155 22.4079 13.6318 45.7195 13.7602 9.12374 23.3451 2.88503 10.0075 3.24905 3.7386 63.6318 91.0205 0 
