0 718.9 188.854 321.099 53.8654 314.392 252.428 200.264 431.046 93.703 42.7438 228.315 6.92649 53.4691 71.031 67.2775 318.662 20.6951 106.112 262.817 139.928 1.79153 0.17955 56.0417 329.95 48.4502 39.9705 2.10465 
658.323 0 469.458 264.13 526.644 395.701 369.96 129.555 387.441 191.609 266.427 163.882 126.692 4.89587 83.9382 45.9381 390.61 850.336 108.962 48.3786 81.4668 47.6168 1.76294 16.8255 264.395 29.9045 50.4085 31.3206 
154.969 3.51239 0 203.531 25.1558 21.4718 156.855 23.7036 141.707 109.547 0.977136 7.01609 20.1713 15.1991 16.3534 22.8624 55.6766 98.9989 24.1149 3.90889 74.979 4.8139 3.59405 0.266522 14.4718 26.3357 16.4505 5.3059 
363.399 421.384 289.641 0 5.11756 330.886 148.138 440.739 518.232 86.5291 15.0074 187.341 2.60971 21.731 21.3371 0.0847503 286.99 113.707 57.1859 4.5779 224.407 8.35312 1.99699 26.5389 263.94 36.4957 7.27728 29.6201 
15.2525 240.557 0.0555113 155.116 0 274.297 171.844 2.79458 341.987 186.692 136.978 178.89 78.8204 7.40016 30.9876 15.7261 154.087 180.076 241.217 78.3392 90.9605 44.2047 11.2166 0.0169205 0.188415 49.7248 48.8783 4.00466 
271.776 274.583 0.849378 310.132 586.017 0 1019.15 66.734 727.179 584.366 273.295 152.303 291.276 6.97986 38.3221 1.89557 299.18 107.453 81.477 3.71437 23.4234 1.67276 0.884198 13.8774 288.614 4.64349 2.95099 2.10812 
170.324 350.993 106.216 5.13859 422.579 6.65636 0 229.198 15.418 506.039 240.629 280.331 130.837 96.8997 91.0791 60.4115 48.1832 82.7938 133.046 41.7807 81.8927 45.0187 6.87354 70.5048 57.1999 67.0049 9.10467 71.0185 
150.562 39.7858 216.123 229.164 5.43643 186.92 164.762 0 93.7379 161.233 351.802 874.154 0.284825 15.5122 8.37485 198.415 17.3526 117.735 19.518 80.1259 23.856 63.8405 5.98717 118.592 2.74827 21.4735 100.299 82.7428 
303.035 662.422 370.832 365.909 39.1445 614.138 670.043 644.29 0 175.399 746.772 369.154 131.902 60.4534 111.75 13.5359 349.813 174.111 123.108 11.8437 1.92151 20.8518 4.01541 0.622105 272.204 139.989 3.97914 4.30343 
14.6724 212.974 93.86 5.43705 234.752 99.1097 3.95626 8.25741 9.88263 0 70.0402 127.006 273.19 68.7576 114.323 76.9026 74.9401 25.1094 20.5028 23.968 3.76895 42.5859 5.5204 49.758 70.8987 45.5297 15.8971 16.5686 
188.784 136.933 229.676 180.222 4.44378 211.889 352.183 45.5734 950.703 432.029 0 411.435 14.229 189.055 390.236 3.51139 0.340917 137.615 3.73294 14.1046 147.762 73.1992 47.7701 113.738 0.527883 4.19015 8.46643 63.2669 
165.032 181.907 174.642 42.3165 4.01286 98.3389 84.0331 1028.71 35.641 210.092 71.1944 0 6.03624 165.546 182.381 192.975 76.0502 131.665 0.0771932 26.0274 29.5009 59.6535 76.9834 181.93 281.792 4.30193 116.308 26.6929 
96.5142 147.22 66.0128 10.1829 31.0516 6.65187 195.988 148.343 169.333 27.7092 46.2211 55.4031 0 54.1385 7.10155 80.988 18.788 57.253 0.815531 23.6128 1.37998 71.5321 40.4028 49.7338 54.9196 40.3975 11.1465 33.6023 
53.5714 65.5383 13.2134 3.66035 69.1432 4.15512 0.976095 75.4388 35.3508 27.6999 45.6771 2.6947 147.692 0 55.2236 11.2697 0.767864 25.7399 26.3694 0.205547 9.47957 6.85942 2.41574 10.4008 2.66592 0.314839 9.58406 8.74511 
29.3081 13.1062 0.267385 17.928 26.4476 1.25894 117.058 128.49 112.742 34.8728 338.536 0.559578 34.4128 60.2898 0 0.221209 13.8334 3.05821 26.9591 0.590934 15.6593 17.409 1.28867 9.71451 13.9731 15.0857 18.7623 1.28516 
66.0598 28.8451 6.57086 16.4752 53.0373 25.5405 90.2534 10.029 145.633 3.90225 2.85707 132.898 45.6475 18.1899 20.1167 0 5.80377 36.9109 27.9612 5.27372 0.0927568 0.0584333 5.97897 26.5576 9.80762 12.0456 0.237119 3.33931 
351.936 274.297 18.5192 281.937 102.711 301.409 93.2886 25.3199 268.52 73.6203 11.0667 21.2196 59.6013 15.2867 11.5833 0.0910556 0 266.148 32.2121 15.156 15.0501 12.4245 12.1156 0.00121721 286.964 22.7304 22.2962 17.7095 
222.52 439.801 112.332 1.63267 21.0402 1.4847 58.4154 158.754 77.1999 19.6264 118.516 126.462 100.425 53.5058 60.5864 0.0403064 231.632 0 147.002 86.4163 123.558 28.1232 16.3572 0.11626 22.7861 5.17409 16.9486 16.4452 
14.4557 0.547917 3.78924 21.3685 245.436 77.0468 157.394 95.9224 141.635 85.5256 2.2187 71.8001 70.3555 11.1952 28.3384 3.06014 215.792 135.903 0 9.67035 40.9449 4.9009 0.000224632 0.0516437 29.2054 28.6262 24.3771 26.5416 
58.1722 50.3467 1.24312 4.78939 59.399 10.1311 32.4512 17.0799 80.6466 0.282634 85.357 70.7542 34.5956 3.85717 10.3922 2.69419 18.3557 83.7704 27.833 0 136.211 4.35047 2.61712 5.09683 12.0456 2.21876 0.0403118 4.67612 
17.6722 125.733 87.5009 103.131 56.8974 57.8473 60.8848 103.678 1.64562 27.0516 10.2895 135.857 72.2294 41.7004 2.81409 9.60406 0.690929 122.561 0.0515046 318.222 0 3.59623 39.8154 33.0416 14.8647 0.220307 36.9353 6.68485 
10.3182 33.8293 10.4271 14.337 56.8745 4.80331 46.6387 42.4494 23.1039 16.0813 40.3863 74.0151 11.8781 9.20442 0.0601473 2.28602 0.0635637 14.0479 3.67011 3.81521 4.77132 0 14.5134 8.56277 7.86277 10.6797 6.2218 6.28337 
27.8786 3.33049 0.0393911 6.84178 0.033985 15.7846 68.3613 47.0161 0.438788 3.64116 17.8059 98.9886 49.7392 3.31342 17.1976 3.67702 2.26444 36.5862 19.3624 2.36607 39.2523 14.4663 0 17.8094 22.3501 10.402 9.85929 4.85208 
0.282612 59.673 14.1815 26.0707 55.3746 1.82863 4.78622 138.763 26.293 0.837649 67.9984 176.243 32.1103 8.90423 24.4462 4.95571 12.9209 48.0997 0.935833 0.365176 12.7433 0.79412 1.17962 0 42.0256 0.0585519 3.21651e-05 13.9975 
269.22 340.077 28.1552 271.734 0.847415 269.201 19.1271 165.608 377.213 69.9987 123.382 798.577 19.8011 1.34364 16.4687 28.4978 267.513 27.3679 8.38649 2.9942 0.00158713 68.1746 3.90482 44.7203 0 124.943 151.013 142.271 
15.1105 65.3699 4.91651 39.6446 68.2974 1.53149 5.04322 86.9924 124.478 72.7703 7.72311 371.935 44.2123 10.4898 22.7097 7.57933 16.9839 4.54529 5.63235 6.32963 28.9615 9.46907 2.36756 0.357695 15.3625 0 37.9408 6.24245 
36.6463 44.5974 16.2945 10.3004 44.3189 11.8046 29.0757 67.6118 77.1523 20.4624 4.73517 36.8294 18.7109 11.3103 15.1462 0.0273727 1.22358 1.64327 16.3658 7.10735 1.87628 6.41034 0.703858 0.46564 30.0899 31.3728 0 34.2747 
38.5621 2.37112 12.2065 0.7653 17.5765 14.0242 59.0726 128.951 6.08062 20.1618 0.177695 175.628 17.2264 4.51809 2.24373 0.721343 5.34263 12.3285 1.66377 0.731398 11.0969 8.21818 0.014438 8.65806 0.712596 23.6719 0.887637 0 
