0 596.778 181.804 407.454 178.58 357.687 20.8382 289.626 526.14 0.0378876 95.075 62.7923 107.584 40.6443 21.8626 71.8498 340.44 6.44159 16.6803 93.1794 59.8718 33.707 21.4857 55.8387 368.935 4.02083 50.6788 52.8262 
529.207 0 38.2251 592.306 0.789376 336.97 0.737672 53.5365 705.821 64.386 55.5299 202.582 148.51 34.7057 55.2241 68.1472 468.808 871.649 12.273 135.346 11.9575 46.2209 57.0648 0.877903 396.086 35.567 31.9801 32.391 
164.229 436.79 0 181.499 13.001 5.96304 247.311 193.483 144.589 92.0157 97.6623 137.422 72.1279 16.494 34.0674 19.5469 0.257586 163.076 0.867184 16.6684 6.14611 2.35343 12.5322 14.9047 13.3247 0.530711 7.50609 0.591786 
367.369 362.912 166.07 0 120.057 320.897 190.956 481.369 434.753 93.0379 148.043 3.83792 68.57 22.5627 9.60003 41.7027 320.728 145.849 10.9518 32.1712 181.244 10.8415 8.68006 5.35242 362.5 32.9175 23.2178 13.9756 
267.499 218.441 1.55885 35.9959 0 49.0137 417.772 18.9977 217.315 291.964 174.781 1.06475 176.506 70.1068 1.19152 74.9756 89.0519 84.3587 286.624 94.7136 0.881373 56.3973 45.8019 45.6646 54.2208 27.88 17.595 1.18552 
411.492 543.393 48.4341 335.144 520.695 0 1287.26 170.654 730.745 564.393 263.795 49.0975 326.365 0.0389069 32.2065 22.3783 323.348 44.3116 36.4697 8.47962 32.2267 2.62853 15.1274 15.819 322.291 14.6221 13.3139 20.7589 
107.92 3.05254 5.85766 72.1981 38.009 715.676 0 37.0571 678.314 0.125995 99.7644 76.4281 197.186 33.1196 138.019 8.71367 10.0558 151.997 61.9593 16.5959 140.734 42.612 50.4819 6.23961 2.15211 16.4158 0.811773 55.2952 
3.69349 293.961 40.1126 427.764 24.9109 87.6717 8.85484 0 662.752 100.446 314.009 15.6327 0.000154743 54.7617 61.5952 214.063 55.5985 34.1553 52.3616 18.0182 0.415357 67.2615 77.3627 10.0705 1.95715 83.2197 24.0227 135.486 
333.104 473.248 373.405 506.371 188.143 794.516 1299.25 25.4965 0 25.2714 796.763 390.135 2.56415 8.35214 218.425 86.6712 332.05 129.302 155.04 90.4695 10.7732 63.1393 101.407 70.4913 435.981 0.0037794 77.8051 76.7344 
137.235 91.4003 68.2304 33.5019 2.3204 259.402 508.601 1.64651 213.227 0 552.268 122.761 306.896 17.0328 133.667 61.3182 42.9586 14.1223 74.321 23.2397 25.9083 3.68015 60.2407 59.3213 33.2378 53.5763 22.4233 11.0156 
3.43796 14.0741 179.09 173.431 260.071 254.811 25.8616 34.0228 914.335 147.081 0 266.971 219.504 17.2115 367.016 22.7754 90.6238 45.2762 14.263 81.4951 53.6782 59.7855 37.8343 129.181 109.835 49.7324 2.53641 4.49603 
0.265673 213.393 135.425 54.7732 175.749 2.65246 29.4187 57.4991 12.3745 213.062 3.37806 0 145.47 45.0674 117.39 348.453 67.13 24.4208 83.0486 7.51187 90.0347 44.1464 10.1503 131.687 174.205 301.5 96.2265 97.8449 
0.103261 109.962 33.5281 33.8163 151.093 93.9657 128.905 148.17 1.91453 54.6868 61.2408 119.495 0 153.503 63.8089 36.3625 41.5627 25.1479 79.5964 41.3832 10.8121 26.5626 74.9764 32.9733 52.0689 27.0038 8.49087 39.2496 
31.9744 38.3369 6.48106 2.31148 10.971 0.249618 71.1707 31.4609 3.67251 76.9124 41.6194 88.3279 9.78502 0 56.1083 8.61907 19.7443 0.139933 17.0272 0.620855 10.8505 10.4945 0.32295 0.0254827 5.31554 9.361 10.9424 11.8472 
10.4023 41.9424 20.9715 12.6657 87.0206 14.156 142.392 56.298 68.6087 3.56896 301.13 10.3386 98.5839 59.7781 0 2.22882 30.0581 0.223566 2.35858 10.7782 27.1937 15.737 22.0619 0.915305 2.27158 23.1409 6.68811 14.851 
11.0346 25.366 11.1288 20.9442 0.881056 18.4851 35.7672 3.92474 52.4242 0.00596209 21.1285 403.118 2.47104 0.909764 28.7617 0 15.1407 2.82329 28.5406 3.89034 36.5978 11.8211 0.173093 28.351 35.3175 4.68248 18.8298 22.7347 
424.738 319.478 34.28 375.757 152.87 324.611 109.902 45.8587 346.325 45.0037 61.5952 31.8137 64.3403 0.103106 1.23373 25.5146 0 12.9407 379.972 9.06903 6.10219 21.2493 7.10052 0.0235242 323.097 2.03651 0.0137636 23.4035 
135.362 424.616 11.6225 42.3105 228.931 47.3003 176.35 5.58056 35.0414 18.9417 171.072 30.0057 105.509 22.9347 68.4816 47.7073 189.165 0 149.828 0.392314 37.4938 39.4182 40.2518 23.0784 4.97283 60.3509 12.378 43.0885 
28.4937 53.7541 32.1768 61.9617 288.836 88.0314 14.7266 0.0460945 84.1074 121.72 0.171725 2.59975 5.87591 22.9728 37.0409 18.3393 118.571 142.787 0 16.978 71.4724 7.2528 23.0505 23.2803 9.77997 30.0748 12.352 21.8121 
142.328 36.129 27.4637 31.834 87.2882 2.57732 59.9393 78.8947 31.654 55.9206 23.0771 46.202 12.7873 1.24836 0.343587 1.5533 25.4757 0.0594625 33.3515 0 330.897 6.3888 0.763881 3.958 7.40324 1.7577 2.0524 11.4832 
80.8493 0.0122335 1.79093 62.3843 15.0807 4.33895 131.506 44.8752 11.4447 59.889 138.199 82.2829 38.6763 40.7935 45.0837 58.7023 0.484182 53.0739 20.69 54.5482 0 12.3788 1.69025 12.0995 25.2756 0.232955 2.25154 0.834685 
6.40869 51.7362 7.58883 1.06666 36.3209 3.54317 40.8916 29.8654 64.5102 56.0235 0.0129609 21.4797 83.852 1.03388 1.48997 11.0851 7.76719 28.654 8.7826 0.413354 31.7748 0 0.0302475 1.68398 7.2322 9.71562 8.79247 10.3256 
47.0552 56.833 7.51936 1.00659 56.3197 1.06114 26.9911 28.3236 89.7456 39.2236 133.689 26.6646 67.2506 0.0646424 5.06048 0.0657917 0.141697 21.49 4.80397 0.973219 0.839332 0.0213851 0 17.9068 17.4544 9.65947 5.4702 4.29652 
0.208972 48.9861 0.0256364 3.67447 4.84677 15.4185 71.1403 51.3961 13.6644 9.73091 26.2199 55.7112 15.991 1.16704 4.0836 0.14373 12.3891 19.1044 20.0553 0.0111994 0.376491 14.0183 1.11655 0 12.4155 2.28466 12.4598 0.00140244 
349.839 332.194 0.248559 353.789 44.387 324.212 91.7853 130.02 325.331 29.581 0.458675 636.219 41.6851 3.50777 3.73084 53.3138 342.509 7.83097 11.6636 4.84541 53.2464 10.3609 3.89847 38.8481 0 59.5764 62.475 133.257 
79.5481 69.9174 13.7465 28.8013 69.609 27.5319 9.67451 23.7909 32.4066 68.3509 58.7383 48.5142 52.7844 7.50108 15.5776 8.58367 6.65732 60.6854 0.0508723 12.0089 21.5685 5.43364 5.08073 5.09237 8.80765 0 0.30342 17.2441 
8.27932 40.2733 7.29712 13.7704 2.88272 19.7864 13.0811 77.5451 0.95293 14.0677 38.1421 0.743069 3.07668 8.10329 19.0775 18.5856 22.0632 0.313671 0.79274 10.8289 19.0929 8.61624 3.87121 9.51884 34.5376 5.3794 0 69.7149 
53.6005 62.75 0.566775 13.2918 11.4692 21.2396 36.1087 54.3208 80.0185 14.2029 80.3189 152.858 10.5425 11.1729 3.06677 22.2116 13.356 46.1579 14.0953 8.98524 22.5609 2.76859 9.96183 3.51086 3.82947 63.5054 88.2952 0 
