0 561.782 179.471 351.348 175.68 307.371 19.2482 291.289 479.096 0.00996232 96.4904 64.5406 107.724 40.8629 22.2302 72.1793 290.747 7.23159 17.2233 98.0662 57.5957 33.8041 21.68 55.9415 320.142 4.24119 50.7184 52.634 
493.75 0 46.8739 538.996 1.89274 285.92 1.79258 51.1877 653.881 62.0508 57.6061 203.602 148.582 34.3087 55.8714 67.7235 419.899 734.097 11.4833 135.96 11.2919 46.3396 57.0619 0.810385 347.025 36.056 32.1749 32.6768 
166.96 428.291 0 167.572 14.2437 6.46904 248.073 189.526 133.163 92.8932 94.471 135.651 72.0046 16.5193 34.0695 19.7051 0.211682 162.948 0.767801 16.4396 5.63952 2.31837 12.5408 14.8669 13.1442 0.477166 7.42899 0.628971 
312.753 309.633 169.24 0 121.512 271.509 192.147 1249 380.19 92.4487 146.11 4.72808 68.3746 22.6072 9.84808 41.8367 271.444 145.908 10.6602 32.6335 598.322 10.7867 8.7775 5.22028 313.287 33.2518 23.3074 14.1629 
267.978 207.416 1.15419 34.6368 0 40.151 420.655 19.9944 221.674 288.625 172.496 0.895873 176.799 70.1458 1.05497 74.9838 87.821 86.4816 288.597 94.7947 0.765864 56.3479 45.9961 45.8539 53.973 27.534 17.4415 1.24968 
361.148 492.485 49.2053 286.548 475.678 0 888.201 168.615 673.008 498.873 262.227 50.3642 601.57 0.0269757 31.8846 22.528 273.985 43.3596 37.3274 8.62397 31.8089 2.69658 15.1752 15.7576 273.202 14.7965 13.2418 20.6964 
104.962 4.95458 4.65041 69.7708 42.3767 666.471 0 40.5534 738.686 0.765467 93.0538 73.8927 198.48 33.8171 138.502 9.16082 10.4239 154.081 60.6896 16.097 140.995 42.8793 50.1028 6.46208 2.32854 15.8987 0.756774 54.9757 
2.9612 293.758 43.178 437.187 26.0333 90.1333 10.6744 0 662.997 98.4573 310.668 8.41774 0.00354141 55.7603 59.7389 210.913 55.1506 33.246 52.9736 17.4255 0.572011 67.2836 76.7936 10.6953 2.40034 80.1731 24.4999 135.457 
282.781 429.819 362.972 462.792 183.663 745.135 1305.78 31.1847 0 22.4074 928.824 388.215 2.9507 8.2399 207.846 88.0586 282.497 130.981 155.094 89.9771 11.39 63.3101 101.281 71.0554 387.313 0.0258096 77.6968 76.2615 
136.445 88.8292 69.3218 34.3096 3.22903 281.07 507.68 2.00585 207.292 0 560.176 120.336 309.861 17.6202 133.708 62.0742 42.5157 13.553 73.3876 23.5369 25.4901 3.84643 60.3008 59.4195 32.8011 54.0583 22.6125 10.7929 
3.07492 12.9607 181.92 174.953 260.368 256.812 22.2157 36.6484 903.219 134.771 0 275.569 221.25 18.8073 372.624 24.702 90.8086 44.363 13.7936 81.7033 54.4775 60.0996 36.819 129.19 110.865 48.2626 2.39964 4.77148 
0.415218 214.116 137.198 51.9453 176.086 3.01377 31.1926 74.0787 14.2333 214.711 4.90386 0 146.039 46.6309 113.122 334.723 66.8334 23.8225 82.7005 7.81549 91.0897 44.4898 9.60288 133.655 184.165 293.386 96.8722 99.5887 
0.0708469 110.839 33.0711 33.4132 152.126 92.6081 126.757 148.103 1.60493 50.4576 63.4534 118.613 0 152.783 62.543 35.6903 41.8131 25.5835 79.8289 41.453 10.6099 27.2551 75.6291 32.486 52.2041 26.7286 8.59702 39.1326 
32.2242 38.7328 6.59104 2.22984 11.2524 0.283509 70.5202 30.5943 4.03571 76.5007 39.3681 86.5795 8.6046 0 54.9166 8.3082 19.7888 0.163745 16.9183 0.608835 11.0026 10.4642 0.406876 0.0144341 5.21019 9.44559 10.9255 11.8344 
10.1233 41.294 20.6864 12.9352 86.6648 14.5168 142.294 58.1255 71.0347 3.07393 309.474 12.0493 97.6136 60.4461 0 3.25639 30.0679 0.187315 2.44581 10.8061 26.9324 15.7987 22.2813 1.03929 2.14316 23.3922 6.77634 14.9883 
11.4049 25.8538 10.9362 21.3437 0.793675 18.3018 36.5267 4.98105 51.0959 0.0260062 22.9933 391.283 2.24698 1.04694 31.5932 0 15.0501 2.70667 28.4769 3.93659 36.9206 11.8346 0.142452 28.1449 35.2653 4.98725 18.8189 22.7514 
375.653 270.372 34.6244 326.486 152.639 275.225 109.919 45.4098 297.636 44.5618 61.9915 32.1492 64.2997 0.113207 1.19046 25.4861 0 11.2041 220.96 8.93348 6.25396 21.2496 7.15358 0.0278567 273.849 2.08547 0.0166683 23.3754 
133.023 426.537 10.714 43.5052 229.643 48.2695 178.23 5.18384 36.3021 18.2933 171.097 29.3567 105.589 22.713 68.4218 47.4703 185.035 0 149.967 0.47129 36.9031 39.4835 40.3499 22.9008 4.84015 60.2675 12.2585 43.2195 
27.834 55.2039 32.6107 62.0428 290.655 88.3078 13.9774 0.0737769 83.0221 121.489 0.121135 2.45671 6.10958 23.0554 37.1102 18.4624 121.739 143.299 0 16.8014 71.5501 7.32784 23.0415 23.3071 9.88209 30.1068 12.4178 21.7464 
138.42 34.8455 27.4233 32.2987 87.6495 2.67111 60.5748 79.6708 32.2794 55.9748 22.6806 46.7638 12.6262 1.26418 0.326912 1.58806 25.6088 0.0336953 33.2504 0 331.896 6.38964 0.774712 3.98181 7.34423 1.71828 2.07911 11.4787 
83.365 9.07771e-05 1.51803 60.4676 14.6169 4.14571 131.996 46.2101 12.0787 59.4213 137.759 81.2253 38.9699 40.6895 44.8642 58.8662 0.440782 52.4367 20.9605 61.408 0 12.295 1.74757 11.9304 25.0052 0.272338 2.18901 0.885343 
6.50458 51.7316 7.63301 1.09468 36.0949 3.46695 41.1643 29.5986 64.6644 55.8313 0.0241079 21.7927 84.2392 0.988696 1.43355 11.0515 7.71141 28.7749 8.86164 0.422044 31.7439 0 0.0459883 1.61621 7.31772 9.74006 8.75204 10.3349 
47.0592 56.8644 7.58355 0.963628 56.2994 1.01805 27.3896 27.734 89.3081 39.586 133.69 25.8367 68.0035 0.105539 5.33043 0.0871683 0.151257 21.6492 4.86897 0.985042 0.880322 0.0348869 0 17.5093 17.648 9.62713 5.4038 4.25192 
0.244408 49.2222 0.0330933 3.56097 4.71215 15.4837 71.2146 52.5455 14.0922 9.99846 25.3973 57.6997 15.5833 1.24871 3.8479 0.23099 12.328 19.2784 20.1148 0.0133556 0.342825 13.9994 1.37865 0 13.0147 2.19679 12.5736 0.00333947 
300.242 282.699 0.283447 304.856 44.0925 274.905 91.8209 128.036 275.761 29.1501 0.334326 39.1261 41.451 3.41585 3.56982 56.323 293.387 7.6686 11.5573 4.90192 53.0664 12.6846 4.0649 38.6972 0 68.9556 85.0372 121.134 
79.5427 70.2805 13.9463 29.1652 69.5176 27.5663 10.0939 25.7564 31.4188 68.0233 57.2019 54.7504 52.8957 7.40769 15.8687 8.96431 6.7371 60.6118 0.0608037 12.0169 21.273 5.4746 5.1429 4.97408 8.62108 0 0.369884 16.268 
8.42097 40.447 7.22043 13.6473 2.80785 19.7642 12.8815 78.0118 1.03064 13.8952 37.7349 0.622426 3.14616 8.06126 19.1138 18.5597 22.0775 0.291758 0.816261 10.8377 19.2349 8.57539 3.93259 9.63809 34.2572 5.13423 0 71.3204 
53.783 62.65 0.531455 13.1063 11.6475 21.2947 35.7398 55.3381 79.5714 13.9585 80.9276 151.65 10.6906 11.2032 3.16378 22.1565 13.2869 46.265 14.1791 8.95019 22.3652 2.73972 9.94944 3.57741 3.86598 63.3776 87.4406 0 
