0 543.215 178.277 322.297 174.221 281.145 18.4748 292.093 454.492 0.00275096 97.1985 65.4203 107.792 40.9718 22.4146 72.3419 264.832 7.64301 17.4975 100.353 56.4691 33.8524 21.7771 55.992 294.674 4.35348 50.7377 52.537 
475.013 0 51.4906 511.207 2.62209 259.36 2.49188 50.0289 626.783 60.8934 58.6545 204.103 148.613 34.1102 56.1947 67.5103 394.367 439.306 11.0973 136.257 10.9658 46.3986 57.0596 0.777641 321.422 36.3008 32.2721 32.8196 
168.302 423.747 0 160.542 14.8843 6.72901 248.401 187.527 127.559 93.3269 92.8823 134.758 71.9409 16.5314 34.0687 19.7835 0.190438 162.869 0.720348 16.3249 5.39402 2.30089 12.5448 14.8477 13.0539 0.451442 7.39053 0.647969 
284.479 281.987 169.633 0 122.234 245.749 192.721 1290 351.863 92.1504 145.136 5.20713 68.2755 22.6289 9.9729 41.901 245.732 145.928 10.5157 32.8633 640.203 10.7592 8.82624 5.15468 287.608 33.4176 23.3519 14.2567 
268.191 201.939 0.974588 33.9644 0 35.9152 422.005 20.5014 223.845 286.914 171.348 0.816919 176.936 70.1637 0.989812 74.9862 87.2046 87.5469 289.533 94.8318 0.711098 56.3225 46.0927 45.948 53.8486 27.3615 17.3647 1.28238 
334.901 465.925 49.587 261.182 742.949 0 998.17 167.583 642.903 611.773 261.401 51.0011 616.793 0.0218247 31.7222 22.6021 248.234 42.8854 37.7574 8.69633 31.6006 2.73087 15.1988 15.7266 247.588 14.8836 13.2057 20.6648 
103.488 6.07531 4.09826 68.5653 44.641 640.721 0 42.3545 768.639 1.28762 89.7655 72.6354 199.114 34.167 138.734 9.38807 10.6101 155.117 60.0564 15.8499 141.121 43.0125 49.9125 6.57448 2.41929 15.6428 0.729988 54.8153 
2.6252 293.632 44.746 442.275 26.6026 91.3677 11.6464 0 662.895 97.4646 308.97 5.63453 0.0091166 56.2609 58.8167 209.308 54.9266 32.7948 53.2798 17.1319 0.659644 67.2938 76.5074 11.014 2.63901 78.6583 24.7397 135.437 
256.565 407.049 357.626 439.922 181.42 719.138 1306.95 34.2314 0 21.0363 501.375 387.208 3.15399 8.19213 201.898 88.7508 256.652 131.818 155.115 89.7286 11.7043 63.3948 101.215 71.3362 361.904 0.0442007 77.6415 76.024 
136.045 87.5503 69.8658 34.7151 3.73894 291.852 507.017 2.19869 204.32 0 563.904 119.125 311.278 17.9165 133.714 62.4503 42.2944 13.2722 72.9201 23.6858 25.282 3.93085 60.329 59.467 32.583 54.2981 22.7072 10.6823 
2.90107 12.4204 183.319 175.701 260.5 257.774 20.4932 37.9937 896.517 128.764 0 279.861 222.11 19.6289 375.288 25.6911 90.8999 43.9083 13.5615 81.8059 54.8781 60.2558 36.3148 129.189 111.377 47.5326 2.33264 4.91204 
0.502392 214.468 138.078 50.5529 176.25 3.20298 32.0965 83.0966 15.2108 215.522 5.77119 0 146.319 47.4188 110.995 327.742 66.6845 23.5258 82.5256 7.96935 91.6165 44.6611 9.33426 134.631 188.561 289.252 97.1928 100.459 
0.0569036 111.275 32.8429 33.2118 152.636 92.0006 125.68 148.066 1.46036 48.3973 64.5705 118.17 0 152.394 61.9098 35.3547 41.938 25.8023 79.9435 41.4874 10.5094 27.6033 75.9517 32.2425 52.2708 26.591 8.65024 39.0737 
32.3489 38.9307 6.64619 2.1895 11.3943 0.301252 70.1931 30.1639 4.22573 76.2908 38.261 85.7047 8.04107 0 54.2849 8.15335 19.8109 0.17635 16.8639 0.602862 11.0789 10.4486 0.452321 0.0100768 5.15777 9.48767 10.917 11.8278 
9.98512 40.9702 20.5434 13.0705 86.4843 14.698 142.234 59.0448 72.2584 2.83994 313.559 12.9519 97.1222 60.7367 0 3.84068 30.0725 0.170373 2.48995 10.82 26.8017 15.8292 22.3885 1.10403 2.08028 23.5168 6.82052 15.0567 
11.5919 26.0987 10.84 21.5435 0.751676 18.2099 36.9076 5.55541 50.4349 0.0413217 23.9519 385.173 2.13888 1.119 33.0327 0 15.0049 2.64924 28.4447 3.95974 37.0817 11.841 0.128227 28.0346 35.2366 5.1425 18.813 22.7588 
350.037 244.755 34.7961 300.779 152.517 249.462 109.925 45.1857 272.221 44.3408 62.1895 32.3173 64.2787 0.11843 1.1691 25.4716 0 10.3808 160.539 8.866 6.33063 21.2496 7.18011 0.0301602 248.155 2.11016 0.0182233 23.3613 
131.852 427.732 10.273 44.1059 229.984 48.7557 179.161 4.99091 36.9389 17.9728 171.106 29.0343 105.627 22.6022 68.3906 47.3513 182.957 0 150.029 0.513489 36.6089 39.5159 40.3985 22.812 4.77445 60.2249 12.1989 43.2848 
27.5063 55.9326 32.8276 62.0816 291.512 88.44 13.6094 0.0900443 82.4794 121.367 0.0991549 2.38661 6.22799 23.0966 37.1443 18.5238 123.369 143.549 0 16.7131 71.5881 7.36549 23.0367 23.3203 9.9333 30.1224 12.4508 21.7134 
136.453 34.2096 27.4016 32.5296 87.8273 2.71855 60.8916 80.0574 32.5934 56.0007 22.4831 47.0447 12.5458 1.27211 0.318729 1.60553 25.6752 0.0235337 33.1994 0 332.212 6.39002 0.780146 3.99369 7.31469 1.69873 2.09251 11.4763 
84.6299 0.00167137 1.38993 59.6885 14.3873 4.05077 132.238 46.8835 12.4017 59.187 137.536 80.6967 39.1167 40.6372 44.754 58.9471 0.419833 52.1188 21.0961 64.9565 0 12.2531 1.77654 11.846 24.8703 0.293178 2.15806 0.911235 
6.55274 51.7288 7.65508 1.1088 35.9819 3.4291 41.3003 29.4652 64.7407 55.734 0.0309619 21.9496 84.4287 0.966445 1.40569 11.0345 7.68359 28.8352 8.90124 0.426421 31.7283 0 0.0550939 1.58281 7.3609 9.75219 8.73181 10.3395 
47.0606 56.8793 7.61559 0.942488 56.2885 0.996801 27.5894 27.4405 89.087 39.7666 133.683 25.4262 68.3771 0.129692 5.46733 0.0989832 0.156147 21.7288 4.90159 0.990979 0.901174 0.0428739 0 17.3031 17.744 9.61073 5.37066 4.22963 
0.26316 49.3396 0.0371805 3.50479 4.64555 15.5161 71.2503 53.1218 14.3079 10.1332 24.9896 58.7012 15.3808 1.29046 3.73233 0.282304 12.2974 19.3656 20.1445 0.014504 0.326571 13.9894 1.51927 0 13.3173 2.15339 12.6303 0.00461818 
274.372 256.881 0.301742 279.318 43.945 249.181 91.836 127.038 249.91 28.9351 0.279521 311.626 41.3335 3.37018 3.49044 57.781 267.755 7.588 11.5043 4.93025 52.9756 14.2119 4.14995 38.5864 0 73.4649 97.1425 113.979 
79.5377 70.4605 14.0462 29.3464 69.4707 27.5826 10.3065 26.7653 30.9294 67.8573 56.4373 57.9872 52.9503 7.36098 16.014 9.15645 6.77707 60.5741 0.0661036 12.0206 21.1255 5.49508 5.17399 4.9152 8.5296 0 0.405571 15.7874 
8.49216 40.5336 7.18219 13.5857 2.77076 19.7529 12.782 78.2438 1.07059 13.8092 37.5313 0.566073 3.18113 8.04018 19.1317 18.5463 22.0845 0.281104 0.828148 10.842 19.3059 8.55491 3.96337 9.69764 34.1158 5.0134 0 72.1082 
53.8735 62.5991 0.514218 13.0138 11.7371 21.3219 35.5555 55.8482 79.3464 13.837 81.2302 151.037 10.7649 11.2181 3.21283 22.128 13.2524 46.3182 14.2209 8.93259 22.2674 2.72533 9.9431 3.61084 3.88624 63.2994 86.9883 0 
