0 533.804 177.673 307.665 173.491 267.908 18.0939 292.488 442.062 0.00082202 97.553 65.8622 107.826 41.0261 22.507 72.4229 251.749 7.85285 17.6354 101.454 55.9095 33.8764 21.8257 56.017 281.815 4.41011 50.7472 52.4884 
465.533 0 53.8714 497.17 3.0307 245.963 2.88502 49.4535 613.095 60.3178 59.1809 204.352 148.627 34.011 56.3565 67.4032 381.474 309.727 10.9069 136.402 10.8043 46.428 57.0583 0.761492 308.494 36.4233 32.3207 32.8911 
168.968 421.402 0 157.018 15.2097 6.86062 248.552 186.524 124.784 93.5423 92.0903 134.31 71.9085 16.5373 34.0678 19.8225 0.180234 162.826 0.697184 16.2676 5.27323 2.29218 12.5467 14.8381 13.0089 0.438829 7.37131 0.65757 
270.243 268.054 169.478 0 122.593 232.746 193.003 1145.33 337.58 92.0001 144.648 5.4553 68.2255 22.6396 10.0355 41.9325 232.751 145.936 10.4436 32.9778 597.127 10.7455 8.85062 5.12204 274.643 33.5003 23.3741 14.3036 
268.292 199.214 0.890354 33.63 0 33.8556 422.658 20.7573 224.929 286.047 170.773 0.778802 177.003 70.1722 0.957966 74.9869 86.8962 88.0805 289.987 94.8495 0.684437 56.3097 46.1409 45.995 53.7863 27.2753 17.3265 1.29885 
321.652 452.509 49.7767 248.374 888.227 0 1124.29 167.065 627.685 691.236 260.978 51.3201 584.952 0.0194538 31.6406 22.639 235.233 42.6488 37.9727 8.73254 31.4964 2.7481 15.2105 15.711 234.655 14.9272 13.1876 20.649 
102.753 6.67888 3.83483 67.9644 45.7927 627.594 0 43.2676 783.507 1.59941 88.1371 72.0094 199.428 34.3423 138.847 9.50263 10.7039 155.635 59.7403 15.7269 141.183 43.0791 49.8172 6.631 2.4653 15.5153 0.716787 54.7348 
2.46451 293.563 45.5384 444.899 26.8895 91.985 12.1476 0 662.788 96.9687 308.114 4.45061 0.0128702 56.511 58.3567 208.498 54.8146 32.5702 53.4329 16.986 0.705845 67.2987 76.3639 11.1751 2.76235 77.9044 24.8597 135.425 
243.337 395.542 354.914 428.358 180.296 705.956 1307 35.8039 0 20.3655 317.377 386.693 3.25834 8.17032 198.782 89.0965 243.605 132.236 155.124 89.6038 11.8629 63.437 101.181 71.4764 349.073 0.0552455 77.6135 75.9049 
135.843 86.9115 70.1371 34.9185 4.00787 297.225 506.635 2.29822 202.832 0 565.713 118.519 311.97 18.0655 133.714 62.638 42.1839 13.1328 72.6857 23.7603 25.178 3.97338 60.3427 59.4904 32.4742 54.4177 22.7545 10.6271 
2.81583 12.1545 184.012 176.072 260.562 258.244 19.6555 38.6745 892.886 125.796 0 282.006 222.535 20.0458 376.585 26.1919 90.9453 43.6816 13.446 81.8569 55.0786 60.3339 36.0637 129.187 111.631 47.1689 2.29951 4.98309 
0.54909 214.641 138.516 49.8617 176.33 3.29961 32.5527 87.7869 15.7106 215.925 6.23145 0 146.458 47.8145 109.935 324.22 66.6099 23.3778 82.4378 8.04675 91.8801 44.7469 9.20139 135.117 190.601 287.165 97.3524 100.894 
0.0505133 111.492 32.7288 33.1112 152.89 91.7168 125.141 148.046 1.39061 47.3796 65.131 117.948 0 152.192 61.593 35.1872 42.0005 25.912 80.0004 41.5045 10.4593 27.7778 76.1118 32.1207 52.304 26.5223 8.67691 39.0442 
32.4113 39.0296 6.67376 2.16946 11.4655 0.310323 70.029 29.9494 4.32276 76.185 37.7117 85.2669 7.76608 0 53.9603 8.076 19.822 0.182831 16.8366 0.599879 11.1171 10.4408 0.475885 0.00818973 5.13158 9.50865 10.9127 11.8245 
9.91628 40.8087 20.4719 13.1383 86.3934 14.7889 142.202 59.5063 72.8729 2.72635 315.578 13.4144 96.8749 60.8711 0 4.1495 30.0748 0.162218 2.51219 10.8268 26.7364 15.8444 22.4414 1.1372 2.04916 23.579 6.84263 15.0909 
11.6859 26.2215 10.7919 21.6433 0.731129 18.1637 37.0984 5.85407 50.1053 0.0503195 24.4377 382.072 2.08581 1.1558 33.7571 0 14.9822 2.62073 28.4285 3.97134 37.1622 11.8442 0.121397 27.9776 35.2216 5.22089 18.8099 22.7623 
337.103 231.823 34.882 287.8 152.453 236.455 109.927 45.0734 259.389 44.2303 62.2883 32.4013 64.268 0.121089 1.15849 25.4643 0 9.98036 140.366 8.83227 6.36897 21.2496 7.19341 0.0313493 235.182 2.12255 0.0190272 23.3542 
131.266 428.383 10.0557 44.4073 230.151 48.9989 179.626 4.89578 37.2596 17.8133 171.109 28.8734 105.646 22.5469 68.3748 47.2915 181.914 0 150.058 0.535251 36.4616 39.532 40.4228 22.7676 4.7417 60.2035 12.1692 43.3173 
27.3431 56.2976 32.936 62.1006 291.927 88.5046 13.4271 0.0987724 82.2076 121.305 0.0889737 2.35193 6.28751 23.1171 37.1612 18.5545 124.194 143.672 0 16.669 71.6069 7.38434 23.0343 23.3269 9.95891 30.1302 12.4672 21.6969 
135.467 33.8932 27.3904 32.6449 87.9154 2.74239 61.0498 80.2501 32.751 56.0134 22.3848 47.1851 12.5058 1.27609 0.314672 1.6143 25.7082 0.0191373 33.1737 0 332.324 6.3902 0.782869 3.99963 7.29994 1.68897 2.09921 11.4751 
85.2631 0.00436798 1.32798 59.3479 14.2732 4.00363 132.359 47.2208 12.5648 59.0697 137.424 80.4323 39.1902 40.6109 44.6988 58.9872 0.409557 51.9594 21.164 66.758 0 12.2322 1.79114 11.8039 24.8028 0.303874 2.14266 0.924343 
6.5769 51.7272 7.66611 1.1159 35.9252 3.41023 41.3683 29.3987 64.7787 55.685 0.0347168 22.0283 84.5224 0.955406 1.39188 11.0259 7.66965 28.8654 8.92104 0.428614 31.7204 0 0.0599496 1.5662 7.3826 9.75823 8.72166 10.3417 
47.0612 56.8865 7.6316 0.932002 56.2828 0.986255 27.6893 27.2942 88.9757 39.8568 133.677 25.2221 68.563 0.14268 5.53625 0.105165 0.158627 21.7686 4.9179 0.993948 0.911679 0.0471719 0 17.1981 17.7917 9.60246 5.3541 4.2185 
0.27281 49.3982 0.0393101 3.47687 4.61235 15.5322 71.2676 53.4107 14.4165 10.201 24.7869 59.2044 15.2801 1.31156 3.67507 0.309893 12.2821 19.4091 20.1593 0.0150961 0.318585 13.9842 1.59197 0 13.4695 2.13187 12.6586 0.00533427 
261.312 243.848 0.311095 266.423 43.8711 236.194 91.843 126.538 236.86 28.8277 0.253975 539.66 41.2747 3.34748 3.45108 58.4955 254.814 7.54776 11.4778 4.94441 52.9302 15.0619 4.19295 38.5221 0 75.6556 103.252 110.184 
79.5347 70.5503 14.0962 29.437 69.4468 27.5906 10.4134 27.2758 30.6858 67.7739 56.056 59.6356 52.9774 7.33755 16.0869 9.25305 6.79712 60.555 0.0688335 12.0225 21.052 5.50531 5.18954 4.88584 8.48432 0 0.424009 15.5485 
8.52781 40.5768 7.16305 13.555 2.75232 19.7472 12.7324 78.3593 1.09087 13.7662 37.4299 0.538896 3.19874 8.02964 19.1405 18.5395 22.088 0.275857 0.834138 10.8442 19.3414 8.54467 3.97879 9.72742 34.0449 4.9535 0 72.4982 
53.9186 62.5734 0.505703 12.9676 11.782 21.3355 35.4636 56.1032 79.2337 13.7763 81.3813 150.728 10.8022 11.2255 3.23744 22.1135 13.2351 46.3447 14.2418 8.92377 22.2185 2.71813 9.93989 3.62758 3.89693 63.2567 86.7559 0 
