0 438.069 170.746 155.638 165.374 130.353 14.1479 296.529 313.209 0.0538563 101.445 70.7721 108.168 41.6183 23.5295 73.288 115.866 10.3412 19.1798 111.651 49.8793 34.1391 22.3606 56.2808 148.362 5.0558 50.8458 51.9463 
369.705 0 82.9984 350.142 9.45535 107.024 9.07769 43.3018 469.926 54.1086 65.0835 206.988 148.728 32.921 58.1268 66.21 247.577 835.995 8.91327 137.885 9.10322 46.7462 57.0338 0.595128 174.282 37.7733 32.8543 33.6767 
176.02 392.634 0 118.47 18.9957 8.38181 249.63 175.312 95.6686 95.8553 83.4667 129.311 71.5297 16.5962 34.0374 20.2444 0.0864709 162.188 0.467214 15.6335 4.03136 2.19718 12.5653 14.7281 12.5138 0.311869 7.16045 0.767724 
122.896 123.567 149.829 0 126.474 97.7651 195.864 1294.74 188.78 90.3072 139.196 8.55388 67.6601 22.751 10.7325 42.25 97.9823 145.926 9.66509 34.2223 294.909 10.5941 9.11919 4.7678 140.012 34.3957 23.615 14.8206 
269.111 169.782 0.214848 30.0353 0 14.5502 428.805 23.6628 236.702 276.081 164.389 0.419225 177.642 70.2488 0.641945 74.9762 83.4936 93.9924 294.409 95.006 0.425047 56.1604 46.665 46.5062 53.0932 26.3297 16.9064 1.48708 
183.883 312.556 51.816 115.524 382.838 0 916.155 161.228 466.648 703.618 255.884 54.8638 161.502 0.00236831 30.7296 23.0371 100.25 40.0671 40.3506 9.13326 30.3544 2.94048 15.3362 15.5368 100.409 15.4054 12.9882 20.4714 
94.7344 15.1515 1.51039 61.4448 59.2946 476.126 0 53.87 940.893 7.23322 71.0374 65.2445 202.731 36.2831 139.982 10.8039 11.7586 161.267 56.2862 14.3993 141.826 43.807 48.7617 7.26768 2.99897 14.1427 0.579347 53.8428 
1.03164 292.545 54.6073 475.612 30.1298 98.8125 18.3309 0 659.157 91.5364 298.425 0.640096 0.0968517 59.2706 53.3659 199.28 53.5802 30.1397 55.1193 15.4158 1.31617 67.3439 74.7691 13.0152 4.30226 69.7383 26.1942 135.23 
106.024 277.091 323.87 308.98 167.965 566.388 1284.56 55.2716 0 13.6774 606.256 380.525 4.51365 8.02438 160.973 92.8786 108.108 136.813 155.162 88.2066 13.6733 63.8927 100.773 73.0042 215.894 0.257769 77.2945 74.5808 
133.576 79.9638 73.1023 37.174 7.56884 354.636 500.24 3.53861 186.454 0 583.033 111.866 318.835 19.7318 133.553 64.6793 40.9663 11.6438 70.1008 24.5817 24.0447 4.45513 60.4739 59.7302 31.2771 55.7208 23.2754 10.0275 
1.96229 9.41037 191.459 180.017 261.056 262.978 11.5672 46.508 841.644 94.9369 0 305.454 227.055 24.8853 389.236 31.9738 91.4305 41.2145 12.2055 82.3995 57.2946 61.1842 33.3361 129.096 114.389 43.2259 1.95009 5.79643 
1.19922 216.441 143.25 42.5079 177.156 4.45575 37.754 146.686 21.7183 220.202 12.4371 0 147.945 52.2269 98.3948 284.559 65.784 21.7767 81.4617 8.92101 94.7728 45.6872 7.79782 140.368 205.558 263.506 99.0806 105.653 
0.00531547 113.854 31.4766 32.0056 155.61 89.698 119.191 147.789 0.735325 36.7991 71.3987 115.479 0 149.663 58.1067 33.3517 42.6844 27.1282 80.6089 41.6869 9.91503 29.7176 77.8289 30.7851 52.6597 25.7661 8.97219 38.7155 
33.0946 40.1151 6.97847 1.95454 12.2601 0.418781 68.2048 27.6269 5.48281 74.9792 31.8832 80.4531 5.04505 0 50.0357 7.23375 19.9418 0.26177 16.5358 0.567536 11.5403 10.3501 0.771876 0.000331978 4.84629 9.73671 10.8639 11.7851 
9.17242 39.0354 19.6806 13.8894 85.3655 15.7958 141.729 64.6395 79.7378 1.62777 336.717 19.0052 94.0861 61.8562 0 8.27929 30.096 0.0856195 2.76252 10.901 26.019 16.0072 22.9951 1.532 1.72125 24.2494 7.08715 15.4648 
12.7405 27.5812 10.2652 22.7414 0.523516 17.6533 39.2112 9.63965 46.5178 0.207336 30.0594 346.121 1.54482 1.5974 41.8866 0 14.7326 2.31707 28.2468 4.0991 38.0452 11.8763 0.0585144 27.2751 35.0275 6.1141 18.7718 22.7899 
202.804 97.6563 35.8205 153.019 151.678 101.405 109.922 43.842 126.254 43.0136 63.3708 33.3291 64.1415 0.152242 1.04486 25.3815 0 6.08318 377.082 8.46436 6.79862 21.248 7.3398 0.0459069 100.493 2.26103 0.02901 23.2745 
124.801 437.378 7.8089 47.7582 231.822 51.6878 184.637 3.90813 40.8526 16.101 171.089 27.1281 105.83 21.9393 68.1874 46.63 170.312 0 150.305 0.804247 34.8569 39.7066 40.686 22.2796 4.38888 59.9578 11.8433 43.6713 
25.5688 60.3549 34.1263 62.2899 295.908 89.1485 11.4957 0.221584 79.2182 120.565 0.0134042 1.98708 6.96016 23.34 37.3406 18.8915 133.763 144.957 0 16.1844 71.8034 7.5925 23.0054 23.3969 10.2419 30.2118 12.6483 21.514 
124.531 30.4805 27.2514 33.8972 88.8522 3.01078 62.7784 82.3524 34.4952 56.1395 21.3108 48.7311 12.067 1.32004 0.271728 1.71203 26.0692 0.000754938 32.8857 0 331.529 6.39178 0.813067 4.06473 7.13743 1.58333 2.17358 11.4605 
92.3052 0.118144 0.738948 58.0527 13.0434 3.50261 133.642 50.9918 14.4219 57.7773 136.157 77.5283 39.9972 40.3169 44.0861 59.4167 0.304838 50.215 21.9151 87.7193 0 12.0026 1.95531 11.3445 24.0625 0.434227 1.97674 1.07426 
6.8448 51.7041 7.78712 1.19533 35.3006 3.2055 42.1123 28.667 65.1881 55.1332 0.0901061 22.8984 85.5074 0.837808 1.24393 10.9294 7.51699 29.1958 9.1396 0.453119 31.6323 0 0.126835 1.38878 7.62642 9.8236 8.60979 10.3659 
47.0606 56.9565 7.80708 0.820316 56.2113 0.873801 28.7933 25.7015 87.7268 40.8423 133.54 23.0176 70.5749 0.325443 6.31418 0.185397 0.187133 22.2066 5.0989 1.02682 1.03124 0.10794 0 15.9695 18.3071 9.50896 5.17251 4.09634 
0.390185 50.0356 0.0666514 3.17572 4.25476 15.7065 71.4417 56.6037 15.632 10.9572 22.5976 64.8037 14.1866 1.55304 3.07065 0.696203 12.1136 19.8896 20.3203 0.0223897 0.237322 13.9211 2.49113 0 15.1721 1.90089 12.968 0.0166271 
125.664 108.496 0.423334 132.575 43.0551 101.346 91.8896 120.98 101.369 27.6504 0.0535686 282.204 40.6223 3.1013 3.031 65.4841 120.465 7.11202 11.187 5.10084 52.4218 27.7108 4.68667 37.4252 0 95.2723 161.171 64.8039 
79.4752 71.5197 14.6451 30.4227 69.1709 27.6695 11.6227 33.1631 28.0513 66.8323 51.9058 78.9591 53.265 7.07959 16.8854 10.3349 7.01878 60.3362 0.102523 12.0406 20.2471 5.6179 5.36053 4.56647 8.00682 0 0.653587 13.0091 
8.9243 41.0495 6.95349 13.2166 2.55312 19.6823 12.1917 79.6173 1.32612 13.2964 36.314 0.283996 3.39485 7.91287 19.2346 18.4603 22.1252 0.221306 0.90125 10.8669 19.7327 8.4316 4.14958 10.0551 33.2525 4.31477 0 76.6045 
54.4061 62.2814 0.416614 12.4609 12.2798 21.4808 34.4502 58.9204 77.9771 13.1152 83.0253 147.228 11.2147 11.3048 3.51343 21.9446 13.045 46.632 14.4718 8.82612 21.6818 2.63947 9.90303 3.81353 4.03551 62.6309 83.9355 0 
