0 392.366 164.023 61.1581 157.89 47.4889 10.9603 299.709 237.965 0.219984 104.978 75.3193 108.44 42.148 24.4691 74.0364 34.477 12.8852 20.6286 117.795 44.6228 34.3741 22.8473 56.5035 69.1378 5.67841 50.9262 51.4415 
324.99 0 113.616 257.644 18.3101 23.4956 17.6342 38.0063 380.95 48.6749 70.6133 209.228 148.732 31.9322 59.7246 65.1004 167.838 534.284 7.26705 139.042 7.67679 47.0279 56.9966 0.461501 94.3522 39.0043 33.3375 34.3902 
181.975 362.286 0 85.326 22.7583 9.87654 249.679 164.886 71.7829 97.8618 75.8034 124.664 71.1497 16.6399 33.9768 20.6155 0.0307493 161.351 0.297684 15.0536 3.0427 2.1122 12.5777 14.6227 12.0656 0.215048 6.96993 0.874982 
33.1368 35.5874 105.478 0 129.885 17.2562 198.078 1167.79 96.184 88.7042 134.129 11.9493 67.1208 22.8419 11.3786 42.4916 17.5971 145.763 8.97881 35.3258 183.804 10.4558 9.36375 4.45446 59.6981 35.1868 23.8289 15.2922 
269.403 144.14 0.000707937 26.9052 0 4.04769 432.733 26.4486 247.164 266.367 158.509 0.188042 178.071 70.2908 0.409025 74.9361 80.3888 99.4214 297.489 95.0874 0.24246 56.0124 47.1318 46.962 52.4522 25.4759 16.5266 1.66896 
100.7 226.834 53.5877 36.9021 824.475 0 1495.43 155.731 360.065 740.188 250.566 58.133 522.827 0.00115011 29.88 23.3865 19.6711 37.757 42.5249 9.50061 29.323 3.12007 15.445 15.3739 20.4843 15.8386 12.8058 20.305 
87.5751 25.7117 0.317739 55.6836 72.8223 336.698 0 64.3526 1068.06 15.804 56.8398 59.3015 205.492 38.0658 140.835 12.0505 12.7552 166.288 53.1863 13.2346 142.343 44.4622 47.7916 7.86857 3.5278 12.9414 0.466968 53.0207 
0.261045 291.203 63.3805 501.929 33.2093 105.05 24.9932 0 651.982 86.6408 289.197 11.8346 0.241028 61.7857 48.946 190.451 52.4562 27.9958 56.6549 14.0445 2.03366 67.371 73.2932 14.797 5.98926 62.5449 27.4269 134.949 
23.6181 211.653 294.029 242.208 156.79 477.601 1228.64 76.2425 0 8.71396 1120.06 374.133 5.82775 8.04237 127.928 96.2805 27.0695 140.932 155.097 86.8988 15.4216 64.294 100.348 74.3701 136.857 0.570549 76.9854 73.3564 
131.431 73.7778 75.7583 39.253 11.7525 402.364 490.997 4.89353 171.603 0 594.523 105.846 323.855 21.2903 133.159 66.4972 39.8603 10.3616 67.7372 25.3311 23.0299 4.91509 60.5621 59.9205 30.1934 56.8836 23.7492 9.49437 
1.31858 7.21 197.889 183.374 261.211 266.558 6.03064 54.1612 780.789 70.0184 0 326.445 230.895 29.6745 398.054 37.6434 91.8501 39.0146 11.1246 82.865 59.3228 61.9449 30.9199 128.905 116.824 39.739 1.65691 6.58601 
2.00639 217.905 147.411 36.2372 177.814 5.65219 42.7624 210.785 27.9685 223.845 19.8631 0 149.224 56.3288 88.1536 247.609 65.024 20.3623 80.5574 9.75063 97.3909 46.538 6.61622 144.978 207.27 241.086 100.607 109.934 
0.00424391 115.955 30.3436 31.0041 157.968 90.0416 113.756 147.487 0.318875 28.2098 77.246 113.198 0 146.881 54.9416 31.6983 43.3018 28.2498 81.1337 41.8438 9.43111 31.5093 79.3151 29.576 52.9682 25.08 9.24359 38.4102 
33.7123 41.0985 7.25715 1.76804 13.0006 0.531172 66.5168 25.5747 6.6816 73.8187 26.9386 76.0846 3.06517 0 45.9729 6.48473 20.0482 0.345721 16.2612 0.538812 11.9295 10.2611 1.09659 0.013697 4.59106 9.93964 10.8173 11.7453 
8.51769 37.4347 18.9561 14.5803 84.3871 16.7224 141.116 69.39 86.1308 0.871238 354.019 24.8603 91.4487 61.9547 0 13.1061 30.1099 0.037024 2.99962 10.966 25.3684 16.1487 23.4511 1.93876 1.44659 24.8386 7.3111 15.801 
13.7313 28.8326 9.78974 23.7369 0.364639 17.1838 41.1518 13.859 43.3218 0.442409 35.5929 311.099 1.12221 2.05457 49.3702 0 14.505 2.05663 28.0759 4.21573 38.8433 11.901 0.0209884 26.519 34.8055 6.97252 18.7298 22.7982 
122.773 17.9206 36.6654 72.5778 150.845 20.7647 109.87 42.7258 47.3495 41.9067 64.347 34.1769 64.0129 0.183632 0.946466 25.3022 0 3.35949 399.853 8.1345 7.20002 21.2446 7.47333 0.0615421 20.16 2.39038 0.0399098 23.1997 
118.907 446.84 6.0019 50.8583 233.079 54.1504 189.039 3.10462 44.2296 14.6105 170.988 25.5785 105.966 21.3891 67.9965 46.0197 159.602 0 150.407 1.09569 33.4171 39.8607 40.9193 21.8367 4.07894 59.72 11.5495 43.9875 
23.9934 64.0989 35.2041 62.4314 298.579 89.6268 9.86047 0.375579 76.4985 119.801 0.00251834 1.68159 7.5985 23.5386 37.4932 19.1962 143.178 146.011 0 15.745 71.9664 7.78317 22.9755 23.4572 10.5009 30.2804 12.8128 21.3456 
114.503 27.4941 27.1 35.0085 89.6509 3.26405 64.3302 84.2328 36.101 56.2331 20.3499 50.136 11.6724 1.3604 0.235362 1.80285 26.3925 0.0317675 32.6149 0 327.599 6.39259 0.840894 4.12356 6.98957 1.4898 2.24206 11.4452 
98.8004 0.355168 0.351606 61.2922 11.9685 3.07502 134.75 54.5031 16.2121 56.5975 134.956 74.8953 40.7308 40.0424 43.521 59.7873 0.222976 48.6373 22.6045 108.311 0 11.7947 2.11046 10.9324 23.3931 0.572713 1.83148 1.2201 
7.092 51.6737 7.89662 1.26974 34.7295 3.02386 42.783 28.0039 65.5466 54.6108 0.162926 23.6978 86.3285 0.737074 1.11611 10.8379 7.37884 29.4942 9.3393 0.475938 31.5494 0 0.208911 1.23575 7.85576 9.88137 8.50739 10.3866 
47.0495 57.0051 7.96555 0.724707 56.132 0.777139 29.8031 24.2812 86.551 41.7275 133.29 21.0819 72.3459 0.553243 7.05049 0.277571 0.215062 22.6049 5.26547 1.05701 1.14615 0.184506 0 14.75 18.7593 9.41993 5.00845 3.9858 
0.514944 50.604 0.0977039 2.91227 3.94125 15.8603 71.5723 59.532 16.7717 11.6629 20.6772 69.9949 13.2191 1.78695 2.56287 1.1772 11.96 20.3278 20.4643 0.0302569 0.173752 13.8537 3.45552 0 16.7599 1.70099 13.246 0.0323079 
44.4637 27.579 0.540091 52.9846 42.3081 20.8752 91.8853 115.851 20.3854 26.5884 0.000269955 55.5053 40.0216 2.88385 2.67036 69.9316 40.4362 6.72549 10.9242 5.24396 51.9477 42.7645 5.16681 35.8205 0 102.916 175.259 32.5497 
79.3805 72.3737 15.143 31.3034 68.8978 27.727 12.772 38.9266 25.7348 65.9407 48.2091 98.2498 53.5096 6.84428 17.608 11.3458 7.22228 60.1224 0.138937 12.0537 19.5223 5.72019 5.51583 4.28194 7.60616 0 0.90441 10.849 
9.29086 41.4744 6.76417 12.9094 2.37821 19.6198 11.7077 80.7375 1.55954 12.8736 35.3036 0.122393 3.57771 7.80575 19.3147 18.3812 22.1573 0.176905 0.964448 10.8861 20.0891 8.32819 4.30657 10.3526 32.5125 3.76762 0 80.0179 
54.836 62.0007 0.342976 12.0038 12.7389 21.6075 33.5308 61.4948 76.8114 12.5242 84.4916 143.893 11.5941 11.3733 3.77229 21.7756 12.872 46.8864 14.6806 8.73626 21.1956 2.56862 9.86701 3.98514 4.19472 61.8168 80.9706 0 
