0 459.113 152.533 56.3985 145.772 57.795 6.67799 303.791 259.84 0.718693 110.607 82.7382 108.797 42.9781 25.9905 75.1561 47.0428 17.4974 23.0318 122.158 36.6964 34.7422 23.6267 56.8251 85.0768 6.74326 51.0364 50.611 
395.398 0 168.787 250.793 38.1796 33.952 36.8706 30.157 379.585 40.442 79.7522 212.493 148.561 30.3565 62.2535 63.2793 182.729 632.598 4.96953 140.506 5.63776 47.4631 56.9073 0.282792 109.129 40.9787 34.1064 35.5297 
190.508 307.415 0 40.8972 29.374 12.473 247.915 147.896 39.7371 100.87 63.9832 117.056 70.4717 16.6903 33.8151 21.1831 0.00021409 159.51 0.105347 14.1217 1.74451 1.97905 12.5888 14.4433 11.3529 0.0972481 6.66742 1.06051 
36.6912 40.2279 25.6545 0 135.084 31.3463 200.834 1011.41 92.0978 86.0205 125.843 18.4872 66.2096 22.967 12.4352 42.7839 31.7482 145.197 7.92506 37.0295 302.712 10.2332 9.75542 3.97116 73.8581 36.4034 24.1607 16.0486 
268.968 106.064 0.45213 22.1917 0 5.02924 435.656 31.1811 263.307 249.669 148.982 0.00834193 178.455 70.3028 0.144835 74.8122 75.4125 108.187 300.509 95.0969 0.0561402 55.7514 47.8595 47.6735 51.4068 24.1232 15.9236 1.98107 
110.249 231.292 56.2403 53.9018 675.54 0 1266.27 146.604 328.816 412.623 240.777 63.4425 582.128 0.0275569 28.483 23.9195 33.5165 34.1438 46.0146 10.0935 27.6871 3.4164 15.6082 15.1044 35.3441 16.5277 12.512 20.0289 
76.4373 47.9608 0.252488 46.8489 96.6834 142.587 0 82.653 1223.01 36.0467 37.0645 50.2393 209.417 40.9481 141.839 14.1663 14.4223 174.094 48.3194 11.4577 143.035 45.4963 46.2203 8.87345 4.45909 11.1146 0.312172 51.6842 
0.0884427 288.242 78.3312 526.095 38.3896 115.038 37.6226 0 633.048 78.9175 273.683 57.8822 0.60567 65.8126 42.1381 175.575 50.6554 24.7023 59.1139 11.9669 3.50015 67.3865 70.8838 17.8537 9.24453 51.5785 29.4352 134.295 
35.128 249.745 244.406 277.142 139.108 470.692 1077.02 115.659 0 3.05971 468.78 362.424 8.26662 8.37566 97.9498 101.633 40.1935 147.419 154.794 84.7355 18.4158 64.9099 99.56 76.507 152.967 1.32447 76.4536 71.3594 
127.843 64.1836 79.9136 42.6261 20.258 464.605 469.744 7.50364 148.149 0 604.066 96.3076 329.374 23.8633 132.042 69.3219 38.0944 8.45488 63.9388 26.534 21.4385 5.69351 60.6415 60.1698 28.4705 58.697 24.5072 8.66598 
0.55278 4.28533 207.433 188.269 260.877 270.801 0.872946 67.3881 671.403 37.2793 0 359.006 236.485 38.0519 406.55 47.4637 92.4787 35.5841 9.49046 83.5543 62.5925 63.1362 27.1886 128.388 120.565 34.3761 1.2366 7.9468 
3.72222 219.899 153.756 27.0991 178.68 7.8488 51.2985 329.704 39.4629 229.167 35.1499 0 151.125 63.0418 72.4249 188.853 63.7909 18.1837 79.0782 11.1457 101.553 47.8906 4.91817 151.993 193.581 204.179 102.955 116.668 
0.0817775 119.217 28.544 29.411 161.506 95.8036 105.044 146.872 0.00915114 16.6699 86.8624 109.477 0 141.518 49.9094 29.0889 44.2801 30.074 81.9163 42.0772 8.67864 34.4251 81.536 27.6564 53.432 23.9856 9.68364 37.9093 
34.6927 42.6627 7.70548 1.48758 14.2198 0.737945 63.7631 22.4166 8.87886 71.8397 19.7868 69.1417 0.907547 0 38.7506 5.33168 20.2134 0.504088 15.8196 0.494214 12.5608 10.106 1.71513 0.0755634 4.1919 10.2549 10.7381 11.6738 
7.5143 34.9003 17.7903 15.6997 82.7375 18.2222 139.774 77.1226 96.5881 0.147401 377.302 35.6637 87.0461 60.533 0 22.6037 30.1219 0.00102839 3.39749 11.0653 24.3315 16.3622 24.0818 2.68003 1.05483 25.7376 7.67236 16.3309 
15.3769 30.862 9.03769 25.3187 0.169825 16.4237 44.2881 22.0824 38.3554 1.00017 45.2161 252.477 0.58493 2.8884 60.9965 0 14.1402 1.67121 27.7914 4.40306 40.1097 11.9318 0.000111569 25.0944 34.3623 8.42876 18.6483 22.7786 
137.345 33.3097 37.9985 86.5483 149.263 34.5092 109.692 40.9478 63.8599 40.1366 65.8929 35.5412 63.7803 0.239913 0.798859 25.1676 0 0.663079 226.239 7.61622 7.86328 21.2349 7.68794 0.0913014 34.354 2.60407 0.0609408 23.0755 
109.479 458.295 3.59039 55.9086 234.563 58.1145 195.753 2.00881 49.8365 12.3609 170.663 23.1757 106.119 20.5141 67.6505 45.0272 142.31 0 150.327 1.65395 31.1539 40.0982 41.2807 21.1296 3.6051 59.3108 11.0845 44.4816 
21.551 70.1796 36.9166 62.5964 300.929 90.177 7.4898 0.705711 72.1501 118.398 0.0996246 1.24494 8.6723 23.8477 37.7168 19.6804 159.397 147.469 0 15.0454 72.1957 8.091 22.9206 23.5468 10.9185 30.3789 13.0759 21.0721 
98.5062 22.9656 26.8086 36.7269 90.8215 3.68701 66.7695 87.1752 38.7067 56.3412 18.8451 52.3805 11.0497 1.42573 0.182516 1.95184 26.8998 0.175814 32.1641 0 315.165 6.39263 0.886133 4.21696 6.75298 1.34529 2.35321 11.4167 
109.328 0.998153 0.0274577 75.5573 10.3361 2.44645 136.401 60.2751 19.2707 54.7017 132.937 70.7024 41.9029 39.5891 42.6019 60.3405 0.118514 46.1319 23.7194 143.317 0 11.4638 2.37026 10.2842 22.3291 0.833618 1.61012 1.47223 
7.49468 51.6062 8.07075 1.39303 33.8107 2.74246 43.8437 26.9479 66.0931 53.7353 0.323826 24.9924 87.4918 0.588444 0.92515 10.6842 7.15896 29.9676 9.66066 0.513511 31.4113 0 0.381774 1.00794 8.23771 9.97042 8.34235 10.4172 
47.0108 57.0533 8.21668 0.583643 55.9766 0.633773 31.4293 22.0681 84.593 43.1203 132.643 18.1291 75.0544 1.03192 8.27793 0.462444 0.263753 23.2421 5.53586 1.10593 1.34225 0.3487 0 12.651 19.4473 9.26968 4.74831 3.81007 
0.750072 51.4908 0.159598 2.51183 3.46277 16.0967 71.726 64.2519 18.6607 12.8263 17.7505 78.46 11.7267 2.18756 1.83785 2.19231 11.7136 21.0317 20.6896 0.0452909 0.0925615 13.7263 5.24578 0 19.3561 1.4019 13.6834 0.0681061 
57.2802 40.8752 0.755744 68.3196 41.1039 34.8593 91.7859 107.534 33.6956 24.9073 0.170503 671.237 39.0463 2.5491 2.13686 72.0208 55.1061 6.12689 10.5066 5.47449 51.1663 67.1075 5.99322 32.1563 0 91.4125 109.977 32.7658 
79.1488 73.6843 15.9355 32.6781 68.4171 27.7907 14.7053 48.8935 22.1935 64.4456 42.4693 131.859 53.8674 6.46698 18.7538 13.0069 7.55173 59.7513 0.208614 12.0678 18.3784 5.88356 5.76367 3.83965 7.03386 0 1.38752 7.73002 
9.88919 42.1447 6.46382 12.4188 2.11062 19.5128 10.949 82.4803 1.97146 12.2064 33.6962 0.00322334 3.87925 7.63249 19.4323 18.241 22.2051 0.116164 1.06979 10.9142 20.6605 8.16162 4.56088 10.8269 31.289 2.962 0 84.757 
55.4971 61.5215 0.239849 11.2803 13.4857 21.7988 32.0642 65.6317 74.9026 11.5992 86.7779 138.274 12.2096 11.4754 4.20182 21.4752 12.5948 47.28 15.0141 8.5904 20.4209 2.45662 9.80446 4.26452 4.51148 60.0457 75.5123 0 
