0 811.873 133.166 319.026 126.692 334.008 2.07095 307.623 552.45 2.06746 119.308 94.6128 109.161 44.2287 28.4053 76.7077 326.499 25.9738 26.9812 122.297 25.6321 35.2978 24.8439 57.2414 369.563 8.57104 51.163 49.2594 
758.658 0 262.389 496.95 81.9804 313.453 79.3625 19.5423 633.316 28.8449 94.6361 216.778 147.864 27.9166 66.1206 60.3304 465.034 101.123 2.23429 141.822 3.06581 48.1046 56.6952 0.0905191 391.726 44.0652 35.2961 37.3016 
201.106 213.923 0 5.45165 41.0298 16.9738 240.705 121.157 7.74414 105.032 46.8859 104.864 69.244 16.7204 33.4045 22.0012 0.0970095 155.429 0.000450162 12.6645 0.429596 1.77815 12.5842 14.1374 10.2549 0.00548133 6.20134 1.38402 
313.557 314.199 55.3407 0 142.503 313.466 203.143 823.491 349.414 81.5569 112.576 31.2579 64.6697 23.1114 14.1344 43.0052 313.622 143.568 6.39325 39.5147 298.397 9.88291 10.3671 3.26258 355.487 38.1711 24.6526 17.2321 
266.083 56.0765 3.09907 15.6155 0 49.6857 431.858 39.2116 286.734 221.249 133.913 0.196754 178.309 70.1861 0.000600762 74.4717 67.658 121.973 300.442 94.8145 0.0263854 55.2846 48.9469 48.7391 49.7266 22.047 14.9933 2.52006 
384.684 495.514 59.8763 340.255 963.361 0 801.302 131.698 535.344 669.026 222.627 71.8819 437.163 0.138446 26.2232 24.6848 314.924 28.7335 51.4501 11.0297 25.1743 3.90058 15.8357 14.6625 318.252 17.5905 12.0488 19.5744 
60.0041 94.51 4.67369 34.1761 138.438 0.487222 0 114.471 1305.56 82.1717 14.1748 37.3036 214.281 45.5028 142.509 17.7539 17.1982 185.643 40.9897 8.90665 143.782 47.0746 43.7251 10.5457 6.11932 8.50786 0.132301 49.5487 
2.4288 281.656 103.443 494.522 47.0611 130.482 61.8285 0 586.387 67.2021 247.907 191.255 1.50363 72.0778 32.2546 150.986 47.8404 19.9102 62.9514 9.02054 6.56473 67.342 67.0158 23.1068 15.6442 36.0504 32.6538 132.777 
314.369 568.41 167.022 588.21 112.33 702.983 735.245 189.191 0 0.0200505 568.859 340.749 12.8828 9.66323 124.429 109.709 320.511 157.254 153.835 81.1924 23.5594 65.8063 98.0705 79.715 437.405 3.11925 75.5324 68.1532 
121.876 50.0972 86.1216 47.9832 37.7348 514.672 422.269 12.6435 113.007 0 596.652 81.7624 331.609 28.0526 129.119 73.4994 35.3506 5.84394 57.9925 28.419 19.0364 7.01111 60.6134 60.4218 25.8152 61.4032 25.6901 7.4348 
0.0120692 1.21768 220.278 194.671 258.923 273.662 2.09944 90.2148 522.13 6.08082 0 406.162 243.771 52.6919 405.474 64.3934 93.3537 30.4633 7.17909 84.4916 67.7466 64.931 21.729 127.064 125.994 26.5946 0.701446 10.3058 
7.4301 222.142 162.805 15.2438 179.569 11.9547 65.8049 537.807 60.8351 236.164 66.8102 0 153.725 73.7998 49.9955 104.977 61.8246 14.9958 76.6913 13.4852 107.964 49.9779 2.75339 161.937 177.968 146.694 106.38 126.813 
0.397875 124.049 25.775 26.9507 166.425 117.294 91.5116 145.587 0.405988 4.51988 102.39 103.515 0 131.092 42.2008 25.1242 45.7834 32.9914 82.9955 42.3979 7.55828 39.0723 84.5939 24.7057 54.0819 22.2877 10.3848 37.0973 
36.2019 45.0779 8.40933 1.09503 16.2046 1.12585 59.3522 17.8181 12.9756 68.4672 10.6533 58.5115 0.0905967 0 26.6726 3.6825 20.459 0.810426 15.1254 0.427983 13.5666 9.83351 2.88021 0.270452 3.59299 10.722 10.6034 11.5431 
6.05912 31.0228 15.9634 17.4748 79.9625 20.5911 136.812 89.41 113.27 0.226484 401.193 55.7007 79.7837 54.6701 0 40.3165 30.1148 0.0477172 4.06342 11.2084 22.7244 16.6627 24.8094 4.04677 0.563222 27.0244 8.24305 17.1361 
18.0868 34.0891 7.89007 27.745 0.0125685 15.2188 49.2422 38.272 31.016 2.31302 61.8934 161.617 0.0918855 4.41303 76.5809 0 13.5686 1.14716 27.32 4.69702 42.0579 11.9581 0.0641605 22.4098 33.4611 10.8734 18.486 22.6666 
419.519 317.599 40.0273 367.918 146.191 315.755 109.181 38.1937 349.386 37.3787 68.2646 37.6894 63.3512 0.34269 0.592685 24.9383 0 0.611296 84.0209 6.83114 8.94985 21.2097 8.02515 0.149437 316.195 2.95421 0.102654 22.8702 
94.8836 448.639 1.04159 63.9661 235.567 64.3348 205.357 0.768981 59.0536 9.1926 169.754 19.6192 106.202 19.161 67.0112 43.439 115.422 0 149.604 2.74975 27.726 40.4467 41.8151 20.0305 2.91991 58.6019 10.371 45.2239 
17.9432 79.8374 39.5518 62.7026 299.807 90.5009 4.41283 1.42623 65.3959 115.778 0.532918 0.692701 10.4742 24.3092 38.0142 20.4272 186.229 149.169 0 13.9623 72.4765 8.57815 22.8176 23.67 11.5781 30.5049 13.4859 20.6355 
74.347 16.571 26.2355 39.2385 92.3787 4.38943 70.458 91.5873 42.8517 56.4069 16.5792 55.8684 10.0996 1.52954 0.113214 2.19333 27.6665 0.632625 31.4183 0 282.007 6.38958 0.958512 4.36086 6.3838 1.13256 2.53076 11.3626 
125.94 2.64712 0.252162 113.88 8.00702 1.60432 138.678 69.6225 24.51 51.7259 129.552 64.2231 43.7286 38.847 41.1311 61.1051 0.0207884 42.2739 25.4884 199.537 0 10.9511 2.80433 9.3008 20.6884 1.33736 1.29176 1.91197 
8.1408 51.4549 8.33989 1.59606 32.3638 2.32637 45.468 25.3118 66.8783 52.2727 0.684119 27.0496 88.9275 0.388159 0.660932 10.4272 6.81882 30.6966 10.1669 0.574825 31.1823 0 0.751507 0.695421 8.8697 10.1011 8.0817 10.4585 
46.8987 57.0554 8.60226 0.392995 55.6642 0.43803 33.9885 18.7672 81.3565 45.2309 131.03 13.8963 78.9468 2.02535 10.288 0.840235 0.34959 24.2364 5.96748 1.18371 1.67843 0.705365 0 9.21017 20.4268 9.01641 4.34842 3.53876 
1.20426 52.8178 0.286147 1.93991 2.77345 16.4416 71.8297 71.6662 21.7646 14.7231 13.5625 91.9187 9.54129 2.86989 0.933984 4.33192 11.3273 22.1369 21.0289 0.0747726 0.0164186 13.4797 8.47547 0 23.4656 0.988034 14.3467 0.150246 
337.002 321.408 1.16252 351.821 39.2034 316.402 91.4034 94.402 314.55 22.3342 1.0638 824.089 37.4905 2.06066 1.4152 61.915 337.664 5.24154 9.86211 5.83795 49.8907 84.4548 7.41375 24.4203 0 40.2905 43.7204 123.052 
78.5905 75.588 17.1584 34.7274 67.5604 27.82 17.9466 66.0461 17.0997 61.9508 34.0026 188.613 54.3426 5.87831 20.5047 15.6704 8.07545 59.1009 0.345477 12.0732 16.6328 6.1379 6.14814 3.18352 6.31643 0 2.33823 3.81009 
10.8521 43.1668 6.00159 11.6559 1.7232 19.3286 9.80383 85.0753 2.70871 11.1875 31.213 0.160947 4.37199 7.35754 19.5892 17.9884 22.2711 0.0466917 1.24477 10.9515 21.5548 7.89886 4.96517 11.5618 29.2814 1.88398 0 90.1341 
56.4622 60.7003 0.115264 10.1725 14.6814 22.0694 29.7886 72.1056 71.8197 10.2082 90.1911 128.871 13.191 11.6166 4.90831 20.9343 12.1615 47.8609 15.533 8.35769 19.2206 2.28517 9.69475 4.71169 5.14504 56.2013 65.5336 0 
