0 942.593 124.261 420.268 118.326 437.025 0.869811 308.308 661.979 2.87846 123.082 99.9164 109.246 44.7603 29.4799 77.3117 430.816 30.1657 28.7884 123.362 21.3194 35.5344 25.3785 57.3909 475.995 9.43615 51.201 48.6449 
895.635 0 303.171 585.923 105.517 419.101 102.233 15.5492 724.985 24.2796 101.373 218.338 147.392 26.8544 67.7835 58.9969 570.297 571.266 1.36865 142.02 2.17658 48.3716 56.5739 0.0396671 497.301 45.4205 35.8146 38.0768 
204.622 173.046 0 5.92223 46.6037 19.0994 235.881 109.536 1.44879 106.643 40.0013 99.4277 68.6405 16.7149 33.1638 22.3328 0.1953 153.184 0.0300598 12.0265 0.130905 1.6926 12.5737 13.9933 9.77917 0.000940642 5.9991 1.53906 
421.282 418.874 131.941 0 145.47 419.062 203.375 1049.55 445.738 79.4989 106.667 37.7849 63.949 23.1549 14.8976 43.011 418.978 142.568 5.76538 40.5309 104.926 9.72789 10.6356 2.96985 460.635 38.893 24.8584 17.752 
263.973 38.5341 4.99992 13.0501 0 80.526 426.991 42.9751 296.217 208.067 127.256 0.46072 177.956 70.0825 0.0411295 74.2655 64.2717 128.032 298.561 94.5758 0.114343 55.0568 49.4054 49.1894 48.9705 21.1493 14.5889 2.77673 
486.693 592.275 61.258 447.578 398.289 0 225.74 124.957 607.553 333.207 213.672 75.6284 283.315 0.213961 25.2055 24.9941 420.08 26.456 53.8177 11.444 24.0882 4.12138 15.9249 14.4605 424.033 18.0513 11.8435 19.3658 
53.2204 118.852 8.32605 29.1047 158.111 19.8446 0 129.487 1273.44 107.242 7.43726 32.1309 215.913 47.5177 142.455 19.4341 18.4826 190.439 37.8878 7.87554 143.98 47.7534 42.6144 11.3192 6.92661 7.46105 0.0772078 48.5927 
4.45705 278.026 114.963 458.954 51.0828 137.144 74.0331 0 559.96 62.216 236.1 268.83 2.02449 74.8105 28.2367 139.854 46.6035 17.9453 64.6346 7.84514 8.20541 67.296 65.2795 25.5895 18.9419 29.9399 34.0976 131.92 
419.152 689.453 134.896 704.851 101.024 781.186 569.028 225.039 0 0.949118 751.976 330.029 15.2147 10.5307 147.409 113.128 425.202 161.445 153.227 79.5755 25.994 66.1747 97.317 81.0716 543.692 4.14308 75.0926 66.7129 
119.124 44.3073 88.7223 50.3614 46.9077 516.256 396.718 15.3007 98.4125 0 584.884 75.5484 330.096 29.9501 127.393 75.2351 34.1516 4.84133 55.3836 29.2485 18.0139 7.62855 60.5422 60.4792 24.6647 62.5404 26.2094 6.91849 
0.0286027 0.457917 225.051 196.982 257.517 273.441 6.21904 100.98 473.76 0.708802 0 425.026 246.392 59.6431 399.462 72.3449 93.6966 28.3086 6.2583 84.8492 70.0268 65.6936 19.4828 126.285 128.21 23.4269 0.513358 11.4305 
9.44932 222.786 166.418 11.0389 179.781 14.0109 72.588 630.267 71.4377 238.71 83.4485 0 154.722 78.5966 41.1482 73.7299 60.9451 13.68 75.6138 14.5737 110.741 50.8848 1.9945 165.874 189.322 122.539 107.787 131.096 
0.61197 126.065 24.5767 25.882 168.343 130.141 85.6337 144.898 0.920106 1.57651 109.362 100.842 0 125.805 38.8986 23.4324 46.4343 34.2987 83.4136 42.5218 7.08722 41.1417 85.7707 23.4308 54.3384 21.5467 10.6983 36.729 
36.8561 46.1268 8.7192 0.94042 17.1067 1.32101 57.3782 15.9348 15.0232 66.8836 7.48011 53.9587 0.726499 0 21.4588 3.03071 20.5621 0.967764 14.8187 0.400199 14.0162 9.70244 3.44896 0.393196 3.3401 10.9168 10.54 11.4784 
5.46394 29.354 15.1624 18.2627 78.6695 21.6365 135.183 94.8469 120.647 0.72879 406.411 65.5658 76.4682 50.8742 0 48.5473 30.1017 0.107999 4.37309 11.2666 22.0233 16.7818 25.0254 4.72175 0.394559 27.541 8.4961 17.4806 
19.3288 35.5262 7.39819 28.7878 0.000397795 14.6842 51.432 46.5512 27.9703 3.05773 69.7571 124.716 0.00993289 5.15594 81.8377 0 13.3166 0.947149 27.1024 4.8266 42.9016 11.9612 0.129452 21.0837 32.9878 12 18.4013 22.5861 
524.868 424.199 40.8962 472.967 144.614 420.837 108.867 36.9936 456.332 36.1709 69.2895 38.6398 63.1373 0.393603 0.511511 24.8302 0 2.19866 422.087 6.49593 9.44687 21.1947 8.17422 0.179489 421.497 3.11442 0.124408 22.7756 
88.5637 430.295 0.402147 67.5531 235.497 67.0682 209.211 0.407808 63.2666 7.93718 169.2 18.1344 106.178 18.5722 66.6923 42.7269 103.854 0 149.057 3.31672 26.2627 40.5911 42.0385 19.5495 2.64015 58.2636 10.0623 45.5388 
16.4415 84.1205 40.691 62.6906 297.468 90.4353 3.30846 1.82171 62.4508 114.465 0.831819 0.500325 11.3133 24.5037 38.1248 20.7516 197.936 149.69 0 13.4905 72.5699 8.79474 22.7655 23.7176 11.8708 30.5495 13.6659 20.4398 
64.3198 14.0447 25.9392 40.2679 92.9562 4.71358 72.0271 93.45 44.6984 56.3959 15.6173 57.3918 9.69096 1.57584 0.0878894 2.30273 27.9933 0.922526 31.0748 0 262.933 6.38705 0.990987 4.42332 6.22177 1.04417 2.61033 11.335 
133.245 3.61853 0.632976 132.31 7.07025 1.2888 139.559 73.8436 26.9844 50.4135 127.977 61.409 44.5288 38.5078 40.4715 61.4022 0.00314907 40.6017 26.2762 223.439 0 10.7273 3.00602 8.88001 19.9758 1.59569 1.16249 2.12289 
8.43145 51.3707 8.45706 1.68928 31.7237 2.15277 46.1687 24.5982 67.1969 51.5941 0.884463 27.9665 89.4082 0.312729 0.558194 10.3076 6.67054 31.013 10.391 0.602784 31.0764 0 0.951344 0.575325 9.16072 10.1553 7.96604 10.4742 
46.8296 57.028 8.76891 0.320781 55.5001 0.363013 35.1192 17.3807 79.8683 46.1314 130.092 12.1907 80.5162 2.53982 11.196 1.03927 0.391123 24.673 6.16072 1.21844 1.83768 0.899686 0 7.71659 20.8176 8.89812 4.17536 3.42087 
1.43722 53.378 0.35321 1.70989 2.49322 16.5836 71.8226 74.9254 23.1846 15.5858 11.8775 97.8684 8.64008 3.18846 0.629327 5.46159 11.157 22.6246 21.1731 0.0900444 0.00256531 13.3533 9.98644 0 25.2611 0.827408 14.6299 0.196437 
441.387 426.172 1.36792 457.804 38.3611 421.584 91.1477 88.6238 419.573 21.2262 1.6972 582.253 36.7948 1.85988 1.14253 53.2692 443.27 4.8718 9.58197 5.99892 49.3094 79.642 8.08287 20.6145 0 23.3182 94.9414 142.561 
78.2698 76.3677 17.6881 35.5858 67.1432 27.8058 19.4525 74.0943 15.0402 60.796 30.4985 214.173 54.5189 5.62069 21.2544 16.853 8.30913 58.788 0.416445 12.0691 15.8823 6.24931 6.31575 2.90975 6.07164 0 2.82934 2.49515 
11.2862 43.6063 5.80118 11.3222 1.56473 19.2411 9.31611 86.1646 3.06876 10.7488 30.1332 0.36302 4.59693 7.2351 19.6477 17.8646 22.2967 0.0259775 1.32573 10.9653 21.9488 7.78238 5.14538 11.8818 28.3626 1.48283 0 91.6395 
56.8599 60.3115 0.0746836 9.69503 15.218 22.1774 28.7955 74.9452 70.4279 9.61807 91.6268 124.525 13.6298 11.6715 5.23195 20.6696 11.9709 48.1032 15.7605 8.25353 18.6969 2.21115 9.64194 4.91215 5.47143 54.1332 60.7214 0 
