0 923.853 125.892 406.38 119.842 423.011 1.05014 308.229 646.814 2.7212 122.399 98.9487 109.234 44.6645 29.284 77.2055 416.572 29.3835 28.4568 123.016 22.0771 35.4917 25.2814 57.3652 461.371 9.27612 51.1949 48.7575 
875.691 0 295.871 574.488 101.068 404.555 97.9049 16.2434 713.095 25.0842 100.141 218.069 147.485 27.0469 67.483 59.2411 555.895 779.601 1.5106 142.002 2.32709 48.3237 56.5972 0.0473741 482.834 45.1743 35.7206 37.9361 
204.038 180.37 0 5.07763 45.572 18.707 236.83 111.635 2.22485 106.36 41.221 100.418 68.7531 16.7167 33.2103 22.2738 0.174913 153.612 0.0212293 12.1422 0.1724 1.70801 12.576 14.0199 9.86534 0.000135433 6.03575 1.51031 
406.212 404.437 117.023 0 144.944 404.58 203.369 1207.97 432.86 79.8769 107.742 36.5597 64.082 23.1479 14.7583 43.0141 404.546 142.762 5.87741 40.3499 315.177 9.75613 10.5868 3.02219 446.245 38.7645 24.8215 17.6576 
264.394 41.5005 4.62144 13.5011 0 74.6653 428.019 42.2806 294.534 210.487 128.467 0.404546 178.033 70.1037 0.0290406 74.3055 64.8857 126.931 298.987 94.6244 0.093756 55.0992 49.323 49.1084 49.1087 21.3116 14.6622 2.7292 
472.873 579.44 61.0172 432.789 274.741 0 343.546 126.189 599.096 498.23 215.34 74.9467 131.013 0.199022 25.3914 24.9391 405.684 26.8651 53.3888 11.3686 24.2846 4.0809 15.9092 14.4975 409.525 17.9679 11.8809 19.4041 
54.431 114.273 7.58603 30.0015 154.488 12.5027 0 126.717 1282.36 102.495 8.50519 33.0466 215.64 47.151 142.48 19.1242 18.2461 189.581 38.4457 8.05874 143.95 47.6308 42.8168 11.177 6.77652 7.64665 0.0861313 48.7672 
4.04323 278.718 112.854 465.927 50.3424 135.941 71.7486 0 565.01 63.1141 238.265 254.042 1.92411 74.3149 28.951 141.886 46.8281 18.296 64.3289 8.05335 7.89411 67.3056 65.5964 25.1308 18.3216 31.0151 33.834 132.084 
404.798 672.199 140.598 688.447 103.054 771.894 599.168 218.395 0 0.677278 1167.98 332.028 14.7771 10.3593 143.588 112.513 410.89 160.689 153.346 79.8719 25.5439 66.1089 97.4585 80.8277 529.1 3.94646 75.1741 66.976 
119.631 45.3408 88.2559 49.9285 45.177 516.897 401.546 14.8003 101.018 0 587.398 76.6685 330.484 29.603 127.726 74.9244 34.3691 5.01694 55.8575 29.0979 18.1981 7.51461 60.5578 60.4712 24.873 62.3362 26.115 7.01121 
0.0140198 0.569015 224.225 196.586 257.797 273.549 5.30901 98.9928 481.863 1.29402 0 421.695 245.943 58.3587 400.802 70.8798 93.6362 28.6958 6.42119 84.7867 69.6119 65.5562 19.884 126.435 127.816 23.9905 0.545393 11.2222 
9.06494 222.685 165.779 11.7555 179.75 13.6262 71.3381 613.646 69.4584 238.272 80.3097 0 154.547 77.7224 42.7056 79.0852 61.1056 13.9153 75.8108 14.3732 110.238 50.7206 2.12351 165.179 186.212 126.851 107.536 130.326 
0.569609 125.704 24.7935 26.0757 168.006 127.72 86.6976 145.028 0.811291 1.99981 108.09 101.33 0 126.794 39.4943 23.7373 46.3164 34.06 83.3402 42.5 7.17182 40.7648 85.5646 23.6614 54.2931 21.6811 10.6411 36.7964 
36.7376 45.9369 8.66286 0.967702 16.9414 1.28444 57.7385 16.2705 14.6402 67.1757 8.01724 54.7801 0.565828 0 22.3901 3.14542 20.5436 0.938139 14.8745 0.405185 13.9342 9.72677 3.3437 0.369237 3.38557 10.8819 10.5517 11.4905 
5.57002 29.6555 15.3078 18.1192 78.9078 21.4464 135.493 93.8586 119.307 0.616305 405.712 63.7291 77.0759 51.612 0 47.0521 30.1045 0.0952452 4.31607 11.2562 22.1504 16.7607 24.991 4.59601 0.423042 27.4494 8.44996 17.4184 
19.1009 35.2642 7.48694 28.5996 1.56436e-05 14.7816 51.0336 44.9981 28.5152 2.91488 68.3068 131.204 0.0186801 5.01806 80.9697 0 13.3625 0.98211 27.1424 4.80303 42.7489 11.961 0.115902 21.3304 33.0772 11.7933 18.4173 22.6021 
510.444 409.533 40.7393 458.595 144.911 406.455 108.928 37.2111 441.612 36.3901 69.1041 38.4669 63.1773 0.384091 0.525831 24.8502 0 1.83736 376.695 6.55637 9.35562 21.1976 8.14708 0.173823 407.077 3.08502 0.120298 22.793 
89.7065 434.249 0.496221 66.8998 235.533 66.5716 208.528 0.465095 62.4945 8.15909 169.308 18.4007 106.185 18.6789 66.752 42.8568 105.94 0 149.167 3.2098 26.5264 40.5652 41.9984 19.6368 2.69001 58.3262 10.1182 45.482 
16.7104 83.3411 40.4849 62.6954 297.977 90.4567 3.49774 1.74626 62.9847 114.711 0.772592 0.532959 11.1586 24.4687 38.1056 20.6928 195.834 149.606 0 13.576 72.5543 8.75525 22.7753 23.7093 11.8175 30.5418 13.6332 20.4755 
66.1069 14.4904 25.995 40.0843 92.8561 4.65399 71.7445 93.1152 44.3618 56.3997 15.7905 57.1155 9.76486 1.5674 0.0922591 2.28269 27.9344 0.865786 31.1379 0 266.576 6.38756 0.985057 4.41202 6.25123 1.05999 2.59579 11.3402 
131.919 3.43099 0.55099 129.05 7.23652 1.34361 139.404 73.0714 26.5271 50.6523 128.267 61.9187 44.3834 38.5701 40.592 61.35 0.00520424 40.9043 26.1326 219.172 0 10.7679 2.96886 8.95591 20.105 1.54706 1.1855 2.08375 
8.37834 51.3868 8.43581 1.67216 31.8402 2.18389 46.042 24.7276 67.1402 51.719 0.846142 27.7994 89.3278 0.325859 0.576261 10.3297 6.69745 30.9557 10.3502 0.597663 31.0959 0 0.913378 0.596359 9.1072 10.1455 7.98712 10.4715 
46.843 57.0343 8.73875 0.333372 55.5312 0.376145 34.9134 17.6298 80.1417 45.969 130.273 12.4933 80.2376 2.44339 11.0302 1.00163 0.383399 24.5937 6.12542 1.2121 1.8082 0.862711 0 7.98485 20.7485 8.91994 4.2067 3.44223 
1.39337 53.2773 0.340492 1.75071 2.54309 16.5582 71.8263 74.3337 22.9243 15.4277 12.1765 96.787 8.80093 3.12982 0.680355 5.24849 11.1879 22.536 21.1472 0.0871644 0.00418973 13.3771 9.70996 0 24.9362 0.855618 14.5788 0.187583 
427.132 411.848 1.32938 443.262 38.5144 407.185 91.1981 89.6723 405.197 21.4265 1.5712 183.112 36.9218 1.89571 1.19001 54.9742 428.795 4.9381 9.63274 5.96962 49.4161 81.0791 7.95941 21.3117 0 25.6164 83.2639 141.411 
78.3314 76.2287 17.5922 35.4317 67.2208 27.8096 19.175 72.6119 15.4062 61.0086 31.1247 209.528 54.4883 5.66745 21.1193 16.638 8.2665 58.8461 0.403052 12.0702 16.018 6.22908 6.28536 2.95883 6.11285 0 2.73687 2.71447 
11.2068 43.5269 5.83746 11.3828 1.593 19.2573 9.40404 85.9692 3.00172 10.8282 30.3291 0.320256 4.55566 7.25743 19.6376 17.8877 22.2922 0.0292948 1.31084 10.9629 21.8772 7.8036 5.1125 11.8238 28.5312 1.55232 0 91.4066 
56.7888 60.3834 0.0814103 9.7813 15.12 22.1583 28.9755 74.43 70.6825 9.72444 91.369 125.324 13.5498 11.6618 5.17258 20.7189 12.0055 48.0597 15.7192 8.27254 18.7919 2.22453 9.65175 4.87554 5.41009 54.5248 61.6112 0 
