0 581.874 74.2087 31.3457 73.9618 10.0199 3.52952 300.959 262.366 9.70224 143.11 129.579 108.881 47.4808 35.5194 79.7462 9.35222 57.8329 39.4496 188.366 4.33705 36.7565 28.3184 57.8416 65.0511 14.8522 51.215 45.0381 
581.191 0 462.112 81.4761 265.319 19.1531 258.16 1.55675 223.396 5.75502 139.823 223.254 142.977 21.1403 76.4567 51.2886 150.637 447.009 0.408242 138.897 0.00376992 49.6768 55.5955 0.133173 81.354 52.8263 38.6228 42.3024 
210.246 12.2536 0 154.994 80.9456 31.9002 193.351 51.1045 55.3348 112.893 10.8127 69.46 64.6302 16.4767 31.1957 23.8265 1.35006 136.238 1.02914 8.59598 1.60139 1.25152 12.4229 13.0952 7.25511 0.372041 4.91416 2.53283 
65.1726 29.6743 249.53 0 158.155 5.75435 196.009 889.567 3.07348 67.2631 74.1552 82.036 59.5097 23.174 19.237 42.0317 2.92562 134.028 2.83405 45.1454 673.449 8.86153 12.106 1.57474 42.35 42.1958 25.876 20.5995 
243.472 1.3332 23.1157 2.85067 0 215.592 367.615 65.9878 337.356 132.331 90.9756 3.90938 172.852 68.9345 1.41271 72.5081 46.1308 160.7 268.719 92.0062 1.7158 53.5497 51.7135 51.4693 44.6161 16.3862 12.4082 4.41056 
51.7685 122.808 66.1569 42.0543 309.91 0 118.701 87.054 41.6356 61.8846 156.571 96.3311 340.497 0.921946 19.4388 26.3799 2.98344 15.1992 66.3318 13.7439 18.331 5.42332 16.2954 13.2646 9.98827 20.5025 10.6943 18.1205 
21.8939 278.567 45.4746 7.79773 271.942 713.783 0 218.785 545.846 276.412 9.45154 10.0021 219.129 58.6249 138.307 29.7139 26.2319 213.219 22.3864 3.24719 143.624 51.3219 36.3721 15.9903 12.2053 2.84632 0.0394739 43.1485 
26.2419 250.466 179.586 343.796 75.2362 171.162 154.566 0 368.857 37.0605 168.22 765.403 6.27488 89.4155 10.3204 79.0741 39.8015 8.77003 73.8334 2.75901 20.3746 66.7486 55.3854 40.9548 41.9072 5.76132 42.34 125.157 
6.4828 349.685 11.8416 329.233 46.4368 185.988 0.235584 435.927 0 30.4572 964.724 260.483 31.2145 18.6924 49.4828 130.148 5.70781 182.759 147.847 70.0757 41.1956 67.9195 92.1068 87.9056 130.552 12.2908 72.2881 58.4704 
102.719 17.8042 101.313 63.5322 110.645 345.866 226.491 34.0665 32.4425 0 439.822 44.1012 295.361 40.8492 113.374 83.5174 27.6518 0.970325 41.2521 33.813 12.7639 11.4381 59.5019 60.204 18.5471 68.1668 29.0615 4.35788 
2.93004 2.85659 240.498 203.814 243.877 256.146 65.9696 166.122 195.539 64.5776 0 500.882 254.062 101.749 312.306 119.518 95.1228 17.5817 2.26689 86.2092 82.6897 69.5955 9.01168 119.866 138.35 9.16307 0.0019092 18.558 
24.6884 222.515 181.752 0.00123927 178.942 27.9259 113.504 1000.8 140.515 246.567 197.906 0 158.565 105.04 6.72021 1.80477 55.9326 7.4048 69.3694 21.2038 125.474 55.7573 0.00107577 182.046 336.826 21.1165 114.387 152.182 
2.61977 135.888 18.2303 20.1613 176.049 185.832 54.8074 139.746 7.4626 12.7329 148.422 85.6427 0 91.0279 22.17 14.8042 49.9086 41.7617 85.0872 43.0145 4.72857 52.6514 90.2695 16.7222 55.4256 17.5357 12.4866 34.5739 
40.351 51.7391 10.417 0.292016 22.3844 2.65721 46.2468 7.22796 28.8093 57.1914 0.0604561 30.8917 14.8273 0 1.38177 0.490958 21.0769 2.0858 13.1126 0.261876 16.5758 8.8628 6.74091 1.44995 2.07328 11.8629 10.144 11.0423 
2.69172 20.641 10.8439 22.6396 70.7939 27.3304 122.83 124.348 160.064 8.53189 374.477 127.804 57.3633 22.9585 0 84.8515 29.919 0.880004 6.26329 11.5352 18.2258 17.2905 25.0234 9.11838 0.00292743 29.7862 9.91214 19.2625 
26.6753 43.5961 4.86223 34.1543 0.564545 11.7138 63.4854 101.81 13.5188 8.93837 116.723 2.36525 1.05419 9.75076 85.818 0 11.9207 0.183466 25.7905 5.5428 47.393 11.8849 0.886767 12.9047 29.6135 18.4989 17.7874 21.8023 
107.239 16.915 45.3963 54.2833 133.549 3.32268 106.154 30.5007 48.8476 29.5911 74.7381 43.943 61.6784 0.738184 0.168856 24.1525 0 27.9932 394.685 4.75971 12.4004 21.0686 9.00603 0.395416 4.71365 4.06792 0.28266 22.2051 
55.6463 271.779 2.27939 87.4446 229.484 81.9005 225.944 0.468336 87.9556 2.59888 164.459 10.8555 105.369 15.3938 64.5194 38.6548 46.7384 0 143.545 7.36036 18.7089 41.2914 43.1409 16.9222 1.33653 56.106 8.41328 47.1483 
9.16733 107.674 46.6937 61.9749 265.324 87.7881 0.0592636 4.86525 46.6446 105.535 3.67145 0.000164834 16.4398 25.4816 38.5103 22.496 246.299 150.028 0 10.9451 72.7509 10.0169 22.4042 23.9084 13.5158 30.6757 14.657 19.319 
20.5209 3.63719 23.8429 44.9691 94.9227 6.65818 80.0124 102.758 55.0693 55.8931 10.7129 65.63 7.53985 1.83839 0.00547781 2.94027 29.6776 3.49368 29.0117 0 131.777 6.35977 1.17744 4.75875 5.33268 0.614676 3.06621 11.1411 
172.306 11.6309 5.79647 165.922 2.89856 0.162235 143.057 98.0305 42.3788 43.1517 118.379 46.3878 48.9137 36.4953 36.6989 62.6016 0.186701 31.6811 30.7273 319.997 0 9.5096 4.23862 6.68939 16.1527 3.42425 0.56706 3.4809 
10.1084 50.7094 9.0904 2.24791 28.1531 1.30166 49.8761 20.7301 68.6566 47.4805 2.45119 33.153 90.3531 0.0408672 0.143584 9.5802 5.86528 32.7149 11.6455 0.768434 30.4342 0 2.43373 0.112484 10.9015 10.4173 7.31609 10.5334 
46.2282 56.564 9.65266 0.052501 54.3002 0.0737095 41.3774 10.5106 71.0094 50.7568 122.474 4.63712 87.4175 5.80147 16.2366 2.46501 0.662434 27.0748 7.26591 1.41592 2.84349 2.35501 0 1.26889 22.4836 8.17345 3.2548 2.78688 
3.08709 56.2032 0.847888 0.687163 1.20178 17.2565 71.1987 92.5803 31.5783 20.6318 4.44732 129.905 4.37773 5.07914 0.0314439 13.1292 10.2105 25.3358 21.9145 0.199849 0.143683 12.467 17.6735 0 34.4068 0.189545 16.0867 0.561663 
19.7336 6.85584 2.78551 44.1944 33.6529 4.27961 88.7802 57.6693 2.98358 15.414 7.7945 667.016 32.84 0.917856 0.153346 9.11582 28.0513 3.05038 8.07198 6.89829 45.8818 11.9533 12.1497 4.43436 0 106.663 44.055 47.0664 
75.6807 80.0069 20.4903 39.7683 64.4019 27.4281 28.5624 121.82 5.85703 53.8483 14.0333 340.605 55.1255 4.22884 25.0783 23.2048 9.63661 56.7647 0.92742 11.9751 11.9459 6.85907 7.21849 1.58202 5.53617 0 6.28666 0.277991 
13.7983 45.9217 4.7282 9.50426 0.821565 18.6863 6.80347 91.5742 5.44944 8.436 24.3266 2.9357 5.9308 6.54321 19.8546 17.0441 22.4012 0.0205749 1.81776 11.0129 24.1313 7.129 6.163 13.5991 22.9431 0.120482 0 89.7632 
58.7538 57.8633 0.00894535 7.18319 18.2976 22.6495 23.419 90.3234 62.3889 6.61377 98.7694 98.8254 16.1312 11.8932 7.14853 18.9315 10.9159 49.2934 17.0071 7.65864 15.8559 1.81758 9.30035 6.05528 7.67645 39.5674 32.5683 0 
