0 602.516 78.1944 45.3228 77.3944 30.0102 2.71984 302.261 280.702 8.99942 141.54 127.159 108.964 47.2731 35.0215 79.6064 29.0051 55.3175 38.5407 179.475 5.2598 36.6622 28.0797 57.829 83.9232 14.3715 51.2264 45.3453 
597.652 0 455.605 107.372 251.262 36.1875 244.389 2.16314 250.026 6.81082 136.647 223.094 143.451 21.595 75.7857 51.9364 170.361 656.344 0.240766 139.419 0.00419711 49.5812 55.6949 0.101584 100.65 52.2297 38.3974 41.9618 
210.693 18.9738 0 137.758 77.9825 30.8143 197.693 55.3266 45.6594 112.559 12.561 71.8625 64.9992 16.5093 31.3956 23.7273 1.21711 137.888 0.894567 8.86712 1.28275 1.28547 12.4412 13.1748 7.45346 0.31659 5.00051 2.44316 
76.8933 44.8678 242.285 0 157.372 24.6763 197.151 574.67 22.8806 68.3084 76.7573 77.9971 59.9001 23.1866 18.8775 42.1755 22.1595 134.91 3.03776 44.8386 200.81 8.93286 11.9871 1.67385 61.8341 41.973 25.8007 20.3695 
245.681 0.297298 21.1838 3.41599 0 210.113 374.331 63.9836 334.8 138.487 93.8695 3.50191 173.467 69.0648 1.22794 72.6906 47.5619 158.118 272.315 92.2947 1.51413 53.6884 51.5399 51.2968 44.9822 16.7614 12.5827 4.26348 
72.5482 146.625 65.943 60.4632 315.694 0 517.651 90.1286 69.6653 449.706 161.567 94.6583 26.6759 0.845903 19.9131 26.2882 22.2981 16.0249 65.3601 13.5564 18.7837 5.31209 16.2731 13.367 29.0806 20.3096 10.789 18.2279 
24.0084 264.79 41.4827 9.06567 262.748 652.477 0 211.323 621.132 261.771 6.76722 11.3679 219.242 57.7269 138.887 28.8177 25.56 211.621 23.5348 3.55412 143.745 51.0428 36.8865 15.585 11.7242 3.14566 0.0254802 43.6023 
23.8195 253.161 174.443 343.868 73.158 168.619 147.361 0 386.276 38.9376 173.812 727.474 5.8415 88.2652 11.4834 83.8018 40.3536 9.40742 73.0912 3.08134 19.1903 66.812 56.2082 39.6078 39.7608 7.06345 41.6525 125.834 
25.0247 363.558 17.2319 346.728 50.2808 220.212 6.65068 419.091 0 26.5679 1729.75 266.68 29.7207 17.8122 62.9607 128.896 25.2068 181.152 148.413 70.8834 39.8506 67.7959 92.597 87.3928 149.693 11.4724 72.5406 59.159 
104.125 19.5773 100.413 62.4646 104.782 366.831 241.107 32.2906 36.689 0 455.773 46.447 299.764 39.9423 114.781 82.9325 28.1729 1.1777 42.3787 33.4429 13.1659 11.1029 59.6278 60.2643 19.0288 67.7524 28.83 4.54768 
2.51477 2.24049 239.973 203.646 245.353 258.545 58.934 160.557 225.949 53.7747 0 496.777 253.882 98.1676 322.295 115.57 95.0366 18.3783 2.52117 86.1379 81.6557 69.2976 9.73372 120.521 137.665 10.1042 0.00977725 17.9205 
23.1957 222.783 180.817 0.0939755 179.138 26.638 109.993 985.03 134.343 246.333 187.508 0 158.36 102.919 8.49344 0.261611 56.351 7.85158 69.8968 20.6252 124.316 55.3693 0.0213676 181.11 333.995 26.6179 113.927 150.651 
2.40354 135.175 18.7282 20.6149 175.611 184.323 57.1819 140.25 6.69621 10.099 145.246 86.9048 0 94.1134 23.4159 15.4559 49.6331 41.1385 84.9919 42.9866 4.90533 51.7162 90.0353 17.2449 55.3582 17.857 12.3371 34.7573 
40.074 51.2945 10.2801 0.331545 21.9363 2.53233 47.1628 7.82361 27.5386 58.0347 0 32.6106 13.0403 0 2.19116 0.621613 21.0384 1.97876 13.2524 0.272189 16.3623 8.93825 6.48439 1.3413 2.1677 11.7946 10.1792 11.0828 
2.88414 21.3158 11.1859 22.2834 71.4799 26.8764 124.039 122.015 157.01 7.58568 380.794 122.419 58.9477 25.3324 0 83.0209 29.941 0.789052 6.09785 11.5167 18.5303 17.2587 25.1003 8.72446 3.74351e-06 29.6443 9.79565 19.1255 
26.0477 42.9323 5.05587 33.7471 0.478194 11.9557 62.5122 96.8574 14.5318 8.35028 112.773 5.60453 0.873796 9.35924 87.1961 0 12.0349 0.223835 25.9045 5.48446 47.0383 11.8971 0.800597 13.5907 29.9328 17.9645 17.8466 21.8876 
126.7 35.3177 45.0501 73.7909 134.594 22.6722 106.437 31.0209 67.3981 30.1207 74.3078 43.5073 61.815 0.706023 0.190029 24.213 0 24.8652 321.153 4.89375 12.1463 21.0817 8.93758 0.374602 24.035 3.98576 0.26731 22.2547 
58.1668 281.363 1.78176 85.8351 230.33 80.7178 224.888 0.331735 85.8659 2.92987 164.952 11.3884 105.478 15.648 64.7227 38.9955 50.8026 0 144.15 6.97367 19.2898 41.2405 43.0594 17.1346 1.42728 56.3003 8.5442 47.0253 
9.69234 105.781 46.2257 62.0746 269.084 88.1479 0.13917 4.56265 47.8967 106.366 3.36446 0.00487908 15.9913 25.408 38.4933 22.3569 243.997 150.164 0 11.1485 72.7576 9.91547 22.4384 23.8975 13.3799 30.6731 14.5763 19.413 
23.1627 4.24547 24.0417 44.6543 94.8417 6.49037 79.4086 102.066 54.2163 55.9623 11.0859 64.9715 7.70841 1.81654 0.00851393 2.88625 29.5482 3.22282 29.1903 0 142.905 6.36285 1.16178 4.73202 5.40477 0.6459 3.02797 11.1596 
169.256 10.8123 5.18413 168.449 3.17364 0.214368 142.86 96.0171 41.0202 43.7441 119.217 47.574 48.5584 36.6682 37.0144 62.5323 0.153752 32.3868 30.3582 315.349 0 9.60783 4.1305 6.85937 16.4569 3.2497 0.608037 3.35782 
9.96699 50.7759 9.03964 2.19956 28.4464 1.36403 49.5845 21.0408 68.5568 47.8384 2.29413 32.7228 90.3864 0.0536274 0.167498 9.64372 5.9301 32.579 11.5421 0.754201 30.4903 0 2.29036 0.13712 10.7515 10.3984 7.3698 10.5304 
46.2912 56.6219 9.58311 0.0659735 54.4167 0.0892442 40.8676 11.0177 71.7695 50.4035 123.246 5.12825 86.9748 5.52977 15.8344 2.32977 0.6376 26.8795 7.17338 1.39946 2.75339 2.2136 0 1.61948 22.3811 8.23691 3.32748 2.83741 
2.92952 55.9904 0.799701 0.754356 1.29057 17.2089 71.2869 91.1766 30.8612 20.2039 4.92813 127.394 4.67756 4.91984 0.00951566 12.4456 10.2881 25.1137 21.8576 0.189269 0.118236 12.5509 17.1587 0 33.7368 0.225186 15.9752 0.524906 
39.4379 26.3552 2.65228 63.2957 34.04 23.6342 89.0337 60.0897 22.1775 15.8662 7.13493 353.009 33.1693 0.983574 0.200226 10.2636 47.2525 3.18465 8.19274 6.82436 46.1749 12.8418 11.7997 5.05805 0 99.3202 45.909 31.8658 
75.9433 79.7539 20.2711 39.4663 64.6531 27.4779 27.7731 117.824 6.45893 54.4483 15.1737 332.118 55.0997 4.33964 24.7905 22.7114 9.52599 56.9483 0.878159 11.9874 12.253 6.80972 7.14662 1.67766 5.52668 0 5.96023 0.125295 
13.5861 45.7401 4.81349 9.65071 0.873731 18.7361 6.99666 91.1734 5.23044 8.61746 24.7892 2.63362 5.81617 6.6006 19.8452 17.1197 22.3951 0.0140354 1.77471 11.0108 23.9528 7.18294 6.07873 13.4628 23.4031 0.175547 0 90.5651 
58.6189 58.082 0.00415001 7.37936 18.0391 22.619 23.8498 89.098 63.0652 6.84209 98.2398 101.002 15.9223 11.8803 6.98457 19.0901 11.0021 49.2058 16.906 7.70839 16.0841 1.84872 9.33136 5.96 7.47653 40.9027 34.822 0 
