0 931.651 179.471 515.589 64.6124 486.564 257.878 185.671 608.576 98.6152 37.8707 228.647 8.16971 53.2503 70.6613 65.5481 482.918 15.3884 107.924 240.92 128.677 2.02748 0.296099 56.4384 495.743 46.3792 39.288 1.69148 
878.965 0 449.256 431.476 531.793 577.898 325.655 142.563 531.947 182.124 267.496 170.418 123.581 5.78357 85.7665 48.1814 561.242 1029.73 102.508 42.5039 87.1997 47.1611 1.40679 17.9375 431.709 31.9318 49.9496 30.1077 
166.96 22.9809 0 252.442 32.4845 18.0951 173.776 14.5271 95.668 111.273 3.52143 4.17465 21.9354 14.9125 15.1144 23.2878 55.6779 106.383 22.3256 4.6249 79.9774 5.00104 3.8481 0.179929 15.2396 25.9645 16.205 4.89932 
562.571 613.868 295.41 0 7.84009 498.1 138.27 1285.43 704.489 89.3476 10.5809 200.284 2.00938 22.0035 20.1157 0.0010448 455.303 118.207 56.2218 3.42579 224.324 8.59597 2.25671 26.432 431.107 35.2063 6.8211 30.0971 
9.81433 288.31 0.95603 151.691 0 259.019 141.081 4.70795 348.354 207.607 147.224 179.484 84.9331 6.42436 33.5315 14.3118 153.879 171.924 256.497 80.437 93.8222 45.027 10.3824 4.37266e-05 0.0751714 48.3353 48.9737 4.49983 
441.454 436.021 1.877 474.318 374.243 0 561.674 57.1215 904.787 879.191 273.523 154.428 148.841 6.37473 39.1669 2.33871 464.695 104.471 83.5756 3.26424 25.0953 1.91573 0.72215 14.2062 456.017 4.10345 2.72689 1.85551 
182.503 305.652 88.7642 9.07359 431.309 37.9673 0 254.176 118.536 493.694 276.321 276.812 139.834 96.9105 96.7988 63.7317 50.8616 74.0234 136.925 39.0055 85.5603 43.9107 5.88302 70.0197 54.8286 64.1811 8.37827 70.4152 
165.635 31.294 230.47 303.627 7.9881 193.674 189.909 0 56.1436 153.454 360.043 962.318 0.0520601 18.4282 5.2338 183.117 18.8272 122.437 17.6069 76.8114 28.4003 64.3329 7.37391 122.016 1.03626 14.2929 100.018 78.4189 
462.441 835.628 323.872 511.35 28.0276 823.737 919.654 658.915 0 200.693 618.681 380.462 124.984 55.7165 146.641 10.3404 514.622 179.846 126.77 13.7272 0.964054 21.9862 2.99418 1.10353 441.207 138.457 4.65278 3.38786 
11.867 205.217 97.3652 3.93243 214.832 165.582 17.4572 5.3556 19.4201 0 35.5623 116.703 253.309 71.0686 118.834 79.336 76.0846 28.303 17.5826 22.7048 3.03233 43.9218 6.48356 50.9085 70.4903 47.7184 16.6608 15.4863 
186.53 147.716 223.047 174.041 7.49307 225.655 382.938 33.8512 920.645 484.837 0 439.437 19.6652 196.255 403.184 7.56829 0.582788 134.044 2.73414 15.5438 146.969 72.3671 52.4236 116.461 0.0933826 2.3133 9.53176 60.372 
172.322 187.603 169.96 53.8512 2.69879 103.923 73.111 1019.4 24.0978 217.119 98.1596 0 4.50153 166.415 164.69 255.554 75.0225 133.969 0.222211 28.1727 26.1617 58.4105 72.7077 178.42 273.948 0.0101129 114.917 32.2574 
94.8961 147.957 67.1457 11.4024 35.8364 3.41769 189.981 148.307 163.732 42.7949 38.0985 59.536 0 64.483 4.76985 79.7769 19.8046 59.4138 0.481006 24.3594 1.72829 68.8515 36.7941 47.821 54.5892 39.3498 10.6569 32.9515 
53.7239 64.5828 13.5953 3.24492 68.6881 3.65233 0.452324 71.2153 30.7509 24.8408 56.0629 4.89065 142.159 0 49.2579 12.5636 0.884491 24.7887 26.1732 0.237618 10.1013 7.17651 1.65442 10.3748 2.32244 0.203525 9.724 8.97327 
30.979 11.2608 0.0928437 16.7142 24.0746 0.766024 121.512 136.08 124.84 29.1079 366.38 0.131067 29.6406 61.937 0 3.2566 13.3677 3.66704 27.656 0.687426 16.6567 17.4763 0.736979 8.37103 12.9168 13.8517 18.9379 1.5757 
67.7648 26.726 5.85769 14.8417 54.6278 25.9295 92.4518 17.7502 147.878 5.39894 6.60009 191.844 42.7639 17.4802 31.5931 0 6.13063 38.0812 28.2544 5.47278 0.016752 0.102424 5.39787 27.7679 8.42442 10.3145 0.149606 2.844 
520.88 438.806 17.1139 447.635 107.634 466.954 91.3137 27.0037 434.54 74.8361 9.96583 22.5007 60.1844 15.0008 12.0402 0.0509386 0 255.521 363.561 15.8065 15.9932 12.1814 12.3397 0.00854553 453.642 22.4311 22.3318 17.4447 
217.391 442.597 105.123 3.01136 16.001 2.5454 50.5658 161.944 84.2014 22.5289 122.544 129.006 99.4002 53.411 59.6379 0.124727 245.439 0 148.341 86.918 123.307 28.6402 15.7088 0.202 21.7933 5.82844 16.3988 15.7379 
16.6813 0.0556831 4.72426 22.9361 260.237 74.3037 157.632 93.8884 138.913 81.7444 3.12833 73.5391 68.8371 11.6642 27.6547 3.3879 228.188 138.741 0 9.01372 42.2034 4.62556 0.00309317 0.0883594 28.9869 28.3717 24.3738 26.6147 
73.7457 56.4476 0.864804 3.61154 62.1126 9.5009 35.1391 19.635 78.1169 0.492543 84.8754 72.8446 33.9882 3.91723 10.2515 2.87546 17.7037 84.6973 27.1829 0 99.544 4.28048 2.56008 5.17907 12.2107 2.40648 0.0246644 4.50032 
23.9762 130.911 92.1662 92.539 59.9976 59.3863 64.5701 110.537 0.77132 25.2648 8.57169 139.333 72.8623 41.2961 3.31108 10.6248 0.934173 123.026 0.00606944 329.611 0 3.82905 39.9073 32.2678 15.8794 0.0915808 36.4764 7.25959 
9.83685 33.044 10.2799 14.1617 56.7598 4.44381 45.5615 41.342 24.2686 14.8042 41.9476 73.4502 9.78965 8.95724 0.0201009 2.50343 0.0932845 14.5681 3.42561 3.88835 4.51515 0 14.7753 8.99738 8.30987 10.6414 6.40637 6.42007 
28.6896 2.83997 0.01442 6.44698 0.105915 15.9253 69.1299 49.8204 0.883234 2.91251 14.6682 95.3012 46.0914 2.45757 15.8475 3.15689 2.41712 36.0504 19.1085 2.30757 39.4166 14.737 0 15.9694 22.6784 10.3984 9.60116 5.04397 
0.475712 59.1852 14.3899 25.8486 55.0781 2.07497 3.98985 138.679 24.0116 1.23514 63.6275 180.186 30.0486 8.50442 23.4222 3.33015 12.6634 48.2091 0.807423 0.415289 12.0171 0.600391 2.49113 0 40.8684 0.141126 0.0120361 13.8741 
437.139 507.602 28.019 437.675 1.1651 436.705 21.1374 159.03 541.595 69.4059 119.571 363.342 18.7201 1.09313 15.4014 42.374 434.734 26.3467 8.80424 2.78976 0.0359551 45.4673 4.59976 41.5509 0 109.458 157.219 117.748 
16.8002 67.072 4.28332 38.5754 68.8195 1.88748 3.81726 100.297 127.7 71.753 5.09913 388.543 45.1313 10.7999 21.5946 6.09701 16.6 5.16344 6.02122 6.09119 27.643 9.58115 2.59276 0.216354 17.1154 0 37.7488 9.31256 
37.3765 43.9388 16.044 10.8088 43.905 11.4858 28.0437 65.3697 76.6019 19.6672 3.97257 40.0176 18.1651 11.3159 14.8047 0.00420101 1.11808 1.43633 16.6277 7.24589 1.63867 6.59491 0.83723 0.322819 32.538 32.4789 0 26.8006 
37.4065 2.8484 11.7247 0.542068 18.4531 13.5838 57.8058 130.71 4.99128 19.0181 0.0206998 176.305 17.95 4.77158 1.8991 0.489613 5.10104 11.6832 1.83964 0.646276 10.4142 8.1013 0.0325239 8.33438 0.632663 19.226 3.09884 0 
