0 773.66 51.5188 294.822 54.4834 228.599 10.5371 290.637 488.528 14.4267 152.196 143.913 108.184 48.6664 38.5041 80.3558 229.475 73.655 45.0016 240.951 0.656675 37.2989 29.7391 57.8263 289.531 17.8598 51.0995 43.155 
797.574 0 470.123 268.216 348.325 257.802 339.743 0.00880258 401.316 1.26882 158.752 223.294 139.731 18.4735 80.306 47.3602 369.519 475.862 2.32935 134.812 0.669353 50.2065 54.9281 0.41197 303.25 56.3516 39.9554 44.3193 
204.21 2.89248 0 246.943 98.9014 38.4086 165.028 28.7204 128.383 114.194 3.01221 55.4644 62.2761 16.233 29.8627 24.3299 2.28738 125.513 2.02901 7.02189 4.23598 1.05639 12.2919 12.5974 6.10407 0.796651 4.4067 3.09981 
339.543 282.283 388.321 0 161.817 230.458 187.259 186.727 228.413 60.8886 59.0176 107.249 57.0777 23.045 21.3934 40.94 225.458 128.104 1.7547 46.6917 324.277 8.43316 12.8107 1.04066 263.137 43.3403 26.2956 21.9598 
228.448 22.8425 36.1468 0.525148 0 244.378 321.9 78.3639 349.276 96.7123 74.1143 6.81053 168.454 68.0207 2.78743 71.2729 37.8293 175.645 243.504 89.9936 3.18537 52.6623 52.6942 52.4474 42.3918 14.1992 11.3786 5.34 
265.141 317.905 66.7022 269.321 212.738 0 448.746 69.0575 229.514 506.749 126.268 106.176 244.588 1.4429 16.6167 26.844 225.051 10.652 71.8836 14.8592 15.6979 6.10564 16.3983 12.6356 233.279 21.625 10.1254 17.4583 
11.1344 359.029 72.131 2.15879 324.381 929.559 0 262.832 157.801 361.072 34.5064 3.6063 217.034 63.9259 133.966 35.2516 30.3838 221.683 16.0173 1.68971 142.548 52.9413 33.2887 18.4978 15.2596 1.35854 0.187392 40.4087 
42.924 232.885 208.888 317.139 87.9796 185.216 198.86 0 263.863 26.616 135.201 949.134 9.18239 96.0834 4.59842 52.592 36.5187 5.39743 78.225 1.19371 28.1235 66.2994 50.4341 49.2877 55.5793 0.711076 46.4915 120.661 
234.676 600.104 0.757107 555.799 26.2405 325.248 140.75 529.171 0 58.6412 1554.2 222.238 40.7821 24.7376 45.2938 137.042 226.719 191.805 144.006 65.1464 49.5867 68.5867 88.9452 90.789 353.092 17.7223 70.6916 54.3083 
94.1175 8.84091 106.143 69.8339 147.18 219.94 142.395 45.5079 12.1677 0 335.795 31.0762 264.102 46.2877 104.108 86.6372 24.581 0.146629 34.6695 36.0104 10.4659 13.5278 58.5972 59.7018 15.7457 70.4612 30.4389 3.29809 
6.0705 8.08998 240.763 203.327 233.776 238.456 114.646 199.75 37.3312 145.902 0 516.572 253.435 123.212 245.793 142.913 95.5238 13.139 1.02194 86.4845 88.8546 71.2952 5.23368 115.489 141.875 4.44644 0.0826634 22.5632 
34.4773 220.002 186.062 2.53044 177.289 36.1306 134.877 1023.96 178.659 246.41 261.869 0 159.379 117.395 0.414048 39.1269 53.3982 4.98751 66.1564 24.7906 132.197 58.037 0.418701 186.092 304.482 1.31531 116.831 160.505 
4.10623 139.79 15.3413 17.5089 177.929 180.75 41.3194 136.421 12.8855 34.4481 167.118 78.0507 0 72.2612 15.2804 11.1352 51.5227 45.5317 85.5004 43.1347 3.7325 58.1802 91.1508 13.708 55.7473 15.6428 13.3934 33.4502 
41.9725 54.3393 11.2245 0.107189 25.1205 3.45958 40.7786 4.12786 36.8825 51.9975 2.94432 21.3777 27.5804 0 0.455149 0.0287121 21.2937 2.78441 12.2755 0.203991 17.8683 8.38801 8.12229 2.17197 1.54563 12.2353 9.92303 10.782 
1.67259 16.767 8.85751 24.7529 66.5492 29.9774 114.932 137.816 177.313 15.2611 325.095 160.112 47.931 10.2422 0 89.6659 29.7613 1.5281 7.29253 11.6327 16.429 17.4433 24.2818 11.5635 0.15209 30.4689 10.6106 20.0464 
30.5118 47.5669 3.7633 36.4475 1.2308 10.2782 69.221 132.172 8.15394 12.8292 140.196 11.8558 2.48406 12.0749 72.016 0 11.2381 0.0254178 25.0837 5.89036 49.4626 11.7896 1.4863 8.92205 27.5674 21.6393 17.3997 21.216 
328.053 244.816 47.3772 274.962 126.806 225.18 104.234 27.4351 275.395 26.4627 77.2518 46.5558 60.7961 0.945617 0.067991 23.7723 0 50.0363 375.234 3.98914 13.9672 20.9801 9.4171 0.531835 226.619 4.57521 0.383653 21.8967 
41.3971 242.297 6.51387 96.9217 223.143 88.8124 231.025 1.77777 100.635 1.02529 161.124 7.90864 104.558 13.8956 63.2092 36.592 25.4345 0 139.362 9.87548 15.382 41.5721 43.596 15.6617 0.853437 54.8778 7.64399 47.8513 
6.30392 118.771 49.394 61.2253 239.231 85.1192 0.28556 6.87421 39.3457 100.223 5.78294 0.10817 19.227 25.897 38.5566 23.3143 251.973 148.606 0 9.7486 72.6301 10.6285 22.182 23.9562 14.3343 30.6622 15.1387 18.7476 
8.99158 0.963079 22.5594 46.5648 95.1051 7.69147 83.4215 106.615 60.1698 55.3744 8.59334 69.4987 6.56027 1.97042 0.00126476 3.27006 30.42 5.33586 27.9084 0 70.0786 6.33817 1.27268 4.91595 4.90438 0.442934 3.29871 11.0209 
189.741 17.1134 10.1378 145.988 1.506 0.00169522 143.892 110.134 50.8456 39.6224 113.178 39.4756 51.0256 35.4295 34.7862 62.9071 0.451242 27.5598 32.9534 332.449 0 8.92659 4.91286 5.70779 14.367 4.56095 0.350939 4.26192 
10.9703 50.2655 9.39019 2.54726 26.3956 0.956353 51.5741 18.8946 69.1789 45.2644 3.49832 35.7462 89.7387 0.000645698 0.0386414 9.18612 5.48095 33.516 12.2673 0.856252 30.0849 0 3.364 0.0157145 11.8245 10.5218 6.99248 10.5452 
45.7989 56.1436 10.0576 0.00392522 53.5344 0.0116425 44.41 7.69475 66.3465 52.7686 117.334 2.19683 89.5794 7.33569 18.5523 3.33263 0.82094 28.2384 7.82769 1.51569 3.41202 3.27471 0 0.052639 22.963 7.77927 2.83075 2.48984 
4.1132 57.4059 1.16457 0.348763 0.734476 17.5131 70.5327 100.758 35.9662 23.2415 2.06906 144.257 2.77718 6.0319 0.428391 17.2486 9.74539 26.6662 22.2411 0.269141 0.34802 11.9252 20.0268 0 37.999 0.0398001 16.7221 0.807017 
239.411 227.81 3.64458 267.262 31.3329 226.023 87.0438 43.8146 226.069 12.8032 12.3174 734.278 30.8518 0.569188 0.00310431 15.989 250.646 2.30257 7.35998 7.34166 44.0828 38.0056 14.2812 4.65914 0 93.298 180.557 138.365 
73.9236 81.3473 21.7561 41.4095 62.8013 27.0595 33.4284 145.517 2.84722 50.1575 8.06575 380.632 55.1909 3.58104 26.6881 25.9951 10.3063 55.5984 1.25027 11.885 10.168 7.15227 7.63972 1.06228 5.79501 0 8.38416 2.43067 
15.0922 46.9789 4.22775 8.6373 0.541858 18.3717 5.69465 93.8105 6.85004 7.3794 21.6082 5.08027 6.63784 6.19716 19.8822 16.5621 22.429 0.0859479 2.08579 11.0182 25.1988 6.80446 6.66997 14.3957 20.157 0.00718149 0 82.733 
59.484 56.487 0.0758545 6.04782 19.8677 22.801 20.8819 97.4878 58.2849 5.31636 101.721 85.6773 17.3962 11.9498 8.15312 17.9275 10.4002 49.781 17.6091 7.35685 14.5054 1.63526 9.1034 6.63088 8.91678 31.3358 19.9841 0 
