0 880.105 27.7782 552.603 33.7036 416.275 24.0052 272.366 679.864 21.382 162.495 160.902 106.863 49.9782 42.1577 80.5605 417.864 94.5034 52.0237 271.988 0.585373 37.9122 31.4578 57.5919 482.488 21.8305 50.8467 40.7512 
929.656 0 408.323 428.105 438.537 474.634 429.254 3.05107 539.148 0.20494 181.363 221.176 134.812 15.3516 84.5973 42.4584 554.499 141.375 6.8146 127.639 3.05401 50.7545 53.9417 0.964824 492.942 60.5386 41.547 46.7337 
189.3 63.2024 0 286.219 120.745 46.1435 126.782 9.33292 240.277 114.125 0.0408464 39.5671 59.0656 15.8219 27.929 24.7264 3.76295 110.67 3.70339 5.23302 9.12697 0.83664 12.0801 11.939 4.7872 1.53105 3.80841 3.86376 
603.247 521.219 286.285 0 163.816 424.87 172.368 195.022 437.287 52.8865 41.8684 139.503 53.8847 22.7619 24.0229 39.0778 416.553 119.435 0.771501 47.8669 652.02 7.90491 13.6551 0.52934 451.529 44.2773 26.736 23.5815 
206.243 82.3539 55.0714 0.220062 0 319.931 256.26 94.2518 355.519 57.8382 54.8522 11.4334 161.436 66.5877 5.09351 69.4289 28.3948 192.475 205.44 86.8723 5.59813 51.4416 53.7549 53.5155 39.594 11.6681 10.1525 6.59465 
445.403 476.91 65.6226 465.62 682.535 0 1551.22 48.5221 424.822 370.929 89.7671 117.69 475.988 2.23134 13.2517 27.2076 415.625 6.07465 77.9531 16.2014 12.666 6.97813 16.4519 11.8302 425.09 22.9142 9.42379 16.6024 
2.72095 444.585 109.43 0.0321054 378.855 754.213 0 313.174 7.15515 447.141 84.3937 0.106486 211.182 70.1827 126.7 42.3768 35.754 229.296 9.49829 0.45683 140.419 54.8005 29.5176 21.7487 19.3919 0.268314 0.520102 37.0025 
67.9918 208.363 239.651 169.38 104.134 199.263 253.679 0 144.821 15.8592 96.9014 1029.73 13.4675 103.651 0.654198 25.9434 32.5559 2.3373 83.4671 0.150079 39.0839 65.5852 44.3413 60.0054 73.9073 1.1824 51.6444 114.164 
436.152 814.131 37.4765 736.646 8.84703 442.204 624.608 615.963 0 103.068 1546.78 174.171 53.8494 33.8954 109.307 143.94 416.11 201.409 138.262 58.9217 60.5888 69.231 84.5589 93.8621 542.896 25.5552 68.5386 49.1338 
83.2421 1.98727 110.654 77.263 193.374 101.036 57.9095 61.2348 0.496696 0 203.071 17.796 216.601 52.888 91.0849 89.5093 20.9459 0.130239 27.0576 38.65 7.91328 16.2722 57.1393 58.7564 12.525 72.8122 32.1049 2.18404 
11.4322 18.0388 234.334 199.233 218.6 209.882 186.152 240.55 37.1179 272.631 0 514.044 248.669 148.668 157.634 169.985 95.7417 8.48943 0.158555 86.4627 96.3174 73.1759 1.94444 109.098 144.785 0.923822 0.483639 27.8898 
48.329 214.802 188.21 12.7588 174.152 47.2247 161.422 886.447 226.733 242.55 340.114 0 159.389 131.439 3.13172 140.564 50.227 2.64589 62.0937 29.458 139.897 60.7221 2.19661 187.266 291.912 9.87729 119.067 168.537 
6.37486 143.681 12.0394 14.4199 178.451 157.254 26.7991 131.651 21.4251 73.3553 188.866 68.7173 0 49.7043 8.34829 7.23906 53.416 50.2332 85.6318 43.171 2.65921 64.708 90.9878 10.314 55.9472 13.4015 14.5324 32.0137 
43.868 57.3649 12.1793 0.00407734 28.5866 4.56366 34.1781 1.4689 47.7304 45.3725 12.2734 11.7804 47.2372 0 8.37722 0.238495 21.5271 3.77589 11.2509 0.142175 19.4843 7.75677 9.28809 3.20019 0.992616 12.6016 9.62823 10.4223 
0.74282 12.4411 6.59731 27.2738 61.0589 33.0057 103.869 152.798 195.397 25.7914 244.473 197.989 36.7323 1.00928 0 80.5231 29.506 2.56487 8.64271 11.7208 14.2932 17.5408 22.744 14.6822 0.643465 30.8996 11.4671 20.916 
35.3729 52.3975 2.57249 38.873 2.39724 8.56287 75.9713 169.27 3.32811 18.4076 167.525 86.9163 5.0422 14.7333 46.3066 0 10.4033 0.0297367 24.1613 6.31115 51.864 11.6208 2.40161 4.66584 24.7972 25.2243 16.8486 20.3242 
516.197 443.342 49.5733 463.285 117.496 415.492 101.361 23.7974 471.214 22.7403 80.1806 49.7646 59.5644 1.23495 0.00566742 23.2629 0 83.6448 116.651 3.12135 15.9932 20.847 9.92443 0.72704 416.702 5.23313 0.528969 21.4924 
26.2169 223.644 14.5407 107.995 212.478 96.7916 234.221 4.53416 116.426 0.0727924 156.152 4.88804 103.189 12.1183 61.3871 34.0117 7.53768 0 132.978 13.4108 11.6709 41.8592 44.0756 14.143 0.404774 53.2215 6.73616 48.634 
3.47743 131.615 52.4358 59.9513 200.419 80.688 2.22162 9.79281 30.9341 92.9716 9.00645 0.562213 22.8717 26.3468 38.4831 24.2815 240.123 145.444 0 8.33562 72.2915 11.3896 21.8689 23.973 15.348 30.5769 15.726 18.027 
5.76484 0.0282719 20.7864 47.8049 94.6112 9.01829 87.0812 110.63 66.3684 54.4944 6.27006 74.0465 5.43047 2.13509 0.0291175 3.68815 31.251 8.10021 26.4783 0 16.6053 6.30418 1.39289 5.10172 4.3877 0.26864 3.592 10.8507 
208.705 25.1427 16.9663 150.178 0.407168 0.163861 144.103 124.929 61.9222 35.3434 106.397 31.5037 53.5765 34.0534 32.3925 63.0216 0.934165 22.7671 35.7159 310.398 0 8.2238 5.80258 4.59123 12.2665 6.16653 0.1551 5.32296 
12.063 49.6126 9.74758 2.93733 24.24 0.600789 53.539 16.7043 69.6415 42.3868 5.03121 38.9596 88.0155 0.0371029 0.000829603 8.672 5.01889 34.4681 13.0353 0.970016 29.6248 0 4.65101 0.0179984 13.0077 10.6277 6.59147 10.5438 
45.1515 55.4541 10.5253 0.0203801 52.4367 0.00885396 48.0663 4.78664 60.4032 54.9755 109.886 0.418799 91.036 8.81268 21.0806 4.50879 1.03864 29.6511 8.53419 1.6406 4.17714 4.55169 0 0.784183 23.224 7.26491 2.3385 2.13947 
5.56311 58.7077 1.6176 0.0869066 0.314428 17.7587 69.3933 110.12 41.5414 26.5358 0.365725 159.831 1.28865 7.16497 1.52597 22.0129 9.17396 28.2961 22.6079 0.368039 0.721212 11.174 20.8495 0 41.2239 0.00851085 17.4214 1.16636 
426.933 417.004 4.83606 458.393 28.4886 415.997 84.4112 28.6991 418.575 9.85211 19.1518 667.861 28.3805 0.250667 0.128637 43.4311 441.503 1.52019 6.51364 7.88584 41.7775 85.4972 16.9244 14.4296 0 28.9081 60.0717 27.3473 
71.3464 82.5712 23.1857 43.0018 60.6151 26.445 39.6743 173.012 0.600448 45.4331 2.89812 399.674 55.0587 2.83052 28.3634 28.92 11.1439 54.0141 1.71143 11.7347 8.13819 7.50594 8.13189 0.556329 6.58518 0 11.2532 7.80212 
16.7334 48.2024 3.63898 7.60014 0.276132 17.9477 4.45034 96.1523 8.77427 6.15726 18.4078 8.48393 7.5529 5.76772 19.8487 15.9023 22.4418 0.228142 2.43917 11.0083 26.5054 6.40291 7.29559 15.3212 16.7439 0.380135 0 69.6227 
60.1948 54.6448 0.247881 4.75491 21.8441 22.9132 17.8778 105.775 53.1433 3.89398 104.8 69.5695 18.9796 11.9714 9.43207 16.5778 9.76873 50.2907 18.3387 6.9781 12.8912 1.42137 8.8359 7.34572 10.4877 21.2898 7.88399 0 
