0 913.62 30.061 567.142 35.7517 438.85 22.307 274.616 702.351 20.5735 161.435 159.114 107.03 49.8447 41.7651 80.5676 440.427 92.1971 51.2577 271.366 0.35383 37.8489 31.2741 57.6287 504.602 21.3887 50.8799 41.0151 
960.802 0 418.398 452.956 429.826 493.881 420.552 2.46036 566.994 0.0794806 178.977 221.519 135.391 15.6793 84.1595 42.9895 577.528 102.444 6.22006 128.521 2.71397 50.7009 54.0569 0.894026 515.412 60.096 41.3779 46.4771 
191.279 53.2641 0 287.296 118.433 45.3356 130.993 10.9426 227.73 114.222 5.752e-05 41.1964 59.4279 15.8721 28.1521 24.6957 3.58692 112.344 3.49966 5.41712 8.51465 0.859268 12.1056 12.0124 4.92367 1.44077 3.87156 3.77791 
617.585 537.921 315.587 0 163.737 446.767 174.175 313.806 456.929 53.7539 43.6226 136.009 54.2393 22.7991 23.7416 39.3052 438.839 120.439 0.858878 47.7801 224.978 7.96197 13.5654 0.576566 474.135 44.202 26.6926 23.4097 
208.815 74.3798 52.9011 0.11564 0 308.859 263.67 92.5107 355.307 61.686 56.8375 10.8796 162.276 66.7586 4.81256 69.6448 29.366 190.756 209.841 87.2423 5.30608 51.5801 53.6483 53.4076 39.8989 11.9321 10.2826 6.45343 
468.826 502.501 65.8315 487.382 550.559 0 1062.35 50.6269 444.107 90.5203 93.5908 116.487 521.898 2.13868 13.6067 27.1796 437.964 6.51169 77.3438 16.0585 12.9814 6.88235 16.45 11.9186 447.311 22.7804 9.49956 16.6967 
3.36037 436.434 105.26 0 373.67 792.949 0 308.046 1.00154 439.27 78.1177 0.246727 211.984 69.5246 127.581 41.5944 35.1617 228.631 10.1276 0.552867 140.691 54.6072 29.9225 21.3897 18.9271 0.345941 0.476168 37.3714 
65.0719 211.14 236.684 187.844 102.374 197.938 247.853 0 156.614 16.9003 100.86 1030.02 12.9684 102.873 0.909796 28.4398 32.979 2.60829 82.911 0.215095 37.8296 65.6709 44.9971 58.8308 71.8676 0.772626 51.0872 114.914 
457.144 834.6 30.9844 760.833 10.2986 470.477 564.27 608.483 0 97.8444 807.517 179.34 52.3777 32.8204 108.776 143.285 438.571 200.458 138.934 59.5999 59.3696 69.171 85.0574 93.5568 565.39 24.6528 68.7807 49.6938 
84.4265 2.49539 110.248 76.483 188.418 110.735 65.5686 59.461 1.01482 0 216.93 19.0705 222.083 52.1849 92.5612 89.2529 21.3298 0.0786782 27.8492 38.3692 8.17363 15.9674 57.3147 58.8757 12.8596 72.5846 31.9268 2.29391 
10.7759 16.7848 235.38 199.858 220.374 213.276 178.003 236.232 25.8608 258.184 0 515.49 249.393 146.013 167.039 167.203 95.7329 8.94612 0.215765 86.4843 95.5204 72.9845 2.22469 109.838 144.549 1.17886 0.424307 27.2951 
46.7461 215.473 188.149 11.2888 174.548 45.981 158.568 909.162 221.558 243.16 331.892 0 159.441 129.999 2.27908 127.392 50.572 2.86428 62.5374 28.9419 139.099 60.4391 1.93804 187.345 286.733 7.19624 118.868 167.795 
6.10691 143.311 12.3812 14.7433 178.491 159.664 28.2422 132.201 20.4087 68.6057 186.606 69.721 0 52.057 9.00643 7.62432 53.2168 49.7232 85.6378 43.173 2.76683 64.0222 91.0721 10.6621 55.9362 13.6382 14.4083 32.1715 
43.6691 57.0483 12.0787 0.00853377 28.208 4.43873 34.8805 1.69256 46.5183 46.096 10.9709 12.6939 44.9483 0 7.09088 0.174305 21.5037 3.66193 11.3611 0.148342 19.3086 7.82712 9.19709 3.08309 1.04694 12.5671 9.66123 10.4632 
0.825645 12.8828 6.82994 27.0071 61.6636 32.6933 105.126 151.281 193.641 24.5473 253.844 194.089 37.9076 1.56118 0 82.2578 29.5368 2.44037 8.49266 11.713 14.5195 17.5351 22.9412 14.3439 0.574218 30.8754 11.3749 20.8275 
34.8425 51.8806 2.69176 38.6343 2.25307 8.74456 75.2627 165.363 3.75036 17.7668 164.706 75.9301 4.72478 14.4636 49.2967 0 10.4931 0.0186517 24.2636 6.26619 51.6131 11.6418 2.2943 5.07634 25.1069 24.8579 16.9119 20.4291 
538.845 464.786 49.3499 485.896 118.55 437.86 101.698 24.1824 493.002 23.1346 79.8737 49.4189 59.7051 1.20192 0.00909049 23.32 0 79.7376 273.243 3.21061 15.7694 20.8627 9.86965 0.704528 439.11 5.16036 0.512166 21.5373 
27.7161 227.694 13.5319 106.839 213.774 95.9628 234.043 4.17626 114.72 0.122636 156.734 5.18103 103.356 12.3064 61.5947 34.292 8.98366 0 133.729 13.0069 12.0502 41.8313 44.0282 14.305 0.445362 53.4078 6.83202 48.554 
3.74419 130.281 52.1237 60.1072 204.881 81.2241 1.92503 9.45446 31.808 93.7889 8.62593 0.496135 22.4676 26.3016 38.498 24.1793 242.292 145.86 0 8.48473 72.3381 11.307 21.9048 23.9735 15.2383 30.5897 15.6629 18.1057 
5.50886 0.0019133 20.987 47.7111 94.7028 8.87251 86.7162 110.238 65.7057 54.6021 6.50515 73.5682 5.54826 2.11721 0.0243522 3.64245 31.1658 7.77618 26.6363 0 20.7644 6.30825 1.37976 5.08209 4.44286 0.285438 3.55996 10.8703 
206.812 24.2109 16.1552 147.095 0.492615 0.127176 144.124 123.346 60.6961 35.801 107.148 32.333 53.304 34.2053 32.6526 63.0232 0.873679 23.2684 35.4168 314.685 0 8.29887 5.70343 4.70677 12.4877 5.98252 0.172488 5.20318 
11.9434 49.6887 9.70964 2.89411 24.4721 0.635401 53.3339 16.9369 69.6012 42.7047 4.85297 38.6121 88.2522 0.0285847 1.9877e-05 8.72893 5.06814 34.3672 12.9523 0.957433 29.6761 0 4.50574 0.0112576 12.8778 10.6175 6.63489 10.5448 
45.2277 55.5376 10.4766 0.0145354 52.5633 0.00522059 47.6765 5.06972 61.0536 54.7524 110.746 0.544164 90.9444 8.68288 20.829 4.37732 1.01396 29.4997 8.45714 1.62701 4.09109 4.40733 0 0.587339 23.2137 7.32187 2.38995 2.17643 
5.3969 58.5769 1.56542 0.106823 0.351441 17.736 69.5331 109.153 40.9322 26.1767 0.483182 158.28 1.42299 7.04632 1.37624 21.5308 9.23559 28.1207 22.5702 0.356645 0.674457 11.2592 20.8804 0 40.9472 0.00368463 17.3505 1.12458 
449.607 439.492 4.70065 480.708 28.7946 438.412 84.7211 30.211 440.67 10.1558 18.3502 1103.67 28.6482 0.27902 0.0985424 40.4594 463.832 1.59719 6.60334 7.82725 42.0309 82.954 16.6407 12.927 0 31.4784 76.4445 39.2131 
71.6461 82.4622 23.0389 42.8539 60.8622 26.5197 38.9891 170.182 0.763672 45.9509 3.33502 399.368 55.0843 2.90873 28.2003 28.6362 11.0528 54.1929 1.65827 11.753 8.34834 7.46817 8.08029 0.603541 6.47515 0 10.9303 7.09023 
16.5538 48.0746 3.70104 7.71035 0.30061 17.9954 4.57813 95.9221 8.55612 6.28487 18.7451 8.07692 7.45176 5.8142 19.8559 15.9769 22.4416 0.209506 2.39977 11.0103 26.3649 6.44636 7.22809 15.2245 17.1073 0.312719 0 71.2304 
60.1282 54.8513 0.224553 4.88858 21.6285 22.9051 18.1953 104.913 53.7019 4.0379 104.498 71.2905 18.8074 11.9716 9.29209 16.7289 9.8367 50.2406 18.2606 7.01936 13.0627 1.44388 8.86608 7.26836 10.3182 22.3413 8.96011 0 
