0 377.091 10.9406 237.06 17.732 28.0364 41.6964 249.46 289.059 29.2221 171.389 176.323 105.099 51.0863 45.6491 80.1774 29.0075 115.57 58.9478 252.592 5.24726 38.4479 33.0856 57.1372 97.173 25.924 50.4847 38.3412 
442.054 0 291.902 28.2849 501.35 117.456 492.817 11.1518 106.002 3.93933 201.963 216.857 129.126 12.5204 88.2291 37.6878 160.416 747.67 13.308 118.637 6.98944 51.1737 52.8148 1.72048 104.399 64.3976 43.0344 48.9913 
168.022 178.807 0 221.616 140.604 52.9611 89.3627 0.566548 348.566 112.287 4.34615 26.0799 55.6548 15.3106 25.7839 24.8673 5.51907 95.0672 5.77484 3.69296 15.4905 0.64585 11.8226 11.2575 3.63138 2.45705 3.25852 4.66939 
284.593 187.143 163.221 0 163.033 42.1191 154.25 78.5221 81.5377 45.1116 27.3757 170.335 50.6027 22.3582 26.5069 36.7687 30.0172 109.77 0.1948 48.1979 730.49 7.39285 14.4441 0.194118 61.8192 44.6657 27.08 25.0839 
181.619 167.01 75.5714 2.6463 0 421.521 188.576 110.068 352.342 28.0289 38.2387 16.9813 153.059 64.8828 7.95342 67.3122 20.2538 206.707 163.917 83.2048 8.55956 50.1263 54.6228 54.4025 36.8319 9.40028 9.00994 7.92436 
49.098 63.2515 62.7746 83.2923 7.19604 0 989.721 31.1408 90.7724 255.039 57.5979 127.97 515.067 3.14121 10.1846 27.3349 28.6416 2.80277 82.8637 17.4563 9.97237 7.8533 16.4257 11.0216 39.013 24.0523 8.74432 15.7337 
8.78435e-05 502.112 147.187 3.17194 416.146 336.08 0 354.708 290.995 497.843 148.485 1.4562 202.204 75.8636 117.823 49.4948 41.1885 233.51 4.70555 0.00436196 137.521 56.4515 25.9191 25.0505 23.7503 0.0130347 1.00144 33.6863 
96.1299 182.309 261.661 69.5971 120.006 208.876 303.694 0 56.1431 7.90341 63.8715 929.679 18.3319 110.173 0.248312 8.35311 28.816 0.563508 88.3385 0.0901734 51.0323 64.7238 38.5048 70.6607 92.6316 8.70031 56.6448 106.952 
62.9982 436.295 118.433 324.922 0.714507 28.0596 1117.93 658.915 0 153.323 1277.92 128.879 67.6398 44.4031 30.15 148.774 28.1166 208.931 131.693 52.789 71.8222 69.6652 79.831 96.3046 153.742 34.2135 66.2617 44.1058 
72.5667 0.015834 113.383 83.9797 236.345 55.1183 9.42905 77.8709 4.071 0 92.3254 8.21124 165.309 59.0472 77.2859 91.2029 17.6006 1.17353 20.326 41.1204 5.74589 19.0928 55.3757 57.5016 9.67704 74.5582 33.6833 1.31283 
18.1393 31.1456 221.287 191.69 201.353 176.837 261.382 277.76 173.863 401.733 0 488.681 239.952 170.964 80.0469 192.877 95.6596 4.89692 0.0396465 86.0588 103.358 74.7648 0.267392 101.953 146.034 0.0264926 1.19039 33.4192 
63.3849 207.616 186.876 29.6661 169.973 58.8025 186.62 623.221 272.169 235.024 409.036 0 158.345 143.368 16.6614 270.357 47.109 1.06597 58.0604 34.2094 146.667 63.1835 5.22913 184.322 367.061 51.5394 120.388 173.743 
9.02448 146.434 9.14285 11.6365 177.047 148.669 15.3456 126.352 31.5209 120.433 207.96 59.7799 0 30.1363 3.49832 4.19119 55.1452 54.8302 85.3579 43.0874 1.78403 70.6118 89.5099 7.4049 55.9317 11.3365 15.6586 30.569 
45.5888 60.0883 13.0515 0.0371526 32.0241 5.74271 28.0232 0.166481 58.9592 38.8444 26.9432 5.02631 68.9814 0 23.2566 1.24993 21.7173 4.87287 10.2675 0.0924473 21.072 7.10396 9.67398 4.29947 0.565842 12.8533 9.31934 10.0343 
0.193532 8.77179 4.64998 29.5954 55.5199 35.6258 92.0423 165.133 208.726 37.9443 158.661 229.905 26.6806 1.47422 0 58.8831 29.1942 3.81784 10.0329 11.7718 12.3137 17.5383 20.6701 17.6889 1.43763 30.8714 12.2894 21.6495 
40.1742 56.9687 1.61022 40.7424 3.8866 6.97913 82.0751 202.234 0.653274 24.5299 190.819 206.388 8.32218 16.8887 20.6838 0 9.6018 0.245077 23.2149 6.70919 54.0205 11.4037 3.44471 1.67095 21.9395 28.2216 16.24 19.2929 
125.94 64.7452 51.4214 73.568 107.571 28.2561 98.0611 20.4321 88.998 19.2939 82.8317 52.8562 58.2202 1.55105 0.011079 22.726 0 120.823 9.42736 2.36989 18.0541 20.6926 10.4171 0.945014 28.9374 5.90519 0.692112 21.0744 
14.4412 149.154 25.0216 117.845 199.373 103.821 233.996 8.39028 131.659 0.206003 150.46 2.62606 101.476 10.4734 59.4085 31.4796 0.21008 0 125.586 17.2651 8.50642 42.075 44.4539 12.71 0.126394 51.4696 5.89875 49.3033 
1.51191 142.899 55.0436 58.3562 158.575 75.295 5.82024 13.0754 23.5009 85.3059 12.7653 1.34124 26.6054 26.7159 38.2735 25.173 213.868 140.936 0 7.03744 71.7625 12.1348 21.5237 23.9447 16.3347 30.4216 16.2889 17.3111 
14.5722 1.65153 18.8983 48.2013 93.3765 10.3492 90.0108 113.691 72.2245 53.391 4.33718 78.1877 4.4201 2.29654 0.0910942 4.10394 31.9643 11.2765 25.0237 0 0.125254 6.26339 1.51235 5.27306 3.90014 0.13997 3.88344 10.6626 
223.786 34.1592 24.9848 197.197 0.00400327 0.701789 143.438 138.914 73.2066 31.2885 99.4757 24.4289 55.9906 32.6556 30.0413 62.8541 1.56788 18.4514 38.4074 254.532 0 7.5586 6.72654 3.61031 10.3441 7.93259 0.0401071 6.45405 
13.1543 48.8687 10.0808 3.33762 22.1661 0.332028 55.3014 14.6618 69.8966 39.4621 6.76854 42.0822 85.3533 0.163182 0.0615157 8.14653 4.58294 35.3538 13.7816 1.08624 29.1471 0 6.00899 0.149032 14.1916 10.706 6.20063 10.5256 
44.3999 54.6062 10.9428 0.117193 51.213 0.0843306 51.4985 2.59215 54.4924 56.8061 101.628 0.0284927 91.133 9.58196 23.0598 5.72226 1.27346 30.9964 9.23352 1.76371 4.9865 5.90342 0 3.68668 23.121 6.74023 1.89592 1.81764 
7.1587 59.7731 2.12049 3.73211e-05 0.073782 17.9207 67.958 118.254 47.0742 29.7849 0.0439228 172.101 0.376683 8.17132 3.18896 25.8061 8.6218 29.864 22.9251 0.478062 1.21087 10.3676 19.2929 0 42.8598 0.141126 18.0041 1.57295 
36.8996 28.683 6.12031 71.228 25.7577 28.2266 81.3605 16.6233 34.1588 7.29903 26.9918 822.615 25.9728 0.0634206 0.577573 57.3709 54.4095 0.911099 5.72713 8.40952 39.457 64.0903 19.4241 31.001 0 78.31 173.433 91.6256 
68.4346 83.2938 24.4142 44.0584 58.2801 25.6849 45.9168 196.382 0.0137784 40.7228 0.339131 383.184 54.7058 2.16353 29.62 31.0675 11.9686 52.3273 2.22482 11.548 6.35081 7.8401 8.57643 0.216362 7.83441 0 14.2672 15.4055 
18.3712 49.303 3.09928 6.63159 0.102457 17.4989 3.37646 97.9679 10.8439 5.05976 15.4771 12.5535 8.48578 5.3492 19.7446 15.1972 22.4315 0.431356 2.80641 10.9813 27.7617 6.01229 7.89985 16.1504 13.5977 1.27602 0 53.7925 
60.6808 52.7097 0.508712 3.62359 23.8004 22.9424 15.111 113.111 48.1057 2.70906 107.164 54.4986 20.5377 11.941 10.7043 15.1695 9.16085 50.6878 19.033 6.60416 11.3826 1.22554 8.55116 8.04024 11.9819 12.5466 1.20179 0 
