0 309.998 6.37188 246.211 12.8023 10.4463 49.6458 239.392 268.85 32.5261 174.514 181.946 104.289 51.4707 46.9824 79.8742 10.8243 123.824 61.6436 238.896 8.28746 38.6395 33.7048 56.9007 80.1184 27.566 50.3133 37.3885 
377.699 0 239.425 10.6972 517.014 112.161 509.181 15.6154 72.588 6.63681 209.47 214.595 126.692 11.4806 89.4846 35.8451 139.717 742.711 16.3644 114.664 8.9355 51.3059 52.3336 2.07124 86.0823 65.8314 43.5952 49.8416 
158.296 231.202 0 177.071 147.726 55.3404 75.5066 0.0222533 385.127 111.112 7.8963 21.4704 54.2612 15.0837 24.8905 24.856 6.28251 88.8219 6.69127 3.15521 18.3539 0.577966 11.7092 10.983 3.21861 2.87026 3.05391 4.99787 
290.236 190.376 179.814 0 162.005 26.3377 146.431 430.594 79.1229 42.1268 22.4414 181.783 49.2868 22.168 27.4436 35.7518 12.648 105.737 0.0734361 48.1068 586.262 7.19467 14.7407 0.107956 43.0812 44.6749 27.1909 25.6444 
171.457 204.512 83.8685 4.30078 0 445.77 162.663 116.244 348.662 19.0703 32.447 19.4032 149.425 64.1405 9.22099 66.4076 17.4027 211.579 147.292 81.6229 9.86821 49.5824 54.9154 54.7057 35.7511 8.57446 8.57981 8.46911 
28.1943 36.8756 61.2189 67.2951 82.9802 0 1029.89 25.2441 104.575 573.047 46.4847 131.667 73.5664 3.52996 9.06488 27.3234 11.1149 1.8608 84.4749 17.9272 8.99886 8.19918 16.3947 10.7021 21.7572 24.4607 8.48161 15.3876 
0.429922 515.721 161.506 5.75492 425.618 198.179 0 368.237 483.333 506.653 176.248 3.24323 197.896 77.9414 113.951 52.2828 43.3455 234.269 3.27896 0.0293472 136.181 57.0489 24.5467 26.3645 25.5236 0.129627 1.23012 32.4023 
107.813 171.79 267.718 72.6152 126.15 211.436 321.503 0 31.851 5.52514 52.4962 848.727 20.3974 112.455 1.01219 4.0615 27.3979 0.200019 90.1625 0.322116 55.971 64.3454 36.2768 74.8104 99.9965 13.4198 58.5749 103.939 
51.6141 418.511 158.292 294.16 0.000169576 13.4004 1240.31 662.987 0 173.917 1423.23 112.194 73.2249 48.8547 3.10027 150.124 10.2364 211.339 128.9 50.4014 76.2933 69.7822 77.8835 97.1017 134.999 37.8155 65.3307 42.1633 
68.4332 0.523454 113.981 86.424 251.837 58.2823 1.58466 84.6021 9.41779 0 58.8193 5.44155 145.095 61.3399 71.7547 91.5582 16.3574 1.85868 17.9167 42.05 4.99088 20.2233 54.6026 56.9274 8.65319 75.0868 34.2839 1.03226 
21.1209 37.0759 214.559 187.862 194.088 163.087 290.579 291.186 217.566 448.228 0 473.142 235.534 178.687 55.1464 200.545 95.5492 3.75771 0.186041 85.8005 106.022 75.3159 0.0305438 98.9595 146.091 0.36003 1.54853 35.6472 
69.5838 204.286 185.451 37.8919 168.06 63.4538 196.069 505.101 288.943 231.14 432.557 0 157.66 147.449 24.6144 321.186 45.891 0.641078 56.4765 36.1019 149.089 64.0969 6.74241 182.11 376.514 75.2276 120.669 175.034 
10.1678 147.22 8.10872 10.6193 175.996 153.318 11.6862 124.128 35.8765 140.216 214.696 56.3685 0 23.5234 2.15795 3.21825 55.7857 56.6161 85.1447 43.0234 1.48966 72.7591 88.5917 6.38836 55.8697 10.5679 16.1006 29.9962 
46.2224 61.0827 13.3727 0.0855196 33.3711 6.2251 25.7258 0.00894867 63.4409 36.3178 33.9615 3.1437 77.7472 0 29.9923 1.84196 21.7813 5.33342 9.8899 0.0759342 21.6918 6.84214 9.60611 4.74178 0.430972 12.9224 9.19371 9.87394 
0.0758849 7.50057 3.96994 30.4545 53.3307 36.5423 87.2411 169.231 212.613 43.0606 126.643 240.426 23.0778 4.24631 0 48.6273 29.0564 4.36824 10.5917 11.7824 11.5728 17.5114 19.7341 18.82 1.82729 30.741 12.6051 21.9027 
42.0454 58.6994 1.29255 41.327 4.55705 6.39165 84.2995 213.638 0.169137 27.0635 198.679 258.096 9.79388 17.5711 12.5835 0 9.29365 0.38481 22.8349 6.8603 54.807 11.3056 3.88227 0.891009 20.8083 29.2193 15.9854 18.8521 
106.906 50.6148 52.0577 54.8387 103.525 10.6323 96.6501 19.1748 73.227 18.0071 83.8064 54.0472 57.6601 1.68297 0.0307825 22.5068 0 135.891 379.326 2.10352 18.8774 20.626 10.6082 1.03713 11.0272 6.1745 0.761268 20.9055 
10.745 108.776 29.7232 121.373 193.628 106.327 233.018 10.1918 137.483 0.540247 148.034 1.9316 100.711 9.85816 58.5875 30.4928 0.189937 0 122.43 18.8632 7.40098 42.1419 44.5772 12.166 0.0606194 50.7533 5.58585 49.5384 
0.96287 146.898 55.9547 57.6453 141.941 72.9441 7.66035 14.4639 20.8366 82.1942 14.3839 1.73285 28.0998 26.8407 38.1556 25.5054 201.679 138.82 0 6.55511 71.5043 12.4252 21.379 23.9218 16.7176 30.342 16.5053 17.0293 
21.0218 2.94801 18.1301 48.1358 92.6993 10.8738 90.9716 114.644 74.4386 52.8983 3.67655 79.7125 4.0521 2.35949 0.124414 4.26735 32.2154 12.6322 24.4435 0 4.34819 6.24549 1.55937 5.337 3.7152 0.101044 3.99819 10.5836 
228.621 37.9506 28.4197 216.049 0.0257122 1.01123 142.949 144.184 77.6914 29.7468 96.7131 21.8791 56.9089 32.0979 29.1243 62.7149 1.85733 16.8741 39.452 226.28 0 7.30523 7.10059 3.25811 9.63173 8.67074 0.0156125 6.91907 
13.5853 48.5512 10.2063 3.49847 21.3684 0.248542 55.9443 13.8934 69.9435 38.2982 7.50695 43.2909 84.0677 0.235948 0.110973 7.93644 4.41729 35.6868 14.0709 1.13284 28.9535 0 6.55503 0.233856 14.6571 10.7297 6.04878 10.5141 
44.076 54.2304 11.0943 0.176212 50.6973 0.134383 52.792 1.9147 52.1771 57.4283 98.1868 0.236279 90.8172 9.67103 23.6762 6.20226 1.37078 31.5107 9.50805 1.8119 5.3178 6.44802 0 5.2719 22.9862 6.53104 1.73431 1.69801 
7.82574 60.1321 2.33153 0.0112853 0.0253043 17.9629 67.3156 121.114 49.2395 31.052 0.276882 175.985 0.168263 8.52623 3.97817 26.9587 8.40841 30.4675 23.0376 0.524409 1.43447 10.0371 18.1184 0 43.0652 0.235679 18.2031 1.74544 
18.1723 10.6405 6.64939 53.4375 24.7095 10.3413 80.0518 12.7317 17.8041 6.39769 30.3215 435.921 25.0395 0.0239532 0.837407 54.1782 36.7376 0.715491 5.43181 8.61099 38.5372 42.6896 20.3581 38.0636 0 107.93 187.612 131.217 
67.2027 83.4482 24.8441 44.3322 57.3208 25.3482 48.3667 204.255 0.215711 38.8767 0.0210472 367.862 54.5094 1.92347 30.001 31.6893 12.2911 51.6349 2.44119 11.4649 5.70893 7.96706 8.73902 0.12623 8.44144 0 15.4804 18.8405 
19.0174 49.7061 2.89886 6.26699 0.0576633 17.3152 2.9965 98.5465 11.6986 4.65861 14.3909 14.3256 8.85929 5.1868 19.6852 14.9077 22.4214 0.527537 2.95523 10.9662 28.2454 5.8607 8.13256 16.4516 12.459 1.76144 0 47.2588 
60.8142 51.9219 0.634596 3.22001 24.5679 22.9324 14.0813 115.739 46.1483 2.30342 107.909 48.9036 21.1467 11.9156 11.2031 14.602 8.92648 50.8155 19.2984 6.45767 10.8138 1.15279 8.43429 8.30868 12.5385 9.61207 0.17454 0 
