0 328.754 4.53495 302.7 10.6237 54.2557 53.8208 234.146 311.015 34.2276 176.003 184.668 103.858 51.6529 47.6428 79.6905 54.2638 127.944 62.9895 232.339 10.0573 38.7318 34.0111 56.7702 124.069 28.3958 50.2213 36.9097 
397.085 0 212.968 55.466 522.803 162.092 515.401 18.1119 108.915 8.24002 213.1 213.344 125.431 10.9745 90.0781 34.9284 181.801 106.396 17.9988 112.589 9.99306 51.3655 52.0842 2.25836 129.401 66.533 43.8716 50.2605 
153.186 257.671 0 153.049 151.132 56.4625 68.8246 0.36006 401.567 110.43 10.0518 19.3126 53.5515 14.9647 24.4328 24.8365 6.68031 85.6815 7.17159 2.90018 19.8608 0.545355 11.6498 10.844 3.02045 3.08741 2.95363 5.16505 
344.526 244.353 177.471 0 161.341 70.9783 142.389 266.757 130.946 40.648 20.1349 187.341 48.6215 22.0661 27.9046 35.2205 56.475 103.671 0.0345036 48.0153 421.649 7.09582 14.8868 0.074258 86.1973 44.6497 27.2414 25.9193 
166.285 223.822 88.0525 5.27375 0 451.783 149.986 119.328 346.32 15.1991 29.7049 20.6673 147.536 63.7531 9.88607 65.9389 16.0483 213.866 138.98 80.8012 10.555 49.3037 55.0521 54.8484 35.2099 8.17376 8.36793 8.74705 
70.3169 76.5779 60.3532 111.748 593.42 0 949.679 22.4972 165.774 387.308 41.2844 133.447 542.704 3.73121 8.5228 27.3049 54.8668 1.46092 85.2141 18.1587 8.52831 8.37307 16.3749 10.5415 65.6273 24.6573 8.35065 15.2129 
0.957319 520.508 168.487 7.32385 429.214 145.402 0 374.376 587.522 508.608 190.53 4.39817 195.581 78.9497 111.935 53.677 44.4311 234.462 2.66003 0.0840779 135.468 57.338 23.8673 27.0269 26.4249 0.233211 1.35308 31.762 
113.773 166.478 270.179 79.1656 129.206 212.459 329.965 0 22.1534 4.49157 47.1596 801.315 21.4646 113.539 1.58628 2.48183 26.6971 0.0872621 91.0582 0.491489 58.4948 64.1473 35.1738 76.8786 103.674 16.1367 59.5354 102.392 
98.5834 461.328 179.325 330.624 0.162835 61.4204 1279.08 662.283 0 184.314 512.352 104.119 76.0557 51.1482 0.343153 150.684 53.8201 212.43 127.457 49.2097 78.5448 69.8298 76.889 97.4674 178.066 39.6596 64.8561 41.1964 
66.3762 1.04433 114.182 87.6066 259.236 64.3198 0.121869 88.0095 12.8973 0 44.602 4.26531 135.087 62.4603 68.9742 91.6713 15.7487 2.25927 16.7593 42.5075 4.63232 20.7949 54.1985 56.6226 8.15972 75.3189 34.5813 0.904405 
22.6859 40.2035 210.876 185.772 190.353 156.098 304.946 297.631 236.625 470.004 0 464.275 233.12 182.313 44.1726 204.082 95.4777 3.24338 0.299629 85.6502 107.337 75.5772 1.1953e-05 97.4215 146.03 0.669822 1.7449 36.7751 
72.7449 202.513 184.551 42.3163 167.045 65.8029 200.696 445.861 297.07 229.007 443.46 0 157.261 149.361 29.112 345.535 45.2813 0.468768 55.6821 37.0559 150.253 64.5439 7.56702 180.787 372.051 88.3518 120.761 175.522 
10.7622 147.553 7.61191 10.1253 175.367 157.146 10.0333 122.984 38.1381 150.269 217.9 54.6797 0 20.4698 1.60658 2.77807 56.0989 57.5078 85.0159 42.9848 1.35223 73.7976 88.0624 5.90539 55.8269 10.1913 16.3223 29.7076 
46.5313 61.5654 13.5291 0.11712 34.0457 6.47068 24.6005 0.0038642 65.6975 35.062 37.7164 2.3644 82.1396 0 33.3987 2.17614 21.8111 5.57061 9.70224 0.0682758 22.002 6.70992 9.52646 4.9644 0.370247 12.9508 9.12981 9.79186 
0.0373333 6.8991 3.64746 30.8738 52.2311 36.977 84.8096 171.121 214.268 45.6827 111.371 245.222 21.351 6.12645 0 43.3864 28.984 4.65637 10.8746 11.7857 11.209 17.4925 19.2429 19.3734 2.03854 30.6509 12.7618 22.0224 
42.9801 59.5533 1.14611 41.5881 4.91095 6.10469 85.3772 218.971 0.0451676 28.3575 202.319 283.932 10.5687 17.8748 9.16862 0 9.14048 0.466348 22.6425 6.93497 55.1889 11.2537 4.10645 0.589737 20.2417 29.6784 15.8544 18.6241 
149.857 96.0878 52.3579 97.9612 101.47 54.3359 95.9193 18.5575 117.835 17.3759 84.2815 54.6398 57.3724 1.75077 0.044324 22.395 0 143.467 182.053 1.9759 19.2933 20.5914 10.7037 1.08469 54.571 6.31075 0.797046 20.8198 
9.09198 89.2718 32.1911 123.066 190.631 107.528 232.343 11.1543 140.365 0.766403 146.778 1.6238 100.308 9.55598 58.1667 29.9997 0.778854 0 120.797 19.6816 6.8753 42.1718 44.6338 11.8969 0.0366852 50.3881 5.43214 49.6506 
0.734255 148.807 56.3875 57.2714 133.65 71.7204 8.67018 15.1805 19.5558 80.6152 15.225 1.94715 28.8548 26.8992 38.089 25.6685 195.459 137.689 0 6.31896 71.3642 12.5706 21.3045 23.9079 16.9088 30.2983 16.613 16.8877 
24.8364 3.73295 17.7402 48.0569 92.3201 11.1371 91.4132 115.07 75.5296 52.6389 3.36581 80.4556 3.87346 2.39098 0.142998 4.34928 32.3353 13.3341 24.1506 0 8.67173 6.23611 1.58298 5.36838 3.6238 0.0839314 4.05583 10.5429 
230.807 39.9009 30.196 223.487 0.0740782 1.18683 142.657 146.776 79.949 28.9847 95.3185 20.6491 57.3634 31.8163 28.6658 62.6299 2.01093 16.1078 39.9733 211.273 0 7.17973 7.29053 3.08827 9.28312 9.05011 0.00761745 7.15673 
13.8022 48.3865 10.2681 3.57998 20.9717 0.211272 56.2565 13.5149 69.956 37.7115 7.88901 43.8935 83.3746 0.277238 0.141096 7.83038 4.33531 35.8508 14.2154 1.15644 28.8551 0 6.83033 0.283291 14.8904 10.7402 5.97291 10.5074 
43.9076 54.033 11.1677 0.210184 50.4313 0.163724 53.429 1.61369 51.0183 57.72 96.4246 0.415538 90.5855 9.66948 23.9493 6.44253 1.4207 31.7657 9.64577 1.83606 5.4869 6.72281 0 6.13476 22.8992 6.42552 1.6558 1.63941 
8.16864 60.2998 2.44012 0.0263646 0.010565 17.9796 66.9773 122.476 50.323 31.6852 0.468378 177.728 0.0950759 8.69466 4.39999 27.4563 8.30207 30.7676 23.0916 0.548313 1.55315 9.86878 17.4294 0 43.0757 0.29186 18.2966 1.83458 
61.3218 54.1358 6.91961 97.0171 24.1888 53.9031 79.3732 10.9674 62.177 5.96729 32.04 1147.08 24.5741 0.0112748 0.98483 50.7669 80.3957 0.626439 5.28645 8.71114 38.0743 32.6281 20.8147 41.5205 0 117.433 161.222 132.832 
66.567 83.4986 25.0484 44.4397 56.8308 25.1716 49.5934 207.898 0.406849 37.9528 0.00542547 358.502 54.3988 1.80783 30.168 31.9525 12.4527 51.2814 2.5528 11.4212 5.39949 8.02986 8.81802 0.0901458 8.76922 0 16.0929 20.634 
19.3423 49.9021 2.8007 6.08742 0.0400566 17.2214 2.81457 98.8086 12.136 4.46358 13.8597 15.2495 9.04812 5.10572 19.6516 14.7599 22.415 0.57921 3.03092 10.9576 28.486 5.78504 8.2483 16.5974 11.9131 2.03192 0 43.9777 
60.8692 51.5209 0.702585 3.02623 24.9528 22.9229 13.5768 117.002 45.1717 2.11239 108.244 46.176 21.4515 11.9 11.453 14.3149 8.80978 50.8736 19.43 6.38422 10.5336 1.11714 8.37463 8.44234 12.8097 8.26545 0.00600771 0 
