0 500.806 0.896799 726.144 0.589563 404.907 89.7033 190 641.746 48.2974 185.707 203.385 99.9836 52.8286 52.5699 77.5679 400.461 158.96 73.235 216.218 28.9587 39.3628 36.2961 55.4898 472.993 34.9506 49.3708 33.168 
557.51 0 42.276 433.848 519.178 557.205 516.709 42.8642 413.579 25.9831 237.876 201.15 114.806 7.3984 93.847 28.009 515.496 841.487 32.766 94.9375 19.9542 51.6784 49.9709 3.95908 473.47 71.5673 45.9116 53.3419 
110.149 429.561 0 8.5831 173.142 63.3418 25.4541 16.3104 472.513 103.16 34.5296 6.28346 47.8326 13.9276 20.7106 24.3782 10.0869 61.5985 11.3373 1.26867 32.9712 0.324647 11.1336 9.73775 1.68544 4.983 2.22779 6.51488 
743.1 662.477 22.7204 0 152.975 426.271 109.191 500.342 549.306 29.6733 6.3193 225.056 43.3552 21.1325 31.26 30.6799 405.211 86.8731 0.22262 46.297 162.131 6.34065 15.956 0.0258056 428.901 43.7913 27.5203 27.9052 
125.34 372.458 120.117 15.8771 0 376.736 63.8982 142.74 317.671 0.0479973 12.3133 31.5294 131.51 60.4226 15.6734 61.9768 7.31058 227.865 77.9387 73.8323 16.5356 47.0144 55.8882 55.7457 31.0332 5.37284 6.80606 11.0106 
407.507 403.164 51.9377 463.849 125.938 0 301.535 6.3333 670.393 665.683 10.7026 145.413 138.401 5.4222 4.80099 26.877 403.106 1.47829e-05 89.3315 19.8407 5.28451 9.72938 16.1253 9.28939 414.387 25.9931 7.35232 13.8367 
11.8737 510.431 215.515 25.224 430.362 217.349 0 405.98 1250.24 469.093 303.179 18.9566 174.462 85.9588 94.9184 64.3128 52.9167 231.756 0.0553221 1.44602 129.03 59.3431 18.8102 32.2266 33.6566 2.03582 2.49164 26.8899 
161.207 125.165 275.804 58.196 152.152 214.437 382.873 0 6.97359 0.10388 14.9113 362.21 30.4188 120.529 10.1943 3.35913 21.4991 0.766633 97.5722 2.97876 78.947 62.4223 26.9816 92.4715 131.318 44.2857 66.8011 89.7181 
474.412 784.755 344.081 610.921 12.913 499.332 1029.11 597.615 0 263.138 1080.19 49.6773 98.4461 70.0209 104.234 152.382 400.963 218.231 115.381 40.1292 96.114 69.9503 68.8116 99.5334 519.357 54.6646 61.0048 33.8769 
50.8991 10.9132 113.498 95.7382 306.226 202.735 43.251 114.836 56.3324 0 1.50868 0.000154477 64.4381 70.4046 47.7631 91.0916 11.3681 6.6199 8.99095 45.8575 2.30111 25.3148 50.7115 53.894 4.79524 76.3721 36.8013 0.200234 
36.3031 67.5263 176.379 166.03 159.735 101.866 404.461 340.021 483.992 588.137 0 375.274 210.283 204.119 0.124782 223.796 94.5603 0.539105 2.07296 84.0244 117.022 77.2642 1.72787 84.796 143.545 6.20268 3.64041 45.729 
98.1566 186.601 173.596 82.1771 157.96 84.1741 233.522 74.7447 352.053 208.564 504.31 0 152.907 160.938 73.6609 480.035 40.579 0.0447366 49.5225 44.5433 158.121 67.7619 15.3642 165.998 257.254 207.128 120.362 175.699 
15.836 148.74 4.26549 6.66022 168.239 193.127 1.45197 113.497 57.2146 226.953 238.522 42.1303 0 3.65547 0.0877846 0.457521 58.351 64.3253 83.5296 42.5398 0.513387 80.9194 82.4801 2.78122 55.2361 7.4732 18.045 27.4414 
48.7292 64.9461 14.6332 0.525269 39.2445 8.44598 16.5399 1.6098 83.1716 25.6729 71.1405 0.0839216 114.58 0 55.774 5.46972 21.9939 7.54934 8.28496 0.022781 24.3937 5.66966 7.98002 6.66564 0.0555648 13.03 8.61357 9.11999 
0.194874 3.06528 1.58586 33.844 43.708 39.7553 65.7252 181.846 220.214 66.7927 21.556 270.19 9.97593 28.4309 0 8.76537 28.3502 7.15856 13.1274 11.7673 8.5576 17.2261 15.0627 23.2554 4.01396 29.4139 13.9424 22.7831 
50.1024 65.8317 0.305826 42.8719 8.0429 4.06255 92.822 250.038 1.7377 38.8004 222.945 450.048 17.3408 19.2744 1.41034 0 7.98004 1.35457 21.1109 7.48911 57.8623 10.7931 5.91646 0.363881 15.9464 32.224 14.7696 16.7111 
490.885 457.951 54.255 440.742 85.0839 402.212 89.7445 14.0702 472.16 12.8032 87.6572 59.1329 54.9896 2.31418 0.231158 21.487 0 200.367 368.827 1.11987 22.5879 20.2937 11.435 1.48515 400.845 7.39526 1.09935 20.1307 
0.930089 32.1788 53.4106 134.345 165.142 115.517 223.095 19.8991 161.678 3.81557 136.205 0.144372 96.7606 7.35367 54.7024 26.2112 18.3595 0 107.132 26.3746 3.44589 42.3211 44.9559 9.89309 0.0530524 47.4239 4.30985 50.3942 
0.0110434 161.3 59.1853 53.9973 73.2947 61.3792 18.3587 21.1829 10.9003 68.0615 22.3781 4.00676 34.824 27.2593 37.4074 26.8522 151.285 127.436 0 4.61795 70.0429 13.6909 20.6826 23.7449 18.374 29.8724 17.4291 15.7831 
65.3752 12.7057 14.6433 46.4337 88.5144 13.175 93.9243 117.186 83.5331 50.3572 1.41866 85.7207 2.62036 2.63356 0.328857 4.9846 33.1297 19.2411 21.8418 0 84.7988 6.1544 1.76716 5.59655 2.94496 0.00517755 4.50583 10.2031 
242.147 56.0051 44.9819 212.705 1.28383 2.99948 139.342 165.566 97.5337 23.3161 84.339 12.236 60.7562 29.5883 25.1407 61.6309 3.39266 10.7247 43.9624 92.4259 0 6.23852 8.81931 1.92319 6.77832 12.1943 0.0413402 9.09917 
15.5004 46.9897 10.7233 4.23058 17.9701 0.0251768 58.4489 10.7328 69.8054 33.1084 11.1106 48.4831 76.9743 0.702078 0.492573 6.99321 3.72264 37.0581 15.3216 1.34463 28.0613 0 8.96203 0.817053 16.6878 10.7892 5.39065 10.4348 
42.4674 52.3042 11.6778 0.570598 48.2054 0.485332 58.0966 0.152891 42.1259 59.5185 82.0786 3.4628 87.184 8.65918 25.2089 8.25926 1.83273 33.6832 10.7161 2.02316 6.86362 8.85538 0 13.4344 21.8028 5.59719 1.10466 1.21648 
11.0118 61.3235 3.34227 0.35328 0.109868 18.009 63.9969 131.295 58.6407 36.5277 3.60172 186.378 0.228436 9.75676 8.16895 29.3133 7.49038 33.0431 23.4556 0.748554 2.61956 8.51445 10.6218 0 41.1174 0.919146 18.8786 2.58336 
404.896 400.438 9.1155 443.034 20.2649 400.446 73.6295 1.68973 415.935 3.11948 46.321 434.512 21.0252 0.072103 2.49963 8.26562 427.443 0.137497 4.21952 9.46858 34.4455 40.5126 24.0377 61.2585 0 47.2302 169.431 27.3976 
61.2558 83.2865 26.3709 44.6033 52.8418 23.6328 59.0027 228.512 3.87425 30.8704 3.08168 256.783 53.2743 1.0226 30.9105 32.8591 13.7033 48.3998 3.48846 11.037 3.28262 8.49788 9.37171 0.0157158 11.797 0 20.8731 35.3396 
21.8801 51.2909 2.09244 4.76873 0.0117715 16.4581 1.59616 100.21 15.7227 3.08776 10.0449 23.1633 10.5499 4.48542 19.3051 13.5588 22.3377 1.05742 3.64168 10.8703 30.313 5.20501 9.123 17.6081 8.39572 4.70331 0 20.2899 
61.0288 48.2814 1.3376 1.71902 27.939 22.7497 9.93731 125.495 37.7258 0.910403 109.971 27.0872 23.8056 11.7167 13.3752 12.0479 7.92175 51.1951 20.4202 5.81519 8.46668 0.859122 7.88864 9.45578 14.7037 1.13055 6.34398 0 
