0 186.537 21.9939 524.914 5.485 201.301 139.484 130.968 397.403 67.4261 193.005 219.98 93.9065 53.7029 58.1501 73.2848 187.762 193.149 85.2585 209.418 63.3032 39.9415 38.9068 53.2573 260.635 43.2521 47.9801 28.4757 
197.221 0 25.061 302.71 405.43 393.441 410.891 84.7266 187.911 59.288 259.018 180.427 99.8104 3.85555 96.41 20.0157 282.928 309.67 55.3801 70.5836 36.2569 51.702 46.9182 6.66968 255.242 76.7473 48.1935 56.747 
56.5004 449.676 0 108.291 187.427 66.7013 0.448561 64.7108 400.9 89.8213 80.1524 0.00964299 40.3164 12.3897 15.8423 23.0811 15.0282 34.3908 17.465 0.153199 51.9021 0.128636 10.3618 8.30967 0.547081 7.79298 1.4542 8.30834 
503.354 496.787 230.268 0 135.424 223.688 67.2554 666.077 427.256 17.6918 0 254.149 36.6224 19.6398 34.7906 24.2838 194.494 65.0148 1.64518 41.8582 269.791 5.42858 17.1206 0.484606 209.584 41.1618 27.59 29.9877 
76.1712 505.38 155.302 35.6796 0 285.394 4.5751 169.702 260.321 18.85 1.05621 47.3707 108.931 55.5295 24.2541 56.3104 1.09248 235.432 21.3093 63.9196 25.487 43.86 56.3764 56.347 25.9171 2.66419 5.06093 14.0844 
187.067 191.607 38.4654 253.353 802.278 0 703.642 0.106015 623.526 436.789 0.652972 155.291 564.444 7.79181 1.54512 25.6686 191.978 2.21802 90.2958 21.6229 2.28153 11.4227 15.5848 7.73105 202.944 27.1657 6.15409 12.0807 
40.835 393.56 247.433 59.1387 369.146 871.53 0 402.49 930.284 312.719 422.729 49.5195 142.016 92.4613 71.5876 76.7218 63.4914 218.416 2.246 5.37816 118.945 61.2456 13.1162 38.7766 43.0873 6.6517 4.35627 21.1063 
218.622 76.665 250.085 119.792 177.945 202.435 410.296 0 129.771 3.6517 0 6.95678 43.0439 125.5 30.1979 35.1751 15.6433 5.37429 104.538 8.84899 105.744 59.8224 17.8622 110.026 161.271 92.2563 75.2839 72.759 
302.016 504.811 468.072 303.121 54.7124 479.825 125.332 404.104 0 343.084 2.67206 8.10588 126.397 94.8142 38.7849 148.004 189.006 218.779 98.573 29.4379 117.718 69.4936 58.0703 100.187 295.806 74.3535 55.8186 25.3228 
33.3547 36.3401 107.297 102.985 332.25 467.552 202.248 147.725 141.494 0 115.942 6.68908 8.84811 78.0911 24.3889 86.8773 6.80128 14.9818 2.54625 49.4954 0.518523 31.0803 45.5895 49.662 1.8019 75.8389 39.3465 0.0323201 
56.3916 107.232 123.978 134.551 119.449 43.1332 478.353 370.206 864.566 571.551 0 235.412 173.605 213.325 55.2376 227.243 92.5394 0.354388 6.42112 80.8993 127.687 78.5218 8.55055 67.9066 135.705 20.2757 6.89146 57.178 
130.719 162.203 151.26 139.653 143.924 106.508 264.655 78.529 394.563 175.117 512.019 0 144.544 166.617 143.578 446.047 34.8034 1.74607 41.9065 53.9432 164.912 71.1373 28.1356 138.174 282.349 345.416 117.182 167.22 
23.214 146.805 1.40372 3.29441 154.236 157.721 1.57804 100.369 83.8467 301.948 252.503 28.1312 0 2.0726 4.94869 0.316074 60.7129 72.5085 80.513 41.6329 0.0256889 87.1936 72.3123 0.492952 53.8739 4.61235 20.1985 24.557 
50.9621 68.2155 15.7115 1.42246 45.5579 11.0159 8.41667 7.52931 103.887 15.308 118.509 6.47574 144.916 0 59.4725 10.571 22.1019 10.3423 6.62006 0.000182169 27.3284 4.37224 4.56278 8.53599 0.0525289 12.7842 7.92328 8.20495 
1.50072 0.415602 0.184655 36.76 33.3348 41.6222 42.7518 184.871 210.499 92.7501 10.6608 267.906 1.58132 56.5668 0 5.14463 27.3847 10.9023 16.0547 11.637 5.69349 16.6075 9.51516 26.698 7.20714 26.6498 15.3163 23.3075 
58.4778 72.6717 0.00940634 42.6055 12.8357 2.03142 99.5955 258.801 10.1546 52.2403 227.67 477.571 27.329 18.5012 35.9483 0 6.60478 3.07739 19.114 8.11229 60.4556 10.0837 8.18343 5.02192 11.19 32.655 13.2661 14.0475 
268.505 263.847 55.5225 221.515 64.3132 190.669 80.9336 9.24797 267.205 7.95839 91.087 64.4593 51.6624 3.10759 0.663267 20.2568 0 257.198 124.126 0.386711 26.8483 19.8517 12.3265 2.06148 186.453 8.81296 1.53772 19.2116 
2.56077 68.2948 82.9532 143.293 129.522 121.916 202.44 33.6853 184.845 10.6798 121.234 0.535762 91.3444 4.96856 49.9354 21.6154 67.991 0 88.2497 35.3865 0.798988 42.3063 45.0717 7.60455 0.566535 43.4311 3.08149 51.0097 
1.68124 170.555 61.2253 49.0796 18.6453 47.1217 34.4768 29.6593 3.50179 52.1674 32.6875 7.52516 42.4475 27.4791 36.1618 28.1227 113.988 111.499 0 2.83489 67.8294 15.0693 19.8015 23.4077 20.1532 29.1319 18.4026 14.3902 
131.24 30.1204 10.7605 42.0977 81.7908 15.6575 94.7541 116.872 92.1873 46.8911 0.148119 90.9663 1.38891 2.93095 0.661124 5.76826 33.7826 27.5789 18.8972 0 230.856 6.0304 1.99886 5.84284 2.17719 0.039405 5.07356 9.72116 
241.805 77.8357 64.8969 180.238 4.8039 6.32764 132.74 185.054 119.087 16.9087 70.4394 4.6911 64.6492 26.7155 20.8537 59.573 5.57277 5.45868 48.7765 3.29812 0 5.14284 10.8561 0.848884 4.16228 16.5674 0.31729 11.7544 
17.6558 44.9602 11.2303 5.08606 14.4306 0.046482 60.6022 7.65372 69.0154 27.3261 15.7249 53.959 66.8271 1.4716 1.2108 5.92721 3.01482 38.405 16.6651 1.5922 26.995 0 11.4435 1.82755 18.8445 10.7714 4.68071 10.2942 
40.3542 49.6806 12.1624 1.25168 45.0514 1.1103 63.1625 0.494757 31.5043 60.5895 63.2655 11.1411 79.2871 5.54594 24.5716 10.2508 2.40802 35.9192 12.0533 2.25553 8.73643 11.3495 0 20.0925 19.495 4.55758 0.565428 0.769656 
14.9697 61.9136 4.5973 1.26385 0.75438 17.8016 59.4632 137.629 68.6067 42.295 11.366 184.666 2.09342 10.3788 13.6532 26.506 6.51055 35.7431 23.7752 1.0335 4.29929 6.75861 2.45454 0 34.2305 2.14033 19.2422 3.64498 
188.062 187.069 12.0404 227.041 15.6904 186.702 65.4392 1.51349 213.187 0.8291 65.7703 1006.01 16.7895 0.532784 5.22131 20.9369 213.735 0.0232739 3.04007 10.36 29.8631 74.6041 27.0675 59.4117 0 120.44 117.968 28.2959 
53.8382 81.5584 27.3378 43.1762 47.4579 21.342 70.1763 233.191 12.8369 22.4642 14.4194 105.676 51.2356 0.341796 30.4552 31.1712 15.2537 44.4904 4.82162 10.4518 1.35881 9.03286 9.90662 0.423873 16.5551 0 26.6066 52.1775 
25.0792 52.6941 1.34294 3.31634 0.241145 15.4214 0.554076 100.393 20.6389 1.71397 6.07474 34.6237 12.5108 3.73669 18.6679 11.9479 22.1722 1.84289 4.4623 10.7097 32.4918 4.49997 10.1462 18.5513 6.41737 9.25231 0 2.02688 
60.5753 43.9538 2.3829 0.591186 31.6494 22.2924 6.1112 132.59 28.8923 0.108278 109.964 9.63246 26.7036 11.3383 15.6912 9.20894 6.85548 51.2775 21.5792 5.10897 6.16181 0.582551 7.23009 10.6466 16.4593 1.57346 29.8294 0 
