0 883.826 162.634 464.154 82.2717 394.879 263.998 162.819 524.321 105.959 30.8635 227.991 10.2514 52.834 69.9462 62.7496 379.012 8.71176 110.392 195.863 111.393 2.41494 0.529959 56.9523 394.064 43.178 38.2176 1.14481 
847.449 0 389.035 340.325 523.11 500.398 254.578 162.493 400.962 166.623 267.447 179.89 118.514 7.26989 88.3217 51.5783 466.595 442.918 92.464 33.9678 95.9787 46.4228 0.938174 19.6778 332.626 35.0788 49.2063 28.2593 
183.111 82.2717 0 292.701 45.0591 13.307 197.602 4.68402 39.7372 113.193 10.3799 1.23095 24.7124 14.4328 13.2415 23.8459 55.5223 117.234 19.6502 5.8102 87.4056 5.28953 4.24574 0.0800444 16.407 25.3076 15.8145 4.30047 
514.712 551.528 376.186 0 13.0487 398.215 122.416 1182.22 629.658 93.324 5.24711 218.242 1.23947 22.3692 18.2464 0.132083 357.613 124.572 54.6168 1.9678 376.655 8.96703 2.68022 26.1978 331.808 33.1059 6.14302 30.7643 
3.75421 359.427 4.43757 145.471 0 214.324 97.4683 8.56511 354.283 238.171 162.672 179.883 94.3114 5.05346 37.5058 12.2494 152.862 158.81 276.099 83.4186 98.0767 46.2454 9.1556 0.0465537 0.000868487 46.1658 49.0833 5.30774 
346.517 331.556 4.19115 370.161 985.461 0 730.763 43.401 799.548 488.472 269.703 156.903 531.073 5.48194 40.247 3.09661 362.683 99.5329 86.2832 2.6242 27.7077 2.31557 0.504808 14.6894 356.868 3.33197 2.39874 1.49789 
200.23 234.218 63.6248 17.0988 435.68 285.484 0 290.801 425.631 457.366 329.288 269.524 153.157 96.5399 105.179 68.7074 54.9749 61.1539 142.299 34.8214 91.0969 42.1809 4.50566 69.1366 51.1559 59.766 7.31691 69.3747 
188.428 20.0892 249.249 412.248 12.7918 202.356 228.69 0 16.2694 141.113 369.156 1028.07 0.0572772 23.2802 1.82775 157.993 21.1703 129.442 14.8434 71.6205 35.9798 65.0179 9.74874 126.71 0.00127524 6.01163 99.3741 71.7247 
352.498 739.504 244.406 382.283 14.3915 774.299 1211.14 660.662 0 238.989 394.839 393.555 114.207 48.5815 143.229 6.23781 411.458 188.015 132.027 16.8327 0.130999 23.7517 1.71515 2.1006 344.94 135.469 5.77785 2.19327 
8.11312 191.963 102.186 2.08887 182.945 276.309 55.3791 2.11 39.695 0 4.71981 101.06 219.351 74.2973 124.693 82.6936 77.703 33.4609 13.487 20.796 2.05655 45.9039 8.08625 52.5637 69.6847 50.9998 17.8444 13.877 
182.429 164.009 210.333 163.482 13.6256 243.926 423.961 19.0394 801.06 550.217 0 475.168 29.4998 204.976 407.551 16.5916 1.07631 128.335 1.50205 17.8485 145.443 70.9946 59.6768 120.162 0.114779 0.506567 11.2666 55.9189 
182.87 195.64 161.635 73.3644 1.18666 112.202 57.4198 930.171 10.6189 226.586 145.391 0 2.57965 166.462 136.78 348.935 73.3827 137.257 0.588379 31.5473 21.3782 56.4523 66.0925 171.488 203.125 8.48582 112.453 41.528 
92.2655 148.617 68.7111 13.3742 43.6342 14.3965 179.703 147.891 154.606 70.9671 26.9674 65.9665 0 80.7304 2.07437 77.5853 21.3877 62.6969 0.138709 25.4945 2.33471 64.5247 31.3923 44.8123 53.999 37.707 9.92175 31.9346 
53.8739 62.997 14.1458 2.65091 67.8514 2.93482 0.0356876 64.6913 24.2025 20.6523 73.1775 9.45083 131.44 0 37.804 14.4287 1.07807 23.3391 25.8445 0.290903 11.0789 7.64884 0.729078 10.2267 1.8363 0.0796161 9.92836 9.31115 
33.5541 8.67798 0.000433555 14.8818 20.5929 0.245398 127.618 146.975 143.057 21.0562 396.148 4.22278 22.8279 60.2219 0 14.1826 12.6587 4.69824 28.6958 0.84814 18.2169 17.5381 0.18518 6.43616 11.3279 11.9871 19.1788 2.07246 
70.2013 23.5729 4.82385 12.4273 56.9855 26.4366 95.4772 33.3557 150.46 8.12016 15.1705 287.596 38.3527 16.1146 50.858 0 6.64234 39.8494 28.6724 5.77504 0.0191843 0.193129 4.52509 28.9639 6.46356 7.82025 0.0543926 2.15381 
423.951 335.882 15.0267 345.98 114.876 364.976 88.1262 29.643 333.521 76.5682 8.38189 24.5065 61.0127 14.5579 12.7445 0.0119431 0 235.795 384.195 16.8044 17.4733 11.8081 12.6791 0.0325571 353.423 21.9593 22.3767 17.0339 
208.186 426.539 93.7207 5.905 9.5524 4.70114 39.3871 166.407 95.1151 27.2777 128.511 132.679 97.6844 53.2009 58.1059 0.343354 263.266 0 149.752 87.4352 122.691 29.4211 14.7294 0.378391 20.2936 6.89597 15.5654 14.6734 
20.3366 0.286913 6.33423 25.3765 278.979 69.7376 157.244 90.6407 134.333 75.8007 4.81154 76.1308 66.412 12.3861 26.5838 3.91713 243.03 142.525 0 8.04024 44.1138 4.21658 0.0267581 0.163378 28.629 27.9562 24.3562 26.7086 
99.3534 65.9836 0.415724 2.11149 66.1603 8.55201 39.3297 23.8112 74.1084 0.924203 83.9822 75.9245 33.0306 4.00608 10.0254 3.15911 16.7049 85.8773 26.16 0 50.9421 4.17229 2.47204 5.30065 12.4496 2.70444 0.00812121 4.23389 
35.2256 138.494 98.9329 78.6823 64.763 61.6514 70.2414 120.961 0.0666201 22.6118 6.23207 144.341 73.7628 40.6371 4.14399 12.264 1.37581 123.505 0.0225257 330.145 0 4.19728 40.0134 31.0656 17.4719 0.00224335 35.7536 8.17638 
9.11606 31.8293 10.0477 13.8844 56.5178 3.91397 43.874 39.6318 26.0751 12.9225 44.3271 72.4857 6.94607 8.55458 0.000276186 2.84967 0.149669 15.3722 3.06557 3.99946 4.13494 0 15.0675 9.64642 8.99178 10.5724 6.68861 6.62758 
29.9174 2.16188 0 5.85503 0.292687 16.1091 70.1566 54.114 1.85669 1.94888 10.3964 89.3808 40.5147 1.331 13.7103 2.415 2.6588 35.2076 18.7078 2.21773 39.6341 15.0431 0 12.651 23.0352 10.367 9.19652 5.33745 
0.86662 58.3524 14.6808 25.4415 54.556 2.47754 2.90495 137.841 20.6635 1.98781 56.9582 184.596 26.9322 7.82518 21.6708 1.41492 12.2668 48.3312 0.62878 0.497684 10.9346 0.354659 5.24574 0 38.4833 0.335598 0.0817896 13.659 
338.965 408.54 27.7319 336.452 1.74647 337.797 24.3443 147.963 437.542 68.3239 113.313 673.116 17.097 0.757059 13.7736 54.837 335.371 24.7932 9.45473 2.48772 0.17518 10.4047 5.85783 37.4178 0 54.1271 27.4346 25.4523 
19.5079 69.5503 3.38547 36.7772 69.5005 2.49776 2.26197 121.02 132.08 69.9747 2.11507 399.575 46.4753 11.2426 19.8159 4.08294 16.0083 6.1774 6.63461 5.72647 25.6404 9.74412 2.95 0.0680709 19.8644 0 37.2274 14.9334 
38.47 42.9012 15.6461 11.5944 43.2434 10.9956 26.4708 61.8773 75.6611 18.4605 2.9304 45.0169 17.3328 11.311 14.2677 0.0079463 0.965466 1.14596 17.0237 7.45541 1.30534 6.87687 1.0619 0.154271 36.1008 34.0042 0 16.5563 
35.6195 3.65849 10.9858 0.274074 19.8148 12.9042 55.7954 132.883 3.52391 17.3025 0.0789082 176.12 19.0658 5.16353 1.42337 0.220543 4.7396 10.7202 2.12436 0.525731 9.40188 7.91874 0.0741249 7.83517 0.759524 12.9903 8.90838 0 
