0 460.962 43.3344 741.908 15.8818 460.674 166.365 100.112 628.92 78.0736 194.612 225.416 90.1211 53.8979 60.8422 70.2955 440.925 208.317 91.2136 149.805 85.2971 40.1569 40.1904 51.7823 512.586 47.6731 47.0863 25.9674 
441.815 0 116.866 608.1 311.299 663.187 320.283 110.704 452.87 80.9334 265.274 167.194 91.1684 2.40136 96.7756 16.1056 523.859 719.703 68.8357 57.328 46.4913 51.5477 45.1029 8.37945 504.172 78.9763 49.2948 58.3612 
32.3462 359.06 0 229.647 188.253 65.9085 2.97841 99.7962 304.277 81.1255 108.71 1.44473 36.1913 11.4733 13.2415 22.0783 17.9385 22.196 21.0871 5.85124e-05 62.6846 0.0598486 9.89453 7.53255 0.189744 9.45947 1.10136 9.30938 
703.531 749.017 367.477 0 123.339 481.329 46.7516 883.234 719.918 12.2902 1.84257 259.69 32.9883 18.7035 36.3296 20.6962 448.165 53.4411 2.93519 38.5791 167.206 4.95376 17.6615 0.962602 458.265 39.0994 27.5005 30.9072 
52.7907 531.203 170.025 48.6497 0 227.832 1.2387 182.62 222.739 44.8428 0.102112 56.733 96.0963 52.6055 29.3691 52.9848 0.020798 234.75 4.84269 58.1877 30.8978 42.0408 56.3839 56.4316 23.237 1.58429 4.21817 15.8406 
437.874 457.012 30.6545 505.225 733.05 0 1464.71 3.43928 911.59 188.352 8.97363 158.052 402.282 9.14701 0.518851 24.7307 445.523 5.20868 88.8755 22.4159 1.16901 12.3224 15.1943 6.90668 455.888 27.5569 5.5349 11.1284 
62.1681 300.199 249.012 80.8463 313.716 838.704 0 381.103 400.628 207.878 464.672 70.566 122.868 94.8137 58.8685 82.7633 69.0668 207.078 5.8592 8.45044 112.699 61.9857 10.3895 42.2704 48.2319 10.1406 5.55415 18.1709 
246.061 53.7861 223.325 238.555 189.991 189.907 405.229 0 242.397 9.588 4.34191 46.708 50.3627 126.358 44.4149 63.7071 12.812 9.50716 107.698 13.1749 120.21 58.23 13.5794 118.172 174.084 120.84 79.5038 63.4386 
577.014 708.802 465.053 508.94 86.7623 828.536 13.681 278.269 0 370.917 80.3428 0.27256 140.816 107.836 141.472 142.804 442.369 216.008 89.0038 24.1158 128.855 68.9735 52.1318 99.6531 541.148 84.9336 52.8818 21.066 
25.0534 54.9685 101.715 105.402 329.136 516.802 307.118 164.271 194.469 0 233.135 15.5607 0.0160486 81.017 14.3835 83.1245 4.79097 20.6947 0.688103 51.175 0.0839151 34.1835 42.5455 47.0548 0.775469 74.7176 40.6036 0.266841 
68.267 129.94 94.8409 115.693 97.9973 20.1839 487.011 374.519 861.331 488.812 0 160.474 151.414 209.419 125.792 219.136 91.063 1.71084 9.68818 78.7429 132.677 78.805 14.1889 58.6573 129.498 30.6753 9.02344 63.3249 
147.831 147.512 136.129 170.479 135.321 117.7 275.82 306.161 402.969 154.596 483.878 0 138.815 165.444 181.658 341.629 31.7602 3.66287 37.883 58.9298 167.103 72.643 36.1212 120.199 173.21 388.517 114.293 158.966 
27.5995 144.233 0.497943 1.95094 144.674 119.191 6.59771 92.8581 98.8725 324.625 254.158 21.534 0 10.3234 10.4679 1.50053 61.7701 76.7109 78.3861 40.9887 0.0193247 89.229 65.6844 0.0318707 52.8649 3.33529 21.3546 22.9897 
51.9176 69.5115 16.1393 2.07226 48.8185 12.4051 5.08194 12.3768 113.963 10.6079 143.593 13.9004 153.794 0 48.4616 13.3007 22.1051 11.98 5.77832 0.00364954 28.8739 3.69598 2.65826 9.32845 0.228625 12.4988 7.53378 7.68473 
2.69658 0.00211696 0.000433555 37.9177 28.0195 41.8433 31.5569 181.638 197.956 105.261 54.5187 251.443 0.0465851 61.9873 0 23.9179 26.7888 13.1748 17.6649 11.5186 4.3705 16.1507 6.71745 27.7338 9.18981 24.6879 16.0019 23.3898 
62.6324 75.8143 0.199155 41.616 15.7732 1.20808 101.96 248.909 17.3233 59.3093 220.23 397.267 33.1892 16.9928 62.3847 0 5.90147 4.27435 18.0089 8.41232 61.4921 9.64678 9.31206 9.23803 9.09521 31.5998 12.4023 12.5371 
515.094 526.178 55.687 470.198 53.4404 444.013 75.779 7.03369 523.388 5.7833 92.5594 67.1772 49.7246 3.57399 0.985034 19.5538 0 276.696 180.571 0.148801 29.1934 19.5823 12.7956 2.40568 437.906 9.60181 1.80123 18.6911 
8.78795 41.4819 99.0126 145.519 109.681 123.591 187.771 42.233 195.282 15.6712 112.541 1.76229 88.0147 3.8611 47.1995 19.2287 103.487 0 77.6431 40.4181 0.139455 42.2068 45.0036 6.47658 1.06519 41.1691 2.50049 51.1973 
3.72965 172.385 61.6283 46.1125 3.58794 39.2846 44.6212 34.5999 1.18993 43.8236 38.7567 9.83042 46.5641 27.4919 35.3192 28.7068 95.4777 101.817 0 2.04192 66.3909 15.7994 19.2816 23.1661 21.0832 28.6408 18.9051 13.6365 
166.031 41.6834 8.75551 38.863 77.3786 16.9355 94.1369 115.362 96.1237 44.7736 0.00249095 93.131 0.882796 3.08759 0.884025 6.1805 33.9763 32.3966 17.3034 0 295.293 5.95377 2.12387 5.95698 1.80381 0.117957 5.38096 9.43703 
234.998 89.9652 75.6728 212.991 7.58095 8.57394 128.139 193.344 130.166 13.8063 63.0012 2.07153 66.576 25.1385 18.6215 58.1124 6.9456 3.32812 51.272 6.94459 0 4.58981 12.0053 0.448026 3.00136 19.0945 0.571643 13.2791 
18.828 43.7442 11.474 5.5642 12.6349 0.173267 61.4835 6.18766 68.3197 24.2536 18.4504 56.7601 60.6192 1.98209 1.71716 5.35299 2.66033 39.055 17.3685 1.73098 26.3875 0 12.6048 2.50994 19.9326 10.7259 4.30786 10.1959 
39.0824 48.0707 12.35 1.71852 43.1995 1.54303 65.493 1.66099 26.147 60.6177 53.1788 16.8766 73.6067 3.57746 23.2525 11.1128 2.74472 37.0452 12.7702 2.37955 9.8097 12.5223 0 20.847 17.8986 4.007 0.346837 0.568469 
17.2591 61.9145 5.31998 1.97187 1.3351 17.5805 56.6928 138.749 73.6615 45.2086 17.1397 178.092 3.84247 10.3581 16.6855 22.9676 5.99964 37.1243 23.8851 1.20177 5.35501 5.81599 0.257735 0 29.0571 2.97345 19.2681 4.26515 
438.65 439.516 13.6606 477.083 13.4017 438.643 60.6652 6.64747 471.766 0.199154 76.5428 866.255 14.6254 0.949244 7.00737 49.8016 465.428 0.188039 2.47775 10.8109 27.3982 24.2843 28.1542 50.8534 0 89.6708 124.343 69.6524 
49.5778 79.9803 27.5297 41.6982 44.4148 19.9688 75.7507 225.725 19.5697 18.2673 23.5859 42.1245 49.8637 0.123515 29.5923 29.0691 16.0796 42.2639 5.60979 10.0922 0.664131 9.29658 10.1174 0.864072 19.4195 0 29.4154 58.7303 
26.8048 53.295 1.00392 2.63051 0.484547 14.8286 0.215238 99.7767 23.4594 1.13626 4.32356 41.35 13.6014 3.34852 18.2356 11.0443 22.0518 2.35034 4.92982 10.6001 33.614 4.13073 10.6582 18.9026 6.76544 12.1204 0 0.10337 
60.0368 41.518 3.05258 0.224962 33.6252 21.9393 4.40613 134.673 24.4325 6.32823e-05 108.975 3.74562 28.2345 11.0694 16.8727 7.7289 6.30197 51.1765 22.1659 4.73287 5.05463 0.454876 6.85553 11.2437 17.1197 6.09231 46.3298 0 
