0 249.593 61.1877 446.147 26.0391 208.964 184.314 79.9698 355.986 85.4828 194.75 227.657 87.3016 53.9191 62.5664 67.9647 184.495 217.177 95.0819 100.425 101.454 40.2665 41.0278 50.6525 254.747 50.6877 46.4081 24.2427 
211.553 0 205.754 387.024 241.24 413.218 251.822 129.554 211.914 96.9381 267.371 157.325 85.0139 1.5872 96.6076 13.5841 258.454 375.472 78.4721 48.3788 54.0768 51.3722 43.7783 9.6627 244.312 80.2777 50.0049 59.3863 
18.9034 270.546 0 283.797 185.927 64.2994 11.3514 126.089 226.802 74.6383 129.059 4.40659 33.3274 10.8092 11.4849 21.269 20.0384 15.0745 23.6982 0.0811534 70.207 0.0273263 9.55125 6.9942 0.0499825 10.6617 0.883539 10.014 
399.863 480.674 394.422 0 114.12 227.481 34.0891 796.268 484.285 9.04885 5.25698 259.075 30.483 18.0053 37.2316 18.212 191.857 45.6858 4.03712 36.0073 793.911 4.63148 17.999 1.38596 198.387 37.4318 27.3863 31.4566 
38.5036 526.778 177.956 58.3278 0 149.502 11.2905 190.758 195.16 68.2615 1.57351 63.5003 87.0813 50.4729 33.0791 50.5826 0.232544 232.318 0.24405 54.103 34.8657 40.7332 56.284 56.3918 21.4171 0.995515 3.67402 17.0972 
180.587 213.273 25.2917 246.877 968.16 0 1249.28 8.44113 649.896 246.921 20.1219 158.866 568.18 10.1068 0.125506 23.9709 189.164 7.98703 87.1135 22.8917 0.610695 12.938 14.8845 6.34443 198.941 27.7264 5.11706 10.4682 
78.777 231.479 243.395 96.6086 269.415 583.063 0 359.06 111.872 138.684 481.473 86.6188 109.285 95.9443 50.246 86.6191 72.8536 197.696 9.32221 10.9471 108.072 62.3798 8.65299 44.6627 51.7919 12.9412 6.46242 16.2202 
262.87 39.786 200.728 255.558 197.433 179.052 393.614 0 329.246 15.2754 12.3794 171.839 55.6083 126.191 55.3664 86.7636 10.9886 13.0231 109.634 16.6145 130.087 57.0492 10.9007 123.16 181.272 140.665 82.2653 57.004 
335.32 415.019 432.415 224.302 111.881 620.171 191.054 194.33 0 382.359 134.522 1.20675 150.362 116.437 134.325 138.111 185.997 212.854 82.2417 20.6436 136.271 68.5012 47.9952 98.9217 278.55 92.1163 50.7932 18.2804 
19.8624 69.4655 97.0234 106.432 319.92 474.874 375.724 174.994 231.458 0 323.492 23.7223 3.44877 82.5002 8.82301 79.9664 3.59053 25.1093 0.0869199 52.2171 9.18206e-05 36.318 40.3379 45.1278 0.311681 73.6059 41.4267 0.562331 
76.8184 145.817 75.3976 102.264 83.5987 9.01598 479.23 372.397 865.527 409.867 0 113.212 135.486 203.151 183.809 209.673 89.8831 3.24288 12.3159 77.0619 135.803 78.8385 18.8306 52.2942 124.455 38.8556 10.652 67.5376 
159.275 136.864 124.699 190.594 128.988 124.951 281 512.328 402.438 139.732 452.398 0 134.378 162.899 206.166 251.319 29.6824 5.39504 35.1363 62.328 168.002 73.5547 42.0149 106.994 126.312 399.481 111.828 151.881 
30.7915 141.84 0.138039 1.2192 137.331 106.38 12.0309 87.5133 109.376 331.303 252.832 17.3954 0 19.4241 15.371 2.82776 62.4131 79.5268 76.7141 40.4792 0.120243 90.0563 60.7311 0.0344447 52.0554 2.56288 22.1541 21.8995 
52.4757 70.2123 16.3695 2.58761 51.0062 13.3576 3.23573 16.3638 120.336 7.78389 159.828 20.5325 156.297 0 37.3279 15.0293 22.0847 13.1673 5.2187 0.0124768 29.9288 3.24273 1.53167 9.7629 0.422537 12.2406 7.25713 7.31469 
3.72268 0.136896 0.111405 38.5385 24.4882 41.6681 24.5126 177.452 186.64 112.947 101.208 234.496 0.259384 60.0553 0 41.8091 26.3449 14.8489 18.7904 11.4169 3.54671 15.7856 4.96204 28.0788 10.6486 23.1667 16.4529 23.364 
65.3337 77.7486 0.472836 40.5966 17.9422 0.75668 103.042 236.418 23.2634 64.0316 211.193 314.679 37.3773 15.5721 77.6218 0 5.42966 5.2118 17.2325 8.60471 62.0583 9.32311 10.0276 12.5599 7.88658 30.3684 11.7852 11.4745 
253.586 275.634 55.5863 210.289 46.1693 187.524 72.0638 5.66156 268.569 4.46304 93.423 68.9956 48.3242 3.91327 1.24441 19.0503 0 284.574 142.591 0.0490101 30.837 19.3824 13.1165 2.65823 179.971 10.1587 1.99539 18.3196 
15.1975 51.7671 109.8 145.953 96.0024 124 176.39 48.5594 201.553 19.6263 106.308 3.02525 85.547 3.1682 45.242 17.6164 130.034 0 70.2361 43.9432 0.000132723 42.1003 44.9027 5.73862 1.50137 39.5599 2.13071 51.268 
5.60762 172.317 61.617 43.9433 0.0344077 33.9335 52.1242 38.159 0.298259 38.2218 43.1433 11.5914 49.4051 27.4573 34.6668 29.0697 80.0187 94.7679 0 1.56356 65.2948 16.3004 18.903 22.9741 21.7158 28.2629 19.2448 13.1126 
187.314 50.3466 7.42938 36.3164 74.0331 17.7889 93.2755 113.774 98.5263 43.2116 0.123787 94.3478 0.597296 3.19458 1.05618 6.46095 34.0451 35.8364 16.2003 0 322.85 5.89657 2.21056 6.02836 1.56223 0.196922 5.59473 9.23022 
227.693 98.3976 82.9682 224.057 9.85567 10.3077 124.547 198.085 137.531 11.8083 57.8994 0.868326 67.8397 24.035 17.1109 56.9607 7.97721 2.15008 52.9576 31.9192 0 4.22134 12.8228 0.243833 2.30125 20.9086 0.791387 14.3731 
19.645 42.8519 11.6306 5.90266 11.4385 0.308176 61.9778 5.25244 67.7274 22.1564 20.4312 58.6342 56.0934 2.37083 2.1147 4.95728 2.42539 39.4747 17.8477 1.82949 25.9525 0 13.3111 3.0329 20.6468 10.6797 4.05348 10.1185 
38.1479 46.8775 12.4491 2.08165 41.8568 1.88072 66.9328 2.86597 22.6221 60.411 46.3469 21.4424 69.1791 2.31488 21.9792 11.601 2.98927 37.7929 13.2655 2.465 10.5795 13.2384 0 19.992 16.6761 3.63239 0.225614 0.44569 
18.9035 61.7848 5.83685 2.54769 1.83255 17.3831 54.6498 138.561 77.0044 47.132 21.7298 171.364 5.34694 10.196 18.7276 19.9263 5.65226 38.0506 23.9357 1.3243 6.14733 5.17362 0.0616915 0 25.122 3.61407 19.216 4.71239 
180.305 182.448 14.7909 217.958 11.8929 181.101 57.2379 12.2542 219.056 0.0151181 83.9926 960.461 13.1799 1.30391 8.35586 56.8935 207.607 0.394997 2.11828 11.1106 25.6969 19.6008 28.6667 45.6533 0 40.802 43.8667 124.156 
46.543 78.6286 27.5251 40.4011 42.2569 18.9687 79.3808 216.665 24.9346 15.5303 31.0345 13.5513 48.8047 0.0355682 28.7536 27.1899 16.648 40.6755 6.18416 9.8256 0.325319 9.46907 10.2305 1.25533 21.4781 0 31.1976 61.7684 
28.0005 53.6474 0.795993 2.19633 0.70246 14.404 0.0722641 99.0583 25.4796 0.803214 3.27396 46.1884 14.3714 3.08628 17.9005 10.4072 21.9554 2.73689 5.26469 10.5146 34.3706 3.87924 10.9953 19.0792 7.6582 14.2315 0 2.34307 
59.5437 39.7914 3.55823 0.0723388 34.9831 21.6514 3.37626 135.375 21.4855 0.0586233 107.89 1.24187 29.2816 10.8572 17.6573 6.73847 5.92656 51.0469 22.5573 4.47424 4.3435 0.375103 6.58855 11.6368 17.4759 10.7413 57.9331 0 
