0 155.016 69.628 304.929 31.2136 89.9944 191.916 71.5691 227.284 88.727 194.557 228.237 86.0152 53.8987 63.2848 66.878 63.3666 220.598 96.7063 82.265 108.702 40.3043 41.3816 50.1292 132.854 51.9943 46.0952 23.4899 
109.686 0 247.297 280.56 210.667 293.522 221.669 137.963 99.3338 104.143 267.698 152.834 82.2797 1.28102 96.4242 12.5297 133.277 922.331 82.7513 44.5537 57.5188 51.2774 43.1801 10.2509 121.55 80.7843 50.3027 59.8114 
14.0199 229.028 0 293.005 184.164 63.3278 16.659 137.862 192.549 71.6964 137.97 6.20669 32.0728 10.5112 10.7311 20.8859 20.979 12.3335 24.8658 0.165366 73.4932 0.0169957 9.39572 6.75843 0.0169317 11.1994 0.794927 10.3257 
256.37 351.525 332.666 0 109.893 107.333 29.0238 1076.43 370.258 7.76527 7.29758 257.643 29.3891 17.6867 37.5828 17.131 70.7213 42.3764 4.57351 34.8117 221.443 4.49181 18.1372 1.59526 75.662 36.6426 27.3227 31.6743 
32.8122 519.02 180.786 62.7139 0 111.248 18.8183 194.098 182.848 79.7152 2.77092 66.5338 83.116 49.5111 34.7445 49.5051 0.573905 230.749 0.0672534 52.288 36.6608 40.1474 56.2128 56.3486 20.629 0.779054 3.44554 17.6589 
59.2847 98.6711 22.9917 124.643 433.958 0 856.07 11.311 518.721 331.568 26.3168 158.935 102.01 10.5317 0.0371566 23.6102 68.0151 9.38375 86.1438 23.0807 0.421592 13.2058 14.7385 6.1005 77.4897 27.7741 4.9366 10.1786 
86.4524 201.654 239.237 103.607 249.031 439.224 0 347.701 37.1443 110.952 485.389 93.9788 103.299 96.3078 46.5475 88.2164 74.4911 193.213 11.0828 12.1342 105.969 62.5217 7.93248 45.703 53.3482 14.2652 6.88126 15.387 
269.574 34.19 189.994 259.105 200.447 173.783 386.5 0 367.874 18.1641 17.172 246.754 57.9501 125.919 60.407 97.4865 10.2253 14.731 110.415 18.2335 134.361 56.5111 9.80438 125.163 183.948 149.205 83.4324 54.2008 
220.491 276.977 411.006 92.3646 123.49 513.766 322.502 160.112 0 385.199 285.539 3.27577 154.41 120.062 111.035 135.783 64.8733 211.154 79.2523 19.1808 139.435 68.2648 46.1799 98.5074 154.53 95.2102 49.8634 17.1034 
17.7415 76.1693 94.768 106.713 314.118 437.173 403.052 179.472 247.366 0 363.13 27.7973 7.42196 83.0047 6.77612 78.4446 3.11463 27.1587 0.00351771 52.6419 0.0199606 37.2487 39.3465 44.2529 0.173191 73.0326 41.7752 0.726496 
80.6396 152.764 67.2201 96.3383 77.4513 5.46704 472.296 370.142 866.704 371.613 0 94.2919 128.419 199.517 210.193 204.593 89.3247 4.06757 13.5612 76.2767 137.085 78.8108 21.0462 49.5298 122.062 42.6684 11.4052 69.369 
164.156 132.093 119.49 198.934 126.12 127.979 282.584 605.295 400.545 133.101 435.827 0 132.315 161.341 216.151 210.669 28.7789 6.25918 33.9426 63.8009 168.234 73.9202 44.6804 101.081 127.763 398.995 110.63 148.445 
32.2297 140.635 0.0503168 0.950624 133.94 105.676 14.9033 85.1368 113.982 331.763 251.61 15.6971 0 24.2009 17.7811 3.53907 62.6718 80.7362 75.93 40.2392 0.191949 90.265 58.4812 0.119549 51.6717 2.25367 22.5047 21.42 
52.6932 70.4679 16.4528 2.83017 51.9458 13.7714 2.55057 18.2677 122.953 6.66574 166.522 23.8005 156.408 0 32.0153 15.7245 22.0699 13.7017 4.97938 0.018023 30.3873 3.04869 1.11585 9.92068 0.526069 12.112 7.13404 7.15009 
4.2235 0.305641 0.222053 38.7624 22.9834 41.506 21.6365 175.127 181.068 116.016 124.82 225.796 0.68533 57.7611 0 50.0392 26.142 15.6085 19.2865 11.3672 3.20976 15.6131 4.25321 28.1304 11.3072 22.4624 16.6444 23.331 
66.4685 78.5316 0.629409 40.0657 18.9267 0.590484 103.37 229.596 26.1035 66.0437 206.286 274.675 39.2376 14.8668 82.6637 0 5.22669 5.65089 16.8891 8.68499 62.2668 9.1759 10.3205 14.0693 7.42546 29.7063 11.5101 11.0062 
130.097 156.95 55.4863 87.5392 43.0655 66.3212 70.4004 5.10234 148.021 3.93329 93.7608 69.7765 47.6949 4.06637 1.36771 18.8251 0 286.473 460.606 0.0222064 31.5629 19.2912 13.2562 2.7728 58.1005 10.4059 2.08366 18.1537 
18.531 70.2937 114.388 145.853 90.0691 123.982 171.118 51.4319 204.041 21.4854 103.526 3.68619 84.4234 2.88364 44.3679 16.9206 141.925 0 66.9881 45.4953 0.0218477 42.0437 44.8445 5.42614 1.71635 38.8434 1.97694 51.2836 
6.54858 171.938 61.5363 42.9644 0.322416 31.6264 55.5201 39.7537 0.0936503 35.8236 45.1108 12.406 50.6462 27.4309 34.3629 29.2179 72.3889 91.6016 0 1.37239 64.788 16.519 18.732 22.8835 21.9903 28.0874 19.3917 12.8822 
195.583 54.2791 6.86751 35.1305 72.4953 18.1539 92.7859 112.94 99.4926 42.5026 0.234825 94.8067 0.489071 3.24111 1.13631 6.5825 34.0582 37.3676 15.717 0 329.41 5.87039 2.24863 6.05768 1.46074 0.237925 5.68877 9.13687 
223.848 102.088 86.0978 220.593 10.9434 11.1131 122.87 199.894 140.668 10.972 55.6793 0.501361 68.3757 23.5482 16.458 56.4197 8.45076 1.71149 53.6856 48.0192 0 4.06341 13.187 0.173429 2.02155 21.7202 0.899159 14.8629 
20.0048 42.4475 11.6962 6.05303 10.9262 0.379555 62.1642 4.86312 67.4389 21.2463 21.3236 59.4386 54.0614 2.54985 2.30089 4.78453 2.32502 39.6509 18.0559 1.87336 25.7577 0 13.5922 3.27442 20.9486 10.6556 3.94287 10.0821 
37.7242 46.3342 12.4845 2.25111 41.2526 2.03853 67.5177 3.49641 21.1288 60.2616 43.4091 23.5888 67.1238 1.81836 21.336 11.7842 3.09956 38.1125 13.4824 2.50238 10.9242 13.5242 0 19.2768 16.114 3.4702 0.180372 0.39618 
19.6395 61.694 6.06747 2.82193 2.07551 17.285 53.7227 138.228 78.4253 47.949 23.8866 167.883 6.08073 10.0873 19.5954 18.4855 5.50149 38.449 23.9513 1.37961 6.51068 4.89584 0.336531 0 23.3459 3.91024 19.1749 4.9128 
58.3032 61.0037 15.2874 95.5116 11.2516 59.4166 55.707 15.222 99.543 0.000375445 87.2387 703.836 12.5603 1.47622 8.97336 54.8794 85.7719 0.50997 1.96839 11.2387 24.9526 29.8238 28.8279 44.1007 0 35.6028 89.0309 98.2673 
45.1937 77.9697 27.4872 39.7645 41.2986 18.5184 80.9071 211.745 27.4568 14.3785 34.5611 5.84194 48.3123 0.0136384 28.3257 26.2686 16.8965 39.9671 6.44352 9.7042 0.213958 9.54209 10.2713 1.44865 22.3931 0 31.9305 62.6641 
28.5251 53.7855 0.711816 2.01662 0.810945 14.2142 0.0334544 98.6677 26.3826 0.674613 2.85652 48.3505 14.713 2.97299 17.7443 10.1253 21.9096 2.9157 5.41453 10.4745 34.6972 3.76999 11.1384 19.1391 8.22481 15.1827 0 4.22772 
59.2964 39.0243 3.79063 0.0318467 35.576 21.514 2.96436 135.489 20.2324 0.119072 107.311 0.564928 29.7374 10.7574 17.9917 6.31505 5.7639 50.9744 22.7251 4.36125 4.04607 0.342346 6.46955 11.8036 17.6097 13.1163 62.8513 0 
