0 137.205 80.7501 221.077 38.3773 36.297 201.265 61.3609 160.912 92.8289 194.086 228.612 84.3398 53.8465 64.1621 65.4437 6.8634 224.506 98.7003 64.9884 117.992 40.3433 41.8184 49.4409 75.2518 53.6361 45.6845 22.5387 
83.7968 0 299.526 241.556 172.893 237.56 184.14 148.704 55.1239 113.398 267.587 147.008 78.7844 0.938014 96.0947 11.2389 71.5479 1052.62 88.2076 39.8138 61.9782 51.1412 42.406 11.0195 62.8647 81.3691 50.6685 60.3291 
8.79869 176.7 0 290.092 181.284 61.8687 24.7533 152.838 150.402 67.8927 149.166 8.92424 30.4841 10.1277 9.79206 20.3759 22.1877 9.21419 26.3645 0.31507 77.6363 0.00737572 9.19416 6.45982 0.000124051 11.8894 0.688663 10.7232 
170.774 282.53 236.393 0 104.39 51.9296 23.0779 699.133 320.823 6.26379 10.3569 254.809 28.0067 17.2721 37.9883 15.7723 14.1564 38.2741 5.30062 33.2418 219.602 4.31605 18.3037 1.88143 17.0616 35.5929 27.2299 31.9296 
26.146 504.216 183.772 68.3806 0 67.0219 31.0032 198.122 167.151 95.146 4.77462 70.4352 78.0885 48.2682 36.8885 48.1177 1.22643 228.317 1.48203 49.9682 38.9847 39.3932 56.0982 56.2711 19.6378 0.541517 3.16455 18.3809 
2.73808 51.1959 20.143 66.5061 380.023 0 816.828 15.5304 442.956 540.426 35.2549 158.765 227.52 11.0734 0.000167114 23.1289 11.4417 11.3092 84.7439 23.3028 0.231215 13.5434 14.5445 5.7934 20.4943 27.8109 4.71018 9.81128 
96.4818 164.925 232.528 112.496 222.705 259.259 0 331.933 0.0657905 79.0481 487.212 103.56 95.708 96.6507 41.9492 90.1554 76.5472 187.221 13.5256 13.7199 103.238 62.6743 7.05556 47.0143 55.3161 16.0272 7.43071 14.3504 
277.434 27.6091 175.8 275.391 204.037 166.688 375.773 0 416.253 22.1671 24.3377 354.479 60.955 125.399 66.9804 111.477 9.28909 17.0426 111.346 20.3815 139.718 55.8105 8.48469 127.533 186.902 159.809 84.8731 50.6676 
171.8 198.752 378.477 23.7261 138.636 469.605 519.488 119.992 0 386.823 269.699 7.35473 159.411 124.507 86.3706 132.601 8.35903 208.723 75.4444 17.3805 143.363 67.9391 43.879 97.8994 94.1983 99.075 48.6717 15.6505 
15.195 84.9351 91.7422 106.918 305.271 375.695 434.327 184.935 267.041 0 411.953 33.3852 14.5821 83.5132 4.54427 76.3984 2.55626 29.8559 0.0578509 53.1518 0.0953809 38.4237 38.0691 43.1177 0.0552928 72.2304 42.2064 0.96532 
85.5401 161.526 57.2433 88.829 69.8293 2.21097 460.492 366.123 853.325 321.262 0 72.2151 119.423 194.16 243.57 197.379 88.5803 5.24853 15.2223 75.2385 138.632 78.738 24.009 46.0533 118.873 47.6856 12.3952 71.6753 
170.208 125.968 112.738 208.995 122.407 131.676 283.973 718.942 396.687 124.623 412.631 0 129.597 158.983 227.987 160.532 27.6396 7.44729 32.4384 65.6527 168.384 74.3533 48.1263 93.5138 142.099 393.671 109.007 143.811 
34.0871 138.969 0.00135873 0.65656 129.497 108.404 18.9673 82.0958 119.811 330.141 249.497 13.6491 0 30.8839 21.054 4.55378 62.9794 82.2473 74.8906 39.9201 0.307272 90.3923 55.5687 0.301834 51.1597 1.88778 22.9496 20.8107 
52.945 70.7459 16.5428 3.15226 53.1194 14.2918 1.79366 20.8151 126.104 5.35828 174.564 28.2462 155.669 0 25.2313 16.5393 22.0459 14.3918 4.68117 0.0265436 30.9656 2.80712 0.671895 10.0904 0.673621 11.9356 6.97626 6.93926 
4.90356 0.616649 0.417005 39.0031 21.1161 41.2255 18.1927 171.757 173.51 119.616 156.739 213.761 1.51829 53.7004 0 60.2236 25.8774 16.5942 19.9176 11.2996 2.80396 15.3834 3.41556 28.1071 12.1577 21.5392 16.8816 23.2701 
67.8623 79.4659 0.859999 39.3203 20.2049 0.408176 103.654 219.846 29.9025 68.5362 199.279 222.855 41.6135 13.9105 87.2202 0 4.97257 6.23282 16.451 8.78319 62.4959 8.98456 10.6716 15.9973 6.90462 28.7647 11.1572 10.4112 
70.4864 103.419 55.3101 28.8967 39.2127 9.68171 68.2604 4.43037 92.1432 3.30531 94.1532 70.7524 46.883 4.26449 1.53264 18.5353 0 287.471 247.787 0.0032331 32.4886 19.1724 13.4328 2.92151 0.583779 10.722 2.19845 17.9405 
23.2058 104.577 120.052 145.468 82.6244 123.785 164.205 55.1586 206.956 23.9513 99.9565 4.61901 82.9619 2.53984 43.2454 16.0475 157.069 0 62.8774 47.4674 0.122832 41.9632 44.7582 5.03961 2.01008 37.9248 1.78918 51.2898 
7.84486 171.15 61.3668 41.6995 2.32542 28.7468 59.9114 41.8061 0 32.8387 47.6442 13.4771 52.2164 27.3872 33.9618 29.3963 62.0672 87.5283 0 1.14648 64.1222 16.7954 18.5106 22.7627 22.3361 27.8559 19.5764 12.5891 
204.957 59.3616 6.17418 33.5711 70.4851 18.6082 92.0665 111.759 100.639 41.5824 0.426955 95.3223 0.366791 3.29982 1.24203 6.73541 34.0597 39.3278 15.1048 0 332.476 5.83618 2.29698 6.0931 1.33595 0.295603 5.80838 9.01608 
218.426 106.752 89.9918 208.45 12.402 12.1744 120.653 201.942 144.56 9.94684 52.8793 0.178916 69.0396 22.9279 15.6383 55.7017 9.07035 1.22483 54.5995 72.2739 0 3.86614 13.6542 0.101074 1.69089 22.7633 1.04602 15.4931 
20.4628 41.9227 11.7766 6.24559 10.2873 0.480929 62.3737 4.38783 67.0474 20.1013 22.4767 60.4432 51.4483 2.78413 2.54744 4.56618 2.19996 39.8676 18.3184 1.92961 25.507 0 13.9216 3.59098 21.3207 10.6216 3.80333 10.0338 
37.1743 45.627 12.5223 2.47505 40.4723 2.24717 68.2177 4.38583 19.2836 60.0201 39.7441 26.4337 64.4253 1.2559 20.4515 11.9879 3.24226 38.5107 13.7575 2.54973 11.3678 13.86 0 18.0978 15.3808 3.26653 0.130025 0.33723 
20.5858 61.5488 6.36327 3.18863 2.40564 17.1505 52.5198 137.583 80.1867 48.961 26.7442 163.02 7.07615 9.91683 20.6644 16.5947 5.31151 38.9477 23.9651 1.45117 6.98575 4.54764 0.995261 0 21.0733 4.29871 19.1066 5.17084 
0.665076 4.06872 15.9172 37.2192 10.456 2.14881 53.7421 19.4197 45.072 0.0402004 91.3276 1020.67 11.7872 1.70933 9.77784 48.213 28.2886 0.677281 1.78505 11.3983 24.0102 49.8462 28.9761 43.0048 0 48.8255 163.804 41.6543 
43.4671 77.0757 27.4075 38.8989 40.0723 17.9374 82.7817 204.717 30.799 12.9625 39.2473 0.630987 47.6632 0.000642103 27.7315 25.0232 17.2111 39.0579 6.77921 9.54623 0.105785 9.6324 10.3154 1.71262 23.5602 0 32.8138 63.395 
29.191 53.9459 0.611259 1.79815 0.960052 13.97 0.00540758 98.1055 27.5431 0.526966 2.36514 51.1254 15.1501 2.83082 17.5381 9.7656 21.8485 3.15082 5.60737 10.4215 35.1073 3.63229 11.3157 19.1995 9.10012 16.4078 0 7.37454 
58.955 38.0424 4.09478 0.0040008 36.3258 21.3297 2.4776 135.46 18.6783 0.226588 106.486 0.0835821 30.3129 10.6251 18.4071 5.78873 5.55914 50.8687 22.9347 4.21828 3.68158 0.30276 6.3169 12.0102 17.7628 16.3844 68.8129 0 
