0 818.629 158.383 402.401 86.5228 323.164 265.018 157.499 454.178 107.618 29.3284 227.641 10.7618 52.7241 69.7558 62.0792 304.471 7.42854 110.907 185.352 107.422 2.50885 0.593412 57.0547 320.014 42.4352 37.9662 1.03346 
786.601 0 370.974 270.061 518.307 431.692 238.074 167.065 320.807 162.902 267.146 181.977 117.295 7.63429 88.8682 52.3544 394.098 1004.24 90.1289 32.0892 97.999 46.2454 0.84324 20.0857 259.22 35.8113 49.0278 27.8345 
186.402 100.165 0 294.419 48.1651 12.2791 202.645 3.1698 29.9306 113.51 12.4543 0.797648 25.3651 14.3154 12.8152 23.9582 55.4594 119.643 19.0453 6.09796 89.0726 5.35644 4.3389 0.0626343 16.6744 25.1412 15.7219 4.16646 
453.135 486.089 376.437 0 14.4224 324.514 118.665 548.768 560.926 94.1802 4.2721 222.022 1.08764 22.4446 17.8164 0.206688 284.505 125.943 54.2248 1.68588 48.5475 9.05254 2.7823 26.1318 258.354 32.6014 5.99012 30.9072 
2.75568 375.027 5.59454 143.877 0 198.871 88.1936 9.61159 354.982 244.875 166.179 179.888 96.4716 4.75861 38.4346 11.7917 152.508 155.69 279.9 84.0655 99.0355 46.5194 8.8813 0.0696969 0.000729448 45.6583 49.1024 5.50267 
274.154 257.546 4.84698 295.543 332.264 0 124.472 40.4314 720.989 749.19 268.116 157.338 618.443 5.28221 40.4585 3.28469 288.573 98.3331 86.8179 2.48519 28.3189 2.41254 0.459987 14.7974 283.413 3.16377 2.3256 1.42041 
204.132 217.846 58.1987 19.277 435.122 363.746 0 298.865 512.764 446.26 340.993 267.526 156.137 96.3882 107.037 69.8336 55.925 58.2944 143.437 33.8692 92.359 41.7761 4.21208 68.9089 50.3027 58.7339 7.08076 69.1148 
193.598 17.8283 252.97 427.931 14.0508 204.059 237.571 0 10.3807 138.204 370.639 1030.15 0.120536 24.4626 1.28802 151.991 21.7253 131.021 14.2342 70.4057 37.8301 65.164 10.3389 127.694 0.0365608 4.58867 99.1892 70.1719 
276.813 665.729 225.587 302.686 11.8568 709.249 1253.01 657.495 0 247.623 1011.79 395.82 111.698 46.9616 128.432 5.43118 337.07 189.79 133.178 17.5859 0.0478447 24.164 1.4694 2.37495 272.222 134.672 6.05339 1.95351 
7.34235 188.689 103.199 1.74391 175.45 300.95 66.8106 1.56986 45.2807 0 1.65568 97.4928 211.058 74.9862 125.853 83.4019 78.0531 34.6949 12.6092 20.3601 1.85762 46.3499 8.47741 52.9269 69.4682 51.7434 18.12 13.5141 
181.373 167.713 206.991 160.873 15.2854 247.603 432.206 16.1895 770.098 562.073 0 482.042 32.0155 206.57 405.855 19.1331 1.21131 126.979 1.26911 18.3972 145.038 70.6612 61.3661 120.933 0.237573 0.275077 11.6845 54.8895 
185.189 197.372 159.529 78.136 0.924137 114.058 53.9973 898.011 8.26063 228.537 157.127 0 2.21039 166.253 130.297 368.817 72.9929 137.973 0.697562 32.3403 20.3326 55.9912 64.5594 169.634 182.28 12.9713 111.828 43.7841 
91.6327 148.688 69.0427 13.8465 45.5085 19.3671 177.158 147.734 152.413 78.2177 24.6379 67.4654 0 84.49 1.60663 77.0234 21.7575 63.4496 0.088961 25.755 2.48719 63.4917 30.1732 44.1059 53.8484 37.3216 9.75455 31.6964 
53.8941 62.6104 14.2666 2.52123 67.6345 2.77862 0.0059595 63.1809 22.7831 19.7221 77.2921 10.7022 128.619 0 34.9271 14.8321 1.12532 23.0059 25.7638 0.303916 11.3088 7.75529 0.564097 10.1742 1.73118 0.0590812 9.97382 9.38709 
34.1505 8.12486 0.00921025 14.4646 19.817 0.165998 128.896 149.348 147.168 19.347 400.553 5.9691 21.351 59.1164 0 17.6121 12.4959 4.953 28.931 0.887436 18.5825 17.5453 0.10953 6.01451 10.9673 11.5632 19.2295 2.19582 
70.7326 22.8622 4.59599 11.8876 57.5156 26.5381 96.1148 37.5529 150.906 8.81931 17.6135 309.369 37.3389 15.7566 55.276 0 6.76236 40.2532 28.7635 5.84431 0.0401323 0.218046 4.32802 29.1205 6.04073 7.27745 0.0390986 2.00669 
350.983 261.671 14.557 271.966 116.49 290.872 87.3635 30.2623 259.677 76.9454 8.03389 24.9769 61.1927 14.4547 12.9078 0.00679098 0 230.712 263.649 17.0349 17.8211 11.7217 12.7569 0.0402951 279.727 21.8482 22.3854 16.9382 
205.842 423.014 91.0455 6.70419 8.28898 5.28823 36.9643 167.363 97.659 28.4236 129.851 133.487 97.2634 53.1414 57.739 0.409113 266.752 0 149.967 87.5112 122.509 29.5995 14.5057 0.426828 19.9511 7.15349 15.3746 14.4308 
21.2209 0.509142 6.73544 25.9457 282.563 68.6265 157.025 89.8691 133.208 74.4068 5.2493 76.7164 65.8357 12.5533 26.3327 4.04392 245.445 143.299 0 7.82121 44.5518 4.12436 0.0355256 0.183916 28.5424 27.8559 24.35 26.7272 
105.444 68.2038 0.334836 1.81951 67.0738 8.33618 40.3074 24.818 73.162 1.04263 83.7496 76.6135 32.8049 4.02605 9.97141 3.22556 16.4744 86.108 25.9194 0 41.5643 4.14714 2.45161 5.32796 12.5023 2.77497 0.00557504 4.17287 
38.078 140.18 100.422 78.1259 65.8646 62.1578 71.5531 123.345 0.0131991 22.0141 5.7427 145.441 73.9589 40.4783 4.34844 12.655 1.48957 123.576 0.0410831 327.339 0 4.2843 40.0319 30.7852 17.846 0.000133398 35.5835 8.39422 
8.95244 31.5469 9.99291 13.8189 56.4505 3.79534 43.4782 39.2347 26.4958 12.5014 44.874 72.2461 6.35305 8.45774 0.00282829 2.93177 0.164549 15.5592 2.98494 4.02496 4.04923 0 15.1157 9.79296 9.14836 10.5547 6.75369 6.67515 
30.1982 2.01799 0.000761691 5.72069 0.348916 16.1461 70.3674 55.1028 2.13118 1.75298 9.50574 87.972 39.2357 1.11139 13.2104 2.25438 2.71596 35.0093 18.6132 2.19695 39.6785 15.0947 0 11.8331 23.092 10.3554 9.10161 5.40508 
0.97311 58.1456 14.743 25.3362 54.4238 2.57471 2.67791 137.528 19.9171 2.18597 55.4282 185.326 26.2216 7.65832 21.2385 1.08161 12.1749 48.3516 0.590639 0.517669 10.6899 0.306846 5.98178 0 37.8352 0.392019 0.106676 13.6049 
265.766 335.088 27.6523 262.548 1.89684 264.413 25.1052 145.256 362.909 68.0447 111.801 700.676 16.7282 0.687826 13.4002 55.4045 261.877 24.4366 9.6067 2.41993 0.222155 6.2051 6.17989 36.7722 0 44.4231 22.3126 20.6798 
20.1524 70.0994 3.1911 36.3361 69.6373 2.64954 1.95915 125.809 132.992 69.5274 1.60755 399.548 46.7745 11.3389 19.3953 3.66687 15.8711 6.42288 6.77923 5.64242 25.1815 9.78024 3.03445 0.0456504 20.5065 0 37.0686 16.3643 
38.7181 42.6568 15.5519 11.7768 43.0859 10.8821 26.1092 61.0621 75.4273 18.1839 2.71158 46.1884 17.1412 11.3076 14.1415 0.0155421 0.931766 1.08349 17.1142 7.50332 1.23362 6.94183 1.11722 0.124042 36.8851 34.3256 0 14.4599 
35.2043 3.85898 10.8152 0.224973 20.1323 12.7466 55.3198 133.294 3.22011 16.9131 0.143561 175.868 19.3247 5.25456 1.32267 0.173341 4.65762 10.5022 2.19272 0.499593 9.17394 7.87598 0.0861075 7.71947 0.830721 11.677 10.6322 0 
