0 319.005 95.472 309.793 48.4734 165.722 212.661 49.1301 273.656 98.041 193.113 228.495 82.1264 53.7363 65.2271 63.5205 132.608 228.77 101.137 53.797 129.963 40.3781 42.3574 48.5204 199.378 55.7076 45.1361 21.3278 
257.531 0 361.73 387.381 127.428 361.87 138.493 162.493 198.796 125.357 266.577 139.359 74.2767 0.574606 95.5138 9.66809 190.477 714.789 95.2085 33.9677 67.8231 50.9408 41.3907 12.0394 185.636 82.0211 51.1167 60.9555 
3.81431 114.173 0 263.216 176.57 59.6454 37.1912 171.82 100.758 62.932 163.174 13.0971 28.4595 9.62896 8.62381 19.6857 23.7582 5.83892 28.3069 0.576711 82.8701 0.000822156 8.92941 6.079 0.0201115 12.7837 0.562868 11.2348 
259.209 388.78 173.48 0 97.1544 178.832 16.3251 945.703 452.248 4.55753 15.0238 249.54 26.2482 16.7247 38.4395 14.0615 139.735 33.2033 6.30611 31.1556 179.766 4.09349 18.5021 2.28111 140.009 34.1742 27.0915 32.2215 
18.5846 477.576 186.565 75.7611 0 27.8047 50.6751 202.902 147.107 116.12 8.12708 75.5082 71.6791 46.6422 39.6788 46.3105 2.42089 224.495 5.96884 46.978 42.032 38.4104 55.9117 56.1345 18.385 0.299015 2.81978 19.3202 
128.716 189.565 16.6457 189.785 663.831 0 602.421 21.845 534.211 417.95 48.3321 158.126 406.182 11.7693 0.0769185 22.4757 137.022 14.0192 82.6804 23.5572 0.0697041 13.9718 14.2819 5.40485 145.472 27.8188 4.42453 9.34157 
109.711 120.908 221.715 123.793 188.806 79.5521 0 309.753 52.3886 44.8293 484.324 116.156 86.0537 96.8928 36.2492 92.4855 79.1381 179.082 16.9858 15.8755 99.6448 62.824 5.99598 48.6765 57.8197 18.4126 8.16367 13.0581 
286.36 20.0891 156.926 326.194 208.234 156.998 359.397 0 475.564 27.8267 35.2289 504.657 64.8512 124.446 75.6363 129.764 8.14509 20.2343 112.437 23.2799 146.45 54.8845 6.91668 130.273 189.933 172.855 86.6485 46.1989 
307.189 296.57 329.677 136.774 158.541 600.09 790.241 75.3712 0 385.613 1255.66 14.925 165.565 129.909 91.6369 128.167 134.061 205.166 70.5575 15.1723 148.237 67.4797 40.9432 96.9866 214.791 103.904 47.1272 13.8607 
12.183 96.5108 87.6182 106.928 291.644 282.46 467.571 191.539 291.05 0 469.978 41.1923 27.0853 83.9447 2.31145 73.5997 1.91718 33.4608 0.391474 53.7559 0.274745 39.916 36.4055 41.6249 4.26642e-06 71.0824 42.74 1.32113 
91.8848 172.608 45.2607 79.2842 60.4099 0.149789 440.687 359.112 793.272 255.944 0 47.5779 107.918 186.141 284.789 186.975 87.5682 6.97953 17.4786 73.8417 140.478 78.5829 28.0379 41.6699 114.552 54.3736 13.7179 74.5938 
177.694 118.03 103.915 220.886 117.538 136.15 284.719 848.389 389.393 113.719 379.815 0 125.959 155.352 241.553 101.964 26.1934 9.11776 30.531 67.9912 168.338 74.8567 52.6265 83.7934 158.334 379.322 106.765 137.46 
36.5163 136.617 0.0416896 0.357655 123.598 115.351 24.8329 78.1665 127.22 324.464 245.881 11.2083 0 40.34 25.5729 6.03389 63.3389 84.1414 73.4885 39.4878 0.495029 90.3275 51.7624 0.657261 50.4634 1.46345 23.519 20.029 
53.227 71.025 16.6317 3.5877 54.5891 14.9489 1.01301 24.283 129.84 3.87478 184.01 34.3953 153.287 0 16.962 17.456 22.0065 15.2947 4.30857 0.0399002 31.6996 2.50636 0.258052 10.2556 0.888774 11.6883 6.77184 6.66643 
5.84646 1.17401 0.755689 39.2386 18.7998 40.7444 14.1461 166.778 163.118 123.704 199.535 196.936 3.0606 46.9067 0 72.0135 25.5268 17.8917 20.7281 11.2056 2.32062 15.0721 2.4554 27.9309 13.2671 20.3142 17.1755 23.1608 
69.5665 80.5621 1.20701 38.2516 21.8863 0.22257 103.8 205.74 35.0668 71.6138 189.115 158.148 44.6696 12.6028 89.6657 0 4.653 7.01783 15.8863 8.90271 62.7303 8.73238 11.0841 18.4375 6.34782 27.4031 10.6999 9.65043 
192.072 232.739 55.0034 151.771 34.439 135.182 65.4785 3.63315 218.505 2.57522 94.5954 71.9765 45.8224 4.52447 1.75768 18.158 0 286.409 543.748 0.00379953 33.6805 19.015 13.6575 3.11751 124.914 11.1309 2.35008 17.663 
29.8932 157.85 126.994 144.553 73.2799 123.245 155.028 60.0565 210.278 27.2776 95.329 5.96722 81.0332 2.12843 41.7877 14.9473 176.295 0 57.6488 49.9918 0.373156 41.8457 44.6272 4.5612 2.42046 36.7344 1.56099 51.2752 
9.6693 169.639 61.0399 40.0454 7.55276 25.1563 65.6478 44.477 0.154191 29.1262 50.9425 14.9087 54.2152 27.3149 33.4229 29.6086 48.2082 82.2375 0 0.884998 63.2324 17.1476 18.22 22.5986 22.7744 27.5453 19.81 12.213 
214.887 65.9837 5.32237 31.4961 67.8211 19.1744 90.9857 110.052 101.974 40.372 0.757119 95.8709 0.235213 3.37438 1.38402 6.92875 34.0368 41.8612 14.323 0 327.599 5.79076 2.35896 6.1355 1.18284 0.378674 5.96193 8.85762 
210.635 112.677 94.8258 183.462 14.3962 13.596 117.676 204.15 149.384 8.6948 49.3286 0.00315173 69.8624 22.1299 14.6042 54.7319 9.89403 0.717569 55.7522 108.311 0 3.61875 14.2607 0.0365436 1.30804 24.1198 1.25074 16.3143 
21.0515 41.2319 11.8749 6.49497 9.48808 0.628378 62.5971 3.81026 66.5046 18.6532 23.9854 61.7019 48.0586 3.09508 2.87955 4.28835 2.04368 40.1337 18.6515 2.00264 25.1801 0 14.296 4.01178 21.7779 10.5724 3.6261 9.96828 
36.4506 44.6932 12.5586 2.77619 39.452 2.52785 69.0434 5.66965 17.0079 59.6259 35.1731 30.2626 60.8375 0.668341 19.2173 12.1996 3.42946 39.0084 14.1094 2.6102 11.946 14.2429 0 16.2024 14.414 3.0097 0.0772794 0.268191 
21.8167 61.3133 6.74669 3.68821 2.86416 16.9619 50.9379 136.395 82.368 50.2136 30.5898 156.109 8.45284 9.64689 21.969 14.119 5.07052 39.5745 23.9732 1.54502 7.61688 4.1102 2.31445 0 18.1721 4.81544 18.9928 5.50675 
124.914 129.21 16.7216 160.484 9.4685 126.818 51.1948 25.4714 173.38 0.187735 96.4942 242.957 10.8201 2.03104 10.8391 35.1348 152.642 0.926728 1.56175 11.5976 22.8079 76.5915 29.073 43.2044 0 86.5796 158.474 3.2617 
41.2374 75.8376 27.2533 37.6999 38.4872 17.1793 85.0732 194.519 35.2951 11.229 45.567 1.68473 46.7928 0.00851204 26.8898 23.3174 17.6127 37.8778 7.21972 9.33768 0.0220709 9.74412 10.3589 2.08039 25.0574 0 33.8621 63.6463 
30.0435 54.1271 0.492902 1.53453 1.16985 13.6523 0.0045033 97.2769 29.0524 0.363654 1.79978 54.7223 15.7156 2.65148 17.261 9.30255 21.7653 3.46544 5.85882 10.3499 35.6246 3.45755 11.5354 19.2507 10.4772 17.9983 0 12.5535 
58.4729 36.7721 4.49899 0.00721386 37.2813 21.0777 1.91376 135.138 16.7515 0.414882 105.282 0.09365 31.0441 10.4462 18.923 5.13465 5.2997 50.7106 23.1976 4.03597 3.23637 0.25533 6.11887 12.2659 17.9356 20.9153 75.8088 0 
