0 334.133 96.2988 319.556 49.0622 177.783 213.271 48.4825 284.78 98.3284 193.047 228.468 82.0016 53.7288 65.2841 63.4109 144.463 228.981 101.268 53.528 130.628 40.3795 42.3866 48.4682 211.137 55.8214 45.105 21.261 
272.294 0 364.929 400.259 125.036 373.575 136.07 163.256 211.711 126.022 266.492 138.93 74.0265 0.556987 95.4764 9.58376 201.951 573.564 95.5971 33.6521 68.1508 50.9288 41.3337 12.097 197.32 82.054 51.1409 60.9889 
3.59629 110.953 0 261.039 176.276 59.5108 37.9446 172.858 98.201 62.6545 163.935 13.3507 28.3477 9.60108 8.56026 19.6462 23.8458 5.67309 28.4152 0.593531 83.157 0.000649981 8.91452 6.05794 0.0225891 12.8335 0.556231 11.2633 
269.021 399.449 172.888 0 96.7482 190.742 15.9811 1154.73 464.304 4.47025 15.3063 249.195 26.1512 16.6938 38.4622 13.968 151.578 32.9288 6.36421 31.0377 179.99 4.08123 18.5126 2.30431 151.706 34.0933 27.0832 32.2365 
18.1989 475.862 186.685 76.1732 0 26.3938 51.8921 203.155 146.004 117.317 8.33842 75.7914 71.3254 46.5509 39.8348 46.2094 2.49891 224.26 6.30451 46.8116 42.2029 38.3554 55.9 56.1257 18.3161 0.287638 2.80114 19.3726 
140.594 202.151 16.4575 201.491 813.21 0 693.638 22.224 543.859 483.053 49.1068 158.076 321.63 11.8079 0.0852842 22.4382 148.865 14.1773 82.5573 23.5703 0.0634822 13.9954 14.2669 5.38351 157.28 27.8179 4.40885 9.31561 
110.454 118.595 221.047 124.414 186.936 72.3346 0 308.465 58.496 43.1793 483.992 116.863 85.5222 96.8997 35.9404 92.6094 79.2804 178.617 17.1882 15.999 99.4425 62.8308 5.93938 48.7678 57.9578 18.5487 8.20529 12.9878 
286.815 19.7036 155.865 329.939 208.454 156.442 358.407 0 478.727 28.1575 35.8873 513.161 65.0685 124.384 76.1228 130.783 8.08359 20.4186 112.494 23.4452 146.818 54.8322 6.83388 130.415 190.075 173.557 86.7445 45.9531 
319.565 306.882 326.78 148.025 159.656 611.834 805.025 73.1507 0 385.437 1180.58 15.4204 165.897 130.198 93.4391 127.91 145.913 204.954 70.2864 15.0533 148.502 67.4529 40.7812 96.9316 226.352 104.168 47.041 13.764 
12.0243 97.1627 87.3817 106.92 290.817 277.056 469.163 191.891 292.334 0 472.996 41.6455 27.8835 83.9612 2.20888 73.439 1.88426 33.6654 0.41867 53.7878 0.287407 39.9982 36.3123 41.541 0.000115193 71.0149 42.7689 1.34252 
92.2379 173.217 44.6272 78.7597 59.9006 0.106159 439.441 358.663 788.305 252.35 0 46.3428 107.283 185.661 286.99 186.363 87.5103 7.08266 17.6078 73.762 140.576 78.5723 28.2683 41.4296 114.305 54.752 13.7929 74.7543 
178.099 117.588 103.421 221.51 117.264 136.389 284.726 854.827 388.912 113.115 377.906 0 125.752 155.131 242.247 98.9843 26.1136 9.21532 30.4259 68.1197 168.328 74.8829 52.8783 83.2556 158.592 378.286 106.636 137.096 
36.6525 136.48 0.0473412 0.343675 123.265 115.771 25.1791 77.9478 127.628 324.032 245.651 11.0792 0 40.8904 25.8338 6.12172 63.3576 84.2448 73.4086 39.463 0.506765 90.3164 51.5495 0.680951 50.4234 1.44144 23.5505 19.9857 
53.2413 71.0379 16.6357 3.61257 54.6695 14.985 0.97608 24.4816 130.037 3.79898 184.502 34.7505 153.108 0 16.5297 17.5021 22.004 15.3453 4.28823 0.0407225 31.7401 2.48999 0.240583 10.2629 0.901535 11.6739 6.76046 6.65123 
5.90107 1.21009 0.777351 39.2493 18.674 40.7137 13.9346 166.481 162.521 123.912 201.936 195.963 3.16173 46.4868 0 72.6064 25.507 17.9647 20.7731 11.2002 2.29498 15.0543 2.40616 27.9163 13.3292 20.2451 17.1915 23.1537 
69.6581 80.6195 1.22793 38.1888 21.981 0.213866 103.801 204.909 35.3624 71.7802 188.515 154.703 44.839 12.528 89.6839 0 4.63546 7.0626 15.8549 8.90913 62.7413 8.71819 11.1057 18.5704 6.32072 27.3228 10.6744 9.60833 
203.69 244.784 54.9837 163.463 34.1798 147.021 65.3228 3.59104 230.388 2.53725 94.6178 72.0435 45.7629 4.53907 1.7706 18.1369 0 286.272 550.941 0.00465526 33.7467 19.0061 13.6699 3.12855 136.687 11.1537 2.35864 17.6475 
30.286 160.846 127.367 144.489 72.7695 123.205 154.51 60.3317 210.449 27.4674 95.0709 6.04706 80.9246 2.1066 41.7064 14.887 177.349 0 57.3605 50.1314 0.391014 41.8387 44.6193 4.53529 2.44432 36.6679 1.54874 51.2736 
9.77588 169.538 61.0181 39.9527 7.92873 24.9611 65.9689 44.6261 0.171828 28.9245 51.1266 14.9901 54.3254 27.3104 33.3923 29.6198 47.434 81.9424 0 0.871436 63.1818 17.1671 18.2037 22.5892 22.7985 27.5276 19.8228 12.1922 
215.364 66.3535 5.27653 31.3788 67.6706 19.2053 90.9207 109.952 102.043 40.3038 0.778166 95.8977 0.228748 3.37849 1.39211 6.93938 34.0347 42.0022 14.2797 0 327.041 5.78818 2.3624 6.13776 1.17459 0.383587 5.97044 8.84873 
210.176 113.003 95.088 181.9 14.5107 13.6769 117.506 204.259 149.646 8.62743 49.1331 0.00127976 69.9071 22.0856 14.5473 54.6765 9.94064 0.693336 55.8153 110.435 0 3.60522 14.2945 0.033901 1.28816 24.1957 1.26263 16.3602 
21.0842 41.1929 11.8802 6.50889 9.44438 0.637134 62.608 3.77927 66.4732 18.5736 24.07 61.7706 47.8697 3.11265 2.89846 4.27304 2.03515 40.148 18.6699 2.00672 25.1619 0 14.3151 4.03556 21.8026 10.5695 3.61632 9.96453 
36.4099 44.6406 12.5602 2.79334 39.3948 2.54385 69.0868 5.74556 16.8848 59.6012 34.9246 30.4805 60.6349 0.640648 19.1459 12.2096 3.43997 39.0355 14.1288 2.61355 11.9783 14.2625 0 16.0864 14.3596 2.9956 0.0747475 0.264582 
21.8856 61.2987 6.76812 3.71683 2.89072 16.951 50.849 136.318 82.4864 50.2815 30.8086 155.703 8.53254 9.63027 22.0389 13.9814 5.05724 39.6088 23.9733 1.5503 7.65249 4.08629 2.40209 0 18.0125 4.84468 18.9856 5.52551 
136.684 141.03 16.766 172.196 9.41486 138.61 51.0527 25.8279 185.376 0.199073 96.778 156.105 10.7673 2.04963 10.8988 34.3358 164.415 0.94171 1.54975 11.6085 22.7417 77.8264 29.0753 43.2695 0 88.8184 153.971 3.62341 
41.1134 75.7661 27.243 37.6306 38.399 17.1368 85.1966 193.917 35.5513 11.1356 45.9269 1.99963 46.7434 0.00975857 26.8406 23.2196 17.6349 37.8118 7.24445 9.32593 0.0192526 9.75018 10.3609 2.10173 25.1404 0 33.9174 63.6374 
30.0906 54.1363 0.486681 1.52047 1.18208 13.6345 0.00561334 97.2274 29.1367 0.355453 1.77065 54.9226 15.7472 2.64163 17.2451 9.27684 21.7605 3.48334 5.87293 10.3458 35.653 3.44791 11.5473 19.2527 10.5619 18.0871 0 12.8757 
58.4448 36.7013 4.52186 0.00867892 37.334 21.0632 1.88457 135.111 16.647 0.427024 105.21 0.114953 31.0845 10.436 18.9511 5.09916 5.28542 50.7011 23.212 4.0259 3.21242 0.252813 6.10782 12.2798 17.9444 21.1758 76.1712 0 
