0 589.326 109.567 487.382 58.835 382.436 222.681 38.6089 474.327 102.881 191.818 227.766 79.9788 53.5879 66.1654 61.6276 345.799 231.982 103.3 53.3713 141.202 40.3952 42.8425 47.616 410.834 57.618 44.5979 20.1986 
522.951 0 411.115 616.506 89.0592 571.51 99.4139 175.393 430.837 136.616 264.732 132.005 70.0203 0.312226 94.8047 8.27979 397.158 488.661 101.767 28.7455 73.4357 50.7255 40.4128 13.0337 395.852 82.5323 51.5168 61.5056 
0.974132 64.299 0 218.438 171.126 57.2123 50.7968 189.155 60.9015 58.2057 175.829 17.7079 26.5712 9.15361 7.56636 19.0009 25.2537 3.33526 30.1511 0.894032 87.6847 0.00064359 8.67404 5.72327 0.0819008 13.632 0.455383 11.7179 
438.562 580.471 186.48 0 90.2052 392.836 10.94 1090.5 667.153 3.18534 20.1536 242.95 24.6108 16.1943 38.7917 12.4935 352.68 28.6524 7.32635 29.1302 180.801 3.887 18.6729 2.69033 350.464 32.7704 26.9411 32.459 
12.5519 445.371 188.092 82.7792 0 15.7158 72.9914 206.993 128.538 136.784 12.0758 80.3429 65.7108 45.0806 42.3396 44.5835 3.91107 220.187 12.8851 44.1556 44.9655 37.4697 55.6951 55.9673 17.2259 0.135449 2.5113 20.2176 
342.42 415.509 13.5529 400.28 930.649 0 607.388 28.6703 706.279 182.779 62.1279 157.09 595.507 12.4238 0.277358 21.8251 349.982 16.809 80.4724 23.7648 0.00348705 14.3696 14.0208 5.04511 357.803 27.7855 4.16071 8.90129 
122.437 83.942 209.454 134.208 157.423 8.00803 0 287.152 196.942 20.7514 476.255 128.252 77.1067 96.9154 31.124 94.5084 81.5261 170.994 20.568 18.0253 96.1754 62.9173 5.06772 50.218 60.1504 20.7809 8.88248 11.8819 
293.491 14.0141 138.765 396.688 211.749 147.346 341.498 0 526.804 33.6722 47.1415 647.563 68.555 123.257 83.957 147.046 7.12793 23.4663 113.356 26.1483 152.619 53.9848 5.5731 132.53 191.977 184.411 88.2422 42.0712 
529.007 483.766 278.697 341.198 177.572 806.017 1025.17 41.762 0 381.084 526.542 24.3915 171.066 134.649 138.68 123.653 347.184 201.376 65.9672 13.2028 152.643 67.0045 38.2024 95.9913 422.895 108.299 45.6581 12.2548 
9.62022 107.667 83.5081 106.676 276.656 191.21 490.594 197.306 312.014 0 517.626 49.1559 42.0372 84.1202 0.881527 70.7975 1.39614 36.9964 0.977655 54.2722 0.528925 41.3031 34.8163 40.1851 0.0474063 69.8815 43.2218 1.70701 
97.8985 182.815 34.9636 70.456 51.9605 0.427058 417.601 350.651 688.083 196.198 0 28.6315 97.1979 177.497 320.439 176.119 86.5572 8.83001 19.7291 72.461 142.069 78.373 32.0498 37.6379 110.263 60.8915 15.0166 77.2944 
184.421 110.503 95.4992 230.895 112.855 140.065 284.343 944.041 380.175 103.491 346.342 0 122.384 151.331 252.434 56.2449 24.8481 10.8398 28.7599 70.1506 168.048 75.2763 56.9297 74.7095 148.146 358.55 104.495 131.099 
38.8483 134.185 0.186341 0.157819 117.859 121.676 30.996 74.4453 134.096 315.515 241.562 9.10869 0 49.9985 30.1278 7.60623 63.6407 85.8768 72.0993 39.0571 0.712976 90.0309 48.1265 1.11685 49.7674 1.11108 24.0537 19.2934 
53.4499 71.2072 16.6877 4.01987 55.9338 15.5549 0.477655 27.7419 133.024 2.68494 191.893 40.6055 149.6 0 10.1659 18.1704 21.9606 16.1623 3.96836 0.0549835 32.3822 2.23343 0.043536 10.3551 1.11758 11.4347 6.57738 6.40748 
6.80582 1.86101 1.16475 39.384 16.7066 40.1683 10.7458 161.447 152.721 126.966 240.175 179.929 4.99247 39.3204 0 80.9244 25.1853 19.1461 21.4913 11.1098 1.90448 14.7622 1.68054 27.6151 14.3265 19.1253 17.4414 23.0258 
71.0801 81.4859 1.58549 37.1349 23.5101 0.0982631 103.71 191.027 40.2037 74.3735 178.455 102.905 47.5437 11.3102 88.2791 0 4.35889 7.7962 15.3523 9.00845 62.889 8.48837 11.4301 20.6439 5.94273 25.9774 10.2652 8.93908 
401.175 449.037 54.6319 362.134 30.1361 348.072 62.8243 2.95032 432.086 1.96691 94.9478 73.0998 44.8042 4.77519 1.98344 17.797 0 282.999 191.795 0.030114 34.8067 18.8617 13.8672 3.3074 336.659 11.5192 2.49735 17.3977 
36.8625 205.298 133.141 143.26 64.7421 122.441 146.115 64.7768 212.964 30.5705 90.9324 7.39171 79.1635 1.77195 40.3984 13.9331 193.91 0 52.7916 52.3569 0.733581 41.7204 44.483 4.12922 2.84143 35.6017 1.35929 51.238 
11.5507 167.704 60.6194 38.4586 15.1392 21.9038 71.1332 47.0279 0.582886 25.7637 54.0918 16.3154 56.0787 27.2298 32.891 29.7912 35.2303 77.208 0 0.668417 62.3582 17.4768 17.9397 22.4346 23.1814 27.2388 20.0265 11.8587 
221.852 72.2797 4.5629 29.4789 65.2309 19.689 89.8078 108.251 103.086 39.2028 1.15421 96.27 0.137556 3.44379 1.5242 7.10768 33.9893 44.26 13.5915 0 314.147 5.74641 2.41723 6.17227 1.04605 0.466239 6.10661 8.70487 
202.491 118.176 99.183 156.92 16.3986 14.9949 114.738 205.787 153.738 7.58267 46.0334 0.0843138 70.6068 21.3768 13.6493 53.7693 10.699 0.361745 56.8164 145.558 0 3.39173 14.8389 0.00509631 0.990661 25.4145 1.46037 17.1 
21.6069 40.5634 11.9625 6.73217 8.75723 0.785087 62.7603 3.30011 65.9518 17.314 25.4354 62.855 44.8417 3.39772 3.20807 4.02958 1.90083 40.3718 18.9615 2.07228 24.867 0 14.5961 4.42183 22.1863 10.5205 3.46107 9.90305 
35.7506 43.7873 12.5803 3.07368 38.472 2.80522 69.7445 7.02364 14.965 59.1681 31.0244 34.0394 57.3482 0.273816 17.966 12.3459 3.61002 39.4631 14.4394 2.66685 12.4994 14.5515 0 14.1106 13.4821 2.77292 0.0399399 0.210069 
22.992 61.0411 7.11135 4.18773 3.33182 16.768 49.4105 134.909 84.3367 51.3435 34.3823 148.96 9.84925 9.34223 23.1163 11.7939 4.84645 40.151 23.9707 1.63548 8.23302 3.70929 3.98479 0 15.5 5.31917 18.8587 5.82765 
336.657 341.784 17.4735 371.156 8.57383 338.901 48.7738 31.8136 388.931 0.426154 101.257 703.662 9.93587 2.35653 11.8647 21.8352 364.387 1.19752 1.36385 11.7795 21.6839 90.5366 29.0689 45.0491 0 117.529 63.1297 43.341 
39.1276 74.5798 27.0549 36.4841 36.9845 16.4536 87.1075 183.815 39.7267 9.68746 51.7985 10.6381 45.9352 0.0412989 26.0196 21.6184 17.9886 36.7532 7.64446 9.13541 0.000338193 9.84498 10.3863 2.4555 26.4585 0 34.7559 63.1682 
30.8439 54.272 0.392518 1.30368 1.38649 13.3484 0.0399684 96.3868 30.4932 0.236967 1.33534 58.1381 16.2529 2.48588 16.9872 8.86549 21.6818 3.77517 6.09975 10.2789 36.1027 3.29502 11.7339 19.2718 12.0321 19.5072 0 18.4722 
57.9737 35.5659 4.89365 0.0505424 38.1739 20.8245 1.44654 134.541 15.0094 0.644188 104 0.752507 31.7251 10.2686 19.3903 4.54295 5.05881 50.5385 23.4388 3.8655 2.8406 0.214162 5.93031 12.4968 18.0799 25.4416 81.5348 0 
