0 771.662 155.483 358.617 89.3882 272.66 265.614 153.951 404.69 108.716 28.3229 227.367 11.1083 52.6479 69.6237 61.6276 252.084 6.62802 111.24 178.61 104.783 2.5724 0.637686 57.1197 267.949 41.9396 37.7978 0.962344 
742.63 0 358.238 220.792 514.539 383.128 227.122 170.102 264.822 160.397 266.885 183.345 116.473 7.88162 89.2232 52.8698 343.053 523.127 88.5706 30.858 99.3435 46.1258 0.78273 20.3588 207.593 36.3007 48.9074 27.5517 
188.496 112.802 0 293.878 50.2735 11.6117 205.896 2.32239 24.1156 113.694 13.9362 0.560601 25.8025 14.2357 12.5325 24.0296 55.4119 121.225 18.645 6.29255 90.1725 5.4011 4.40127 0.052206 16.8522 25.0273 15.6596 4.07802 
409.331 439.636 368.712 0 15.3724 272.667 116.15 1306.1 512.207 94.7377 3.67664 224.458 0.99184 22.493 17.5301 0.265614 233.071 126.837 53.9592 1.50964 459.695 9.10951 2.85125 26.0853 206.695 32.2613 5.88896 31.0001 
2.17482 385.187 6.43765 142.783 0 187.571 82.2039 10.3412 355.307 249.256 168.502 179.872 97.9093 4.56661 39.0559 11.4905 152.247 153.593 282.273 84.4878 99.6697 46.7006 8.70032 0.0877072 0.00418324 45.3187 49.1138 5.63437 
223.239 205.65 5.30854 243.099 708.508 0 112.706 38.4966 665.172 1005.55 266.914 157.599 302.586 5.15047 40.5915 3.41273 236.47 97.5216 87.155 2.39439 28.7279 2.47815 0.431232 14.8685 231.746 3.05373 2.27738 1.36982 
206.689 207.028 54.675 20.7939 434.423 417.629 0 304.142 572.468 438.343 348.652 266.13 158.101 96.2733 108.258 70.5793 56.5582 56.4136 144.174 33.2377 93.1967 41.5053 4.02154 68.7522 49.733 58.0435 6.92521 68.9374 
197.019 16.3914 255.314 435.714 14.9206 205.129 243.458 0 7.17677 136.253 371.495 1028.74 0.175625 25.2633 0.980182 147.962 22.0982 132.066 13.8342 69.5929 39.0836 65.259 10.7409 128.329 0.117259 3.7446 99.0584 69.136 
223.717 613.635 213.073 247.102 10.2988 662.483 1274.53 654.647 0 253.316 924.499 397.169 110.021 45.8884 116.503 4.92334 284.779 190.948 133.931 18.0955 0.0151899 24.4397 1.31597 2.56695 221.061 134.119 6.2404 1.80121 
6.84878 186.466 103.852 1.53094 170.443 316.864 74.933 1.25379 49.1809 0 0.483343 95.1268 205.459 75.4333 126.585 83.8597 78.2816 35.526 12.0386 20.0708 1.73051 46.6447 8.74246 53.165 69.3175 52.2359 18.3041 13.274 
180.647 170.167 204.684 159.101 16.4416 249.933 437.423 14.4122 750.109 569.228 0 486.319 33.7415 207.543 404.165 20.9185 1.30566 126.067 1.12462 18.7663 144.757 70.4355 62.4944 121.429 0.34394 0.159655 11.9667 54.2032 
186.709 198.499 158.087 81.3648 0.767243 115.283 51.7605 874.47 6.84965 229.787 165.093 0 1.97981 166.067 125.982 381.54 72.7308 138.442 0.775478 32.8718 19.6482 55.6821 63.5368 168.346 168.84 16.4686 111.4 45.3103 
91.2058 148.719 69.2574 14.165 46.7724 23.0671 175.429 147.616 150.934 83.1858 23.1371 68.4671 0 86.989 1.32756 76.6374 22.0049 63.9503 0.061897 25.9283 2.59141 62.7966 29.3671 43.6328 53.745 37.0634 9.64361 31.5369 
53.9046 62.3485 14.3459 2.43634 67.485 2.67653 8.66626e-06 62.1739 21.857 19.1103 80.0621 11.5767 126.673 0 32.9884 15.0944 1.15736 22.7841 25.709 0.312738 11.463 7.82567 0.465178 10.1355 1.66263 0.0470829 10.0037 9.43728 
34.5485 7.76532 0.0213336 14.1878 19.3059 0.121625 129.719 150.898 149.883 18.2411 402.948 7.2968 20.3879 58.24 0 20.0528 12.3875 5.12629 29.0867 0.914088 18.8272 17.5486 0.0700292 5.73918 10.7284 11.2823 19.2623 2.27984 
71.0801 22.3922 4.44646 11.5319 57.866 26.6025 96.5269 40.4652 151.172 9.29971 19.3346 323.618 36.6645 15.5098 58.1659 0 6.84275 40.5214 28.8231 5.89037 0.0583419 0.235478 4.19777 29.1994 5.76546 6.92339 0.0302999 1.91123 
299.635 209.524 14.2466 219.93 117.554 238.773 86.8498 30.6772 207.76 77.192 7.80566 25.292 61.3103 14.3858 13.0169 0.00415845 0 227.224 106.275 17.1886 18.0542 11.6641 12.8086 0.0459088 227.901 21.7736 22.3908 16.8741 
204.236 421.234 89.2561 7.26376 7.49479 5.69793 35.3838 167.984 99.3586 29.1976 130.737 134.018 96.9777 53.0993 57.4917 0.45613 268.937 0 150.087 87.5529 122.38 29.7181 14.357 0.46073 19.7236 7.32744 15.2476 14.2698 
21.8185 0.692338 7.00892 26.3262 284.789 67.8749 156.853 89.3504 132.444 73.4737 5.55125 77.104 65.4482 12.6649 26.1646 4.12939 246.803 143.794 0 7.67641 44.843 4.06332 0.0420586 0.198275 28.4839 27.7881 24.3454 26.7389 
109.523 69.6855 0.285718 1.63647 67.678 8.19301 40.961 25.4975 72.5269 1.12547 83.589 77.0682 32.6535 4.03925 9.93502 3.27005 16.3209 86.253 25.758 0 35.7696 4.13034 2.43796 5.346 12.5369 2.82234 0.0041427 4.13231 
40.0298 141.29 101.398 78.5547 66.599 62.4919 72.4278 124.929 0.000373613 21.619 5.42712 146.163 74.0871 40.371 4.48726 12.9182 1.56787 123.614 0.0565245 324.871 0 4.34274 40.043 30.5977 18.0966 0.0025853 35.4692 8.54075 
8.84397 31.3583 9.95617 13.7749 56.4033 3.71702 43.2131 38.9696 26.777 12.2236 45.238 72.0829 5.97138 8.39241 0.00601436 2.98694 0.174862 15.684 2.93169 4.04193 3.99252 0 15.1439 9.88991 9.25251 10.5425 6.79705 6.70681 
30.3848 1.92472 0.00212185 5.63162 0.389127 16.1696 70.5025 55.7613 2.32447 1.62798 8.93244 87.0248 38.3857 0.974601 12.8765 2.1497 2.75434 34.8763 18.5497 2.18309 39.7068 15.125 0 11.2827 23.1246 10.3467 9.03803 5.45014 
1.04746 58.0047 14.7834 25.2637 54.3333 2.64035 2.53153 137.293 19.4252 2.32311 54.4109 185.752 25.75 7.54522 20.9452 0.883357 12.1136 48.3635 0.565862 0.531189 10.5278 0.276854 6.48846 0 37.3842 0.432007 0.12509 13.568 
214.276 283.419 27.5964 210.588 2.00044 212.795 25.6166 143.423 310.448 67.8526 110.78 259.993 16.4836 0.643434 13.1521 55.2505 210.187 24.1993 9.70838 2.37515 0.25655 4.64223 6.40091 36.4305 0 39.8084 28.6702 23.2483 
20.5857 70.4605 3.0643 36.037 69.7241 2.75293 1.76914 128.994 133.579 69.2217 1.30753 398.989 46.9715 11.4019 19.1131 3.40041 15.7795 6.58888 6.87627 5.58643 24.8763 9.804 3.09113 0.0331776 20.9357 0 36.9548 17.3418 
38.8826 42.4928 15.4886 11.8987 42.9799 10.8064 25.8684 60.517 75.268 18 2.57025 46.9726 17.0136 11.3048 14.0568 0.0220054 0.909616 1.04279 17.1744 7.53517 1.18691 6.98511 1.1548 0.105708 37.3991 34.5331 0 13.127 
34.927 3.9954 10.7016 0.194913 20.3447 12.6413 55.0003 133.549 3.02493 16.6549 0.197313 175.656 19.4975 5.31535 1.25746 0.145004 4.60328 10.3579 2.23884 0.482522 9.02317 7.84735 0.0945897 7.64227 0.886745 10.8318 11.8547 0 
