0 774.349 130.092 535.776 75.3232 486.65 235.912 25.1719 554.669 109.807 189.261 225.614 76.7291 53.292 67.4223 58.7225 444.807 235.222 106.223 61.8014 157.401 40.3926 43.5123 46.2275 506.932 60.3348 43.7718 18.567 
705.986 0 459.678 732.632 43.3055 661.513 51.6632 193.931 560.295 152.901 260.475 121.034 63.7898 0.0703512 93.4839 6.41501 486.518 1131.2 111.235 21.6809 81.8034 50.3634 38.9437 14.5475 490.205 83.0967 52.0634 62.2399 
0.193937 14.7721 0 135.076 161.507 53.1113 73.4762 212.968 18.8995 51.2515 193.074 25.591 23.8478 8.45031 6.10426 17.9426 27.4656 0.905328 32.8653 1.48094 94.4729 0.0109888 8.29021 5.2088 0.248045 14.8798 0.31758 12.4259 
492.972 643.578 150.717 0 79.8897 492.517 4.89904 961.722 762.115 1.60314 28.8833 230.602 22.2517 15.3937 39.1762 10.2922 451.172 22.4357 8.94536 26.0873 795.608 3.59019 18.8942 3.34578 445.296 30.6082 26.6857 32.7397 
5.75458 387.844 188.34 93.0744 0 36.8763 111.361 212.22 102.315 167.949 19.2096 87.5007 57.1433 42.7461 46.2809 42.0163 6.72575 212.682 27.5084 40.0298 49.363 36.0667 55.3062 55.6548 15.5675 0.010989 2.08858 21.5537 
442.678 534.221 9.4573 494.704 363.541 0 201.848 40.0828 733.814 603.041 84.4935 154.816 259.608 13.3761 0.79521 20.8147 448.517 21.29 76.8004 24.0112 0.0587231 14.9413 13.615 4.5301 455.31 27.6648 3.78381 8.26125 
141.31 40.1644 188.35 148.824 113.839 116.169 0 251.741 527.604 1.78227 455.358 146.206 64.3895 96.585 24.119 97.1516 84.9202 158.502 26.3518 21.3716 90.96 62.9693 3.83521 52.4281 63.5034 24.4502 9.98458 10.2352 
301.542 6.9933 112.13 484.18 216.09 132.473 311.473 0 590.211 43.0769 67.2634 835.919 74.0249 121.009 96.3033 171.824 5.74687 28.5826 114.505 30.5763 161.298 52.6197 3.84787 135.24 193.506 199.722 90.4315 36.2037 
639.707 546.016 200.629 433.326 205.502 874.332 1258.88 9.66319 0 368.627 614.16 42.1514 178.547 140.901 213.861 116.495 446.045 195.079 59.2966 10.5239 158.74 66.2337 34.2449 94.2989 514.069 114.421 43.4834 10.0499 
6.37171 124.257 77.1443 105.847 251.408 76.9904 507.861 204.888 339.063 0 570.907 61.7907 68.8612 83.9675 0.00638398 66.4298 0.777818 42.4026 2.31247 54.9331 1.05148 43.2969 32.4575 38.0219 0.292538 67.9185 43.8901 2.36086 
106.733 197.23 21.9064 57.9562 40.4359 4.74247 377.002 335.159 492.461 117.051 0 9.18011 81.8557 163.141 364.077 158.656 84.9756 11.9205 23.2378 70.3281 144.134 77.9533 38.2701 31.9374 103.634 70.7388 17.0092 81.1511 
193.635 99.4546 83.1218 243.179 105.851 145.229 281.893 1022.36 362.754 88.7205 294.169 0 116.904 144.443 264.616 12.0511 22.9097 13.6194 26.2145 73.2284 167.187 75.7935 63.3086 61.7069 83.7518 317.054 100.901 121.198 
42.3345 130.255 0.586191 0.0103257 109.181 122.753 41.0632 68.9743 143.924 296.456 233.683 6.39617 0 65.101 37.2524 10.2108 64.0175 88.3284 69.947 38.3856 1.10462 89.1826 42.757 2.00772 48.6789 0.679486 24.8337 18.2184 
53.7002 71.3303 16.7203 4.68992 57.8282 16.4158 0.0511396 33.1195 137.056 1.32168 201.438 50.3419 141.795 0 2.96688 18.926 21.8777 17.4625 3.48941 0.0814798 33.3658 1.85391 0.0549033 10.3998 1.49761 11.0281 6.28942 6.02527 
8.33361 3.15035 1.91895 39.4604 13.809 39.1138 6.5392 152.591 136.664 130.641 296.879 153.604 8.63738 27.2576 0 88.6269 24.6654 21.0366 22.6068 10.9564 1.36499 14.2802 0.794209 26.8947 15.8947 17.3366 17.8106 22.7719 
73.1266 82.6421 2.22808 35.318 25.9533 0.00643579 103.178 167.5 48.1489 78.1396 161.222 39.4709 51.7207 9.36013 80.0167 0 3.94044 9.00375 14.567 9.15097 63.0114 8.1203 11.8558 23.596 5.56685 23.6713 9.62303 7.9119 
493.913 552.096 53.9435 456.791 24.2154 446.512 58.8893 2.07189 531.326 1.21827 95.3504 74.691 43.2806 5.1527 2.3383 17.2586 0 273.866 240.167 0.114219 36.4617 18.6283 14.171 3.59488 433.352 12.0935 2.72103 17.002 
48.1588 250.069 141.345 140.616 52.8158 120.749 132.695 71.8551 216.089 35.657 84.4437 9.74693 76.3359 1.30529 38.338 12.4883 218.245 0 45.837 55.7864 1.48095 41.5109 44.235 3.52949 3.51835 33.9246 1.0873 51.1424 
14.5829 163.99 59.8075 36.091 30.6705 17.4116 79.2605 50.8198 1.70959 21.1031 58.7682 18.4752 58.7685 27.0755 32.0699 30.0276 18.2919 69.8016 0 0.404252 61.0153 17.9542 17.5175 22.178 23.7671 26.7656 20.3372 11.3396 
227.491 81.5064 3.53353 26.4428 61.3114 20.4072 87.8068 105.28 104.453 37.4428 1.88716 96.6445 0.0411684 3.54391 1.74067 7.3637 33.8743 47.783 12.5307 0 280.374 5.67865 2.50239 6.22046 0.859013 0.610758 6.31864 8.47506 
189.281 126.042 105.164 128.442 19.5433 17.1442 110.215 207.389 159.752 6.07532 41.3063 0.639154 71.6425 20.2717 12.2865 52.2756 11.9289 0.0574471 58.3357 201.749 0 3.06981 15.6975 0.0109791 0.602859 27.3374 1.79695 18.2717 
22.4214 39.5539 12.0817 7.08347 7.72645 1.04572 62.9155 2.6134 65.0694 15.4008 27.6069 64.484 40.1191 3.85619 3.71561 3.6565 1.6993 40.6984 19.4085 2.17579 24.3987 0 14.9381 5.04377 22.7421 10.4344 3.22288 9.80123 
34.6938 42.4152 12.5899 3.53318 37.0049 3.23364 70.6331 9.25519 12.1611 58.347 25.2662 39.8389 52.0868 0.00679292 16.0087 12.4639 3.88193 40.1039 14.9201 2.74923 13.3255 14.9066 0 10.73 12.092 2.43629 0.00718948 0.137258 
24.7385 60.5538 7.65023 4.96832 4.07921 16.4555 47.1128 132.097 87.059 52.9054 40.2058 137.502 12.0616 8.81361 24.6284 8.52355 4.52347 40.9704 23.9491 1.77151 9.17322 3.14461 7.00613 0 11.7881 6.08296 18.6153 6.30469 
433.483 439.804 18.561 466.161 7.32796 436.123 45.2007 42.1317 491.278 0.95023 108.006 805.98 8.69019 2.87117 13.4036 8.9477 461.044 1.65717 1.09619 12.0351 20.0546 78.3879 28.8982 50.1671 0 110.949 70.3996 122.09 
36.0294 72.5804 26.6716 34.5632 34.77 15.3738 89.8539 166.491 46.5236 7.6008 61.337 37.0363 44.6146 0.133982 24.6193 19.0094 18.5348 35.0854 8.28356 8.82927 0.0696171 9.98486 10.4023 3.0528 28.4761 0 35.8886 61.2281 
32.0114 54.4387 0.265284 0.996882 1.73741 12.8956 0.156116 94.8923 32.6354 0.0996019 0.776522 63.1718 17.0475 2.24943 16.5645 8.22527 21.5505 4.25238 6.45986 10.1683 36.7866 3.06075 12.0093 19.2544 14.747 21.7178 0 28.6134 
57.1638 33.7845 5.4952 0.185137 39.4671 20.4262 0.876149 133.151 12.5929 1.07131 101.868 2.8565 32.7083 9.99275 20.0394 3.72357 4.71221 50.2455 23.7807 3.61822 2.30292 0.160076 5.65088 12.8164 18.2729 32.3227 88.0484 0 
