0 721.165 138.869 425.136 82.9759 398.985 241.107 20.0894 456.475 112.768 187.895 224.264 75.2679 53.1327 67.9276 57.4026 354.862 236.075 107.407 65.1103 164.339 40.381 43.7901 45.5957 415.576 61.4915 43.3956 17.8613 
653.944 0 470.174 647.583 27.9239 566.235 35.0635 201.855 484.543 159.895 258.033 116.171 61.0693 0.0184871 92.8 5.66382 392.32 820.757 115.307 18.8311 85.5115 50.1871 38.2868 15.2318 398.112 83.2737 52.2879 62.5344 
1.14041 3.79337 0 98.6176 156.719 51.1334 84.2409 222.61 7.7449 48.2139 200.035 29.4448 22.6734 8.14036 5.49983 17.4597 28.4406 0.319032 34.0558 1.78311 97.3281 0.0195374 8.1185 4.98622 0.349337 15.4264 0.264669 12.7358 
386.16 536.658 88.6326 0 75.3519 402.663 2.98338 1201.83 667.931 1.07511 33.1383 224.242 21.2347 15.0346 39.2944 9.36968 360.944 19.8975 9.70021 24.7353 218.669 3.46234 18.9802 3.65346 353.465 29.6257 26.5605 32.8369 
3.57723 359.583 187.695 97.5576 0 54.0116 129.934 214.211 91.3363 181.709 22.8281 90.6577 53.4722 41.7068 48.0192 40.8791 8.19304 208.961 35.4962 38.231 51.325 35.4428 55.1087 55.4923 14.8565 0.000120202 1.91437 22.1469 
353.463 453.128 7.85013 402.521 792.254 0 685.578 45.5695 609.853 118.969 94.9481 153.538 516.596 13.7896 1.10579 20.3515 358.315 23.3942 75.0364 24.097 0.140542 15.1874 13.4286 4.30938 364.618 27.5848 3.62234 7.98285 
149.591 25.5791 178.113 154.909 96.0892 234.471 0 235.602 693.456 0.00901049 442.968 154.102 59.0034 96.3031 21.2623 98.1841 86.3652 152.817 29.0778 22.9079 88.6287 62.9599 3.34426 53.3768 64.9464 26.1285 10.4858 9.54327 
304.128 4.65262 100.664 499.444 217.678 125.744 297.088 0 612.592 47.4944 76.9981 903.351 76.4337 119.838 101.727 182.273 5.18341 30.9637 114.934 32.5961 164.951 52.004 3.1859 136.196 193.614 205.723 91.3344 33.7105 
554.488 440.709 167.025 342.677 217.613 763.961 1301.41 2.59885 0 361.059 811.836 51.3111 181.593 143.357 223.149 113.172 356.019 192.049 56.4032 9.43094 161.268 65.8679 32.5373 93.47 420.557 116.971 42.5227 9.14133 
5.145 131.557 74.2452 105.31 239.288 41.6448 508.859 207.864 349.313 0 586.916 67.6561 82.2047 83.7456 0.0890768 64.4265 0.562195 44.851 3.07544 55.1862 1.33708 44.1544 31.4148 37.0556 0.46629 66.9836 44.1686 2.68057 
110.6 203.3 17.0324 52.6875 35.7391 8.08405 357.049 327.268 413.895 87.1273 0 3.9877 75.3199 156.293 379.106 150.524 84.2452 13.4156 24.8527 69.3529 144.937 77.727 41.1129 29.5288 100.611 75.1384 17.9155 82.7995 
197.41 94.6246 77.7236 247.587 102.734 147.263 280.108 1030.16 353.732 82.374 270.601 0 114.417 141.071 268.428 2.72946 22.0729 14.9326 25.1185 74.542 166.645 75.983 66.12 56.1814 51.1819 295.435 99.2295 116.671 
43.8862 128.399 0.832174 0.00081387 105.293 118.423 45.837 66.5743 148.118 286.045 229.669 5.34828 0 71.95 40.5201 11.4612 64.1578 89.3674 68.961 38.076 1.30359 88.656 40.4027 2.47941 48.1763 0.522643 25.1742 17.7484 
53.7808 71.3298 16.7159 4.99695 58.6285 16.7815 0.000453534 35.5831 138.573 0.871154 204.804 54.8158 137.53 0 1.10886 19.14 21.8355 18.0428 3.28699 0.0947561 33.7903 1.6958 0.183403 10.3808 1.68065 10.8373 6.16214 5.85699 
9.04836 3.82069 2.30648 39.4422 12.6067 38.5746 5.00283 148.347 129.399 131.815 319.571 141.755 10.5303 22.0219 0 89.6632 24.4302 21.8845 23.0943 10.8843 1.15537 14.0587 0.505264 26.4847 16.585 16.5399 17.9646 22.6396 
73.9564 83.073 2.54187 34.458 27.0467 0.000506716 102.794 156.637 51.768 79.6764 153.166 20.2998 53.5303 8.50144 74.3383 0 3.76186 9.55791 14.2221 9.20866 63.0232 7.95523 12.0099 24.7479 5.48587 22.5916 9.34003 7.46902 
401.12 463.729 53.5879 364.865 21.7773 356.272 57.1505 1.73343 441.356 0.944659 95.4836 75.3674 42.6011 5.32196 2.5029 17.0191 0 268.364 415.264 0.168294 37.1884 18.5227 14.3028 3.72435 342.322 12.3472 2.82206 16.826 
53.4847 258.994 144.605 139.18 47.8402 119.816 126.713 75.012 217.146 37.9794 81.5881 10.8789 75.0644 1.12198 37.4265 11.8713 228.164 0 42.8637 57.2723 1.89099 41.4093 44.1125 3.27941 3.83761 33.1836 0.977016 51.0849 
16.0129 162.038 59.3786 35.0395 39.0218 15.5596 82.8402 52.4994 2.39052 19.1694 60.8375 19.4584 59.9302 26.9966 31.6945 30.1195 12.3514 66.5553 0 0.308729 60.4037 18.1615 17.3281 22.0593 24.0197 26.5491 20.4711 11.1122 
228.166 85.5193 3.11625 25.0922 59.5519 20.7076 86.8285 103.857 104.952 36.6549 2.26509 96.7287 0.0166238 3.58719 1.83969 7.47344 33.8066 49.3265 12.0702 0 261.085 5.64791 2.53962 6.23942 0.782183 0.68017 6.41154 8.37211 
183.057 129.405 107.616 123.437 20.9989 18.1226 108.153 207.786 162.24 5.46155 39.2765 1.04681 72.0754 19.7871 11.7035 51.5902 12.4868 0.00646658 58.9861 225.556 0 2.9327 16.078 0.0332261 0.46233 28.189 1.95564 18.7929 
22.7788 39.1 12.1305 7.23883 7.29023 1.17155 62.9516 2.33561 64.6554 14.5826 28.5756 65.1744 38.0558 4.06216 3.94759 3.49554 1.61389 40.8331 19.6018 2.22173 24.19 0 15.0497 5.32326 22.9688 10.3929 3.11986 9.75425 
34.2193 41.7975 12.5857 3.74324 36.3506 3.42939 70.9693 10.3247 11.0073 57.9311 22.8758 42.4703 49.739 0.0126857 15.1151 12.4786 4.0039 40.375 15.1297 2.7851 13.6933 15.0243 0 9.2103 11.4776 2.29298 0.00116479 0.110046 
25.5124 60.3068 7.88776 5.328 4.43011 16.3081 46.0847 130.63 88.188 53.5529 42.848 132.156 13.0911 8.55339 25.22 7.18145 4.38391 41.3198 23.9329 1.83242 9.59917 2.90672 8.47534 0 10.2685 6.42619 18.4911 6.51603 
342.562 349.397 19.031 374.35 6.80699 345.336 43.6288 47.0039 402.747 1.24553 110.863 533.382 8.16365 3.11027 14.089 7.86232 369.984 1.8823 0.987338 12.143 19.3477 63.18 28.7627 53.0134 0 88.9415 132.729 112.473 
34.6721 71.6467 26.4691 33.6727 33.7961 14.8955 90.9651 158.383 49.6036 6.75391 65.6442 53.1607 44.0122 0.191364 23.9618 17.8355 18.7725 34.3472 8.5699 8.69151 0.138214 10.0431 10.4001 3.33154 29.3412 0 36.3149 59.9274 
32.5208 54.4945 0.217073 0.874427 1.90387 12.6944 0.231286 94.1663 33.5852 0.0577029 0.577991 65.3827 17.3987 2.14819 16.3712 7.9452 21.4895 4.47038 6.62038 10.1175 37.0801 2.95956 12.124 19.2285 16.0939 22.6805 0 33.4743 
56.7794 32.999 5.7673 0.270936 40.0281 20.2414 0.669741 132.349 11.5873 1.29276 100.84 4.20318 33.1335 9.86615 20.3099 3.38383 4.56266 50.1017 23.9261 3.5108 2.0834 0.138732 5.5273 12.9492 18.3554 35.3626 90.1003 0 
