0 702.747 151.041 295.79 93.7296 199.676 266.383 148.628 333.182 110.349 26.8425 226.893 11.6371 52.5293 69.4176 60.9429 176.277 5.51063 111.721 169.059 100.84 2.66911 0.707031 57.212 192.618 41.1954 37.5439 0.860348 
678.338 0 338.219 150.055 508.055 312.95 210.82 174.639 183.848 156.603 266.404 185.365 115.225 8.25901 89.7418 53.6399 269.23 530.25 86.2317 29.044 101.356 45.9442 0.696121 20.7702 132.935 37.0362 48.7247 27.1283 
191.482 132.691 0 290.544 53.4892 10.6384 210.6 1.29645 16.518 113.93 16.3049 0.283041 26.4618 14.1142 12.111 24.1314 55.3323 123.563 18.049 6.58846 91.8043 5.46819 4.49522 0.0383385 17.1181 24.852 15.5655 3.94677 
346.268 372.512 345.057 0 16.8484 197.643 112.361 463.753 441.591 95.5536 2.86581 227.984 0.856318 22.5627 17.1017 0.367735 158.695 128.144 53.5544 1.26296 494.25 9.19489 2.95596 26.0118 131.989 31.7458 5.73839 31.1359 
1.43145 400.021 7.80931 141.095 0 169.347 73.5262 11.4831 355.583 255.684 171.962 179.821 100.062 4.28554 39.9906 11.0447 151.82 150.425 285.587 85.1078 100.613 46.9701 8.43172 0.118592 0.0146796 44.8074 49.129 5.83451 
149.673 130.791 6.03661 167.205 921.852 0 730.436 35.6648 583.125 737.144 264.898 157.947 211.327 4.95503 40.7787 3.60874 161.089 96.2871 87.6315 2.26101 29.3437 2.57798 0.389794 14.9741 157.017 2.89188 2.20588 1.29555 
210.455 190.99 49.541 23.1642 432.888 499.076 0 311.9 663.169 425.74 359.904 263.941 161.01 96.0805 110.062 71.6894 57.5076 53.6324 145.246 32.2956 94.4473 41.0974 3.74354 68.5099 48.8773 57.005 6.6947 68.6653 
202.107 14.3429 258.618 443.387 16.2707 206.635 252.226 0 3.46818 133.314 372.581 1022.44 0.277605 26.4822 0.596839 141.886 22.6618 133.62 13.2434 68.3695 40.9932 65.3977 11.3565 129.25 0.323986 2.63716 98.851 67.5815 
146.93 537.948 194.438 166.774 8.16211 594.018 1296.75 649.287 0 261.747 590.674 398.947 107.503 44.2899 96.7692 4.20683 209.113 192.65 135.041 18.8706 0.000401494 24.8547 1.1015 2.86858 147.111 133.257 6.52576 1.58415 
6.13928 183.073 104.799 1.23716 162.926 339.787 87.8282 0.845907 55.2866 0 0.0371289 91.5989 196.974 76.0851 127.619 84.5245 78.6168 36.7852 11.2049 19.6384 1.54816 47.083 9.14642 53.5159 69.0821 52.9697 18.581 12.9167 
179.525 173.823 201.109 156.395 18.2491 253.242 444.812 11.933 721.681 578.797 0 492.264 36.4018 208.865 400.801 23.7298 1.45373 124.688 0.924123 19.325 144.319 70.092 64.189 122.147 0.540171 0.0450106 12.3952 53.1742 
188.95 200.149 155.873 86.2729 0.559134 117.1 48.4746 836.261 4.97709 231.585 177.234 0 1.65753 165.72 119.532 399.714 72.3342 139.131 0.900011 33.6728 18.6406 55.2156 62.0032 166.341 150.3 22.4572 110.741 47.6315 
90.5577 148.74 69.57 14.6478 48.6889 29.0841 172.786 147.419 148.692 90.8256 20.9661 69.9733 0 90.7197 0.958334 76.0417 22.3772 64.6994 0.0304814 26.1877 2.75164 61.7448 28.1691 42.9201 53.5856 36.6745 9.47801 31.2967 
53.9159 61.9494 14.4627 2.31146 67.2534 2.52648 0.0118843 60.664 20.4993 18.2054 84.2527 12.9476 123.662 0 30.0678 15.477 1.20619 22.4519 25.6253 0.326192 11.6955 7.93035 0.333905 10.0718 1.56212 0.0316289 10.0481 9.51188 
35.1456 7.23998 0.0489186 13.7749 18.5486 0.0679555 130.911 153.173 153.912 16.6339 405.713 9.53013 18.9766 56.7252 0 23.9177 12.2251 5.39138 29.3187 0.954741 19.1959 17.5513 0.0272492 5.33532 10.3725 10.8638 19.31 2.4085 
71.5911 21.6932 4.2258 11.005 58.3868 26.6942 97.1252 44.9982 151.524 10.0413 22.0519 344.47 35.6557 15.1284 62.3851 0 6.96394 40.9223 28.9108 5.95927 0.0920149 0.262864 4.00429 29.2791 5.36282 6.40463 0.0191991 1.77201 
225.376 134.112 13.7851 144.654 119.13 163.397 86.0711 31.3025 132.669 77.5546 7.46893 25.7669 61.4832 14.2821 13.1806 0.00141446 0 221.851 8.6164 17.4191 18.4056 11.5776 12.8859 0.0550156 152.935 21.661 22.3985 16.7778 
201.763 419.68 86.5654 8.14281 6.37628 6.33962 33.0669 168.892 101.913 30.3729 132.052 134.802 96.5414 53.0328 57.1166 0.53141 272 0 150.232 87.6017 122.173 29.8953 14.1348 0.51399 19.3836 7.59175 15.0577 14.0294 
22.7269 1.01956 7.42802 26.8983 287.876 66.7317 156.555 88.5657 131.278 72.069 6.01924 77.6814 64.8623 12.8324 25.9111 4.25902 248.44 144.505 0 7.46112 45.2789 3.97246 0.0528899 0.220821 28.3948 27.6851 24.3379 26.7555 
115.653 71.909 0.21926 1.37951 68.5769 7.97941 41.9437 26.5293 71.5683 1.25555 83.34 77.7428 32.425 4.05888 9.87992 3.33707 16.0906 86.4574 25.5147 0 27.8067 4.10509 2.41747 5.37283 12.5881 2.89392 0.00239216 4.07161 
43.03 142.932 102.837 80.4823 67.7005 62.9877 73.7394 127.296 0.0153404 21.031 4.96993 147.226 74.2757 40.2079 4.69922 13.3167 1.689 123.66 0.0842956 320.291 0 4.43102 40.0578 30.3157 18.4745 0.0120472 35.2969 8.76241 
8.68217 31.0747 9.90071 13.7084 56.3289 3.60076 42.8137 38.5711 27.1999 11.8112 45.783 71.8329 5.4195 8.29329 0.0130189 3.07035 0.190908 15.8717 2.85261 4.06733 3.90809 0 15.18 10.0341 9.40833 10.5237 6.86207 6.75418 
30.6639 1.78881 0.00543953 5.49883 0.453527 16.2031 70.6967 56.7475 2.62972 1.44893 8.10371 85.5928 37.1157 0.784567 12.3755 1.9964 2.81232 34.6756 18.4539 2.16228 39.7475 15.1645 0 10.4531 23.1652 10.3322 8.94224 5.51767 
1.16404 57.7889 14.8424 25.1515 54.194 2.74009 2.31937 136.905 18.6962 2.53631 52.8901 186.298 25.0461 7.37295 20.4977 0.622612 12.0215 48.379 0.529662 0.551768 10.2864 0.234703 7.26882 0 36.6804 0.49552 0.155438 13.5112 
139.821 208.682 27.5085 135.428 2.16084 138.145 26.3894 140.631 234.515 67.5554 109.229 1080.77 16.1187 0.579521 12.781 54.2305 135.426 23.844 9.86146 2.30859 0.312772 4.27042 6.74168 36.064 0 36.1546 51.0169 35.205 
21.2416 70.9947 2.87834 35.5809 69.8479 2.91134 1.50197 133.755 134.427 68.7521 0.915104 397.342 47.2633 11.4944 18.6874 3.0175 15.6419 6.84137 7.02273 5.50251 24.4197 9.83917 3.17673 0.0181882 21.5805 0 36.7724 18.8407 
39.1279 42.2454 15.3929 12.0817 42.8195 10.6928 25.5078 59.6969 75.0239 17.7249 2.36516 48.1534 16.8225 11.3 13.9292 0.0337999 0.876873 0.983162 17.2645 7.58279 1.11848 7.04998 1.21223 0.0809412 38.1563 34.8343 0 11.23 
34.5104 4.2042 10.5311 0.153841 20.6641 12.4833 54.5176 133.902 2.74333 16.2697 0.293901 175.274 19.757 5.40665 1.16258 0.107212 4.52221 10.1427 2.30885 0.457447 8.7989 7.80421 0.108053 7.52637 0.983476 9.61191 13.7937 0 
