0 502.388 168.221 30.15 112.272 73.168 256.391 6.26393 92.8252 122.999 181.726 217.344 69.817 52.4057 69.5093 52.4247 20.9699 236.19 111.158 55.2977 188.1 40.2847 44.7108 43.199 75.9073 65.472 41.9653 15.3664 
449.173 0 447.564 316.75 0.205067 206.529 1.39952 228.957 204.47 183.954 246.355 98.4858 51.3598 0.111683 89.802 3.30584 43.0592 477.152 129.436 9.98237 99.0074 49.4603 35.851 17.8056 55.9343 83.5464 53.0201 63.4541 
11.0508 24.6335 0 14.6837 136.921 43.2501 125.617 252.045 8.80956 37.4479 221.395 45.1873 18.5528 7.01891 3.52805 15.6328 31.9702 0.710083 38.3306 3.09524 106.883 0.0711355 7.48275 4.20048 0.860214 17.3859 0.112539 13.8503 
9.89969 138.455 62.6006 0 59.1224 67.9926 0.00286082 473.587 306.59 0.0398325 50.4535 197.047 17.6627 13.701 39.458 6.29933 25.7305 11.8032 12.6477 19.8334 786.151 3.01226 19.2323 4.86494 12.5034 25.9339 26.0415 33.054 
0.00115618 249.135 181.533 113.356 0 101.527 202.892 219.786 55.2848 230.166 38.2682 102.101 40.7726 37.8846 54.3184 36.7253 14.6494 193.468 71.3445 31.8247 58.5606 33.1466 54.2575 54.7746 12.3753 0.18675 1.34275 24.3267 
23.0716 150.996 3.1675 59.4396 864.403 0 479.95 67.4781 151.811 295.869 134.775 147.522 530.74 15.2534 2.64514 18.5858 23.2361 31.6488 67.9541 24.2909 0.732673 16.0502 12.7136 3.54003 27.5804 27.1576 3.05898 6.99095 
178.962 0.0863031 137.72 174.716 41.9555 772.291 0 176.05 1199.35 27.5454 383.735 182.332 40.8046 94.5849 12.1992 101.231 91.3442 131.471 39.8123 28.7804 80.0159 62.7604 1.83278 56.6883 69.9935 32.5111 12.3883 7.20549 
308.42 0.13879 61.8684 452.847 221.741 100.849 240.531 0 660.02 64.788 116.105 1029.32 85.1542 114.678 121.051 216.443 3.36921 40.2312 116.09 40.2486 177.252 49.693 1.29538 138.412 191.102 223.126 94.2893 25.1822 
235.308 56.8808 62.1926 18.0531 259.62 328.06 1110.59 14.7322 0 323.901 994.774 90.6327 191.279 150.624 160.512 100.354 21.7513 179.801 46.1777 5.92441 169.594 64.4044 26.5418 90.042 73.1725 125.405 39.0202 6.17108 
1.76909 157.585 63.3527 102.501 191.644 18.8972 478.613 216.694 376.705 0 601.983 90.2252 136.242 82.1531 2.78455 56.8134 0.0718879 54.0497 6.72655 55.9084 2.65841 47.1556 27.6209 33.4874 1.43323 63.2448 45.0987 4.00358 
124.438 223.661 4.29402 35.0549 20.8213 27.2027 277.286 293.724 244.167 13.2548 0 3.16395 53.0484 129.397 407.745 119.554 81.4182 19.5175 31.0575 65.6332 147.293 76.6928 51.8721 21.3689 89.1924 91.2355 21.3523 88.5064 
209.537 77.4045 58.6907 258.035 91.2969 153.356 270.088 919.892 314.834 60.4396 185.565 0 105.039 127.274 273.802 24.6621 19.1206 20.1512 21.2709 79.084 163.853 76.4739 76.2595 37.5215 29.8562 206.504 92.7284 99.5921 
49.5955 121.043 2.08152 0.251492 90.9458 79.4887 64.6919 57.9329 162.533 239.675 212.495 2.31056 0 96.8691 52.8685 16.4965 64.535 92.9261 65.1915 36.8811 2.16274 85.9737 32.0061 4.59091 46.2334 0.124859 26.3967 16.0591 
53.9217 71.0465 16.6032 6.16995 61.3532 18.0342 0.522546 44.9533 142.699 0.0205468 212.413 71.7743 118.412 0 1.9882 19.2793 21.6527 20.19 2.59598 0.151242 35.2881 1.17152 1.24031 10.115 2.42258 10.0882 5.69764 5.24682 
11.8528 6.77114 3.98521 39.1091 8.63979 36.2536 1.12141 131.408 102.658 133.715 383.357 99.0198 18.7732 6.29508 0 80.9719 23.5439 25.0382 24.8432 10.5996 0.538469 13.2094 0.00238454 24.5508 19.0711 13.6347 18.4788 22.0559 
76.5874 84.2289 3.83161 31.0639 31.0964 0.156521 100.64 116.073 65.3874 84.577 122.346 4.50118 59.8962 5.50661 47.0552 0 3.14208 11.6835 12.9735 9.39182 62.8497 7.34162 12.3888 27.9475 5.62981 18.4393 8.31353 5.91983 
56.4705 134.44 52.0327 23.4598 13.8641 21.0745 50.821 0.754291 106.718 0.241115 95.7402 77.6982 40.0902 5.95276 3.14371 16.1364 0 241.487 523.656 0.452133 39.8174 18.1237 14.7721 4.2101 4.15402 13.2727 3.20256 16.1768 
74.3688 276.763 154.428 132.629 31.4067 115.488 104.866 86.6262 219.32 46.7981 71.2662 15.4696 70.3182 0.570585 34.0995 9.73143 258.89 0 32.6038 62.5194 3.79392 40.992 43.5984 2.44262 5.10599 30.4809 0.624805 50.7966 
21.6684 153.401 57.4628 31.1894 75.9466 9.56435 95.7332 58.6376 5.80031 12.8072 68.3783 23.1916 64.0224 26.654 30.2623 30.3894 3.10911 54.9319 0 0.0693741 58.0782 18.9002 16.6226 21.5989 24.91 25.7214 20.942 10.2915 
221.246 99.6112 1.79955 20.1854 53.0232 21.7136 82.7941 98.1262 106.22 33.7332 3.91893 96.6189 0.0196244 3.74016 2.21804 7.85611 33.474 54.8664 10.4359 0 176.732 5.53144 2.67349 6.29664 0.531661 0.961773 6.74701 7.98908 
158.747 141.013 115.477 139.059 26.637 21.8309 100.336 207.635 170.413 3.49284 32.1878 3.36138 73.5285 18.037 9.676 48.9643 14.5966 0.248643 61.2513 297.369 0 2.45826 17.4733 0.215149 0.107741 31.3018 2.58617 20.7118 
24.0705 37.4041 12.2889 7.80692 5.79695 1.68486 62.9174 1.45342 63.0223 11.743 32.1534 67.5414 30.7128 4.82689 4.83099 2.92929 1.32052 41.2758 20.2852 2.39056 23.4173 0 15.2495 6.36093 23.6942 10.2239 2.75513 9.57241 
32.4486 39.4864 12.5271 4.54456 33.9335 4.17542 71.904 14.6375 7.2504 56.1466 15.0235 52.3472 41.1559 0.660121 11.7915 12.34 4.45885 41.3035 15.8804 2.91334 15.0498 15.2463 0 4.13533 9.26338 1.79938 0.0225224 0.0362714 
28.3432 59.2449 8.74953 6.71163 5.81586 15.723 42.2758 124.183 91.9138 55.69 52.77 111.576 17.0949 7.48815 26.9422 3.07218 3.89035 42.5306 23.8394 2.05884 11.2073 2.10342 13.9319 0 5.53549 7.69885 17.9544 7.28842 
5.0487 13.6887 20.6851 33.1735 5.05937 8.10488 37.9496 66.0826 73.6472 2.64619 120.563 945.557 6.3672 4.03879 16.5975 29.2375 31.6352 2.81688 0.638266 12.5105 16.8378 17.6838 27.9771 63.2557 0 31.4454 52.8166 2.35663 
29.7996 67.9926 25.5652 30.239 30.2693 13.1503 94.4729 127.297 61.1355 4.06597 81.6336 129.677 41.7212 0.483711 21.3936 13.5505 19.621 31.6496 9.63517 8.17665 0.583041 10.2379 10.3449 4.41766 32.3233 0 37.4729 53.1413 
34.3469 54.6062 0.0822183 0.495211 2.57027 11.954 0.627892 91.1874 37.0659 0.00116197 0.102002 73.3438 18.6808 1.79561 15.6333 6.93983 21.2518 5.3035 7.21422 9.92126 38.1064 2.60192 12.506 19.0412 21.6812 26.0811 0 52.0405 
55.2422 30.1429 6.79084 0.718119 42.0218 19.5228 0.151652 128.483 8.24495 2.26759 96.6581 11.186 34.6372 9.38067 21.2093 2.26655 4.03485 49.5028 24.4287 3.12824 1.37469 0.0738652 5.07622 13.3896 18.679 45.9409 92.9253 0 
