0 758.567 182.477 219.319 129.737 288.477 262.407 1.81694 287.101 128.432 177.363 211.994 66.6022 51.8846 70.2322 49.4599 231.893 234.137 112.902 35.1897 200.413 40.1911 45.1749 41.7571 283.073 67.5833 41.1009 13.9884 
719.398 0 394.753 518.741 5.51466 398.645 2.49198 243.001 446.56 196.493 237.774 88.4396 45.954 0.365007 87.7312 2.22566 245.309 1092.62 136.949 6.07417 106.69 48.9825 34.4226 19.3398 261.786 83.4388 53.3803 63.8737 
21.0503 76.6135 0 21.0796 124.201 38.377 149.677 264.205 38.5218 31.5711 230.444 55.2691 16.3078 6.38381 2.57083 14.5442 33.9734 2.71745 40.7268 3.99057 111.696 0.115295 7.11088 3.76805 1.25278 18.4807 0.0539511 14.4787 
212.092 313.068 207.428 0 50.1687 277.657 1.16374 685.795 494.003 0.0799678 61.5037 179.076 15.7108 12.9197 39.3622 4.76468 235.697 8.02602 14.4737 17.0825 409.426 2.7646 19.3337 5.62194 219.247 23.7569 25.6987 33.0809 
1.07262 185.699 175.401 121.902 0 110.046 246.226 221.772 37.9411 255.685 48.6175 108.603 34.0232 35.6688 57.8932 34.3378 19.1099 183.321 95.7689 28.2723 62.7682 31.811 53.6753 54.2733 11.0287 0.454076 1.05865 25.5926 
236.547 378.946 1.38578 264.409 334.015 0 795.06 81.131 299.778 475.23 157.983 143.14 654.123 16.0585 3.80694 17.5226 233.303 36.7635 63.4822 24.3177 1.28027 16.5213 12.2783 3.12366 236.403 26.817 2.75286 6.43724 
194.909 6.07545 113.534 184.111 19.9874 944.174 0 142.6 1306.24 65.6548 341.629 197.901 31.5256 93.1161 8.027 102.461 93.9927 118.925 46.4855 32.3282 75.0025 62.5286 1.16347 58.4833 72.732 36.3445 13.5352 5.99436 
307.202 0.431133 42.6463 437.858 222.833 86.6106 206.344 0 660.997 75.4499 140.59 1003.71 90.1069 111.11 131.631 232.451 2.49682 45.9499 116.465 44.8248 183.544 48.3171 0.583627 138.776 187.63 229.642 95.7454 20.7166 
452.751 244.366 22.2387 242.233 281.587 468.019 809.696 47.7432 0 296.699 866.65 116.77 195.793 153.54 178.716 92.5861 232.408 171.97 40.5651 4.25622 173.72 63.4709 23.2749 87.7915 276.038 129.593 37.0075 4.7107 
0.619126 171.836 56.9574 100.297 162.926 77.8678 439.181 220.279 384.745 0 579.364 103.839 169.379 80.6934 5.98862 52.268 8.5324e-05 59.5034 9.42386 56.1806 3.61553 48.7874 25.4548 31.4116 2.22311 60.8741 45.5732 4.87452 
132.155 233.949 0.758826 26.2202 13.9185 42.6585 228.98 271.538 179.832 0.0624523 0 15.4778 41.5572 113.061 404.165 101.416 79.6777 23.473 34.838 63.3823 148.242 75.9508 58.2726 17.1602 82.4102 100.394 23.4194 91.5595 
215.278 67.8654 48.406 259.881 84.6984 155.882 261.938 773.185 288.88 48.874 139.742 0 99.453 118.423 270.743 74.1035 17.4925 23.4489 19.1651 81.5121 161.674 76.6143 81.958 28.086 73.8202 153.45 88.7225 89.5237 
52.9079 116.421 3.04635 0.597283 82.6525 51.1679 76.3842 53.0591 170.123 208.57 200.992 1.12648 0 110.493 60.1437 19.7022 64.6569 94.8075 62.9053 36.1471 2.75165 83.9081 27.3779 6.0749 45.0394 0.0197067 27.0869 15.1047 
53.894 70.6846 16.4703 6.88 62.7791 18.6927 1.32066 50.566 144.048 0.0972206 213.355 81.804 105.414 0 7.72292 18.9037 21.5269 21.4465 2.23187 0.189469 36.114 0.908937 2.20186 9.82728 2.89956 9.62256 5.43023 4.89908 
13.6018 8.81627 5.12779 38.7304 6.66586 34.6848 0.141524 120.817 87.5311 133.098 402.947 75.8851 24.3731 1.27053 0 68.3746 23.0134 26.8934 25.8277 10.4203 0.288332 12.6932 0.110859 23.1563 20.4654 11.9871 18.7407 21.6497 
77.8133 84.5969 4.66995 28.9552 33.4638 0.371368 98.8774 93.1102 73.4138 86.8648 104.198 34.6293 63.3584 3.9624 30.1 0 2.8076 12.9794 12.2621 9.47774 62.5967 6.98129 12.4729 28.9639 6.02108 15.9708 7.72853 5.08231 
260.967 347.159 50.9592 229.874 10.0473 231.088 47.201 0.372084 316.756 0.0457186 95.7255 78.943 38.6224 6.32554 3.54124 15.6218 0 221.852 569.56 0.676622 41.315 17.8841 15.0343 4.4995 212.405 13.8061 3.43039 15.7976 
87.2233 312.042 158.503 127.976 23.2955 112.368 92.4514 93.3485 219.37 52.0908 65.4171 18.4304 67.514 0.336418 32.1862 8.57967 272 0 27.1677 65.4017 5.17468 40.7183 43.255 2.01442 5.90909 28.9271 0.457354 50.575 
25.2168 147.423 56.1192 28.9729 100.789 6.70415 102.96 62.1697 8.40465 9.666 72.6975 25.4417 66.2688 26.4181 29.3944 30.4987 8.50887 48.4583 0 0.00902719 56.6735 19.3132 16.2057 21.3144 25.4006 25.218 21.2014 9.82504 
210.898 107.189 1.19519 17.4248 49.2131 22.2262 80.1582 94.4691 106.558 32.0224 5.0633 96.2607 0.0868466 3.82477 2.44783 8.06344 33.2219 57.975 9.52858 0 125.171 5.46123 2.74924 6.32113 0.40864 1.14373 6.93784 7.76328 
143.902 147.175 119.172 150.038 30.104 24.0574 95.6453 206.417 174.443 2.55291 28.3449 5.27275 74.2757 17.0426 8.58049 47.3674 15.8638 0.690722 62.4786 322.447 0 2.20292 18.282 0.391149 0.0157883 33.0945 2.98595 21.829 
24.8062 36.3993 12.3661 8.13501 5.00738 2.01812 62.78 1.03864 61.9955 10.2171 34.2413 68.7947 26.6613 5.2734 5.36395 2.61908 1.1643 41.4965 20.6638 2.48878 22.9641 0 15.2157 6.9661 24.0367 10.114 2.55291 9.46023 
31.402 38.1166 12.4627 5.02961 32.5221 4.62618 72.2337 17.3984 5.4195 54.9354 11.1662 58.1746 36.2728 1.4354 9.89218 12.126 4.72818 41.7952 16.303 2.98535 15.8413 15.2254 0 1.9279 8.02784 1.53714 0.0654634 0.0118861 
29.9755 58.5206 9.24072 7.55485 6.68778 15.3536 40.0485 119.736 93.7706 56.7557 58.627 99.2394 19.5601 6.80917 27.6009 1.41489 3.61689 43.1823 23.7613 2.19215 12.171 1.69049 16.7255 0 3.50226 8.43956 17.5877 7.73285 
213.857 223.482 21.5897 239.59 4.16273 216.928 34.7342 77.7695 287.046 3.67766 125.578 871.966 5.42279 4.60965 18.0338 50.5684 239.732 3.4347 0.471246 12.7035 15.4432 30.4356 27.333 66.7665 0 66.5429 51.7094 75.6484 
27.0637 65.722 24.9318 28.1542 28.2626 12.1506 96.0926 108.932 67.9148 2.81238 90.8937 181.656 40.3387 0.709495 19.816 11.1571 20.0968 30.0946 10.2631 7.87194 0.97624 10.3373 10.2798 5.08631 33.8906 0 37.8493 48.0156 
35.3755 54.6056 0.0336667 0.324891 2.99602 11.5234 0.942734 89.2443 39.0788 0.0368032 0.0042912 77.8268 19.4203 1.60453 15.1859 6.37442 21.1039 5.8103 7.56243 9.80071 38.6666 2.40407 12.6997 18.8682 25.302 27.9321 0 62.5032 
54.2629 28.5071 7.40053 1.06954 43.132 19.0781 0.0202339 125.611 6.55838 2.94588 93.9579 16.6025 35.4694 9.08512 21.663 1.71487 3.74319 49.1054 24.6985 2.91454 1.032 0.0456918 4.81662 13.6113 18.9074 51.3314 91.1529 0 
