0 943.985 202.429 367.794 163.131 453.234 267.847 0.762986 414.219 137.736 167.491 199.192 60.3393 50.6848 71.2225 43.654 389.089 226.015 115.357 13.3222 220.383 39.9349 45.9251 38.8894 432.269 71.2146 39.3689 11.4841 
939.12 0 243.209 638.515 57.3925 514.023 45.755 265.869 659.837 216.985 218.006 69.8285 36.1154 1.25138 83.118 0.743945 386.512 904.192 149.735 1.23783 120.981 47.9506 31.6499 22.3653 408.75 82.6974 53.9429 64.4496 
47.5088 227.419 0 134.853 98.3239 28.8353 192.373 276.138 142.56 21.2823 240.249 76.0137 12.3163 5.20512 1.1387 12.4221 37.7048 10.0412 45.1164 5.95347 119.268 0.228948 6.39257 2.98777 2.19572 20.4776 0.00119398 15.6467 
386.097 409.233 226.595 0 34.3266 430.764 9.12165 1090.4 594.041 1.44719 84.1593 141.807 12.218 11.4112 38.7956 2.37366 390.687 2.75795 18.1944 12.1203 694.551 2.31513 19.4378 7.1764 368.313 19.5721 24.9565 32.9329 
9.40005 80.447 158.974 136.664 0 167.436 324.581 223.022 13.2107 296.463 70.8998 120.733 22.4873 31.4319 64.5458 29.8145 28.9982 161.898 146.785 21.8421 70.8414 29.238 52.3792 53.1394 8.63151 1.28724 0.607658 28.0282 
399.51 563.619 7.95192e-05 409.102 418.154 0 1430.97 108.346 375.818 878.809 200.125 133.067 489.017 17.5016 6.53733 15.4226 388.525 47.1088 54.352 24.1962 2.7397 17.3653 11.4039 2.38652 389.032 25.9798 2.20588 5.41876 
222.352 57.8994 69.2072 197.198 0.276187 706.519 0 84.2452 1022.31 172.314 251.848 225.428 16.7031 89.3767 2.39472 103.711 98.5729 94.9942 60.0115 39.3645 65.3924 61.8496 0.301713 61.6642 77.5769 43.901 15.8269 3.96584 
297.473 6.84214 14.754 471.446 222.354 60.6186 141.663 0 609.34 96.8223 189.491 772.464 99.358 103.193 150.106 253.454 1.18522 57.547 116.587 53.8084 193.779 45.602 0.00207375 137.604 177.105 234.327 98.0115 13.2142 
618.016 369.955 2.52765 438.266 317.181 489.727 194.462 155.287 0 236.464 1543.06 171.458 202.106 156.402 289.825 77.2898 389.012 155.655 30.5277 1.81192 180.155 61.5072 17.4698 82.9667 417.421 136.098 33.1816 2.44657 
0.0653739 196.672 44.7989 94.9642 108.996 265.57 330.864 223.944 383.393 0 480.118 130.429 231.258 76.8567 15.2206 43.4318 0.291268 70.1335 15.7078 56.4058 5.8355 51.688 21.3908 27.4332 4.19285 55.9539 46.3539 6.75265 
146.198 250.213 2.05941 12.5292 4.45674 79.3667 139.766 225.02 23.1 38.3764 0 63.0663 22.9164 81.7193 357.846 68.0083 76.1322 31.8646 42.4289 58.8838 149.214 74.2404 70.6917 10.244 69.2553 117.226 27.5328 96.8678 
223.515 50.6974 30.7195 254.767 72.1843 158.621 241.967 412.366 234.402 29.5126 65.4599 0 88.4984 100.178 252.843 218.542 14.5343 30.3083 15.3781 85.7362 156.392 76.5928 92.3798 13.3791 58.1573 64.1725 80.6171 70.3255 
59.252 106.9 5.37173 1.66288 67.0051 23.3346 99.8271 44.0251 182.928 145.408 176.343 0.0325514 0 133.14 73.951 26.347 64.6957 98.0465 58.3281 34.6544 4.06654 78.9751 19.1637 9.42202 42.6148 0.0714152 28.3771 13.3213 
53.6204 69.5943 16.0814 8.29655 65.1961 19.8079 3.83386 61.558 144.482 1.39089 208.087 100.929 78.3771 0 26.1164 17.3158 21.2451 23.8823 1.60623 0.27397 37.6147 0.49326 4.47751 9.02735 3.90182 8.67467 4.92058 4.24529 
17.1939 13.3844 7.62636 37.6368 3.56386 31.2812 0.867554 99.5127 60.5013 128.497 399.765 37.8103 36.4752 2.49438 0 36.6868 21.9602 30.5026 27.656 10.0476 0.0254426 11.6587 1.11533 20.0296 23.0112 8.96441 19.1701 20.7379 
79.5446 84.6893 6.44132 24.7061 38.0303 1.03054 94.5005 53.1167 88.7804 90.063 70.5782 156.482 69.4502 1.59797 5.5007 0 2.2146 15.5927 10.9216 9.60152 61.8051 6.28262 12.3562 29.0353 7.36966 11.3249 6.63013 3.61487 
405.508 505.955 48.5661 378.148 4.37841 386.237 40.384 0.0130861 471.36 0.100381 95.3676 81.1187 35.7797 7.05691 4.35782 14.6265 0 178.328 223.586 1.22819 44.1383 17.406 15.5192 5.0721 364.11 14.8251 3.88384 15.0619 
112.804 428.672 162.823 117.489 10.9012 105.228 69.6147 106.137 217.024 62.534 54.5236 24.7 62.034 0.0593867 28.551 6.55018 286.138 0 17.9026 70.5729 8.37756 40.1279 42.5031 1.30626 7.58836 25.9715 0.209167 50.0392 
32.5183 134.206 53.0943 24.7752 152.139 2.57724 116.124 68.8767 14.623 4.81493 80.842 29.9294 70.3117 25.8899 27.6547 30.6135 40.0855 36.7296 0 0.0516074 53.8628 20.0769 15.3884 20.7312 26.2923 24.2031 21.673 8.94587 
180.095 120.15 0.374196 12.4315 41.9145 23.0616 74.5455 86.8395 106.401 28.7148 7.62854 94.9823 0.348051 3.97914 2.90993 8.4315 32.6189 63.6912 7.87078 0 41.5637 5.32069 2.89117 6.35065 0.217392 1.5303 7.2976 7.32167 
114.746 157.719 124.372 117.837 37.1335 28.4703 86.3709 201.828 180.682 1.15737 21.5347 10.0667 75.5195 15.1733 6.64033 44.1598 18.3874 2.1455 64.6616 327.338 0 1.75095 19.8358 0.871406 0.0686548 36.5052 3.82412 23.985 
26.1949 34.4245 12.4851 8.76345 3.64483 2.72864 62.2797 0.437003 59.8628 7.54287 38.2718 70.9589 19.4204 6.12848 6.42389 2.06196 0.891487 41.8485 21.3564 2.67857 22.0807 0 14.8509 8.12213 24.5296 9.87901 2.18259 9.2308 
29.3522 35.4285 12.2784 6 29.7941 5.52554 72.4354 23.1848 2.63011 52.2687 5.28186 69.4074 27.2841 3.50861 6.47107 11.4585 5.25776 42.6465 17.0899 3.11913 17.3739 14.8848 0 0.00609346 5.80729 1.08467 0.209346 0.00219982 
33.0839 56.9126 10.163 9.2464 8.49938 14.5854 35.7502 109.915 96.7022 58.4413 69.9293 75.553 24.5391 5.43324 28.1331 0.00622617 3.1162 44.3338 23.5627 2.45238 14.0849 1.01309 20.2803 0 1.2887 9.84983 16.7758 8.57629 
366.985 378.374 23.2046 387.629 2.67843 369.784 28.7569 100.796 448.311 6.08865 133.837 14.0766 3.80857 5.76185 20.716 71.0772 391.039 4.77475 0.221473 13.0332 12.8907 88.4593 25.7642 63.7335 0 109.171 94.4668 51.4834 
22.0236 61.0794 23.5078 24.0273 24.4946 10.2679 98.3368 74.7394 80.9171 1.04199 108.245 281.482 37.581 1.2519 16.6725 6.95457 20.9792 27.1286 11.4902 7.27514 2.00255 10.5011 10.0888 6.43248 36.5054 0 37.9623 36.6035 
37.2912 54.4727 0.000204583 0.0981185 3.89453 10.6928 1.71872 85.0927 42.9307 0.243293 0.176564 86.0957 20.8351 1.26461 14.2887 5.32827 20.7983 6.83387 8.24062 9.55498 39.674 2.04278 13.0146 18.4081 32.7672 31.1693 0 79.6914 
52.2074 25.4091 8.60086 1.92715 45.1726 18.169 0.109377 118.891 3.84087 4.4732 88.2512 29.5078 36.9882 8.49079 22.3925 0.861505 3.21062 48.2401 25.1738 2.52013 0.511221 0.0105233 4.32244 13.9675 19.5004 59.3177 81.2833 0 
