0 780.227 206.199 217.514 172.752 299.054 267.887 2.33698 249.772 140.181 164.219 194.817 58.4705 50.2807 71.4147 41.9191 232.938 222.605 115.855 20.0324 225.248 39.84 46.1115 38.0182 273.566 72.177 38.8389 10.7804 
786.233 0 194.242 466.84 81.9809 344.533 67.8966 271.478 518.645 222.021 211.423 64.5484 33.359 1.61275 81.6029 0.456506 225.836 576.364 153.053 0.503426 125.056 47.6168 30.8236 23.2784 249.462 82.3451 54.0769 64.562 
56.8091 276.432 0 179.985 90.5252 26.0518 203.466 276.643 181.189 18.5376 241.153 82.3795 11.2219 4.86904 0.82195 11.7923 38.7734 13.0321 46.3522 6.58849 121.056 0.269774 6.17962 2.77038 2.52044 21.0371 0.000570984 15.9814 
242.739 238.351 278.983 0 30.0606 272.983 12.8485 1127.85 418.788 2.17086 91.093 130.447 11.2528 10.965 38.5335 1.81592 233.795 1.71794 19.3429 10.759 254.154 2.18873 19.4457 7.65905 209.746 18.3476 24.7163 32.8393 
13.3818 56.0761 153.087 140.541 0 206.953 345.258 222.745 8.25404 305.962 78.0006 124.211 19.4678 30.1877 66.4483 28.4968 32.2245 155.167 162.227 20.0519 73.2187 28.4757 51.9519 52.7616 7.97105 1.61303 0.497918 28.7493 
245.241 413.872 0.11379 249.029 691.887 0 1613 116.457 208.489 473.481 211.488 129.708 553.911 17.8995 7.45917 14.7916 231.71 50.269 51.5575 24.117 3.272 17.5991 11.1365 2.18471 231.404 25.6876 2.05443 5.12934 
229.492 82.1552 57.3105 199.718 0.422644 540.077 0 69.1211 845.517 209.202 224.496 232.835 13.143 88.0502 1.35344 103.799 99.7953 88.058 64.1471 41.4872 62.5682 61.5906 0.153963 62.5352 78.899 46.1687 16.5263 3.4419 
292.808 10.1705 9.12973 453.367 221.569 53.4506 123.509 0 581.831 103.287 204.064 671.65 102.017 100.607 155.002 256.94 0.889097 61.1117 116.473 56.495 196.315 44.7812 0.0278631 136.793 173.086 233.701 98.5464 11.284 
463.077 208.121 11.9116 296.269 325.759 298.448 77.0694 195.578 0 217.403 1334.46 188.286 203.364 156.553 279.531 72.7341 232.67 150.555 27.7657 1.28324 181.671 60.8842 15.8804 81.4209 256.539 137.615 32.0616 1.91486 
0.317729 203.23 41.2907 93.1276 94.0048 321.702 293.756 224.207 378.789 0 439.821 138.279 248.099 75.4764 18.6569 40.8235 0.484635 73.2973 17.8267 56.3976 6.58629 52.4842 20.2192 26.2641 4.88618 54.4166 46.552 7.35832 
150.124 254.076 4.46328 9.37808 2.64918 91.5619 115.715 210.624 6.50511 64.5781 0 82.4571 18.3574 72.7549 335.588 58.8212 75.0341 34.5341 44.7474 57.5128 149.287 73.664 74.3544 8.51063 65.3732 121.938 28.7829 98.2907 
225.224 45.958 26.1057 251.129 68.5424 158.892 235.078 307.335 217.598 24.5928 48.0403 0 85.2196 94.5705 244.764 266.66 13.7021 32.4621 14.3243 86.8706 154.563 76.5135 95.301 9.98626 32.7849 43.6113 78.131 64.7767 
61.1182 103.94 6.1744 2.07751 62.4943 25.0466 106.895 41.4466 186.232 126.903 168.537 0.00643707 0 138.64 77.915 28.4148 64.6582 98.9087 56.9319 34.1925 4.50136 77.2902 16.9391 10.5298 41.8662 0.150204 28.7499 12.8066 
53.4844 69.174 15.9336 8.7269 65.8278 20.0979 4.81647 64.8305 144.068 2.05636 204.802 106.446 70.232 0 32.4271 16.6506 21.1516 24.6076 1.43981 0.30173 38.0369 0.393444 5.19397 8.73489 4.21792 8.38305 4.77096 4.05595 
18.311 14.8872 8.43279 37.224 2.82467 30.1901 1.73271 93.0923 53.2424 126.312 388.607 28.6541 40.3239 5.55755 0 27.3749 21.6402 31.5797 28.18 9.93032 0.002292 11.3433 1.60318 19.0155 23.7235 8.119 19.2784 20.4365 
79.8974 84.5625 7.00081 23.4171 39.3811 1.28587 92.9689 42.8461 93.2498 90.6977 61.2818 202.735 71.0943 1.0831 1.787 0 2.05158 16.3955 10.532 9.62772 61.4951 6.07495 12.2526 28.5814 7.91028 10.0162 6.31261 3.21975 
245.554 349.801 47.779 219.304 3.13506 229.409 38.4099 0.00103248 314.225 0.224191 95.1793 81.7081 34.9335 7.27714 4.61256 14.3305 0 164.52 519.498 1.42119 44.9596 17.26 15.658 5.24577 206.253 15.1253 4.02208 14.8423 
120.468 454.577 163.194 114.039 8.08674 102.85 63.209 109.869 215.725 65.6735 51.4025 26.6943 60.393 0.0207965 27.4879 5.99653 287.375 0 15.4829 72.0026 9.46022 39.937 42.2577 1.12543 8.11888 25.106 0.154097 49.8531 
34.7871 129.913 52.0947 23.5546 167.557 1.71808 119.797 70.8348 16.7542 3.689 83.2031 31.2964 71.436 25.715 27.123 30.6236 53.4484 33.4703 0 0.10387 53.004 20.2954 15.1425 20.5496 26.5433 23.8911 21.806 8.69006 
168.78 123.513 0.219259 11.0579 39.776 23.2701 72.7593 84.4474 106.153 27.7341 8.47711 94.4578 0.458315 4.02274 3.05163 8.53256 32.4111 65.3088 7.40269 0 24.1669 5.27766 2.93226 6.35499 0.172161 1.65373 7.40238 7.18911 
106.137 160.489 125.412 96.7612 39.2979 29.8053 83.575 199.919 182.138 0.848135 19.6711 11.7585 75.8393 14.631 6.10849 43.1787 19.1557 2.72629 65.2631 317.614 0 1.62678 20.2955 1.04895 0.141735 37.5034 4.08974 24.6248 
26.5997 33.8294 12.513 8.94888 3.28071 2.95594 62.0727 0.308001 59.1924 6.8193 39.4669 71.5371 17.438 6.37887 6.74518 1.90739 0.817532 41.9347 21.5527 2.73504 21.816 0 14.6698 8.45952 24.6328 9.80354 2.0776 9.15941 
28.7365 34.6203 12.2088 6.29599 28.984 5.79908 72.3868 25.008 1.99201 51.3989 3.9433 72.7075 24.7623 4.2102 5.54738 11.2007 5.41758 42.875 17.3165 3.15758 17.8303 14.7105 0 0.0994964 5.19911 0.964256 0.267177 0.0086423 
33.9945 56.3834 10.4296 9.76226 9.06886 14.3441 34.4778 106.722 97.4059 58.847 73.2528 68.7088 26.0631 5.01894 28.1025 0.0635005 2.97415 44.6492 23.4918 2.53035 14.6663 0.843414 20.735 0 1.08875 10.26 16.5099 8.82247 
209.636 221.513 23.6489 228.66 2.29967 212.279 27.0478 107.615 293.178 6.90596 135.909 77.7373 3.38209 6.11438 21.4825 67.8881 233.04 5.20918 0.16539 13.1204 12.1685 91.1599 25.2279 60.1222 0 85.6793 25.8294 7.99401 
20.5945 59.6416 23.0379 22.79 23.4047 9.72332 98.7787 65.2329 84.7168 0.681644 113.189 308.035 36.7417 1.43836 15.728 5.84816 21.2324 26.2579 11.8582 7.09604 2.37329 10.5427 10.016 6.84256 37.1672 0 37.8422 33.0205 
37.8426 54.4003 0.00529027 0.0562577 4.18059 10.4464 1.99096 83.7639 44.0648 0.338886 0.317554 88.4412 21.2522 1.17092 14.0144 5.02979 20.7026 7.14937 8.44379 9.4787 39.9548 1.9406 13.0932 18.2407 35.0455 32.0334 0 83.661 
51.5566 24.505 8.96231 2.22551 45.7529 17.8868 0.221216 116.619 3.17082 4.98027 86.4414 33.8888 37.4173 8.30876 22.5716 0.662903 3.05988 47.9586 25.3037 2.40752 0.391663 0.00485933 4.17761 14.0552 19.7266 60.9535 76.9535 0 
