0 800.771 209.214 443.158 215.538 457.683 258.001 21.6901 365.912 149.809 146.394 170.373 49.3896 48.0196 71.6874 33.528 384.21 200.202 116.759 119.657 241.114 39.2574 46.7809 33.6821 411.414 76.0592 36.165 7.62977 
852.573 0 17.1589 523.779 240.045 429.924 217.046 290.169 725.833 238.774 175.817 40.9799 21.2103 3.98541 73.4071 0.0540377 356.895 822.186 165.686 1.55477 143.423 45.8218 26.8049 27.7891 384.978 79.801 54.5151 64.7308 
107.178 455.238 0 298.323 54.0513 13.6566 241.811 259.58 370.014 7.61045 232.467 113.464 6.5454 3.34637 0.014685 8.79287 43.6553 32.1802 51.835 9.93782 126.538 0.513495 5.15413 1.81374 4.36702 23.4984 0.0941882 17.5204 
491.362 347.921 254.35 0 12.8448 413.73 38.6698 819.821 472.666 7.64954 124.823 76.9098 7.06015 8.82787 36.6785 0.158066 380.955 0.156643 25.1466 5.09558 265.783 1.62019 19.3369 10.1141 349.393 12.6549 23.4265 32.0692 
41.5112 0.00329679 119.664 155.497 0 401.992 418.516 217.274 0.744532 331.795 114.63 140.128 7.69848 24.2763 75.1049 22.3077 49.4377 121.055 232.449 12.2435 84.5486 24.7916 49.6098 50.6669 5.10493 3.69181 0.120124 32.2336 
406.285 581.833 3.98243 380.352 258.788 0 846.517 154.209 396.715 353.073 255.081 111.409 689.966 19.6079 12.5285 11.7237 379.283 65.8781 37.8644 23.4606 6.47472 18.6209 9.79596 1.32028 374.786 24.0039 1.38993 3.812 
256.213 237.264 13.4138 202.579 39.0798 55.7138 0 15.1812 53.7306 386.948 101.464 262.683 1.80575 80.3305 0.501402 102.4 104.8 56.4139 84.5681 51.8651 49.1697 59.9678 0.136096 66.2638 84.5052 57.1784 20.0399 1.41325 
259.824 34.8579 1.04083 221.447 213.698 23.7656 48.6048 0 393.202 134.641 271.66 171.542 114.252 86.7875 174.092 254.923 0.0548466 79.0074 114.957 69.4785 205.178 40.7089 1.42518 129.975 148.64 218.001 100.24 3.98186 
612.262 356.827 140.802 524.869 352.405 349.052 284.137 412.286 0 125.132 578.086 269.013 205.39 152.892 252.456 51.1247 382.945 124.604 15.945 0.00883063 186.406 57.6079 9.10909 73.2626 384.901 142.167 26.7403 0.254228 
4.19476 228.558 25.4384 82.7681 33.5521 475.785 116.858 220.159 331.593 0 216.93 174.887 311.277 67.3868 38.9671 28.5696 2.10426 88.5234 29.5502 55.8767 10.8055 55.9038 14.8124 20.7155 8.91555 46.5619 47.2957 10.5936 
167.332 266.094 28.2506 0.502555 0.530568 154.447 26.8128 140.459 283.729 258.185 0 200.774 3.21629 34.1611 195.654 21.8598 69.425 48.5176 56.3268 50.6678 148.258 70.4355 91.5862 2.31089 47.0663 142.274 35.0126 104.147 
228.616 25.6751 8.61206 221.071 51.5288 156.703 196.624 3.50166 136.738 6.77151 1.18617 0 69.3003 67.1332 191.435 458.873 9.96378 43.6052 9.6776 91.5631 144.096 75.6613 108.089 0.487872 115.945 0.356463 65.6995 39.6825 
70.0154 88.9021 10.7513 4.70735 41.9018 56.3736 140.77 29.7004 198.755 48.397 128.804 1.79797 0 155.139 95.5653 38.864 64.1621 102.439 49.9544 31.8338 6.89596 67.8762 7.81874 16.565 38.0618 0.938349 30.4956 10.4052 
52.475 66.5269 15.0172 10.861 68.3239 21.2228 11.0223 80.4683 138.638 7.01449 178.888 131.201 33.5481 0 57.6708 12.4915 20.6348 28.1358 0.757445 0.453587 39.9339 0.0672833 8.28075 7.03774 5.85159 6.92326 4.05683 3.17237 
24.0212 23.0319 12.6726 34.6866 0.445462 24.517 9.95288 62.5036 24.8743 110.988 281.208 1.78145 59.9369 31.8369 0 0.311175 20.0401 36.8197 30.5945 9.32002 0.242919 9.77105 5.03658 13.7902 26.8352 4.46491 19.6788 18.7901 
80.5546 82.9641 9.88265 17.1574 45.8607 2.88952 84.1752 7.5246 113.766 91.6856 23.5314 418.523 77.8605 0.00505863 12.635 0 1.34411 20.4536 8.69646 9.68658 59.5163 5.07152 11.3295 23.653 11.3279 4.49163 4.83664 1.59392 
378.228 497.898 43.5077 357.326 0.0390979 376.968 29.2215 0.549894 459.389 1.51264 93.7402 84.2009 30.8186 8.36678 5.92794 12.8891 0 97.2221 532.491 2.54341 48.8347 16.524 16.3002 6.11379 348.834 16.5671 4.71803 13.7667 
156.907 436.057 159.093 95.5631 0.353778 89.8774 35.3839 127.359 205.663 80.9831 37.1161 37.1678 52.3688 0.114244 22.4528 3.63259 274.06 0 6.08088 78.1887 15.5323 38.9081 40.9232 0.437391 10.8956 20.9898 0.006107 48.7762 
46.3192 107.259 46.6593 17.8509 236.892 0.0169218 135.742 80.0768 28.7827 0.337465 94.2052 38.1332 76.371 24.751 24.4521 30.5182 123.927 19.3735 0 0.610959 48.6848 21.3047 13.9273 19.613 27.6738 22.3085 22.4078 7.47959 
106.576 136.145 0.0529108 5.31729 29.7182 24.0183 63.4357 72.1848 103.666 23.0112 13.132 91.0022 1.20291 4.21994 3.76721 8.96832 31.2201 72.5655 5.29561 0 7.96601 5.05993 3.12509 6.34761 0.0272935 2.30639 7.89843 6.53656 
66.311 171.386 127.086 40.8654 50.2297 36.4024 69.8498 187.32 186.569 0.0282245 11.7006 21.6116 77.0729 12.0819 3.8176 38.2562 23.0057 6.48585 67.8784 213.444 0 1.0871 22.5174 2.1341 0.864082 42.2346 5.48773 27.7271 
28.5181 30.8853 12.6001 9.84245 1.77628 4.1594 60.6955 0.00159658 55.7044 3.78361 45.2379 73.9221 9.09497 7.55449 8.33504 1.23114 0.503161 42.2358 22.446 3.01045 20.5119 0 13.3561 10.0341 24.8481 9.40061 1.59932 8.7914 
25.7077 30.6433 11.7774 7.77658 25.0613 7.16056 71.4562 34.4354 0.147955 46.7167 0.206551 88.1818 13.8098 7.52194 1.92279 9.62033 6.21164 43.8281 18.3714 3.33606 20.0538 13.4269 0 4.5675 2.66541 0.474411 0.643669 0.0996975 
38.3186 53.4933 11.6681 12.3287 12.0305 13.0944 28.3664 89.8041 99.7191 60.1914 88.8716 38.2127 33.6527 3.07472 26.7577 3.31271 2.32603 46.0094 23.0708 2.91314 17.5684 0.23471 18.6566 0 3.12238 12.1618 15.0725 9.98292 
355.204 369.21 25.5574 365.767 0.865103 356.617 19.2514 139.291 448.043 11.4883 143.331 488.129 1.65899 7.8708 24.9395 27.2976 374.766 7.54991 0.00926577 13.4739 8.90207 19.1269 22.2861 31.3527 0 52.2158 85.4529 106.7 
14.1561 52.3394 20.4892 16.8435 18.3228 7.19909 99.4551 26.192 102.381 0.01548 135.124 392.672 32.5545 2.493 11.2003 1.69806 22.4051 22.1037 13.668 6.21745 4.58907 10.6998 9.56267 8.86482 39.5453 0 36.2929 16.2683 
40.407 53.8381 0.126456 0.0173451 5.69424 9.25196 3.57953 76.7416 49.4957 1.02277 1.57657 98.9852 23.2603 0.763436 12.636 3.66845 20.2037 8.75737 9.44357 9.08679 41.2023 1.47688 13.3775 17.238 45.896 35.4883 0 92.9803 
48.1485 20.2288 10.7401 3.94397 48.4024 16.4421 1.30993 104.011 0.819329 7.77396 77.001 57.9816 39.3575 7.39412 23.1928 0.065653 2.37449 46.4341 25.8633 1.88992 0.0370754 0.00803612 3.48852 14.3615 21.238 63.3777 50.1653 0 
