0 588.559 139.516 203.535 104.78 81.9792 267.64 135.364 218.91 114.359 23.289 225.387 13.0059 52.2106 68.8619 59.1961 51.5474 3.16035 112.833 149.206 91.0915 2.91807 0.895786 57.4159 69.0359 39.3335 36.9026 0.630069 
576.225 0 284.512 39.958 487.645 201.667 171.108 185.854 47.4614 146.959 264.732 190.23 112.034 9.2357 90.9631 55.5469 149.288 484.12 80.3884 24.6928 106.359 45.4793 0.50159 21.8074 11.1037 38.8811 48.2568 26.0738 
198.098 186.178 0 269.538 61.7782 8.36076 221.374 0.0299294 3.69703 114.309 22.9671 0.000106583 28.1253 13.8004 11.0721 24.3577 55.0894 129.201 16.5847 7.34812 95.7815 5.63632 4.73195 0.0130057 17.7778 24.3909 15.3264 3.62606 
252.355 268.176 239.107 0 20.7955 74.7212 102.835 676.209 328.118 97.4831 1.27622 236.085 0.56065 22.7218 16.0365 0.69465 37.53 131.235 52.5095 0.740594 645.509 9.40802 3.22445 25.8089 10.0409 30.4309 5.36837 31.4566 
0.249325 434.618 11.7848 136.641 0 119.769 53.5891 14.5827 355.157 270.93 180.466 179.551 105.412 3.61959 42.3398 9.96262 150.559 142.397 292.531 86.585 102.929 47.6314 7.77553 0.216084 0.068822 43.5201 49.1565 6.34836 
30.6951 9.51703 8.03726 42.2337 956.839 0 813.134 28.9746 437.314 980.884 258.763 158.589 228.112 4.47839 41.1819 4.11874 37.4092 93.1155 88.6667 1.94272 30.8937 2.83485 0.295168 15.2318 34.9517 2.50452 2.03155 1.11845 
219.478 152.279 37.5771 29.566 426.519 690.527 0 330.371 885.29 390.79 386.6 257.986 168.078 95.4914 114.416 74.4174 59.8772 46.9019 147.745 29.9701 97.5406 40.07 3.08993 67.8661 46.7345 54.3954 6.13348 67.9536 
214.564 9.79516 265.726 444.712 19.8789 209.868 273.718 0 0.0344793 125.903 374.245 985.214 0.633935 29.6198 0.0520095 126.61 24.0924 137.435 11.8161 65.2936 45.9143 65.7245 12.9604 131.376 1.28899 0.711146 98.2737 63.6974 
20.1844 411.832 149.271 32.255 3.88928 481.7 1297.58 630.31 0 282.148 1252.56 402.093 101.2 40.3588 49.5843 2.65668 84.6992 196.702 137.702 20.8633 0.142932 25.8988 0.648062 3.69335 27.1084 130.935 7.26437 1.1017 
4.52941 174.303 106.987 0.638426 144.197 390.88 123.407 0.175639 71.8111 0 5.80296 82.9063 175.437 77.6142 129.863 86.0682 79.4148 39.9955 9.23977 18.5675 1.13609 48.1577 10.1886 54.3601 68.4447 54.7756 19.2764 12.0388 
176.551 182.816 191.605 149.396 23.1448 260.498 460.877 6.7341 660.634 596.324 0 504.569 43.4128 211.437 388.154 31.4278 1.8581 121.184 0.508489 20.7468 143.14 69.207 68.4305 123.795 1.2225 0.065795 13.4936 50.6052 
194.335 204.053 150.07 98.8378 0.182397 121.531 40.644 727.883 1.59264 235.666 208.408 0 0.976001 164.496 103.61 439.503 71.3253 140.782 1.25146 35.6945 16.2245 54.0359 58.175 160.951 118.441 41.1343 109.007 53.5882 
88.8984 148.659 70.3006 15.8809 53.5823 45.5334 165.938 146.828 142.968 110.777 15.9705 73.7527 0 99.9009 0.296852 74.4664 23.3144 66.5612 0.000119955 26.8331 3.1724 59.071 25.2368 41.1241 53.164 35.6934 9.06833 30.691 
53.9203 60.92 14.7437 2.01217 66.6367 2.16803 0.150732 56.8974 17.2744 16.0144 94.8739 16.6775 115.688 0 22.8592 16.3718 1.33246 21.6246 25.4084 0.36097 12.2834 8.18696 0.099021 9.8841 1.32325 0.00638529 10.156 9.69471 
36.639 6.00138 0.167096 12.7554 16.7066 0.00162624 133.655 158.583 163.721 12.9005 408.213 16.3511 15.6322 51.9736 0 34.4097 11.8207 6.0806 29.8899 1.05988 20.1254 17.5463 0.0070632 4.37659 9.49656 9.83424 19.421 2.74367 
72.814 19.9782 3.69409 9.7241 59.6632 26.897 98.5154 57.1306 152.151 12.003 29.5275 392.845 33.1516 14.1205 72.0742 0 7.26982 41.9159 29.121 6.13046 0.209531 0.337739 3.53169 29.2745 4.41223 5.17698 0.00247548 1.44528 
104.443 10.5371 12.654 21.2546 122.959 39.7252 84.0843 32.8803 9.77183 78.4225 6.65697 26.9651 61.8967 14.0215 13.5909 0.000875175 0 207.746 369.175 17.995 19.2933 11.361 13.0782 0.0813739 30.2916 21.3759 22.4149 16.5356 
195.259 422.861 79.8215 10.5449 3.96673 8.08436 27.5667 171.034 108.314 33.3848 135.273 136.693 95.4114 52.8485 56.1585 0.744498 278.5 0 150.411 87.6523 121.593 30.3351 13.5834 0.659702 18.5404 8.27 14.5855 13.4338 
25.0583 2.11123 8.52105 28.3349 294.233 63.7974 155.6 86.5716 128.26 68.5346 7.26763 79.1023 63.3726 13.2517 25.2721 4.59037 250.277 146.11 0 6.93294 46.3623 3.74903 0.0853726 0.282441 28.1657 27.4206 24.3156 26.792 
130.941 77.4594 0.0913782 0.830964 70.783 7.45193 44.4097 29.1708 69.1434 1.61102 82.6751 79.3901 31.8467 4.10703 9.73932 3.50599 15.5158 86.8984 24.8999 0 12.0305 4.04169 2.36606 5.43858 12.712 3.07551 0.000105406 3.9208 
50.8941 146.916 106.293 92.1492 70.4514 64.1977 77.0154 133.155 0.232197 19.5875 3.91215 149.786 74.7274 39.7895 5.24853 14.3323 2.01096 123.707 0.177876 304.441 0 4.655 40.085 29.6065 19.4284 0.0660641 34.8607 9.32634 
8.28241 30.3629 9.76026 13.5399 56.1245 3.31655 41.806 37.5723 28.2622 10.8043 47.1399 71.1808 4.15048 8.03992 0.042202 3.28209 0.234079 16.3429 2.65907 4.13058 3.70047 0 15.2382 10.388 9.79544 10.4737 7.0244 6.87204 
31.3567 1.47018 0.0204366 5.17111 0.635871 16.2778 71.1385 59.2028 3.47263 1.04599 6.19868 81.9584 33.9728 0.394178 11.1264 1.63374 2.95946 34.1679 18.2111 2.11023 39.8396 15.231 0 8.39021 23.2241 10.2889 8.70063 5.68613 
1.48171 57.2261 14.9816 24.8529 53.8269 2.99602 1.82843 135.74 16.9215 3.10823 49.119 187.175 23.3061 6.92993 19.3436 0.167729 11.7907 48.4049 0.444287 0.604753 9.69189 0.144352 9.29643 0 34.7866 0.672663 0.24556 13.3621 
18.4935 86.5687 27.2675 12.3382 2.5879 16.3012 28.3508 133.455 109.377 66.7657 105.259 531.196 15.2173 0.433912 11.8613 47.8799 13.3017 22.9598 10.2469 2.14555 0.47749 13.4597 7.64025 36.0004 0 45.1795 133.425 91.3317 
22.909 72.2895 2.43622 34.4032 70.1234 3.32428 0.928634 145.517 136.374 67.5213 0.23881 389.045 47.9736 11.7153 17.6128 2.15192 15.297 7.49063 7.3936 5.29321 23.2853 9.92457 3.39351 0.000274817 23.1954 0 36.2557 22.7337 
39.7338 41.6192 15.15 12.5406 42.4108 10.4084 24.6094 57.636 74.3869 17.0408 1.8888 51.1256 16.3459 11.2841 13.6066 0.0742831 0.797536 0.84162 17.488 7.70106 0.956097 7.21185 1.36127 0.0334305 39.9726 35.5323 0 7.06648 
33.4656 4.74768 10.1057 0.0723368 21.4672 12.0874 53.2936 134.632 2.09792 15.3192 0.618932 173.979 20.4074 5.63546 0.940905 0.0375826 4.32201 9.61242 2.4881 0.397577 8.24809 7.69542 0.145576 7.23636 1.29059 6.83416 19.1479 0 
