0 856.035 206.88 557.6 222.679 552.607 254.289 27.4467 454.318 151.197 142.678 165.201 47.6686 47.5345 71.6151 31.9518 478.203 194.946 116.645 137.557 242.587 39.1237 46.8639 32.8401 502.677 76.6438 35.638 7.08196 
913.826 0 4.31463 597.89 273.754 511.857 249.895 292.026 826.66 240.421 168.508 36.9478 19.1517 4.55028 71.7053 0.164389 447.416 361.312 167.39 2.6158 146.607 45.4478 26.0409 28.6592 475.894 79.1638 54.5586 64.6921 
117.115 468.604 0 287.04 47.6619 11.6118 245.644 252.876 399.302 6.02986 228.439 119.247 5.78197 3.07993 0.000846803 8.24103 44.519 36.5806 52.77 10.6143 126.957 0.568373 4.96144 1.65126 4.76619 23.9134 0.1301 17.7957 
607.539 440.207 198.976 0 10.3075 505.25 44.835 829.871 548.581 9.04489 131.075 67.5066 6.35946 8.42951 36.2203 0.0462415 474.077 0.519804 26.2854 4.22342 740.514 1.52052 19.2886 10.5986 441.213 11.6375 23.1585 31.8643 
48.3411 2.30993 112.662 157.545 0 412.009 426.246 215.473 2.48092 332.609 121.859 142.948 6.03584 23.1816 76.6277 21.1758 52.954 114.433 244.04 10.9392 86.6529 24.0951 49.1153 50.2203 4.62505 4.17881 0.0773172 32.8925 
502.193 676.005 5.30853 470.446 667.432 0 898.24 160.841 513.318 540.37 260.726 107.616 186.919 19.8876 13.5853 11.1458 472.488 68.8537 35.2951 23.2855 7.19672 18.7934 9.53433 1.17814 467.155 23.6364 1.27694 3.57859 
259.643 270.305 8.2951 201.341 52.9715 100.407 0 9.14669 5.52375 415.652 81.749 267.072 0.816806 78.6406 1.13209 101.795 105.572 50.901 88.4562 53.8327 46.6975 59.5915 0.263953 66.8757 85.4111 59.2504 20.7296 1.12554 
251.82 41.0279 3.20571 206.779 211.461 19.2715 37.6302 0 351.331 140.487 283.458 102.798 116.438 83.959 176.743 251.007 0.00979223 82.4935 114.49 71.911 206.194 39.9186 1.92743 128.16 143.201 212.784 100.391 2.99919 
704.343 454.974 176.286 633.916 354.453 440.157 446.41 452.47 0 108.725 538.484 283.529 205.004 151.403 287.891 47.1925 476.742 119.511 14.0177 0.0108834 186.804 56.9385 8.00941 71.5994 474.589 142.492 25.7522 0.112911 
5.42074 232.008 22.7138 80.5562 25.0503 476.935 88.6511 218.405 318.51 0 176.069 181.406 318.834 65.6144 43.3727 26.3571 2.53875 91.3685 32.0206 55.6878 11.7132 56.4669 13.8446 19.6911 9.80103 45.0093 47.3961 11.2621 
170.221 267.067 34.836 0.0657314 1.38517 166.414 16.4764 127.546 345.199 301.703 0 226.18 1.7208 28.0877 167.038 16.6109 68.3076 51.3506 58.5763 49.3361 147.803 69.7424 94.7055 1.5641 43.7389 145.579 36.2241 105.056 
228.33 22.3833 6.29687 213.295 48.4435 155.636 188.552 1.69743 122.153 4.59867 0.00196242 0 66.2965 62.0163 179.309 478.709 9.31014 45.8435 8.88412 92.2975 141.823 75.4119 110.224 0.0503916 144.524 3.95855 63.2884 35.3709 
71.6696 85.9418 11.7431 5.32068 38.289 57.2364 146.977 27.6254 200.44 36.7989 121.09 2.49587 0 156.148 98.5296 40.8991 64.0088 102.985 48.5965 31.364 7.40437 65.8831 6.43616 17.8247 37.3085 1.16381 30.8156 9.96717 
52.218 65.9124 14.8072 11.2728 68.689 21.3814 12.4573 83.3532 136.983 8.26523 172.319 135.401 27.5815 0 60.1615 11.5805 20.5247 28.8071 0.65136 0.485652 40.2657 0.035648 8.71193 6.67525 6.1779 6.64048 3.92349 3.01163 
25.1554 24.7258 13.5261 34.1093 0.223991 23.3884 12.233 56.9591 20.9936 107.293 253.844 0.304961 63.7375 37.6294 0 0.153112 19.7272 37.8155 31.0281 9.19644 0.354811 9.46614 5.8602 12.7761 27.3536 3.86915 19.7312 18.4448 
80.4805 82.4778 10.4544 15.9911 47.0719 3.25955 82.2696 3.97035 117.367 91.4773 18.0912 447.879 78.9006 0.0809883 19.4956 0 1.2253 21.2536 8.35851 9.68492 59.0526 4.88247 11.0803 22.2926 12.108 3.64278 4.56958 1.34324 
468.683 590.69 42.6171 448.783 0.010608 470.18 27.5581 0.767975 551.982 1.88561 93.3685 84.6055 30.0357 8.57794 6.19276 12.6144 0 85.1327 164.279 2.79105 49.55 16.3786 16.4165 6.28367 441.11 16.8385 4.85525 13.5602 
163.525 425.82 157.229 91.7923 0.0267071 87.1776 30.8157 130.541 203.072 83.8817 34.5796 39.299 50.8366 0.184688 21.5218 3.2448 268.051 0 4.75737 79.214 16.8357 38.6932 40.6427 0.342191 11.4607 20.2248 0.000332135 48.5388 
48.5902 102.693 45.5269 16.8156 248.18 0.16418 138.373 81.7766 31.3633 0.105068 96.1988 39.4679 77.2071 24.5464 23.9287 30.4692 135.705 17.0535 0 0.754651 47.8364 21.4869 13.6923 19.4245 27.8723 21.995 22.5142 7.2552 
94.4157 137.789 0.131744 4.42756 27.8856 24.1101 61.5582 69.7547 102.957 22.1242 14.1143 90.1782 1.3836 4.25471 3.90826 9.04064 30.9599 73.8224 4.92707 0 18.3294 5.01682 3.16052 6.34087 0.0138128 2.44022 7.99045 6.41082 
59.3303 172.956 126.764 47.2847 52.3774 37.6723 67.2293 184.331 186.908 0.000592391 10.3949 23.779 77.2475 11.6134 3.4376 37.294 23.7597 7.37441 68.3178 186.92 0 0.996161 22.938 2.38213 1.07009 43.1098 5.77405 28.3159 
28.8743 30.3153 12.6077 10.0111 1.53994 4.40625 60.3643 0.00338997 54.9981 3.29903 46.3268 74.2954 7.77435 7.7682 8.64124 1.11706 0.451668 42.271 22.6048 3.06313 20.2601 0 13.0314 10.318 24.8348 9.31718 1.51426 8.71733 
25.1251 29.8786 11.6782 8.06531 24.3187 7.42456 71.1498 36.3216 0.0354576 45.7468 0.0259539 90.9799 12.013 8.04571 1.42568 9.26698 6.36618 43.9801 18.5636 3.36848 20.4781 13.1072 0 6.00903 2.27322 0.39963 0.73297 0.128194 
39.1199 52.8848 11.892 12.8249 12.6297 12.8431 27.2219 86.3751 99.9489 60.3281 91.7028 33.1177 35.1176 2.73168 26.2868 4.43018 2.21043 46.2359 22.9762 2.98667 18.1348 0.16069 17.5316 0 4.05162 12.5018 14.7736 10.1961 
448.143 462.508 25.8708 456.999 0.668765 449.233 17.8737 144.87 542.452 12.4689 144.226 448.934 1.39744 8.2101 25.5379 24.5192 466.85 8.03798 0.00137393 13.5279 8.32712 17.6855 21.6796 25.4401 0 78.4526 21.233 62.7705 
13.0349 50.899 19.9597 15.7428 17.3991 6.7451 99.3067 20.4589 105.541 0.0933604 138.814 398.098 31.7399 2.71938 10.3684 1.17274 22.6177 21.329 14.0163 6.04909 5.08707 10.7211 9.45825 9.25022 39.8299 0 35.8229 13.4587 
40.8732 53.6916 0.167575 0.0407832 6.00565 9.02535 3.93138 75.3057 50.5123 1.19394 1.92315 100.814 23.639 0.694932 12.3658 3.42721 20.1023 9.0778 9.63645 9.00814 41.4179 1.39475 13.4131 17.0131 47.8335 35.9929 0 92.6904 
47.4552 19.4384 11.0812 4.31961 48.8745 16.154 1.61867 101.347 0.543792 8.3658 75.0963 62.9834 39.6993 7.21503 23.2635 0.0222904 2.25269 46.1145 25.9564 1.79698 0.0120773 0.0143969 3.36039 14.3971 21.6119 62.7658 44.5427 0 
