0 735.575 201.352 538.039 233.138 499.818 247.293 37.7838 392.366 153.086 136.621 156.746 44.959 46.7328 71.4194 29.4845 424.288 186.073 116.279 156.865 243.862 38.8974 46.9658 31.5003 444.342 77.4633 34.7933 6.25136 
800.268 0 1.49813 512.516 326.661 439.649 302.125 293.802 780.683 241.968 156.716 30.9132 16.0781 5.51544 68.9334 0.46107 388.283 842.842 169.597 4.84214 151.408 44.8356 24.8351 30.0404 417.075 78.0588 54.6011 64.5844 
132.604 472.282 0 247.168 38.1162 8.6509 249.175 240.264 437.023 3.88657 220.625 128.19 4.66272 2.6759 0.0712838 7.38632 45.8363 43.942 54.1693 11.7018 127.203 0.660658 4.65909 1.40789 5.426 24.5309 0.198703 18.2188 
588.731 387.81 192.935 0 6.82996 447.135 55.2376 306.255 467.296 11.4681 140.724 53.475 5.31843 7.80714 35.4308 0.00551499 418.73 1.52452 28.1019 2.99625 592.95 1.36856 19.1943 11.3732 383.899 10.0851 22.7205 31.5031 
59.9583 14.5986 101.373 160.22 0 408.386 433.854 212.145 7.27804 331.12 133.35 147.254 3.80512 21.4756 78.9439 19.4208 58.6342 103.979 260.64 9.00665 89.9371 22.9978 48.302 49.4837 3.91025 5.00754 0.0287349 33.9309 
451.291 620.289 7.75611 410.347 156.966 0 459.788 170.797 502.863 539.746 267.652 101.46 154.826 20.2976 15.3019 10.2406 417.276 73.5301 31.2981 22.9768 8.40934 19.0511 9.11739 0.968608 410.6 23.0264 1.10718 3.22147 
263.892 322.18 2.64758 198.237 78.5421 251.263 0 2.66576 31.2326 454.602 54.1635 273.078 0.0422771 75.8391 2.64209 100.621 106.67 42.6047 94.5599 56.9239 42.8535 58.9529 0.551763 67.7766 86.7327 62.4952 21.8326 0.736022 
238.212 51.6374 9.00956 202.425 207.461 13.0408 22.8985 0 284.655 149.57 301.096 27.6992 119.79 79.3864 180.23 242.633 0.0132646 88.0371 113.635 75.7124 207.349 38.6603 2.8737 124.972 134.194 203.226 100.516 1.72282 
646.415 410.498 235.22 603.109 355.624 393.11 730.483 511.834 0 84.2787 1124.49 305.474 203.89 148.566 319.549 41.1523 422.516 111.408 11.1979 0.174897 187.1 55.851 6.40197 68.9066 413.931 142.644 24.208 0.00483586 
7.66829 236.485 18.6443 76.9249 13.9734 460.706 50.6679 215.007 295.661 0 117.071 191.307 327.346 62.6806 50.5842 22.9674 3.30702 95.8127 36.0601 55.3308 13.2147 57.297 12.3604 18.0973 11.2743 42.5285 47.5276 12.3517 
174.51 267.722 46.3978 0.212 3.55358 184.847 5.13477 107.758 421.635 370.275 0 266.971 0.29919 19.5332 123.46 9.68495 66.5111 55.9275 62.1519 47.2155 146.917 68.5967 99.4951 0.676526 38.6189 150.376 38.1534 106.351 
227.266 17.5884 3.3528 199.892 43.6846 153.534 175.437 39.5763 100.066 2.00516 3.37816 0 61.5813 54.0958 159.377 494.773 8.31557 49.4505 7.69082 93.3507 138.058 74.9611 113.381 0.277059 159.302 17.4043 59.4629 28.9357 
74.2526 81.2188 13.3845 6.3619 32.8155 51.5833 156.526 24.4606 202.625 21.3722 108.935 3.82995 0 156.268 102.896 44.1256 63.7282 103.764 46.4347 30.6081 8.24221 62.6223 4.505 19.8798 36.1003 1.56916 31.3134 9.28757 
51.7698 64.8707 14.4533 11.9253 69.1927 21.5943 14.8798 87.8245 133.98 10.4296 161.062 141.622 19.1154 0 61.9711 10.1049 20.3428 29.8672 0.49945 0.538406 40.7706 0.00591045 9.24374 6.08574 6.70167 6.19246 3.71455 2.76294 
26.975 27.4861 14.8955 33.1395 0.0273828 21.588 16.2712 48.4875 15.981 101.028 208.715 0.473999 69.7148 46.2425 0 3.54285 19.2272 39.3861 31.6956 8.99644 0.574839 8.98182 7.24914 11.1862 28.1189 3.00206 19.7984 17.8797 
80.2328 81.5923 11.3681 14.1807 48.9674 3.88429 79.1222 0.633541 122.809 90.8895 10.8422 480.915 80.3708 0.385711 32.3104 0 1.04793 22.5349 7.83207 9.67386 58.2641 4.58547 10.6431 19.9469 13.4107 2.46197 4.15751 0.987886 
409.192 534.486 41.1638 390.859 0.335258 414.985 24.9926 1.18687 495.703 2.55783 92.7174 85.1987 28.7988 8.91419 6.62072 12.1796 0 67.0087 481.437 3.20443 50.6654 16.1454 16.5964 6.55536 384.447 17.2655 5.07541 13.2323 
173.665 422.102 153.605 85.7142 0.270027 82.7864 24.1425 135.457 198.554 88.435 30.7039 42.7506 48.4151 0.330486 20.0703 2.6733 256.484 0 2.98528 80.7288 18.9882 38.3409 40.1819 0.215191 12.3777 19.0289 0.00587932 48.1425 
52.2167 95.3704 43.6812 15.2173 264.225 0.705644 142.238 84.4198 35.6135 0.00684408 99.2745 41.5978 78.4585 24.2092 23.0929 30.3729 151.975 13.6482 0 1.01238 46.4792 21.7686 13.3182 19.1198 28.1749 21.4916 22.677 6.90433 
75.7242 139.855 0.32822 3.17103 25.0565 24.2213 58.536 65.8681 101.684 20.733 15.7267 88.7702 1.69459 4.30784 4.13416 9.14781 30.5272 75.7202 4.3668 0 42.6313 4.94757 3.21569 6.32673 0.00176318 2.6578 8.13443 6.2111 
48.8384 175.09 125.838 62.4587 55.8075 39.6847 63.095 179.244 187.11 0.0412511 8.47509 27.3848 77.484 10.8841 2.8743 35.7596 24.965 8.8894 68.9739 144.082 0 0.860071 23.6012 2.80107 1.44036 44.4742 6.23999 29.2448 
29.4315 29.4086 12.6137 10.2768 1.19932 4.80751 59.7961 0.0456501 53.8549 2.59635 48.0392 74.8318 5.87776 8.09767 9.12615 0.946659 0.375723 42.3124 22.8484 3.14662 19.8593 0 12.4748 10.7539 24.7779 9.18096 1.38373 8.59763 
24.2006 28.666 11.5104 8.52544 23.1487 7.84425 70.5818 39.3529 0.0150555 44.1672 0.0921853 95.2766 9.39031 8.7488 0.783768 8.68117 6.6128 44.2009 18.8617 3.41872 21.1496 12.5578 0 8.50506 1.71906 0.293883 0.885471 0.180517 
40.3704 51.8858 12.2374 13.6117 13.5994 12.4376 25.4297 80.8576 100.173 60.4652 96.0568 25.655 37.436 2.21651 25.4119 6.45961 2.03277 46.5726 22.8174 3.10329 19.0383 0.0718862 15.3972 0 5.84442 13.0218 14.286 10.5273 
392.586 407.486 26.3317 398.692 0.409108 393.111 15.7734 153.277 489.008 14.0853 145.29 317.541 1.02818 8.74748 26.4387 27.8389 409.862 8.83704 0.00321106 13.6045 7.4504 33.5923 20.7023 17.1072 0 105.116 32.8535 2.9279 
11.3365 48.5958 19.0978 14.0365 15.9703 6.04727 98.8908 12.7196 110.368 0.350502 144.267 398.782 30.4427 3.09225 9.08526 0.534445 22.9465 20.1162 14.569 5.78253 5.92293 10.7493 9.28177 9.85625 40.1637 0 34.9713 9.43106 
41.5956 53.4342 0.244359 0.098033 6.51321 8.66762 4.51973 72.9757 52.1065 1.49119 2.54025 103.578 24.2356 0.592639 11.9343 3.05858 19.9377 9.59393 9.94324 8.88116 41.7444 1.26897 13.457 16.6363 50.7531 36.6821 0 90.8545 
46.3313 18.2057 11.6212 4.94354 49.5991 15.6907 2.17243 96.9876 0.222194 9.33933 72.0243 71.0798 40.2216 6.92917 23.3436 0.000404946 2.06577 45.5902 26.0949 1.65377 0.000440757 0.0282262 3.16005 14.4385 22.2623 61.1118 35.732 0 
