0 409.24 192.765 327.908 243.366 251.547 238.052 50.8222 135.699 154.723 129.71 147.079 41.9925 45.8008 71.0881 26.8078 175.288 175.564 115.609 165.154 243.75 38.6268 47.0362 30.013 190.334 78.2149 33.8462 5.38719 
477.512 0 23.3916 229.791 382.201 171.933 357.987 294.088 536.148 242.152 143.469 24.7774 12.9592 6.68016 65.7714 0.961773 133.939 434.725 171.321 8.05801 156.344 44.1312 23.5102 31.569 162.627 76.7047 54.6105 64.3994 
149.007 451.303 0 181.102 28.5247 5.82156 249.371 223.77 463.934 2.04909 210.08 137.672 3.5572 2.25655 0.280247 6.47419 47.2154 52.5546 55.5941 12.9191 126.874 0.770269 4.32958 1.15944 6.19263 25.1537 0.291149 18.6667 
376.563 146.336 194.054 0 3.78899 193.113 67.4924 84.5088 190.523 14.4359 150.931 39.4294 4.26834 7.13334 34.4706 0.155118 168.08 3.23949 30.1221 1.87146 155.987 1.20912 19.0648 12.2372 131.216 8.46327 22.2179 31.0524 
73.8016 39.9162 88.7804 162.339 0 391.803 435.463 207.806 15.4232 325.557 146.023 151.768 1.92641 19.6335 81.3574 17.5397 65.0366 92.5542 276.098 7.06855 93.4885 21.7951 47.3619 48.6286 3.18625 6.00335 0.00245014 35.07 
205.558 366.322 10.9166 154.539 337.625 0 91.317 180.9 309.845 384.764 272.299 94.4884 188.445 20.7021 17.2474 9.25871 166.775 78.6197 27.018 22.5918 9.84504 19.3135 8.65388 0.759658 158.593 22.3146 0.932891 2.84521 
266.852 376.732 0.0531327 193.222 111.158 481.952 0 0.00735134 196.936 486.466 29.632 278.315 0.321003 72.579 5.02504 99.0229 107.703 34.1185 101.192 60.2915 38.7184 58.1876 0.990664 68.6728 88.0272 66.0146 23.066 0.400645 
222.01 64.4499 18.672 186.429 202.41 7.49582 10.6786 0 213.273 159.293 318.865 0.0733459 123.326 74.2254 183.035 230.481 0.12377 94.175 112.53 79.8246 207.972 37.2613 4.13129 121.022 123.781 190.992 100.493 0.717749 
391.594 175.77 300.306 377.895 353.949 167.304 1025.17 568.858 0 59.9926 344.626 327.903 201.949 144.783 291.408 34.7893 173.175 102.442 8.42407 0.584683 186.948 54.6117 4.8224 65.8556 157.614 142.296 22.533 0.0506444 
10.5779 239.974 14.5316 72.7505 5.36297 419.405 20.0771 210.392 267.889 0 63.2039 201.56 331.596 59.2779 58.7924 19.4071 4.26879 100.62 40.6838 54.8548 14.9624 58.1244 10.7941 16.3819 12.9987 39.7652 47.6339 13.598 
178.821 267.178 60.5887 1.56553 7.09431 204.106 0.0712063 87.0976 501.398 441.808 0 311.792 0.0898722 11.7377 80.0465 4.12762 64.4891 61.1004 66.1123 44.861 145.702 67.2636 104.543 0.12108 33.2045 155.015 40.2974 107.574 
225.228 12.9109 1.15797 183.757 38.6228 150.637 160.591 135.015 77.4467 0.36895 14.4892 0 56.4476 45.6831 136.779 489.474 7.27509 53.5179 6.46449 94.3554 133.674 74.3837 116.531 1.83419 140.033 42.5574 55.2396 22.4419 
77.05 75.9675 15.2942 7.60968 27.155 37.201 166.591 21.145 204.338 8.94899 95.6992 5.62556 0 154.294 107.209 47.6773 63.3642 104.503 44.0345 29.7569 9.21391 58.8908 2.75378 22.2285 34.7455 2.08511 31.8506 8.55736 
51.2165 63.6244 14.0332 12.6452 69.6417 21.7743 17.7584 92.6009 130.139 13.0685 147.596 147.82 11.3595 0 60.7868 8.46353 20.1313 31.0331 0.35461 0.599454 41.2989 0.0022011 9.59109 5.42055 7.2882 5.69914 3.48707 2.49695 
29.0147 30.637 16.4254 31.993 0.030585 19.5928 21.3053 39.656 12.1317 93.6003 158.661 4.2227 76.2009 54.1667 0 12.0655 18.6688 41.1102 32.4047 8.76948 0.878761 8.44581 8.88214 9.47363 28.8812 2.15978 19.8499 17.231 
79.7743 80.452 12.3846 12.2465 51.0252 4.62706 75.4763 0.282607 128.409 89.8763 4.90491 495.608 81.7347 0.977224 47.8759 0 0.867405 23.9691 7.26341 9.64963 57.3168 4.26146 10.1042 17.1616 14.9327 1.40834 3.71858 0.65615 
154.087 282.41 39.5008 137.454 1.21891 164.513 22.2616 1.75404 243.891 3.41554 91.9098 85.7861 27.4381 9.28823 7.10557 11.7004 0 48.817 370.014 3.69089 51.8723 15.8834 16.7893 6.85925 132.378 17.7331 5.32274 12.8692 
184.292 434.521 148.684 78.8905 1.62138 77.7931 17.6185 140.695 192.996 93.3965 26.6328 46.6666 45.7503 0.540236 18.5013 2.10346 241.026 0 1.49795 82.2421 21.4897 37.9347 39.6494 0.108823 13.4211 17.7309 0.032951 47.6755 
56.252 87.2007 41.5746 13.5152 278.979 1.73855 146.054 87.2645 40.5274 0.283297 102.549 43.9699 79.7342 23.8184 22.1604 30.2398 166.301 10.2867 0 1.33979 44.9613 22.0698 12.9026 18.7747 28.4926 20.9259 22.849 6.52326 
56.454 141.352 0.646217 2.01181 22.0452 24.2954 55.1392 61.5369 100.069 19.2179 17.587 87.0709 2.07333 4.36375 4.38718 9.25556 30.0202 77.6786 3.78188 0 78.9555 4.86963 3.27528 6.30615 0.00172321 2.90592 8.29087 5.98973 
38.1602 176.938 124.228 75.2618 59.6322 41.9054 58.5603 173.146 186.854 0.20646 6.5689 31.605 77.688 10.0972 2.30756 34.0516 26.3117 10.7148 69.6411 98.5629 0 0.720985 24.3295 3.30094 1.91165 45.9489 6.7725 30.2659 
30.0372 28.4013 12.6119 10.5682 0.871435 5.26494 59.1068 0.148506 52.5575 1.91367 49.9123 75.346 4.07163 8.44766 9.66084 0.773457 0.299777 42.3374 23.1064 3.23892 19.4139 0 11.8049 11.214 24.6642 9.02469 1.24552 8.46196 
23.1777 27.3256 11.3101 9.03719 21.866 8.30912 69.8378 42.7539 0.217422 42.3646 0.666992 99.8095 6.82942 9.31205 0.291701 8.00296 6.88797 44.4166 19.182 3.47261 21.8903 11.895 0 11.3992 1.2069 0.195423 1.0695 0.248515 
41.7234 50.7332 12.6052 14.4801 14.6991 11.9797 23.4816 74.6729 100.219 60.5031 100.659 18.3622 39.9866 1.69443 24.2731 9.00338 1.84418 46.913 22.629 3.2323 20.0455 0.0146425 12.6807 0 8.24416 13.5672 13.7285 10.8835 
141.818 157.263 26.7888 144.827 0.19568 141.641 13.5749 161.865 240.257 15.9568 145.955 927.182 0.684831 9.33914 27.362 41.3897 157.407 9.75614 0.0256765 13.6763 6.5304 65.0582 19.6079 10.2257 0 89.9745 139.505 37.5069 
9.57621 46.0252 18.1159 12.2145 14.4423 5.30858 98.1755 6.20925 115.418 0.824285 149.691 388.284 29.0017 3.52319 7.72702 0.114842 23.2987 18.7974 15.1811 5.48854 6.91255 10.7724 9.07141 10.5165 40.3627 0 33.8842 5.6941 
42.3704 53.1137 0.345783 0.189905 7.09436 8.27444 5.21355 70.3278 53.8436 1.85683 3.31868 106.43 24.8898 0.488587 11.4528 2.67107 19.7502 10.1763 10.284 8.73736 42.0837 1.13616 13.488 16.1918 53.7211 37.2817 0 86.9405 
45.0543 16.8723 12.2166 5.67313 50.3664 15.1693 2.87585 91.9905 0.0313069 10.4651 68.561 80.2034 40.7708 6.61066 23.3866 0.0429882 1.86777 44.9851 26.235 1.50129 0.0274428 0.0488582 2.94263 14.4625 23.0645 58.3568 26.4647 0 
