0 708.929 119.341 380.098 123.637 217.988 267.61 113.619 359.748 120.778 17.8608 221.87 15.4315 51.6093 67.8091 56.183 175.974 0.677378 114.387 131.598 75.3354 3.35561 1.25879 57.6698 195.239 36.2346 35.8143 0.325221 
717.432 0 190.518 194.371 441.569 346.193 110.422 203.985 156.819 130.531 260.475 197.713 106.506 10.9651 92.7536 58.6586 281.132 366.379 70.7227 18.0837 114.569 44.6704 0.247625 23.5607 140.445 41.9667 47.4429 24.3322 
206.23 280.161 0 201.932 76.2123 5.10581 235.83 2.062 2.81585 114.262 36.2594 0.834542 30.9378 13.2467 9.39753 24.6442 54.5469 137.856 14.2344 8.67035 102.04 5.91755 5.13161 0.000498406 18.8582 23.5533 14.9163 3.1163 
422.902 421.598 92.8359 0 28.1392 201.685 86.9774 807.88 465.546 100.334 0.0351783 247.147 0.20587 22.9381 14.2874 1.46282 167.848 135.792 50.6689 0.175744 25.7784 9.76171 3.69236 25.4107 139.192 28.1685 4.77279 31.9296 
0.440737 482.48 20.0598 128.537 0 44.5003 26.6667 20.5017 350.93 293.285 194.084 178.643 114.187 2.62888 46.2808 8.26579 147.862 128.766 299.654 88.8068 106.644 48.6927 6.73218 0.442707 0.247434 41.3499 49.1699 7.24646 
165.142 143.103 11.8996 166.217 836.873 0 536.839 19.1726 511.359 625.794 245.248 158.928 198.524 3.72502 41.6442 5.02885 163.538 87.5848 89.8852 1.46186 33.5049 3.2854 0.166259 15.6401 163.725 1.91548 1.75529 0.850907 
233.126 94.2745 20.8224 41.6166 408.16 895.903 0 357.742 1182.1 324.077 425.557 246.604 179.119 94.1744 121.127 78.7939 63.804 36.465 151.318 26.2031 102.576 38.3363 2.13477 66.6749 43.1615 50.021 5.24703 66.6699 
234.284 4.09564 273.717 427.177 26.6029 213.519 307.603 0 12.888 113.431 373.659 861.49 1.54786 35.1096 0.462124 101.358 26.5416 143.546 9.59991 60.1306 54.5451 66.2053 15.831 134.35 4.30232 0.213129 97.1276 57.2602 
142.683 528.71 82.4654 145.593 0.238752 607.331 1131.75 582.211 0 313.396 1455.26 403.154 90.7179 34.057 31.4065 0.853751 209.544 202.791 141.764 24.3483 0.948942 27.658 0.157249 5.28846 159.656 126.555 8.57376 0.490372 
2.37792 158.918 110.037 0.0758431 113.727 451.151 190.82 0.1731 102.834 0 36.6046 68.9301 139.364 79.8287 132.482 88.2514 80.6153 45.5256 6.3574 16.8178 0.589595 49.8773 12.0232 55.6585 67.2302 57.6843 20.4441 10.6271 
171.076 197.229 174.199 137.092 32.4446 269.173 479.444 1.32676 575.379 604.159 0 516.572 56.1468 213.349 354.643 46.1886 2.63949 115.185 0.0892009 23.1914 140.91 67.6515 75.4773 126.07 2.96186 1.07446 15.4073 46.3483 
202.572 209.828 139.642 120.419 0.0116283 128.518 28.9105 522.094 0.128418 241.104 261.87 0 0.237725 161.341 78.2162 483.697 69.5902 143.296 1.96354 39.1156 12.5355 52.03 51.8449 150.869 120.549 82.6319 105.848 63.9277 
86.0147 148.104 71.3535 18.014 62.0203 71.0586 153.851 145.527 133.103 145.951 9.07793 80.0779 0 114.442 0.032495 71.5816 24.8944 69.6241 0.102526 27.8975 3.93697 54.4983 20.5828 38.0971 52.3897 34.0336 8.39985 29.6663 
53.8527 59.1072 15.1754 1.55561 65.4909 1.6258 0.727266 50.6763 12.4714 12.6096 112.789 23.8006 101.255 0 12.0313 17.6378 1.55588 20.2574 25.0227 0.422498 13.2827 8.59687 0.0164081 9.48421 0.965944 0.00695786 10.3264 9.98718 
39.1238 4.18098 0.518977 11.1041 13.809 0.106857 137.447 166.645 179.038 7.64549 398.34 31.4138 10.6888 41.6383 0 53.0021 11.1523 7.31164 30.8124 1.24601 21.6968 17.501 0.248466 2.95764 8.0878 8.18309 19.58 3.34364 
74.6716 17.2316 2.87511 7.71926 61.7044 27.1505 100.487 79.5009 152.392 15.594 43.9643 456.279 29.0556 12.3027 84.1889 0 7.78839 43.5425 29.4421 6.41184 0.510765 0.482608 2.7865 28.6238 3.01791 3.37715 0.00965945 0.970603 
234.957 137.425 10.8471 147.916 128.961 165.858 80.6541 35.5525 137.39 79.7427 5.40061 28.9951 62.5254 13.5834 14.2771 0.020041 0 182.516 339.985 18.9519 20.8005 10.9995 13.3951 0.136671 158.138 20.8899 22.4337 16.1276 
183.483 447.931 68.6315 15.1718 1.2043 11.4232 19.3877 174.184 118.982 38.6211 140.409 139.622 93.4064 52.4845 54.4993 1.178 285.483 0 150.125 87.5095 120.423 31.0572 12.6786 0.942229 17.1586 9.45423 13.8075 12.4602 
29.1223 4.78661 10.4797 30.742 300.327 58.6991 153.357 83.1514 122.923 62.5992 9.59131 81.3951 60.8177 13.9514 24.1909 5.16503 245.653 148.234 0 6.08628 48.1466 3.38864 0.156622 0.40172 27.764 26.958 24.2673 26.8365 
155.654 86.6055 0.000628802 0.221404 74.3152 6.59607 48.5347 33.7529 65.0235 2.29828 81.4344 82.0031 30.8616 4.18425 9.49637 3.79138 14.5619 87.4099 23.8562 0 0.152077 3.93523 2.27996 5.54394 12.9051 3.38605 0.00293003 3.67258 
65.03 153.143 111.565 128.567 75.0169 66.1171 82.4492 142.69 1.16143 17.2691 2.42442 153.727 75.4166 39.0589 6.22417 16.082 2.60776 123.577 0.410302 265.72 0 5.03848 40.0991 28.4134 21.0456 0.252258 34.1171 10.2962 
7.63191 29.1692 9.5207 13.2518 55.7254 2.86417 40.1005 35.9002 30.0466 9.20594 49.3796 70.01 2.39766 7.60152 0.127745 3.64444 0.315667 17.1336 2.34995 4.2351 3.36552 0 15.2323 10.9541 10.4308 10.3812 7.29405 7.0665 
32.4943 1.00704 0.0666476 4.63957 1.00707 16.3731 71.7335 63.2496 5.12608 0.518257 3.56956 75.7588 28.8711 0.0356143 9.08362 1.10007 3.21146 33.3039 17.7967 2.02341 39.9622 15.2392 0 5.17058 23.1862 10.194 8.292 5.96529 
2.09355 56.216 15.1863 24.3 53.1566 3.44252 1.13716 133.194 14.1238 4.18226 42.9632 187.079 20.4798 6.161 17.3294 0.0513312 11.4047 48.4071 0.318402 0.697846 8.73091 0.04207 12.7358 0 31.2614 1.02476 0.440534 13.0919 
148.65 215.173 26.7991 139.573 3.38121 145.516 31.7029 120.979 232.841 65.3056 98.3792 371.436 13.752 0.237056 10.3608 29.3337 142.035 21.5006 10.8973 1.8848 0.828346 49.4394 9.27394 38.8616 0 96.809 119.004 135.623 
25.7683 74.313 1.7745 32.3333 70.4733 4.06418 0.276393 164.402 139.056 65.2966 0.0854536 362.646 49.0937 12.0493 15.8007 1.01842 14.72 8.62841 8.02595 4.94651 21.4205 10.0587 3.76266 0.0325956 25.8756 0 35.2079 29.532 
40.7186 40.5522 14.7338 13.3082 41.7061 9.93409 23.1239 54.1744 73.2422 15.9145 1.21172 56.1273 15.5562 11.2458 13.0592 0.176499 0.673387 0.629752 17.8557 7.89548 0.713214 7.48045 1.62649 0.000174611 42.7338 36.514 0 2.16604 
31.7172 5.72046 9.40036 0.0040008 22.8187 11.4262 51.2026 135.359 1.21129 13.7764 1.42411 170.763 21.4951 6.01779 0.621763 0.000843185 3.99632 8.75316 2.80013 0.306829 7.36243 7.51118 0.220295 6.75325 2.0008 3.16971 29.3925 0 
