0 743.114 116.869 422.5 125.923 255.833 267.427 111.056 398.096 121.524 17.2526 221.365 15.7343 51.5314 67.6724 55.8137 212.446 0.501522 114.549 130.706 73.4972 3.40999 1.30638 57.6931 231.912 35.8637 35.6822 0.295319 
754.102 0 179.439 234.854 435.146 384.858 103.765 206.101 191.873 128.542 259.843 198.555 105.826 11.1808 92.9473 59.0256 318.444 212.3 69.5736 17.349 115.541 44.5706 0.223086 23.773 177.512 42.3372 47.3424 24.1248 
206.949 291.269 0 191.962 77.9823 4.76412 237.244 2.65184 4.44784 114.2 38.024 1.04396 31.278 13.1779 9.2021 24.6708 54.4704 138.826 13.9607 8.83314 102.756 5.95137 5.17993 0.00149615 18.986 23.4473 14.8662 3.05729 
464.327 461.071 88.8697 0 29.0803 238.422 85.091 1324.05 503.075 100.644 0.0055308 248.257 0.174958 22.9599 14.0802 1.57337 205.021 136.287 50.4402 0.134028 236.001 9.80401 3.75015 25.3579 176.237 27.892 4.70317 31.9811 
0.645397 487.267 21.1837 127.512 0 37.6914 24.016 21.2729 350.131 295.679 195.665 178.497 115.225 2.5202 46.7548 8.07146 147.489 127.116 300.124 89.0526 107.077 48.8165 6.61131 0.475267 0.276275 41.0878 49.1687 7.35766 
202.849 180.952 12.4035 202.635 1105.76 0 995.206 18.1178 540.712 390.466 243.367 158.907 428.464 3.63828 41.6818 5.14284 200.21 86.9027 89.9882 1.40844 33.82 3.34128 0.153232 15.6873 200.709 1.8497 1.72337 0.821159 
234.636 88.0171 19.109 43.1676 405.337 906.87 0 360.704 1207.53 315.57 429.695 245.123 180.375 93.9886 121.882 79.3033 64.2725 35.2839 151.696 25.7612 103.169 38.1266 2.03161 66.5223 42.7336 49.4953 5.14487 66.5079 
236.547 3.57356 274.34 426.667 27.467 213.808 311.463 0 15.9637 111.931 373.306 842.214 1.68424 35.7882 0.621928 98.3826 26.8407 144.257 9.34798 59.5096 55.6137 66.2576 16.1914 134.657 4.78002 0.38214 96.9748 56.4928 
179.046 563.849 75.4492 181.201 0.0962341 642.309 1099.64 575.18 0 316.87 1155.01 402.928 89.4664 33.3251 35.6589 0.703952 246.056 203.464 142.219 24.7794 1.0932 27.8705 0.12074 5.49805 197.12 125.988 8.73727 0.433324 
2.16516 157.019 110.351 0.0451495 110.174 456.027 199.378 0.266489 106.806 0 41.9843 67.3041 135.086 80.0654 132.7 88.4796 80.7483 46.2029 6.04557 16.6111 0.535874 50.0773 12.2511 55.8049 67.072 58.024 20.5848 10.4622 
170.377 198.903 171.998 135.57 33.6516 269.914 480.947 0.956632 563.998 603.265 0 517.275 57.7552 213.376 349.683 48.1055 2.7422 114.453 0.0619535 23.4907 140.62 67.4583 76.3181 126.303 3.22051 1.27681 15.6437 45.8405 
203.495 210.457 138.334 123.039 0.0295988 129.32 27.6205 496.614 0.30562 241.638 268.323 0 0.18272 160.871 75.3034 486.885 69.3777 143.577 2.05953 39.5298 12.1222 51.7862 51.092 149.574 124.034 88.353 105.447 65.197 
85.6592 148.002 71.4657 18.2761 63.0532 73.5063 152.351 145.345 131.896 150.269 8.37566 80.8376 0 116.1 0.0714392 71.2148 25.0854 69.9879 0.12765 28.0242 4.03396 53.9417 20.0465 37.7319 52.2908 33.8327 8.32087 29.5422 
53.8383 58.8819 15.224 1.50446 65.3437 1.56553 0.825267 49.9369 11.9454 12.2234 114.937 24.7269 99.4488 0 10.8973 17.7688 1.58377 20.0944 24.9745 0.430177 13.4042 8.64445 0.0328445 9.42926 0.926591 0.0106104 10.346 10.0212 
39.4211 3.98354 0.574067 10.9105 13.4766 0.137575 137.834 167.526 180.774 7.10081 396.001 33.51 10.152 40.2545 0 55.2016 11.0726 7.4661 30.9205 1.26924 21.887 17.4925 0.300329 2.80366 7.92358 7.99129 19.5969 3.41898 
74.8788 16.912 2.78278 7.49061 61.9417 27.1738 100.694 82.3332 152.353 16.0502 45.8466 462.09 28.5722 12.0759 85.2178 0 7.85132 43.7351 29.4782 6.44524 0.55572 0.501657 2.70121 28.4929 2.86745 3.18375 0.0134655 0.919682 
272.138 174.237 10.6373 184.657 129.646 202.529 80.2332 35.8764 174.256 79.8904 5.25813 29.2412 62.5957 13.5305 14.3596 0.0240256 0 179.378 375.406 19.0665 20.9835 10.9561 13.4328 0.144261 195.015 20.8307 22.4352 16.0783 
181.999 451.708 67.301 15.7772 0.979667 11.8588 18.4935 174.527 120.258 39.2662 141.004 139.955 93.1559 52.4361 54.2952 1.23655 285.986 0 150.042 87.4733 120.266 31.143 12.5712 0.979448 16.9949 9.60072 13.7149 12.345 
29.624 5.17831 10.7256 31.0314 300.67 58.0727 153.034 82.7334 122.258 61.8853 9.89008 81.6637 60.5055 14.0354 24.0599 5.23582 244.442 148.441 0 5.98762 48.3587 3.34642 0.166603 0.417416 27.7141 26.9007 24.2606 26.8404 
158.506 87.6883 6.75777e-05 0.174259 74.7258 6.49553 49.0297 34.3165 64.5236 2.38859 81.2746 82.305 30.7417 4.19326 9.46652 3.82591 14.4479 87.4523 23.7295 0 0.000326983 3.9224 2.2696 5.55621 12.9272 3.42393 0.00382648 3.64308 
66.8029 153.853 112.154 133.647 75.5625 66.3388 83.0979 143.812 1.3204 16.9986 2.26926 154.171 75.494 38.9685 6.34617 16.2964 2.68437 123.543 0.444594 260.205 0 5.08532 40.0982 28.2694 21.2418 0.282656 34.0266 10.415 
7.55524 29.0254 9.4915 13.2166 55.6727 2.81174 39.8938 35.6991 30.2617 9.02117 49.6462 69.8626 2.21851 7.54769 0.141093 3.68866 0.326266 17.2289 2.31401 4.24756 3.32626 0 15.223 11.0198 10.506 10.3694 7.32631 7.08966 
32.6293 0.957222 0.0739685 4.5771 1.05723 16.3821 71.7929 63.7304 5.34497 0.467142 3.30106 75.0054 28.2732 0.0183842 8.84392 1.04238 3.24226 33.1988 17.7461 2.013 39.9743 15.2315 0 4.81639 23.1702 10.1808 8.24253 5.99862 
2.17378 56.0888 15.2085 24.2291 53.0713 3.49771 1.06501 132.839 13.8021 4.32107 42.2377 186.937 20.1475 6.06685 17.0818 0.0917231 11.3583 48.4039 0.304684 0.70941 8.61821 0.0338901 13.139 0 30.8122 1.07166 0.467649 13.0577 
185.813 252.13 26.7374 176.387 3.48318 182.56 32.1113 119.448 269.175 65.1186 97.5343 233.663 13.5795 0.217339 10.184 26.8803 179.02 21.3269 10.976 1.85446 0.87681 54.0466 9.48042 39.455 0 102.996 101.613 129.968 
26.1176 74.544 1.70162 32.0768 70.5061 4.15713 0.223815 166.586 139.329 65.0158 0.149022 358.502 49.2225 12.0863 15.5824 0.909586 14.6507 8.76949 8.10296 4.90513 21.1993 10.0741 3.80754 0.0416895 26.1948 0 35.067 30.3615 
40.8346 40.4223 14.6829 13.4005 41.6196 9.87718 22.9468 53.7574 73.098 15.7806 1.14036 56.7302 15.4619 11.2402 12.9928 0.191664 0.659177 0.606358 17.8994 7.91858 0.686413 7.51257 1.65969 5.11195e-05 43.0412 36.616 0 1.76206 
31.507 5.84269 9.31613 0.00148674 22.9818 11.3468 50.9478 135.405 1.12098 13.5949 1.54268 170.29 21.6258 6.06368 0.587767 0.00311252 3.95792 8.65225 2.83867 0.296708 7.25898 7.48884 0.230274 6.69537 2.10188 2.81801 30.7083 0 
