0 929.652 84.6578 737.334 155.623 521.745 261.613 79.1945 668.944 130.679 10.2387 213.239 19.8853 50.4075 65.697 50.8855 460.979 0.618018 116.138 128.526 50.957 4.15247 2.00232 57.8529 482.816 31.0862 33.937 0.0375856 
970.431 0 56.1004 541.501 338.71 657.012 33.7023 232.117 430.117 102.694 249.353 208.351 96.7262 14.1351 95.0419 63.6519 576.873 763.005 54.9917 9.05596 127.827 43.2203 0.0204507 26.5608 433.872 47.1395 45.9835 21.4642 
211.069 415.521 0 61.2246 101.297 1.36051 248.827 16.8195 57.367 112.287 63.7704 5.85717 35.7333 12.2407 6.79138 24.8637 53.2574 149.924 10.5846 11.0129 111.299 6.39149 5.81324 0.0631322 20.6023 21.969 14.1973 2.33456 
762.337 737.901 129.038 0 42.3328 489.62 61.3394 1057.81 755.32 104.027 1.94597 258.155 0.00184753 23.1616 11.4578 3.3539 462.532 141.643 47.3255 0.105746 683.839 10.3502 4.53124 24.5787 432.307 24.2321 3.83629 32.5459 
6.79963 527.782 38.0547 113.328 0 17.76 2.0108 32.4151 334.259 320.4 214.959 175.854 128.312 1.31091 52.9074 5.73504 141.725 105.624 298.561 91.8236 112.436 50.3542 5.12859 1.00216 0.794556 37.6558 49.1004 8.8673 
467.933 452.426 19.6109 450.484 398.306 0 846.969 6.98246 683.497 281.473 214.508 157.438 325.881 2.58885 41.8184 6.70889 451.248 77.7432 90.4693 0.800575 37.939 4.10113 0.0320674 16.2629 455.704 1.0937 1.33289 0.481342 
251.505 24.4072 3.33403 64.9981 357.92 768.552 0 391.998 1268.48 202.122 471.216 223.853 195.18 91.0498 130.613 85.5701 70.2875 21.4675 155.567 20.2499 110.626 35.3766 0.918956 64.3554 37.2079 42.6847 3.90089 64.2519 
263.497 0.0221467 275.681 483.309 39.731 214.604 356.394 0 83.4879 92.5208 363.315 538.242 3.97018 44.9302 4.82298 61.8792 30.8196 153.024 6.35704 51.4527 70.0486 66.831 21.1618 137.662 13.161 6.97788 94.6986 46.6906 
428.618 787.298 10.8812 428.099 4.02313 841.793 554.036 464.206 0 355.404 843.542 393.192 73.4477 24.3943 107.301 0.0716558 494.924 211.013 147.464 30.6085 3.88403 30.6551 0.0845747 8.56419 458.846 117.885 10.984 0.0124622 
0.302643 131.628 113.383 0.366254 67.2425 470.196 312.842 3.2937 161.844 0 139.691 47.3994 82.4392 82.5498 133.604 90.7622 82.2555 55.2271 2.68331 13.9969 0.0706219 52.5443 15.3514 57.5167 64.7804 62.2337 22.4233 8.41345 
160.535 219.338 141.798 115.158 50.9583 273.499 485.746 1.6463 337.204 557.057 0 511.841 79.9787 209.797 271.236 75.2984 4.24875 104.74 0.158536 27.4834 136.446 64.8252 87.0591 128.514 7.52834 5.46173 18.8392 39.3294 
214.11 217.339 120.444 156.967 1.0114 138.946 13.347 191.593 9.4244 246.219 350.262 0 0.12557 153.054 41.1485 483.534 66.5353 146.827 3.5094 44.9636 7.34305 48.5645 41.5088 131.37 137.22 172.34 99.8435 82.0595 
80.869 145.997 72.6435 21.7916 76.7767 86.0028 132.113 142.471 115.871 206.297 1.78455 90.6794 0 135.33 1.94603 66.0794 27.5895 74.6298 0.703426 29.6471 5.3953 46.6129 13.5758 32.9732 50.8939 31.1923 7.31975 27.9081 
53.5289 55.8111 15.7905 0.91353 63.2477 0.880119 2.65184 40.5349 6.15475 7.67895 142.243 38.0042 75.24 0 0.983526 19.0124 1.96683 18.0026 24.3097 0.535568 15.0107 9.22766 0.742258 8.59225 0.486597 0.12762 10.5847 10.4412 
43.2567 1.83991 1.53467 8.49791 9.4748 0.885205 141.487 177.162 200.952 1.80685 345.304 65.5659 4.36293 21.5571 0 79.5441 10.0484 9.6 32.272 1.58802 24.3868 17.3213 1.40567 1.1526 5.89912 5.6467 19.7725 4.45916 
77.2538 12.9726 1.70695 4.78161 64.867 27.3339 102.786 120.965 150.536 22.4224 72.6825 495.356 22.4937 9.04725 88.7837 0 8.68194 46.1798 29.8976 6.871 1.30986 0.780845 1.68805 25.8384 1.26291 1.15861 0.120158 0.379501 
529.427 428.051 8.05926 436.69 137.824 453.542 74.6009 40.1402 428.092 81.5923 3.57133 32.4854 63.4076 12.8381 15.4328 0.108581 0 137.521 97.6427 20.5444 23.4015 10.3914 13.9162 0.261361 448.678 20.0446 22.4407 15.4313 
161.53 473.411 50.4923 24.5499 0.169594 18.1591 8.68795 178.253 136.656 47.9367 148.311 143.888 89.7139 51.7154 51.5514 2.12315 285.884 0 148.014 86.6337 117.903 32.2375 11.2027 1.52699 14.912 11.5863 12.5278 10.8821 
36.3836 11.597 14.1171 34.7867 297.468 49.7334 147.817 77.1706 113.195 52.6379 14.1476 85.0175 56.3504 15.1247 22.3386 6.18977 217.255 150.199 0 4.76606 51.0718 2.81844 0.324112 0.648232 27.0349 26.1224 24.1553 26.8653 
191.958 101.297 0.193943 0.0749702 79.7766 5.23633 55.4293 41.8686 57.947 3.71174 78.9909 85.9874 29.1532 4.30511 9.06564 4.27903 12.9787 87.6326 22.0588 0 22.6741 3.75448 2.13451 5.70838 13.1908 3.92735 0.0263299 3.2657 
91.0167 162.307 118.876 185.791 82.5784 69.0455 91.4278 157.846 4.29941 13.6417 0.715722 159.371 76.392 37.742 8.02465 19.1638 3.77619 122.77 1.01424 177.922 0 5.71025 40.0351 26.3847 23.8266 0.833637 32.8245 12.004 
6.58599 27.1488 9.10399 12.7484 54.8936 2.1683 37.1754 33.081 33.0715 6.76491 53.0622 67.8159 0.515981 6.82838 0.374026 4.27582 0.479625 18.4748 1.86975 4.40787 2.83482 0 14.9348 11.8264 11.4608 10.2008 7.74327 7.38693 
34.3498 0.423426 0.20343 3.79296 1.8171 16.45 72.3291 69.8563 8.57551 0.0436389 0.756276 65.0985 20.8573 0.305849 5.89687 0.426377 3.65301 31.8059 17.0746 1.87779 40.0809 14.9649 0 1.20355 22.7422 9.97227 7.5927 6.42764 
3.34723 54.3247 15.4513 23.2238 51.8706 4.24411 0.340571 127.295 9.91456 6.31143 33.1337 182.563 15.9909 4.82798 13.8036 1.64794 10.7537 48.296 0.153589 0.867162 7.20653 0.0079947 17.7727 0 24.6258 1.76775 0.890991 12.5797 
443.37 506.62 25.8327 429.47 4.93693 438.438 37.5177 99.1376 515.482 62.4691 86.2601 678.395 11.4075 0.0385652 7.96735 5.0547 434.121 19.0991 12.0095 1.47947 1.62953 76.7545 12.3345 51.0813 0 105.141 75.7638 16.635 
30.7548 77.3071 0.887187 28.6128 70.7512 5.44106 0.0448727 192.782 141.908 61.1143 2.56174 289.18 50.7851 12.5071 12.7589 0.0512943 13.747 10.688 9.12467 4.37294 18.3784 10.2603 4.39984 0.260635 30.2504 0 32.9594 41.0304 
42.2977 38.6997 14.0057 14.6 40.4587 9.1386 20.6707 48.3252 71.094 14.0678 0.408489 64.5794 14.2456 11.1483 12.1165 0.444688 0.487838 0.342155 18.4586 8.21388 0.38422 7.92719 2.11679 0.0738138 46.5432 37.6208 0 0.318556 
28.7739 7.53569 8.23248 0.079739 25.118 10.3168 47.5667 135.19 0.263574 11.3157 3.50489 162.519 23.3264 6.659 0.231532 0.162503 3.47265 7.38314 3.36051 0.180264 5.97069 7.19417 0.379487 5.94752 3.69654 0.113753 48.6736 0 
