0 438.478 56.5892 382.634 182.166 145.378 250.774 53.0884 294.397 138.122 5.31283 203.308 24.0452 49.1936 63.5628 46.177 69.6266 4.66237 116.757 108.035 32.9725 4.89474 2.76936 57.7655 93.2254 26.7889 32.2867 0.0166855 
498.806 0 1.91412 209.075 238.439 278.517 2.38016 253.039 43.255 79.5548 236.152 215.352 87.9804 17.088 96.256 67.642 192.861 77.7773 42.3815 3.66498 138.441 41.8921 0.025995 29.1676 49.8223 51.5104 44.6464 19.0795 
206.124 471.184 0 2.07112 122.467 0.0446003 247.729 39.7151 148.351 108.761 91.0653 13.6062 39.8603 11.3158 4.81881 24.7873 51.79 157.386 7.80571 13.0938 117.749 6.79743 6.40238 0.199683 22.0062 20.4582 13.5544 1.74482 
387.516 353.455 35.7112 0 55.934 99.4895 41.5075 1091.13 351.203 106.03 7.49942 259.492 0.219649 23.2112 9.18423 5.52618 79.1629 144.725 44.2455 0.922715 638.875 10.8469 5.29684 23.7124 47.9863 20.805 3.10277 32.8904 
18.0225 526.217 56.715 99.1476 0 76.9501 3.36661 44.3755 311.214 331.528 230.344 172.234 139.539 0.538004 58.5092 3.9071 134.979 86.1284 284.746 93.6538 116.9 51.649 3.91194 1.65702 1.5066 34.4679 48.9493 10.3614 
92.416 89.5036 27.0611 58.6512 1020.84 0 1352.54 1.25878 189.716 480.106 182.103 154.14 102.846 1.76021 41.3635 8.2749 62.0299 68.9411 89.4976 0.387187 41.7489 4.85325 0.000303517 16.7287 69.9294 0.565854 1.01413 0.246484 
262.062 0.427781 0.323813 87.1113 299.93 370.591 0 407.645 902.551 106.146 486.867 201.4 206.017 87.5142 136.695 90.6894 75.6701 11.5114 157.377 15.6043 117.033 32.8106 0.275793 62.0696 32.2198 36.5134 2.89597 61.936 
283.537 2.1333 265.857 505.336 52.5732 210.47 387.189 0 183.386 75.1161 345.567 246.42 6.90654 53.7647 12.0729 33.7275 34.6245 160.249 4.08237 44.1342 84.0704 67.1826 26.1738 138.754 24.2323 19.9687 92.1361 38.0526 
42.2976 361.558 3.52461 51.2564 16.9539 365.966 108.064 341.37 0 378.165 1016.05 373.454 59.3129 17.3165 33.6388 1.6578 103.547 215.916 151.15 36.305 7.9346 33.2509 0.77271 11.9302 80.0091 109.318 13.2465 0.154691 
0.0918607 107.738 114.388 1.8407 35.0764 403.078 407.774 9.00967 215.277 0 261.755 31.4799 42.2184 83.8288 131.261 91.7066 83.2727 63.8294 0.760738 11.7202 0.0272974 54.5844 18.4122 58.7681 62.2985 65.735 24.1283 6.68916 
150.321 235.62 112.575 95.8003 69.2502 266.764 465.949 11.259 99.663 465.059 0 483.478 102.136 200.216 186.068 102.95 5.91527 95.5328 0.988738 31.3134 131.946 62.2076 96.4928 129.19 12.9928 11.7855 21.9747 33.5232 
221.47 221.458 102.928 186.691 3.13935 146.357 4.59086 22.7141 28.6344 246.459 417.686 0 1.15542 143.24 17.5547 410.76 63.791 149.134 5.17389 50.02 3.95296 45.5189 33.138 112.855 43.3186 255.228 94.0782 97.8446 
76.1993 143.049 73.2575 25.19 89.7272 73.0894 112.667 139.015 100.773 254.041 0.0130748 99.6192 0 148.189 5.87081 60.8122 29.9277 78.7475 1.64121 31.0998 6.81282 39.81 8.55548 28.6138 49.4274 28.7242 6.44013 26.3722 
53.0437 52.7651 16.1997 0.494197 61.0272 0.416272 5.2226 32.3357 2.63314 4.34408 165.329 51.9566 53.0964 0 1.50573 19.3419 2.35334 16.1233 23.6368 0.641701 16.533 9.70144 2.11004 7.6471 0.202642 0.348532 10.7769 10.7897 
46.7213 0.578922 2.80672 6.47119 6.34666 2.13307 142.513 182.822 214.942 0.0118355 272.229 101.193 1.11425 7.20505 0 89.5298 9.12551 11.7658 33.4239 1.90863 26.7269 17.0657 3.08689 0.255725 4.24059 3.77338 19.8617 5.51062 
78.8978 9.72431 0.932998 2.76486 67.2841 27.2467 103.708 157.451 146.74 28.9171 100.171 453.18 17.3097 6.29969 75.9943 0 9.46692 48.3293 30.2019 7.24791 2.28085 1.08873 0.937206 22.0558 0.39468 0.165753 0.312082 0.0879209 
145.328 42.9435 5.9489 48.5372 144.041 64.2731 69.1805 44.1439 41.8966 82.7956 2.29383 35.5412 63.9862 12.1924 16.4219 0.240361 0 99.2757 41.0065 21.8847 25.6886 9.87072 14.3505 0.399643 61.794 19.2943 22.4224 14.8254 
141.174 407.638 36.231 33.9699 2.89957 24.9309 2.8118 180.47 151.251 56.3209 154.279 146.855 86.2503 50.903 48.8841 3.14393 274.958 0 144.615 85.2596 115.208 33.2131 9.987 2.13579 13.0715 13.5442 11.4618 9.59244 
42.949 19.5814 17.5289 38.2105 282.227 41.8886 141.411 71.8578 104.234 44.2793 18.6589 87.8719 52.3836 16.1227 20.7268 7.12231 179.089 150.251 0 3.74521 53.4927 2.36663 0.514781 0.904735 26.3587 25.3512 24.0286 26.8441 
214.521 112.762 0.700163 0.827434 83.9105 4.16374 61.2078 49.1257 51.8101 5.16983 76.5572 88.9596 27.644 4.39934 8.67615 4.7019 11.65 87.1863 20.4864 0 78.9547 3.59805 2.00951 5.83611 13.3955 4.40751 0.0649322 2.92863 
114.633 168.72 123.415 182.937 88.8841 71.2351 98.8794 169.716 8.51696 10.8228 0.0548139 163.171 77.0419 36.5299 9.71846 21.9235 4.93812 121.498 1.74188 98.5649 0 6.31222 39.8929 24.6313 26.2577 1.59569 31.6772 13.5391 
5.73946 25.4103 8.73414 12.2994 54.0235 1.64068 34.626 30.6672 35.6768 4.93847 56.1159 65.7217 5.38827e-06 6.14047 0.685001 4.83439 0.646638 19.6334 1.49864 4.55276 2.41297 0 14.4028 12.4818 12.2954 10.0218 8.12309 7.65443 
35.8758 0.120505 0.378592 3.11972 2.69278 16.4324 72.4312 75.2485 12.1603 0.0528577 0.000103592 55.9141 14.7465 1.35786 3.56777 0.0939551 4.04859 30.4809 16.4324 1.75366 40.0953 14.4517 0 0.000305607 21.9949 9.72225 6.98557 6.81469 
4.63838 52.5218 15.5974 22.1664 50.6157 4.97635 0.0282876 120.746 6.84201 8.43838 25.3972 174.533 12.4641 3.70161 10.7863 4.62956 10.195 48.0866 0.0594199 1.02445 5.99705 0.11662 20.3696 0 18.6719 2.54288 1.39468 12.0868 
60.3375 120.148 24.8365 42.4421 6.48335 53.6639 42.6202 80.2763 121.419 59.6857 75.5472 508.766 9.53002 0.00286015 6.08672 16.728 48.6155 17.1017 12.9782 1.1668 2.52277 30.155 15.179 64.5362 0 35.5386 98.4993 127.178 
35.1554 79.4393 0.363625 25.2593 70.6783 6.7392 0.711071 212.276 142.649 57.1428 7.3399 208.748 52.0331 12.7899 10.2312 0.201015 12.9125 12.5899 10.0983 3.89371 15.8823 10.4085 4.95642 0.625338 33.7544 0 30.6021 49.9732 
43.5697 37.0591 13.3561 15.7021 39.3302 8.46136 18.6218 43.3295 69.0401 12.5386 0.0586224 71.7656 13.1423 11.0321 11.2913 0.768464 0.352097 0.164551 18.9594 8.4777 0.182081 8.30415 2.57813 0.265242 48.9288 38.002 0 5.25812 
26.263 9.26199 7.25735 0.333938 27.1074 9.37416 44.3533 133.662 7.42151e-05 9.35459 5.99118 152.858 24.8921 7.20272 0.0467096 0.521098 3.04843 6.28692 3.87533 0.0980932 4.87953 6.91586 0.548613 5.26941 5.56707 0.828909 65.0244 0 
