0 418.021 55.1246 369.74 183.593 132.075 250.026 51.7552 281.116 138.504 5.08469 202.692 24.2848 49.1214 63.4359 45.9124 55.5281 4.99582 116.768 105.795 32.0678 4.93752 2.8154 57.754 79.2122 26.5544 32.194 0.0216422 
479.123 0 1.07367 198.264 232.85 264.863 1.69771 254.099 29.8045 78.3087 235.327 215.68 87.4874 17.2578 96.3027 67.8547 179.117 183.866 41.712 3.43362 139.006 41.8161 0.0317314 29.313 36.13 51.7505 44.5698 18.9494 
205.608 472.115 0 1.75926 123.61 0.0249352 247.333 41.23 154.202 108.517 92.6482 14.1246 40.0889 11.263 4.71736 24.7759 51.699 157.715 7.66183 13.2104 118.062 6.81996 6.43512 0.209489 22.0814 20.3707 13.518 1.71435 
373.446 339.182 38.8584 0 56.719 85.4255 40.4864 660.67 335.966 106.109 7.91041 259.343 0.242346 23.2101 9.06288 5.66057 65.4976 144.842 44.0694 0.991398 443.528 10.8743 5.34049 23.6604 34.2787 20.6149 3.064 32.9045 
18.7934 525.008 57.819 98.3388 0 80.3294 4.06014 45.0822 309.72 331.795 231.121 172.001 140.134 0.504905 58.8165 3.81519 134.566 85.0665 283.649 93.7343 117.133 51.7173 3.8488 1.69807 1.55264 34.2908 48.9384 10.4471 
79.2054 77.1527 27.489 44.5332 1001.5 0 1535.13 1.07529 170.273 317.097 180.187 153.903 164.183 1.71841 41.322 8.36476 48.0445 68.4462 89.4042 0.368496 41.96 4.89635 0.000803167 16.7526 56.1287 0.541459 0.997617 0.235695 
262.498 0.171257 0.493133 88.372 296.421 348.681 0 408.115 874.276 101.418 487.054 200.088 206.532 87.2959 136.973 90.9529 75.963 11.0434 157.427 15.3601 117.374 32.6676 0.251026 61.9351 31.9471 36.1759 2.84431 61.8011 
284.495 2.40171 265.011 501.628 53.3242 210.106 388.551 0 189.714 74.1731 344.356 232.075 7.09228 54.2629 12.5657 32.3691 34.839 160.624 3.97013 43.7334 84.8633 67.1971 26.4628 138.767 24.933 20.8705 91.9812 37.5877 
28.593 345.284 4.68529 38.403 17.9225 346.433 91.9646 334.335 0 379.027 861.911 372.074 58.5525 16.9617 28.2213 1.80636 89.437 216.128 151.321 36.6288 8.19991 33.3955 0.831097 12.1315 66.6117 108.815 13.3772 0.177531 
0.122841 106.417 114.392 1.95523 33.552 397.272 412.418 9.40683 218.234 0 268.979 30.6754 40.3076 83.8706 131.043 91.7256 83.3185 64.3125 0.688066 11.5981 0.0357804 54.6906 18.587 58.8281 62.1509 65.9175 24.223 6.59835 
149.725 236.441 110.95 94.7247 70.3213 266.114 464.196 12.0385 91.2008 458.877 0 481.287 103.398 199.517 181.288 104.523 6.01538 95.0167 1.05558 31.5296 131.678 62.0574 96.9987 129.189 13.3359 12.2024 22.1537 33.208 
221.806 221.622 101.94 188.261 3.29145 146.723 4.23558 17.9936 29.9864 246.359 421.071 0 1.24289 142.628 16.5108 405.098 63.6354 149.242 5.27531 50.3009 3.79436 45.3481 32.6901 111.795 38.2641 259.681 93.7429 98.7171 
75.9339 142.856 73.2781 25.3824 90.4488 72.2721 111.578 138.801 99.933 256.48 0.0380275 100.109 0 148.742 6.14796 60.507 30.058 78.9708 1.70459 31.1791 6.89597 39.4342 8.30661 28.374 49.3411 28.5867 6.39258 26.2863 
53.0112 52.5906 16.2191 0.474555 60.8962 0.395427 5.38939 31.8973 2.49102 4.18481 166.522 52.7696 51.9109 0 1.82006 19.3362 2.37571 16.0206 23.5978 0.64784 16.6186 9.72577 2.20186 7.59065 0.190401 0.363913 10.7867 10.8079 
46.9109 0.529517 2.88764 6.36498 6.18978 2.21748 142.503 183.041 215.573 0.00159799 267.682 103.284 0.995632 6.5926 0 89.6312 9.07496 11.8913 33.485 1.92714 26.8575 17.0488 3.19709 0.224581 4.15513 3.67867 19.8646 5.57136 
78.9732 9.55567 0.89651 2.6677 67.4099 27.2352 103.73 159.441 146.471 29.2919 101.74 448.933 17.036 6.15334 74.8991 0 9.511 48.4454 30.2164 7.26834 2.34235 1.10719 0.901333 21.8165 0.364392 0.13667 0.32534 0.0776791 
131.607 29.229 5.83986 34.6149 144.346 50.2841 68.8744 44.3677 28.0908 82.8518 2.23092 35.7124 64.0135 12.1564 16.4767 0.249188 0 97.2212 90.2581 21.9584 25.8169 9.84183 14.3742 0.408164 47.9351 19.2519 22.4207 14.7915 
140.016 402.191 35.4861 34.5255 3.14806 25.3311 2.57866 180.558 152.04 56.795 154.587 147 86.0503 50.8538 48.7326 3.2062 274.059 0 144.385 85.1667 115.044 33.2662 9.92088 2.17246 12.9718 13.6562 11.4035 9.52261 
43.3209 20.0788 17.7252 38.3987 281.056 41.4536 141.013 71.5586 103.723 43.8233 18.9249 88.0233 52.1602 16.1778 20.6368 7.17547 176.808 150.21 0 3.69167 53.6245 2.34257 0.526634 0.920186 26.3198 25.3069 24.0207 26.8416 
215.486 113.359 0.737286 0.892608 84.1239 4.10695 61.5233 49.5346 51.4688 5.25724 76.4133 89.112 27.5591 4.40431 8.654 4.72545 11.5772 87.1443 20.3984 0 82.8346 3.58933 2.00257 5.84284 13.4057 4.43456 0.0675773 2.91025 
115.962 169.034 123.617 181.557 89.2283 71.3476 99.2847 170.34 8.79133 10.6745 0.0400426 163.353 77.0729 36.4605 9.81639 22.0796 5.00689 121.412 1.78789 94.4605 0 6.34635 39.8827 24.5337 26.3937 1.64505 31.6124 13.6262 
5.69383 25.3137 8.71328 12.274 53.971 1.61332 34.4836 30.5334 35.8215 4.84464 56.2823 65.6 0.00141981 6.10182 0.704912 4.86577 0.656623 19.6979 1.47914 4.56071 2.39045 0 14.3661 12.5154 12.3403 10.0112 8.14403 7.66908 
35.9586 0.109067 0.389861 3.08385 2.74622 16.4291 72.4257 75.5392 12.3754 0.0646576 0.00348628 55.4068 14.4313 1.4354 3.45226 0.0824557 4.07101 30.4063 16.3962 1.74679 40.0937 14.416 0 0.00185791 21.9439 9.7068 6.95174 6.83589 
4.71577 52.4169 15.6033 22.1042 50.542 5.01812 0.0210519 120.345 6.68668 8.56422 24.9896 173.98 12.2781 3.64067 10.6219 4.83242 10.1639 48.0718 0.0554725 1.0335 5.93262 0.126355 20.452 0 18.3437 2.58938 1.42572 12.058 
46.6991 106.302 24.7769 28.5864 6.57481 39.9237 42.9055 79.2406 107.153 59.5223 74.9482 902.746 9.4296 0.00453892 5.98775 18.2412 34.8344 16.9926 13.0324 1.15041 2.57786 27.3188 15.3409 65.2327 0 34.1872 86.5325 130.785 
35.4022 79.5455 0.341168 25.0702 70.6658 6.81416 0.771342 213.201 142.643 56.913 7.67454 204.1 52.0967 12.8025 10.0945 0.235945 12.8662 12.699 10.1531 3.8675 15.7471 10.4161 4.98748 0.650045 33.94 0 30.4608 50.4257 
43.638 36.9667 13.3194 15.7631 39.266 8.42392 18.5096 43.0536 68.9205 12.4552 0.0484186 72.1611 13.0816 11.0248 11.2452 0.788929 0.345189 0.156564 18.9868 8.4921 0.173028 8.3249 2.60479 0.279306 49.0373 38.0075 0 5.69967 
26.1242 9.36227 7.20407 0.353131 27.2182 9.32215 44.1728 133.54 0.000379981 9.24999 6.14771 152.257 24.9788 7.23267 0.0405495 0.546856 3.02555 6.2282 3.90484 0.0942487 4.82181 6.90024 0.55887 5.23222 5.68028 0.959214 65.8807 0 
