0 378.387 51.5187 348.864 187.132 110.563 248.092 48.4821 259.622 139.444 4.53565 201.125 24.8874 48.9387 63.115 45.2497 32.0459 5.87859 116.782 99.7093 29.8533 5.0452 2.93204 57.7224 55.9374 25.9706 31.962 0.0368525 
441.263 0 0.0278404 182.974 218.948 242.369 0.493952 256.695 8.12428 75.216 233.226 216.472 86.2524 17.6848 96.41 68.3821 156.497 779.596 40.0542 2.88747 140.407 41.6253 0.0485648 29.6766 13.6633 52.3491 44.3776 18.6251 
204.21 473.388 0 2.46138 126.446 0.00061031 246.19 45.1185 169.076 107.887 96.627 15.4591 40.6597 11.1304 4.4677 24.7441 51.4675 158.499 7.30708 13.5019 118.825 6.87619 6.51698 0.235012 22.2677 20.1504 13.4269 1.63924 
349.622 315.008 53.904 0 58.6926 62.0144 37.9756 605.173 309.452 106.291 8.98351 258.867 0.30397 23.2056 8.76204 6.00243 43.0929 145.109 43.627 1.17367 61.3907 10.9425 5.45013 23.5285 11.7732 20.1403 2.968 32.9374 
20.7855 521.481 60.6037 96.3097 0 88.3057 6.07433 46.8673 305.894 332.299 233.026 171.403 141.606 0.426731 59.5827 3.59 133.52 82.425 280.76 93.9257 117.71 51.8863 3.69304 1.80282 1.67072 33.8481 48.9102 10.6624 
57.9446 58.1076 28.5631 21.0061 369.682 0 1086.63 0.679572 133.711 20.8795 175.355 153.288 547.378 1.61593 41.211 8.59058 24.8426 67.207 89.1526 0.323764 42.4873 5.00463 0.00309499 16.8116 33.3849 0.482792 0.95692 0.209756 
263.514 0.0349135 1.07109 91.5326 287.543 296.082 0 409.1 801.649 89.9591 487.206 196.784 207.776 86.7405 137.639 91.6017 76.6925 9.91368 157.528 14.7567 118.219 32.31 0.194197 61.5952 31.2678 35.335 2.71705 61.4613 
286.815 3.14164 262.765 490.016 55.2177 209.136 391.786 0 205.808 71.829 341.231 197.59 7.56685 55.5106 13.8373 29.0786 35.3767 161.548 3.69616 42.7348 86.8507 67.2309 27.1897 138.776 26.7218 23.2029 91.5885 36.4334 
6.14741 316.258 8.29806 18.2286 20.4557 309.134 57.0701 316.747 0 380.99 1722.95 368.501 56.6644 16.0941 16.1927 2.20536 65.9226 216.63 151.733 37.4412 8.88141 33.7572 0.986306 12.641 44.884 107.547 13.7062 0.241493 
0.219918 103.125 114.38 2.25641 29.8736 381.907 423.652 10.4353 225.6 0 287.116 28.7035 35.6992 83.9613 130.458 91.7579 83.4279 65.5217 0.522262 11.2947 0.0620026 54.9528 19.0262 58.9734 61.7776 66.368 24.4599 6.37371 
148.224 238.454 106.894 92.0403 73.0216 264.364 459.524 14.0971 73.2557 443.03 0 475.544 106.564 197.696 169.401 108.463 6.26917 93.7252 1.23214 32.0714 131.002 61.6795 98.2539 129.168 14.2112 13.2738 22.6031 32.4235 
222.612 222.002 99.4654 192.137 3.68713 147.617 3.40928 8.56738 33.4919 246.058 429.334 0 1.47543 141.071 14.0324 390.338 63.2451 149.503 5.53295 51.0029 3.41176 44.9205 31.5791 109.133 27.1152 270.666 92.8982 100.894 
75.2674 142.357 73.3234 25.8649 92.2528 70.3861 108.855 138.256 97.8326 262.457 0.157284 101.331 0 150.042 6.86742 59.7388 30.3842 79.5267 1.86817 31.3766 7.10583 38.4966 7.6988 27.7759 49.1234 28.2427 6.27433 26.0711 
52.9273 52.1519 16.266 0.427168 60.5654 0.345615 5.81718 30.81 2.16077 3.79899 169.459 54.8159 48.9773 0 2.73122 19.3109 2.43204 15.7646 23.4997 0.663286 16.8328 9.78565 2.43728 7.448 0.16146 0.403778 10.811 10.8528 
47.3834 0.415619 3.09452 6.10259 5.80559 2.43522 142.447 183.542 217.078 0.0174264 256.167 108.548 0.728063 5.16827 0 89.6659 8.94889 12.2074 33.6364 1.97374 27.1842 17.0054 3.47977 0.155525 3.94466 3.44645 19.8709 5.72415 
79.1541 9.1397 0.808358 2.4319 67.7203 27.2035 103.772 164.382 145.773 30.2344 105.672 437.538 16.359 5.79155 72.0164 0 9.62134 48.734 30.2517 7.31915 2.49957 1.15395 0.814497 21.2074 0.297049 0.0762015 0.359671 0.054841 
109.058 6.7234 5.57113 11.5721 145.09 27.0727 68.107 44.9277 5.34271 82.9875 2.07733 36.1409 64.0794 12.0663 16.6137 0.271936 0 92.1323 282.339 22.1419 26.1385 9.76964 14.4335 0.42986 25.0475 19.1458 22.4162 14.7067 
137.11 388.322 33.6484 35.9279 3.81313 26.3421 2.0395 180.762 154.003 57.9831 155.346 147.355 85.5471 50.729 48.3523 3.36439 271.682 0 143.79 84.9271 114.629 33.3986 9.75635 2.26547 12.7237 13.9378 11.2581 9.3489 
44.2538 21.3459 18.2189 38.8678 277.984 40.3677 140 70.809 102.438 42.6881 19.5967 88.3984 51.6007 16.3155 20.4118 7.30898 171.088 150.086 0 3.55933 53.9529 2.28289 0.556841 0.959372 26.2219 25.1957 24.0007 26.835 
217.752 114.833 0.834183 1.06613 84.6495 3.96637 62.309 50.5584 50.6165 5.4786 76.0495 89.487 27.3464 4.41662 8.59843 4.78435 11.3955 87.0316 20.1783 0 92.7984 3.56751 1.98521 5.85947 13.4308 4.50231 0.0744175 2.86447 
119.287 169.801 124.099 177.852 90.0857 71.6245 100.294 171.882 9.49524 10.3078 0.0132319 163.794 77.148 36.2859 10.0629 22.4707 5.18075 121.19 1.90552 84.438 0 6.43195 39.856 24.2896 26.734 1.77165 31.4503 13.8446 
5.58046 25.0723 8.66101 12.2104 53.838 1.54586 34.1273 30.1992 36.1833 4.61363 56.6967 65.293 0.0188401 6.00504 0.755882 4.94439 0.681915 19.8593 1.43094 4.58056 2.33456 0 14.2711 12.5982 12.4517 9.98443 8.19627 7.7056 
36.1648 0.0829611 0.418731 2.99493 2.88201 16.42 72.407 76.2612 12.9204 0.0993454 0.0328906 54.141 13.656 1.63689 3.17055 0.0569777 4.12725 30.2193 16.3053 1.72964 40.0887 14.3235 0 0.0378268 21.8121 9.66747 6.86715 6.88873 
4.91176 52.1528 15.617 21.9475 50.356 5.123 0.00762742 119.326 6.30558 8.88214 23.9816 172.553 11.8179 3.48937 10.2131 5.35462 10.0864 48.0337 0.0461938 1.05627 5.77287 0.152387 20.6271 0 17.5266 2.70712 1.50468 11.9856 
24.3656 83.4424 24.626 5.71236 6.80596 17.3334 43.6192 76.6602 83.2451 59.1098 73.4505 339.484 9.18042 0.0104196 5.74301 22.2912 12.1422 16.7208 13.1679 1.1099 2.71806 20.7853 15.7469 66.9156 0 32.8449 56.5042 135.002 
36.0196 79.8051 0.288125 24.5968 70.6308 7.00277 0.932605 215.435 142.608 56.3345 8.54193 192.476 52.2532 12.8327 9.75489 0.335394 12.7505 12.9733 10.2906 3.80217 15.4108 10.4347 5.06517 0.713821 34.3993 0 30.1035 51.5317 
43.8077 36.7351 13.2274 15.9152 39.1047 8.33044 18.2301 42.3646 68.6191 12.2477 0.0271759 73.1472 12.9303 11.0061 11.1296 0.84122 0.328221 0.137457 19.055 8.52796 0.151401 8.37668 2.6719 0.316034 49.2976 38.0139 0 6.87582 
25.7776 9.61493 7.07129 0.403446 27.4954 9.19234 43.7205 133.218 0.00803008 8.99059 6.54729 150.728 25.1955 7.30739 0.0270546 0.613896 2.9687 6.08253 3.979 0.0849703 4.67877 6.86111 0.584908 5.13948 5.96702 1.32575 67.9859 0 
