0 628.289 19.4379 768.217 221.516 557.263 222.356 19.6544 703.277 148.004 0.629741 182.239 31.5729 46.8191 59.403 38.1766 459.722 19.3937 115.962 20.0655 10.8838 6.24612 4.30151 57.1214 485.278 20.0163 29.4726 0.444622 
694.793 0 77.3214 690.762 86.9691 669.448 31.4428 279.319 470.264 45.0008 207.753 222.287 73.0243 22.4085 96.699 73.5551 591.085 28.2343 24.091 0.00323822 154.044 39.5207 0.445515 33.5317 452.035 58.5266 42.257 15.2986 
180.576 398.251 0 118.913 153.961 1.90656 221.445 93.6654 331.645 99.4438 139.581 32.7596 46.6243 9.68462 2.19805 24.1232 48.6577 163.123 4.0158 16.5757 124.934 7.46868 7.37963 0.593166 24.1072 17.7008 12.4384 0.940685 
739.494 714.231 319.104 0 80.2676 489.2 15.6405 1054.02 690.545 106.873 24.175 245.046 1.38072 23.0019 5.81616 10.1014 481.67 145.685 38.7804 3.99576 184.271 11.6538 6.65038 21.9858 449.703 15.2129 2.03546 33.0783 
47.174 443.288 91.6487 74.4958 0 129.897 50.6756 67.1998 258.328 323.228 249.656 163.82 155.781 0.001957 67.4582 1.6111 121.101 55.8946 238.754 95.0758 123.189 53.5219 2.22955 3.09672 3.17777 29.1838 48.5115 13.0454 
509.07 537.22 40.0344 448.633 851.37 0 611.606 2.04827 459.823 490.961 122.234 144.737 76.4828 0.714054 39.4056 11.0693 455.242 54.0417 84.955 0.0269512 48.0119 6.19842 0.118738 17.3545 468.324 0.0666051 0.575752 0.0275157 
267.848 41.8064 20.2902 125.033 188.804 98.3302 0 402.897 103.548 8.34267 461.315 160.049 217.123 80.0531 142.101 97.5365 84.119 1.62997 156.538 9.00329 126.485 28.5226 0.0399119 57.7127 24.3184 26.7479 1.54128 57.631 
304.333 16.87 228.304 312.836 76.4909 193.774 410.236 0 388.768 48.4361 300.224 0.273673 13.4676 68.8272 30.5641 4.58236 41.1771 170.175 1.38351 32.5148 108.165 67.385 35.2409 136.931 48.5826 54.0384 86.9532 24.9809 
449.266 677.865 102.52 496.53 56.341 585.351 201.875 142.402 0 384.387 1126.56 320.774 37.9871 8.74571 82.828 8.78704 492.847 219.432 154.672 46.2616 17.6449 37.5914 3.42914 18.5654 491.179 93.2589 17.3801 1.51781 
2.9585 69.5305 112.175 6.71455 3.63445 171.374 502.132 24.3327 298.66 0 469.976 11.5258 3.50392 83.7208 120.928 90.7463 84.1462 78.4059 0.169553 8.27489 0.778636 57.4211 23.8295 60.1139 57.4648 70.6021 26.9625 4.20866 
131.381 255.967 65.7634 64.3742 103.249 235.698 387.386 45.0364 91.7269 255.946 0 394.094 140.524 172.539 58.4715 149.738 9.25243 79.9779 3.92475 37.9121 123.191 57.498 110.589 127.379 24.9324 27.0151 27.5328 24.483 
228.073 223.345 73.3478 228.083 9.20817 155.087 0.166742 118.287 80.6017 238.38 496.456 0 5.13864 122.342 0.100508 203.354 58.9987 151.442 8.61207 58.3804 0.596866 40.3467 20.6822 80.5717 66.7858 365.694 83.4379 123.221 
68.0055 135.923 73.2522 31.0864 111.154 81.5952 80.3515 131.651 75.868 312.504 6.36723 113.887 0 156.426 16.6671 51.2203 33.847 85.1686 4.04542 33.4025 9.50019 28.8187 2.6087 21.6078 46.6359 24.6006 5.07746 23.7741 
51.8193 47.323 16.6233 0.0770557 56.7775 0.0230317 11.2562 20.1559 0.891437 0.834764 195.622 77.4319 21.6497 0 21.3868 18.0958 3.06395 13.1306 22.3993 0.836124 19.1332 10.3321 5.24889 5.83347 0.00119078 0.946452 11.0346 11.2789 
52.2381 0.0561225 5.66142 3.61588 2.46111 5.30477 139.159 184.827 226.488 3.78685 131.108 165.419 0.466641 0.939314 0 72.0774 7.64633 15.748 35.1171 2.49393 30.6539 16.4398 7.02358 0.203101 2.01822 1.41669 19.8535 7.42225 
80.406 5.25097 0.150971 0.586237 70.643 26.6054 103.049 212.069 136.2 40.5959 147.068 267.29 9.87828 2.45698 34.4136 0 10.8056 51.643 30.528 7.83378 4.46102 1.70083 0.157393 14.1413 0.32365 0.512998 0.825819 0.0567795 
545.517 446.133 3.08182 443.794 151.212 457.341 59.8365 50.8882 440.979 83.9877 0.78201 40.7214 64.5777 11.1086 18.0552 0.573087 0 44.0362 117.528 24.0433 29.5869 9.00753 15.0456 0.693386 458.612 17.9986 22.342 13.8011 
105.956 284.429 16.6651 51.7974 14.6161 37.8579 0.214145 181.481 173.632 70.7729 162.372 150.306 79.939 49.2481 44.2082 5.25727 236.146 0 135.898 81.7457 109.689 34.7567 8.07612 3.36341 10.2062 17.0403 9.75697 7.58668 
54.3279 36.6777 23.6615 43.7098 234.357 29.154 127.748 62.7563 88.4315 31.1705 27.2778 92.062 45.5937 17.7552 18.0232 8.77318 115.185 146.999 0 2.2928 57.313 1.69374 0.927033 1.42223 25.134 23.9636 23.7553 26.7148 
228.223 128.429 2.20676 3.80108 89.4952 2.60423 70.3136 61.5054 41.666 8.06667 71.8661 92.9142 25.0595 4.536 7.99192 5.40747 9.51868 85.1553 17.8344 0 209.492 3.33533 1.80181 6.02015 13.6507 5.23143 0.166951 2.39494 
154.17 176.125 127.078 160.49 98.8556 74.1675 110.546 186.55 18.484 6.77956 0.618102 167.245 77.7351 34.3565 12.8183 26.697 7.18744 118.223 3.37367 9.27067 0 7.3653 39.4786 21.706 30.361 3.38902 29.6952 16.2225 
4.4391 22.5213 8.09612 11.5198 52.2653 0.914123 30.3387 26.6847 40.0031 2.49269 60.9338 61.8335 1.41501 4.97452 1.39816 5.78631 0.978141 21.573 0.966749 4.78669 1.78027 0 13.0034 13.3518 13.5629 9.67594 8.74143 8.08322 
38.2627 0.0255426 0.784823 2.1207 4.50818 16.2322 71.7618 83.4747 19.2826 0.919567 2.17201 41.0559 6.60497 4.26487 0.872966 0.0761092 4.74 28.2039 15.3215 1.5495 39.9397 13.0795 0 3.07548 20.0645 9.19102 5.97188 7.43381 
7.20546 49.1811 15.671 20.1652 48.2326 6.27128 0.27515 107.221 2.92489 12.5316 14.3609 153.65 7.39851 2.01132 6.165 11.9022 9.26641 47.5062 1.28604e-05 1.30937 4.19862 0.574026 19.7052 0 9.46824 4.07523 2.45723 11.1678 
464.026 516.903 22.8702 439.884 9.46736 454.089 51.1851 50.5889 505.806 54.4218 57.6873 248.898 6.71118 0.219972 3.41192 64.2229 447.824 13.928 14.6133 0.722188 4.41778 36.6398 20.0879 76.1556 0 116.411 147.569 18.4897 
42.5914 82.036 0.00110234 19.5573 69.921 9.09726 3.56023 231.658 140.356 49.9064 20.3146 78.3365 53.6713 13.0234 6.38514 2.41701 11.5296 16.0059 11.7731 3.12995 12.0071 10.6034 5.88715 1.55936 38.7894 0 25.9833 60.5985 
45.5061 34.2361 12.2314 17.5083 37.3384 7.35083 15.3473 35.1811 65.2177 10.1222 0.176558 83.3301 11.3556 10.7735 9.89764 1.49159 0.174395 0.0112899 19.758 8.89642 0.0108308 8.91622 3.42052 0.840245 51.1281 37.4477 0 24.7972 
22.1511 12.4573 5.70869 1.13756 30.4338 7.83833 38.8739 128.368 0.69254 6.43362 11.4853 132.336 27.4721 8.0838 0.0513892 1.55046 2.39507 4.63214 4.79954 0.0160961 3.28453 6.44096 0.894368 4.18265 9.26738 8.55898 85.9882 0 
