0 597.742 14.9091 760.195 227.214 561.045 216.539 15.5446 705.829 149.313 0.29189 178.256 32.8891 46.3834 58.6429 36.8427 460.34 22.75 115.609 9.9483 8.30301 6.48454 4.58638 56.9542 486.098 18.9487 28.9979 0.57178 
661.759 0 107.217 704.197 67.2019 667.741 45.7546 282.501 480.325 39.9478 202.371 222.844 70.5205 23.3353 96.5792 74.4388 592.542 639.542 21.4527 0.0645273 156.344 39.108 0.564925 34.2564 454.644 59.6506 41.8408 14.6958 
174.512 368.636 0 153.464 158.481 2.69817 214.43 103.932 359.464 97.5165 147.58 36.6048 47.7241 9.40568 1.85261 23.9492 48.0587 163.224 3.49648 17.1448 125.662 7.57945 7.54058 0.678332 24.4238 17.2196 12.2479 0.829503 
726.81 705.598 299.366 0 84.3992 489.489 12.42 898.087 679.941 106.706 27.7657 240.726 1.66957 22.9318 5.31541 10.9601 484.226 145.332 37.8398 4.7006 486.27 11.7852 6.88364 21.667 452.22 14.3165 1.87756 33.0622 
53.1179 421.378 97.648 70.3922 0 138.399 63.3944 71.2827 248.173 318.637 252.017 162.146 158.131 0.00500984 68.8821 1.32346 118.514 51.2685 228.85 95.1107 124.087 53.7977 1.99287 3.37768 3.51343 28.3137 48.4161 13.5143 
514.035 548.081 42.1507 449.345 195.994 0 115.542 3.43938 451.252 168.3 112.214 142.729 619.552 0.583184 38.9411 11.5502 456.321 51.58 83.8625 0.00766908 49.0355 6.43208 0.159162 17.4396 470.189 0.0307592 0.51431 0.0122447 
267.328 57.8993 26.4101 131.177 170.223 151.907 0 398.365 37.1486 2.5424 451.068 152.895 218.067 78.6405 142.395 98.4514 85.4491 0.847234 155.93 8.05876 127.894 27.8112 0.102784 56.9266 23.0676 25.2087 1.35556 56.8649 
306.114 20.6151 219.902 300.142 80.7066 189.907 410.346 0 423.035 44.3832 291.073 4.50195 14.7523 71.3296 34.3209 2.28739 42.2881 171.55 1.07052 30.6785 112.195 67.3719 36.8195 136.19 53.2143 60.9141 85.9866 23.0033 
453.674 665.032 129.466 509.443 64.7688 559.892 322.492 114.623 0 381.44 1538.87 310.021 34.7789 7.77442 101.383 10.4919 493.238 219.439 154.93 47.9563 19.5995 38.3128 4.05001 19.7831 495.286 90.4223 18.109 1.87987 
3.82018 63.5973 111.342 7.80511 1.49327 130.794 507.24 27.5311 310.834 0 498.987 9.1035 1.16588 83.4298 118.494 90.2808 84.1906 80.8313 0.391489 7.74826 1.00319 57.8206 24.7598 60.2456 56.5836 71.2834 27.4317 3.84626 
128.042 258.434 58.6363 59.42 109.194 228.43 369.875 52.591 105.608 220.403 0 375.274 146.898 166.748 42.6904 157.161 9.87352 77.3894 4.59796 39.0288 121.593 56.6761 112.688 126.724 27.2265 30.0526 28.4931 23.0718 
228.458 223.046 68.5403 233.592 10.5141 156.067 0.695836 177.586 91.2627 236.038 504.31 0 6.07036 118.423 0.112947 167.509 58.1774 151.636 9.26224 59.7511 0.323765 39.4784 18.8303 75.2397 83.1878 377.515 81.5632 127.206 
66.6016 134.482 73.126 32.0881 114.633 91.4413 75.1418 130.241 71.8345 318.712 8.53033 116.158 0 156.061 18.924 49.5546 34.4996 86.1773 4.54499 33.7699 9.98565 27.069 1.94043 20.4892 46.1317 23.9173 4.86366 23.3385 
51.5661 46.3802 16.6614 0.042592 56.009 0.00478964 12.4573 18.347 1.11235 0.513419 199.382 81.804 17.5016 0 26.1161 17.6836 3.19006 12.6515 22.18 0.87052 19.5721 10.4161 5.79461 5.51606 0.00121948 1.07249 11.0697 11.3486 
53.1175 0.162605 6.216 3.21153 1.98419 5.95323 137.998 184.241 226.875 5.21747 109.236 175.892 0.94556 2.49423 0 65.7718 7.40798 16.4522 35.3698 2.59713 31.3075 16.3122 7.78346 0.37146 1.72124 1.12818 19.8331 7.75657 
80.5039 4.62906 0.0850254 0.377272 71.116 26.4397 102.674 219.712 133.975 42.6002 154.554 230.243 8.81209 1.9596 27.3044 0 11.0315 52.159 30.56 7.92556 4.88974 1.814 0.0900156 12.7679 0.479878 0.813506 0.934255 0.107131 
547.555 449.23 2.68915 445.24 151.993 458.388 58.2574 52.014 443.126 84.0858 0.606586 41.5911 64.6304 10.9276 18.3245 0.642082 0 36.5259 444.641 24.3916 30.2442 8.86456 15.1576 0.749907 460.248 17.7779 22.3226 13.6291 
100.108 279.315 14.0412 54.9542 17.3912 40.1696 0.671763 181.321 177.055 73.2069 163.48 150.695 78.8291 48.9371 43.4063 5.65736 227.596 0 134.1 81.0185 108.652 35.0032 7.77286 3.59305 9.75572 17.6479 9.48233 7.27112 
56.252 39.9176 24.7223 44.5904 224.227 27.1341 125.155 61.2225 85.7318 29.1261 28.8329 92.6867 44.4505 18.0221 17.5736 9.05866 106.689 146.061 0 2.08277 57.9203 1.59171 1.00698 1.51913 24.9188 23.7209 23.7023 26.6819 
227.314 130.531 2.53322 4.49089 90.2529 2.3752 71.7445 63.5715 40.0072 8.60202 71.0135 93.4448 24.6227 4.5562 7.87425 5.52431 9.1758 84.6643 17.3918 0 230.855 3.2914 1.76739 6.04717 13.6826 5.37071 0.188486 2.30978 
160.538 176.938 127.195 168.138 100.436 74.5644 112.377 188.944 20.4781 6.19011 0.913764 167.64 77.8027 33.9773 13.3654 27.507 7.59862 117.54 3.69521 3.29847 0 7.54649 39.3883 21.2206 31.0468 3.74931 29.3574 16.6828 
4.23654 22.0429 7.98757 11.3865 51.9362 0.812532 29.6241 26.0293 40.7184 2.16194 61.6984 61.1411 1.92333 4.78089 1.5395 5.94611 1.03972 21.8963 0.888932 4.82467 1.6836 0 12.7153 13.4672 13.7573 9.61279 8.84234 8.15239 
38.6394 0.0596872 0.865873 1.97047 4.85222 16.1784 71.5492 84.7353 20.5941 1.16597 2.94484 38.6841 5.53497 4.81511 0.593886 0.138869 4.85883 27.8175 15.1321 1.51593 39.8921 12.7953 0 4.11825 19.6685 9.08953 5.80403 7.5332 
7.68065 48.5873 15.6624 19.8066 47.8022 6.49438 0.409331 104.699 2.42638 13.2731 12.7842 149.396 6.66578 1.76566 5.47931 13.2664 9.1124 47.3817 0.00200765 1.35941 3.92686 0.682636 18.9867 0 8.13455 4.35524 2.6594 11.0042 
466.852 518.438 22.5093 441.731 10.0109 456.332 52.6029 46.0358 505.349 53.4784 54.7721 22.4029 6.28245 0.289343 3.031 66.8308 449.868 13.4206 14.8872 0.657808 4.78105 52.4631 20.8985 75.5795 0 118.626 123.667 48.4691 
43.8282 82.3475 0.00384219 18.6146 69.7184 9.50916 4.23974 233.092 139.552 48.6429 23.0264 60.7386 53.8884 13.0326 5.80651 3.00804 11.3009 16.6019 12.0573 3.00776 11.4008 10.6294 6.04093 1.75193 39.5055 0 25.15 61.6732 
45.8051 33.7568 12.0398 17.8038 36.994 7.16877 14.8214 33.8576 64.5359 9.73751 0.281387 85.1807 11.0651 10.7228 9.66469 1.63335 0.15074 0.00317135 19.8864 8.96345 0.00252551 9.0159 3.56878 0.966123 51.2938 37.2126 0 29.0475 
21.4791 13.0254 5.46198 1.3164 30.9869 7.58835 37.9528 127.167 0.944574 5.99276 12.5545 128.481 27.8964 8.22641 0.0902468 1.77169 2.29298 4.37835 4.96114 0.0091703 3.0471 6.3607 0.959414 4.00841 9.9275 10.5345 88.2567 0 
