0 511.607 11.3115 690.946 232.089 504.006 211.079 12.2379 647.509 150.405 0.0974244 174.571 34.0866 45.982 57.9439 35.6454 400.579 25.9739 115.238 4.19628 6.26927 6.70217 4.84972 56.7893 426.488 18.005 28.5697 0.69974 
572.569 0 136.971 655.108 51.3049 605.32 60.6771 285.05 429.782 35.6084 197.394 223.195 68.2706 24.1776 96.4242 75.2073 533.409 281.295 19.1911 0.284883 158.333 38.7326 0.684359 34.9072 396.667 60.6489 41.4622 14.1606 
168.689 339.083 0 184.161 162.327 3.52223 207.572 113.35 382.673 95.7001 154.675 40.2024 48.7047 9.15363 1.5656 23.7776 47.5019 163.102 3.05804 17.6521 126.199 7.6788 7.68471 0.759625 24.6999 16.7826 12.0756 0.735194 
653.75 636.631 282.186 0 88.1124 429.374 9.82008 220.789 609.595 106.481 31.1745 236.408 1.95236 22.8602 4.8811 11.7525 426.174 144.888 36.988 5.37829 405.773 11.9027 7.09512 21.3732 394.156 13.5222 1.74051 33.0362 
58.6922 400.167 103.037 66.7238 0 150.239 75.8349 75.0113 238.793 313.765 253.918 160.576 160.151 0.0303817 70.1435 1.08834 116.127 47.2298 219.519 95.0926 124.856 54.0368 1.7908 3.64027 3.82909 27.5342 48.3249 13.9411 
458.149 497.577 44.0236 389.703 702.075 0 749.281 4.99197 386.407 609.278 103.309 140.822 78.6247 0.476439 38.4913 11.9853 396.959 49.3788 82.8026 0.00034642 49.9499 6.64437 0.200545 17.5113 411.514 0.0101834 0.4619 0.00371416 
266.497 74.3122 32.5179 136.609 153.803 222.129 0 393.41 5.52531 0.180908 440.519 146.433 218.688 77.332 142.509 99.2162 86.6247 0.359282 155.271 7.24946 129.117 27.1725 0.184285 56.2058 21.9606 23.8493 1.19837 56.1646 
307.286 24.2805 211.92 295.495 84.5422 186.188 409.515 0 453.006 40.8508 282.516 20.1641 15.9529 73.5708 37.8445 0.893008 43.2913 172.717 0.822819 29.0556 115.81 67.3487 38.2531 135.418 57.493 67.3268 85.0932 21.2791 
397.549 593.052 155.342 461.337 72.7392 478.306 446.398 91.6988 0 377.835 1388.88 299.956 31.9886 7.02251 105.774 12.1453 433.25 219.304 155.082 49.4863 21.4359 38.9607 4.65104 20.9037 438.651 87.8412 18.774 2.23811 
4.68712 58.4049 110.482 8.85091 0.365442 97.2721 508.969 30.554 321.198 0 522.676 7.15911 0.133273 83.1021 116.147 89.7887 84.2056 83.0071 0.669171 7.28684 1.2293 58.1614 25.6019 60.3411 55.7739 71.8628 27.8528 3.53306 
125.003 260.414 52.4625 55.0628 114.584 221.459 353.305 59.8043 114.937 189.414 0 357.649 152.591 161.302 30.3906 163.668 10.4477 75.0661 5.24757 40.0364 120.124 55.9283 114.507 126.051 29.3571 32.8932 29.3645 21.8284 
228.626 222.628 64.2739 238.15 11.7586 156.828 1.48099 238.837 101.252 233.697 509.937 0 6.97242 114.812 0.85277 136.76 57.4334 151.764 9.8655 60.9765 0.148744 38.6964 17.2253 70.4927 90.3528 386.104 79.8558 130.711 
65.331 133.127 72.9821 32.9926 117.73 101.824 70.5254 128.931 68.2484 323.307 10.7368 118.171 0 155.304 21.0538 48.0451 35.0863 87.0688 5.018 34.0961 10.4313 25.5214 1.42177 19.4976 45.669 23.3043 4.67464 22.9461 
51.3265 45.5246 16.6877 0.020238 55.304 2.61836e-05 13.5823 16.7797 1.43589 0.29035 202.409 85.7429 14.1016 0 30.4787 17.2676 3.30538 12.2256 21.9796 0.901934 19.9682 10.4864 6.27532 5.22935 0.00948565 1.19203 11.0993 11.4083 
53.8976 0.305627 6.73221 2.86637 1.59798 6.56326 136.812 183.49 226.839 6.69169 90.6648 185.112 1.51826 4.49529 0 59.5929 7.19565 17.095 35.5897 2.69129 31.8949 16.1919 8.48552 0.565402 1.47307 0.895619 19.81 8.06059 
80.5541 4.10099 0.0417104 0.228141 71.5195 26.2767 102.272 226.12 131.868 44.4096 161.13 197.215 7.89875 1.55512 21.3185 0 11.2354 52.6139 30.5833 8.0066 5.29094 1.91838 0.0452837 11.5457 0.66086 1.14118 1.03725 0.165921 
489.007 391.766 2.35753 386.217 152.592 398.997 56.8339 53.0262 384.746 84.1492 0.467628 42.3747 64.6666 10.7648 18.5659 0.707445 0 30.2857 245.837 24.7019 30.837 8.73617 15.2575 0.8026 401.376 17.5783 22.3036 13.474 
94.8839 276.657 11.855 57.8266 20.0772 42.2803 1.30051 181.096 180.049 75.3977 164.416 150.998 77.8175 48.649 42.6803 6.02868 219.494 0 132.404 80.3311 107.691 35.2223 7.50387 3.80569 9.35727 18.2001 9.23765 6.99191 
57.9857 42.9146 25.6835 45.3722 214.715 25.3522 122.753 59.8402 83.2936 27.3275 30.2588 93.2304 43.4204 18.2607 17.1697 9.31783 99.7729 145.122 0 1.90189 58.4591 1.5024 1.08162 1.60887 24.7227 23.4999 23.6528 26.6495 
225.711 132.285 2.84425 5.15552 90.8902 2.17716 73.007 65.4261 38.5257 9.09581 70.2302 93.8898 24.2284 4.57373 7.76758 5.62912 8.87061 84.1862 16.994 0 249.072 3.25186 1.73649 6.07057 13.7086 5.49638 0.208963 2.23413 
166.172 177.563 127.179 177.88 101.836 74.8984 113.993 190.989 22.3491 5.68117 1.22877 167.926 77.8518 33.6322 13.8646 28.2384 7.97724 116.894 3.99639 0.494358 0 7.71089 39.3018 20.7847 31.6638 4.08811 29.0518 17.1 
4.0578 21.6136 7.88943 11.2658 51.6316 0.72602 28.9818 25.4419 41.3601 1.88368 62.3761 60.5079 2.44574 4.60736 1.67195 6.08995 1.09668 22.1872 0.821586 4.85859 1.59879 0 12.4442 13.5635 13.9278 9.55465 8.93256 8.21405 
38.9729 0.102604 0.941961 1.83948 5.17164 16.125 71.3334 85.8398 21.8018 1.41216 3.73816 36.5834 4.64796 5.31077 0.387629 0.211137 4.96662 27.4683 14.9608 1.48585 39.8439 12.5275 0 5.15221 19.2958 8.99519 5.65347 7.62161 
8.11927 48.0444 15.6497 19.4785 47.4071 6.69662 0.552649 102.374 2.01656 13.9534 11.4354 145.407 6.03585 1.55557 4.88873 14.505 8.97407 47.263 0.00671026 1.40502 3.6894 0.787993 18.2115 0 7.00187 4.61234 2.84705 10.8546 
409.061 459.454 22.1772 383.075 10.5108 398.009 53.8734 42.0661 444.595 52.6153 52.1744 538.082 5.9072 0.359734 2.70548 66.8917 391.367 12.9697 15.1339 0.602316 5.11919 65.664 21.6209 74.3697 0 110.703 74.079 85.0503 
44.9379 82.5975 0.0217989 17.7719 69.5176 9.88362 4.89954 233.921 138.727 47.495 25.5879 46.5025 54.0699 13.0337 5.30398 3.58921 11.0956 17.1441 12.3142 2.89918 10.8656 10.6511 6.17871 1.93366 40.1159 0 24.3886 62.4475 
46.0682 33.3236 11.8665 18.068 36.6813 7.0058 14.3534 32.6771 63.912 9.39607 0.396448 86.8229 10.8057 10.6752 9.45517 1.76588 0.130911 0.000128568 20.0007 9.02306 2.64036e-06 9.10498 3.70392 1.0865 51.3979 36.9669 0 33.0256 
20.8784 13.5448 5.2431 1.48802 31.4839 7.36511 37.1229 126.011 1.20446 5.60784 13.5521 124.925 28.2766 8.3535 0.134466 1.98229 2.2028 4.15553 5.10836 0.0045915 2.84059 6.28824 1.0197 3.85357 10.5271 12.4508 89.9359 0 
