0 137.885 3.62228 346.117 244.705 201.714 194.241 4.85062 340.615 153.086 0.120512 163.447 37.609 44.7747 55.8484 32.2137 91.1395 36.3063 113.885 7.18807 1.97464 7.34684 5.64654 56.2369 117.315 15.3782 27.3284 1.14079 
186.048 0 232.161 371.246 16.73 285.337 113.352 290.686 150.451 24.2798 182.398 223.413 61.8098 26.6495 95.727 77.2786 225.1 35.6351 13.2937 1.79456 163.627 37.6282 1.09265 36.7761 92.309 63.4552 40.3477 12.6557 
150.2 244.164 0 257.468 172.142 6.46899 185.234 141.077 437.025 90.0499 174.375 51.2473 51.4817 8.42211 0.867437 23.2042 45.8046 161.628 1.94974 19.0839 127.108 7.96373 8.09655 1.01874 25.4475 15.5036 11.5735 0.49385 
300.328 296.647 329.982 0 98.7408 118.621 3.971 488.635 267.637 105.435 41.8933 221.8 2.88923 22.6089 3.71786 14.1323 121.468 142.951 34.5053 7.55283 389.977 12.2374 7.71324 20.4899 89.5309 11.3046 1.37205 32.8996 
75.854 332.785 118.38 56.3286 0 212.779 116.337 86.0258 210.702 295.978 258.196 155.718 165.449 0.223861 73.67 0.536923 108.954 36.2912 190.783 94.7763 126.872 54.678 1.26611 4.44983 4.81208 25.3061 48.0327 15.1987 
159.647 214.701 49.2053 80.786 709.681 0 394.795 11.034 79.8147 279.219 78.5567 134.808 336.424 0.227758 37.0296 13.2504 88.5874 43.1223 79.3506 0.0325954 52.5509 7.26731 0.346453 17.6926 105.011 0.0130588 0.326009 0.00683551 
262.192 130.569 53.0127 151.619 108.897 502.173 0 374.65 71.6581 8.68757 403.612 127.763 219.257 73.3698 142.035 101.106 89.8983 0.108289 152.777 5.13577 132.41 25.3384 0.551776 54.0562 18.8717 20.0733 0.79785 54.0874 
308.362 36.3597 186.998 284.32 95.7972 174.273 402.217 0 532.443 31.3106 256.332 124.298 19.6491 79.9602 48.7035 0.487706 46.2033 175.696 0.289355 24.5407 126.161 67.2208 42.4512 132.644 70.3452 86.8194 82.3923 16.6148 
99.7482 248.227 235.219 188.092 97.5723 117.318 834.32 38.4092 0 362.526 1449.88 269.14 24.4791 5.52853 60.2631 17.5275 123.026 218.158 155.085 53.9197 27.1337 40.8241 6.60696 24.2649 138.134 80.2677 20.7406 3.44319 
7.66837 44.3074 107.43 12.2009 1.39419 27.8486 498.65 40.0073 347.531 0 575.752 2.82972 2.88625 81.8099 108.598 87.9857 84.1166 89.2374 1.88257 6.02273 2.00929 59.0447 28.0532 60.4946 53.3519 73.3521 29.0615 2.69885 
116.068 264.826 36.1193 43.104 130.278 199.331 302.082 82.6487 144.787 108.546 0 304.008 168.7 144.52 6.1833 181.313 12.1854 68.4047 7.35275 42.955 115.722 53.7285 119.365 123.667 35.8361 41.6168 31.9157 18.3861 
228.168 220.629 52.3592 249.031 15.7125 158.373 5.37594 444.59 131.893 225.742 518.262 0 9.9094 104.015 6.81825 61.0332 55.2606 151.882 11.7023 64.4654 0.0208074 36.4377 12.9367 57.1756 65.7052 399.218 74.8307 140.332 
61.6288 128.913 72.4053 35.6158 126.449 134.788 57.6602 124.932 58.168 331.056 18.447 123.804 0 150.883 27.6839 43.6478 36.7752 89.5536 6.50641 35.0144 11.7645 21.215 0.372319 16.7222 44.2872 21.5467 4.14695 21.8123 
50.573 43.0199 16.7204 0.00185673 53.1996 0.0482793 17.0547 12.5941 3.02822 0.000604244 209.147 97.0605 6.21243 0 42.8331 15.8481 3.64786 11.0247 21.3855 0.995052 21.1162 10.6599 7.56186 4.40366 0.0771161 1.56863 11.1744 11.5647 
56.0861 0.968612 8.30694 1.97253 0.714351 8.45667 132.653 180.15 224.702 11.9025 44.8276 210.224 3.91317 13.0613 0 40.3962 6.59445 18.9971 36.1842 2.96978 33.5843 15.8162 10.5873 1.34563 0.860708 0.371719 19.7188 8.95351 
80.4973 2.74782 0.00234195 0.00674311 72.5655 25.7333 100.775 241.84 125.258 49.6395 179.025 108.982 5.51725 0.63518 7.43395 0 11.8268 53.876 30.6215 8.23208 6.52959 2.23294 0.00157871 8.17042 1.39425 2.38096 1.36297 0.406776 
182.701 89.2891 1.51787 78.8492 153.76 90.5311 52.7178 55.9417 79.3125 84.2001 0.167314 44.6402 64.7112 10.2948 19.2577 0.913477 0 15.2778 393.605 25.5801 32.5548 8.36692 15.5407 0.964406 94.3503 16.9968 22.241 13.025 
80.0938 263.385 6.52031 66.2468 28.7947 48.5126 4.25937 180.021 188.2 81.7092 166.787 151.625 74.8316 47.7735 40.5624 7.15976 194.269 0 127.108 78.1749 104.777 35.8401 6.74845 4.4511 8.24481 19.8225 8.5442 6.2115 
62.9909 51.9573 28.4861 47.5684 185.598 20.4264 115.485 55.845 76.2262 22.3717 34.5075 94.6992 40.445 18.9415 16.0089 10.0778 83.6133 141.919 0 1.42332 59.9725 1.2581 1.31142 1.88146 24.1427 22.8483 23.5004 26.5414 
217.033 136.58 3.83001 7.29514 92.4886 1.64939 76.5088 70.7391 34.3192 10.5835 67.8859 94.9997 23.0847 4.62088 7.45571 5.92961 8.00829 82.6161 15.8486 0 293.857 3.13758 1.64764 6.13324 13.7697 5.86054 0.273916 2.02104 
181.802 178.796 126.482 212.709 105.75 75.7383 118.482 196.293 28.1419 4.32699 2.39702 168.374 77.9308 32.6161 15.3412 30.3599 9.11532 114.859 4.9284 6.31242 0 8.19258 39.0249 19.532 33.4419 5.14262 28.161 18.319 
3.56084 20.3802 7.60366 10.9135 50.7076 0.502629 27.1329 23.7606 43.2006 1.18489 64.2761 58.6279 4.29321 4.11156 2.08159 6.50485 1.26922 23.0263 0.641507 4.95512 1.36551 0 11.604 13.7999 14.3966 9.37994 9.18985 8.3889 
39.9058 0.291275 1.1781 1.48401 6.14515 15.9448 70.5818 88.862 25.4271 2.25156 6.53939 30.7235 2.50399 6.69652 0.0369848 0.502154 5.28225 26.4529 14.4612 1.3997 39.6768 11.6959 0 8.50516 18.1399 8.70752 5.22192 7.87117 
9.44253 46.4343 15.5858 18.5044 46.2263 7.28752 1.08587 95.3958 1.04253 15.9833 7.92784 133.14 4.37771 1.01307 3.33959 18.0581 8.57601 46.8847 0.0357576 1.53976 3.04184 1.13168 15.3972 0 4.13847 5.37932 3.41817 10.411 
105.2 151.991 21.1816 76.8094 12.0098 92.5666 57.5054 31.3657 132.158 50.0525 44.8425 173.354 4.8812 0.604773 1.86107 56.0913 85.4214 11.699 15.8468 0.455208 6.15423 82.6787 23.6551 67.4532 0 55.7655 12.8431 123.824 
48.1179 83.157 0.155857 15.3796 68.8406 10.9823 7.05636 233.841 135.821 44.1327 33.5849 15.2846 54.5189 12.998 3.95754 5.51056 10.5062 18.7396 13.0608 2.5934 9.37794 10.7054 6.57237 2.50135 41.6869 0 22.1403 63.6181 
46.7953 32.0634 11.362 18.8213 35.7634 6.54012 13.0311 29.3312 62.0578 8.43598 0.838518 91.4282 10.0672 10.5284 8.85142 2.17441 0.0814454 0.0140354 20.3245 9.19139 0.019074 9.35875 4.10279 1.4711 51.475 36.0808 0 45.0209 
19.1671 15.0861 4.62868 2.03952 32.9141 6.7305 34.7266 122.291 2.12928 4.56073 16.6142 114.266 29.3647 8.7134 0.311096 2.64959 1.95151 3.54177 5.54276 0.000173283 2.28253 6.07785 1.2029 3.41754 12.2738 18.6093 92.7415 0 
