0 126.224 3.4098 334.944 245.144 192.361 193.565 4.6322 331.058 153.174 0.138764 163.007 37.7462 44.7269 55.7657 32.0828 81.5329 36.7323 113.825 7.85084 1.85721 7.37209 5.67825 56.2134 107.714 15.2803 27.2805 1.15986 
173.788 0 235.946 362.454 15.762 275.245 115.627 290.85 142.097 23.8819 181.805 223.397 61.563 26.7456 95.6928 77.3538 215.517 0.193697 13.0865 1.87829 163.817 37.5851 1.11022 36.8476 82.8957 63.5606 40.3042 12.5991 
149.446 240.381 0 259.552 172.478 6.5984 184.309 142.148 438.677 89.8214 175.103 51.6895 51.5866 8.39392 0.844555 23.1799 45.7368 161.538 1.91193 19.1378 127.123 7.97462 8.11224 1.02941 25.4748 15.454 11.554 0.485503 
288.904 285.768 334.128 0 99.145 108.955 3.79676 712.538 256.738 105.384 42.3294 221.179 2.92877 22.5979 3.67592 14.2262 112.037 142.857 34.4093 7.64261 278.05 12.2502 7.73721 20.4549 80.1066 11.2218 1.35871 32.8925 
76.5423 330.059 118.96 55.9364 0 215.985 118.011 86.4555 209.599 295.189 258.324 155.521 165.636 0.234863 73.8019 0.519531 108.671 35.8938 189.636 94.7563 126.943 54.7012 1.2477 4.48246 4.85195 25.2212 48.0206 15.2478 
150.452 206.102 49.3965 71.2053 787.913 0 545.184 11.3113 70.84 238.584 77.642 134.562 420.233 0.219982 36.9688 13.2993 79.0195 42.8853 79.2068 0.0354189 52.6496 7.29152 0.352841 17.6987 95.5117 0.0150197 0.321247 0.00777772 
261.97 132.958 53.8765 152.172 107.266 514.014 0 373.803 78.7124 9.46403 402.018 127.048 219.242 73.2123 141.993 101.169 90.0205 0.133066 152.664 5.06129 132.529 25.2683 0.569805 53.9717 18.7563 19.9329 0.784041 54.006 
308.334 36.8665 185.993 283.093 96.2341 173.783 401.793 0 535.231 30.9647 255.287 129.886 19.7978 80.2028 49.1394 0.579933 46.3156 175.799 0.274266 24.3725 126.555 67.2141 42.6141 132.521 70.8518 87.5924 82.285 16.4453 
90.6216 237.269 238.357 179.937 98.5744 106.127 848.831 36.782 0 361.798 1419.85 267.912 24.2074 5.49179 57.7723 17.7517 113.385 218.091 155.072 54.0903 27.3641 40.8954 6.68857 24.3976 128.866 79.9738 20.8175 3.49453 
7.79694 43.7945 107.297 12.3391 1.56077 26.2387 497.806 40.391 348.427 0 577.289 2.70207 3.16131 81.75 108.287 87.9053 84.1092 89.4749 1.94134 5.97622 2.04303 59.0757 28.1479 60.4968 53.2564 73.4038 29.1078 2.66887 
115.72 264.956 35.5397 42.6649 130.883 198.428 300.035 83.5817 146.803 105.766 0 301.887 169.307 143.848 5.61033 181.952 12.2545 68.1503 7.4404 43.0674 115.548 53.6428 119.539 123.562 36.0942 41.9664 32.0147 18.2584 
228.122 220.528 51.9152 249.379 15.8748 158.413 5.57341 453.015 133.116 225.402 518.343 0 10.032 103.591 7.15909 58.6178 55.1764 151.879 11.7757 64.5979 0.0271009 36.3509 12.7825 56.6779 63.8352 399.363 74.6351 140.686 
61.4857 128.742 72.3784 35.7169 126.776 136.008 57.1813 124.772 57.7897 331.186 18.782 124.015 0 150.649 27.9519 43.4781 36.84 89.6463 6.56717 35.049 11.8171 21.0548 0.345417 16.6183 44.2328 21.4796 4.12721 21.7686 
50.5422 42.9227 16.7204 0.00252153 53.1168 0.0519731 17.1946 12.4437 3.10878 2.25651e-05 209.345 97.4921 5.96961 0 43.2818 15.7876 3.6613 10.9795 21.3621 0.998703 21.1605 10.6657 7.60725 4.37217 0.0810101 1.58401 11.177 11.5702 
56.1683 1.00148 8.3698 1.94129 0.687314 8.53314 132.472 179.987 224.559 12.1301 43.3365 211.135 4.02684 13.4606 0 39.6511 6.5717 19.0715 36.2058 2.98068 33.649 15.8009 10.6698 1.38198 0.840319 0.356031 19.7146 8.98822 
80.4891 2.70098 0.00337656 0.00447404 72.6022 25.7103 100.708 242.355 124.989 49.8401 179.675 105.926 5.43357 0.607558 7.02593 0 11.8497 53.9229 30.6221 8.24049 6.57953 2.2454 0.0024456 8.04707 1.42857 2.437 1.37632 0.418124 
173.204 79.9596 1.48913 69.3206 153.788 80.9593 52.5595 56.0535 69.8604 84.1981 0.158776 44.7273 64.7111 10.2768 19.2841 0.921912 0 14.7956 358.438 25.6133 32.621 8.35278 15.5514 0.970918 84.8319 16.9743 22.2384 13.0077 
79.5361 262.361 6.34531 66.5732 29.1571 48.7557 4.40665 179.968 188.498 81.951 166.868 151.642 74.7151 47.7385 40.4804 7.20495 193.254 0 126.893 78.0871 104.661 35.8634 6.72004 4.47682 8.2032 19.8856 8.51798 6.18228 
63.183 52.3154 28.5944 47.6508 184.441 20.2443 115.196 55.6914 75.9543 22.1887 34.6745 94.7527 40.3307 18.9675 15.9644 10.1073 83.097 141.782 0 1.40624 60.0294 1.24911 1.32067 1.89233 24.12 22.8228 23.4942 26.5368 
216.583 136.721 3.87044 7.3836 92.5428 1.63045 76.6389 70.9416 34.1598 10.6425 67.7934 95.0372 23.0406 4.62259 7.44361 5.94108 7.97575 82.5502 15.8048 0 295.293 3.13318 1.64424 6.13551 13.7716 5.87456 0.276583 2.01301 
182.381 178.827 126.436 213.998 105.897 75.7668 118.649 196.479 28.3757 4.27846 2.44956 168.38 77.9319 32.5765 15.3989 30.4417 9.16038 114.776 4.96606 6.94426 0 8.21131 39.0134 19.4841 33.5101 5.18543 28.1265 18.3663 
3.54231 20.333 7.59261 10.8999 50.6708 0.494836 27.0621 23.6965 43.271 1.16116 64.3474 58.5541 4.3741 4.0927 2.09812 6.52077 1.27608 23.0585 0.635014 4.95879 1.35689 0 11.5702 13.8078 14.4139 9.37302 9.19965 8.39553 
39.9407 0.300443 1.18766 1.47104 6.18407 15.9371 70.5492 88.973 25.5703 2.28761 6.66192 30.5047 2.43429 6.74731 0.0308761 0.515731 5.2945 26.4136 14.4419 1.39641 39.6695 11.6624 0 8.64135 18.0932 8.69602 5.20544 7.88059 
9.49507 46.3711 15.5826 18.4662 46.1797 7.31041 1.10989 95.1204 1.01136 16.0632 7.80481 132.649 4.31887 0.994247 3.28502 18.192 8.56075 46.8692 0.037333 1.54503 3.01811 1.14604 15.2749 0 4.04151 5.40946 3.44096 10.3936 
95.8046 142.452 21.1423 67.3243 12.069 83.1092 57.6437 30.9791 122.433 49.9521 44.5663 36.4945 4.8435 0.615427 1.83152 55.4234 75.9449 11.6511 15.8742 0.449948 6.19573 82.488 23.7314 67.0967 0 53.5513 16.328 121.768 
48.2394 83.1736 0.163441 15.2891 68.8118 11.025 7.14656 233.764 135.694 44.0024 33.9091 14.4053 54.5339 12.9954 3.90906 5.59114 10.4837 18.8018 13.0897 2.58188 9.32255 10.7072 6.58736 2.52439 41.7414 0 22.0526 63.6309 
46.8223 32.0147 11.3425 18.8499 35.7277 6.52238 12.9811 29.2045 61.985 8.39983 0.858761 91.6009 10.0391 10.5224 8.82826 2.19087 0.0797761 0.0152434 20.3368 9.19774 0.0205896 9.3684 4.11837 1.48697 51.4717 36.0416 0 45.4896 
19.1021 15.1465 4.60562 2.06236 32.9689 6.70643 34.6344 122.137 2.16998 4.52244 16.7372 113.846 29.4063 8.72701 0.319327 2.67693 1.94212 3.51909 5.55973 0.000264901 2.26223 6.06974 1.2102 3.40112 12.3411 18.8618 92.7868 0 
