0 76.8832 2.44269 287.335 247.286 154.017 190.158 3.61511 291.67 153.602 0.249239 160.79 38.4339 44.4864 55.3497 31.4293 41.9486 38.8927 113.514 11.6757 1.32363 7.49887 5.83788 56.0935 68.1505 14.7942 27.0412 1.25752 
121.35 0 254.852 326.742 11.3439 233.149 127.237 291.614 108.87 21.9374 178.824 223.294 60.3307 27.2271 95.5138 77.7242 176.027 527.093 12.073 2.32513 164.749 37.3692 1.20012 37.2046 44.2747 64.0852 40.0863 12.3174 
145.639 221.466 0 268.936 174.113 7.26214 179.626 147.5 446.402 88.6678 178.707 53.9181 52.1093 8.25303 0.734616 23.056 45.395 161.053 1.72812 19.4059 127.181 8.02899 8.19048 1.08356 25.6092 15.2059 11.4568 0.444798 
240.133 239.73 354.416 0 101.159 69.07 2.98349 568.705 210.663 105.112 44.5352 218.012 3.13035 22.5416 3.46947 14.698 73.3244 142.367 33.9289 8.09758 205.674 12.3136 7.8572 20.2792 41.4302 10.8111 1.29291 32.8552 
80.0103 316.327 121.843 53.9857 0 232.7 126.493 88.6101 204.065 291.14 258.923 154.531 166.554 0.293795 74.457 0.436859 107.246 33.9328 183.866 94.6478 127.292 54.8154 1.15761 4.6472 5.05365 24.7976 47.9592 15.4939 
112.916 171.531 50.3416 31.7565 387.236 0 640.702 12.7465 34.9869 406.893 73.1182 133.319 586.575 0.183118 36.6596 13.5433 39.6248 41.7052 78.4759 0.0512898 53.1415 7.4129 0.385635 17.7288 56.4549 0.0268689 0.29795 0.0134126 
260.803 145.108 58.2707 154.909 99.2389 573.023 0 369.432 118.535 13.8323 393.875 123.479 219.129 72.4198 141.757 101.473 90.6267 0.295167 152.079 4.69661 133.117 24.9179 0.664283 53.5469 18.1833 19.2361 0.716791 53.5973 
308.12 39.4451 180.928 275.416 98.4224 171.297 399.519 0 548.815 29.2591 250.027 159.358 20.5484 81.4117 51.3373 1.1603 46.8775 176.3 0.204862 23.5382 128.521 67.1785 43.4297 131.891 73.3956 91.4762 81.7448 15.6085 
53.4713 190.952 254.028 147.663 103.634 59.1151 919.656 29.1464 0 358.007 529.343 261.727 22.8689 5.33159 45.8873 18.8916 73.627 217.735 154.994 54.9433 28.5281 41.2519 7.10366 25.065 90.974 78.502 21.2035 3.75673 
8.45481 41.2661 106.61 13.0405 2.53367 19.5725 493.102 42.3314 352.767 0 584.367 2.10769 4.72212 81.4399 106.708 87.4909 84.0681 90.6599 2.24846 5.74604 2.21581 59.2268 28.6216 60.504 52.7766 73.656 29.3386 2.52145 
113.979 265.562 32.7005 40.4943 133.909 193.865 289.745 88.3023 158.658 92.305 0 291.241 172.326 140.464 3.15928 185.098 12.6026 66.881 7.8859 43.6292 114.675 53.213 120.397 123.025 37.3941 43.7285 32.5108 17.6252 
227.863 220.002 49.7129 251.035 16.6984 158.59 6.6131 495.34 139.275 223.664 518.48 0 10.6555 101.462 8.98439 47.1843 54.7546 151.856 12.1455 65.2582 0.0710444 35.9171 12.0241 54.2086 54.2557 399.683 73.6544 142.434 
60.7691 127.88 72.2386 36.2223 128.406 141.924 54.8067 123.966 55.9093 331.647 20.4984 125.063 0 149.406 29.3053 42.629 37.1634 90.107 6.87509 35.221 12.0815 20.2598 0.226028 16.1023 43.9592 21.1444 4.02913 21.5507 
50.3864 42.4359 16.7188 0.00737227 52.7006 0.0724723 17.9005 11.7037 3.5328 0.00886308 210.264 99.6435 4.82557 0 45.4777 15.4793 3.72882 10.7541 21.2452 1.01702 21.3818 10.6937 7.8287 4.21524 0.101917 1.66188 11.1895 11.5973 
56.5766 1.17394 8.6865 1.78864 0.559899 8.91928 131.545 179.137 223.783 13.2966 36.2208 215.619 4.6187 15.5203 0 35.9518 6.45835 19.4449 36.3125 3.03536 33.9721 15.7236 11.0832 1.57068 0.741959 0.282622 19.6926 9.16222 
80.4416 2.4726 0.0113844 8.58913e-05 72.7812 25.5929 100.36 244.829 123.63 50.842 182.879 91.1379 5.02389 0.478433 5.1466 0 11.9637 54.1559 30.6241 8.28222 6.83179 2.30815 0.00961021 7.43941 1.60689 2.72624 1.44396 0.477174 
134.156 41.7698 1.3495 30.1239 153.909 41.545 51.7688 56.6119 31.0479 84.1839 0.119423 45.163 64.7088 10.1866 19.4161 0.964626 0 12.4949 174.108 25.7787 32.952 8.2821 15.6049 1.00376 45.6829 16.8616 22.2249 12.9211 
76.763 256.414 5.50454 68.2071 30.9987 49.9743 5.17999 179.684 189.97 83.1586 167.262 151.717 74.1301 47.5625 40.07 7.43278 188.137 0 125.806 77.6426 104.076 35.9795 6.57879 4.60648 7.99643 20.2021 8.38715 6.03705 
64.1425 54.116 29.1364 48.0609 178.624 19.3423 113.744 54.9241 74.5948 21.2824 35.5135 95.0163 39.7596 19.0967 15.7425 10.2553 80.6204 141.079 0 1.32232 60.3123 1.20463 1.3674 1.94714 24.0062 22.6952 23.4632 26.5134 
214.212 137.402 4.07503 7.83241 92.8053 1.53722 77.2841 71.9523 33.3662 10.9392 67.3287 95.2183 22.8201 4.63102 7.38302 5.99838 7.81357 82.2147 15.5856 0 302.115 3.11121 1.62725 6.14665 13.7808 5.94471 0.290121 1.97305 
185.25 178.96 126.185 220.136 106.625 75.9054 119.478 197.385 29.5569 4.0395 2.72066 168.398 77.9357 32.3778 15.6888 30.8507 9.38708 114.355 5.15632 10.5431 0 8.30513 38.9553 19.2446 33.8509 5.40165 27.9538 18.603 
3.45032 20.0973 7.53729 10.8315 50.4852 0.456749 26.7082 23.3763 43.6222 1.04606 64.7019 58.1838 4.78931 3.99864 2.18164 6.60031 1.31071 23.2196 0.60303 4.97709 1.31417 0 11.3993 13.8455 14.4997 9.33823 9.24848 8.42854 
40.1145 0.348413 1.23596 1.40694 6.38028 15.8978 70.3816 89.5223 26.2905 2.4719 7.29079 29.4198 2.09999 6.99744 0.00859261 0.586224 5.35594 26.2173 14.3451 1.37999 39.6324 11.4929 0 9.32654 17.8577 8.63807 5.12318 7.92747 
9.75937 46.0544 15.5654 18.2746 45.9457 7.42509 1.23388 93.7365 0.862505 16.4645 7.20334 130.173 4.03027 0.902506 3.01806 18.8568 8.48454 46.7901 0.0457186 1.57145 2.90068 1.21905 14.6512 0 3.57245 5.56085 3.55581 10.3063 
57.2711 103.199 20.9448 28.3463 12.3669 44.2646 58.3336 29.0747 82.2512 49.4477 43.193 717.407 4.65698 0.669985 1.68714 51.9082 37.0056 11.4128 16.0113 0.424082 6.40511 80.5576 24.1104 65.2287 0 43.2994 39.0375 107.969 
48.8448 83.2515 0.204047 14.8386 68.6642 11.2389 7.60555 233.3 135.042 43.3491 35.5471 10.3873 54.6065 12.9815 3.67054 6.00097 10.371 19.1136 13.234 2.52458 9.04745 10.7161 6.66213 2.64094 42.0069 0 21.6136 63.6586 
46.9561 31.771 11.2448 18.9928 35.5487 6.43383 12.7325 28.5738 61.6193 8.22016 0.963551 92.4591 9.89915 10.4925 8.71258 2.27395 0.071684 0.0220321 20.3978 9.22939 0.0290334 9.41653 4.1965 1.56745 51.4487 35.84 0 47.8338 
18.7777 15.45 4.49088 2.17831 33.2426 6.58639 34.1743 121.354 2.37902 4.33312 17.3574 111.737 29.6135 8.79479 0.362088 2.81553 1.89549 3.40657 5.64487 0.00101328 2.16201 6.02911 1.24704 3.31945 12.6771 20.1385 92.9426 0 
