0 179.26 0.068714 372.502 258.786 303.285 167.411 0.0831023 433.176 155.695 1.71327 146.143 42.8969 42.891 52.6017 27.313 184.292 53.8276 111.177 48.476 0.0447887 8.32972 6.90367 55.2304 210.405 11.8324 25.5076 1.97336 
200.513 0 368.096 485.579 0.273349 356.393 208.928 294.158 295.179 11.317 159.217 221.601 52.554 30.3436 94.0516 79.8859 318.092 708.253 6.50405 6.2766 170.072 35.9648 1.85594 39.4667 192.664 67.3219 38.6674 10.5742 
120.064 107.761 0 282.226 182.597 12.1353 147.718 181.089 472.958 80.8725 200.035 68.7747 55.3599 7.3537 0.21061 22.1694 43.1062 156.539 0.767819 21.0582 126.704 8.37353 8.68312 1.45998 26.399 13.6099 10.8304 0.225919 
321.763 338.241 321.555 0 113.707 209.181 0.0921342 745.338 311.056 102.874 59.5344 195.542 4.57027 22.1249 2.27904 17.7936 220.954 138.416 30.8449 11.2435 128.505 12.7131 8.63141 19.1163 189.431 8.31448 0.908964 32.5373 
103.124 226.766 139.508 41.9739 0 347.923 184.134 102.576 168.271 261.294 261.111 147.813 171.665 0.825757 78.4663 0.0769354 97.8611 22.5177 146.102 93.6147 129.244 55.4801 0.659827 5.76478 6.43248 22.1291 47.53 17.0972 
267.875 344.603 55.9218 175.233 115.349 0 730.6 23.7688 222.625 592.239 46.4847 124.799 155.156 0.026975 34.496 15.1029 183.065 34.3663 73.3597 0.221853 56.2209 8.19917 0.628875 17.8865 201.895 0.183469 0.169391 0.0855064 
250.988 229.048 88.8457 171.082 53.7399 875.531 0 336.581 512.763 59.8685 335.811 101.018 216.809 67.157 139.215 102.982 94.3258 2.83238 147.609 2.67361 136.542 22.6982 1.43785 50.7539 14.6811 15.0102 0.357228 50.9217 
303.751 57.6048 147.332 166.589 112.513 154.205 379.024 0 619.796 19.3539 215.235 395.341 25.6224 88.9568 66.0315 9.50121 50.4795 178.976 6.95189e-06 18.4683 140.854 66.8721 48.6884 127.195 90.0048 116.845 78.1488 10.718 
212.667 291.679 349.637 338.025 137.542 174.959 1253.01 1.13693 0 328.238 1156.56 220.943 15.1162 5.25594 40.9519 26.8777 214.693 214.492 153.934 60.3832 36.4308 43.5156 10.0284 29.4709 243.925 69.0362 23.7253 5.64772 
13.2479 26.5837 101.539 17.9105 14.1745 36.4957 445.127 55.5292 374.712 0 604.74 0.0479468 21.7983 79.0281 95.8279 84.3743 83.6338 98.117 4.73174 4.3696 3.48265 60.0571 31.6584 60.3897 49.6167 75.0166 30.8024 1.67363 
102.732 267.674 17.032 27.6794 153.161 163.087 222.679 120.431 321.858 25.9797 0 222.591 190.877 118.067 4.08325 203.092 14.9266 58.8719 11.0189 47.2195 108.908 50.421 125.308 119.052 46.0443 55.5107 35.7185 13.7936 
224.987 215.637 36.4123 258.318 22.4011 158.858 15.2836 757.216 179.954 211.159 508.841 0 15.0513 87.5999 25.2363 2.7293 52.0322 151.385 14.6271 69.3942 0.842862 33.1505 7.67539 39.2689 25.7056 385.875 67.3025 152.783 
56.1636 122.012 71.14 39.4543 138.427 167.694 40.4704 118.557 44.3722 327.146 33.0473 131.487 0 138.839 38.4322 37.2048 39.2205 92.926 8.9951 36.2875 13.8293 15.4458 0.0596581 12.9421 42.1557 19.0256 3.42646 20.159 
49.3128 39.2936 16.6528 0.0984628 49.962 0.283502 22.6659 7.46349 7.06959 0.528079 213.338 113.084 0.362499 0 56.8959 13.3034 4.17236 9.35446 20.4791 1.13709 22.7999 10.8326 8.98815 3.2389 0.291756 2.19679 11.2558 11.7488 
59.0923 2.59521 10.798 0.954948 0.0530399 11.5286 124.749 172.266 216.281 21.8372 5.30043 241.131 9.30584 30.3757 0 14.7934 5.75051 21.8846 36.9399 3.39266 36.0241 15.1952 13.7502 3.03803 0.255538 0.0129625 19.5203 10.288 
79.8765 1.24514 0.174068 0.246114 73.7653 24.7534 97.7185 256.339 114.366 57.1768 201.299 20.3004 2.76565 0.0155605 0.0581796 0 12.6955 55.5736 30.5989 8.53701 8.54292 2.72476 0.166545 3.98195 3.00267 4.91023 1.91146 0.944307 
279.43 193.39 0.616117 174.86 153.945 184.849 46.7309 60.1628 178.326 83.9209 4.851e-05 47.9461 64.6158 9.61069 20.2514 1.25987 0 2.29554 144.592 26.8099 35.0718 7.83248 15.9396 1.22616 190.594 16.1356 22.1288 12.3668 
59.6971 185.364 1.51534 78.686 43.8679 57.8664 11.5522 177.329 198.648 90.8083 169.338 151.874 70.3182 46.3831 37.4265 8.96195 154.212 0 118.405 74.5953 100.167 36.7013 5.70472 5.475 6.7271 22.2565 7.56865 5.14354 
70.2353 65.9885 32.6107 50.5877 140.754 13.9482 104.127 50.0319 65.9336 15.8519 41.0219 96.5659 36.1209 19.9099 14.3352 11.2146 68.0119 135.99 0 0.844616 62.062 0.938255 1.68433 2.31456 23.2622 21.8633 23.2525 26.3447 
194.498 140.672 5.48338 10.943 94.1551 1.00222 81.1902 78.3104 28.4155 12.909 64.2609 96.1424 21.4065 4.68029 6.99158 6.36064 6.80461 79.836 14.1933 0 329.827 2.97073 1.51927 6.21139 13.8207 6.39355 0.384149 1.72502 
202.406 179.057 123.756 238.536 111.094 76.6246 124.516 202.344 37.5625 2.66739 4.78345 168.019 77.8781 31.0841 17.5825 33.4675 10.8922 111.451 6.4514 49.6177 0 8.91379 38.5485 17.7245 36.0194 6.87878 26.8403 20.1325 
2.88783 18.6017 7.18112 10.3901 49.2436 0.248545 24.4598 21.3526 45.8464 0.450201 66.8869 55.7551 7.85785 3.4089 2.74843 7.10614 1.54246 24.2471 0.417516 5.09213 1.05638 0 10.2503 14.0309 15.0159 9.10728 9.55614 8.63518 
41.1832 0.73866 1.56501 1.02839 7.69819 15.6138 69.1477 92.7936 31.0455 3.81096 11.9335 22.8209 0.538976 8.39963 0.192062 1.13608 5.75413 24.9545 13.7209 1.27611 39.3584 10.3516 0 13.6987 16.2697 8.24951 4.60336 8.21887 
11.5176 43.9789 15.4211 17.0217 44.4011 8.16442 2.17883 84.6433 0.189311 19.1018 3.90179 113.696 2.40907 0.41428 1.55593 22.831 7.99954 46.2391 0.119414 1.74403 2.20134 1.7334 10.3449 0 1.22448 6.55188 4.32406 9.73555 
206.16 247.296 19.6414 174.526 14.3379 191.118 62.6712 18.1269 220.651 46.1493 34.7251 5.56283 3.54333 1.0709 0.898026 28.6095 183.271 9.93307 16.8868 0.27623 7.81635 40.9352 26.4214 50.8184 0 35.6309 132.401 7.58251 
52.6612 83.5343 0.56892 12.045 67.5971 12.6211 10.8465 227.166 130.233 39.1406 46.6492 0.235026 54.9711 12.8428 2.30391 8.86856 9.65617 21.1409 14.1616 2.1694 7.37003 10.7614 7.1322 3.4352 43.4284 0 18.7805 62.4173 
47.7676 30.2035 10.6165 19.8911 34.3863 5.87512 11.184 24.6411 59.219 7.1074 1.77465 97.7312 9.01934 10.2888 7.97691 2.8365 0.0301216 0.0949504 20.7796 9.42654 0.117297 9.7193 4.70551 2.12733 51.061 34.3377 0 62.5033 
16.7405 17.4396 3.78303 2.98903 34.9831 5.83428 31.2425 115.896 3.9372 3.21082 21.5371 97.9531 30.9229 9.21729 0.697796 3.77128 1.60946 2.72725 6.20081 0.0172655 1.5724 5.76809 1.49377 2.81397 14.8022 28.727 91.1529 0 
