0 203.498 0.14165 394.062 259.372 329.012 165.945 0.0350572 458.358 155.789 1.84796 145.206 43.1789 42.7882 52.4254 27.0602 209.646 54.8194 111.011 50.9679 0.0881084 8.38275 6.97273 55.1711 235.741 11.6562 25.4117 2.02327 
223.153 0 374.326 511.471 0.587796 380.397 214.335 294.181 323.44 10.7626 157.968 221.436 52.0755 30.5401 93.9422 80.0087 343.379 701.434 6.21026 6.58478 170.366 35.8758 1.90152 39.6067 218.388 67.5168 38.5774 10.4688 
118.418 101.48 0 280.248 183.008 12.473 145.644 183.122 473.237 80.3642 201.255 69.7317 55.5572 7.29775 0.188305 22.1088 42.9577 156.178 0.720367 21.1574 126.625 8.39486 8.7134 1.48518 26.4442 13.51 10.7911 0.214649 
343.332 360.771 307.579 0 114.467 234.38 0.0459307 912.875 333.81 102.706 60.5168 194.025 4.66873 22.0957 2.21237 17.9906 246.621 138.123 30.652 11.4524 218.853 12.7377 8.68008 19.0416 215.13 8.16664 0.887127 32.513 
104.611 221.21 140.557 41.2545 0 354.372 187.87 103.456 166.032 259.226 261.153 147.373 171.939 0.867853 78.7057 0.0641947 97.2614 21.873 143.726 93.5309 129.35 55.5177 0.633272 5.83817 6.52362 21.9649 47.5011 17.199 
293.986 371.777 56.2403 200.674 26.5342 0 497.803 24.558 251.945 453.543 44.9736 124.236 315.559 0.0218253 34.3507 15.2 208.481 33.9215 73.0164 0.236454 56.409 8.24877 0.645971 17.8944 227.426 0.197878 0.16254 0.0920753 
250.244 234.523 90.8675 172.007 51.2811 886.44 0 334.271 542.497 63.7009 331.9 99.6444 216.573 66.8182 138.998 103.051 94.5462 3.07629 147.289 2.56537 136.736 22.5609 1.49581 50.5754 14.4722 14.7602 0.338851 50.7513 
303.308 58.8281 145.192 157.68 113.395 153.076 377.417 0 623.205 18.7955 213.013 411.926 25.9544 89.4156 66.9803 10.2813 50.7048 179.112 0.000969788 18.1678 141.607 66.8484 49.0185 126.864 91.0549 118.443 77.9164 10.4399 
239.143 314.549 355.111 366.405 139.73 199.935 1264.43 0.629144 0 326.085 748.647 218.349 14.6803 5.30677 45.7403 27.414 239.958 214.235 153.835 60.7213 36.9496 43.6559 10.2262 29.7535 269.927 68.4442 23.8858 5.77795 
13.5801 25.7581 101.185 18.2356 15.2039 41.0625 441.189 56.3951 375.73 0 604.538 0.0201041 23.2548 78.8534 95.1089 84.1536 83.5969 98.5746 4.91617 4.28929 3.57097 60.101 31.8481 60.3734 49.4144 75.0869 30.893 1.6262 
102.025 267.704 16.2065 26.9453 154.353 161.096 218.487 122.533 336.784 23.108 0 218.335 191.986 116.639 5.09455 204.081 15.0771 58.3791 11.2306 47.4433 108.538 50.2443 125.58 118.774 46.6018 56.2722 35.9206 13.5673 
224.738 215.307 35.6317 258.579 22.7817 158.825 15.9383 772.076 182.546 210.303 507.644 0 15.3487 86.7256 26.5006 1.74157 51.8608 151.337 14.7886 69.6471 0.919171 32.9783 7.43363 38.3917 27.5826 384.126 66.9022 153.378 
55.8751 121.626 71.0597 39.6559 139.028 168.418 39.6287 118.205 43.6822 326.44 33.9173 131.872 0 138.038 39.0257 36.8676 39.3482 93.0946 9.13596 36.3521 13.9417 15.1618 0.083647 12.7533 42.0402 18.8949 3.39026 20.0723 
49.2414 39.096 16.6455 0.10759 49.7868 0.30124 22.9771 7.22789 7.33691 0.586972 213.367 113.9 0.251803 0 57.4188 13.1577 4.20071 9.26951 20.4302 1.14475 22.8886 10.839 9.04369 3.18 0.306807 2.23223 11.2591 11.757 
59.2436 2.70205 10.9343 0.91122 0.03916 11.6989 124.277 171.757 215.671 22.4286 4.26818 242.521 9.6486 31.3497 0 13.698 5.70726 22.0397 36.9759 3.41539 36.1513 15.1603 13.9165 3.14391 0.23347 0.00769154 19.5078 10.3589 
79.8262 1.18204 0.190604 0.277167 73.8174 24.696 97.5301 256.8 113.758 57.5667 202.318 17.4634 2.6459 0.00794599 0.159493 0 12.7413 55.6579 30.5951 8.55221 8.65524 2.75163 0.182672 3.79493 3.10399 5.06455 1.94262 0.978538 
304.938 219.342 0.579582 200.358 153.905 210.256 46.4179 60.3832 203.987 83.8947 0.000202601 48.1197 64.6055 9.57482 20.303 1.27956 0 1.92612 143.061 26.8727 35.2043 7.80455 15.9601 1.24074 216.095 16.0899 22.1223 12.3322 
58.6755 179.442 1.34769 79.3392 44.7303 58.3633 12.0302 177.151 199.146 91.2808 169.442 151.865 70.0763 46.3064 37.2605 9.06149 152.05 0 117.918 74.3936 99.9139 36.7452 5.65186 5.53145 6.65095 22.3865 7.51861 5.0898 
70.6124 66.7472 32.8276 50.7398 138.383 13.6344 103.509 49.7277 65.396 15.5349 41.3736 96.6547 35.8949 19.9599 14.248 11.2751 67.3535 135.639 0 0.818209 62.1677 0.922669 1.70515 2.33846 23.2148 21.8105 23.2386 26.333 
193.028 140.813 5.57671 11.15 94.2202 0.972398 81.4209 78.7003 28.1142 13.036 64.0641 96.1866 21.3181 4.6831 6.96691 6.38299 6.74325 79.6743 14.1071 0 330.57 2.96196 1.51257 6.21505 13.8222 6.42156 0.390445 1.70997 
203.403 179.02 123.557 238.182 111.361 76.6599 124.815 202.604 38.087 2.59079 4.93101 167.967 77.8698 31.002 17.7029 33.6307 10.9893 111.258 6.53671 52.8827 0 8.95229 38.5211 17.6303 36.154 6.97633 26.7704 20.2289 
2.85421 18.5091 7.15875 10.3624 49.1629 0.237595 24.3204 21.2277 45.984 0.421111 67.0185 55.6001 8.07255 3.37285 2.78564 7.13753 1.55752 24.3111 0.407029 5.0992 1.04118 0 10.1757 14.0392 15.0463 9.09238 9.57506 8.64782 
41.2475 0.767805 1.58669 1.00658 7.78403 15.5942 69.0615 92.9835 31.3504 3.90362 12.258 22.4297 0.475095 8.47331 0.222155 1.1759 5.77929 24.8753 13.6816 1.2697 39.3393 10.2774 0 13.9605 16.1663 8.22426 4.5713 8.23657 
11.6311 43.8467 15.4101 16.9421 44.302 8.21088 2.24648 84.0637 0.163378 19.2703 3.72765 112.637 2.32099 0.389706 1.47943 23.0584 7.9694 46.2022 0.125166 1.75501 2.16066 1.76815 10.0681 0 1.11722 6.61491 4.37388 9.69922 
231.912 272.739 19.5579 200.117 14.4647 216.741 62.9372 17.5186 245.753 45.9395 34.2162 162.382 3.47841 1.09886 0.856641 27.4675 208.858 9.84328 16.9414 0.268017 7.90854 37.8971 26.5583 49.8368 0 38.7689 124.894 7.71724 
52.8959 83.5396 0.597689 11.8762 67.5234 12.708 11.0659 226.605 129.897 38.8765 47.3751 0.514505 54.9881 12.8312 2.22808 9.06015 9.61186 21.2693 14.2198 2.14789 7.27014 10.7636 7.16104 3.48748 43.5008 0 18.6031 62.2594 
47.8157 30.1052 10.5771 19.9463 34.3128 5.84068 11.0898 24.4017 59.0656 7.04006 1.83335 98.0472 8.96529 10.2754 7.93125 2.87337 0.0281125 0.101199 20.8029 9.43854 0.124777 9.73791 4.7378 2.16482 51.0241 34.2321 0 63.3804 
16.6155 17.5665 3.74037 3.04353 35.0911 5.78824 31.0602 115.53 4.04705 3.14591 21.8099 97.0797 31.0037 9.24301 0.722296 3.83478 1.5923 2.68713 6.23616 0.0189387 1.53855 5.75173 1.50981 2.78341 14.9327 29.2788 90.8834 0 
