0 96.3032 22.5037 63.5264 269.214 144.686 107.49 13.8768 248.13 155.938 10.9419 107.561 54.3501 38.5266 45.204 17.7591 16.5495 97.3987 102.833 84.9726 12.8685 10.5412 9.87626 52.3778 40.7569 5.70402 21.6875 4.42702 
54.1916 0 463.152 293.849 98.8698 125.754 418.332 282.742 249.642 0.000657044 108.663 209.772 34.4103 38.2647 88.1089 83.603 143.211 522.516 0.0368274 23.673 178.128 32.3074 4.08457 44.8846 38.8689 74.3554 34.9642 6.70932 
55.7668 9.50875 0 60.3965 187.431 27.7912 66.0194 249.551 363.999 59.3195 235.441 108.093 62.6041 5.17905 0.293607 19.327 36.748 135.566 0.052296 24.553 119.281 9.20282 9.83516 2.6105 27.7997 9.6762 9.24927 4.23605e-05 
33.0928 65.63 122.059 0 140.806 34.2015 10.4837 83.5602 52.7719 93.7595 101.311 128.696 9.23704 20.681 0.368844 25.7376 63.9684 122.88 23.2214 20.4029 571.382 13.654 10.5868 15.9851 34.3459 3.30391 0.23955 31.1646 
163.709 43.0232 174.084 17.1017 0 394.009 329.482 137.623 83.6083 167.172 254.103 128.55 178.285 3.29871 86.8705 0.465565 73.236 3.77335 58.1032 88.5607 131.912 56.6253 0.022348 9.00708 10.5042 15.8659 46.1867 21.285 
126.699 235.025 65.1603 12.4205 206.055 0 821.494 62.8844 276.153 659.36 4.512 100.144 121.598 0.245431 27.9485 18.8762 17.1367 18.2576 57.9512 1.15767 63.2752 10.2101 1.47852 18.013 39.6401 1.17332 0.00555319 0.535321 
210.819 434.349 171.434 198.243 0.0646056 336.25 0 228.196 1305.56 267.632 170.863 50.7886 199.484 52.9813 125.567 103.368 102.05 20.047 131.404 0.0820466 142.391 17.3769 4.60839 43.3265 7.34919 6.47778 0.000718363 43.8739 
271.454 112.625 65.4769 78.7196 147.177 105.843 290.349 0 644.807 3.19725 126.637 970.502 40.0938 105.738 105.164 61.0946 59.4309 181.533 1.29748 8.15826 168.81 65.5197 61.8236 110.965 131.318 177.713 68.2647 2.35161 
94.5668 42.9455 473.332 281.619 226.305 106.238 735.252 92.6444 0 223.302 215.381 119.263 2.52251 12.5085 101.029 51.0767 42.5242 199.452 147.14 73.5358 59.0658 48.9898 19.1885 41.2685 100.365 45.911 30.3507 11.8971 
29.2219 3.36495 84.4921 32.5001 79.0643 400.724 235.255 92.9185 380.406 0 471.173 8.13582 108.35 70.0526 64.9972 73.4389 81.2748 115.359 14.6148 1.71103 7.82311 61.0643 39.1257 58.9049 41.2068 76.4302 34.3265 0.302807 
74.6318 259.528 0.00041702 5.56289 198.231 83.6682 72.7301 208.693 778.492 43.8695 0 72.2167 229.008 62.0853 119.19 227.821 21.4009 40.1091 20.8268 56.022 93.4073 43.2078 132.753 105.432 69.3574 87.2162 43.8837 6.07983 
209.002 197.637 11.0352 250.486 39.589 153.028 50.7471 1015.67 281.833 171.234 412.631 0 28.8445 53.2775 93.5395 124.167 45.1072 147.773 21.6245 78.8663 6.41706 26.3846 0.96802 10.9808 166.917 252.383 51.2407 171.03 
44.6743 105.086 66.9197 47.3782 159.552 143.316 12.9395 103.416 20.2892 264.356 74.3056 145.083 0 97.1723 63.3111 24.197 44.2193 98.9087 15.3394 38.6682 18.5836 5.91102 4.1145 6.31831 37.3084 13.9961 2.11779 16.7308 
46.0867 31.367 16.0706 0.773366 42.6647 1.39554 36.0655 0.934673 21.654 5.22737 199.732 142.244 11.3582 0 55.2236 7.15809 5.36104 6.20992 18.4461 1.45613 26.3278 10.8717 9.34123 1.20171 1.17495 3.76976 11.3152 11.9573 
64.5398 8.44293 16.4984 0.00421249 1.13261 18.7886 102.281 145.545 180.543 49.491 49.7126 273.494 26.9773 60.2898 0 5.49888 4.12512 28.2799 38.0693 4.33289 40.9736 13.6423 19.9483 8.33532 0.152086 0.861545 18.857 13.1374 
76.5377 0.00125023 1.40135 2.87438 74.9656 22.0503 88.2067 250.109 88.079 71.7803 227.421 73.2795 0.0369205 1.64079 36.6838 0 14.5252 58.5264 30.2485 9.07309 13.4855 3.86335 1.3555 4.45538e-05 8.17362 12.3115 3.3218 2.74515 
115.146 50.7882 0.0267978 12.3194 148.476 18.511 34.5343 68.7668 22.6615 81.9788 0.703786 54.8086 63.7958 8.19181 22.2559 2.15811 0 12.7133 445.935 29.1539 40.3398 6.73352 16.7166 1.87166 27.4754 14.2935 21.8134 10.9822 
24.3954 49.9949 2.49534 103.903 82.5757 77.6084 37.3302 167.502 214.071 108.886 171.048 149.806 60.3931 43.0633 30.7763 13.2769 71.1002 0 97.1809 65.6277 89.2967 38.3398 3.76078 7.92231 3.98803 27.5555 5.67449 3.19602 
84.7453 96.9579 41.1017 56.0406 53.9366 3.95325 78.5363 38.1342 45.155 5.48042 55.5835 99.3546 27.2963 21.8212 10.9547 13.6808 40.9708 119.257 0 0.113251 65.9346 0.414276 2.60632 3.3535 21.2973 19.6849 22.6362 25.7831 
121.525 140.303 9.60596 20.0505 94.9638 0.155828 89.0279 92.9473 17.2876 18.29 56.006 96.6398 17.8893 4.76731 5.99471 7.22142 4.52606 72.2824 10.8382 0 268.369 2.62203 1.25687 6.32206 13.7792 7.50162 0.673934 1.16745 
233.655 173.649 111.842 169.574 120.635 77.1331 134.857 208.004 60.3903 0.465524 12.32 163.399 77.1177 27.7125 22.5558 39.9112 15.0331 102.735 10.242 217.023 0 10.4914 37.2771 14.0545 41.2845 11.2242 24.0082 24.0341 
1.68806 14.9876 6.28074 9.26424 45.759 0.00275964 19.0269 16.5307 51.1778 0.0453561 71.656 49.3113 18.3105 2.06718 4.38188 8.32682 2.19636 26.7782 0.101401 5.36323 0.532184 0 7.13491 14.0574 16.0581 8.47203 10.2832 9.11416 
43.507 2.33129 2.52545 0.333375 11.4263 14.6697 64.9014 98.9551 43.7586 8.28594 27.707 9.48269 1.12922 9.60494 2.99771 3.152 6.78283 21.7727 12.1357 1.02704 38.4069 7.24289 0 20.6905 11.9013 7.16458 3.37133 8.87465 
16.357 38.4952 14.806 13.7575 40.2239 10.0269 5.64302 61.0462 0.641505 26.0871 0.0306513 70.8017 0.156534 0.0203713 0.000314422 28.9383 6.81391 44.5335 0.453761 2.19799 0.862499 3.33291 1.28336 0 0.82837 9.11551 6.45437 8.23801 
53.1305 81.1145 16.1639 15.838 19.6983 32.7517 72.7001 1.68961 42.4701 37.5407 16.7291 920.5 1.39743 2.43607 0.00310524 53.5338 23.614 6.6114 19.0492 0.0437276 11.8427 63.1739 30.9855 20.033 0 55.3127 116.575 21.9042 
61.5603 82.6098 2.24197 6.00341 64.0429 16.1026 21.0036 190.229 113.897 28.6821 77.6073 88.4163 55.1176 12.1318 0.240394 17.1754 7.92526 26.3963 16.4922 1.37904 3.8589 10.788 8.22115 5.71942 44.7296 0 11.8576 49.6539 
49.4434 26.2538 9.03452 21.9918 31.3707 4.54941 7.67097 15.7551 52.8259 4.63054 4.83554 108.937 6.95254 9.69417 6.19491 4.45224 0.00385909 0.499085 21.6623 9.87612 0.595159 10.4321 6.02822 3.83468 48.7084 29.1776 0 89.0853 
11.996 22.7167 2.23788 5.49572 39.2104 4.09683 24.1091 99.303 9.42062 1.11573 33.3442 63.1893 34.044 10.1732 1.98647 6.60332 0.991199 1.34672 7.66635 0.144116 0.501459 5.1116 2.18704 1.69919 19.6099 49.764 68.0634 0 
