0 21.0804 7.92426 76.4247 3.1969 86.5378 187.795 292.649 196.849 154.478 31.4814 181.057 105.099 2.30038 0.130038 0.263531 28.7573 12.3459 56.68 89.5528 189.805 20.2407 41.3365 0.824598 8.01861 7.96495 31.7246 60.9712 
50.8679 0 420.994 34.1385 473.698 116.013 445.174 107.737 368.858 229.301 262.217 218.142 1.82418 70.3185 58.2409 67.617 145.707 102.028 49.2649 58.7856 179.138 21.7742 57.0533 38.0626 83.8275 71.5126 24.5912 46.5413 
82.9352 54.2854 0 286.235 29.827 66.2055 206.779 242.146 184.247 113.857 161.871 16.6884 70.6491 0.665786 2.41848 20.15 8.664 57.6586 5.15756 17.6521 100.584 2.26611 9.36718 14.6461 24.0628 5.31631 8.27677 16.757 
40.221 261.583 327.566 0 7.14978 72.0431 197.666 98.9105 260.709 103.2 29.6171 0.00409734 65.504 5.51524 0.178287 2.31718 48.1385 143.979 0.0391735 4.79677 356.007 1.15079 17.2285 2.07583 33.2002 14.9426 24.4793 8.26263 
84.5565 122.081 90.5791 152.544 0 226.313 29.0894 118.007 122.13 123.797 206.359 37.0576 171.803 56.9421 93.5162 50.0733 96.961 123.812 100.701 68.8003 59.4113 2.06167 52.8169 53.417 66.8523 22.7964 10.8317 36.7019 
33.6917 229.294 32.1749 53.3346 608.73 0 354.23 158.501 29.0118 669.2 3.40489 146.257 613.819 2.87517 41.7567 23.8547 12.2587 31.7254 88.4126 13.1052 61.8476 18.2469 14.7973 4.53013 12.4239 13.924 20.2071 22.3665 
82.2414 429.884 33.23 56.8225 226.478 638.296 0 95.3601 1304.05 273.489 474.303 278.168 147.597 47.8546 100.405 103.259 82.954 30.7213 152.079 6.6648 104.22 28.1968 56.1855 0.0507503 8.76156 0.00624896 60.3053 3.25542 
39.899 56.1799 75.7503 2.02085 127.898 101.929 154.578 0 239.965 76.0621 180.511 178.217 135.95 94.3474 23.445 36.5823 67.0791 136.487 92.1936 0.00190071 164.295 0.818131 98.9634 136.999 20.1746 225.183 0.829025 1.7229 
27.8531 8.41555 12.9139 57.678 278.31 159.215 838.946 548.377 0 224.773 985.15 71.8568 19.0559 11.8709 214.843 0.00164444 31.6722 203.875 118.429 106.205 112.635 28.9231 67.3335 93.8622 115.151 80.8552 65.1957 86.4679 
35.4607 239.152 104.488 17.2673 118.983 383.404 229.41 8.62086 380.783 0 600.307 99.2738 17.8154 83.9977 49.4291 91.7223 12.0575 146.253 14.1566 28.0418 98.2758 28.7917 60.484 25.6369 3.33173 68.7311 15.6174 43.1766 
43.6322 192.133 116.463 193.18 42.6118 31.3603 413.12 233.771 380.502 10.2468 0 306.126 17.0054 10.226 58.5655 160.109 87.5683 4.22736 109.613 74.3149 0.300502 12.1709 113.707 115.33 40.3057 0.00312931 71.668 13.9462 
228.21 209.601 183.214 81.6043 131.319 154.203 76.9117 520.82 333.435 227.573 518.163 0 111.273 161.406 54.4894 292.394 38.375 30.393 96.6874 86.8867 82.1037 29.0538 6.61614 176.137 73.7146 280.837 9.82377 36.4288 
9.02459 48.4604 28.9922 68.6768 138.728 57.879 184.204 9.60048 50.389 287.413 41.8426 150.235 0 133.362 16.3549 36.1942 25.363 39.765 83.0349 7.49529 57.1207 23.668 20.2248 1.46609e-05 2.99473 16.4365 39.3211 27.7347 
0.0675944 1.46084 11.5792 14.4383 0.00478984 5.40593 41.0882 4.87372 4.88978 1.41346 53.5484 0.153168 0.00250829 0 61.6315 13.3758 11.8585 41.9761 6.77412 3.16272 20.3558 10.0439 8.82589 6.6962 5.74368 6.11087 0.108989 3.28099 
51.9603 38.1491 5.33866 0.925693 24.8456 1.14809 124.204 101.754 0.287628 102.048 12.2471 263.157 49.4886 51.4008 0 48.6275 27.4841 63.1673 7.35058 9.22755 32.4254 1.6621 21.236 24.3798 0.092622 7.92768 0.255752 23.2597 
50.5101 25.9763 0.969419 6.17759 31.8841 16.5192 87.6331 258.516 151.107 33.105 162.659 228.458 2.41408 0.0203181 12.5841 0 8.08576 15.4428 0.00125038 3.73307 62.7303 11.9607 9.00334 28.4468 14.0281 32.8379 17.9626 4.24022 
49.5339 31.0221 15.9456 35.2724 153.883 10.8082 4.10197 57.6486 113.543 13.5268 94.5953 37.2841 0.105703 18.4271 5.88472 21.5744 0 32.6468 193.099 12.8245 28.7611 20.836 0.0259157 12.9588 25.0359 18.086 9.82966 21.9767 
213.691 300.091 145.465 30.9717 0.599695 60.8506 15.1119 89.2241 211.277 145.098 103.018 36.4274 10.7141 5.37654 12.5329 59.57 41.2824 0 107.935 22.682 7.37352e-06 0.0048242 43.8537 37.8022 53.0063 46.7905 44.9342 50.6836 
115.522 14.9135 54.3565 57.3256 95.6807 64.59 113.744 16.1233 12.7767 5.77825 127.976 14.8489 10.5492 7.83743 14.847 20.0717 71.7294 128.072 0 29.2857 12.0563 25.1359 17.7553 16.8014 13.217 11.5402 11.0361 6.15037 
196.128 40.3398 2.84425 5.01262 85.2603 6.09331 94.5713 112.268 1.37273 56.4038 0.636685 46.4179 20.9496 0.00928376 3.87286 6.35513 21.7691 30.1458 11.2583 0 38.1992 6.01036 3.5174 0.0429302 0.182135 8.43925 7.97497 10.8026 
0.648691 169.153 110.359 59.4766 93.2866 27.9432 121.455 207.728 114.023 79.8941 125.366 90.2134 1.42492 15.6791 49.1779 54.7319 53.9652 2.10813 67.3322 150.824 0 6.86056 6.05364 29.8312 35.8522 63.0325 31.1098 27.2384 
40.3257 38.8736 7.69917 10.6785 6.751 16.5588 26.393 47.4578 26.5496 34.9557 28.1351 9.48419 3.16668 0.536772 16.2009 10.3515 10.6277 4.39935 24.6721 0.00783439 28.5973 0 14.0527 13.7572 22.6798 2.5131 0.931734 0.0652077 
7.06938 56.9073 12.4904 12.9414 53.4238 1.36131 12.0435 91.9033 89.636 40.9313 3.37418 21.0818 28.4721 9.29715 22.6161 6.72233 4.92355 28.9672 14.6516 3.68696 4.39569 13.9939 0 0.119484 23.5309 0.783368 3.94537 3.31453 
56.9084 5.91702 2.86543 1.03717 8.07169 16.4555 62.399 107.469 41.5417 59.0476 2.00497 116.047 4.53582 9.77205 27.0424 0.107768 19.8241 5.93497 21.4057 4.2035 45.592 4.51061 20.7575 0 4.53456 8.95486 17.1683 0.15419 
78.942 9.79409 2.85335 12.7561 62.7572 31.3709 90.4424 187.351 16.4643 1.95333 40.2167 874.529 41.1343 7.75785 0.559901 4.3953 14.2787 49.8037 8.33838 13.1007 58.6438 59.3998 10.2317 31.3588 0 117.766 47.2556 20.6191 
78.795 37.7633 5.62459 19.2739 1.81237 27.3731 45.5675 37.0808 136.072 8.40888 0.641182 64.6911 9.56002 10.5411 15.5097 31.8493 23.559 47.7816 13.6187 7.3952 36.9431 0.0199927 9.88316 5.56695 22.1217 0 34.5748 56.8102 
1.08232 33.351 8.48989 11.9299 29.4619 16.2921 49.917 20.6645 11.8229 41.565 84.7292 119.626 37.7816 0.869586 7.01173 18.4686 15.9429 36.0875 0.392749 0.00652862 38.611 0.836279 12.6385 14.9791 19.0666 36.9309 0 28.5151 
31.8057 54.7998 9.83296 29.2634 18.748 12.3099 15.9795 96.9879 83.6363 39.7275 94.4889 176.403 11.4214 7.51279 15.3538 8.56575 23.3766 51.2706 11.4254 11.124 50.6531 8.37223 9.59155 4.72983 26.7157 4.28034 2.46105 0 
