0 709.441 58.941 447.57 259.945 574.877 67.3481 41.9507 655.14 151.775 22.0142 80.2846 62.5485 35.1567 39.6308 11.8799 447.623 130.88 94.9662 114.132 34.7837 12.218 12.2274 49.7881 469.029 2.60962 19.0145 6.71746 
642.492 0 320.816 660.151 245.649 509.912 511.094 260.111 761.694 6.00121 74.4243 195.269 23.1739 43.8532 82.0761 84.6862 564.033 913.252 2.24039 41.2665 179.003 29.6092 6.15434 48.4562 478.561 78.2789 32.2231 4.43629 
20.3492 150.003 0 18.999 176.276 40.1217 21.7595 274.032 192.547 43.5729 240.933 135.012 66.8053 3.76123 1.55477 16.8773 31.8416 114.004 1.02912 26.3224 109.06 9.75847 10.5654 3.58835 28.2603 7.06403 8.12751 0.122566 
448.583 453.252 159.82 0 154.548 459.5 31.9281 950.605 450.397 84.6263 131.592 80.1242 13.3914 19.3374 0.00198747 31.1072 500.318 107.771 18.0628 27.3953 190.364 14.2667 11.9633 13.6422 472.754 1.04896 0.0244219 29.7148 
203.99 0.0907569 186.685 5.55844 0 375.893 404.855 161.21 36.567 97.8522 238.725 113.218 177.371 6.00317 91.1985 1.85417 55.781 0.0103697 15.6213 82.984 131.834 56.9786 0.104826 11.6666 13.8901 11.8661 45.0042 24.3816 
571.01 683.2 66.6322 448.752 147.045 0 393.221 97.118 861.217 677.472 1.84362 80.9179 3.11726 0.921943 22.6674 21.3237 448.654 9.43019 45.6866 2.24215 67.5958 11.6487 2.27699 17.8681 472.526 2.37158 0.0275557 1.08374 
172.201 517.228 219.745 203.303 23.5879 44.9185 0 144.025 771.986 420.15 69.5572 23.608 178.349 42.5526 110.465 100.69 106.053 40.6929 116.256 0.46161 144.054 13.8595 7.87198 37.7988 3.55643 2.45164 0.222683 38.6616 
232.936 156.051 22.2089 47.8288 169.905 70.9758 207.837 0 527.604 0.012549 70.7665 978.018 51.611 115.164 132.078 115.521 65.637 179.694 3.7705 3.21511 185.083 64.0605 70.7965 96.3253 157.252 211.227 60.654 0.0724945 
564.46 448.235 411.007 763.76 283.4 703.548 45.3299 265.773 0 139.257 285.352 58.5485 0.00637639 24.0327 196.269 70.5841 469.408 183.351 138.934 82.1498 76.9357 52.6647 27.0569 50.0458 545.851 30.9914 35.2625 17.5371 
43.4372 0.354587 69.671 44.331 145.935 519.981 84.2471 121.329 341.598 0 274.032 24.8048 189.568 61.5637 42.8693 63.5011 78.5317 125.907 24.4408 0.549109 11.8675 60.8311 44.1373 56.8414 34.9874 75.6659 36.6817 0.000285625 
55.6427 242.616 8.954 0.0478201 225.056 36.7036 10.9341 269.796 906.276 201.742 0 10.9603 246.392 29.0655 252.95 224.896 26.5089 28.3087 29.3019 61.9803 81.75 37.9733 133.512 93.123 86.3582 109.722 49.7018 2.40843 
190.79 179.445 1.67003 223.533 53.901 143.54 85.4575 712.3 343.065 137.927 300.552 0 40.7262 31.6894 154.343 328.239 40.1446 143.155 27.2011 84.6419 13.4033 21.7903 0.0944289 1.19444 180.28 122.539 40.1273 176.21 
36.7294 91.5943 62.7458 52.7216 170.256 163.169 2.35466 91.5836 8.3558 188.714 109.362 152.254 0 61.7105 80.9059 15.9853 47.5995 102.15 20.6432 40.0888 22.2596 1.74038 10.6243 2.92586 33.6362 10.7309 1.36737 14.3679 
43.366 25.8261 15.3116 1.62654 37.2241 2.65724 46.3767 0.0951662 36.1983 11.2815 173.445 156.997 36.158 0 31.0417 3.26188 6.2687 4.31577 16.9184 1.69682 28.7888 10.6305 7.35561 0.305094 2.1308 5.03857 11.2644 11.9541 
67.5745 14.4177 20.6381 0.344687 3.90644 24.1898 83.063 120.345 144.416 71.9592 166.134 264.345 43.3482 57.2562 0 39.571 3.10757 32.992 38.4751 5.03198 44.2743 12.3702 23.2289 12.9903 1.04709 2.73172 18.1919 15.1251 
72.5875 0.733279 2.93611 6.33359 74.7004 19.6943 79.2918 216.857 68.1607 80.3494 225.588 265.505 0.74155 4.88128 76.0466 0 15.8136 60.0736 29.7529 9.35858 17.4937 4.73663 2.79159 2.03816 12.9258 18.3921 4.50792 4.50847 
545.235 500.492 0.703742 446.289 140.006 449.685 26.4675 74.5392 461.857 79.5147 2.06816 59.5408 62.7095 7.20937 23.5928 2.92995 0 49.2179 516.698 30.5877 44.0114 5.97796 17.2137 2.40567 460.138 12.9721 21.5245 10.0043 
7.99273 69.1377 12.5562 119.632 113.488 90.8146 62.6835 157.359 218.986 120.311 169.2 146.235 53.1353 40.4148 26.1083 16.7176 26.0533 0 80.6038 58.3215 80.7978 39.3523 2.60235 9.88367 2.44512 31.4032 4.46889 2.07398 
94.024 118.411 46.6937 59.0334 13.3323 0.48306 60.1565 30.1731 31.8081 1.2905 66.3052 100.358 21.418 23.0555 8.71686 15.4686 20.3362 104.569 0 0.00652054 68.2124 0.168373 3.36857 4.19047 19.8232 18.0685 22.1222 25.2652 
65.6482 132.691 12.8639 27.0412 93.2865 0.0017263 92.679 101.786 10.7552 22.415 49.768 95.4075 15.4382 4.797 5.28097 7.78175 3.14658 65.7201 8.61073 0 147.39 2.37757 1.07854 6.35524 13.627 8.2625 0.926143 0.829764 
243.35 165.106 99.0338 202.798 125.815 76.3639 140.008 205.964 78.3355 0 19.5976 157.042 76.0467 25.2265 26.2381 44.2977 18.27 95.4215 13.38 313.294 0 11.6566 36.1605 11.5944 44.8262 14.8149 21.9686 26.8419 
1.02162 12.5559 5.63846 8.45135 42.9856 0.0706576 15.3964 13.3539 54.7142 0.708575 74.3795 44.4873 27.6657 1.27308 5.69594 9.13444 2.72383 28.5328 0.00706053 5.54058 0.265939 0 4.93482 13.6963 16.5903 7.97534 10.7588 9.41948 
44.8323 3.98095 3.31175 0.0688504 14.4097 13.8122 60.9603 101.418 53.1685 12.3333 41.7825 3.3073 5.39913 8.13935 6.67905 4.97525 7.53896 19.5113 10.9978 0.860778 37.5049 5.03631 0 19.2768 8.7249 6.3195 2.57348 9.26973 
20.1113 34.4146 14.1596 11.4034 37.0256 11.332 8.99846 44.6646 2.80654 31.2329 1.23867 42.6625 0.188619 0.490799 0.851564 28.617 5.99965 43.0484 0.82007 2.53637 0.280175 4.68355 0.33654 0 5.28469 10.9122 8.09853 7.13895 
492.915 510.78 13.593 452.637 23.8167 468.632 78.8717 0.727921 466.037 31.3128 7.48435 441.689 0.457293 3.68037 0.338697 82.612 458.785 4.61062 20.5482 0.000304168 15.0884 60.9924 32.8213 21.0892 0 54.3311 136.235 123.494 
67.1056 80.5554 4.03382 2.8154 60.8007 18.512 29.6787 150.044 99.2904 21.6269 100.452 214.173 54.5542 11.335 0.0647949 23.1067 6.7547 30.2345 18.1396 0.912514 2.00961 10.7312 8.89543 7.51262 43.6229 0 7.47532 34.9546 
50.3141 23.4482 7.91564 23.3336 29.1487 3.67955 5.51842 10.4332 48.0147 3.15807 7.8676 114.867 5.61068 9.20301 5.00187 5.75253 0.0528922 0.977755 22.2242 10.1558 1.15616 10.8959 6.99149 5.27365 46.2967 24.594 0 92.3696 
8.98764 26.6698 1.35993 7.64249 42.0707 3.00853 19.3207 85.5907 14.5888 0.276089 42.6227 40.5071 36.1028 10.7498 3.26212 8.89692 0.638452 0.651361 8.76668 0.308383 0.100165 4.64478 2.73807 1.05625 22.2993 60.1178 42.2037 0 
