0 17.5288 8.24281 72.3886 3.36444 84.4265 188.487 292.256 195.016 154.407 31.7423 180.66 105.044 2.32616 0.121704 0.248476 26.4738 12.0849 56.4874 87.749 189.251 20.208 41.3046 0.807862 5.64241 8.03966 31.7712 60.9757 
46.5602 0 423.347 32.6019 475.442 112.688 443.172 108.477 367.364 229 262.035 218.006 1.76945 70.2948 58.0805 67.5102 143.133 23.9105 48.913 58.4207 179.147 21.8219 57.0514 37.9917 81.4077 71.4257 24.6404 46.6055 
82.1251 51.8969 0 285.238 29.3904 66.1672 205.981 242.852 187.31 113.894 161.105 16.4074 70.6053 0.654804 2.38105 20.1119 8.59985 58.089 5.21786 17.7081 100.828 2.25745 9.35288 14.6568 24.0304 5.27693 8.29635 16.7815 
36.6011 260.326 327.508 0 7.31954 69.6589 197.874 65.2208 257.101 103.119 29.2384 0.013996 65.5653 5.48603 0.188068 2.36247 45.6525 144.054 0.0344999 4.72329 238.873 1.1436 17.2129 2.05368 30.8603 14.8527 24.4988 8.22167 
83.8484 124.455 89.9797 152.333 0 229.459 30.0392 118.447 123.197 122.586 206.851 36.8258 171.939 57.0177 93.4756 50.1711 96.6603 123.261 99.5803 68.6515 59.2286 2.03983 52.8473 53.3897 66.8359 22.8792 10.865 36.6487 
31.5331 227.292 31.9575 50.7619 721.508 0 511.054 157.95 25.2826 752.052 3.63305 146.071 554.997 2.90132 41.7477 23.8872 9.90008 31.5084 88.4776 13.1428 61.763 18.231 14.8107 4.5099 9.97329 13.9676 20.2062 22.3747 
82.9393 427.741 33.9486 56.2523 224.591 648.963 0 94.101 1305.32 276.413 473.618 277.951 148.107 47.6712 100.728 103.23 82.8176 30.3533 151.958 6.74945 104.024 28.268 56.2712 0.0560871 8.84575 0.00933341 60.3132 3.29347 
40.4965 55.5777 74.7965 1.9983 128.334 102.553 153.132 0 236.588 75.5889 181.633 184.688 136.071 94.5662 23.1172 37.2941 66.9733 136.234 92.3186 0.000598566 164.624 0.832906 99.0208 136.931 19.8541 224.87 0.804006 1.66533 
25.0734 6.26505 13.9557 56.3019 277.383 153.949 824.369 551.026 0 223.302 1212.61 72.8563 18.8129 11.6688 214.368 0.00475161 29.3796 203.655 118.198 106.226 112.954 28.8518 67.4905 93.9375 112.895 80.5615 65.1281 86.5625 
35.7094 239 104.644 17.4272 120.185 388.082 226.492 8.81422 380.406 0 599.662 98.6796 17.1684 83.983 49.8135 91.7129 11.9801 146.277 14.3086 28.1172 98.3008 28.7054 60.4939 25.5475 3.28575 68.6514 15.573 43.2378 
43.3374 192.705 117.278 192.938 43.0601 30.718 411.602 232.683 376.331 9.32859 0 304.008 17.3282 10.5348 60.2594 159.384 87.5103 4.30833 109.749 74.2365 0.282154 12.2374 113.908 115.17 40.5738 0.000609993 71.5911 14.0605 
228.252 209.387 183.053 80.7931 131.574 154.318 76.274 529.312 332.446 227.897 518.262 0 111.505 161.557 55.355 296.036 38.4615 30.2295 96.6433 86.8014 82.3681 29.1381 6.50303 176.393 76.6587 278.706 9.71397 36.785 
9.10415 48.2257 28.88 68.6288 139.028 56.6662 183.804 9.493 50.0279 288.394 41.3668 150.116 0 132.915 16.1376 36.0261 25.2992 39.6414 83.0741 7.46184 57.0557 23.5017 20.0465 0.000117287 3.02492 16.4994 39.3211 27.7772 
0.0721712 1.4891 11.5532 14.4716 0.00651217 5.43929 41.2694 4.77724 4.79017 1.36717 52.9272 0.180839 0.0100518 0 61.5522 13.3034 11.8405 42.0223 6.79827 3.15846 20.3117 10.0334 8.79443 6.72671 5.7706 6.13442 0.10673 3.26734 
51.8713 38.3091 5.39192 0.947599 24.9846 1.17935 124.441 102.246 0.315358 101.71 13.0798 263.572 49.1764 51.765 0 47.8803 27.4996 63.1208 7.3152 9.21721 32.3603 1.64718 21.1746 24.322 0.0859351 7.86423 0.250527 23.2649 
50.3807 26.0988 0.988266 6.10769 31.7813 16.4715 87.4883 258.361 151.041 33.2985 161.942 232.156 2.35774 0.015561 12.0681 0 8.06458 15.3818 0.00168299 3.7216 62.7413 11.9609 8.97253 28.3995 13.9536 32.8318 17.9737 4.2734 
46.9611 28.833 16.0258 32.937 153.859 8.44401 4.16222 57.5373 111.188 13.4456 94.6178 37.198 0.111047 18.4405 5.86291 21.557 0 33.3371 163.097 12.7873 28.6957 20.84 0.0269338 12.9437 22.64 18.1079 9.8435 21.9871 
213.34 299.109 145.184 31.2402 0.545375 61.0995 14.8445 88.9317 211.438 145.147 102.763 36.2528 10.7912 5.41026 12.5971 59.5439 40.5257 0 107.668 22.5585 0.000306001 0.00553969 43.8666 37.7654 53.0444 46.7325 44.9348 50.6933 
115.562 15.1333 54.4266 57.2714 94.5755 64.3925 113.452 16.2295 12.6275 5.67815 128.012 14.7678 10.6246 7.81216 14.8909 20.0418 70.8237 127.86 0 29.321 12.0008 25.1313 17.7384 16.7829 13.2441 11.5685 11.0525 6.16799 
196.823 40.6745 2.87979 4.93769 85.1588 6.12608 94.555 112.353 1.41146 56.4049 0.656037 46.2775 20.9937 0.00889266 3.88464 6.34393 21.806 30.0118 11.2992 0 39.653 6.01244 3.51985 0.0419302 0.178779 8.42637 7.96733 10.8077 
0.719033 168.997 110.562 60.2456 93.1192 27.8414 121.296 207.758 114.342 79.9889 125.518 89.9495 1.44464 15.7214 49.1305 54.6765 53.911 2.06665 67.2929 148.574 0 6.84298 6.07899 29.8786 35.7848 63.0345 31.1425 27.1893 
40.3229 38.9153 7.71018 10.6923 6.78892 16.5787 26.4636 47.5191 26.4794 35.0412 28.0471 9.5415 3.23666 0.528383 16.2144 10.3406 10.6133 4.37963 24.665 0.00814513 28.5828 0 14.074 13.7488 22.6633 2.52177 0.926106 0.0639275 
7.03459 56.9139 12.4933 12.9645 53.3958 1.34914 11.967 91.8037 89.7448 41.0202 3.46347 20.8919 28.2731 9.27551 22.6672 6.6881 4.91157 29.0054 14.6709 3.68909 4.41781 14.0156 0 0.141269 23.5363 0.775178 3.96077 3.30395 
56.8903 5.9599 2.84875 1.02121 8.11405 16.4424 62.465 107.221 41.6943 59.0752 1.94189 116.572 4.59601 9.78716 27.0749 0.125098 19.8313 5.96419 21.3932 4.19768 45.6132 4.53521 20.7781 0 4.58575 8.98701 17.1868 0.158187 
76.501 7.32941 2.82618 10.4006 62.7171 28.9331 90.4066 187.163 13.9186 1.91781 39.9493 745.445 41.1933 7.78608 0.543409 4.83966 11.8421 49.8486 8.31405 13.1073 58.6195 60.9069 10.2529 30.8633 0 119.01 51.1679 17.5639 
78.7708 37.6404 5.66492 19.1795 1.78448 27.3841 45.7421 36.4993 135.947 8.32644 0.592204 66.413 9.508 10.5225 15.4369 31.8118 23.575 47.7249 13.5897 7.40886 37.0199 0.020883 9.87636 5.59736 22.2244 0 34.5237 56.9809 
1.06858 33.3992 8.50955 11.8994 29.5012 16.3071 49.9632 20.7773 11.8852 41.5967 84.7559 119.585 37.794 0.875794 7.03401 18.4761 15.9302 36.0608 0.396911 0.00611948 38.587 0.830928 12.6302 15.0039 19.1241 36.9602 0 28.0836 
31.8758 54.7483 9.8612 29.2936 18.6959 12.3363 16.0557 96.7539 83.7389 39.793 94.6089 176.397 11.3834 7.498 15.3877 8.60701 23.3695 51.2723 11.4047 11.1202 50.663 8.37887 9.58639 4.74798 26.729 4.4201 2.61383 0 
