0 619.25 80.7506 260.774 250.527 382.578 49.8968 60.3645 450.764 148.463 28.6684 67.5232 66.5217 33.4431 36.8497 9.35147 257.975 147.126 90.6103 163.939 48.7765 13.0674 13.442 48.3633 277.584 1.51466 17.727 7.99455 
551.357 0 216.737 430.442 323.918 299.937 526.179 245.198 605.14 13.1207 59.0462 186.535 18.3205 46.5315 78.6392 84.7256 367.969 786.021 5.37764 50.9728 177.92 28.2663 7.30653 50.0996 292.666 79.8331 30.8555 3.47948 
8.79856 253.898 0 88.2143 166.737 45.9422 8.14236 276.624 111.216 36.1469 237.125 147.032 68.5271 3.12376 2.51877 15.5859 29.3732 102.104 1.95216 26.9329 102.776 10.0186 10.8908 4.10863 28.3161 5.87904 7.5833 0.268625 
277.97 257.456 308.9 0 159.169 267.064 45.8946 294.47 257.391 79.4987 145.652 58.5104 15.6496 18.5943 0.133287 33.5217 312.478 99.4501 15.6687 30.7648 596.924 14.5479 12.6244 12.4831 286.094 0.39455 5.92265e-05 28.8717 
221.383 13.6926 188.509 2.14391 0 359.74 426.245 171.944 19.7846 67.6342 228.337 105.373 175.202 7.59711 92.7597 2.86471 47.5619 1.22695 4.26242 79.7155 131.191 57.009 0.309015 13.0658 15.6812 10.0716 44.3581 25.9237 
385.812 493.229 65.6769 262.133 468.813 0 562.041 114.588 716.681 96.6283 9.33781 71.3693 486.651 1.40477 20.0081 22.4159 258.961 6.07466 39.5917 2.89102 69.4646 12.3471 2.72172 17.726 283.106 3.09792 0.0806649 1.41954 
151.53 526.424 236.115 201.08 52.972 338.096 0 105.637 359.359 472.884 33.7839 13.7268 165.84 37.5003 101.809 98.5095 107.521 52.9117 108.001 1.32715 144.086 12.2363 9.75278 35.0585 2.17471 1.16268 0.476173 36.0805 
210.645 177.333 8.75067 73.9471 180.053 55.0789 166.241 0 440.744 1.09548 47.9073 828.916 57.5232 118.841 144.114 144.01 68.5967 177.689 5.4399 1.59643 191.673 63.1989 74.9778 88.4923 168.018 222.783 56.8084 0.125242 
393.919 257.752 341.078 586.004 306.897 596.841 24.4735 363.797 0 100.784 319.659 35.33 0.810506 31.4313 223.923 80.3925 277.409 174.063 133.984 86.0472 85.9992 54.383 31.2394 54.3752 362.218 24.439 37.7064 20.6202 
51.0582 3.19504 61.9662 50.3615 180.947 458.292 33.0317 135.181 311.561 0 176.073 35.9119 228.588 56.9289 32.8527 58.1764 76.8806 130.421 29.9573 0.212239 14.1188 60.4273 46.448 55.5407 31.9294 74.7564 37.7802 0.0601763 
46.9206 231.307 19.5224 0.701159 235.932 19.6575 0.420341 296.721 914.056 301.698 0 0.457476 251.382 16.7333 314.447 217.14 29.1419 23.1181 33.8381 64.7649 75.9397 35.4056 132.465 86.498 94.5008 120.143 52.522 1.20585 
180.119 169.182 0.0793766 204.975 61.398 137.433 104.419 479.65 366.629 120.985 240.496 0 47.0556 22.6623 183.695 416.665 37.7205 140.299 30.0881 87.1245 17.6812 19.63 0.885728 0.000161941 271.381 67.6223 34.9116 176.179 
32.9643 84.7031 60.3843 55.2068 173.972 187.938 0.257466 85.5698 4.33546 148.283 127.306 154.921 0 45.0908 88.9359 12.4306 49.1887 103.408 23.4449 40.6956 24.1385 0.585379 14.7769 1.71442 31.7895 9.2477 1.05664 13.2417 
41.9177 23.1865 14.8429 2.15127 34.5247 3.40333 51.5074 0.873297 44.2844 14.9614 156.681 161.902 51.9084 0 17.8373 1.79784 6.73034 3.50071 16.151 1.81817 29.9706 10.4328 5.93202 0.0772698 2.68793 5.68828 11.2112 11.9061 
68.7789 17.8298 22.6081 0.819924 5.84959 26.7852 73.1758 106.878 125.007 82.9432 233.063 250.243 52.0334 47.7351 0 60.223 2.65453 35.3228 38.5499 5.38069 45.8074 11.7069 24.3179 15.3579 1.76893 3.99466 17.8105 16.0672 
70.2144 1.58131 3.86667 8.43806 74.2291 18.4393 74.4052 193.709 58.4938 83.8015 218.34 364.544 1.89126 6.89264 87.2202 0 16.4372 60.6541 29.4366 9.46735 19.5805 5.17745 3.63038 4.41429 15.4441 21.3322 5.13599 5.49419 
354.057 319.903 1.36511 257.786 134.594 259.811 22.773 77.2316 275.981 77.993 2.99492 61.7959 62.0275 6.7385 24.2165 3.34666 0 73.9878 552.428 31.2114 45.7742 5.6168 17.4395 2.68928 270.723 12.3246 21.3635 9.52881 
3.1192 39.8558 20.0627 126.302 128.923 96.7917 76.6655 151.532 219.442 125.332 167.372 143.868 49.5614 39.0405 23.868 18.4993 11.3817 0 72.3084 54.5381 76.4583 39.7996 2.10669 10.906 1.81934 33.2942 3.92369 1.60785 
98.1402 128.255 49.2201 60.1973 3.09019 0.00285357 51.4436 26.4839 25.8888 0.289589 71.5733 100.544 18.704 23.6168 7.68391 16.3476 16.9326 96.7638 0 0.0816327 69.173 0.087244 3.77257 4.62844 19.0817 17.2616 21.8479 24.9762 
42.3119 126.907 14.4965 30.421 91.7933 0.0655177 93.8273 105.512 8.052 24.4967 46.6429 94.3275 14.2627 4.80159 4.93301 8.03695 2.55164 62.2122 7.58147 0 87.3544 2.25924 0.994158 6.35745 13.5156 8.62277 1.0633 0.683389 
243.866 159.605 91.7353 209.309 127.818 75.646 141.802 203.127 87.4159 0.112057 23.6925 153.05 75.3632 23.9908 28.0679 46.3559 19.9337 91.5479 15.0398 331.572 0 12.2392 35.5516 10.4449 46.481 16.7049 20.9662 28.2178 
0.753776 11.415 5.32509 8.05146 41.548 0.177926 13.7081 11.8871 56.3539 1.31998 75.494 42.0747 32.6611 0.944431 6.37473 9.5055 3.00062 29.3751 0.000974416 5.62249 0.168407 0 3.92864 13.4077 16.7923 7.71993 10.978 9.55763 
45.3758 4.93932 3.72313 0.0114627 15.9584 13.3416 58.7802 102.006 57.7856 14.5396 49.2825 1.4148 8.57962 6.863 8.83104 5.92776 7.91568 18.4102 10.4401 0.783063 36.9966 4.02362 0 16.6559 7.23087 5.89095 2.2118 9.43948 
22.0232 32.3827 13.7839 10.2645 35.4035 11.9564 10.8899 37.0956 4.41182 33.7597 3.03269 30.678 0.707185 0.936674 1.84717 26.9736 5.61102 42.2421 1.03794 2.70571 0.11048 5.39031 1.97845 0 8.67966 11.7548 8.92689 6.59828 
306.921 319.673 12.3317 265.506 25.9065 280.723 81.5357 3.63484 272.807 28.2915 4.22552 1016.86 0.181838 4.35844 0.797414 68.9425 270.607 3.74902 21.2664 0.016578 16.7789 21.6823 33.2165 26.8491 0 98.9884 70.304 38.9438 
69.5235 79.1389 5.07145 1.66089 59.0143 19.6463 34.2585 128.094 91.4892 18.3799 111.3 277.216 54.0771 10.8663 0.383899 25.7309 6.20271 32.1274 18.938 0.715797 1.3139 10.6804 9.18858 8.41383 42.4779 0 5.60315 27.2201 
50.6396 22.0832 7.37389 23.9376 28.0416 3.2786 4.57813 8.17522 45.5995 2.53077 9.5978 117.072 4.99557 8.94349 4.44676 6.42583 0.0975606 1.26989 22.4787 10.28 1.49739 11.1088 7.46408 6.03297 44.9843 22.1767 0 88.4563 
7.64188 28.6487 1.00355 8.7874 43.4169 2.52636 17.0929 78.5033 17.4673 0.0694617 47.3431 30.66 37.0548 10.9968 3.98479 10.0717 0.492771 0.400283 9.32126 0.411011 0.0152969 4.41705 3.02308 0.792068 23.3469 62.8022 29.4741 0 
