0 476.138 108.737 36.3597 235.203 126.295 31.5575 85.9409 179.652 143.387 37.6976 52.94 71.2569 31.3251 33.4663 6.64212 6.78208 166.072 84.9552 225.806 68.0246 14.1185 14.9622 46.5106 23.8545 0.578321 16.1932 9.66999 
417.625 0 97.6157 128.797 411.542 28.3563 514.348 224.313 385.61 25.1663 42.1732 174.702 13.1009 49.6936 74.1043 84.3355 107.919 977.484 10.9199 63.3125 175.284 26.6272 8.81715 51.9831 45.5615 81.369 29.1831 2.46624 
1.08989 373.545 0 204.845 152.102 52.4292 0.363808 271.068 36.3268 27.6679 226.938 160.058 70.2893 2.41283 3.96924 13.969 26.3615 87.028 3.4495 27.4278 94.2318 10.3219 11.2529 4.76991 28.2318 4.5506 6.93193 0.520737 
70.6246 13.5115 274.611 0 162.706 12.6615 65.1059 915.088 14.3499 72.8282 161.414 35.737 18.5589 17.6281 0.566863 36.1773 62.7617 88.7978 12.9195 34.667 601.175 14.8709 13.4073 11.085 37.9274 0.0208327 0.042759 27.7421 
239.535 59.4738 186.71 0.136875 0 271.171 435.739 183.971 6.05584 36.9362 213.533 95.6866 171.094 9.75011 94.128 4.3716 38.0974 5.39283 0.0673073 75.3362 129.879 56.9188 0.700607 14.8376 17.9556 8.06085 43.5183 27.8063 
138.066 233.909 63.0764 14.9205 264.844 0 236.372 135.505 481.334 330.244 25.7231 59.9453 42.0474 2.11579 16.8029 23.6237 7.47931 2.95263 32.34 3.77269 71.4878 13.1815 3.30352 17.492 31.5966 4.09152 0.182374 1.8835 
125.893 507.463 247.631 194.302 101.432 789.198 0 64.7062 32.2784 506.24 6.92961 5.19629 149.216 31.5359 90.518 95.1422 108.844 69.2013 97.4643 2.96559 143.425 10.3706 12.2604 31.7392 0.944305 0.233205 0.910527 32.9521 
181.671 202.266 0.613107 212.533 191.235 37.6748 118.061 0 323.2 4.73375 25.4704 563.661 64.8512 122.372 157.162 177.568 72.0894 174.306 7.85299 0.379995 198.277 62.0294 79.7888 78.6241 178.857 231.62 52.088 1.22996 
165.287 16.2749 238.132 336.153 329.968 427.433 335.646 478.205 0 59.9925 411.653 14.4879 3.58078 41.7241 164.163 92.194 23.1201 161.769 127.248 90.4238 97.0933 56.3814 36.5343 59.5863 117.27 17.3417 40.6842 24.6051 
60.7162 10.3685 52.5051 57.7308 222.441 317.219 1.92876 151.497 267.889 0 77.1779 51.5987 270.756 51.0163 21.9802 51.4694 74.6234 135.236 37.1467 0.0142688 17.0676 59.6851 49.0856 53.7236 28.2564 73.1939 39.0561 0.317292 
37.0398 215.284 37.1588 4.46451 246.745 5.75373 6.70112 325.212 745.478 422.082 0 6.40708 254.088 6.06994 372.624 202.615 32.4306 17.4244 39.6196 67.992 68.8772 32.3117 129.959 78.0958 103.998 131.867 55.8893 0.2963 
165.917 155.783 0.896602 178.935 70.8018 128.9 128.425 211.812 387.953 100.505 169.234 0 55.0835 13.4787 216.151 483.698 34.8034 136.341 33.7026 89.7934 23.5639 17.1087 2.91245 1.83412 304.584 20.0875 28.881 173.85 
28.5535 76.2177 57.2748 58.072 177.022 202.265 0.551406 78.1667 1.19151 100.823 149.056 157.36 0 27.2229 97.8026 8.62643 51.0456 104.629 26.9914 41.3478 26.475 0.0078992 20.532 0.669398 29.525 7.56767 0.731857 11.9112 
40.072 20.0845 14.1967 2.87526 31.2534 4.40766 57.6861 2.85805 54.6941 19.9555 134.009 165.569 72.7306 0 5.38247 0.567566 7.30303 2.61864 15.2089 1.96764 31.3748 10.1262 4.06947 0.00333528 3.43262 6.48801 11.122 11.8072 
69.9734 22.3383 24.8895 1.66119 8.69255 29.8056 61.1385 90.1262 101.119 95.6536 309.475 225.795 62.7881 32.1184 0 80.4739 2.14822 38.147 38.5295 5.80644 47.579 10.8758 25.102 18.1773 2.87904 5.79302 17.302 17.1677 
66.9877 3.0322 5.13252 11.2864 73.3597 16.8525 68.1281 161.604 47.1649 87.2207 204.369 456.279 3.97389 9.51576 88.4595 0 17.1835 61.1952 28.99 9.57057 22.1983 5.71854 4.72995 8.22954 18.5652 24.6726 5.93196 6.77684 
100.097 79.425 2.45013 7.72053 127.042 8.10171 18.5704 80.3534 29.1343 75.8848 4.34126 64.4593 61.0719 6.17901 24.9415 3.88402 0 108.106 377.479 31.8924 47.8689 5.1881 17.6967 3.05157 19.3168 11.5427 21.1515 8.95724 
0.217811 25.7236 31.1245 133.259 147.384 103.452 94.5493 143.798 218.246 130.82 164.358 140.476 45.2447 37.3158 21.2138 20.73 1.4975 0 62.2929 49.83 71.0869 40.2968 1.57219 12.1944 1.18049 35.5776 3.30511 1.11936 
102.68 139.29 52.045 61.3221 0.322461 0.526678 41.3663 22.239 19.3753 0.0360197 77.9043 100.497 15.5915 24.2552 6.49686 17.4101 25.1552 86.943 0 0.285302 70.1933 0.0242012 4.28754 5.18214 18.1694 16.2746 21.4963 24.5957 
20.5557 118.296 16.4642 34.345 89.4128 0.265881 94.6277 109.422 5.25988 27.0512 42.8258 92.6085 12.8681 4.79828 4.5152 8.32684 1.90709 57.7547 6.39826 0 30.3611 2.11743 0.894901 6.34761 13.3485 9.04537 1.24111 0.523678 
240.683 151.883 82.221 173.729 129.746 74.4807 143.305 198.114 98.5125 0.549374 29.0785 147.49 74.3975 22.4846 30.2945 48.7486 22.0098 86.6342 17.1499 321.934 0 12.9542 34.7616 9.10861 48.4022 19.0945 19.7524 29.8778 
0.482353 10.0829 4.94796 7.5671 39.7445 0.372762 11.7554 10.1976 58.2479 2.30852 76.6401 39.1259 38.9519 0.606164 7.21993 9.92939 3.35158 30.3775 0.0292863 5.71711 0.0796942 0 2.81381 12.9645 16.9897 7.40105 11.2303 9.71441 
45.937 6.22713 4.24078 0.00667571 17.9016 12.7313 55.9427 102.159 63.3152 17.3799 58.7103 0.176937 13.3004 5.05201 11.6114 7.09213 8.37666 17.087 9.76657 0.692536 36.3239 2.89823 0 12.3797 5.52824 5.36436 1.80283 9.62278 
24.3877 29.9083 13.2803 8.91351 33.3995 12.6934 13.3815 28.5366 6.81908 36.7931 6.23591 18.3626 1.77409 1.645 3.51804 23.8517 5.15045 41.1991 1.33518 2.91314 0.00863255 6.27232 5.48767 0 13.5893 12.7237 9.9393 5.9468 
59.5663 66.0408 10.8206 17.0626 28.4869 31.0689 84.4058 10.0501 17.4312 24.6989 1.4904 755.161 0.0149996 5.22946 1.60469 42.5977 20.7033 2.81554 22.119 0.0695691 18.904 23.5739 33.2238 33.6101 0 53.0711 69.035 38.581 
72.1526 77.0758 6.45086 0.65636 56.6896 20.9634 40.018 100.983 81.6606 14.6893 123.761 342.246 53.3244 10.2377 1.1217 28.4911 5.55518 34.4192 19.8936 0.507288 0.664114 10.5986 9.50682 9.50618 40.5919 0 3.64047 18.2373 
50.9425 20.4441 6.72644 24.6178 26.6877 2.81719 3.54582 5.77554 42.6385 1.85786 11.8977 119.086 4.29012 8.61382 3.80475 7.26663 0.169937 1.67416 22.7679 10.4187 1.96861 11.3531 8.033 6.99075 43.3039 19.1726 0 79.286 
6.13545 31.07 0.640716 10.2439 44.9919 1.99119 14.5192 69.7398 21.23 0.00300676 53.1509 20.2206 38.153 11.2621 4.93746 11.5165 0.340774 0.176749 10.0051 0.554562 0.0122222 4.14276 3.37977 0.519902 24.3722 63.5948 15.9181 0 
