0 505.351 112.054 59.2722 233.143 143.793 29.635 89.1415 195.412 142.717 38.8223 51.3033 71.806 31.0738 33.0691 6.35093 25.008 168.221 84.2665 231.236 70.4242 14.2435 15.1439 46.2844 41.7574 0.497 16.0152 9.87568 
448.646 0 85.6584 141.189 420.823 44.5568 510.815 221.683 406.862 26.8117 40.337 173.231 12.5384 50.0579 73.5473 84.2582 125.033 464.371 11.6917 64.7878 174.88 26.434 9.00256 52.1961 64.233 81.5237 28.9857 2.35799 
0.665743 385.613 0 217.678 150.188 53.1367 0.113381 269.798 29.9307 26.7193 225.358 161.459 70.4721 2.33414 4.15878 13.7765 26.0076 85.2317 3.652 27.4678 93.1698 10.3566 11.293 4.84959 28.2109 4.40315 6.85612 0.555706 
95.2408 33.6336 280.66 0 162.968 30.5274 67.4922 292.364 34.3978 72.0168 163.152 33.3604 18.9121 17.5103 0.63739 36.4669 81.1088 87.5155 12.6088 35.1074 202.904 14.9075 13.4978 10.9219 56.4641 0.00762469 0.0529863 27.602 
241.427 66.7478 186.211 0.0580302 0 256.47 435.62 185.304 4.94961 33.846 211.649 94.5405 170.507 10.0183 94.2501 4.56851 37.0289 6.07285 0.284427 74.794 129.687 56.899 0.756945 15.0509 18.2297 7.83702 43.4156 28.0281 
156.553 250.642 62.6714 33.6319 724.977 0 395.368 137.91 498.429 36.6686 28.1357 58.624 340.496 2.20801 16.4309 23.7565 25.6546 2.65665 31.506 3.88276 71.7073 13.2784 3.37478 17.4601 49.7426 4.21599 0.197008 1.942 
122.878 503.132 248.337 193.222 107.884 828.812 0 60.4105 16.1631 507.693 5.07702 4.45437 147.177 30.8507 89.147 94.6965 108.965 71.2052 96.1964 3.19983 143.298 10.1592 12.5706 31.3505 0.83244 0.170335 0.970667 32.5855 
178.172 205.1 0.276134 228.897 192.459 35.7936 112.689 0 309.144 5.32621 23.2558 529.754 65.7209 122.717 158.565 181.338 72.4921 173.842 8.16391 0.291722 198.948 61.8832 80.3331 77.4462 179.955 232.262 51.5307 1.43432 
186.095 36.3992 225.587 353.58 332.241 453.222 389.888 490.69 0 55.7433 830.209 12.6114 4.03406 43.0178 162.233 93.5623 40.9653 160.259 126.408 90.9107 98.3983 56.6097 37.1702 60.1936 136.151 16.5748 41.0345 25.0898 
61.8747 11.4714 51.3955 58.5952 227.132 298.932 0.755683 153.364 262.356 0 67.7274 53.5848 275.178 50.3055 20.8136 50.6693 74.3404 135.752 38.0227 0.00628715 17.4293 59.5799 49.3826 53.4935 27.8289 72.9779 39.2017 0.360764 
35.9351 213.251 39.5426 5.11702 247.832 4.64898 8.80399 328.209 717.621 435.308 0 8.44795 254.161 5.15194 377.858 200.57 32.8234 16.8011 40.3171 68.3595 68.0484 31.9502 129.577 77.0881 105.08 133.166 56.2804 0.229498 
164.168 154.15 1.19056 175.675 71.9251 127.823 131.29 185.028 389.89 98.1269 161.214 0 56.0488 12.5395 219.637 487.841 34.4627 135.841 34.1347 90.0813 24.3028 16.8201 3.22626 2.28468 300.475 16.2197 28.1968 173.413 
28.0477 75.2157 56.893 58.397 177.273 201.899 0.791122 77.2916 0.949795 95.5374 151.584 157.588 0 25.3457 98.7694 8.21894 51.2584 104.75 27.4179 41.4182 26.7534 8.62123e-05 21.2544 0.577845 29.2576 7.37926 0.697481 11.7576 
39.8491 19.7282 14.1155 2.96639 30.8702 4.5323 58.405 3.16513 55.9509 20.5765 131.224 165.83 75.2374 0 4.33689 0.466622 7.37119 2.52283 15.0976 1.98536 31.5375 10.0855 3.85251 0.00946371 3.52471 6.58235 11.1097 11.7926 
70.0942 22.8925 25.1478 1.77869 9.06039 30.1484 59.7347 88.1503 98.3318 97.0814 317.584 222.461 64.0535 30.1706 0 82.2135 2.09191 38.478 38.5191 5.8566 47.7805 10.7765 25.1536 18.4999 3.02565 6.02176 17.2391 17.2935 
66.585 3.2326 5.29032 11.6397 73.2363 16.6623 67.3693 157.633 45.8735 87.5638 202.383 463.931 4.26685 9.82902 87.6653 0 17.2704 61.2469 28.9331 9.5806 22.5114 5.78243 4.86355 8.72952 18.9328 25.0418 6.02772 6.93304 
117.933 98.8826 2.59759 26.0597 126.089 26.2497 18.0982 80.7093 47.8532 75.6187 4.51531 64.7668 60.9505 6.11415 25.0243 3.94941 0 112.318 241.054 31.9669 48.1116 5.13841 17.7257 3.09546 37.4816 11.4511 21.1254 8.89046 
0.0982316 28.9102 32.5502 133.988 149.515 104.188 96.6998 142.845 217.98 131.419 163.948 140.041 44.7397 37.1092 20.9071 20.9967 0.938522 0 61.1261 49.2702 70.4494 40.3519 1.51424 12.3492 1.11421 35.8448 3.23551 1.06756 
103.178 140.511 52.3581 61.4331 0.708324 0.667757 40.2255 21.758 18.6617 0.0758626 78.6416 100.472 15.2396 24.3271 6.36238 17.5345 27.1645 85.7703 0 0.317314 70.3025 0.0193511 4.34981 5.24879 18.0614 16.1582 21.4537 24.5489 
18.5645 117.18 16.6929 34.7885 89.0932 0.298232 94.6785 109.835 4.96822 27.3528 42.3764 92.3776 12.7067 4.79725 4.46648 8.35942 1.83703 57.2183 6.2642 0 25.3548 2.1009 0.883469 6.34556 13.3266 9.09391 1.26282 0.506216 
240.038 150.905 81.0651 167.34 129.935 74.3228 143.432 197.414 99.8164 0.622422 29.74 146.787 74.2743 22.3073 30.5562 49.0216 22.2577 86.0425 17.4046 318.535 0 13.0388 34.6651 8.95596 48.6215 19.3817 19.61 30.072 
0.454337 9.9303 4.90389 7.51026 39.5286 0.40029 11.5333 10.0059 58.4633 2.4422 76.7597 38.7785 39.7028 0.570972 7.32052 9.97717 3.39393 30.4938 0.0351897 5.72789 0.0714081 0 2.69189 12.906 17.0097 7.36296 11.259 9.73205 
45.9958 6.38727 4.30282 0.010798 18.1342 12.6569 55.5962 102.136 63.9573 17.7243 59.8344 0.108891 13.9128 4.83145 11.9447 7.22794 8.4311 16.9326 9.6877 0.682177 36.2409 2.77486 0 11.8331 5.33799 5.30219 1.75703 9.64265 
24.6683 29.6173 13.2178 8.75752 33.1617 12.7784 13.6877 27.583 7.13421 37.146 6.68432 17.0959 1.93056 1.73912 3.74511 23.4159 5.09712 41.072 1.37247 2.93764 0.00418973 6.37719 5.98177 0 14.21 12.833 10.0584 5.87077 
78.199 83.9324 10.6451 35.588 28.7929 49.4338 84.7158 11.0044 35.1799 24.2834 1.2592 918.236 0.00751563 5.33487 1.71712 40.1159 39.0447 2.71404 22.2178 0.0781913 19.1587 28.2901 33.1903 34.1858 0 43.606 93.3208 54.703 
72.4385 76.8092 6.62089 0.567808 56.4057 21.1134 40.7063 97.8227 80.4871 14.2754 125.161 348.615 53.2236 10.1598 1.23304 28.7791 5.48073 34.6878 20.0048 0.485005 0.601948 10.5876 9.5414 9.63375 40.3364 0 3.43411 17.2438 
50.9714 20.2529 6.65115 24.6938 26.5279 2.76482 3.43248 5.51883 42.2888 1.78522 12.182 119.274 4.21022 8.57406 3.7317 7.3669 0.179751 1.72525 22.8004 10.4341 2.02807 11.3808 8.09941 7.10554 43.1001 18.8175 0 77.9302 
5.96783 31.3556 0.603197 10.4194 45.1726 1.93201 14.2267 68.7037 21.6904 0.00851916 53.8369 19.1149 38.2778 11.2907 5.05453 11.6868 0.324701 0.156355 10.0862 0.572791 0.019073 4.11069 3.42241 0.49149 24.4755 63.5054 14.5304 0 
