0 514.29 112.882 66.7535 232.619 149.87 29.1627 89.9469 201.055 142.548 39.1056 50.8971 71.9429 31.0109 32.9698 6.27906 31.2714 168.755 84.0936 232.503 71.0281 14.2747 15.1895 46.2275 47.9392 0.477622 15.9707 9.92739 
458.059 0 82.7646 146.002 423.1 50.3274 509.863 221.02 413.857 27.2304 39.8832 172.861 12.3996 50.1487 73.4072 84.2378 131.016 361.915 11.8885 65.1572 174.776 26.3857 9.04915 52.2491 70.6067 81.5615 28.9364 2.33129 
0.575928 388.537 0 220.793 149.704 53.3114 0.0729476 269.461 28.4218 26.4839 224.952 161.805 70.5169 2.31465 4.20679 13.7283 25.9192 84.7822 3.70341 27.4772 92.9026 10.3653 11.3029 4.86957 28.2053 4.36659 6.83718 0.564619 
103.136 40.4043 282.845 0 163.028 36.7014 68.0922 369.007 41.1443 71.8132 163.583 32.7772 19.0008 17.4807 0.655657 36.5386 87.4008 87.1942 12.5315 35.2167 174.924 14.9166 13.5204 10.8811 62.8038 0.00533835 0.0557148 27.5668 
241.891 68.6227 186.077 0.0435251 0 252.719 435.55 185.634 4.69027 33.0922 211.173 94.2538 170.357 10.0859 94.2794 4.61838 36.7633 6.24896 0.362165 74.6576 129.638 56.8938 0.77137 15.1044 18.2985 7.78153 43.3898 28.0836 
162.877 256.515 62.567 40.0171 860.106 0 548.42 138.508 504.311 7.72393 28.7538 58.2946 419.395 2.23135 16.3381 23.7893 31.9048 2.58504 31.2981 3.91049 71.7616 13.3026 3.39268 17.452 55.9846 4.24736 0.200752 1.95676 
122.125 501.982 248.492 192.943 109.519 837.935 0 59.3557 12.9857 507.972 4.65837 4.27766 146.665 30.6801 88.803 94.5835 108.995 71.7088 95.8788 3.25972 143.264 10.1066 12.6486 31.2534 0.805558 0.15615 0.986002 32.4938 
177.295 205.805 0.212622 232.802 192.762 35.3293 111.358 0 305.635 5.4796 22.7169 521.26 65.9386 122.801 158.911 182.274 72.5925 173.723 8.24251 0.271479 199.113 61.8464 80.4684 77.1514 180.223 232.41 51.3914 1.4878 
193 43.1614 222.455 359.613 332.795 461.296 403.822 493.766 0 54.7013 1058.15 12.1623 4.15148 43.3437 162.128 93.9034 47.133 159.879 126.196 91.0315 98.7244 56.6666 37.3295 60.3453 142.575 16.3855 41.1221 25.2115 
62.165 11.7555 51.1184 58.8111 228.297 294.368 0.546621 153.829 260.962 0 65.4491 54.0854 276.263 50.1275 20.526 50.469 74.2691 135.879 38.2427 0.00479269 17.5201 59.553 49.4563 53.4355 27.7221 72.9229 39.238 0.372071 
35.661 212.738 40.1479 5.28702 248.097 4.39088 9.37362 328.945 710.599 438.567 0 9.0012 254.171 4.9339 379.107 200.048 32.9218 16.6469 40.492 68.451 67.8414 31.86 129.479 76.8356 105.349 133.487 56.3779 0.214122 
163.729 153.74 1.27051 174.855 72.2064 127.552 132.008 178.55 390.354 97.5338 159.225 0 56.2908 12.3094 220.496 488.743 34.3776 135.715 34.243 90.1524 24.4889 16.7482 3.3072 2.40496 299.285 15.3142 28.0266 173.299 
27.9217 74.9652 56.7971 58.4778 177.332 201.734 0.857763 77.0728 0.893645 94.2289 152.215 157.643 0 24.8849 99.0083 8.11844 51.3114 104.779 27.5247 41.4357 26.8231 0.000113154 21.4362 0.555998 29.1907 7.33246 0.689014 11.7193 
39.7932 19.6395 14.095 2.98936 30.7745 4.56367 58.5844 3.24429 56.266 20.7328 130.525 165.89 75.8649 0 4.09176 0.442893 7.38825 2.49914 15.0697 1.98979 31.5781 10.0752 3.79858 0.0114835 3.54788 6.60594 11.1066 11.7889 
70.1237 23.0318 25.212 1.80866 9.15342 30.2336 59.3845 87.6564 97.6373 97.4356 319.572 221.615 64.3695 29.684 0 82.6225 2.07793 38.5607 38.5162 5.86915 47.8307 10.7517 25.1651 18.5802 3.06282 6.07948 17.2232 17.3248 
66.4834 3.28366 5.33003 11.7285 73.2047 16.6146 67.179 156.636 45.5522 87.6477 201.876 465.725 4.34163 9.90731 87.4368 0 17.2921 61.2594 28.9187 9.58304 22.5899 5.7984 4.89705 8.85588 19.0247 25.1333 6.05172 6.97224 
124.097 105.453 2.6351 32.3508 125.849 32.4931 17.9809 80.7978 54.2392 75.5516 4.55931 64.8434 60.9199 6.09797 25.045 3.96584 0 113.376 221.202 31.9853 48.1721 5.12602 17.7329 3.10646 43.7286 11.4282 21.1188 8.87378 
0.0756773 29.895 32.9105 134.167 150.046 104.37 97.2384 142.605 217.91 131.567 163.844 139.93 44.6136 37.0574 20.8305 21.0635 0.819028 0 60.8351 49.1302 70.2898 40.3656 1.49992 12.388 1.0979 35.9116 3.21825 1.05479 
103.301 140.813 52.4357 61.4601 0.828145 0.705622 39.942 21.6384 18.4852 0.0881194 78.8256 100.465 15.1521 24.345 6.32894 17.5656 27.7021 85.4767 0 0.325582 70.3295 0.0182235 4.36543 5.26549 18.0343 16.1291 21.443 24.5371 
18.0869 116.898 16.7499 34.8987 89.012 0.306605 94.6898 109.936 4.89646 27.4282 42.264 92.3189 12.6664 4.79697 4.45431 8.3675 1.81972 57.0838 6.23086 0 24.1675 2.09677 0.880621 6.34501 13.321 9.106 1.26827 0.501894 
239.868 150.658 80.7751 165.714 129.982 74.2827 143.462 197.236 100.142 0.641405 29.9062 146.61 74.2431 22.2629 30.6217 49.0896 22.3198 85.8942 17.4684 317.615 0 13.06 34.6409 8.91794 48.676 19.4537 19.5745 30.1205 
0.447463 9.89228 4.89289 7.49605 39.4744 0.407319 11.4779 9.9581 58.5169 2.47619 76.7891 38.6915 39.8908 0.562328 7.34571 9.98905 3.40453 30.5229 0.0367495 5.73056 0.0694083 0 2.66174 12.8912 17.0146 7.35342 11.2661 9.73643 
46.0102 6.42758 4.31836 0.011982 18.1925 12.6382 55.5091 102.129 64.1175 17.8107 60.1157 0.0944403 14.0677 4.7763 12.0281 7.26183 8.44472 16.894 9.668 0.679595 36.22 2.74436 0 11.6958 5.29078 5.28664 1.74566 9.64756 
24.7385 29.5445 13.2021 8.71863 33.1022 12.7995 13.7647 27.3465 7.214 37.2342 6.79872 16.7855 1.97067 1.76298 3.80281 23.305 5.08382 41.04 1.38186 2.94377 0.00332747 6.40344 6.10732 0 14.3663 12.8602 10.0882 5.85177 
84.5626 90.1106 10.6013 41.9255 28.8695 55.7306 84.7923 11.2493 41.3246 24.1798 1.20439 716.773 0.00604453 5.36131 1.74579 39.5401 45.3358 2.68895 22.2425 0.080424 19.2226 29.5759 33.1808 34.3191 0 41.2816 99.3255 58.864 
72.5091 76.7417 6.66363 0.546661 56.3343 21.1507 40.8786 97.0349 80.1934 14.1726 125.509 350.158 53.198 10.1402 1.26166 28.8498 5.46219 34.7549 20.0326 0.479507 0.586876 10.5848 9.54994 9.66559 40.2714 0 3.38336 16.9983 
50.9784 20.2051 6.63236 24.7126 26.488 2.7518 3.40441 5.4555 42.2014 1.76728 12.2535 119.319 4.19035 8.56408 3.71352 7.39201 0.182247 1.73814 22.8085 10.4379 2.04307 11.3877 8.11598 7.13432 43.0489 18.7287 0 77.5832 
5.92626 31.427 0.593991 10.4634 45.2177 1.91734 14.154 68.4445 21.8061 0.0103355 54.0085 18.8428 38.3088 11.2978 5.08395 11.7293 0.320742 0.151443 10.1065 0.577393 0.0210236 4.10267 3.43308 0.484505 24.5008 63.477 14.1915 0 
