0 579.949 117.84 124.67 229.416 198.954 26.3993 94.8237 247.54 141.51 40.8207 48.4838 72.7621 30.6331 32.3748 5.85568 81.5059 171.934 83.0505 239.301 74.6823 14.4627 15.4634 45.8844 97.6777 0.369426 15.7049 10.2398 
526.734 0 66.2487 187.61 436.388 97.718 503.59 217.003 468.276 29.8003 37.2053 170.619 11.5812 50.6911 72.5613 84.107 179.552 803.441 13.1008 67.3757 174.127 26.0959 9.33076 52.5643 121.492 81.781 28.6401 2.17421 
0.173396 405.238 0 238.563 146.752 54.342 0.0168375 267.274 20.1457 25.0871 222.412 163.839 70.7791 2.19911 4.49964 13.4387 25.389 82.0841 4.01921 27.5284 91.2861 10.4169 11.3618 4.9899 28.1689 4.14988 6.7239 0.61957 
163.431 93.9585 301.024 0 163.347 86.4055 71.7188 1143.91 94.5058 70.5852 166.127 29.3712 19.5355 17.302 0.770579 36.9613 137.792 85.2604 12.0719 35.8668 676.036 14.9708 13.6552 10.6373 113.482 0.000155796 0.0735173 27.3534 
244.604 80.3282 185.195 0.000224658 0 229.788 434.784 187.591 3.27899 28.7293 208.285 92.533 169.429 10.4949 94.444 4.92282 35.1841 7.35719 1.02479 73.8324 129.332 56.8598 0.860709 15.4265 18.7126 7.45202 43.2339 28.4164 
213.433 304.267 61.9149 90.9864 635.417 0 905.402 142.077 551.435 310.879 32.5857 56.3269 451.788 2.37359 15.7834 23.9839 82.0555 2.17554 30.0588 4.07846 72.0818 13.4473 3.50082 17.4021 106.079 4.43747 0.223957 2.04636 
117.617 494.543 249.234 191.194 119.488 885.524 0 53.1908 1.19852 508.94 2.52209 3.29161 143.573 29.6615 86.7308 93.8923 109.161 74.7505 93.9665 3.6303 143.049 9.79351 13.1207 30.6716 0.653484 0.0839947 1.08047 31.9448 
172.018 209.998 0.00555714 254.346 194.553 32.5956 103.478 0 284.656 6.44469 19.6082 470.351 67.2458 123.285 160.948 187.814 73.1924 172.995 8.72142 0.165243 200.068 61.623 81.2738 75.3795 181.781 233.18 50.5553 1.82921 
247.064 96.5899 203.729 408.201 335.982 521.712 489.979 511.834 0 48.6239 671.243 9.63252 4.89077 45.3193 164.836 95.9423 96.789 157.586 124.913 91.748 100.68 57.0057 38.2884 61.2528 193.752 15.2693 41.6474 25.9454 
63.9113 13.5282 49.4592 60.1044 235.207 267.159 0.00166861 156.6 252.518 0 52.5099 57.1246 282.594 49.0559 18.8352 49.2656 73.8366 136.628 39.5692 8.06907e-05 18.0692 59.3868 49.8949 53.0829 27.0835 72.584 39.4543 0.443516 
34.0333 209.624 43.8553 6.36289 249.638 2.99499 13.1574 333.257 668.52 457.694 0 12.6826 254.162 3.72271 386.085 196.833 33.5135 15.7348 41.5455 68.996 66.6003 31.3193 128.866 75.3171 106.951 135.393 56.9619 0.133065 
161.075 151.265 1.80429 169.893 73.8978 125.905 136.314 141.676 392.976 93.9888 147.443 0 57.747 10.9713 225.539 493.018 33.8679 134.95 34.8942 90.5715 25.6185 16.3194 3.81302 3.19049 291.204 10.4119 27.0131 172.567 
27.1698 73.4619 56.2174 58.9593 177.656 200.129 1.31395 75.7593 0.592453 86.4966 155.984 157.957 0 22.193 100.419 7.5271 51.6279 104.95 28.1682 41.5384 27.2423 0.0169434 22.539 0.433703 28.7894 7.0544 0.639278 11.4903 
39.4562 19.1095 13.9708 3.12878 30.2009 4.7535 59.6574 3.73917 58.1631 21.6785 126.309 166.199 79.6303 0 2.76251 0.313274 7.49087 2.35924 14.9024 2.01641 31.8209 10.0121 3.47802 0.0276937 3.68802 6.74742 11.0873 11.7657 
70.2953 23.8735 25.594 1.9935 9.72045 30.7409 57.2896 84.6975 93.4842 99.5383 331.16 216.425 66.2628 26.7747 0 84.8515 1.99499 39.0564 38.4968 5.94439 48.1295 10.6022 25.2227 19.0583 3.29 6.43009 17.1273 17.5116 
65.8689 3.59808 5.57061 12.266 73.0098 16.328 66.0328 150.622 43.6385 88.1334 198.747 475.447 4.80316 10.3767 85.818 0 17.422 61.3313 28.8312 9.59707 23.0617 5.89428 5.0989 9.62431 19.5751 25.6737 6.19627 7.20877 
173.716 157.519 2.86549 82.7459 124.39 82.6027 17.2836 81.326 105.204 75.1441 4.82769 65.3016 60.7336 6.00115 25.168 4.06495 0 119.756 273.938 32.0942 48.5343 5.05186 17.7758 3.17287 93.8545 11.2911 21.0791 8.77388 
0.00203885 37.3653 35.1024 135.217 153.218 105.448 100.48 141.155 217.451 132.442 163.202 139.261 43.858 36.746 20.3734 21.4654 0.27265 0 59.0933 48.2886 69.3315 40.4467 1.41537 12.6216 1.0027 36.3115 3.11541 0.979791 
104.031 142.604 52.8957 61.6164 1.74284 0.954552 38.2547 20.926 17.4408 0.18086 79.9274 100.417 14.6314 24.4511 6.12979 17.7519 31.2223 83.7119 0 0.377404 70.4882 0.0121669 4.45961 5.36615 17.872 15.9543 21.3784 24.4659 
15.3938 115.178 17.0911 35.554 88.5144 0.35925 94.7453 110.533 4.47683 27.8807 41.5901 91.9592 12.4256 4.79512 4.38147 8.41562 1.71742 56.2742 6.03234 0 17.6044 2.07204 0.863592 6.3415 13.2871 9.1782 1.3012 0.476336 
238.773 149.159 79.0273 155.835 130.248 74.0362 143.629 196.136 102.095 0.761157 30.9109 145.534 74.0537 21.997 31.014 49.4949 22.6933 85.0008 17.8532 311.511 0 13.1871 34.4946 8.6912 49.0014 19.8873 19.3611 30.4112 
0.407302 9.66533 4.82696 7.4109 39.1488 0.450763 11.1484 9.67381 58.8365 2.68479 76.9612 38.1701 41.0205 0.511787 7.49704 10.0597 3.46852 30.6966 0.046819 5.74655 0.0580006 0 2.48367 12.8004 17.0431 7.29603 11.3086 9.76248 
46.0949 6.67178 4.4119 0.0203818 18.5432 12.5255 54.9839 102.076 65.0758 18.3318 61.8061 0.0293488 15.0113 4.44577 12.5289 7.46441 8.52646 16.6629 9.54989 0.664196 36.0936 2.56408 0 10.8682 5.01076 5.19337 1.67807 9.67656 
25.1603 29.1083 13.1069 8.48624 32.7448 12.926 14.2301 25.944 7.70148 37.7614 7.5043 14.978 2.21978 1.90879 4.15677 22.6237 5.00427 40.8473 1.43887 2.98054 0.00023737 6.56109 6.87583 0 15.3129 13.0218 10.2667 5.73804 
135.386 139.821 10.3393 92.5975 29.3294 106.153 85.2437 12.7715 90.8513 23.5604 0.901118 496.647 0.000578767 5.52065 1.92246 36.5052 95.7264 2.54069 22.3898 0.0944783 19.6066 38.0102 33.1143 35.0243 0 28.1423 131.734 83.3982 
72.9265 76.3308 6.92203 0.428095 55.9037 21.3731 41.9152 92.3285 78.4274 13.5622 127.573 358.977 53.041 10.0218 1.43997 29.2626 5.35136 35.1571 20.1989 0.447165 0.500422 10.5676 9.60041 9.85623 39.8729 0 3.08616 15.5486 
51.0186 19.9191 6.51989 24.8247 26.2481 2.67419 3.2383 5.08282 41.6764 1.66147 12.6862 119.577 4.07198 8.504 3.60518 7.54298 0.197591 1.81643 22.8567 10.4606 2.13419 11.4287 8.21527 7.30737 42.7403 18.1962 0 75.4361 
5.6795 31.8556 0.540183 10.7285 45.4864 1.83038 13.7203 66.8899 22.5048 0.0249161 55.0378 17.2463 38.4939 11.3395 5.26176 11.9846 0.297501 0.123662 10.2285 0.605366 0.0347161 4.05466 3.49733 0.443621 24.6478 63.2567 12.2285 0 
