0 690.852 124.407 227.979 224.974 289.446 22.9066 101.435 334.587 140.076 43.1491 45.3335 73.8472 30.1283 31.583 5.31247 173.623 176.097 81.6448 246.115 79.6324 14.7141 15.8306 45.4212 189.116 0.246682 15.3523 10.6623 
642.099 0 46.6904 268.465 453.028 186.356 493.756 211.541 565.407 33.3803 33.7575 167.578 10.5299 51.4077 71.418 83.9097 269.358 505.661 14.8007 70.339 173.194 25.7095 9.71159 52.978 214.451 82.054 28.2449 1.97299 
0.00164204 425.073 0 259.336 142.698 55.6657 0.439189 263.924 11.2482 23.2676 218.765 166.442 71.1101 2.04898 4.90299 13.0518 24.6837 78.4865 4.45886 27.5831 89.0962 10.485 11.4385 5.15154 28.1123 3.86802 6.57353 0.69667 
269.616 191.222 334.524 0 163.655 177.832 76.6193 753.376 191.391 68.9322 169.42 25.0862 20.2557 17.061 0.937913 37.5062 230.08 82.6685 11.4692 36.7163 369.256 15.042 13.8335 10.3136 206.157 0.0160071 0.101076 27.0639 
248.024 97.0879 183.813 0.0591584 0 198.895 432.85 190.134 1.78655 23.3512 204.34 90.2373 168.119 11.0508 94.6345 5.34277 33.1169 8.97033 2.42977 72.7142 128.897 56.8078 0.98731 15.8592 19.2692 7.02249 43.0235 28.8602 
305.87 392.703 60.9774 184.092 735.237 0 557.651 146.77 637.235 405.88 38.013 53.7272 9.31007 2.56923 15.0498 24.2358 174.049 1.6836 28.4261 4.3068 72.4947 13.6392 3.64692 17.3325 197.978 4.6962 0.25685 2.16861 
111.635 483.209 249.728 188.667 133.192 928.293 0 45.4243 5.09154 508.337 0.682631 2.17566 139.405 28.3185 83.9466 92.9361 109.358 78.8573 91.4025 4.1541 142.725 9.38222 13.7606 29.8981 0.475311 0.022297 1.21301 31.2146 
164.951 215.493 0.194343 277.21 196.868 29.093 93.2758 0 256.994 7.84914 15.8013 403.239 68.992 123.876 163.554 194.999 73.9857 171.977 9.37923 0.0643755 201.26 61.3189 82.3299 73.011 183.717 233.905 49.4404 2.33838 
344.214 193.494 179.108 497.435 339.879 625.495 609.468 534.773 0 41.0036 1366.87 6.70849 5.96815 48.0051 177.225 98.6372 188.123 154.488 123.171 92.6813 103.281 57.4526 39.5745 62.4567 287.065 13.8353 42.3473 26.9346 
66.251 16.0733 47.2575 61.8228 244.199 231.84 1.16825 160.244 241.066 0 37.2941 61.266 290.535 47.6201 16.6762 47.6576 73.2477 137.587 41.3562 0.00509528 18.8115 59.1523 50.469 52.6012 26.2367 72.1092 39.7393 0.548447 
31.9099 205.378 48.994 7.9469 251.548 1.54475 19.1642 338.711 614.237 481.921 0 18.5404 253.969 2.369 393.974 192.328 34.3061 14.5549 42.9613 69.713 64.9489 30.6009 127.987 73.2829 109.055 137.864 57.736 0.0548105 
157.488 147.932 2.65952 163.176 76.1622 123.66 142.065 98.2493 396.023 89.3023 132.17 0 59.7011 9.29874 231.951 495.645 33.1905 133.906 35.7669 91.1105 27.1569 15.7538 4.54156 4.40659 279.593 5.31436 25.6825 171.475 
26.178 71.4581 55.4338 59.5915 178.008 196.413 2.07173 74.0073 0.286631 76.5297 160.968 158.331 0 18.8068 102.234 6.7702 52.0454 105.161 29.0321 41.6707 27.8036 0.083766 24.0379 0.294123 28.2541 6.69079 0.575815 11.1874 
39.0031 18.4101 13.8017 3.31884 29.4383 5.01094 61.0791 4.45179 60.7086 22.9607 120.64 166.483 84.6447 0 1.3818 0.174841 7.62821 2.1787 14.6792 2.05198 32.1426 9.92461 3.06077 0.0601864 3.87787 6.93588 11.0604 11.7326 
70.5092 25.0117 26.0946 2.25314 10.4999 31.4058 54.5161 80.7654 87.9988 102.277 345.615 209.229 68.7764 22.9586 0 87.1951 1.88689 39.7157 38.4651 6.0447 48.5225 10.4019 25.2687 19.6854 3.60401 6.90872 16.9973 17.7577 
65.0337 4.03862 5.8972 12.9937 72.7345 15.9438 64.4929 142.534 41.1258 88.7356 194.352 485.549 5.4525 10.9996 83.023 0 17.5944 61.4182 28.7113 9.61421 23.6941 6.02215 5.36991 10.6734 20.3062 26.372 6.39033 7.5274 
264.967 252.051 3.18683 175.063 122.403 174.541 16.3714 82.0211 198.28 74.588 5.19676 65.9078 60.4786 5.87282 25.3302 4.19864 0 128.336 550.299 32.2351 49.0143 4.95356 17.832 3.2623 185.8 11.1086 21.0252 8.64104 
0.0683967 51.2768 38.1034 136.545 157.403 106.846 104.821 139.193 216.749 133.572 162.307 138.342 42.8534 36.3282 19.7684 22.004 0.000128515 0 56.7853 47.164 68.051 40.5522 1.30633 12.9352 0.882353 36.8432 2.98072 0.884015 
104.977 144.928 53.4936 61.8086 3.4812 1.34405 36.0439 19.9908 16.09 0.355708 81.389 100.34 13.9485 24.5903 5.86826 17.9997 36.691 81.3517 0 0.452382 70.6917 0.0059883 4.58637 5.5014 17.6551 15.7211 21.2913 24.3694 
12.2733 112.818 17.5427 36.4108 87.8229 0.435824 94.7872 111.292 3.94536 28.4842 40.6923 91.4589 12.1067 4.79219 4.28471 8.47859 1.58541 55.1876 5.77164 0 10.3989 2.0392 0.841082 6.33616 13.2403 9.27352 1.34568 0.443252 
237.12 147.114 76.6778 142.796 130.576 73.6926 143.815 194.593 104.693 0.936697 32.2695 144.065 73.7943 21.6425 31.5365 50.0284 23.1937 83.8011 18.3707 301.877 0 13.3569 34.2969 8.39245 49.4299 20.4693 19.077 30.7978 
0.356666 9.3659 4.73931 7.29755 38.7122 0.512032 10.7148 9.30012 59.2568 2.97541 77.1792 37.475 42.5307 0.447928 7.69941 10.1523 3.55457 30.927 0.0621351 5.7676 0.0443817 0 2.25405 12.675 17.079 7.21913 11.3645 9.79662 
46.2024 7.0035 4.53732 0.0350273 19.0135 12.3735 54.2751 101.975 66.3453 19.033 64.0647 0.000102274 16.3074 4.00819 13.1969 7.73243 8.63557 16.3559 9.39275 0.643886 35.9223 2.33139 0 9.76145 4.64616 5.069 1.58976 9.71394 
25.7239 28.5274 12.9778 8.17902 32.267 13.0932 14.8595 24.1184 8.37402 38.4607 8.49567 12.7152 2.57417 2.11012 4.64874 21.6764 4.89887 40.5872 1.51656 3.02962 0.00167875 6.77166 7.93468 0 16.5959 13.2334 10.5043 5.58703 
228.254 231.206 9.99222 185.279 29.944 198.49 85.8242 14.9401 182.038 22.7411 0.564715 338.745 0.00225669 5.73491 2.17034 33.7168 188.025 2.34929 22.5851 0.114965 20.1218 50.4509 33.0004 35.6914 0 14.274 156.083 109.63 
73.4649 75.7661 7.2716 0.292361 55.3222 21.6655 43.3026 86.1191 76.0658 12.7648 130.267 369.524 52.8228 9.86122 1.69507 29.7822 5.20496 35.6922 20.4196 0.405731 0.395797 10.5435 9.6655 10.1092 39.3185 0 2.70936 13.6854 
51.0672 19.5391 6.37066 24.971 25.9281 2.57216 3.02292 4.6054 40.976 1.52531 13.2728 119.885 3.91649 8.4232 3.46268 7.74507 0.218997 1.92339 22.9198 10.4902 2.25858 11.4826 8.34713 7.53938 42.3241 17.4872 0 72.4095 
5.35786 32.4272 0.472332 11.0846 45.8412 1.71732 13.1503 64.8181 23.4486 0.0541765 56.4103 15.2163 38.7373 11.3931 5.50222 12.3245 0.26785 0.0909736 10.3916 0.643633 0.0582805 3.99081 3.58344 0.391831 24.8317 62.8298 9.80722 0 
