0 1016.66 148.158 554.091 206.743 558.633 11.8761 127.107 591.125 134.204 52.2724 34.2638 77.8362 28.2268 28.6356 3.49799 449.783 190.841 76.2369 249.514 98.8353 15.6649 17.2256 43.6291 462.559 0.00629429 14.0514 12.3055 
988.392 0 2.99481 505.907 502.645 452.846 443.172 190.136 854.372 48.2514 22.1525 155.701 7.0065 54.0227 66.9873 82.9385 536.418 584.256 21.9879 81.4198 169.026 24.2613 11.1924 54.4587 493.484 82.876 26.7619 1.30331 
3.06297 470.013 0 296.894 126.467 60.061 7.02065 247.195 0.918561 16.9248 202.637 175.022 72.1581 1.52772 6.53884 11.5988 22.0605 65.106 6.29122 27.6481 80.5839 10.7326 11.7058 5.7687 27.8192 2.88722 6.01742 1.02443 
603.134 493.458 371.661 0 163.627 451.58 95.4533 963.226 491.118 62.6031 180.646 11.8184 23.0244 16.1312 1.70654 39.3474 506.48 72.8646 9.31934 39.7031 776.673 15.2983 14.4868 9.11797 484.048 0.306456 0.243151 25.9306 
258.718 169.625 176.597 1.46346 0 102.588 416.535 198.95 0.199527 7.94333 188.692 81.6385 162.482 13.2363 95.0513 7.05668 25.7899 16.3602 12.8856 68.353 126.99 56.5445 1.53758 17.5132 21.3985 5.51456 42.2063 30.5228 
582.12 651.542 56.8151 464.023 742.95 0 877.694 163.529 869.017 192.78 61.2813 44.2743 546.497 3.36108 12.3756 25.1022 449.621 0.396299 22.5463 5.20506 73.8959 14.3464 4.21316 17.0398 473.004 5.71675 0.399917 2.65497 
89.7085 427.741 246.533 177.307 187.644 863.894 0 21.3194 207.895 487.115 4.12997 0.0393986 123.408 23.4566 73.3625 89.0135 109.839 94.6868 81.6883 6.41379 141.143 7.90619 16.2606 27.0259 0.0588121 0.142575 1.77658 28.4983 
138.369 234.961 5.59694 306.61 204.769 17.5242 58.6655 0 159.617 14.2825 5.0988 177.92 75.5581 125.541 172.139 219.445 76.8885 167.685 12.0373 0.102012 204.889 60.1167 86.0984 64.1141 189.489 233.523 45.2674 4.78844 
638.379 492.697 94.6941 756.027 350.748 924.264 1037.53 606.533 0 17.7872 668.707 0.424781 10.9206 58.5297 268.422 108.443 461.237 142.509 116.328 95.9464 112.954 59.0726 44.4592 66.8984 567.062 9.03507 44.9632 30.7429 
75.1063 27.3753 39.1622 68.1734 275.146 120.672 24.4269 173.327 196.877 0 2.99263 77.5968 314.625 42.1906 9.62948 41.6245 70.9187 140.774 48.2162 0.138807 21.6945 58.1434 52.5063 50.6835 23.1161 70.1015 40.7716 1.03967 
24.4546 188.585 69.9973 15.3562 257.213 0.350866 50.948 355.969 457.536 556.31 0 49.6905 251.4 0.00462944 408.194 173.436 37.3126 10.5082 48.3692 72.2977 58.806 27.9364 124.074 65.5932 116.584 146.372 60.5897 0.0655465 
143.625 135.134 7.29899 137.292 84.721 114.802 163.557 4.56043 402.784 72.2555 80.4031 0 67.1338 4.21277 252.434 474.21 30.6756 129.754 39.0799 92.9238 33.2384 13.7007 7.81087 10.6379 271.048 1.38802 20.9208 166.22 
22.5754 63.9749 52.3949 61.8591 178.497 170.406 6.41311 67.4461 0.118426 43.3997 179.098 159.281 0 8.39023 108.334 4.26526 53.5644 105.78 32.3247 42.1186 29.9298 0.784252 29.9138 0.0111758 26.2473 5.40257 0.36704 10.0761 
37.2669 15.8664 13.1331 4.07197 26.6058 6.01686 66.297 7.64895 70.3622 27.9587 99.1551 166.238 103.045 0 0.455153 0.0133188 8.14832 1.56346 13.8402 2.186 33.3269 9.56482 1.65441 0.291122 4.6179 7.63819 10.9465 11.5875 
71.1585 29.425 27.8719 3.3573 13.6512 33.7689 44.3877 66.27 68.183 111.782 387.754 179.928 78.0195 10.2423 0 89.0716 1.50668 42.1692 38.2862 6.42027 49.9392 9.64411 25.1273 21.91 4.88909 8.80581 16.4879 18.647 
61.7514 5.90275 7.17583 15.8189 71.549 14.4893 58.6248 112.026 32.153 90.5179 175.813 492.544 8.22113 13.2652 67.0188 0 18.2328 61.6531 28.23 9.66234 26.0931 6.501 6.39692 14.7585 23.0011 28.7333 7.13023 8.75069 
537.414 536.95 4.53242 451.821 114.544 449.904 13.1372 84.5332 477.882 72.3768 6.69365 68.1303 59.4579 5.39969 25.9186 4.7153 0 160.754 547.598 32.7192 50.7816 4.59103 18.0333 3.60656 461.048 10.4289 20.8148 8.14718 
1.98668 129.192 50.0617 140.784 172.553 111.666 121.207 131.561 213.197 137.425 158.551 134.643 39.1233 34.7389 17.5504 24.0487 3.61301 0 48.3113 42.933 63.2294 40.9223 0.935433 14.1324 0.498815 38.8199 2.5005 0.568122 
108.229 152.934 55.5716 62.3643 15.1395 3.38077 28.1887 16.6389 11.4632 1.52923 86.7821 99.9022 11.5076 25.086 4.93011 18.922 64.3672 72.4657 0 0.792906 71.3719 0.00212476 5.07335 6.01892 16.8381 14.8465 20.9553 23.9925 
5.58914 103.355 19.1944 39.4293 84.9544 0.787042 94.6167 113.763 2.24301 30.744 37.3384 89.3782 10.9342 4.7764 3.9263 8.70225 1.13548 51.0515 4.83671 0 0.228353 1.91729 0.75867 6.30941 13.0482 9.62073 1.51813 0.329447 
228.997 138.992 67.7277 107.271 131.52 72.2549 144.135 188.04 114.342 1.75452 37.5457 138.227 72.7514 20.3159 33.4876 51.9563 25.0927 79.2213 20.3534 252.609 0 13.9966 33.5308 7.30957 50.9797 22.6884 18.0168 32.2359 
0.196522 8.27644 4.41366 6.87443 37.0511 0.775395 9.15119 7.95459 60.7726 4.1898 77.8789 34.8725 48.2069 0.245218 8.4626 10.4821 3.88466 31.7777 0.138769 5.84373 0.00950574 0 1.47874 12.161 17.1921 6.92716 11.5658 9.91833 
46.5499 8.30799 5.014 0.124897 20.8014 11.7868 51.537 101.295 71.0081 21.7223 72.542 0.475974 21.5231 2.45756 15.6725 8.70755 9.04574 15.2159 8.8074 0.57005 35.2522 1.54338 0 5.77914 3.37691 4.60389 1.27735 9.84095 
27.8467 26.3581 12.4718 7.05683 30.4659 13.704 17.3066 17.7613 11.1197 41.0377 12.7114 5.80367 4.12482 2.92707 6.67812 17.8161 4.51072 39.5805 1.82473 3.21388 0.0636724 7.56206 12.0561 0 21.5404 13.9838 11.3896 5.028 
506.876 504.275 8.71662 463.356 32.2584 475.154 87.7782 24.4135 454.85 19.7419 6.96657e-05 862.881 0.099733 6.55408 3.22105 37.8904 464.592 1.69605 23.3043 0.20946 22.082 86.829 32.32 35.0463 0 22.645 40.4934 69.0048 
75.294 73.4815 8.6287 0.0129044 53.0725 22.7168 48.5419 63.8048 67.186 9.9525 139.707 395.397 51.9161 9.23538 2.82206 31.3941 4.66997 37.6846 21.2363 0.267812 0.112269 10.4429 9.88656 11.0408 37.0191 0 1.50298 7.55004 
51.1985 18.1292 5.8193 25.4878 24.7263 2.20491 2.27835 3.01692 38.3481 1.06514 15.5668 120.66 3.35766 8.11376 2.94898 8.50924 0.308968 2.35035 23.1452 10.5944 2.75459 11.6763 8.83548 8.41962 40.7106 14.8556 0 59.732 
4.22817 34.5689 0.2578 12.4441 47.1335 1.32321 11.0991 57.0889 27.102 0.26356 61.5432 8.65921 39.6148 11.5739 6.43557 13.5893 0.170408 0.0129744 11.0071 0.796871 0.200572 3.75323 3.91031 0.225668 25.4048 59.9165 2.96338 0 
