0 911.141 162.758 474.009 193.4 435.11 6.44441 144.718 459.516 129.884 58.659 27.6012 80.4162 26.955 26.6972 2.48985 331.631 199.791 72.5313 238.695 112.014 16.3048 18.1694 42.3894 342.452 0.0396125 13.2042 13.4494 
898.807 0 3.04365 366.155 522.802 331.38 399.281 175.248 739.294 59.2879 15.6609 147.428 5.03761 55.6961 63.9241 82.0914 411.867 515.211 27.444 88.682 165.679 23.2984 12.2235 55.3815 376.995 83.2448 25.7738 0.932326 
8.28173 470.872 0 281.031 114.957 62.4334 15.6239 232.72 14.6136 13.1654 189.972 179.632 72.6841 1.21869 7.72775 10.6352 20.3395 56.4137 7.66631 27.5685 74.7078 10.8906 11.8659 6.18824 27.554 2.30427 5.65422 1.2761 
524.73 397.816 235.308 0 162.569 331.998 108.173 1114.64 393.085 58.3028 187.05 5.61743 24.9231 15.491 2.33935 40.3847 388.139 66.3188 7.98931 41.4951 482.413 15.4592 14.9075 8.34056 366.727 0.700799 0.371601 25.1361 
263.873 223.819 170.102 3.42459 0 72.1311 398.133 204.15 2.67096 2.11465 177.618 75.9434 158.121 14.7767 95.0669 8.31707 21.3165 22.4089 24.181 65.3157 125.483 56.3097 1.9698 18.6409 22.8512 4.60234 41.638 31.6278 
463.054 519.091 53.531 348.408 1045.57 0 1589.93 173.787 705.637 260.274 78.933 38.2875 550.832 3.93685 10.678 25.6075 330.972 0.0334056 18.8827 5.83797 74.6976 14.8056 4.60543 16.8176 353.822 6.438 0.512425 3.0028 
75.7556 381.41 240.067 168.228 225.307 660.794 0 10.0499 468.751 457.366 15.3809 0.427216 112.552 20.3903 66.2659 86.1219 109.932 105.504 75.1784 8.17032 139.769 6.98259 18.009 25.143 0.00311109 0.530539 2.20988 26.7125 
120.86 246.773 13.1983 315.667 209.314 11.3091 39.3725 0 103.755 19.5526 1.21519 69.9752 79.9327 126.158 176.743 233.075 78.7559 164.422 13.971 0.491506 206.552 59.2625 88.4301 58.2221 191.977 230.56 42.5029 6.88416 
531.329 393.966 50.039 620.675 354.578 801.609 1233.48 639.349 0 7.43734 1574.27 0.416005 14.9951 65.8563 293.067 114.651 340.965 134.265 111.523 97.9066 119.291 60.1015 47.7535 69.7817 450.889 6.36731 46.6955 33.3587 
81.0404 36.3403 33.9685 72.2919 292.789 74.2181 55.3795 181.455 167.169 0 1.50866 89.0589 325.128 38.5642 5.93045 37.6369 69.2657 142.529 52.8955 0.328396 23.6982 57.3598 53.7569 49.3126 21.0934 68.5714 41.4267 1.45184 
19.9604 176.751 85.2084 21.5165 259.638 3.28756 79.4606 364.478 384.595 588.136 0 77.791 248.093 0.835493 403.673 159.384 39.3425 8.1541 52.0462 73.9238 54.7694 26.1904 120.95 60.452 121.244 151.315 62.4436 0.339346 
134.103 126.407 11.605 119.804 90.4585 108.561 177.646 9.92832 403.116 61.4851 51.8493 0 72.1566 1.90567 262.564 434.367 29.0246 126.79 41.3185 93.9456 37.5475 12.3946 10.4442 16.1882 312.866 12.1596 17.9627 161.742 
20.2842 59.0403 50.2908 63.2746 178.095 149.481 10.5864 63.0982 0.864825 25.8339 190.544 159.514 0 3.65553 111.724 2.90067 54.5342 106.041 34.5585 42.3742 31.3637 1.64154 34.0128 0.0344468 24.9138 4.61234 0.253652 9.3583 
36.0802 14.2462 12.6599 4.60742 24.7484 6.71901 69.6522 10.224 76.8288 31.4273 84.9479 164.931 114.579 0 3.58593 0.221511 8.49901 1.20834 13.2804 2.27574 34.0958 9.29852 0.913275 0.537767 5.13312 8.09956 10.8594 11.4723 
71.4555 32.4788 28.9587 4.20306 15.9413 35.2145 37.9549 56.9588 55.8884 117.342 403.478 158.953 83.9376 4.14302 0 84.1907 1.27578 43.7833 38.115 6.66953 50.8311 9.13488 24.7603 23.2554 5.83341 10.1465 16.1302 19.208 
59.4429 7.3256 8.06925 17.7672 70.6272 13.5134 54.6584 92.1337 26.6266 91.2785 161.942 469.966 10.3448 14.6663 53.0058 0 18.6505 61.7296 27.8818 9.68018 27.7116 6.81856 7.08094 17.4976 24.7338 30.0497 7.63238 9.58564 
416.391 424.304 5.54832 333.935 108.993 331.115 11.1532 86.1204 361.882 70.7973 7.78842 69.5647 58.7218 5.09178 26.2928 5.07265 0 181.986 226.875 33.0021 51.9291 4.35492 18.1589 3.84363 342.054 9.98033 20.6671 7.82197 
4.71249 180.406 58.5332 142.93 182.071 114.484 132.107 126.256 210.042 139.643 155.709 131.963 36.6759 33.6616 16.1204 25.4302 10.008 0 42.8638 40.1146 60.0087 41.1459 0.721846 14.9478 0.303061 40.1192 2.20243 0.395792 
110.127 157.599 56.8047 62.5883 27.1704 5.22793 23.3764 14.5477 8.78191 2.75975 90.2854 99.4821 9.99126 25.3931 4.34363 19.5295 87.6778 66.5552 0 1.07134 71.7516 0.0164877 5.40777 6.37246 16.2911 14.264 20.7233 23.7283 
5.68681 96.5923 20.2493 41.2461 82.8117 1.07628 94.2166 115.07 1.36878 32.2423 35.1211 87.8171 10.1746 4.76171 3.69173 8.84001 0.875868 48.2542 4.25257 0 8.67171 1.83722 0.705566 6.28572 12.906 9.84263 1.63793 0.262688 
221.978 133.22 61.7034 103.122 131.897 71.169 144.018 183.033 120.654 2.43831 41.2094 134.065 71.996 19.4353 34.7778 53.1733 26.3762 76.1077 21.7096 211.274 0 14.4252 32.9989 6.62193 51.9603 24.1956 17.3152 33.1826 
0.115975 7.58054 4.19953 6.59454 35.9252 0.979928 8.166 7.10843 61.7284 5.10547 78.2411 33.1456 51.9702 0.143128 8.97307 10.686 4.11103 32.3327 0.206624 5.89199 0.000485516 0 1.04369 11.7823 17.2505 6.7297 11.6927 9.99385 
46.7324 9.22863 5.33629 0.215278 22.012 11.3825 49.6487 100.579 74.0154 23.5588 78.1509 1.30385 25.2738 1.56703 17.2628 9.32193 9.31977 14.4672 8.42119 0.522931 34.7817 1.09897 0 3.49393 2.62622 4.29627 1.08618 9.91386 
29.2658 24.9239 12.1166 6.33837 29.2596 14.0957 19.0081 13.9891 13.1376 42.7088 15.9368 2.64817 5.34696 3.51612 8.16894 15.0839 4.25846 38.8833 2.04463 3.33669 0.154545 8.08611 14.703 0 24.8606 14.4427 11.9719 4.66296 
390.053 383.77 7.89325 346.3 33.8061 357.056 88.8793 31.8137 334.606 17.816 0.237399 243.35 0.244501 7.11085 4.02226 51.6738 346.472 1.31798 23.7715 0.287815 23.4104 83.8201 31.6499 31.8414 0 65.4502 41.1014 3.22863 
76.3414 71.8188 9.56829 0.0294148 51.5165 23.3749 52.0458 50.1121 61.293 8.24435 145.351 399.62 51.2355 8.79987 3.71464 32.1522 4.32618 38.9972 21.7702 0.191407 0.0192488 10.3667 10.0131 11.6426 35.3104 0 0.888199 4.35262 
51.2414 17.2041 5.4597 25.8034 23.9247 1.97394 1.83825 2.13887 36.5991 0.803207 17.1748 120.842 3.00685 7.90221 2.62555 9.02246 0.377393 2.65737 23.2855 10.6577 3.1107 11.798 9.15466 9.01276 39.5826 13.1433 0 50.5353 
3.54406 35.992 0.150253 13.3677 47.9602 1.08736 9.81165 52.0077 29.6292 0.490142 64.9369 5.26443 40.1678 11.6762 7.08281 14.4182 0.117562 0.00012687 11.4205 0.907407 0.342558 3.59666 4.1312 0.139869 25.6936 56.8991 0.573723 0 
