0 48.8828 13.3247 94.1371 6.15089 131.517 197.971 286.277 245.882 153.299 35.4858 174.985 104.229 2.70141 0.0339838 0.0841788 71.2193 8.71179 53.7941 65.4078 181.289 19.75 40.8502 0.59132 49.0918 9.11736 32.4207 61.021 
66.9284 0 451.027 88.9763 497.309 142.907 413.166 118.941 422.232 224.451 259.185 215.927 1.08985 69.9355 55.8249 65.9898 183.68 114.104 44.0709 53.3526 179.14 22.4912 57.0092 36.9954 124.189 70.1827 25.3301 47.497 
70.9592 23.6761 0 263.227 23.5609 65.4861 194.229 252.046 230.868 114.276 150.191 12.7043 69.9565 0.510383 1.88591 19.5671 7.72253 64.1831 6.09527 18.4848 104.165 2.13755 9.15046 14.8006 23.5669 4.73763 8.57118 17.1199 
64.6567 318.379 289.424 0 9.89322 112.876 200.392 310.305 282.627 101.91 24.1546 0.770587 66.4003 5.08281 0.352217 3.03963 87.5253 144.953 0.000231718 3.74887 567.388 1.04503 16.9897 1.75514 74.7792 13.6099 24.7657 7.65559 
74.1162 159.226 81.6153 149.2 0 277.497 44.7813 124.6 138.335 105.937 213.565 33.6372 173.708 58.0587 92.8551 51.531 92.4192 115.537 84.2647 66.5419 56.6777 1.74585 53.2598 52.9964 66.5878 24.0471 11.3341 35.9013 
78.0853 275.295 28.9236 91.3944 563.141 0 482.713 150.07 53.5775 385.112 7.587 143.344 549.052 3.27791 41.5766 24.3281 53.5877 28.5237 89.2817 13.669 60.5603 18.0031 14.9918 4.23003 52.3589 14.5786 20.1909 22.4842 
92.8698 395.949 44.6649 48.4663 198.184 782.837 0 77.1222 1286.31 316.875 462.252 274.545 155.148 45.1073 105.179 102.744 80.8842 25.4011 150.139 7.98595 101.252 29.2658 57.4546 0.158746 10.0614 0.117298 60.4105 3.84795 
49.2469 47.4158 61.8684 16.9142 134.412 111.296 133.205 0 190.612 69.0425 197.345 283.881 137.707 97.5751 18.7405 47.8394 65.4831 132.646 94.0432 0.0590445 169.125 1.05346 99.772 135.859 15.6117 219.979 0.493757 0.961106 
63.1315 53.9461 32.5541 114.552 264.001 158.615 614.276 585.38 0 202.566 1618.63 87.3924 15.5582 9.00688 223.774 0.217489 73.9918 200.425 114.905 106.464 117.402 27.8567 69.669 94.9474 157.94 76.4364 64.1679 87.8564 
39.2532 236.507 106.71 19.7273 137.263 448.284 186.206 11.7362 373.982 0 586.163 90.4289 9.3201 83.6952 55.2516 91.4882 10.9181 146.526 16.5095 29.1732 98.6207 27.4992 60.6008 24.3001 2.67423 67.4987 14.9542 44.0853 
39.2873 200.563 128.681 189.284 49.5271 22.3521 389.08 217.292 309.908 0.979753 0 274.101 22.1368 15.3081 85.9532 149.022 86.6789 5.52055 111.599 73.118 0.0859137 13.184 116.636 112.853 44.3824 0.170312 70.498 15.7013 
228.616 206.224 180.542 69.687 135.093 155.788 67.5303 646.759 318.048 232.164 517.77 0 114.725 163.45 67.982 345.538 39.674 27.975 96.0008 85.574 86.0711 30.3238 5.01721 179.677 114.019 247.882 8.23646 41.9011 
10.2517 44.9721 27.3185 67.932 143.139 40.2054 178.013 8.0479 45.066 301.115 34.942 148.377 0 126.301 13.2259 33.6843 24.409 37.9195 83.5921 6.99981 56.1394 21.2151 17.6126 0.0461085 3.46258 17.3884 39.3147 28.3687 
0.151947 1.91242 11.1852 14.935 0.0584251 5.91358 43.8165 3.52438 3.54299 0.799161 44.4993 0.808764 0.643655 0 59.6619 12.2659 11.5876 42.6614 7.13916 3.09843 19.6949 9.87952 8.30195 7.14721 6.15056 6.46442 0.0775577 3.07828 
50.6122 40.5614 6.15964 1.28035 26.9562 1.65946 127.618 109.096 1.18432 96.8415 27.4554 268.547 44.8411 56.288 0 37.4255 27.7129 62.4531 6.82661 9.07074 31.4476 1.44471 20.277 23.4753 0.0185996 6.99436 0.182992 23.3273 
48.5583 27.8304 1.27026 5.16479 30.3474 15.7993 85.408 255.372 149.955 36.0309 151.677 283.932 1.63725 0.0155045 5.86579 0 7.76987 14.5362 0.0145226 3.56183 62.8735 11.9592 8.53281 27.6117 12.9267 32.6717 18.1213 4.74825 
87.6386 74.9548 17.1606 76.9291 153.401 52.056 5.04952 55.9755 154.875 12.33 94.9096 35.995 0.199691 18.6271 5.5608 21.3104 0 43.6411 427.041 12.2686 27.7825 20.8939 0.0432392 12.7318 65.784 18.4138 10.0376 22.1308 
208.186 279.192 141.049 35.0842 0.055394 64.5838 11.3362 84.8432 213.53 145.749 99.1875 33.8394 11.8956 5.89216 13.51 59.1635 30.5673 0 103.877 20.853 0.0484846 0.0207417 44.0401 37.2452 53.5675 45.912 44.9377 50.8203 
116.049 18.3618 55.3759 56.4878 79.5003 61.583 109.302 17.7473 10.624 4.36477 128.465 13.6536 11.7037 7.46116 15.5079 19.6215 59.3401 124.818 0 29.809 11.2337 25.064 17.5003 16.5225 13.6247 11.9655 11.2823 6.41652 
205.833 45.4423 3.39757 3.94232 83.6901 6.59091 94.2669 113.469 2.00946 56.3979 0.95707 44.314 21.6124 0.00430022 4.05057 6.18627 22.3199 28.1512 11.8761 0 62.3334 6.04103 3.5537 0.0291559 0.135033 8.24472 7.85962 10.877 
2.08141 166.698 113.302 67.1688 90.7549 26.4254 119.016 208.012 118.773 81.2961 127.609 86.2505 1.73485 16.3156 48.4561 53.8849 53.1446 1.52849 66.728 117.61 0 6.59868 6.43834 30.5385 34.8378 63.0421 31.5985 26.5001 
40.2782 39.4948 7.86383 10.8842 7.32969 16.8542 27.4548 48.3711 25.5 36.2343 26.8209 10.3591 4.29323 0.417528 16.3978 10.1844 10.4106 4.10765 24.5617 0.0131261 28.3772 0 14.3528 13.6211 22.4205 2.6441 0.849003 0.0473118 
6.55525 56.992 12.5293 13.2856 52.9915 1.18393 10.9167 90.3653 91.2249 42.2534 4.83195 18.3083 25.5303 8.91339 23.3352 6.20788 4.74485 29.5376 14.9392 3.71833 4.73259 14.3012 0 0.634009 23.5842 0.664768 4.17821 3.15668 
56.6195 6.57443 2.61933 0.810279 8.71664 16.253 63.3685 103.672 43.8378 59.4348 1.16339 123.835 5.47717 9.98035 27.4794 0.501811 19.9297 6.37943 21.2154 4.11585 45.9004 4.88317 20.8754 0 5.42613 9.43588 17.4389 0.219444 
118.985 49.538 2.45807 54.1308 62.1406 71.4807 89.8594 184.259 55.039 1.45402 36.2668 354.018 42.0118 8.18184 0.337988 13.242 54.4187 50.4684 7.97578 13.1967 58.265 78.9765 10.567 24.2411 0 124.743 127.001 1.09983 
78.3916 35.9237 6.24052 17.8652 1.41625 27.523 48.1915 28.7631 134.084 7.21026 0.110572 92.3071 8.79137 10.257 14.4191 31.2184 23.7963 46.9228 13.1848 7.59942 38.0913 0.0353795 9.77692 6.02723 23.6635 0 33.7731 59.1652 
0.885201 34.0719 8.78509 11.4737 30.0497 16.5148 50.6023 22.3793 12.7722 42.0336 85.1037 118.948 37.9633 0.96477 7.34743 18.5735 15.7521 35.6847 0.457378 0.00177812 38.2467 0.757703 12.5103 15.3452 19.9746 37.3297 0 22.2589 
32.8555 54.0148 10.2575 29.7054 17.9706 12.7052 17.1348 93.4358 85.1472 40.7021 96.2477 176.084 10.8567 7.2898 15.8585 9.18855 23.2683 51.2878 11.1151 11.0647 50.7911 8.47108 9.51178 5.00393 26.8969 6.58989 5.21331 0 
