0 662.531 175.945 269.687 179.301 185.399 2.6339 162.454 202.09 125.268 65.2505 21.5692 82.9242 25.6832 24.787 1.6482 87.8157 207.933 68.764 227.196 125.311 16.9489 19.1224 41.1174 96.5742 0.227732 12.3743 14.6293 
666.868 0 26.7834 105.046 531.506 86.8452 349.448 160.053 494.083 71.0682 10.2348 138.929 3.38342 57.3074 60.7898 81.0882 161.432 1117.83 33.3802 95.7521 161.9 22.3391 13.2872 56.2503 134.635 83.4686 24.7877 0.622604 
15.9016 447.995 0 235.786 103.113 64.3112 27.3281 215.983 43.8248 9.82361 176.043 183.292 73.0696 0.942111 8.98516 9.68254 18.6489 48.0272 9.15648 27.391 68.732 11.0427 12.0108 6.6128 27.2341 1.78162 5.29775 1.55353 
319.352 179.646 121.438 0 160.692 86.9094 120.79 433.088 172.227 53.9709 192.504 1.66845 26.8574 14.8372 3.06463 41.2593 143.856 59.8267 6.7477 43.1058 192.107 15.6121 15.3151 7.58241 123.477 1.25255 0.526757 24.3133 
267.369 279.891 162.38 6.18366 0 67.4158 374.329 208.77 7.92675 0.00668117 166.14 70.3055 153.31 16.3786 94.8725 9.66709 17.2064 29.2946 38.6204 62.1917 123.792 56.0277 2.45331 19.7861 24.3268 3.76738 41.0516 32.728 
217.551 259.149 49.904 107.112 443.895 0 1159.41 183.15 407.402 344.739 97.851 32.6049 556.08 4.5476 9.06495 26.0518 86.577 0.0698454 15.4641 6.49528 75.3905 15.2538 5.00818 16.5746 108.76 7.18873 0.638464 3.36864 
62.5429 329.916 230.331 158.108 262.748 409.971 0 2.91117 768.629 416.879 33.4339 2.26209 101.668 17.4847 59.2187 83.0287 109.843 116.425 68.6933 10.1171 138.147 6.1096 19.8161 23.292 0.125333 1.16266 2.68846 24.952 
103.793 257.5 23.7979 357.744 213.247 6.39195 23.5897 0 58.1182 25.5592 0.00328149 10.0146 84.2872 126.375 180.389 244.173 80.5646 160.853 16.028 1.17046 207.597 58.3676 90.6055 52.4117 193.342 225.49 39.7622 9.33576 
297.764 172.345 18.4255 355.825 355.598 537.796 1306.95 658.346 0 1.48994 1181.16 3.75983 19.6569 73.3425 260.332 120.534 94.9631 125.872 106.551 99.6841 125.503 61.0873 51.062 72.5902 208.575 4.14742 48.4146 36.0265 
86.959 46.3259 28.9951 76.2869 307.565 53.7589 96.8714 189.03 138.083 0 17.3773 100.852 330.793 34.9638 3.09315 33.7128 67.5375 143.979 57.6274 0.597744 25.7618 56.4902 54.9158 47.8736 19.1257 66.8966 42.054 1.93066 
15.8751 164.532 101.065 28.5743 260.955 9.14483 112.866 370.442 299.656 603.482 0 110.881 243.549 3.57964 388.153 144.476 41.3883 6.08512 55.766 75.4672 50.7946 24.4733 117.438 55.3372 125.58 155.618 64.2538 0.825345 
124.436 117.588 16.8271 102.499 96.1939 102.105 191.375 69.7536 400.093 51.3122 28.9976 0 77.2102 0.496443 269.569 377.952 27.397 123.678 43.5755 94.8136 42.0408 11.1419 13.4211 22.7711 362.313 33.0493 15.1932 156.536 
18.0888 54.1754 48.1336 64.608 177.111 133.067 15.7365 58.7889 2.29288 12.5235 201.342 159.425 0 0.837176 114.528 1.79092 55.4677 106.179 36.8159 42.5951 32.8085 2.80436 38.2145 0.227231 23.5873 3.87929 0.161044 8.6603 
34.8732 12.6924 12.1671 5.16736 22.9224 7.44231 72.8862 13.1351 83.2586 34.975 71.1336 162.724 125.179 0 9.40055 0.677013 8.85245 0.898 12.7215 2.36567 34.8467 9.01263 0.375354 0.854414 5.66306 8.55266 10.7634 11.3428 
71.6428 35.6051 29.9578 5.13139 18.3711 36.5422 31.8527 48.0534 44.5575 122.189 408.213 137.431 89.5821 0.673065 0 74.9559 1.06331 45.3758 37.9025 6.91741 51.679 8.62444 24.1819 24.4679 6.84082 11.5343 15.7589 19.7409 
57.05 8.88608 8.9892 19.7476 69.6035 12.5383 50.6757 73.1707 21.5196 91.6898 147.165 427.654 12.6751 15.9366 38.0899 0 19.0615 61.7417 27.5124 9.68658 29.3404 7.13373 7.75478 20.1364 26.3937 31.1331 8.13989 10.4307 
169.399 185.694 6.65454 90.2786 103.233 86.5783 9.3145 87.634 120.098 69.1384 8.95818 70.9588 57.9427 4.79026 26.652 5.43984 0 202.352 275.407 33.2525 53.0502 4.12346 18.2774 4.08654 97.2098 9.536 20.5135 7.5003 
8.56606 212.871 67.2849 144.513 191.025 116.963 142.879 120.805 206.279 141.568 152.609 129.12 34.2664 32.5723 14.7332 26.823 19.4334 0 37.6171 37.3115 56.7929 41.351 0.535502 15.7756 0.155664 41.4009 1.92236 0.254329 
111.8 161.681 57.9089 62.694 42.2711 7.44697 18.9423 12.5781 6.43877 4.34064 93.7012 98.9604 8.56876 25.681 3.78987 20.1299 112.957 60.6985 0 1.39017 72.0715 0.0443863 5.74954 6.73237 15.7431 13.6832 20.485 23.4541 
9.43679 89.5508 21.2586 42.8842 80.497 1.4083 93.5893 116.097 0.707302 33.729 32.9258 86.123 9.43408 4.7437 3.46112 8.96833 0.649136 45.4386 3.70134 0 28.7007 1.75817 0.654001 6.25739 12.7529 10.0563 1.76145 0.203324 
213.771 127.2 55.6963 112.407 132.07 69.985 143.635 177.551 126.834 3.23107 44.9766 129.707 71.1937 18.5596 36.0564 54.332 27.6715 72.9552 23.0906 166.627 0 14.8552 32.451 5.96303 52.8964 25.7208 16.6188 34.118 
0.056503 6.91019 3.9881 6.31672 34.7868 1.20704 7.22896 6.30453 62.6383 6.10261 78.5188 31.4294 55.6862 0.0681046 9.48288 10.8765 4.34224 32.8771 0.287814 5.93821 0.00285632 0 0.679682 11.3774 17.2967 6.53032 11.8136 10.0648 
46.8751 10.1879 5.66119 0.329769 23.2346 10.9691 47.7169 99.6562 76.9268 25.4218 83.6791 2.53442 29.2051 0.845848 18.7726 9.89902 9.59402 13.7286 8.03872 0.47756 34.2928 0.725019 0 1.69425 1.96026 3.99186 0.909241 9.9772 
30.6842 23.5031 11.7485 5.6469 28.0513 14.4737 20.7599 10.6218 15.2966 44.3352 19.4707 0.705817 6.71289 4.13046 9.74509 12.3366 4.01164 38.1663 2.27581 3.45927 0.284878 8.60446 17.0521 0 28.1098 14.8654 12.5452 4.30526 
147.309 137.374 7.09545 103.425 35.3537 113.068 89.8142 39.9815 88.8214 15.9574 0.96437 1054.66 0.452727 7.67316 4.89813 68.6533 102.499 0.986589 24.2283 0.378291 24.7529 59.1642 30.8145 26.8762 0 91.7374 149.985 31.2714 
77.2463 70.0511 10.53 0.208208 49.9198 23.9958 55.5384 37.6662 55.4691 6.67918 150.411 393.072 50.4962 8.35242 4.71115 32.6413 3.99319 40.2943 22.2949 0.127637 0.00332369 10.2833 10.1225 12.2248 33.4798 0 0.431493 1.98546 
51.2483 16.2922 5.10714 26.0951 23.1239 1.75442 1.44403 1.40878 34.8564 0.577639 18.8414 120.756 2.67386 7.68686 2.31821 9.53692 0.452535 2.98199 23.4176 10.7161 3.4867 11.9135 9.46779 9.60826 38.4053 11.4821 0 41.1745 
2.91692 37.4079 0.0714285 14.3017 48.7575 0.873592 8.59201 47.0189 32.2199 0.785682 68.2925 2.69133 40.6942 11.7637 7.74722 15.2302 0.074459 0.0186301 11.8359 1.02447 0.521998 3.44172 4.35396 0.0743483 25.918 53.1241 0.0459058 0 
