0 560.178 186.869 224.68 165.373 97.4795 0.559867 179.206 107.259 120.634 71.6701 16.463 85.2339 24.4776 23.004 1.00622 5.93843 214.845 65.1431 222.602 137.909 17.5638 20.0347 39.8817 12.6441 0.549151 11.6031 15.7814 
580.128 0 69.1134 11.2975 528.806 6.6945 298.579 145.485 406.759 82.82 6.11177 130.697 2.11023 58.7761 57.7595 79.9944 73.0991 864.103 39.4203 102.221 157.928 21.4323 14.3261 57.0239 53.945 83.5462 23.8539 0.385637 
25.1937 406.363 0 175.172 91.7247 65.608 41.0183 198.353 84.0999 7.06447 161.871 185.853 73.3042 0.710563 10.2348 8.79288 17.0773 40.4361 10.6719 27.133 63.0115 11.1816 12.1342 7.0196 26.8807 1.34353 4.96589 1.84029 
270.86 124.152 125.801 0 158.168 3.97592 132.504 1321.7 114.164 49.852 196.751 0.0684775 28.7225 14.2056 3.83578 41.9325 61.2774 53.7566 5.65438 44.4525 165.391 15.7496 15.6891 6.88267 41.8874 1.91885 0.698606 23.5082 
269.111 332.621 154.02 9.51839 0 72.9766 347.361 212.596 15.423 1.4948 154.952 65.023 148.351 17.9527 94.4941 11.029 13.6626 36.5563 54.9243 59.1574 122.02 55.7167 2.95933 20.8884 25.7471 3.04754 40.4783 33.7674 
133.365 160.597 46.1965 27.5842 549.553 0 737.937 191.1 268.529 363.052 116.62 27.5263 565.812 5.15743 7.62291 26.4155 4.07448 0.474172 12.4725 7.14002 75.9461 15.6684 5.39946 16.3249 25.5034 7.92648 0.770563 3.7322 
50.8292 278.261 218.305 147.674 297.088 202.398 0 0.0942341 1031.94 370.416 56.3965 5.32883 91.3987 14.8883 52.6333 79.9201 109.589 126.807 62.5959 12.1342 136.38 5.32879 21.5819 21.5683 0.405816 1.98648 3.18433 23.3071 
88.1931 266.579 36.4141 427.527 216.393 2.98372 12.152 0 26.104 31.9045 1.34298 3.45076 88.3915 126.21 182.927 252.121 82.2251 157.194 18.091 2.08056 208.013 57.4811 92.5192 47.0061 193.583 218.807 37.1884 11.9813 
224.742 113.69 2.49531 250.962 353.949 423.721 1248.82 662.809 0 0.0472495 1205.69 9.9919 24.6009 80.5302 219.236 125.777 10.9545 117.808 101.696 101.197 131.26 61.9824 54.2056 75.1788 127.673 2.4673 50.0324 38.6015 
92.5364 56.6475 24.5174 79.9435 318.642 58.1699 144.056 195.66 111.654 0 47.7033 112.259 331.534 31.592 1.23267 30.0712 65.8305 145.067 62.1456 0.926779 27.7735 55.5871 55.9274 46.4479 17.314 65.1786 42.6235 2.44613 
12.3925 152.665 116.464 36.0396 261.17 17.2986 148.226 373.672 193.664 601.979 0 146.109 238.127 7.91388 363.994 129.779 43.3431 4.39071 59.3279 76.853 47.0868 22.8721 113.766 50.5319 129.372 159.077 65.9293 1.4819 
115.184 109.175 22.584 86.5162 101.619 95.8162 203.957 171.215 394.158 42.2906 13.1442 0 82.021 0.00368482 273.171 313.562 25.8749 120.593 45.7326 95.4932 46.464 10.0035 16.5498 29.9018 377.922 61.2465 12.7482 150.963 
16.0974 49.6383 46.0427 65.7951 175.645 125.601 21.4876 54.7444 4.27229 4.19053 210.899 159.044 0 0.00142198 116.619 0.979282 56.3197 106.196 38.9765 42.7722 34.1891 4.18461 42.2676 0.566558 22.3365 3.23753 0.0924072 8.01643 
33.7102 11.2822 11.683 5.72025 21.2217 8.14578 75.8294 16.1953 89.2848 38.3946 58.6017 159.815 134.135 0 16.8944 1.32804 9.19041 0.64514 12.192 2.45114 35.5423 8.72421 0.0780475 1.21573 6.17789 8.97325 10.6643 11.2069 
71.7186 38.6296 30.8189 6.08527 20.7989 37.6843 26.4168 40.062 34.8512 126.069 402.287 116.966 94.6332 0.124647 0 63.0759 0.87876 46.8653 37.6629 7.15117 52.442 8.13996 23.4459 25.4807 7.85047 12.8852 15.3943 20.2194 
54.7082 10.4904 9.88264 21.6433 68.5396 11.6172 46.8983 56.4421 17.0957 91.7539 132.545 372.586 15.0663 16.9921 24.5869 0 19.445 61.6937 27.1425 9.68205 30.8932 7.4301 8.37807 22.4656 27.8877 31.9296 8.62563 11.2386 
84.2327 108.454 7.78503 8.45299 97.6019 3.94166 7.708 89.0009 40.0355 67.4931 10.137 72.2438 57.1639 4.51002 26.979 5.79735 0 220.476 509.928 33.4598 54.0892 3.90805 18.3833 4.32248 14.186 9.11828 20.3622 7.19823 
13.2366 225.396 75.7618 145.482 198.937 118.991 152.907 115.51 202.162 143.118 149.434 126.276 32.0177 31.5281 13.4579 28.1541 31.0007 0 32.8485 34.6735 53.7504 41.5283 0.383939 16.5726 0.0606176 42.6 1.6732 0.148686 
113.174 164.989 58.8333 62.6845 59.1189 9.88094 15.1078 10.8245 4.5366 6.15841 96.8546 98.3716 7.30803 25.9361 3.29516 20.6928 137.046 55.2176 0 1.72977 72.3194 0.0833994 6.08065 7.07982 15.2221 13.1336 20.2531 23.1846 
16.2667 82.6733 22.1685 44.2591 78.1488 1.7622 92.7859 116.808 0.278506 35.1268 30.866 84.3955 8.74946 4.72354 3.24615 9.08118 0.464613 42.7573 3.20935 0 57.127 1.68409 0.606495 6.22622 12.5976 10.2513 1.88215 0.153849 
204.961 121.282 50.0543 124.549 132.045 68.7724 143.027 171.931 132.556 4.08354 48.6411 125.4 70.3892 17.7333 37.258 55.3758 28.9111 69.9324 24.4232 124.135 0 15.2647 31.9161 5.3647 53.7429 27.1829 15.9624 34.9949 
0.0195848 6.29783 3.78999 6.05504 33.6954 1.44322 6.38517 5.58107 63.4589 7.12248 78.7038 29.8122 59.1484 0.0222525 9.96499 11.0446 4.56619 33.3843 0.377214 5.9802 0.0156608 0 0.403268 10.9704 17.3307 6.33939 11.9227 10.1279 
46.9735 11.1333 5.97144 0.460609 24.4052 10.569 45.8473 98.5911 79.5927 27.2095 88.8198 4.06919 33.0753 0.351721 20.1081 10.4063 9.85455 13.0371 7.67926 0.436123 33.8119 0.438702 0 0.54927 1.41176 3.70667 0.754743 10.0284 
32.0277 22.1686 11.3877 5.01746 26.9038 14.8193 22.4659 7.82077 17.4708 45.8338 23.0932 0.00804679 8.13777 4.7291 11.3007 9.80092 3.78242 37.4676 2.50565 3.57533 0.445063 9.08897 18.8582 0 31.0619 15.231 13.0796 3.97319 
66.2094 52.8428 6.36418 22.2922 36.8211 30.8183 90.5451 48.3638 5.19655 14.2603 2.10405 482.643 0.708889 8.21014 5.79432 81.8252 20.2972 0.715497 24.6519 0.475318 26.0389 31.0349 29.8757 21.2465 0 76.9401 140.616 104.396 
77.9708 68.28 11.4594 0.5272 48.3693 24.5488 58.8302 27.208 50.0372 5.33155 154.635 377.191 49.7411 7.91839 5.7461 32.8491 3.6871 41.5099 22.7841 0.0788794 0.0596404 10.1976 10.2101 12.7566 31.6434 0 0.14766 0.571154 
51.2217 15.4393 4.7793 26.3496 22.3645 1.55678 1.11258 0.854311 33.2097 0.397358 20.4756 120.426 2.37438 7.4791 2.04172 10.0254 0.530095 3.30641 23.5356 10.7669 3.86202 12.0175 9.75895 10.1741 37.235 9.96454 0 32.4755 
2.37506 38.7441 0.023332 15.196 49.4865 0.691396 7.49892 42.3909 34.7327 1.12967 71.4334 1.0313 41.169 11.8328 8.3921 15.9819 0.0425671 0.0652281 12.2319 1.14158 0.72693 3.29616 4.56692 0.031058 26.0808 48.94 1.28936 0 
