0 566.229 188.433 240.963 163.138 107.132 0.371929 181.829 115.862 119.882 72.6957 15.7148 85.5918 24.2876 22.7256 0.919088 16.5811 215.859 64.5686 222.694 139.886 17.6612 20.1793 39.6844 22.9548 0.612554 11.4829 15.9659 
588.567 0 77.3211 20.4991 527.403 17.8219 290.368 143.183 416.18 84.7167 5.55503 129.387 1.93613 59.0022 57.2772 79.8094 82.7098 473.883 40.4067 103.215 157.268 21.2896 14.4925 57.1414 64.7575 83.5464 23.7069 0.353354 
26.8305 398.251 0 164.86 89.9259 65.7679 43.3859 195.441 91.4139 6.66748 159.566 186.174 73.3295 0.676846 10.4364 8.65413 16.8326 39.2768 10.9196 27.0844 62.1075 11.2031 12.1524 7.08405 26.8206 1.2797 4.91413 1.8876 
286.38 139.081 131.684 0 157.704 14.4659 134.317 775.675 128.702 49.203 197.335 0.00976701 29.019 14.1051 3.96461 42.0244 71.7867 52.8098 5.48969 44.648 414.579 15.7707 15.7469 6.77417 52.5532 2.03645 0.727897 23.3791 
269.244 340.755 152.617 10.1065 0 73.7139 342.762 213.149 16.8229 2.0398 153.166 64.1968 147.535 18.2056 94.4172 11.2508 13.1367 37.7633 57.7048 58.6732 121.726 55.6638 3.04333 21.0636 25.9729 2.94051 40.3864 33.9309 
143.581 168.509 45.5915 38.5923 970.212 0 1022.84 192.265 269.922 607.449 119.629 26.7551 479.252 5.25619 7.40401 26.4675 14.6119 0.570818 12.0245 7.24346 76.0245 15.7328 5.46194 16.2838 35.911 8.04496 0.792514 3.79098 
49.0638 269.998 216.178 145.963 302.337 176.459 0 0.00735134 1068.06 362.513 60.5002 5.9292 89.7899 14.4938 51.6074 79.4152 109.534 128.441 61.6413 12.467 136.081 5.20989 21.8648 21.2995 0.464702 2.13619 3.26624 23.0501 
85.7974 267.908 38.6154 439.248 216.837 2.56111 10.6789 0 22.1544 32.9603 1.77569 7.02061 89.0358 126.15 183.243 253.132 82.4819 156.593 18.4261 2.24761 208.027 57.338 92.8072 46.1653 193.527 217.592 36.7851 12.4264 
236.698 128.16 1.31768 257.747 353.457 428.219 1228.64 662.283 0 0.197599 858.537 11.2423 25.4255 81.6672 215.718 126.571 21.2561 116.529 100.919 101.42 132.155 62.1199 54.7013 75.5798 138.43 2.24095 50.2863 39.0111 
93.4111 58.3444 23.835 80.5071 320.111 60.8863 152.05 196.653 107.627 0 53.7545 114.071 331.235 31.0655 1.01504 29.5056 65.5555 145.213 62.8596 0.985209 28.0954 55.4379 56.079 46.2179 17.0334 64.8965 42.711 2.53287 
11.8792 150.775 118.908 37.2807 261.112 18.8065 154.069 373.962 175.677 600.302 0 151.952 237.176 8.74774 359.415 127.427 43.6526 4.14767 59.892 77.0644 46.5081 22.6221 113.158 49.7798 129.94 159.566 66.1896 1.60275 
113.721 107.847 23.5601 84.0509 102.472 94.8121 205.894 190.602 392.954 40.9288 11.1913 0 82.7803 0.0016835 273.461 302.773 25.6369 120.095 46.0741 95.5874 47.175 9.82852 17.0695 31.1002 376.267 66.3552 12.3794 150.03 
15.7917 48.9307 45.7094 65.9752 175.367 125.239 22.4688 54.1111 4.63955 3.27591 212.339 158.957 0 0.0354284 116.896 0.873082 56.451 106.189 39.3186 42.7973 34.4076 4.42655 42.9109 0.633956 22.1399 3.14118 0.0832971 7.91655 
33.5252 11.0657 11.6052 5.80931 20.9566 8.2581 76.2815 16.7035 90.226 38.9374 56.6896 159.285 135.435 0 18.2105 1.44929 9.24395 0.608981 12.1086 2.46463 35.6505 8.67726 0.0512316 1.27786 6.26006 9.03864 10.648 11.1843 
71.7215 39.1112 30.9466 6.24199 21.1923 37.8535 25.5941 38.8475 33.4226 126.614 400.436 113.763 95.3994 0.289753 0 60.9998 0.851185 47.0982 37.6217 7.1879 52.5587 8.0636 23.3138 25.6272 8.01417 13.1007 15.3357 20.2924 
54.333 10.7542 10.0251 21.9429 68.3637 11.4725 46.3039 53.9406 16.4376 91.7349 130.202 362.849 15.4587 17.1436 22.6074 0 19.505 61.6808 27.0824 9.68039 31.1386 7.47658 8.47452 22.8125 28.1152 32.0338 8.70256 11.3663 
94.3325 119.8 7.97032 19.095 96.701 14.458 7.46718 89.2103 50.9541 67.2275 10.329 72.443 57.0376 4.46635 27.0293 5.85455 0 223.203 499.395 33.4898 54.2508 3.87444 18.3995 4.36018 24.6328 9.05275 20.3379 7.15086 
14.0615 226.365 77.1084 145.587 200.129 119.281 154.467 114.665 201.465 143.338 148.913 125.814 31.6665 31.3625 13.2606 28.3648 33.0444 0 32.1166 34.2598 53.2716 41.5547 0.362286 16.6994 0.049632 42.7875 1.6354 0.134574 
113.371 165.459 58.9679 62.6732 61.9774 10.2929 14.5376 10.5585 4.26567 6.473 97.3436 98.2705 7.11724 25.9747 3.21989 20.7809 140.746 54.3617 0 1.78662 72.3536 0.0906715 6.13348 7.13516 15.1399 13.0471 20.216 23.1413 
17.6235 81.5752 22.3074 44.4591 77.7654 1.82142 92.6407 116.897 0.228697 35.346 30.5434 84.1126 8.64311 4.72009 3.21257 9.09818 0.438242 42.3341 3.13455 0 62.3337 1.67249 0.59913 6.22093 12.5722 10.2813 1.9015 0.14666 
203.487 120.332 49.1723 126.049 132.024 68.5734 142.909 171.01 133.444 4.22688 49.2267 124.706 70.2585 17.6034 37.4464 55.5353 29.1076 69.4532 24.6354 117.611 0 15.3294 31.8304 5.27276 53.8726 27.4148 15.8593 35.1322 
0.015501 6.20336 3.75897 6.01394 33.5223 1.48229 6.25614 5.47049 63.5844 7.28975 78.726 29.5582 59.6876 0.0172918 10.0408 11.0699 4.60193 33.4634 0.392417 5.98666 0.0186209 0 0.365997 10.9043 17.3353 6.30912 11.9394 10.1374 
46.9858 11.2855 6.02052 0.483214 24.5907 10.5053 45.5496 98.4065 80.0041 27.493 89.6192 4.34349 33.6963 0.292411 20.3088 10.4824 9.89568 12.9288 7.62286 0.429732 33.7346 0.399834 0 0.424217 1.33299 3.66206 0.731581 10.0356 
32.2393 21.9595 11.3298 4.92066 26.7227 14.8726 22.7387 7.41523 17.8246 46.0659 23.6873 0.000832042 8.37367 4.82442 11.5502 9.41269 3.74671 37.3558 2.54284 3.59361 0.473575 9.1646 19.0973 0 31.5118 15.2854 13.1629 3.9215 
76.9534 63.0488 6.25128 33.0389 37.0523 41.3837 90.6463 49.7367 15.5747 13.9988 2.32359 1096.15 0.754499 8.295 5.94117 83.2995 30.8733 0.676614 24.7179 0.491616 26.2427 27.4164 29.7151 20.333 0 71.387 125.645 112.047 
78.073 67.9926 11.6073 0.590722 48.1217 24.6327 59.3466 25.6903 49.1908 5.13153 155.247 373.868 49.6172 7.84921 5.91682 32.8587 3.63972 41.7002 22.8604 0.0722417 0.0748854 10.1835 10.2224 12.8385 31.3458 0 0.116372 0.425106 
51.2146 15.3059 4.72819 26.3877 22.2448 1.52656 1.06412 0.779256 32.9507 0.371944 20.738 120.352 2.3286 7.44604 1.99948 10.1024 0.542884 3.35904 23.5536 10.7745 3.92287 12.0334 9.80432 10.2633 37.0451 9.73114 0 31.141 
2.29439 38.9541 0.0181316 15.3376 49.5991 0.664512 7.33232 41.6719 35.1336 1.18956 71.9244 0.840158 41.2417 11.8425 8.49499 16.0986 0.0383403 0.0751592 12.2945 1.16059 0.762331 3.27333 4.60063 0.0259195 26.1026 48.2336 1.639 0 
