0 92.8311 15.414 133.404 7.34333 179.043 201.265 283.932 294.698 152.852 36.8621 172.905 103.921 2.84186 0.0157682 0.0465195 117.939 7.63555 52.8343 59.0066 178.36 19.5865 40.6844 0.522066 95.3491 9.51659 32.6515 61.0295 
106.808 0 458.378 140.35 503.913 184.479 401.635 122.717 472.132 222.677 258.033 215.107 0.886563 69.7945 55.015 65.4356 228.842 251.381 42.3815 51.564 179.076 22.7308 56.9874 36.6379 170.182 69.7268 25.5768 47.8119 
67.0659 16.1159 0 252.035 21.6126 65.1775 189.789 255.011 246.551 114.348 146.225 11.4881 69.7093 0.463019 1.72222 19.3673 7.41879 66.3866 6.42334 18.7584 105.314 2.09537 9.07724 14.8495 23.3967 4.55059 8.66956 17.2389 
106.374 369.34 259.175 0 10.9002 158.995 201.109 950.312 322.208 101.44 22.4409 1.31953 66.6876 4.94146 0.423106 3.30052 133.202 145.206 0.0020892 3.42583 57.9235 1.01083 16.9077 1.6538 121.187 13.1733 24.8584 7.45682 
70.7297 172.252 78.6489 147.999 0 295.708 50.6754 126.788 143.822 100.144 215.88 32.5254 174.275 58.4223 92.6096 52.0117 90.8919 112.779 78.9816 65.7772 55.7699 1.64622 53.4013 52.8505 66.491 24.4676 11.5034 35.633 
125.475 322.858 27.8477 136.617 621.069 0 1026.93 147.185 96.1892 600.662 9.33775 142.313 622.183 3.417 41.4953 24.4791 99.9267 27.4829 89.5205 13.8562 60.1228 17.9194 15.0542 4.13157 98.2264 14.7965 20.1837 22.5205 
96.4817 383.867 48.7712 45.7816 188.804 821.317 0 71.3718 1263.19 330.986 457.407 273.168 157.611 44.1934 106.729 102.535 80.1833 23.7265 149.43 8.45043 100.249 29.6228 57.8692 0.20804 10.5122 0.185117 60.4395 4.05586 
52.5403 44.6275 57.4613 28.5445 136.567 114.416 126.258 0 174.894 66.744 202.945 322.576 138.265 98.6243 17.2761 51.8523 64.9471 131.344 94.6475 0.114575 170.686 1.1384 100.016 135.418 14.2092 218.002 0.401107 0.755894 
107.582 102.194 40.936 166.431 259.053 191.923 539.087 596.329 0 195.122 1089.09 92.8166 14.4645 8.13325 233.288 0.36989 120.661 199.206 113.707 106.523 118.977 27.5027 70.4381 95.2879 204.725 74.9582 63.8194 88.3043 
40.5459 235.45 107.393 20.5755 143.451 466.728 172.195 12.8753 371.175 0 579.366 87.5179 7.07785 83.5555 57.2152 91.3662 10.549 146.577 17.3277 29.55 98.7215 27.0695 60.6248 23.8571 2.47049 67.0703 14.7348 44.3835 
37.8767 203.3 132.742 187.862 51.9207 19.6576 380.503 211.739 282.403 0.0625424 0 263.35 23.9831 17.2115 95.944 145.238 86.3733 5.98863 112.241 72.7089 0.0432905 13.5288 117.568 111.988 45.7661 0.323539 70.1002 16.3057 
228.647 205.024 179.53 65.8452 136.328 156.246 64.4959 687.325 312.669 233.564 516.747 0 115.859 164.021 72.7038 362.29 40.1079 27.1862 95.7601 85.1207 87.3931 30.7492 4.53133 180.715 123.998 236.522 7.73618 43.7841 
10.6764 43.8255 26.765 67.6716 144.567 34.8238 175.864 7.55901 43.3388 305.179 32.7579 147.723 0 123.788 12.2474 32.8541 24.0926 37.3085 83.7634 6.83769 55.8093 20.418 16.7723 0.0826728 3.62557 17.7089 39.3099 28.5789 
0.187534 2.07607 11.0521 15.0991 0.0895192 6.08603 44.7298 3.12172 3.16476 0.632709 41.6192 1.14139 1.10776 0 58.6454 11.8866 11.4972 42.8864 7.26221 3.07688 19.4752 9.82188 8.10398 7.29407 6.28749 6.58236 0.0682577 3.01164 
50.157 41.3704 6.44348 1.41089 27.6713 1.84992 128.686 111.522 1.71125 95.0508 33.7731 269.937 43.3114 57.6178 0 33.7604 27.787 62.2069 6.65531 9.01774 31.121 1.37533 19.9401 23.1564 0.00645756 6.69239 0.161414 23.3445 
47.9029 28.4558 1.37907 4.84457 29.8379 15.5578 84.6412 253.936 149.493 37.0164 147.921 302.158 1.41107 0.0455744 4.1512 0 7.66539 14.2383 0.0221682 3.50512 62.9107 11.9565 8.37233 27.2751 12.5678 32.5814 18.1709 4.92232 
132.898 122.189 17.5711 123.367 153.178 98.3686 5.38618 55.4161 201.188 11.9412 95.0034 35.5668 0.237585 18.6927 5.45441 21.2211 0 47.5971 499.703 12.0844 27.4575 20.9123 0.0499895 12.6559 111.919 18.5225 10.1071 22.1812 
206.238 269.162 139.486 36.4942 0.00308915 65.8268 10.1919 83.3853 214.203 145.926 97.9041 32.9918 12.3014 6.06863 13.8419 59.0205 27.3101 0 102.501 20.255 0.0855992 0.0285174 44.0989 37.0574 53.7498 45.6155 44.9363 50.8621 
116.194 19.5814 55.7005 56.1966 74.3173 60.5609 107.794 18.3029 9.94738 3.936 128.6 13.2646 12.0997 7.33703 15.7293 19.4705 55.7972 123.695 0 29.98 10.9648 25.0384 17.4144 16.4289 13.7609 12.1079 11.3644 6.50609 
208.705 47.1795 3.59142 3.61153 83.1444 6.75951 94.1369 113.835 2.24806 56.3858 1.07816 43.6142 21.8334 0.00305981 4.11023 6.12957 22.5022 27.4943 12.084 0 71.3907 6.05099 3.56559 0.0251516 0.120881 8.17927 7.82088 10.9009 
2.73785 165.824 114.229 67.7528 89.9012 25.9239 118.181 208.028 120.341 81.7543 128.336 84.9281 1.84477 16.529 48.2105 53.5949 52.8675 1.35569 66.5202 106.922 0 6.51223 6.5687 30.773 34.4985 63.0356 31.7601 26.2538 
40.2598 39.6996 7.91846 10.9524 7.52714 16.9507 27.8098 48.6727 25.1521 36.6583 26.3862 10.658 4.70484 0.380971 16.4603 10.1272 10.3382 4.01239 24.5233 0.0151911 28.3028 0 14.4439 13.5711 22.3288 2.68827 0.822218 0.0419804 
6.38749 57.0131 12.5401 13.3992 52.8413 1.12734 10.5511 89.8319 91.7337 42.6883 5.37365 17.4198 24.5713 8.75837 23.5519 6.03627 4.68579 29.7266 15.0346 3.72855 4.84729 14.3947 0 0.892859 23.5884 0.627249 4.25665 3.10453 
56.5148 6.80034 2.53925 0.740672 8.93613 16.1831 63.6816 102.374 44.6065 59.5509 0.933002 126.383 5.80898 10.0409 27.6009 0.696218 19.9639 6.5306 21.1506 4.08645 45.9987 5.00893 20.8231 0 5.78111 9.59548 17.5254 0.243707 
164.871 95.3515 2.33223 100.484 61.9276 117.399 89.6438 183.098 100.485 1.3036 34.9804 300.346 42.3003 8.3233 0.276268 17.0315 100.352 50.6857 7.85608 13.2272 58.1316 83.3332 10.6874 22.0607 0 121.248 151.337 8.50049 
78.2383 35.3129 6.45087 17.3995 1.29482 27.5663 49.0674 26.192 133.366 6.82906 0.0310948 102.283 8.54098 10.1598 14.0564 30.9761 23.874 46.6327 13.0406 7.66709 38.472 0.0414749 9.73945 6.18246 24.1769 0 33.4895 59.8486 
0.823817 34.3112 8.8837 11.3222 30.2449 16.5879 50.8267 22.9617 13.0952 42.1863 85.2167 118.689 38.0214 0.997494 7.46006 18.6051 15.6882 35.549 0.479992 0.000857699 38.1231 0.732318 12.4657 15.4645 20.2992 37.4427 0 20.2898 
33.2048 53.7478 10.3993 29.8474 17.7134 12.8366 17.5261 92.2324 85.637 41.0235 96.8143 175.868 10.6706 7.21503 16.0249 9.3978 23.2311 51.2897 11.012 11.044 50.8324 8.50365 9.48409 5.09611 26.9488 7.45733 6.34399 0 
