0 863.356 203.076 674.861 136.617 469.92 1.01019 211.619 467.357 110.734 84.8458 8.20762 89.6167 22.0838 19.55 0.192691 391.569 226.024 57.8359 237.975 162.46 18.8008 21.8743 37.3418 393.921 1.60415 10.1148 18.1675 
910.538 0 194.538 387.862 492.191 402.569 194.725 116.54 769.885 107.439 1.00926 113.958 0.455769 61.5156 51.5954 77.411 445.469 720.597 52.4892 114.177 148.954 19.6365 16.4788 58.4139 441.368 83.3061 21.9998 0.0807393 
48.9028 281.74 0 54.8439 69.2257 66.7041 74.4386 159.608 190.383 2.85327 131.735 188.2 73.3859 0.342386 12.8609 7.07827 14.0577 26.6858 13.9664 26.3627 51.6312 11.4424 12.3378 7.83877 26.035 0.646149 4.32402 2.47885 
707.604 564.757 84.1764 0 151.05 387.962 154.465 1109.51 550.62 41.7033 202.346 3.2304 32.512 12.9197 5.60283 42.7983 444.766 42.0793 3.73461 46.5605 515.314 16.0018 16.3954 5.55298 427.355 3.64841 1.11248 21.8384 
267.917 428.011 134.816 18.1441 0 63.78 283.736 218.517 37.2651 14.4853 132.098 54.7518 137.419 21.2367 93.1777 13.969 7.71251 52.9472 93.5613 52.949 118.013 54.9705 4.10409 23.1276 28.6308 1.82889 39.2865 35.8233 
512.38 510.313 38.2501 417.677 886.841 0 980.803 203.86 538.301 434.884 154.977 18.4389 506.04 6.45261 5.046 26.9653 388.245 2.35197 7.33678 8.47965 76.7512 16.461 6.20315 15.773 407.819 9.46304 1.07022 4.50314 
30.3876 175.238 187.44 125.014 358.469 73.9028 0 6.1961 1305.32 263.358 116.679 15.2054 71.4375 10.228 40.0207 73.2733 108.592 147.266 50.7374 16.622 132.212 3.91475 25.2363 18.2407 1.4428 4.27097 4.29361 20.1125 
59.5357 281.139 67.939 519.22 220.895 0.0126008 0.491145 0 0.00241059 46.274 11.2033 135.577 96.4533 124.799 185.202 259.776 85.3652 149.143 22.5141 4.65789 207.149 55.6071 95.871 36.673 190.981 200.465 32.1566 18.14 
625.177 550.151 15.0366 584.293 343.129 714.554 824.369 631.816 0 9.50011 930.19 30.9651 35.8723 94.846 266.772 135.09 392.186 101.59 91.6866 103.686 142.253 63.646 60.4463 80.0885 513.92 0.400238 53.212 43.8397 
103.443 79.2729 16.4368 86.7647 331.285 128.806 251.751 207.076 64.5661 0 145.874 135.264 319.492 25.0817 0.0381325 23.142 62.2435 146.384 71.1515 1.79518 31.9295 53.5665 57.6759 43.4444 13.8836 61.4022 43.6815 3.64964 
6.65713 128.57 147.212 52.8798 258.573 40.4781 225.625 372.872 14.5413 553.059 0 224.046 224.269 21.3198 293.402 99.8485 47.2725 1.81622 66.4894 79.376 39.9129 19.7702 105.539 41.1897 135.91 164.046 69.137 3.35457 
96.7235 92.4405 36.1835 56.9297 112.321 82.9546 227.309 461.455 373.741 26.4386 0.00250325 0 91.6003 1.50298 271.187 174.56 22.9097 114.08 50.0682 96.4203 55.6969 7.88652 23.6107 46.3695 304.671 136.178 8.44068 138.187 
12.4108 40.8861 41.7698 67.9229 171.196 133.946 35.2853 46.8516 9.99944 0.93764 227.609 157.418 0 3.75137 119.047 0.0831911 57.9164 105.898 43.3218 43.0302 36.9669 7.71378 50.4219 1.69508 19.8722 2.11943 0.0119143 6.78848 
31.3458 8.67007 10.6758 6.88004 17.9385 9.58767 81.2773 23.104 100.917 45.2847 36.083 151.75 147.977 0 34.8518 3.20136 9.87142 0.26365 11.1409 2.62179 36.8778 8.10366 0.154518 2.09473 7.23209 9.77767 10.4433 10.8983 
71.571 44.787 32.2611 8.1846 25.9646 39.5865 16.7949 25.7758 19.0816 131.522 361.634 77.8288 103.62 7.02536 0 35.2185 0.561178 49.7634 37.0752 7.61216 53.8385 7.1783 21.4779 27.0476 9.99959 15.6379 14.6334 21.089 
49.862 14.032 11.7065 25.4169 66.1565 9.80745 39.4437 28.2098 9.63192 90.9283 102.626 237.647 20.31 18.5636 4.80359 0 20.1906 61.4237 26.3492 9.642 33.9995 8.01089 9.54805 26.3115 30.5768 32.7959 9.60235 12.8527 
462.534 502.345 10.2616 393.897 86.0116 387.846 4.9241 91.5168 428.942 64.0169 12.6838 74.691 55.4978 3.96882 27.5893 6.53618 0 251.676 284.421 33.7836 56.0853 3.49087 18.5757 4.80882 397.039 8.29747 20.0445 6.60524 
25.3521 245.866 92.8141 145.835 212.775 122.042 172.047 104.663 192.437 145.38 142.459 120.2 27.657 29.4189 11.0427 30.829 60.7695 0 24.0491 29.5099 47.7324 41.8313 0.155885 18.1936 0.00256622 44.9354 1.22506 0.0218706 
115.272 169.844 60.3021 62.3448 98.5518 15.6159 8.6368 7.6788 1.71137 10.6766 102.854 96.9265 5.06446 26.3912 2.40134 21.7931 179.188 44.6221 0 2.51338 72.6506 0.197829 6.76021 7.78943 14.1815 12.0437 19.7734 22.6201 
38.55 68.6435 23.822 46.4285 73.0588 2.57732 90.5873 117.447 0.00999999 37.8653 26.842 80.6171 7.43946 4.67442 2.82948 9.27952 0.187155 37.4169 2.32212 0 133.346 1.53906 0.516004 6.1516 12.259 10.6161 2.1329 0.0753735 
184.777 108.989 39.1443 120.568 131.444 66.1047 141.107 159.618 143.46 6.07142 56.1778 116.361 68.6606 16.102 39.6142 57.2868 31.4104 63.8349 27.1414 50.1735 0 16.0856 30.807 4.25244 55.3042 30.1326 14.6679 36.7098 
0.00309779 5.14774 3.40274 5.53932 31.4904 1.97311 4.83937 4.25619 64.9667 9.36213 78.8423 26.6279 65.7868 0.00559638 10.9169 11.3411 5.02615 34.3672 0.591521 6.05844 0.0720678 0 0.0635377 10.0996 17.3742 5.95411 12.1238 10.2412 
47.0616 13.1167 6.59355 0.785544 26.7643 9.75149 42.0297 95.9279 84.5921 30.8117 98.643 8.16954 41.0849 0.00595508 22.4075 11.2795 10.3748 11.6869 6.97325 0.358291 32.8044 0.078234 0 0.164866 0.579037 3.15164 0.486877 10.1041 
34.6917 19.5548 10.638 3.84754 24.6169 15.4675 25.9814 3.45357 22.1487 48.6751 31.0283 1.98747 11.3338 5.93733 14.4996 5.26956 3.34005 36.0227 2.99422 3.80569 0.870685 10.025 20.7969 0 36.3258 15.8497 14.111 3.33512 
452.687 432.602 4.99034 408.958 39.7359 415.101 91.5371 66.582 387.719 11.0897 5.66569 822.923 1.38951 9.28297 7.7527 83.3409 404.777 0.302711 25.4674 0.701089 28.6321 23.7271 27.6122 10.8781 0 3.42619 56.1257 42.5342 
79.0149 64.4929 13.3469 1.59176 45.1836 25.5396 65.2772 10.9697 39.6037 3.06617 161.238 320.724 48.0834 7.03256 8.03988 32.5047 3.10639 43.8842 23.7326 0.0162994 0.380454 10.0076 10.3366 13.7465 27.75 0 0.0264794 0.315738 
51.0715 13.7766 4.14629 26.7906 20.8529 1.19437 0.577475 0.157827 29.954 0.137204 23.8792 119.047 1.82579 7.05558 1.53625 10.9964 0.703079 4.00104 23.7491 10.8547 4.66406 12.2079 10.3201 11.2983 34.7197 7.15443 0 16.9166 
1.45313 41.3805 0.00584972 16.9937 50.8579 0.389425 5.51438 33.5605 39.88 1.99926 77.5335 0.0575422 42.042 11.9296 9.71297 17.4124 0.00534528 0.242996 13.0268 1.39247 1.23634 3.01038 4.99515 0.000286265 26.2968 39.2982 8.63434 0 
