0 294.128 207.11 446.584 73.9615 158.327 23.5751 272.131 137.252 86.4942 114.802 0.0198907 98.0858 16.8992 12.5347 0.682074 113.031 236.72 41.6934 206.828 209.661 21.5796 26.0091 31.4296 104.691 5.87166 7.08 23.8171 
360.827 0 455.605 158.908 297.385 173.73 22.5927 57.7442 394.082 163.029 5.24325 76.8988 1.14366 66.5567 37.7686 69.9017 136.863 537.574 84.6994 134.205 124.788 15.7466 21.5854 60.7171 163.995 80.8879 17.9562 0.221146 
116.29 18.9737 0 114.221 25.9931 61.8688 161.916 71.5148 426.381 0.267845 64.7043 179.927 71.707 1.99323e-06 19.0278 3.7194 8.09373 5.34816 22.3323 23.5177 28.105 11.938 12.5777 9.65768 23.5331 4.10402e-06 3.01075 4.19234 
432.192 386.429 292.454 0 126.504 107.989 191.259 1013.54 376.138 24.7643 200.18 39.0274 41.0853 10.008 10.4772 42.3333 158.012 19.6732 0.836616 48.1535 464.482 16.4504 17.7454 2.99594 144.875 9.20327 2.36234 17.9073 
243.472 531.802 85.1915 45.287 0 137.769 127.141 222.909 112.638 85.1257 81.8669 33.8613 109.283 29.074 87.6498 21.4369 0.449172 96.158 192.584 38.8838 107.028 52.7244 7.26652 28.2356 35.1899 0.21412 36.4236 40.2615 
210.323 152.245 20.143 146.991 612.047 0 482.852 214.885 103.68 647.361 231.314 4.28345 535.567 9.60639 1.08272 27.3015 105.522 11.453 0.633768 11.6328 77.0446 18.0272 8.06457 14.3108 119.39 13.0949 1.90428 6.41181 
2.87454 15.0493 101.027 71.5895 433.824 827.765 0 72.1377 443.118 48.21 288.79 53.3928 32.6803 2.7767 16.4589 56.988 104.068 188.717 27.1196 28.4773 120.097 1.50883 33.8075 11.5335 5.97747 12.2422 7.31143 13.5551 
13.4459 294.162 155.53 431.797 221.968 12.0829 30.2274 0 126.986 84.5534 64.6974 794.54 113.326 116.64 176.651 236.043 91.4151 128.176 33.6351 13.8353 197.215 50.9775 100.864 17.0513 171.102 141.695 21.708 35.4735 
363.458 388.147 216.42 183 286.472 185.734 5.98354 407.538 0 83.9606 618.013 112.073 66.4572 124.124 214.186 149.089 103.377 66.4797 68.6634 106.523 163.48 66.7122 73.7593 89.4855 230.265 2.1647 59.9549 55.7126 
125.642 134.864 3.73845 98.9537 311.142 438.875 464.306 222.384 3.37851 0 441.78 184.064 236.785 12.4097 9.49693 10.1847 53.5493 145.121 90.285 4.70664 41.7076 48.1232 60.1591 36.1706 7.34359 51.6186 45.6317 7.12271 
0.193107 76.4542 206.864 96.558 238.75 116.092 393.108 337.201 241.034 288.524 0 398.992 181.277 69.5281 97.8737 39.4451 56.0369 0.113832 82.2938 83.7158 25.3857 13.4245 83.8793 22.5278 144.841 165.164 75.5071 10.1068 
57.8024 57.1389 74.0334 10.3437 134.844 54.3637 267.155 1011.05 293.549 3.81476 61.1493 0 112.201 16.3288 225.298 0.000147744 16.7333 98.1747 59.7238 96.3717 77.6133 3.9895 42.4967 90.0738 317.21 323.124 1.90236 103.931 
5.75152 23.4922 32.045 71.3954 154.482 119.477 74.8317 30.5817 30.6173 56.1758 250.878 149.755 0 35.5001 115.762 1.63827 60.9304 103.645 52.956 43.1365 43.1962 18.868 67.7266 6.28239 14.6319 0.45809 0.106771 4.35947 
25.9585 3.95816 8.31109 9.66741 11.3211 12.8641 90.8678 41.6088 123.413 60.112 4.03143 124.515 154.677 0 61.8159 9.24083 11.4073 0.018736 8.85541 2.99818 39.5635 6.55781 3.18718 4.58324 9.62829 11.3333 9.84571 10.0455 
69.8124 58.622 33.9842 13.615 38.6328 41.7745 2.72216 4.4377 4.83637 131.654 179.948 13.8438 116.837 44.5166 0 0.0974801 0.105605 55.7472 35.2607 8.59831 56.2933 5.11494 15.3081 28.0395 15.2041 21.6455 12.8063 22.5621 
38.5898 23.3236 15.7836 33.2495 59.7198 6.06405 23.9531 0.00140219 0.523118 84.6474 41.5799 8.19981 33.6879 18.9601 18.8805 0 21.7394 59.9938 24.3399 9.40517 40.8157 9.22568 11.5775 29.153 34.7377 31.1062 11.7652 16.31 
164.428 236.507 16.6715 113.577 59.7368 104.55 0.9042 96.0145 155.931 55.5053 19.2131 79.5126 51.2933 2.86042 28.7321 8.28859 0 287.012 319.822 34.0601 60.1077 2.62857 18.9089 5.95928 110.098 6.54722 19.2637 5.34036 
63.6551 445.165 128.109 139.042 232.355 123.763 207.837 79.8953 164.523 146.265 124.274 105.033 18.7233 24.6611 6.38158 36.7836 147.341 0 8.76708 18.8451 34.8569 42.2559 0.0119355 21.9135 0.509502 49.7857 0.47089 0.147483 
116.703 171.696 61.6528 60.0687 197.699 31.6978 0.580074 2.5184 0.297487 24.5606 114.471 92.4557 1.48381 27.1321 0.89334 24.1023 218.274 23.7307 0 4.73786 72.5894 0.627162 8.35065 9.43453 11.8817 9.6764 18.63 21.2436 
115.772 38.4113 26.5393 48.1733 60.194 4.86383 83.0128 115.079 2.24807 43.5893 18.4754 70.8211 4.83008 4.52329 1.97386 9.58404 0.0160224 25.9351 0.836151 0 302.115 1.23162 0.337045 5.92741 11.3778 11.2992 2.73493 0.000106029 
131.368 80.441 18.0886 23.7027 127.482 59.1029 133.552 128.146 164.416 11.803 73.6551 94.6879 64.2579 12.5961 44.5808 60.6299 37.0359 50.215 33.4004 10.543 0 17.9218 28.1589 2.20021 58.1115 36.736 11.8816 40.317 
0.242764 2.96047 2.58772 4.43221 26.5127 3.41394 2.11534 1.91356 67.6564 15.2148 78.034 19.8537 78.522 0.328373 12.9347 11.8006 6.1075 36.4002 1.23822 6.2049 0.346085 0 0.369487 7.95879 17.3951 5.08481 12.4872 10.4313 
46.7323 17.9337 7.96556 1.80283 32.0531 7.87809 33.3128 87.5985 93.8444 38.7687 117.302 21.8266 59.1381 2.30098 25.1798 12.3964 11.5277 8.85271 5.47001 0.209909 30.3506 0.336952 0 7.69604 0.0939633 2.01588 0.0961815 10.143 
40.4355 14.0679 8.8627 1.73023 19.6104 16.683 34.1725 0.0757566 33.9013 54.1197 51.2564 21.8636 19.8893 8.40214 21.3273 0.0425139 2.43424 32.5933 4.21719 4.30693 2.31776 11.8771 16.1118 0 43.2297 16.6364 16.1747 2.06254 
172.617 138.525 2.43266 130.411 46.061 130.739 91.4441 110.745 104.279 5.26123 19.3543 745.392 3.69543 11.597 12.7227 28.1799 121.362 0.0128809 27.1213 1.35193 34.4482 69.8533 21.1248 17.5259 0 74.0138 117.664 67.1274 
79.3445 55.0614 17.5442 5.87807 37.7806 27.1405 78.5295 1.20793 19.4752 0.229744 166.269 133.312 43.7343 5.04108 13.9069 28.2811 1.9695 48.847 25.6887 0.0464144 2.08542 9.4975 10.3789 15.5137 18.5852 0 1.8911 11.5659 
50.2722 10.3003 2.85662 27.4361 17.532 0.550263 0.00940369 0.613664 22.9544 0.0451161 32.0173 112.618 0.850953 6.0813 0.65188 13.0926 1.17442 5.76545 24.1155 10.9835 6.6922 12.5463 11.4511 13.7074 28.1316 2.33036 0 0.0134592 
0.20005 47.0216 0.345465 20.9638 53.474 0.0244094 2.1247 16.6711 51.7141 4.78227 89.9255 9.14194 43.6048 11.9425 12.737 20.1353 0.0505781 1.04437 14.8058 2.02845 2.84271 2.40128 5.95057 0.200762 26.609 16.4901 42.1166 0 
