0 238.531 20.99 265.307 10.6211 328.865 208.946 277.87 447.49 151.671 40.2459 167.805 103.148 3.19263 0.000239398 0.00136384 265.9 5.33419 50.5375 47.5967 171.162 19.1941 40.279 0.373334 242.204 10.5045 33.203 61.0336 
242.56 0 470.174 300.455 517.015 320.23 372.474 131.843 626.748 218.11 254.982 212.973 0.483868 69.4292 53.0639 64.0828 372.941 1.22068 38.42 47.3277 178.795 23.3069 56.9205 35.7769 316.347 68.6081 26.1693 48.56 
57.9762 3.79342 0 219.405 17.2408 64.2994 178.678 261.404 283.883 114.382 136.594 8.80504 69.0832 0.358531 1.35829 18.8771 6.71105 71.719 7.24141 19.4059 107.975 1.9955 8.89961 14.9613 22.9788 4.11418 8.9061 17.5203 
244.517 526.293 166.151 0 13.4996 305.402 202.43 994.421 452.547 100.232 18.5565 3.23042 67.3536 4.60828 0.619377 3.96648 278.626 145.662 0.0368189 2.70592 563.493 0.930941 16.7065 1.42213 268.365 12.1429 25.0754 6.98743 
62.8173 204.511 71.5999 144.946 0 338.787 66.0801 132.014 157.119 86.6387 221.246 29.9169 175.492 59.2771 91.9698 53.1537 87.2046 106.173 66.7725 63.9197 53.5995 1.41874 53.7284 52.4889 66.2413 25.4838 11.9131 34.9865 
275.092 472.139 25.2917 280.934 726.297 0 965.848 140.128 238.211 460.052 14.2468 139.723 306.407 3.76031 41.2567 24.8275 246.97 25.0425 89.9882 14.3039 59.0565 17.7139 15.1988 3.89864 244.125 15.3186 20.1628 22.6016 
105.267 353.587 59.1638 39.5663 166.546 886.823 0 58.3086 1175.11 363.729 444.171 269.524 163.399 42.0072 110.359 101.956 78.4802 19.9164 147.609 9.61308 97.8165 30.4804 58.8463 0.353383 11.629 0.410569 60.4967 4.57574 
60.782 38.2239 47.3919 65.7789 141.697 121.873 110.032 0 139.051 61.3217 216.318 420.264 139.548 101.084 13.9824 61.9614 63.653 128.176 96.0718 0.322123 174.331 1.35543 100.55 134.237 11.094 212.783 0.217881 0.36345 
250.366 254.831 64.4813 327.411 246.858 310.081 366.776 619.51 0 177.267 1157.05 106.287 11.9913 6.2077 262.233 0.899141 268.495 196.142 110.787 106.609 122.725 26.6564 72.2628 96.0609 352.755 71.4054 62.9712 89.3481 
43.7031 232.565 108.909 22.6658 158.416 502.453 139.771 15.8096 363.372 0 559.017 80.6235 2.93672 83.1416 61.9595 90.9843 9.68543 146.616 19.3583 30.4535 98.9347 26.0412 60.6524 22.7998 2.01339 66.0073 14.2121 45.0894 
34.5725 209.706 142.422 184.207 57.8358 13.8519 358.907 198.33 210.299 2.32566 0 237.555 28.681 22.1885 121.38 136.014 85.6216 7.18657 113.741 71.7068 1.33475e-05 14.3708 119.713 109.838 49.1328 0.889445 69.1299 17.7941 
228.51 201.994 176.861 56.9296 139.244 157.201 57.4199 779.403 299.298 236.652 512.488 0 118.542 165.165 84.43 399.714 41.1508 25.3295 95.1586 84.0012 90.5621 31.7742 3.46293 182.908 137.213 208.825 6.59542 48.4133 
11.7266 41.1099 25.4468 67.0224 147.899 23.7666 170.54 6.4452 39.2965 313.836 27.7646 146.084 0 117.464 10.0369 30.8775 23.3367 35.8518 84.1444 6.45494 55.0108 18.55 14.8218 0.213582 4.03092 18.4843 39.293 29.0811 
0.288132 2.49532 10.7299 15.4899 0.191055 6.50599 46.9263 2.25289 2.40299 0.312028 35.0133 2.17049 2.72619 0 55.5247 10.9627 11.2801 43.4192 7.56029 3.02491 18.9489 9.6779 7.58684 7.63827 6.61845 6.86524 0.0483493 2.85372 
49.0535 43.3195 7.14434 1.74896 29.4097 2.34697 131.105 117.287 3.43663 90.6543 51.2944 272.425 39.6893 60.1264 0 25.3272 27.9606 61.5995 6.25132 8.88911 30.3362 1.21522 19.0999 22.358 0.00292836 5.98781 0.115112 23.3746 
46.3217 29.9703 1.65728 4.11302 28.6211 14.9761 82.7523 249.716 148.226 39.398 138.753 344.47 0.935892 0.181963 1.21322 0 7.41634 13.532 0.0470826 3.36983 62.9784 11.9458 7.98084 26.355 11.7255 32.2944 18.2835 5.34917 
277.342 271.435 18.5669 270.625 152.517 245.35 6.23599 54.071 348.114 11.0297 95.206 34.5426 0.341904 18.8482 5.20235 21.0043 0 57.6368 151.677 11.6451 26.6801 20.9543 0.0681859 12.4732 258.451 18.7817 10.2739 22.3001 
201.343 239.316 135.556 39.9518 0.141279 68.8028 7.68449 79.8954 215.655 146.268 94.8129 30.9896 13.2993 6.50139 14.6506 58.6626 20.1755 0 99.1568 18.8451 0.217379 0.0522119 44.2332 36.602 54.1772 44.8968 44.9281 50.9544 
116.476 22.6462 56.4481 55.4738 62.3777 58.0726 104.127 19.6643 8.40859 2.99485 128.871 12.3505 13.0724 7.04182 16.2626 19.1064 48.5147 120.922 0 30.3836 10.3304 24.9736 17.2065 16.2029 14.0884 12.4508 11.5617 6.72277 
214.8 51.4128 4.07505 2.87262 81.7908 7.16941 93.7673 114.644 2.87395 56.3363 1.39778 41.9391 22.3636 0.000941326 4.25423 5.99274 22.9367 25.9352 12.5865 0 94.8331 6.07433 3.59368 0.016745 0.0900852 8.02102 7.72734 10.9565 
4.67419 163.617 116.335 65.091 87.8338 24.7303 116.135 207.907 124.071 82.835 130.039 81.7541 2.12201 17.0435 47.6113 52.884 52.1954 0.982865 66.0083 82.4778 0 6.30653 6.88585 31.3328 33.6819 63.0005 32.1456 25.6625 
40.2101 40.186 8.04907 11.1154 8.00992 17.1781 28.6638 49.3902 24.3214 37.6708 25.3502 11.3898 5.76488 0.299856 16.6035 9.9869 10.1645 3.78791 24.428 0.0207606 28.1222 0 14.6435 13.442 22.0979 2.79526 0.759574 0.0304799 
5.99239 57.0493 12.5618 13.6695 52.4686 0.996793 9.69517 88.5107 92.9112 43.7197 6.78556 15.3644 22.3183 8.33539 24.0229 5.62529 4.54504 30.178 15.2624 3.75259 5.12738 14.6004 0 1.68264 23.5705 0.541391 4.44648 2.98038 
56.2468 7.35611 2.35121 0.586053 9.47185 16.0103 64.4118 99.199 46.4563 59.8026 0.483174 132.384 6.64126 10.1675 27.8424 1.28779 20.0438 6.89945 20.9926 4.01555 46.2253 5.31359 20.5126 0 6.74645 9.97654 17.7253 0.307025 
310.781 241.14 2.04259 247.561 61.4014 263.404 89.0831 180.054 245.44 0.97556 31.9594 263.394 42.9844 8.66271 0.153343 27.0358 246.405 51.1987 7.57125 13.2975 57.7967 87.5823 10.9939 17.3507 0 102.654 169.571 48.3171 
77.8322 33.8529 6.96541 16.2912 1.02524 27.6564 51.1702 20.4588 131.537 5.95259 0.0394413 127.506 7.95213 9.92176 13.1897 30.3316 24.0574 45.9288 12.6952 7.82858 39.3815 0.0580683 9.64541 6.5582 25.4054 0 32.7771 61.27 
0.685363 34.8829 9.12067 10.9599 30.7118 16.761 51.3567 24.3808 13.8835 42.5452 85.4635 118.003 38.1559 1.07803 7.73173 18.6739 15.534 35.2202 0.536444 2.62695e-06 37.8224 0.673058 12.3551 15.7452 21.1234 37.6729 0 15.8449 
34.0417 53.0964 10.74 30.177 17.1004 13.1513 18.4775 89.3086 86.7832 41.7868 98.1326 175.129 10.2287 7.03478 16.4199 9.90269 23.1396 51.2861 10.765 10.9926 50.922 8.58101 9.4154 5.31888 27.0575 9.72412 9.46806 0 
