0 345.114 184.062 598.957 38.3821 346.045 53.8202 298.178 320.976 69.3163 134.465 2.97797 102.635 13.5809 8.46921 2.82596 324.218 231.976 31.3542 105.225 231.712 23.464 28.7943 27.3174 308.095 10.1706 5.27372 27.8318 
385.644 0 440.247 443.032 139.622 430.256 4.74061 26.9764 516.167 196.493 20.1819 53.6201 5.05979 69.0216 28.7674 63.6249 328.465 817.986 107.102 140.995 106.072 13.2326 25.2253 61.6131 373.737 77.8115 15.3183 0.966403 
161.441 31.7884 0 283.337 7.13667 53.4601 213.615 25.534 471.418 4.06558 28.1245 164.314 69.1371 0.158191 23.1342 1.95315 4.82653 0.0802882 28.5236 20.8394 15.115 12.2021 12.5659 10.8476 21.4182 0.306021 2.22779 5.5543 
557.32 620.302 392.634 0 104.787 319.723 202.515 933.454 627.658 15.0387 187.329 81.2242 46.819 8.06785 14.3417 40.1525 361.095 8.63414 0.0441424 46.662 528.43 16.6614 18.4596 1.65381 350.61 14.0283 3.45363 15.1643 
211.973 485.791 51.9418 67.9729 0 320.481 42.938 218.715 176.142 154.177 51.4421 21.8786 88.5242 34.6375 82.0144 27.0695 0.612433 128.032 252.189 29.6489 98.1828 50.7626 9.85573 31.7311 39.6507 0.0218852 34.3363 43.1133 
399.854 322.335 9.76286 360.906 141.551 0 883.42 207.57 354.581 227.345 263.949 0.25775 638.754 11.8465 0.0371591 26.8123 313.232 21.1025 0.284119 13.8188 76.045 18.9042 9.34554 13.1614 322.117 15.6222 2.59455 7.83029 
0.957263 9.37099 46.2245 39.0636 420.998 694.07 0 147.851 3.37818 0.235168 398.263 89.2771 13.6648 0.352858 5.75027 45.4589 99.275 210.967 14.4779 37.5812 109.949 0.503273 39.7674 7.68556 10.695 19.6529 9.75996 9.66754 
0.582727 286.635 213.444 320.273 215.546 33.8289 89.5353 0 315.177 113.284 120.279 1029.74 123.49 107.501 160.8 192.248 94.6813 112.166 41.9682 22.4599 184.557 47.5257 102.138 7.4671 148.195 95.6378 15.4528 49.3686 
571.785 662.518 386.073 330.562 228.923 309.1 594.365 207.263 0 163.577 913.916 184.389 90.07 139.684 291.219 152.391 307.46 45.0007 53.2824 106.213 174.549 68.2468 81.9231 94.3805 432.944 8.32101 64.1675 63.6621 
138.122 171.837 0.187791 104.262 262.943 495.032 508.421 223.874 6.47323 0 581.657 211.831 155.182 5.9445 24.4978 4.07777 47.2624 140.972 101.71 7.3992 48.5954 43.806 60.6528 30.9591 3.95686 44.2286 46.61 10.0486 
1.06176 45.7281 232.54 127.533 215.424 174.268 467.141 290 510.47 97.6 0 484.212 145.712 110.359 11.7461 11.683 61.877 2.20723 92.5125 85.5588 17.0068 9.66542 67.6651 12.4244 146.001 157.979 79.1102 16.55 
35.188 36.358 102.639 0.00800105 148.42 36.5392 281.626 914.581 221.489 0.0784009 161.096 0 124.995 34.2773 169.96 87.8008 12.9518 86.602 66.1321 94.6603 92.933 2.0533 56.9299 121.049 166.326 394.369 0.102546 78.5643 
2.60056 13.9284 25.5561 72.668 138.541 52.205 105.806 20.9921 49.8385 130.258 253.914 141.569 0 69.4512 106.934 5.43531 62.5089 100.89 59.26 42.8348 47.3944 28.4792 77.6763 10.8808 11.3596 0.0197034 0.388659 2.9806 
22.2923 1.74525 6.68798 11.6506 7.52719 15.021 94.9597 55.7846 134.638 68.9609 0.697328 100.892 139.136 0 52.6067 13.6607 12.4532 0.336795 7.3758 3.24689 41.1263 5.43601 6.3279 6.41929 11.2119 12.1425 9.36347 9.35122 
67.5219 67.6471 33.8814 17.6894 47.7468 41.506 0.0048759 6.62401e-05 13.2083 122.261 57.5294 0.00125697 119.352 61.3343 0 21.9566 0.00117514 59.3331 33.6557 9.22243 57.4019 3.82767 10.4951 26.6402 18.8253 25.2388 11.4899 23.1536 
30.9205 30.4792 18.3824 37.6212 54.5979 3.89045 14.9873 12.9573 0.850675 77.2183 12.9447 44.6686 43.4817 16.7309 60.2951 0 22.688 58.3855 22.8075 9.13107 45.227 9.96238 12.3214 25.927 35.8191 27.3229 13.1764 18.4066 
360.27 451.073 21.543 322.53 42.7865 311.906 0.00581203 98.121 369.406 49.2875 24.2381 82.2297 48.0963 2.19384 29.3242 9.54764 0 278.474 305.916 33.8902 62.4575 2.10107 19.0572 6.78657 314.006 5.43571 18.6787 4.53355 
95.8363 426.711 146.831 128.829 235.497 120.828 224.449 63.3488 141.849 143.539 110.313 93.7603 13.4292 21.4441 3.86782 40.7326 207.814 0 2.5093 12.5925 26.7913 42.3419 0.205232 24.4894 1.35385 52.7311 0.158029 0.556448 
115.056 165.749 60.996 57.3795 256.077 44.1424 0.549918 0.58773 3.2609 36.4135 120.679 88.4922 0.253882 27.409 0.277717 25.5288 215.936 12.6437 0 6.59092 71.913 1.05418 9.47769 10.5892 10.3559 8.14214 17.8001 20.224 
171.163 21.088 27.4777 46.7851 50.7066 6.72569 76.0138 110.548 5.95293 47.0568 13.4346 63.3157 3.33589 4.38903 1.46188 9.67635 0.257843 18.8167 0.242661 0 329.943 1.03699 0.235018 5.7315 10.69 11.6491 3.17408 0.0289538 
93.0609 61.3199 7.73999 63.8088 122.797 53.6614 126.021 104.955 175.251 16.6346 85.6723 79.3757 60.875 10.3572 47.6552 62.1075 40.8404 41.2077 37.735 97.8555 0 19.1654 26.2438 1.17011 59.4423 41.1274 10.0885 42.5577 
0.623665 1.79578 2.07985 3.72298 23.1418 4.57369 0.879014 0.8345 68.9166 19.7379 76.61 15.6096 84.8904 0.821081 14.1733 11.9434 6.88101 37.6421 1.80707 6.28137 0.648882 0 1.39281 6.43297 17.3879 4.49492 12.6637 10.5092 
46.0947 21.4513 8.85898 2.70801 35.5952 6.60421 27.431 80.2947 98.3466 43.8898 126.443 34.0395 70.3948 5.36564 24.8646 12.4027 12.2989 7.0921 4.51765 0.130285 28.5399 1.33112 0 15.4735 0.88086 1.35435 0.00187814 10.0657 
44.083 10.6976 7.61308 0.740678 16.3476 17.3028 39.8422 2.9936 42.6113 56.971 66.0773 45.6293 26.5357 9.6284 25.0103 1.58501 1.88835 30.1307 5.14462 4.6323 3.67977 12.8744 8.41988 0 43.0073 16.6674 17.3326 1.34337 
380.104 337.565 1.17159 339.664 50.1253 335.885 89.5545 139.762 313.848 2.44371 32.5373 240.011 5.85058 13.0295 16.3466 59.7427 327.562 0.320552 28.0997 1.90281 38.3418 20.8342 16.1035 45.2569 0 12.6031 44.7923 106.054 
77.9735 48.1079 20.2271 10.0777 32.6464 27.7 86.1665 16.6364 9.28868 0.156861 161.687 30.1589 40.3387 3.75072 18.1112 23.2197 1.33184 51.888 26.8715 0.201206 4 9.08739 10.2163 16.2894 12.6039 0 4.72767 25.9627 
49.3678 8.15448 2.09246 27.597 15.3398 0.249393 0.126796 2.50823 18.5019 0.371466 37.8506 105.797 0.393419 5.40728 0.257778 14.4173 1.56082 7.12487 24.2756 11.0168 8.24606 12.705 12.1035 15.2002 22.9456 0.498111 0 7.12317 
0.00532597 50.5871 0.870513 23.537 54.8724 0.0269311 0.705255 8.13093 59.7676 7.2948 97.0381 23.5513 44.3448 11.7901 14.7726 21.5052 0.183046 1.90399 16.0077 2.51537 4.29127 2.01391 6.58662 0.546536 27.021 4.91612 68.4005 0 
