0 38.2291 155.483 252.817 18.1124 64.9575 82.6454 307.433 41.9311 56.5309 148.332 9.77031 105.341 11.2273 5.85283 5.38168 60.3658 222.042 24.1503 87.1579 241.256 24.8751 30.8588 24.2149 38.2398 14.086 4.06213 30.9131 
44.7615 0 313.697 239.468 48.0312 200.062 53.8147 10.8048 182.655 216.985 37.3178 37.9405 9.80219 70.3154 22.4238 58.3843 50.9146 883.614 123.226 141.914 91.2996 11.4227 28.027 61.914 107.625 74.7664 13.4038 1.87554 
188.496 157.09 0 270.913 0.585582 45.1023 239.442 5.25314 415.984 9.78523 9.50399 148.026 66.4726 0.487427 26.0115 0.965182 2.86474 1.59692 33.2985 18.5191 7.6454 12.3603 12.4617 11.7007 19.6439 0.936046 1.70307 6.67073 
202.313 341.121 184.665 0 86.9104 56.8436 202.306 43.1573 368.935 9.04867 172.179 118.523 50.9994 6.66246 17.4433 37.5891 89.9068 3.12616 0.106159 44.2057 400.875 16.7683 18.8779 0.886121 81.2274 18.0434 4.39786 13.1046 
182.334 395.28 30.3058 86.0828 0 350.587 7.17189 211.761 224.928 208.819 32.0494 14.3201 72.7414 38.8743 76.874 31.5302 3.52916 151.835 283.967 23.1129 90.9028 49.0616 12.0235 34.3496 42.9701 0.373116 32.6937 45.155 
117.467 39.843 4.05206 97.2539 7.28642 0 732.113 194.411 191.061 439.805 273.492 0.467603 439.126 13.5269 0.205568 26.0641 46.4803 29.9283 2.35863 15.4451 74.6524 19.4526 10.3008 12.2257 51.095 17.5062 3.17803 8.95117 
8.95938 66.8014 16.4043 19.6397 377.09 171.506 0 212.815 369.889 37.5665 457.075 119.698 4.45522 0.0505994 1.2192 36.8946 94.8076 223.37 7.30842 44.7746 101.452 0.0983298 44.2332 5.23167 15.0475 26.1286 11.8049 7.09617 
2.12507 272.382 247.955 163.728 207.008 56.0256 148.796 0 465.986 135.131 168.193 914.055 130.253 98.9651 144.343 149.978 96.6512 99.4924 48.555 30.0328 172.201 44.7813 101.91 2.70217 127.298 62.5448 11.2989 60.549 
297.832 428.835 462.47 40.22 180.298 61.4322 1177.19 82.2003 0 228.794 450.143 241.414 108.531 148.115 173.269 151.299 38.3149 30.8453 42.2494 104.762 180.759 69.0926 87.4089 97.1553 160.11 15.4449 67.1034 69.4586 
145.7 196.672 0.507049 106.432 213.633 337.55 468.166 220.025 33.5938 0 601.983 228.24 93.9456 2.52477 39.3288 1.22637 42.4052 136.143 109.077 9.77916 53.8421 40.2864 60.3618 26.9829 2.04977 38.4455 47.1515 12.5272 
4.57408 26.744 240.819 149.591 193.558 214.411 487.113 245.624 816.479 13.2548 0 515.385 117.499 141.301 3.18275 1.32019 66.1653 5.52052 99.7469 86.3193 11.6411 7.17311 55.279 6.58409 144.135 148.568 81.3906 22.287 
21.1831 23.188 123.955 5.24977 157.409 24.7339 284.717 598.181 164.43 3.89181 253.263 0 133.701 51.0127 122.754 237.017 10.354 77.6339 70.816 92.4838 104.389 1.00095 68.1618 142.693 191.77 391.855 0.235913 59.7412 
1.02026 8.19127 20.8662 73.0134 124.594 44.4783 129.655 14.7417 66.4626 193.548 248.964 133.947 0 96.8689 97.2077 9.66315 63.4315 98.1771 63.787 42.4059 50.5148 36.4584 83.6722 15.036 9.08697 0.0714168 0.718395 2.09817 
19.5657 0.652889 5.49589 13.1572 5.11028 16.5497 96.5836 66.8427 140.337 74.5815 8.85892 81.7658 118.412 0 33.474 16.4839 13.2388 0.837997 6.31147 3.42906 42.1509 4.58295 8.35729 7.72233 12.341 12.5931 8.96216 8.77437 
65.2337 74.0182 33.108 20.8509 54.6742 40.3498 1.89174 2.51717 28.7645 110.688 6.44301 8.37745 117.505 58.4693 0 53.738 0.0347272 61.733 32.26 9.66262 57.9218 2.94302 7.01463 24.5508 21.4709 27.4953 10.4709 23.3639 
25.3185 36.1823 20.1586 40.1766 50.4101 2.51609 9.38019 38.9979 4.67132 70.2052 1.77755 173.957 50.8918 13.9808 84.5431 0 23.342 56.8423 21.5731 8.86593 48.3716 10.4584 12.4779 21.2074 35.6203 23.3803 14.1867 19.7832 
84.0242 186.671 25.3907 56.4887 31.1292 44.9118 0.345714 99.1707 106.481 44.4514 28.3025 83.9544 45.5245 1.74111 29.6669 10.5278 0 254.837 82.0518 33.5686 64.0047 1.73624 19.1263 7.4327 43.9315 4.64507 18.2089 3.95591 
121.647 440.769 156.705 118.521 232.106 116.468 231.893 51.4028 123.494 139.73 99.1876 84.9037 9.92223 19.0537 2.35821 43.6169 246.202 0 0.275409 8.56367 21.1959 42.2963 0.508476 26.443 2.25652 54.7338 0.0316894 1.03894 
112.42 157.577 59.6566 54.7823 286.37 53.6933 3.51929 0.0199033 7.56355 46.2803 124.327 85.0391 0.00161812 27.4922 0.0432765 26.5156 214.138 6.37985 0 8.15253 71.0625 1.44805 10.3472 11.4746 9.23353 7.03553 17.1473 19.413 
203.553 10.9037 27.648 44.4003 43.4021 8.259 69.9108 105.656 9.85811 49.3894 10.0558 57.3279 2.37285 4.27144 1.11807 9.68234 0.632993 13.9846 0.0292002 0 285.209 0.898427 0.169207 5.56135 10.129 11.8469 3.52004 0.0941001 
65.7194 47.6659 2.65574 51.5794 118.253 49.2714 119.182 87.2668 181.264 20.7327 94.614 67.8389 58.1321 8.76288 49.779 62.7678 43.6737 34.6775 41.0138 195.093 0 20.0986 24.7466 0.599801 60.1179 44.3319 8.79818 44.1178 
1.02804 1.09978 1.72466 3.21489 20.6329 5.53239 0.29444 0.308013 69.5476 23.3697 75.0746 12.648 88.1816 1.32836 15.0124 11.9564 7.48368 38.4984 2.30411 6.32631 0.940059 0 2.55097 5.29125 17.3892 4.05431 12.7577 10.5399 
45.3937 24.2025 9.49893 3.4955 38.2044 5.66254 23.1194 74.0554 100.662 47.4858 131.017 44.4102 77.749 7.61296 23.4303 11.9901 12.8718 5.8637 3.8418 0.0821502 27.106 2.47074 0 19.6813 2.04684 0.928499 0.0253698 9.95156 
46.6494 8.38861 6.66719 0.260887 13.9918 17.6491 44.0856 7.93779 49.3943 58.6024 77.3107 67.3886 31.8253 10.195 26.9422 5.3546 1.5162 28.2162 5.89221 4.86718 4.90265 13.4518 3.11211 0 40.1181 16.4134 18.0481 0.89128 
112.09 63.8961 0.509646 73.2911 53.0205 66.4578 87.1709 159.091 49.7061 1.00112 44.105 961.748 7.77171 13.9962 19.0832 75.1883 59.1498 0.82515 28.7531 2.37259 41.2065 79.4774 12.3057 63.3177 0 92.776 174.113 25.754 
76.0967 42.6977 22.0783 13.7773 28.7841 27.8208 90.965 38.9264 3.92604 1.11927 154.068 0.198553 37.581 2.84998 21.1869 18.6904 0.927398 53.9724 27.6761 0.38951 5.83225 8.74618 9.99217 16.6151 8.55648 0 7.58865 38.076 
48.4947 6.66616 1.58329 27.5653 13.7309 0.0988964 0.488689 4.77145 15.3517 0.827071 42.3486 99.4784 0.161828 4.89781 0.077695 15.3411 1.8876 8.23313 24.3475 11.0124 9.50714 12.7851 12.5236 16.216 18.8414 0.00542662 0 21.5537 
0.218599 53.0962 1.41991 25.3643 55.7107 0.165416 0.135379 3.58353 65.7123 9.49705 101.536 38.1354 44.7225 11.5892 16.256 22.2318 0.337942 2.71938 16.906 2.90953 5.56841 1.73762 7.05293 0.916486 27.5806 0.515924 83.8833 0 
