0 455.671 127.519 567.925 6.85608 443.507 108.656 307.746 425.39 46.5042 158.727 18.0739 107.048 9.42664 4.04333 8.02847 452.18 210.192 18.7858 88.8218 243.994 26.0124 32.5034 21.7158 425.157 17.653 3.17914 33.4326 
432.543 0 179.439 674.808 6.98299 615.553 127.236 2.86827 521.275 229.659 54.502 26.7579 14.7413 70.9884 17.6549 53.8657 432.539 151.31 135.36 139.894 79.16 10.0139 30.3242 61.9142 496.881 71.8575 11.9024 2.83359 
203.428 291.268 0 164.349 0.651634 37.515 249.068 0.000412251 325 16.0935 1.47213 132.507 63.8717 0.885828 28.1326 0.406134 1.62207 6.33368 37.1663 16.497 3.32515 12.4618 12.3163 12.357 18.1101 1.69524 1.32155 7.62664 
519.801 700.474 147.027 0 72.0627 449.635 196.477 20.3373 747.213 5.19049 156.929 149.933 54.2625 5.57383 20.0283 34.9883 475.051 0.635591 0.582621 41.4363 590.398 16.8212 19.1368 0.430329 467.695 21.4472 5.23813 11.4584 
155.8 299.665 16.2473 100.789 0 382.303 0.325781 203.805 262.323 250.339 19.1878 9.23709 60.1937 42.3034 72.1968 35.2488 7.64368 170.282 298.235 18.1877 84.6651 47.5439 13.9119 36.4525 45.6185 0.97669 31.3183 46.7355 
493.273 425.823 1.1484 487.876 655.091 0 624.241 179.388 686.005 146.057 270.615 2.73772 670.776 14.8581 0.958429 25.2235 435.79 37.9054 5.49373 16.7313 73.1211 19.821 11.0613 11.4285 436.653 18.9983 3.69079 9.88809 
21.2418 145.108 2.86785 8.29385 323.755 26.9139 0 265.693 899.393 109.644 482.756 145.486 0.629836 0.799419 0.00122747 30.1944 90.6733 230.222 3.18659 50.7134 94.1041 0.000120104 47.7971 3.5505 19.0429 31.8554 13.586 5.25946 
10.6231 255.784 266.944 156.244 197.86 76.7487 201.848 0 569.261 152.385 208.531 663.531 135.088 91.1527 128.719 113.401 97.9214 88.9818 54.0457 36.7502 160.598 42.4715 100.958 0.55021 108.852 38.9813 8.32859 69.8622 
676.509 831.055 469.827 427.004 140.202 516.705 1294.84 18.7093 0 279.49 312.476 285.903 123.523 152.554 205.724 148.12 425.932 20.9639 33.8354 102.815 184.318 69.5746 91.3554 98.782 543.091 22.6701 69.3171 73.9816 
150.521 213.79 2.70196 106.958 169.19 149.389 394.278 213.779 69.509 0 557.073 238.065 51.2748 0.779996 52.9089 0.124777 38.4252 131.191 114.102 11.9176 58.1031 37.2918 59.6999 23.7686 0.942126 33.7039 47.4626 14.6987 
9.21517 14.647 239.754 165.781 173.684 241.357 477.547 206.163 873.588 2.79792 0 515.807 94.7047 164.493 35.7002 0.532261 69.5525 9.29521 105.24 86.5238 7.95074 5.38519 45.4232 3.12034 140.887 138.644 82.9458 27.4435 
12.1392 14.3958 140.255 17.6741 163.783 16.5094 282.035 299.586 119.765 11.1657 329.824 0 140.05 66.027 85.1376 365.566 8.41788 70.2731 74.4978 90.1658 113.485 0.415695 77.2601 158.119 142.105 352.727 1.30727 45.3136 
0.264679 4.57231 17.2479 72.8934 112.333 61.5962 148.51 10.3686 80.9621 242.742 240.421 126.919 0 117.737 87.7051 13.887 64.004 95.5805 67.278 41.9292 53.0098 43.2196 87.3764 18.7893 7.38202 0.360223 1.06127 1.48625 
17.3928 0.148917 4.56619 14.3716 3.45673 17.7027 96.9239 75.8223 143.008 78.3188 21.9217 66.1325 97.6305 0 16.5297 18.1704 13.8732 1.41175 5.48465 3.57297 42.8799 3.90002 9.38875 8.6567 13.1984 12.8478 8.61357 8.27584 
63.0341 78.8152 32.0482 23.4198 60.2354 38.8253 5.91467 8.27173 46.506 98.9554 3.00026 26.7552 113.646 46.4869 0 77.0523 0.13445 63.4696 31.0152 9.99839 58.1369 2.28959 4.50603 22.2894 23.5065 28.9637 9.63244 23.3796 
20.9667 40.9408 21.4454 41.6934 46.838 1.59479 5.68635 68.4665 9.9804 63.7821 0.296857 305.77 56.7608 11.3102 89.3789 0 23.8319 55.3841 20.5247 8.61461 50.7827 10.8185 12.3351 16.4801 34.8174 19.7125 14.9631 20.743 
465.383 575.988 28.5779 446.228 22.6515 434.044 1.27642 99.6693 498.545 40.4683 31.7616 85.139 43.3421 1.40652 29.8772 11.3412 0 226.34 333.265 33.1842 65.1106 1.46145 19.1546 7.97117 430.281 4.03537 17.8088 3.50713 
142.703 468.664 161.532 108.747 225.717 111.632 234.413 42.2057 108.153 135.555 89.8951 77.5583 7.41081 17.1457 1.39173 45.8825 269.465 0 0.119133 5.78989 17.0112 42.188 0.855733 28.0311 3.15783 56.209 2.67851e-06 1.54211 
109.414 148.781 58.0442 52.336 299.201 61.245 7.80107 0.137776 12.3269 54.6963 126.582 81.9539 0.235577 27.4783 0.00284971 27.2554 212.356 2.78448 0 9.51655 70.1552 1.81363 11.0641 12.2013 8.34309 6.173 16.6 18.7283 
219.668 4.89928 27.4338 41.6824 37.4909 9.569 64.5181 100.809 13.6974 51.0812 7.61164 52.3158 1.70047 4.16573 0.867757 9.64603 1.06024 10.472 0.00860324 0 216.63 0.791294 0.123086 5.40928 9.6486 11.9636 3.81007 0.174856 
45.6832 37.335 0.452945 11.5318 113.951 45.5608 112.957 73.1344 184.652 24.3281 101.713 58.6222 55.7892 7.53467 51.3666 63.0051 45.9419 29.5958 43.6695 268.694 0 20.853 23.5002 0.272381 60.4509 46.8426 7.7924 45.2957 
1.43138 0.654455 1.4551 2.82061 18.6272 6.35871 0.0477133 0.0680303 69.8509 26.4264 73.5384 10.4136 89.7951 1.81962 15.6236 11.9056 7.98528 39.1411 2.75083 6.35457 1.217 0 3.69826 4.39121 17.4011 3.70064 12.8084 10.5466 
44.6849 26.4859 9.99168 4.19711 40.2698 4.91822 19.7408 68.5991 101.811 50.1891 133.114 53.3553 82.756 8.96321 21.5754 11.4013 13.3308 4.9333 3.32183 0.0508511 25.9009 3.60593 0 20.8845 3.32662 0.634674 0.105451 9.82337 
48.597 6.67798 5.90543 0.0495863 12.1573 17.8493 47.4728 13.6076 54.9598 59.5733 86.2274 86.515 36.2162 10.391 27.8593 9.64526 1.23989 26.6298 6.52897 5.05035 6.0174 13.7969 0.515189 0 36.2481 16.0326 18.5183 0.586351 
499.686 447.41 0.167844 462.379 55.2456 453.147 84.6441 172.313 441.861 0.288045 54.2867 998.573 9.51093 14.693 21.2483 53.5263 446.804 1.40907 29.2275 2.78706 43.4712 82.9025 9.36597 68.8364 0 45.2985 58.2614 68.8318 
74.0502 38.2554 23.4378 17.0343 25.6814 27.7227 94.161 62.48 1.20189 2.54446 145.427 13.836 35.2338 2.18109 23.5275 14.8287 0.649151 55.5197 28.2704 0.587583 7.55859 8.44954 9.74703 16.705 5.70515 0 10.2931 47.3906 
47.6648 5.54545 1.2152 27.4409 12.4556 0.0264923 0.95785 7.12805 12.9434 1.33075 46.0372 93.6784 0.0474475 4.48541 0.00824697 16.0344 2.17581 9.18559 24.3744 10.9897 10.5869 12.8245 12.8154 16.9574 15.5528 0.197481 0 37.1145 
0.623371 55.0048 1.96109 26.7568 56.2488 0.36537 0.000361712 1.2068 70.3993 11.469 104.574 51.8833 44.9115 11.3721 17.4098 22.6098 0.499137 3.48763 17.629 3.24594 6.72065 1.52387 7.42056 1.28438 28.2282 0.281063 91.2574 0 
