0 497.142 117.693 564.253 4.26714 460.727 117.611 306.384 444.872 43.2845 161.967 21.3565 107.512 8.85381 3.50994 9.01498 473.596 205.565 17.1183 84.2933 243.864 26.3873 33.0411 20.8942 444.955 18.9063 2.90725 34.2688 
464.842 0 136.692 708.45 1.40228 643.675 156.559 1.34197 526.367 232.965 60.7713 23.4042 16.5864 71.1342 16.1631 52.3241 450.794 496.036 139.131 138.676 75.1451 9.55988 31.0881 61.865 517.309 70.8104 11.4162 3.19469 
206.716 334.195 0 122.212 1.7691 34.9141 249.766 0.629078 289.105 18.487 0.342 126.999 62.9267 1.0434 28.7831 0.271918 1.28358 8.58159 38.4359 15.8069 2.26914 12.4899 12.256 12.5662 17.5862 1.99473 1.20433 7.95225 
518.835 707.639 152.981 0 67.1617 471.386 193.448 28.7362 760.675 4.1294 151.376 160.233 55.3126 5.22555 20.8911 34.034 494.124 0.222925 0.825669 40.3781 73.1602 16.8319 19.206 0.314034 487.177 22.5905 5.53074 10.9208 
146.705 266.003 12.4371 105.577 0 400.875 2.73748 200.729 273.912 262.953 15.5728 7.77632 56.1351 43.4325 70.5559 36.4951 9.34571 176.125 300.39 16.6454 82.5412 47.0144 14.5622 37.1432 46.4843 1.24025 30.8545 47.2429 
509.254 447.231 0.568417 508.609 239.402 0 127.076 173.647 741.776 343.851 267.529 3.90574 197.248 15.289 1.32921 24.9002 456.351 40.6846 6.81006 17.1482 72.535 19.9272 11.3093 11.1578 455.918 19.4822 3.86834 10.2031 
26.3959 175.525 0.803749 5.53911 303.417 89.7715 0 282.574 1056.23 139.884 486.273 154.102 0.124361 1.24629 0.103558 28.0468 89.2076 231.807 2.18022 52.6861 91.5919 0.0141873 48.96 3.05858 20.4523 33.8329 14.1995 4.70359 
14.8457 249.368 271.116 146.916 194.412 84.0012 219.765 0 596.677 157.927 221.85 563.66 136.549 88.4127 123.186 101.358 98.2748 85.4765 55.887 39.0734 156.474 41.6909 100.49 0.193447 102.565 32.1069 7.42993 72.9665 
692.625 852.861 460.438 450.148 127.167 566.957 1235.68 7.29705 0 295.108 291.99 299.837 128.437 153.521 227.238 146.618 445.985 18.0484 31.179 102.018 185.188 69.6927 92.5521 99.1914 561.288 25.3284 70.0147 75.4366 
151.834 218.724 3.80977 106.88 154.166 94.7084 363.614 211.105 83.7419 0 530.957 240.556 39.3665 0.417986 57.609 0.0102258 37.104 129.352 115.558 12.6649 59.511 36.2766 59.3959 22.7121 0.666208 32.1353 47.5395 15.4481 
11.1019 11.3726 237.825 170.693 166.766 248.78 469.257 192.722 866.698 11.8248 0 510.838 87.3084 171.536 53.6057 1.83515 70.6533 10.7581 106.975 86.508 6.86786 4.84196 42.2372 2.24315 139.471 134.946 83.3999 29.2428 
9.64991 11.8971 145.348 23.3225 165.695 14.0933 280.108 211.81 105.743 14.3829 354.279 0 141.996 71.1963 73.3808 402.627 7.81228 67.8279 75.6902 89.2904 116.44 0.276568 80.2383 162.674 103.199 333.328 1.85444 40.7881 
0.121767 3.59165 16.0943 72.773 108.124 65.7701 154.548 9.06874 85.916 257.69 236.723 124.434 0 124.044 84.2922 15.4317 64.1578 94.6432 68.3929 41.7456 53.8278 45.491 88.3492 20.1002 6.84706 0.505428 1.18996 1.30488 
16.683 0.0599873 4.26803 14.7701 2.97347 18.0638 96.8377 78.7668 143.484 79.3743 27.4219 61.0304 90.2554 0 11.6485 18.5786 14.0827 1.63515 5.21871 3.61979 43.1003 3.67753 9.56949 8.93292 13.4685 12.909 8.49369 8.10514 
62.2395 80.3174 31.6139 24.2642 62.0526 38.2085 7.73002 10.8939 53.2555 94.6897 9.90888 34.9397 111.913 41.1795 0 82.6225 0.182072 64.0005 30.5813 10.1051 58.1663 2.08724 3.76532 21.4444 24.1512 29.3691 9.35316 23.3535 
19.5744 42.534 21.8361 42.0756 45.6249 1.33133 4.64783 79.5007 12.1614 61.5339 1.36994 347.875 58.6548 10.3776 87.4367 0 23.9858 54.8607 20.1686 8.52431 51.55 10.9288 12.2339 14.8305 34.4276 18.4392 15.2105 21.0262 
483.273 596.161 29.6403 466.901 20.0724 454.55 1.71552 99.7626 519.945 39.1421 32.9373 85.4874 42.6011 1.30238 29.933 11.6141 0 215.382 140.957 33.0322 65.4462 1.37472 19.1584 8.15231 449.811 3.84001 17.6725 3.36252 
149.582 463.235 162.45 105.269 222.895 109.784 234.522 39.2789 103.031 133.963 86.7805 75.103 6.6489 16.5214 1.12475 46.6159 275.243 0 0.403203 4.97712 15.7022 42.1377 0.99107 28.557 3.49 56.6663 0.00380616 1.73115 
108.25 145.469 57.408 51.4618 300.852 63.6663 9.58238 0.29355 14.1497 57.5398 127.182 80.8775 0.401386 27.4573 0.019748 27.4877 210.727 1.90681 0 9.98656 69.8114 1.94393 11.3037 12.4435 8.05251 5.89482 16.4152 18.4963 
222.584 3.40676 27.2922 40.6395 35.5512 10.0137 62.6564 99.0387 15.0966 51.5987 6.8652 50.6328 1.50017 4.12869 0.790807 9.62573 1.22624 9.39847 0.0326212 0 190.222 0.756884 0.10929 5.35615 9.48471 11.9933 3.90797 0.207204 
39.6213 34.0962 0.124396 3.85749 112.408 44.307 110.77 68.5437 185.464 25.5702 104.022 55.6169 54.9906 7.1417 51.8638 63.0231 46.6859 27.9628 44.5466 288.603 0 21.1023 23.0814 0.191443 60.5175 47.6535 7.46783 45.6676 
1.58009 0.531231 1.36966 2.69377 17.9701 6.64131 0.0121587 0.026461 69.9091 27.4564 72.9724 9.70937 90.1091 1.99713 15.8109 11.8764 8.15395 39.3432 2.90747 6.36228 1.31694 0 4.11328 4.10112 17.4079 3.58441 12.8201 10.5452 
44.4224 27.2507 10.1489 4.44134 40.9419 4.67667 18.6511 66.724 102.042 51.0358 133.474 56.3939 84.1946 9.26899 20.8392 11.1588 13.4817 4.63884 3.15548 0.0420583 25.4937 4.0176 0 20.7654 3.8113 0.548316 0.14421 9.77383 
49.2128 6.14586 5.65538 0.0159893 11.5664 17.8991 48.5788 15.7984 56.805 59.8218 89.1098 93.0002 37.6796 10.4005 28.023 11.2285 1.15358 26.0982 6.7458 5.10943 6.4107 13.8852 0.127388 0 34.7101 15.8723 18.6509 0.498255 
519.542 466.022 0.0948233 482.757 55.9557 472.753 83.6923 176.101 463.5 0.145651 57.7827 1003.39 10.1217 14.9044 21.9466 42.2828 466.757 1.63741 29.3733 2.93076 44.2073 67.695 8.44008 68.5245 0 21.2098 118.067 112.998 
73.2706 36.781 23.8554 18.1516 24.6634 27.6507 95.0701 71.1367 0.639441 3.14328 142.113 25.8149 34.4368 1.97394 24.2597 13.5506 0.567144 56.002 28.4552 0.662162 8.17696 8.34742 9.65347 16.6992 4.86387 0 11.2532 50.2002 
47.3657 5.19219 1.1026 27.3799 12.0396 0.0125759 1.14842 8.01031 12.1773 1.52437 47.2633 91.6345 0.0244275 4.34926 0.000790448 16.2517 2.27593 9.51171 24.377 10.9783 10.9557 12.8323 12.9018 17.1848 14.5007 0.380145 0 42.6806 
0.803878 55.61 2.15899 27.1975 56.3981 0.449113 0.0219154 0.692845 71.9171 12.1575 105.451 56.7475 44.9502 11.2895 17.7797 22.691 0.55969 3.76334 17.8672 3.36058 7.12515 1.4552 7.53988 1.41944 28.4824 0.892895 92.4446 0 
