0 491.811 115.217 546.962 3.71378 448.538 119.864 305.93 433.297 42.4908 162.758 22.2154 107.62 8.71291 3.38217 9.2694 462.437 204.359 16.7113 82.5471 243.75 26.4806 33.1745 20.69 433.392 19.2243 2.84108 34.4775 
457.319 0 126.52 700.125 0.670152 634.084 164.17 1.04949 511.262 233.717 62.3763 22.5967 17.0625 71.1645 15.7984 51.9365 438.864 134.668 140.05 138.33 74.1457 9.44764 31.2789 61.8489 505.892 70.543 11.2958 3.28817 
207.398 344.426 0 111.92 2.13305 34.2617 249.74 0.972524 279.888 19.1064 0.18272 125.601 62.6846 1.08467 28.941 0.242513 1.205 9.1939 38.7514 15.6335 2.03603 12.4965 12.24 12.6177 17.4544 2.07311 1.17581 8.03413 
502.362 692.684 149.011 0 65.9444 460.31 192.609 284.385 747.271 3.88231 149.956 162.78 55.572 5.13975 21.1065 33.7892 482.37 0.152733 0.892953 40.1038 373.338 16.8341 19.222 0.287771 475.522 22.8764 5.60482 10.7874 
144.421 257.566 11.5584 106.761 0 405.661 3.70528 199.928 276.726 265.987 14.7242 7.42987 55.1323 43.7134 70.1398 36.8069 9.79623 177.557 300.719 16.2682 82.0074 46.8803 14.7262 37.315 46.6992 1.311 30.7381 47.3682 
496.732 436.22 0.454685 497.256 652.652 0 465.014 172.16 739.014 131.255 266.596 4.22929 429.468 15.3956 1.43105 24.8161 444.976 41.3874 7.15941 17.2513 72.3827 19.9524 11.3708 11.0898 444.217 19.602 3.91321 10.2821 
27.7623 183.365 0.4856 4.93467 298.178 113.852 0 286.707 1091.03 147.81 486.745 156.251 0.0587331 1.37326 0.168919 27.5176 88.8347 232.147 1.95796 53.178 90.9597 0.0213636 49.2485 2.94109 20.8103 34.3319 14.3544 4.56912 
16.0062 247.701 271.98 142.516 193.521 85.8335 224.232 0 602.875 159.293 225.154 538.243 136.902 87.7185 121.782 98.3828 98.3577 84.6013 56.3477 39.6598 155.425 41.4951 100.362 0.132712 100.988 30.4757 7.21265 73.7412 
680.072 841.553 457.195 439.682 123.95 563.458 1213.64 5.25947 0 298.882 890.487 303.233 129.656 153.722 230.35 146.208 434.488 17.3507 30.5277 101.808 185.381 69.7189 92.8416 99.2833 549.304 26.0111 70.1858 75.7957 
152.139 219.892 4.11538 106.841 150.421 82.5471 355.599 210.392 87.4516 0 523.66 241.116 36.6012 0.344905 58.7924 0.0014495 36.7745 128.879 115.904 12.8542 59.8618 36.0216 59.3135 22.4494 0.604618 31.7447 47.5567 15.6372 
11.5993 10.6159 237.222 171.878 165.018 250.501 466.801 189.355 864.899 15.0376 0 509.204 85.4811 173.232 58.5655 2.28202 70.9261 11.1394 107.4 86.4975 6.60889 4.71034 41.4504 2.04605 139.092 133.993 83.5083 29.6984 
9.07032 11.3075 146.59 24.8448 166.156 13.5162 279.547 191.594 102.325 15.2469 360.255 0 142.468 72.4968 70.5266 411.159 7.66404 67.2178 75.9854 89.0637 117.172 0.246188 80.977 163.762 93.4922 328.057 2.00592 39.6824 
0.0945939 3.3645 15.8103 72.7366 107.065 66.4202 156.033 8.75648 87.1613 261.275 235.734 123.803 0 125.556 83.4228 15.8279 64.1933 94.4034 68.6675 41.6978 54.0311 46.059 88.5712 20.4321 6.71601 0.545534 1.22325 1.26133 
16.5068 0.0439578 4.19453 14.8691 2.85811 18.1522 96.8006 79.4976 143.571 79.6227 28.8791 59.7681 88.3915 0 10.5291 18.6677 14.1349 1.69349 5.153 3.6314 43.1536 3.62239 9.60095 8.99888 13.5347 12.9224 8.46344 8.06216 
62.0363 80.6847 31.4993 24.474 62.5034 38.0462 8.2196 11.6022 54.9997 93.6002 12.2472 37.1315 111.447 39.7886 0 83.7858 0.195094 64.1294 30.4715 10.1313 58.1703 2.03792 3.58868 21.227 24.3093 29.4636 9.2834 23.3445 
19.2314 42.9323 21.9306 42.1612 45.3201 1.26899 4.40378 82.333 12.7374 60.9647 1.75979 357.95 59.1225 10.1431 86.68 0 24.0235 54.727 20.0791 8.50124 51.7388 10.9556 12.2046 14.4169 34.321 18.1186 15.2714 21.094 
471.23 584.66 29.9055 455.552 19.4482 443.162 1.83528 99.7803 508.773 38.8109 33.2329 85.5709 42.4149 1.27693 29.9459 11.6824 0 212.547 44.8495 32.9924 65.5275 1.35343 19.1589 8.19772 438.176 3.7918 17.6382 3.32677 
151.285 460.214 162.625 104.384 222.138 109.304 234.491 38.5592 101.752 133.55 86.0015 74.4892 6.46443 16.3663 1.06237 46.7974 276.521 0 0.500401 4.78297 15.3818 42.1241 1.02642 28.6882 3.57544 56.7779 0.00587664 1.78006 
107.947 144.613 57.2415 51.2389 301.055 64.2624 10.0545 0.341564 14.623 58.2523 127.321 80.6048 0.449662 27.4508 0.0263437 27.5447 210.183 1.71294 0 10.1052 69.7223 1.97714 11.3636 12.504 7.98038 5.82605 16.3688 18.438 
223.111 3.07484 27.2515 40.369 35.0694 10.1254 62.1867 98.5849 15.4553 51.7244 6.68406 50.2116 1.45199 4.11929 0.77209 9.62002 1.26954 9.13809 0.0410348 0 183.492 0.748384 0.105966 5.34268 9.44348 12 3.93253 0.21571 
38.16 33.304 0.074291 2.855 112.014 43.9925 110.215 67.4077 185.642 25.8839 104.595 54.8716 54.7895 7.04479 51.9855 63.0229 46.8709 27.5596 44.7651 293.09 0 21.1645 22.9765 0.173426 60.5307 47.854 7.38753 45.7589 
1.61837 0.50241 1.34866 2.66242 17.8069 6.71247 0.00692477 0.0190786 69.9203 27.7145 72.8267 9.53663 90.1699 2.04251 15.8565 11.8682 8.19623 39.3928 2.94722 6.36407 1.34251 0 4.21923 4.02951 17.4098 3.55551 12.8226 10.5445 
44.3547 27.442 10.1877 4.50318 41.1086 4.61685 18.3818 66.2514 102.088 51.243 133.537 57.1566 84.5352 9.33268 20.6469 11.0948 13.5192 4.56647 3.11446 0.0399891 25.3915 4.12278 0 20.6946 3.93667 0.527662 0.154834 9.76092 
49.364 6.01587 5.59322 0.0104825 11.4204 17.9102 48.8532 16.3682 57.2649 59.878 89.8218 94.6235 38.0449 10.3985 28.0525 11.6319 1.13246 25.9652 6.80033 5.12404 6.5107 13.9051 0.0708933 0 34.309 15.8297 18.6821 0.477308 
507.981 454.16 0.0797936 471.328 56.1306 461.133 83.4461 176.997 452.405 0.117555 58.6627 420.344 10.2768 14.9556 22.119 39.4483 455.226 1.69707 29.4087 2.9671 44.3898 63.1915 8.21367 68.29 0 16.6384 136.01 120.064 
73.0683 36.4133 23.9569 18.4327 24.4105 27.6297 95.2847 73.3518 0.526204 3.30241 141.253 29.3497 34.2365 1.92346 24.4385 13.2335 0.547478 56.1199 28.5004 0.681461 8.33479 8.32165 9.62918 16.6949 4.66272 0 11.4971 50.8724 
47.2892 5.10551 1.07525 27.3631 11.9363 0.00989778 1.19871 8.23823 11.9888 1.57475 47.5693 91.1156 0.0198537 4.31535 0.000154653 16.3049 2.30127 9.59389 24.3771 10.9751 11.0485 12.8339 12.9225 17.24 14.2426 0.434979 0 44.0841 
0.852536 55.7587 2.20979 27.3057 56.4331 0.471371 0.0324971 0.586401 72.2927 12.3319 105.659 57.9818 44.958 11.268 17.8709 22.7078 0.575356 3.83379 17.9265 3.38942 7.22785 1.43824 7.56944 1.45415 28.5489 1.09886 92.6368 0 
