0 192.625 83.0333 76.4762 0.0135771 36.399 149.275 295.98 30.7877 32.6284 172.302 34.7009 108.717 6.96639 1.92936 12.8474 62.8673 187.037 11.8075 41.3456 239.326 27.6801 34.8742 18.0784 28.6577 23.5116 2.04667 37.1691 
134.833 0 24.9241 327.982 15.3579 250.412 269.184 0.518633 66.237 240.645 84.4419 13.2853 23.7665 71.3321 11.3757 46.8324 30.0387 777.472 151.038 132.365 61.3794 8.03679 33.7436 61.4997 102.617 66.867 9.77489 4.6179 
211.014 447.264 0 14.0996 9.85766 25.8398 242.215 12.0674 159.23 27.848 2.61103 106.833 59.3376 1.68728 30.8043 0.0130453 0.406758 18.8873 42.7579 13.3634 0.150955 12.566 11.9998 13.2562 15.718 3.2146 0.834649 9.11327 
46.9955 236.895 14.2838 0 50.5499 61.7611 178.909 812.861 309.938 1.35022 130.529 194.298 58.8171 4.07279 23.8823 30.408 74.7815 0.44468 2.00138 36.2208 639.896 16.8419 19.3797 0.0503621 69.1298 26.5673 6.6001 9.09559 
114.712 151.704 2.98068 121.541 0 437.867 29.0895 188.427 309.736 300.269 5.78365 3.62469 42.6043 47.3058 64.542 40.8569 16.5248 195.007 297.337 11.6925 74.9791 45.0745 16.9104 39.5113 49.4351 2.40376 29.2133 48.9368 
79.3989 43.8473 0.132449 94.3348 81.3515 0 234.75 151.214 434.721 358.399 248.848 9.55082 350.05 16.7317 3.07663 23.6101 42.5661 50.7583 12.3977 18.5488 70.1981 20.2316 12.1501 10.1956 37.4618 21.1091 4.51407 11.3119 
48.1399 289.558 3.60033 0.24017 226.477 607.463 0 336.207 1305.56 258.836 478.049 183.711 1.41761 3.56869 2.45383 20.9576 83.7674 234.506 0.152685 59.4952 82.6178 0.247477 52.9049 1.61685 25.6517 40.9546 16.4181 2.98969 
34.6945 223.935 276.538 33.4928 180.928 110.047 280.713 0 656.532 176.189 266.612 225.016 141.036 78.4109 102.985 61.8792 99.2313 73.305 62.3384 47.4538 141.204 38.9258 98.2718 0.38181 80.5459 12.801 4.66412 83.7024 
260.022 431.14 385.899 58.1676 84.2999 273.212 735.254 9.15472 0 342.136 941.474 343.456 145.071 154.863 156.141 139.705 30.6666 9.45717 22.5582 98.6736 186.961 69.9372 96.2376 100.09 138.313 35.4859 72.2878 80.2885 
155.22 232.538 9.0926 105.616 103.158 2.6776 244.043 199.569 140.061 0 406.487 246.029 9.3201 0.0339079 74.2715 0.609468 32.528 122.238 119.727 15.4015 64.3669 32.6787 58.0122 19.0996 0.0750506 26.7449 47.7028 18.1582 
18.9707 3.10256 225.141 185.589 141.813 267.494 421.961 145.914 861.777 88.7232 0 474.351 62.749 192.584 137.012 12.3712 74.3805 16.6458 112.622 86.1223 3.68099 3.15646 31.6383 0.304118 133.277 120.712 84.7286 35.8077 
3.1334 4.96301 161.433 48.2897 171.496 7.04446 269.446 15.8356 61.7226 28.5411 430.952 0 148.076 89.5309 37.362 486.885 5.85607 59.3532 79.7094 85.8423 126.393 0.011952 90.3114 175.879 39.1563 247.882 4.50025 26.3816 
0.0532622 1.07903 12.2954 72.0374 93.11 55.9656 174.29 5.17263 103.495 301.115 220.7 115.253 0 142.428 71.6547 21.3052 64.5484 91.0953 72.0803 41.0081 56.628 53.3974 90.6633 24.879 5.11445 1.20371 1.69611 0.76099 
14.2675 0.0618857 3.28032 16.1301 1.55995 19.2243 95.7544 88.7488 143.495 82.2649 50.4734 44.0005 64.0204 0 0.865524 19.3278 14.8059 2.54088 4.32896 3.77864 43.7804 2.92711 9.4982 9.73195 14.3429 13.0277 8.06098 7.49308 
59.2339 85.1448 29.7981 27.1406 68.2124 35.6588 15.8218 22.6282 79.3911 78.7916 62.9445 70.2326 104.233 21.0945 0 89.2948 0.404915 65.6614 28.9949 10.4563 58.1017 1.44471 1.63916 18.2147 26.2448 30.4326 8.38078 23.1392 
14.974 48.0937 23.0365 42.9044 41.3169 0.590479 1.81481 120.965 21.2823 53.3651 11.1369 462.09 64.9517 7.11944 68.309 0 24.4859 52.8898 18.9006 8.18409 54.0777 11.2739 11.6782 9.17683 32.6185 13.9372 16.0259 21.8617 
60.1361 179.497 33.3277 53.3897 12.1356 40.5935 3.74947 99.8016 108.778 34.5322 37.1266 86.52 39.9632 0.967785 30.0721 12.5733 0 173.049 194.433 32.4089 66.4872 1.09082 19.1494 8.79182 32.2748 3.18883 17.1843 2.8769 
172.619 372.132 162.868 92.4247 210.471 102.474 232.017 29.6687 85.2925 127.65 75.8942 66.5333 4.29086 14.3897 0.411985 49.0862 286.776 0 2.70774 2.59656 11.4831 41.9064 1.5406 30.3796 4.77337 58.1251 0.0736362 2.47509 
103.573 132.573 54.8154 48.1944 296.038 71.6039 17.1241 1.29423 21.3904 67.5227 128.675 76.9358 1.32401 27.3194 0.19819 28.2418 196.173 0.135817 0 11.6841 68.4493 2.43215 12.1422 13.2891 7.06286 4.96088 15.76 17.6707 
222.453 0.299131 26.5283 36.5281 28.9508 11.5895 55.9526 92.2965 20.4235 53.2171 4.53546 44.7343 0.895349 3.99228 0.547984 9.52273 1.89747 6.05593 0.237862 0 97.4792 0.641726 0.0673295 5.16117 8.89852 12.0607 4.25476 0.341484 
21.3388 23.6969 0.591257 25.7299 106.614 39.8789 102.73 53.1465 187.03 30.068 111.83 45.4454 52.1334 5.83528 53.4706 62.8456 49.2345 22.5178 47.5737 330.014 0 21.9654 21.6061 0.0201221 60.5746 50.3751 6.376 46.8834 
2.15555 0.200494 1.08884 2.2688 15.7235 7.65375 0.0720157 0.0327369 69.9429 31.0815 70.7874 7.41477 90.3122 2.66613 16.3978 11.7269 8.7492 40.0024 3.48492 6.38244 1.69628 0 5.66233 3.1363 17.4441 3.18546 12.8402 10.5256 
43.403 29.9312 10.6688 5.33269 43.2206 3.86204 15.0062 59.9944 102.245 53.7616 133.378 67.1134 88.2331 9.66338 17.8902 10.149 14.0004 3.6724 2.6022 0.0178109 24.0505 5.558 0 18.3741 5.70381 0.29388 0.32668 9.57431 
51.2264 4.44154 4.80071 0.0443034 9.58755 18.0054 52.3353 24.5364 63.1743 60.3899 98.7156 115.521 42.7498 10.2133 28.0206 16.9767 0.874792 24.2324 7.52095 5.30786 7.86824 14.0854 0.825865 0 28.6136 15.187 19.0161 0.245048 
102.789 45.3995 0.00238567 67.9042 58.3059 55.3341 79.9558 186.614 53.9607 0.0261468 70.253 91.489 12.3721 15.5554 24.2672 13.2509 50.6516 2.56639 29.8332 3.45378 46.6995 17.8642 5.48514 60.8047 0 43.2512 99.4615 31.5127 
70.1796 31.6822 25.1619 22.129 21.1828 27.2462 97.6054 103.466 0.0582299 5.70593 129.025 92.3069 31.6037 1.31877 26.5874 9.26776 0.323038 57.5519 29.0476 0.955708 10.4995 7.97832 9.28176 16.5383 2.40468 0 14.785 58.2769 
46.2338 4.03905 0.749524 27.09 10.6224 0.00423734 1.9478 11.4597 9.65119 2.30112 51.5215 84.1097 0.00349918 3.87954 0.0365852 16.9534 2.64193 10.6851 24.3608 10.9235 12.2787 12.839 13.1598 17.897 11.1243 1.47488 0 62.0623 
1.61243 57.5966 2.91683 28.6378 56.8007 0.808234 0.358958 0.0103541 77.0201 14.6776 107.958 74.5388 44.9901 10.9616 19.007 22.796 0.798101 4.80339 18.688 3.7706 8.6172 1.22554 7.94311 1.93829 29.511 5.61211 91.2809 0 
