0 313.907 64.8509 92.888 0.908781 76.972 166.365 286.733 78.3923 27.2658 177.238 43.1193 109.095 6.0148 1.258 15.177 110.071 175.563 9.27201 14.2882 234.216 28.3737 35.8427 16.5833 72.8982 26.157 1.63678 38.7327 
248.194 0 1.07373 382.042 44.1912 302.627 331.794 3.05099 92.5274 242.185 98.2986 8.88283 28.1371 71.2341 9.06454 43.7862 72.4877 38.1077 156.595 127.639 54.119 7.24861 35.1799 61.1734 147.336 64.5396 8.91848 5.49912 
208.516 472.115 0 7.37439 16.8835 21.0661 231.77 24.0824 95.6677 33.5202 7.89619 95.4622 57.2029 2.09738 31.7256 0.0119439 0.133402 25.9917 45.02 12.0265 0.0510639 12.5927 11.8304 13.6039 14.6808 3.98833 0.659648 9.75967 
75.3771 246.894 117.904 0 42.0021 109.461 168.621 570.622 328.408 0.464481 118.45 210.944 60.6114 3.48972 25.4836 28.27 117.03 1.66073 2.85425 33.6954 63.049 16.8293 19.4292 0.00159449 111.998 28.6957 7.21306 8.13997 
97.5569 97.2193 0.526385 129.575 0 404.06 54.3636 180.769 325.587 315.255 2.40331 2.00357 35.7399 49.3619 61.1007 43.23 21.2074 204.126 288.799 9.30076 70.7795 43.9588 18.239 40.7707 50.9915 3.19636 28.3048 49.8075 
116.216 99.5747 0.949735 138.831 840.114 0 868.96 137.739 519.722 341.572 233.911 13.6197 594.233 17.4704 4.31314 22.807 88.0678 56.4287 16.0437 19.2712 68.7382 20.3531 12.59 9.66207 80.3316 21.9488 4.88268 11.9203 
62.1683 351.281 11.6136 0.287337 183.201 872.972 0 360.704 1192.8 325.369 460.363 199.222 4.1264 5.32456 5.02507 17.4045 80.6044 234.083 0.0422855 63.1235 77.6215 0.495952 54.9682 1.01667 28.6516 44.9462 17.6758 2.2087 
48.5987 208.363 273.335 0.0586849 172.707 124.345 311.463 0 662.644 185.277 289.174 88.0307 143.062 72.7351 91.6356 43.1193 99.5679 66.7608 65.8554 52.1597 132.396 37.3949 96.6854 1.42941 68.7735 5.76142 3.4092 89.425 
293.258 464.351 323.873 123.16 63.4155 385.77 394.303 37.4106 0 361.608 1198.48 363.126 153.682 154.27 95.7809 134.899 75.4956 5.87393 18.3312 96.4907 187.083 69.9593 97.9069 100.227 178.225 41.5304 73.4166 82.7697 
156.255 237.64 12.8533 104.279 77.5778 32.7303 177.769 191.924 173.653 0 324.925 246.828 1.53363 0.408088 83.2669 1.59076 30.0679 117.93 121.373 16.9708 66.9659 30.6924 57.0501 17.1923 0.000558901 23.888 47.7219 19.6924 
24.0661 0.75821 214.559 192.047 127.908 272.503 385.681 121.201 831.238 155.344 0 442.988 50.4602 201.31 190.99 21.838 76.3308 20.3509 115.414 85.6946 2.34452 2.3799 26.2838 0.000974095 129.115 112.222 85.2811 39.5499 
1.06434 2.40815 168.893 64.8617 174.059 4.1699 261.151 4.39253 41.7742 38.0455 464.686 0 150.897 99.5004 22.0259 495.035 4.89601 54.7954 81.799 83.7144 131.543 0.0141542 95.5222 181.11 73.8177 194.877 6.41707 19.598 
0.300383 0.32184 10.3892 71.4303 84.8129 35.8664 183.964 3.48496 113.146 317.562 210.088 109.947 0 149.536 64.4411 24.7855 64.6642 88.9857 73.9463 40.543 58.1157 57.6352 91.1892 27.5952 4.26234 1.70935 2.0094 0.523978 
12.996 0.26923 2.78131 16.8466 0.973741 19.7848 94.6535 93.9295 142.41 83.2941 65.1191 35.4329 50.1453 0 0.239731 19.2698 15.1947 3.11665 3.87051 3.86208 44.0915 2.53919 9.00362 10.0455 14.7705 13.0292 7.81623 7.15009 
57.4506 87.48 28.6241 28.6465 71.4226 34.0291 21.3053 30.5837 94.8732 69.7057 107.496 92.9217 99.0624 11.35 0 83.8256 0.563632 66.4365 28.0855 10.6334 57.9563 1.13862 0.823616 16.3203 27.269 30.7701 7.85408 22.9419 
12.6574 51.1025 23.5754 43.0151 38.932 0.308468 0.810396 144.377 27.1681 48.7663 20.2225 491.603 68.1345 5.43614 52.2678 0 24.7338 51.7236 18.1943 7.98278 55.3501 11.4349 11.2488 6.3866 31.3608 11.5299 16.4366 22.2114 
100.55 222.428 35.3097 98.9633 8.56605 86.0147 5.18297 99.6331 155.499 32.0433 39.4605 86.9605 38.4942 0.804659 30.1109 13.1001 0 148.348 43.0882 32.0086 66.9675 0.948529 19.1298 9.14499 75.6399 2.85456 16.9099 2.62493 
184.292 310.446 161.251 85.0683 202.115 97.9704 228.772 24.8686 75.8253 123.737 69.9877 61.8844 3.20918 13.2618 0.169592 50.3695 287.09 0 4.81609 1.60983 9.4248 41.7435 1.89077 31.3628 5.55346 58.8274 0.149066 2.93567 
100.638 124.773 53.1693 46.2824 286.584 75.5133 22.0559 2.13914 25.8823 72.9418 129.086 74.6721 2.05178 27.2018 0.374073 28.6144 180.475 0.0350997 0 12.6439 67.6014 2.72015 12.6004 13.7496 6.54034 4.47707 15.3961 17.2106 
215.6 0.0282635 25.9392 34.0218 25.4971 12.4583 52.1946 88.2827 23.5986 53.9708 3.45323 41.5215 0.628677 3.91335 0.432975 9.44555 2.32304 4.51444 0.429544 0 54.2415 0.582251 0.0485734 5.04878 8.57044 12.0733 4.44703 0.428691 
13.5055 18.6861 1.90617 57.6937 103.201 37.4429 98.1081 45.2614 187.038 32.6186 115.897 40.15 50.5327 5.16765 54.259 62.5903 50.5892 19.7313 49.1975 330.839 0 22.4311 20.794 0.000408963 60.4899 51.7811 5.80865 47.4907 
2.50625 0.0861524 0.947449 2.0492 14.5327 8.22076 0.226095 0.136169 69.8496 33.0667 69.4619 6.27562 89.832 3.06002 16.6716 11.6142 9.07791 40.3307 3.81972 6.38898 1.92317 0 6.55503 2.64732 17.4726 2.97277 12.8374 10.5053 
42.7806 31.3953 10.9317 5.84226 44.4148 3.43892 13.1349 56.2316 101.956 55.0857 132.434 72.9604 89.7479 9.41471 16.0892 9.50408 14.2778 3.18687 2.319 0.0088657 23.2503 6.44803 0 15.9695 6.84882 0.187071 0.456922 9.44829 
52.2301 3.6167 4.34918 0.155795 8.56673 18.0186 54.3044 29.9531 66.5759 60.4999 103.589 127.395 45.4645 9.96913 27.6412 20.0291 0.737765 23.2098 7.95517 5.41066 8.717 14.1222 2.49111 0 24.9737 14.7344 19.1494 0.143535 
146.347 87.1693 0.0596509 112.539 59.4983 98.6678 77.6593 190.422 102.065 0.210787 77.141 158.378 13.6726 15.8497 25.4398 14.5444 94.7656 3.15899 30.0514 3.7523 48.0029 29.2677 4.09244 54.3255 0 92.1809 62.7744 21.819 
68.2621 28.9509 25.7672 24.3182 19.3408 26.9261 98.5535 121.819 0.657892 7.40272 121.019 140.677 30.0316 1.00995 27.684 7.13114 0.217985 58.3061 29.3352 1.13716 11.8692 7.7691 9.05057 16.3587 1.40398 0 16.7967 61.27 
45.5595 3.46419 0.583892 26.8818 9.87363 0.0262856 2.47134 13.5747 8.3756 2.7904 53.8205 79.7826 0.0313743 3.6277 0.0968767 17.2965 2.85234 11.3474 24.3352 10.8838 13.0229 12.8289 13.2712 18.2287 9.5555 2.36323 0 71.7158 
2.16975 58.5939 3.37251 29.3537 56.9415 1.04752 0.714931 0.376247 79.6584 16.1234 108.952 84.585 44.9487 10.7574 19.6294 22.7348 0.945891 5.42094 19.1281 4.00028 9.48196 1.10706 8.15354 2.25113 30.1525 9.72408 87.2164 0 
