0 462.84 33.7326 453.987 18.4935 543.543 222.681 264.63 667.314 148.986 47.0295 157.65 101.531 3.91789 0.0817138 0.0933991 477.331 2.0582 46.1726 41.2955 156.804 18.4434 39.4732 0.157517 451.528 12.5116 34.2491 60.9766 
447.744 0 468.734 538.415 530.708 509.106 312.184 149.471 846.902 208.201 248.046 208.246 0.0499357 68.6241 49.3056 61.4057 576.508 732.031 31.23 39.4816 177.745 24.4145 56.7351 34.1166 524.134 66.3706 27.3061 49.9617 
41.8034 4.19175 0 143.397 10.1366 62.0921 155.944 270.647 351.323 113.903 117.897 4.62424 67.7567 0.194979 0.777693 17.8991 5.44161 82.0404 8.92588 20.6055 112.668 1.80969 8.55221 15.1538 22.1421 3.32958 9.36065 18.0427 
446.176 749.848 40.1458 0 19.1734 513.405 203.373 1055.71 628.809 97.6098 12.0607 9.18964 68.5344 3.99471 1.09746 5.39319 485.066 145.947 0.222614 1.55281 12.8639 0.786511 16.3032 1.02465 478.154 10.245 25.4685 6.11979 
48.6117 268.647 58.4934 138.462 0 404.244 100.033 141.892 182.871 62.6624 230.734 25.1668 177.256 60.8416 90.5468 55.2929 80.078 93.6332 45.5601 60.2819 49.4804 1.02898 54.3049 51.7512 65.6944 27.4556 12.7118 33.7377 
489.86 683.253 20.5438 485.196 17.4063 0 907.301 126.189 453.886 213.827 26.3173 134.315 558.112 4.45387 40.6314 25.4374 456.623 20.6095 90.4651 15.1531 56.9515 17.3019 15.4556 3.46617 451.539 16.313 20.1086 22.7333 
122.437 291.996 80.8664 28.6607 125.635 884.51 0 36.481 902.551 420.15 412.917 261.247 173.942 37.8578 116.915 100.552 75.139 13.4753 143.649 12.0241 93.0607 32.1258 60.6445 0.738145 13.9017 1.08854 60.5573 5.65323 
77.7876 27.1633 30.3558 142.523 151.329 135.941 81.0606 0 79.5193 51.3491 241.471 614.465 141.776 105.552 8.58153 82.9395 61.1452 121.953 98.695 1.01166 180.883 1.82301 101.364 131.499 6.15212 201.025 0.0216757 0.00831878 
452.968 479.043 121.163 565.81 222.441 475.769 108.064 650.643 0 143.56 1489.33 133.633 7.86704 3.21692 295.717 2.55277 479.661 189.749 105.031 106.555 129.76 25.0492 75.6689 97.3652 563.96 64.6029 61.3009 91.222 
49.9487 225.698 111.316 26.8718 187.175 530.012 84.2471 22.1974 344.432 0 505.53 67.8447 0.0124987 82.0417 71.1016 89.904 8.12119 146.366 23.4996 32.1777 99.2288 24.0857 60.5855 20.8014 1.26498 63.8379 13.2257 46.4015 
28.5784 221.279 160.521 176.292 69.7851 5.4667 314.26 172.53 75.9946 23.9822 0 188.931 38.6828 33.2354 174.277 117.976 84.1101 9.77171 116.444 69.71 0.150062 16.0389 123.437 105.432 55.7404 2.74897 67.2118 20.7907 
227.413 195.622 170.831 41.2205 144.628 158.451 44.7505 924.312 272.104 241.463 497.366 0 123.524 166.446 108.128 456.905 43.1534 21.9202 93.9127 81.7357 96.6068 33.7515 1.80826 185.907 123.296 155.714 4.6511 57.6685 
13.8592 36.0606 22.9661 65.6846 153.894 12.6865 159.75 4.54912 31.9843 325.833 19.2315 142.674 0 104.381 6.37039 27.1668 21.903 33.101 84.7555 5.74704 53.4578 15.1618 11.3633 0.633952 4.86269 19.9929 39.2395 30.0334 
0.540625 3.4019 10.1018 16.2249 0.491467 7.33259 51.1413 0.978309 1.52514 0.0107636 23.6909 5.0395 7.76507 0 47.2355 9.16544 10.8639 44.4108 8.14178 2.92444 17.9461 9.38053 6.46102 8.25959 7.26016 7.40515 0.0197375 2.5594 
46.8986 47.0759 8.55935 2.49252 32.8198 3.45255 135.135 128.034 8.52608 81.9082 93.0302 273.787 32.9861 62.0054 0 11.6126 28.276 60.3724 5.50596 8.63718 28.83 0.934263 17.3808 20.7107 0.0971526 4.72358 0.048113 23.3884 
43.2665 32.9204 2.25582 2.86364 26.3174 13.8552 78.9526 238.705 145.189 44.0071 120.77 415.814 0.295246 0.691823 0.511676 0 6.94604 12.2153 0.120687 3.11415 63.0226 11.9082 7.21075 24.187 10.1975 31.4729 18.4727 6.20052 
481.993 485.5 20.5119 480.604 150.755 454.891 8.02667 51.4853 557.329 9.3697 95.5049 32.5948 0.59437 19.1378 4.73259 20.579 0 78.7705 373.946 10.8144 25.2017 21.0272 0.110902 12.1214 467.046 19.2726 10.5941 22.5197 
191.148 168.478 127.381 46.8381 1.44409 74.4566 3.84379 73.2559 217.791 146.601 88.8573 27.2852 15.304 7.3663 16.2466 57.9185 9.36431 0 92.6039 16.2487 0.63799 0.117465 44.4632 35.7127 54.9562 43.4929 44.8921 51.1001 
116.763 29.035 57.7517 53.9974 41.7901 53.1908 96.9315 22.3807 5.80356 1.54373 129.168 10.678 15.0214 6.48737 17.2909 18.4023 39.1926 115.328 0 31.1281 9.15901 24.8363 16.8014 15.7652 14.7176 13.112 11.9403 7.14461 
223.132 59.727 5.07077 1.68135 79.0302 7.97393 92.8332 115.914 4.28063 56.1604 2.12373 38.7522 23.3781 0.000273468 4.53314 5.72785 23.7573 23.0235 13.5628 0 144.494 6.11687 3.64575 0.00538852 0.0436382 7.71351 7.54594 11.0561 
9.78091 158.968 119.889 47.9265 83.8056 22.4856 112.052 207.047 131.066 84.829 133.128 75.6844 2.70587 18.0379 46.4253 51.4639 50.8805 0.434643 64.9773 42.3549 0 5.91937 7.51007 32.3932 32.1103 62.8557 32.8737 24.5292 
40.0938 41.0979 8.29709 11.4246 8.96998 17.5968 30.3058 50.7402 22.7482 39.5875 23.396 12.8477 8.07253 0.170935 16.8513 9.70656 9.83202 3.37401 24.2328 0.0338503 27.7678 0 14.9492 13.159 21.6145 3.00404 0.646053 0.0135634 
5.26554 57.061 12.5863 14.1773 51.7067 0.767773 8.14156 85.8228 94.9905 45.6424 9.92093 11.7426 18.2142 7.34964 24.7236 4.84658 4.27947 31.0333 15.6945 3.79672 5.6828 14.9183 0 3.7929 23.4269 0.393674 4.816 2.74666 
55.667 8.47344 2.00772 0.339402 10.533 15.6604 65.7254 92.9008 50.0136 60.1783 0.0306513 143.342 8.37366 10.3347 28.1038 2.88897 20.1886 7.62981 20.6794 3.87845 46.6224 5.9068 19.2186 0 9.01717 10.6965 18.077 0.448252 
518.078 448.42 1.53755 457.27 60.3351 470.96 87.8411 173.242 451.314 0.478266 26.4532 54.8278 44.2605 9.31106 0.0179979 45.3407 454.092 52.1465 7.03543 13.4206 57.0985 70.4651 11.6489 10.8874 0 52.0768 58.5046 120.102 
76.9051 31.0841 7.98682 14.2138 0.595465 27.7745 55.1902 11.3099 127.616 4.42881 0.839976 179.342 6.87314 9.44792 11.5511 28.8605 24.3969 44.5511 12.0373 8.13408 41.1047 0.097601 9.44929 7.28844 27.7322 0 31.2927 63.0875 
0.455188 35.9686 9.5757 10.2713 31.6001 17.0833 52.3382 27.1795 15.4446 43.2033 85.84 116.431 38.3937 1.24014 8.25714 18.7781 15.2359 34.5789 0.653194 0.00370564 37.2295 0.566114 12.1289 16.2594 22.8828 37.9497 0 8.62868 
35.6378 51.8078 11.3939 30.7634 15.9431 13.7507 20.3466 83.5831 88.8617 43.217 100.49 172.849 9.4003 6.68669 17.1589 10.8779 22.9553 51.2477 10.2944 10.887 51.0559 8.72602 9.27516 5.75116 27.2104 14.7187 16.924 0 
