0 839.63 34.8482 447.288 8.6382 448.565 196.639 263.384 465.467 18.3093 184.946 60.6273 109.264 4.40324 0.382934 19.9133 492.286 152.223 5.30055 8.43262 220.013 29.6394 37.5768 13.8971 449.798 31.2802 0.990112 41.5914 
773.126 0 40.3125 756.611 131.226 684.539 435.59 13.2944 449.382 239.902 125.209 2.96733 37.0309 70.6604 5.39208 38.0838 447.325 112.478 164.907 116.681 41.3013 5.86824 37.8148 60.3274 524.364 59.9147 7.404 7.33042 
194.981 434.741 0 100.846 34.3171 12.9609 201.905 55.8673 15.3859 44.8626 24.9159 74.2802 52.9368 2.96298 33.0586 0.27691 0.0211037 41.5686 48.9881 9.58223 1.88128 12.614 11.461 14.1907 12.7387 5.61288 0.386205 10.979 
454.768 558.258 276.15 0 27.5447 492.237 145.859 425.727 648.112 0.0483562 95.3565 236.588 63.6983 2.50242 28.3603 24.0856 489.625 5.95746 4.82755 28.6476 617.327 16.7713 19.4343 0.0929765 485.58 32.4955 8.40422 6.45413 
67.3947 24.0656 1.3272 142.803 0 265.24 118.012 164.967 346.682 331.056 0.00330072 0.247824 24.19 53.0478 54.4705 47.5966 31.2183 218.414 260.984 5.50271 62.8897 41.7821 20.7893 43.041 53.7701 4.96221 26.5934 51.3197 
479.587 504.776 4.40484 514.554 736.587 0 1025.6 111.291 921.901 567.465 198.855 22.9156 695.594 18.7336 7.09891 21.1446 467.081 67.1195 23.7845 20.5216 65.6917 20.4931 13.3663 8.65979 454.335 23.4032 5.59741 13.0532 
91.434 450.491 37.6379 5.96777 107.266 857.803 0 394.394 636.279 433.108 405.193 226.011 12.8396 9.4706 12.1282 11.5022 74.4005 229.704 1.73792 69.6189 68.2271 1.18681 58.6044 0.263854 34.4855 52.4729 20.0972 1.05862 
79.3339 177.07 256.059 99.6695 156.036 150.075 360.371 0 621.997 200.132 325.859 3.45091 145.991 61.9462 70.5903 16.0141 99.8384 54.9066 72.3466 61.0492 115.381 34.5142 93.0512 5.13808 48.0759 0.0271954 1.57745 99.6405 
646.22 806.563 191.355 549.534 31.1239 868.001 8.98116 134.929 0 383.55 567.892 390.086 168.517 150.764 149.499 124.2 453.589 1.42417 11.481 91.7923 185.698 69.7881 100.327 99.8051 545.878 53.5148 75.2948 87.0312 
156.604 242.168 21.3333 100.608 37.4184 202.256 71.5793 175.445 237.282 0 172.775 244.107 4.72215 2.20164 99.1346 4.62312 25.5935 109.198 123.186 20.0139 71.6776 26.9836 54.8842 13.7991 0.335936 18.803 47.6243 22.6347 
34.9352 0.638742 188.944 200.497 102.116 271.323 304.124 78.7102 568.266 305.338 0 367.514 30.3841 211.438 291.357 45.5562 79.7843 28.1146 120.01 84.4904 0.644824 1.21542 17.3396 0.884967 120.03 95.468 85.9746 46.7451 
0.125498 0.0786811 179.823 99.6878 177.626 0.78404 241.452 171.216 14.2085 58.6303 506.982 0 155.145 117.395 3.78467 434.366 3.32054 46.5056 85.4706 79.3213 140.489 0.297509 104.498 186.706 71.0499 99.6485 10.8415 9.38655 
1.29885 0.0997561 7.19734 69.9177 69.4594 2.37386 199.362 1.20888 130.877 331.647 187.36 99.6181 0 156.2 50.8489 31.6678 64.6936 84.7524 77.114 39.5616 60.7987 65.219 90.7393 32.7886 2.86361 2.88164 2.66179 0.198345 
10.732 1.0449 1.94048 18.1186 0.244194 20.6752 91.6664 102.891 138.361 84.1248 94.874 21.3779 27.1055 0 9.40052 18.2814 15.9054 4.33895 3.0722 4.01067 44.5537 1.86854 7.3556 10.3705 15.4615 12.9111 7.34616 6.49898 
53.8864 91.2013 26.1364 31.2857 77.0358 30.6139 33.2523 47.8585 124.657 52.7088 206.741 138.606 87.8877 0.673072 0 59.593 0.928817 67.62 26.3189 10.9338 57.4772 0.658964 0.0393128 12.6918 28.9153 30.92 6.88683 22.4253 
8.7681 56.5941 24.3402 42.5658 34.4652 0.0239925 0.00367818 186.313 39.5872 40.1264 43.3435 469.966 73.4666 2.7236 21.3186 0 25.1461 49.3916 16.8579 7.58056 57.4977 11.6803 10.2374 2.29208 28.5863 7.36698 17.1294 22.6496 
470.219 594.813 38.8998 477.966 3.49608 464.904 8.44346 98.9598 536.377 27.4957 43.8753 87.5428 35.7147 0.538827 30.112 14.0842 0 102.376 450.295 31.1531 67.6908 0.708114 19.0655 9.80916 450.54 2.27414 16.3847 2.18142 
203.684 260.234 154.837 71.0312 183.951 88.7597 219.305 16.883 58.9113 115.651 59.1709 53.3514 1.59867 11.2392 0.000359936 52.6218 276.251 0 10.2916 0.389357 6.08609 41.371 2.63643 33.1654 7.15147 59.9495 0.360287 3.89462 
94.5127 109.144 49.7073 42.515 257.272 81.7909 32.6115 4.26931 35.157 82.8047 129.074 70.2663 3.82322 26.9029 0.849138 29.231 136.521 1.49988 0 14.4827 65.8306 3.29605 13.452 14.6031 5.60389 3.62895 14.7079 16.338 
191.138 2.25392 24.5373 28.9977 19.4387 14.0749 45.1052 80.2791 29.9526 55.1165 1.8135 35.6082 0.255129 3.75837 0.25323 9.26285 3.22389 2.21652 0.935931 0 5.03613 0.478119 0.0216412 4.82893 7.94693 12.0506 4.80993 0.617043 
3.50984 10.7743 6.30956 87.7701 96.4249 32.9085 89.1452 31.8206 185.441 37.5208 123.034 30.8871 47.4843 4.0159 55.5504 61.8168 53.033 14.9341 52.1537 290.638 0 23.2865 19.2736 0.104414 60.1122 54.2305 4.80912 48.5098 
3.22735 2.31302e-05 0.707661 1.66487 12.3922 9.29696 0.742648 0.518438 69.4634 36.743 66.7552 4.38207 87.83 3.83758 17.0878 11.3468 9.69625 40.8807 4.47889 6.39264 2.38288 0 8.25489 1.82304 17.5422 2.58783 12.8063 10.4495 
41.5011 34.1094 11.3781 6.82849 46.5326 2.6983 9.90631 49.1368 100.662 57.212 129.017 83.6368 91.1831 8.13934 12.5424 8.16689 14.7824 2.3655 1.829 0.000424362 21.7413 8.14703 0 10.3147 9.13572 0.0512395 0.756148 9.18224 
53.9053 2.29077 3.54396 0.544037 6.78796 17.9578 57.7861 41.0597 72.6996 60.3215 111.793 147.845 50.3498 9.26388 26.2447 24.9618 0.511952 21.3043 8.78269 5.59087 10.392 14.0514 7.40095 0 18.0778 13.7564 19.2693 0.0258587 
521.16 459.297 0.3702 489.403 61.5339 473.332 72.9399 193.592 486.383 1.02684 89.8736 880.657 16.217 16.2746 27.4039 43.2562 470.996 4.42068 30.3937 4.33034 50.3081 86.8819 2.00209 44.4495 0 59.2892 154.831 123.951 
64.2916 24.0133 26.672 28.3437 16.0445 26.1472 99.4644 155.475 3.49834 11.0872 104.875 239.498 27.075 0.536351 29.3426 3.73488 0.0765766 59.5288 29.8008 1.51352 14.5968 7.36613 8.57047 15.8554 0.242058 0 20.6078 63.6548 
44.2009 2.50105 0.328394 26.4006 8.53001 0.117858 3.60825 17.9218 6.20896 3.82215 58.0275 71.4083 0.15799 3.16949 0.28611 17.8543 3.26395 12.6202 24.2561 10.7911 14.4473 12.7841 13.421 18.7313 7.36299 4.52932 0 85.7909 
3.42255 60.2751 4.29507 30.5411 57.0519 1.57298 1.70083 2.45233 84.2481 18.9319 110.068 103.391 44.7519 10.3322 20.6858 22.3968 1.25428 6.66232 19.9309 4.43776 11.1821 0.900001 8.52491 2.88558 31.4486 19.625 74.0235 0 
