0 637.942 18.4887 165.368 18.4936 154.994 215.687 243.055 184.195 12.9891 189.069 73.9468 108.964 3.41541 0.0710841 23.4691 204.637 134.956 3.15784 45.9654 206.868 30.4957 38.7215 12.1203 158.655 34.9506 0.633142 43.5234 
581.711 0 123.455 448.04 209.495 388.984 488.655 24.4587 155.454 234.39 144.265 0.70071 43.7109 69.9629 3.36405 34.1453 155.752 142.025 168.966 107.642 33.0905 4.98102 39.6037 59.5591 232.719 56.51 6.41828 8.74263 
179.4 352.516 0 201.898 49.2157 8.21716 174.846 83.6667 0.145866 53.126 41.6544 60.0398 49.7823 3.63508 33.6682 0.664367 0.251193 53.8196 51.515 7.95484 4.67914 12.6067 11.1648 14.5478 11.3973 6.86619 0.237802 11.8314 
189.561 225.052 284.906 0 18.9309 204.588 127.988 696.468 313.461 0.719465 79.3758 249.319 65.6264 1.89995 30.2459 21.0955 195.057 10.4442 6.48126 24.9814 213.462 16.7046 19.3704 0.296809 191.573 34.9519 9.26528 5.36692 
48.6118 1.64783 6.00891 150.375 0 191.434 171.147 152.999 354.142 331.957 1.39176 0.020753 17.2753 55.475 49.7528 50.5617 39.0385 226 233.867 3.40991 57.4052 40.2009 22.6096 44.5517 55.5958 6.40422 25.3931 52.281 
179.504 237.217 8.1795 221.32 763.928 0 1087.04 92.5989 605.937 914.727 170.471 30.5631 148.682 19.5112 9.36108 19.878 177.205 74.507 29.7514 21.3069 63.3401 20.5226 13.8677 7.96236 160.933 24.3171 6.11372 13.835 
113.436 498.516 62.783 14.056 62.7286 493.616 0 407.133 221.649 483.991 353.053 242.441 21.5557 12.9805 18.7099 8.02621 69.8898 223.961 4.36373 73.8641 61.7019 1.84049 60.9469 0.0280329 38.6834 57.6976 21.8326 0.501295 
103.602 154.25 236.166 151.736 143.613 166.548 385.789 0 557.401 208.611 346.149 93.0608 147.352 54.422 56.5273 4.5824 99.7491 47.0299 76.7736 67.2317 103.293 32.4996 90.0312 9.01943 35.1431 1.95909 0.70774 106.274 
336.238 481.823 104.93 298.097 14.837 619.088 89.5176 228.372 0 386.682 1607.23 400.429 177.69 146.604 129.924 115.599 163.344 0.108622 7.58202 88.0774 183.5 69.5053 101.453 98.991 247.483 62.2351 76.4187 89.6861 
155.619 241.354 28.203 97.1909 17.1443 341.865 22.4249 162.532 279.253 0 84.6108 239.014 20.3855 4.26908 109.017 7.61453 22.5933 102.662 123.455 22.2037 74.8289 24.4241 53.1072 11.5897 0.933444 15.5021 47.4536 24.7301 
43.437 3.84339 167.533 203.407 84.7298 262.44 241.602 53.1646 353.604 411.978 0 306.127 19.0287 213.37 349.777 65.8188 82.032 34.1184 122.704 83.3449 0.0859181 0.629822 12.0519 2.60878 112.81 83.4208 86.1935 51.8616 
1.74269 0.369909 184.876 125.662 179.141 0.00539979 224.887 394.53 3.39986 74.7575 518.163 0 157.282 128.906 8.97833e-05 345.051 2.39573 40.9493 87.8354 75.9665 146.132 0.709419 110.051 187.238 9.88202 46.5518 14.5368 4.37205 
2.40361 0.867307 5.28271 68.5806 59.0742 4.46924 207.725 0.315119 142.765 327.802 169.751 92.1814 0 155.408 41.596 36.6682 64.5696 81.5958 79.0581 38.7939 62.5867 70.1403 89.3291 36.45 2.04419 3.86866 3.16697 0.062785 
9.24996 1.88048 1.43263 18.9448 0.0223065 21.1659 88.901 108.469 134.045 83.8488 116.368 13.3993 14.4631 0 21.851 16.9677 16.3872 5.29988 2.56334 4.1082 44.7828 1.44973 5.82429 10.386 15.8536 12.7369 7.01017 6.04057 
51.2447 93.2657 24.2122 32.9627 80.6021 28.0044 42.6528 61.3608 145.107 41.3319 277.141 170.682 79.1858 1.06197 0 37.4254 1.23542 68.2355 25.0432 11.1185 56.985 0.399063 0.0898762 10.2002 29.8355 30.6509 6.2298 21.9548 
6.42991 60.2785 24.677 41.7543 31.3706 0.0156756 0.276364 212.069 49.1288 34.2015 63.3017 400.211 76.6395 1.30924 5.86574 0 25.3934 47.6576 15.9177 7.28195 58.8059 11.807 9.39603 0.589739 26.3915 4.86747 17.5508 22.7842 
174.022 298.976 41.2859 187.977 1.26227 174.964 11.1439 98.2164 247.481 24.43 46.9781 87.7612 33.7593 0.384141 30.0577 14.7677 0 72.5792 475.838 30.4771 68.0587 0.560501 18.9993 10.2744 157.731 1.90491 16.0094 1.89403 
214.949 246.571 147.907 61.2494 169.646 81.8453 210.248 12.1414 47.9255 109.489 51.8794 47.5709 0.800323 9.90166 0.102133 54.0704 260.397 0 15.2253 0.0296437 4.16824 41.0593 3.22501 34.3906 8.36878 60.5809 0.561435 4.63676 
89.8012 97.6925 47.0306 39.767 229.353 85.2569 40.8588 6.16808 42.2114 89.3593 128.463 67.077 5.36568 26.6346 1.29126 29.5973 99.2054 3.77783 0 15.7912 64.458 3.72549 14.0403 15.1906 4.98416 3.08325 14.2225 15.7211 
166.744 5.86235 23.3477 25.3381 15.5796 15.1843 40.1801 74.3909 34.6549 55.7059 0.974437 31.5951 0.0922417 3.64496 0.155698 9.10664 3.92981 1.0831 1.40099 0 2.15582 0.411074 0.0091893 4.66871 7.50645 11.9992 5.06506 0.767459 
0.359815 6.46916 10.8003 71.4806 91.4344 29.7881 82.7106 23.6109 183.099 41.021 127.608 24.9905 45.3233 3.29043 56.3051 61.053 54.662 11.932 54.1444 236.675 0 23.8704 18.215 0.285292 59.681 55.7889 4.16116 49.1281 
3.77941 0.0386583 0.559923 1.41792 10.9724 10.055 1.27713 0.929646 69.0321 39.2567 64.7025 3.25097 85.6108 4.40371 17.3015 11.1181 10.1297 41.2142 4.96302 6.38857 2.73036 0 9.42734 1.32661 17.6021 2.33019 12.7646 10.3967 
40.5236 35.9738 11.6522 7.53735 47.9132 2.22484 7.88345 44.2011 99.19 58.4093 125.408 90.7491 91.082 6.7623 10.0555 7.16565 15.123 1.86114 1.5188 0.000945057 20.6822 9.32206 0 6.2809 10.7999 0.00671212 1.00637 8.97423 
54.9106 1.5384 3.0172 0.950527 5.6536 17.8496 60.0401 49.398 76.7425 59.9022 116.712 160.212 53.5637 8.60188 24.7822 27.4563 0.378235 19.9848 9.37024 5.7068 11.623 13.8953 11.507 0 13.5325 12.9845 19.2523 6.89795e-05 
227.948 164.733 0.741218 197.634 62.7962 180.227 69.3561 192.686 200.481 1.95312 98.4706 122.297 18.0675 16.4702 28.5728 58.9221 179.059 5.41542 30.5812 4.74686 51.8054 80.3644 0.985742 42.5996 0 17.2063 51.4036 21.114 
61.2558 20.7336 27.1188 31.0408 13.8751 25.4711 99.4263 177.181 6.76569 14.017 93.0124 304.097 25.0138 0.291001 30.168 1.94402 0.0206847 60.2326 30.0686 1.80308 16.6151 7.07705 8.20209 15.3811 0.000118974 0 23.2377 62.7051 
43.1814 1.91779 0.192785 25.9961 7.63893 0.220326 4.5197 21.2306 4.87422 4.62896 60.8728 65.4219 0.303537 2.86109 0.476301 18.1754 3.56468 13.5325 24.1768 10.7125 15.4636 12.7329 13.4797 18.9872 6.53787 6.39153 0 91.4068 
4.4539 61.3003 4.98824 31.245 57.011 1.99755 2.63078 4.94939 87.1561 20.9586 110.265 116.152 44.5228 10.0041 21.3323 21.9925 1.49367 7.59237 20.4738 4.748 12.4275 0.76711 8.76552 3.36273 32.3804 27.6265 61.6107 0 
