0 532.108 11.3115 33.6742 25.5898 8.40469 225.477 230.321 45.006 10.3445 190.926 81.8021 108.643 2.90766 0.00446092 25.5604 60.8312 124.981 2.18265 73.2776 198.387 30.9702 39.3444 11.1532 12.9597 37.0513 0.465751 44.5914 
485.149 0 183.418 287.205 256.882 237.95 509.18 32.1375 12.3467 229.893 154.995 0.111415 47.6397 69.4611 2.41943 31.9435 10.1811 8.72665 170.595 102.107 28.7519 4.50719 40.5958 59.0603 86.5242 54.5274 5.88687 9.58924 
168.689 292.831 0 249.479 58.423 5.94494 157.98 100.828 7.98242 57.8585 52.6244 52.3256 47.9419 4.03781 33.8919 0.955708 0.493405 61.1207 52.8461 7.07275 6.79692 12.5945 10.9837 14.73 10.6477 7.61361 0.169429 12.3129 
66.1608 58.4035 366.027 0 14.6771 60.6064 117.408 930.854 143.027 1.44727 70.5461 254.403 66.6306 1.59221 31.26 19.4009 47.2782 13.4959 7.51335 22.8892 211.921 16.6572 19.3098 0.462715 44.0659 36.2548 9.76247 4.78687 
39.0394 0.622508 10.1023 153.981 0 170.839 202.891 145.947 355.583 328.713 3.28876 0.257796 13.8206 56.7904 47.0667 52.2031 43.7249 229.359 216.329 2.43789 54.3217 39.2847 23.6525 45.3783 56.5852 7.29449 24.7119 52.79 
28.9981 105.721 10.7561 73.9875 1002.76 0 1273.93 82.171 431.743 980.242 153.56 35.2659 252.109 19.9101 10.741 19.1277 32.1465 78.6196 33.2845 21.7171 61.932 20.5144 14.1357 7.56966 13.8766 24.7946 6.41204 14.2732 
126.205 515.72 78.9013 20.0292 41.9542 271.8 0 410.113 66.4075 501.019 320.012 250.756 27.3757 15.1752 22.9702 6.31181 67.282 219.772 6.36195 76.1445 58.039 2.27225 62.1956 0.000837026 41.0926 60.6227 22.83 0.27637 
118.07 141.204 222.476 151.458 136.362 175.117 396.445 0 510.197 212.657 355.408 191.25 147.869 50.2068 48.9462 1.14751 99.5972 42.743 79.2328 70.6974 96.4375 31.3595 88.1553 11.6642 28.5202 5.20201 0.366729 109.813 
179.26 314.311 64.3279 175.622 8.16197 482.67 259.538 286.582 0 383.887 863.168 403.003 182.396 143.683 74.9306 110.382 18.1808 0.0257819 5.71356 85.8278 181.816 69.2859 101.882 98.3429 97.4207 67.2479 76.9852 91.0658 
154.617 239.445 32.3801 94.964 8.97281 406.332 6.52626 154.798 301.147 0 46.5245 235.006 33.7607 5.72407 114.041 9.60737 20.9459 98.8245 123.241 23.4625 76.5579 22.992 52.0101 10.4033 1.40266 13.7376 47.3197 25.9279 
48.546 6.83523 154.487 203.93 75.2493 254.628 205.962 40.5611 277.749 466.96 0 269.803 13.6823 212.541 375.288 78.2825 83.2425 37.7131 124.034 82.5873 1.33475e-05 0.382108 9.44192 3.97986 108.444 76.5756 86.2203 54.7765 
3.47929 1.23444 186.74 140.527 179.638 0.149773 214.634 537.802 0.553342 84.3881 517.414 0 158.181 134.944 1.25222 284.556 1.93677 37.8998 89.0986 73.9708 149.089 1.02023 112.902 186.294 7.10023 24.345 16.8368 2.35367 
3.17567 1.63609 4.31938 67.7242 53.3763 16.2209 211.509 0.0654564 149.246 320.676 159.31 87.9129 0 152.97 36.5413 39.5419 64.4468 79.7401 80.0571 38.3299 63.5669 72.7592 88.1408 38.5209 1.63885 4.48732 3.47095 0.0196232 
8.44908 2.45896 1.17598 19.3877 0.00213301 21.3937 87.1005 111.348 131.088 83.3812 128.429 9.63646 8.89297 0 29.9919 16.0271 16.6545 5.88222 2.2934 4.16109 44.8781 1.2325 4.89358 10.317 16.041 12.6055 6.81741 5.7805 
49.6991 94.2316 23.0669 33.844 82.4792 26.4642 48.277 69.3899 156.244 35.2227 313.559 188.134 74.0206 4.24606 0 25.3271 1.42766 68.506 24.3073 11.2138 56.6494 0.27998 0.337596 8.83911 30.2674 30.364 5.86541 21.6497 
5.25252 62.2982 24.7939 41.1189 29.6344 0.0805549 0.734973 224.736 54.7763 30.9272 75.6401 346.116 78.2166 0.721587 1.2132 0 25.5184 46.6395 15.3837 7.10688 59.4742 11.8623 8.87958 0.113872 25.0785 3.64281 17.7656 22.7971 
25.4775 150.081 42.585 42.8164 0.488054 29.8778 12.8208 97.6968 102.86 22.7403 48.7389 87.8161 32.6484 0.307885 30.0069 15.153 0 57.2104 151.058 30.0664 68.2166 0.484309 18.9541 10.5382 10.9978 1.70913 15.7938 1.73943 
220.391 222.943 143.162 55.7896 161.066 77.793 204.296 9.77744 42.0646 105.833 47.8676 44.3751 0.468565 9.17288 0.239865 54.8434 248.715 0 18.3978 0.00707134 3.23698 40.8641 3.58271 35.0713 9.09397 60.882 0.694881 5.08309 
86.9918 91.0963 45.4315 38.1765 211.471 86.854 45.7993 7.38957 46.3874 92.9151 127.9 65.2341 6.34738 26.4611 1.58127 29.7809 78.1739 5.51415 0 16.539 63.6325 3.97849 14.3708 15.52 4.64604 2.7916 13.946 15.3693 
151.007 8.62197 22.6046 23.2459 13.5461 15.8019 37.4207 70.9722 37.3986 55.9615 0.612621 29.3758 0.0358931 3.57892 0.110779 9.00798 4.35668 0.617273 1.70426 0 12.6366 0.375179 0.00446107 4.57565 7.25564 11.9572 5.21009 0.859434 
0.0154241 4.49838 13.8246 59.824 88.5257 28.045 79.022 19.4355 181.334 43.0257 130.039 21.8792 44.0892 2.90892 56.6778 60.5403 55.5549 10.3648 55.243 200.296 0 24.1962 17.6172 0.42704 59.3764 56.6132 3.8127 49.4437 
4.10954 0.0965425 0.483538 1.28597 10.1972 10.4853 1.64247 1.21475 68.7293 40.6544 63.4836 2.68171 84.0678 4.73029 17.3939 10.9738 10.3757 41.3845 5.24569 6.38385 2.93679 0 10.0741 1.07684 17.6394 2.18855 12.7337 10.3619 
39.9403 37.016 11.7931 7.94482 48.6573 1.97374 6.82749 41.43 98.1538 58.9785 122.94 94.6101 90.6216 5.8714 8.68495 6.58534 15.3115 1.60107 1.35493 0.00357934 20.081 9.97143 0 4.24612 11.7525 0 1.16269 8.84859 
55.4181 1.1768 2.73309 1.22888 5.05188 17.7646 61.2467 54.278 78.9342 59.5583 119.174 166.358 55.298 8.17423 23.7954 28.4299 0.311278 19.2425 9.70625 5.76876 12.3413 13.7687 13.8012 0 11.1643 12.5188 19.2059 0.0061021 
80.8637 17.0765 1.00638 51.364 63.4511 33.2791 67.2328 191.039 57.7497 2.605 103.18 542.634 19.1393 16.5434 29.154 58.6295 32.7982 6.01926 30.6684 4.98696 52.6102 56.4549 0.582853 43.7858 0 34.0137 134.193 24.4683 
59.4502 18.947 27.3021 32.5087 12.6989 25.042 99.1586 188.423 9.06534 15.7945 86.1827 335.569 23.8515 0.184374 30.5069 1.17277 0.00468647 60.5755 30.1991 1.97641 17.7959 6.91077 7.98244 15.0701 0.0737409 0 24.6944 61.228 
42.5788 1.62044 0.131739 25.7425 7.15186 0.292336 5.07791 23.1962 4.18507 5.11661 62.4459 62.0035 0.406742 2.69098 0.604905 18.3316 3.73985 14.0575 24.123 10.663 16.0466 12.6967 13.4961 19.0967 6.36725 7.55913 0 92.7956 
5.09357 61.8251 5.39734 31.5961 56.9447 2.2584 3.24382 6.73352 88.6874 22.1266 110.163 123.124 44.3599 9.80758 21.663 21.704 1.63797 8.14161 20.7747 4.92523 13.1529 0.696158 8.89463 3.64437 32.8997 32.323 53.888 0 
