0 470.829 38.0971 449.053 21.2884 544.161 226.575 260.206 669.347 148.061 49.1662 154.473 101.004 4.15219 0.135493 0.167942 477.05 1.36256 44.857 42.7584 152.316 18.2154 39.2207 0.10999 450.611 13.1509 34.5644 60.9423 
450.079 0 462.017 546.884 531.793 502.258 293.108 154.841 848.186 204.902 245.661 206.647 0.00634779 68.3521 48.1596 60.5707 573.721 17.0845 29.1562 37.1787 177.294 24.7522 56.6638 33.6092 522.695 65.6665 27.6522 50.3795 
37.2714 10.5999 0 119.615 8.32581 61.2894 148.753 272.639 370.015 113.616 112.199 3.61025 67.3208 0.154901 0.632186 17.5924 5.07877 85.1878 9.46764 20.9585 113.983 1.75463 8.44482 15.2066 21.8787 3.10496 9.49919 18.1969 
445.347 751.834 39.8306 0 21.0714 511.967 203.242 201.596 617.614 96.7343 10.3431 11.5857 68.8681 3.81483 1.26914 5.86467 483.237 145.879 0.310157 1.26296 578.959 0.744856 16.176 0.91607 477.339 9.68958 25.5821 5.8645 
44.5683 288.31 54.6439 136.333 0 416.583 111.36 144.852 190.713 55.9507 233.401 23.7892 177.642 61.2977 90.0634 55.9301 77.901 89.8658 39.7602 59.1574 48.2395 0.922527 54.467 51.5152 65.5103 28.0612 12.9582 33.3555 
490.631 682.124 19.1511 482.696 684.342 0 1259.74 121.868 458.909 578.816 30.6436 132.561 505.062 4.67368 40.398 25.6075 455.798 19.3287 90.5001 15.4087 56.296 17.172 15.5283 3.33838 450.022 16.6134 20.0884 22.7671 
127.714 272.753 87.8386 25.6318 113.838 848.431 0 30.7501 801.649 435.186 402.018 258.403 176.991 36.6094 118.795 100.049 74.1039 11.7489 142.326 12.8037 91.5919 32.6264 61.1715 0.882764 14.6266 1.35848 60.5629 6.00189 
83.243 24.1328 25.8275 159.44 154.199 140.133 72.898 0 64.2259 48.436 248.943 672.017 142.393 106.843 7.18562 89.6599 60.3757 120.023 99.4643 1.29709 182.758 1.97864 101.557 130.545 4.92592 197.023 0.00249263 0.0041715 
450.297 483.599 140.8 574.124 214.799 464.995 57.0694 656.418 0 133.563 1335.09 142.282 6.77698 2.49511 290.9 3.22063 479.296 187.674 103.242 106.481 131.857 24.5644 76.6794 97.7151 563.517 62.5418 60.7816 91.7583 
51.8945 223.273 111.916 28.1995 195.843 526.617 69.5518 24.3328 337.698 0 485.959 64.0889 0.446216 81.6282 73.8761 89.4857 7.66954 146.206 24.8212 32.6997 99.2883 23.4956 60.534 20.2016 1.07098 63.145 12.9298 46.7897 
26.8476 224.601 165.858 173.659 73.5652 3.66012 300.036 164.711 45.5204 34.9021 0 174.56 41.9707 36.9591 190.991 112.447 83.6322 10.6324 117.221 69.0831 0.256446 16.5601 124.466 104.021 57.7848 3.51435 66.6135 21.7383 
226.862 193.541 168.768 36.8452 146.21 158.679 41.1483 957.618 263.492 242.631 491.013 0 124.995 166.595 115.565 469.685 43.7634 20.9232 93.5097 81.0161 98.4351 34.3561 1.40897 186.499 114.269 140.003 4.12389 60.5704 
14.5385 34.5682 22.2246 65.2537 155.609 12.3133 156.329 4.03538 29.8802 328.225 16.9193 141.569 0 100.201 5.40998 26.0614 21.471 32.2756 84.9101 5.53849 52.9796 14.1845 10.3888 0.805782 5.12984 20.4572 39.2177 30.3204 
0.632948 3.70424 9.9084 16.4444 0.610356 7.58919 52.4216 0.693631 1.41105 0.00120849 20.6274 6.14159 9.78374 0 44.2388 8.61906 10.7373 44.7046 8.32124 2.89367 17.6427 9.28468 6.09254 8.43717 7.45691 7.56842 0.0135277 2.47214 
46.2335 48.2218 9.00704 2.74315 33.8757 3.82748 136.197 131.206 10.5272 79.1829 107.495 273.307 31.0205 61.7802 0 8.32547 28.3674 59.983 5.28692 8.55918 28.3715 0.855661 16.834 20.1826 0.152085 4.36311 0.0334181 23.3811 
42.3323 33.8288 2.45445 2.52498 25.6249 13.5134 77.753 234.634 144.109 45.4159 115.244 433.951 0.171427 0.90974 1.60299 0 6.80486 11.8246 0.149814 3.03736 63.0138 11.8923 6.97272 23.4337 9.758 31.1543 18.5233 6.46755 
479.643 486.063 21.1122 479.856 150.092 454.033 8.61288 50.6971 556.315 8.88797 95.5725 32.0064 0.684851 19.2237 4.5932 20.4471 0 85.6196 166.856 10.5647 24.7552 21.0474 0.125943 12.0139 465.88 19.4203 10.6917 22.5844 
187.849 146.888 124.74 48.9927 2.10961 76.1586 2.93212 71.2527 218.27 146.618 87.0402 26.1942 15.9373 7.63857 16.7437 57.6772 6.86107 0 90.5787 15.488 0.809661 0.14249 44.526 35.4378 55.1826 43.0591 44.8759 51.1363 
116.783 31.1054 58.1137 53.5251 36.206 51.6828 94.7061 23.2341 5.10263 1.1955 129.2 10.1902 15.6359 6.32173 17.6051 18.1866 37.4543 113.557 0 31.3469 8.8145 24.7912 16.6764 15.6308 14.9094 13.3142 12.0555 7.27462 
224.747 62.2952 5.39064 1.37952 78.1488 8.22323 92.4907 116.226 4.76186 56.0858 2.37395 37.7901 23.6862 0.00095535 4.61871 5.64665 24.0035 22.1592 13.863 0 160.258 6.12924 3.66113 0.003176 0.0327982 7.61892 7.49021 11.0846 
11.6897 157.448 120.84 41.3841 82.5645 21.8148 110.77 206.622 133.149 85.4148 134.021 73.8444 2.89711 18.3424 46.055 51.0174 50.4736 0.311424 64.6507 32.3787 0 5.80343 7.70417 32.7124 31.6309 62.7915 33.0924 24.1846 
40.0529 41.37 8.37193 11.5178 9.27097 17.7196 30.8064 51.144 22.2748 40.1636 22.8101 13.3053 8.84429 0.138731 16.9195 9.61839 9.73098 3.25241 24.1701 0.0384628 27.6578 0 15.0217 13.0638 21.4569 3.0685 0.613224 0.00975386 
5.0525 57.0496 12.5893 14.329 51.4626 0.703706 7.69219 84.9659 95.5756 46.2123 10.9836 10.727 17.0268 7.01205 24.8822 4.61343 4.19977 31.2909 15.8248 3.80963 5.85655 14.9946 0 4.56754 23.3549 0.353196 4.92979 2.67672 
55.4736 8.82671 1.90777 0.277454 10.8645 15.5492 66.1022 90.9359 51.0971 60.2646 0.000277213 146.513 8.93537 10.3654 28.1301 3.48933 20.2304 7.85805 20.5815 3.83643 46.7334 6.08922 18.6566 0 9.80949 10.9122 18.1756 0.496355 
516.49 446.882 1.39724 456.459 59.9958 469.47 87.4202 170.926 449.4 0.361509 24.8575 754.381 44.6393 9.50734 0.00310524 49.5238 452.653 52.4254 6.8751 13.4549 56.8715 60.3785 11.8653 9.6843 0 41.1079 29.7683 118.317 
76.5847 30.2506 8.306 13.5961 0.487513 27.7962 56.4078 9.03308 126.319 4.00695 1.28716 195.584 6.55813 9.29952 11.0606 28.3553 24.497 44.1248 11.8383 8.22591 41.6232 0.111639 9.38558 7.51262 28.4296 0 30.812 63.395 
0.394368 36.2961 9.71428 10.0635 31.8685 17.1788 52.6277 28.0504 15.9323 43.3957 85.9292 115.887 38.4608 1.29145 8.4181 18.8025 15.1446 34.3808 0.690944 0.00622554 37.0449 0.535317 12.0565 16.4093 23.4651 37.9906 0 6.81995 
36.1209 51.4055 11.5928 30.9297 15.5958 13.9319 20.9266 81.8142 89.4623 43.6431 101.162 171.934 9.15328 6.58021 17.3786 11.1758 22.8969 51.2278 10.152 10.853 51.0867 8.76928 9.23028 5.88392 27.2445 16.3844 19.5285 0 
