0 937.321 0.877762 444.97 47.8884 360.1 246.303 195.157 416.399 4.93534 194.015 102.338 107.347 1.79782 0.192328 31.0437 417.662 99.7032 0.510881 120.775 174.188 32.1333 40.8311 8.84882 365.346 42.3857 0.156259 47.1934 
921.71 0 341.901 587.457 374.557 568.331 525.56 55.4404 384.272 214.408 181.362 0.882941 57.9384 67.8571 0.714572 26.5205 364.051 249.318 172.48 87.1199 18.9318 3.40577 43.0241 57.6006 436.967 49.3805 4.63444 11.871 
137.053 134.137 0 281.199 83.3258 1.754 113.108 146.431 77.0279 69.735 84.0134 34.444 43.1572 5.11677 34.0559 1.91403 1.4612 80.2412 55.8503 5.00647 13.7606 12.5378 10.4854 15.1224 8.80272 9.60208 0.0478737 13.5184 
492.172 371.231 262.258 0 6.18459 416.328 90.1324 625.147 436.539 4.38117 49.5003 259.894 68.8681 0.928539 33.6188 15.1969 393.972 22.7163 10.4081 17.6736 386.491 16.507 19.0783 1.04138 391.309 39.2092 11.0443 3.44693 
18.9734 35.5843 24.7128 160.692 0 130.452 283.056 127.489 350.131 308.865 11.5722 2.0316 6.70492 59.9011 40.2987 56.201 56.2274 234.66 167.464 0.69618 46.654 36.9111 26.3159 47.365 58.9306 9.76967 22.9895 53.9581 
370.256 494.721 18.4321 420.838 768.532 0 437.052 57.1215 676.366 723.294 110.224 48.1534 141.943 20.7732 14.4828 17.1464 385.868 88.6341 42.5249 22.6331 58.1508 20.4133 14.7572 6.59058 362.588 25.8611 7.1827 15.361 
158.555 523.033 123.083 39.0792 7.23038 45.1927 0 403.678 93.7438 501.408 230.799 268.098 44.6083 21.3187 35.2161 2.85579 60.5687 206.371 12.9836 81.4454 48.9624 3.55731 65.0777 0.275942 47.2319 67.8239 25.3889 0.00405994 
155.885 108.647 181.947 215.588 117.595 193.674 410.084 0 368.858 220.266 370.863 530.144 148.346 39.854 31.5083 2.70347 98.8875 32.5702 85.2547 79.2436 79.3115 28.4905 82.9243 19.6797 14.4848 19.9686 6.89069e-05 117.94 
501.741 605.093 4.04314 585.092 0.0962235 808.273 877.53 435.925 0 362.527 1714.53 398.701 192.534 134.7 48.6932 96.3292 371.98 1.95552 2.13984 79.724 176.184 68.5423 102.279 96.115 438.051 79.9609 78.1851 94.1284 
150.685 230.084 43.6365 88.4777 0.00302338 482.913 9.13783 134.246 347.531 0 0.299501 221.474 79.7183 10.2565 124.492 15.5205 16.9747 88.7841 121.526 26.6846 80.7247 19.4552 48.9685 7.63815 3.00096 9.66416 46.8619 28.9746 
62.2542 18.0388 119.904 201.587 52.9305 226.915 121.132 15.7359 156.537 570.921 0 178.639 3.97471 204.342 407.745 111.62 86.087 47.3514 126.738 80.3325 0.52899 0.0300644 4.19207 8.66956 96.6836 59.5666 85.9737 62.1352 
10.4437 5.64564 188.118 177.069 179.715 2.39638 186.506 867.407 4.1652 109.804 492.909 0 159.433 148.28 15.1448 130.181 0.990223 30.5569 92.0313 68.6558 155.724 2.05253 119.057 179.966 107.945 0.000250141 23.2612 0.0134221 
5.58749 4.63755 2.29636 65.2537 39.78 56.9711 217.793 0.267476 164.567 288.023 132.017 77.0385 0 140.773 24.6874 46.8345 63.9676 74.8547 82.2363 37.0671 65.9313 78.7315 83.9409 43.6903 0.80933 6.23485 4.29522 0.0194555 
6.55901 4.25073 0.633769 20.4176 0.292092 21.8019 81.8519 117.617 122.099 81.2151 157.32 2.79639 0.726848 0 49.5885 13.1577 17.311 7.47147 1.67252 4.28681 45.0071 0.754086 2.60919 9.89786 16.3979 12.1716 6.32407 5.12551 
45.6602 95.992 20.0411 35.8238 86.7168 22.4422 63.1438 90.3982 181.954 21.3469 383.357 227.499 60.5325 19.9129 0 3.5742 1.97221 68.9341 22.4129 11.4235 55.6216 0.0720102 1.64411 5.67111 31.0558 29.2192 4.97389 20.7605 
2.77957 67.1419 24.8468 38.9775 25.3295 0.467201 2.86024 248.834 69.5655 23.057 108.826 189.977 81.4353 0.00794656 5.18043 0 25.7852 43.962 14.0341 6.64745 60.9187 11.9477 7.48101 0.569671 21.6208 1.28056 18.2284 22.625 
370.76 492.735 45.6701 396.165 0.143377 383.555 17.5036 96.0706 457.312 18.6466 53.182 87.7317 29.8401 0.152274 29.8143 16.1188 0 25.1756 511.581 28.9436 68.4517 0.315969 18.8149 11.2053 360.47 1.25867 15.2394 1.37583 
230.813 107.478 128.859 42.497 138.268 67.2583 186.894 4.89579 28.6178 96.1523 38.1916 36.6023 0.0231146 7.43103 0.844795 56.6349 211.998 0 27.5251 0.535248 1.39758 40.3114 4.56316 36.7445 11.0358 61.458 1.09455 6.29217 
79.5047 74.373 41.1663 34.0799 162.133 89.6268 58.9647 10.9293 57.4105 101.279 125.782 60.4794 9.16173 25.9549 2.43855 30.1663 34.2804 11.2811 0 18.4407 61.3981 4.648 15.1953 16.3397 3.83541 2.11304 13.2426 14.4738 
107.987 17.7333 20.5328 18.0183 8.95332 17.3148 30.6189 62.1569 44.53 56.3511 0.0697697 23.9808 0.00994856 3.40672 0.0310519 8.72709 5.51815 0.0191373 2.59552 0 73.2564 0.291313 4.60195e-05 4.33379 6.62 11.8098 5.57764 1.11312 
3.80577 1.08885 22.8653 72.0455 80.9596 23.747 69.6316 10.554 175.508 48.138 135.62 14.8217 40.9472 2.04297 57.4391 58.9936 57.7083 6.85758 57.916 104.815 0 25.0025 16.1161 0.910938 58.4148 58.4971 2.99372 50.1272 
4.99845 0.358662 0.314543 0.978982 8.33852 11.5702 2.76395 2.10155 67.778 44.078 60.2364 1.47992 79.3056 5.56548 17.5332 10.5634 10.9983 41.7542 5.98586 6.36416 3.48885 0 11.6137 0.554661 17.7419 1.84551 12.6322 10.2578 
38.3759 39.5939 12.101 8.98834 50.4083 1.39815 4.46769 34.5697 94.9057 60.0529 115.436 103.689 88.1816 3.52432 5.47851 5.11554 15.7728 1.02805 0.980029 0.0177772 18.5617 11.5211 0 0.689965 14.1412 0.0429097 1.60268 8.50711 
56.4944 0.475586 2.06581 2.08166 3.66851 17.4743 64.0504 66.9184 84.11 58.3527 124.262 178.661 59.3582 6.95997 20.8712 29.2907 0.170696 17.3883 10.5639 5.91283 14.2184 13.3292 18.6058 0 6.16189 11.2656 18.971 0.0878907 
429.06 364.462 1.84806 401.598 64.9052 382.065 61.6099 183.335 417.52 4.64974 114.388 287.196 21.9117 16.6046 30.3412 29.7271 383.393 7.67068 30.8269 5.60492 54.4957 17.0946 0.144589 52.0156 0 111.981 68.5155 129.737 
54.6477 14.6951 27.5351 35.9664 9.91198 23.8184 97.6948 212.276 16.2365 20.621 68.9221 389.296 20.9462 0.0223283 30.9321 0.0799241 0.0149293 61.2587 30.4597 2.44246 20.8861 6.48353 7.39613 14.1578 0.93487 0 28.1987 54.7342 
40.9797 0.977475 0.0289 25.0254 5.98041 0.518904 6.61937 28.4262 2.66621 6.44417 66.2784 53.3594 0.734064 2.27733 0.995818 18.6407 4.19768 15.4087 23.9591 10.5217 17.5409 12.5819 13.4829 19.2564 6.99156 10.8167 0 90.2576 
6.88232 62.9663 6.47852 32.3233 56.6387 2.98047 5.06359 12.3769 92.1569 25.1281 109.22 139.535 43.8424 9.27915 22.378 20.7919 2.03024 9.59874 21.5123 5.37671 15.0456 0.531126 9.19642 4.38847 34.1186 43.9222 33.9164 0 
