0 958 0.677061 468.453 49.062 380.217 247.12 193.443 437.456 4.7302 194.102 103.308 107.27 1.75242 0.213477 31.3041 437.95 98.5395 0.461278 121.722 172.982 32.186 40.8969 8.7469 385.441 42.6334 0.145864 47.3107 
944.023 0 348.628 604.741 379.667 587.13 525.033 56.6462 405.706 213.555 182.549 0.997579 58.4275 67.771 0.659611 26.2746 384.255 54.9867 172.488 86.3972 18.5183 3.35801 43.1339 57.526 456.948 49.1375 4.57946 11.9818 
135.465 127.368 0 279.009 84.5185 1.61745 111.012 148.569 81.7157 70.278 85.5697 33.6801 42.9312 5.16878 34.0494 1.96603 1.51841 81.1407 55.9765 4.91694 14.1373 12.5342 10.4609 15.1382 8.71909 9.69741 0.0440242 13.5739 
516.075 390.033 247.128 0 5.87359 436.54 88.8689 1069.05 454.115 4.55479 48.579 259.886 68.9613 0.901796 33.7207 15.0062 413.787 23.1936 10.5521 17.4366 158.213 16.4989 19.0648 1.07373 411.145 39.3336 11.1046 3.38929 
18.199 38.4465 25.5286 160.916 0 127.331 286.65 126.615 349.564 307.559 12.0753 2.15471 6.43321 60.0377 39.9865 56.3809 56.8271 234.793 165.1 0.640666 46.3031 36.799 26.4404 47.4536 59.0339 9.89225 22.9095 54.0082 
389.874 516.493 18.8226 440.628 1025.44 0 693.712 56.0213 690.568 558.432 108.24 48.7823 197.217 20.808 14.664 17.0519 406.014 89.0829 42.9606 22.6712 57.9679 20.4058 14.784 6.54567 382.504 25.9056 7.21904 15.4107 
160.039 522.082 125.189 40.087 6.29723 50.5889 0 402.897 109.979 499.921 226.596 268.766 45.4884 21.6232 35.8304 2.72692 60.2536 205.656 13.3439 81.6743 48.5487 3.62367 65.2016 0.300704 47.5176 68.1501 25.509 0.00178225 
157.659 107.167 179.908 223.484 116.713 194.414 410.236 0 361.859 220.525 371.291 547.114 148.339 39.3868 30.7688 3.13287 98.8432 32.1228 85.5269 79.6311 78.5279 28.3577 82.6652 20.0957 13.936 20.8706 0.000383482 118.287 
520.412 622.164 2.97015 607.689 0.0365753 825.435 905.747 442.579 0 361.06 1688.49 398.126 192.94 134.233 53.2738 95.6523 392.142 2.11936 2.01482 79.427 175.876 68.5012 102.273 95.9913 457.576 80.5486 78.2327 94.2554 
150.455 229.496 44.1785 88.1486 0.00679021 483.203 10.7611 133.264 349.314 0 0.0631552 220.733 82.2053 10.4953 124.892 15.8236 16.7974 88.3078 121.406 26.8353 80.9107 19.2943 48.8183 7.51836 3.08935 9.48936 46.8365 29.1165 
62.9153 18.6815 118.274 201.352 51.961 225.38 117.51 14.8474 149.755 574.19 0 174.56 3.66198 203.755 408.026 113.2 86.2114 47.8169 126.84 80.2161 0.579546 0.0233137 3.99718 8.92874 96.1157 58.7949 85.9513 62.4755 
10.8547 5.92696 188.064 178.696 179.678 2.56569 185.136 879.606 4.70838 111.01 491.013 0 159.456 148.824 16.1482 123.709 0.953758 30.2295 92.1582 68.4002 156.002 2.10903 119.304 179.539 112.026 0.0616777 23.5797 0.00247623 
5.71531 4.81329 2.21713 65.1286 39.1808 58.5145 217.967 0.305932 165.236 286.045 130.732 76.5324 0 140.011 24.1759 47.1719 63.9395 74.6214 82.3252 37.0054 66.0371 78.9842 83.7057 43.927 0.777679 6.32226 4.33543 0.0232517 
6.47607 4.34525 0.612416 20.4622 0.317422 21.8149 81.5851 117.871 121.632 81.0809 158.579 2.57597 0.566103 0 50.3588 13.0111 17.3408 7.5493 1.64586 4.29236 45.0092 0.734444 2.51185 9.87015 16.4103 12.148 6.30097 5.09523 
45.4685 96.0496 19.8971 35.9067 86.8951 22.2526 63.8498 91.3868 183.041 20.7673 385.606 229.109 59.8985 20.8278 0 3.01096 1.99953 68.945 22.3239 11.4321 55.5677 0.0656307 1.72744 5.53588 31.0815 29.1518 4.93357 20.7152 
2.68279 67.3569 24.8408 38.8603 25.133 0.492852 2.9921 249.644 70.2642 22.7086 110.404 182.794 81.557 0.00286487 5.9018 0 25.7959 43.8342 13.9715 6.62556 60.9771 11.9498 7.41366 0.648276 21.4574 1.1986 18.247 22.6099 
390.529 512.323 45.8059 416.29 0.183826 403.701 17.736 95.9843 477.479 18.4631 53.3879 87.72 29.7098 0.146346 29.8031 16.1633 0 23.9646 465.035 28.8886 68.4568 0.308996 18.8076 11.2362 380.419 1.23931 15.2133 1.35989 
231.176 101.87 128.122 41.9027 137.18 66.762 186.01 4.70809 28.0448 95.6892 37.7599 36.2528 0.0161926 7.35372 0.881806 56.7123 210.084 0 27.9852 0.580116 1.3303 40.2837 4.61132 36.8205 11.1297 61.4782 1.11531 6.35112 
79.1449 73.6012 40.9613 33.8877 159.762 89.7101 59.5956 11.1092 57.9364 101.643 125.66 60.2555 9.30373 25.9291 2.48264 30.1815 32.7422 11.5954 0 18.5293 61.2893 4.68013 15.2332 16.3773 3.79934 2.0836 13.2098 14.432 
105.95 18.2262 20.4305 17.7804 8.76016 17.3832 30.3105 61.7436 44.8668 56.3602 0.0575909 23.7385 0.0128114 3.39854 0.028535 8.71295 5.5749 0.0117055 2.6412 0 77.0384 0.287657 0.000104311 4.32234 6.59044 11.8016 5.59473 1.12564 
4.14267 0.986298 23.3299 74.4827 80.6017 23.5517 69.1945 10.2025 175.191 48.3766 135.858 14.5233 40.8007 2.00621 57.468 58.9131 57.8046 6.71088 58.0364 100.637 0 25.0394 16.0468 0.937782 58.3635 58.5775 2.95785 50.1549 
5.04161 0.374872 0.30754 0.96566 8.25577 11.6204 2.82287 2.14849 67.7273 44.2328 60.08 1.43246 79.0559 5.60441 17.5364 10.5428 11.0272 41.7692 6.02112 6.36297 3.51555 0 11.6811 0.534362 17.7468 1.83012 12.6267 10.2524 
38.3001 39.7115 12.1136 9.03717 50.485 1.37354 4.36922 34.2575 94.7335 60.0899 115.046 104.084 88.0247 3.41849 5.34151 5.04807 15.7937 1.0044 0.964001 0.0186996 18.4911 11.5891 0 0.594439 14.2504 0.0469873 1.62464 8.49044 
56.537 0.450513 2.03667 2.12634 3.60916 17.4582 64.1717 67.5115 84.3368 58.2852 124.458 179.111 59.5345 6.89984 20.7225 29.2728 0.165168 17.3031 10.604 5.91908 14.3077 13.3048 18.7755 0 5.97041 11.2051 18.956 0.0940049 
448.937 384.323 1.89299 421.568 64.9655 401.978 61.3407 182.858 437.952 4.75826 114.88 6.97447 22.0424 16.6031 30.3861 27.9173 403.392 7.75169 30.8321 5.63396 54.578 17.7835 0.144717 52.4879 0 112.265 59.5496 125.573 
54.4172 14.5075 27.5378 36.1169 9.78929 23.7569 97.5997 213.201 16.6146 20.8558 68.1289 390.725 20.8127 0.0185981 30.9365 0.060137 0.0171723 61.284 30.4693 2.46504 21.0331 6.46346 7.36791 14.1112 0.998067 0 28.3537 54.3461 
40.9028 0.951422 0.0259255 24.9895 5.92812 0.530972 6.69545 28.6776 2.60354 6.50907 66.451 52.9595 0.751584 2.2587 1.01625 18.652 4.21947 15.4723 23.9505 10.5146 17.611 12.5758 13.4804 19.2597 7.05913 10.9773 0 89.9324 
6.97127 63.0127 6.53027 32.3514 56.6197 3.01615 5.15741 12.6771 92.3036 25.269 109.153 140.247 43.8147 9.25355 22.4069 20.7434 2.04942 9.66873 21.5458 5.39778 15.1355 0.523963 9.20956 4.42407 34.1703 44.4327 33.0163 0 
