0 999.518 0.28893 517.931 52.0442 421.113 249.098 189.137 480.709 4.2357 194.296 105.737 107.071 1.64139 0.271146 31.957 479.25 95.6388 0.348317 123.621 169.941 32.3173 41.0604 8.49417 426.261 43.2521 0.12144 47.6022 
989.662 0 364.93 638.42 392.214 624.614 523.212 59.7033 450.032 211.371 185.496 1.3146 59.6534 67.5516 0.53174 25.6624 425.362 469.29 172.479 84.5831 17.5025 3.23999 43.4073 57.3368 497.474 48.5289 4.44335 12.2605 
131.463 110.951 0 272.161 87.5072 1.29966 105.793 153.904 93.9037 71.63 89.4878 31.7998 42.365 5.29946 34.0278 2.09878 1.66607 83.3896 56.2867 4.69585 15.0983 12.525 10.3992 15.1767 8.51101 9.93663 0.0351046 13.7123 
566.491 427.855 211.512 0 5.1297 477.638 85.7192 768.137 488.753 5.00283 46.3027 259.763 69.1898 0.836598 33.972 14.5321 453.906 24.4042 10.9154 16.8472 111.736 16.4784 19.0301 1.15666 451.315 39.639 11.2557 3.24706 
16.329 46.0458 27.6163 161.441 0 118.811 295.54 124.426 348.027 304.152 13.3779 2.4781 5.77756 60.376 39.2073 56.8281 58.3322 235.079 159.174 0.511896 45.429 36.518 26.7517 47.6735 59.2899 10.2015 22.7096 54.1316 
429.519 561.483 19.8096 480.671 792.783 0 877.363 53.3011 716.442 239.189 103.309 50.3644 579.653 20.8929 15.1191 16.8149 446.96 90.1971 44.0507 22.7649 57.508 20.386 14.8503 6.43371 422.875 26.0147 7.31009 15.5348 
163.734 519.209 130.454 42.6484 4.24335 70.0987 0 400.76 155.594 495.634 216.114 270.38 47.716 22.3913 37.3816 2.41738 59.465 203.834 14.2641 82.2391 47.5179 3.79209 65.5072 0.367223 48.2319 68.9614 25.8094 0.000133724 
162.093 103.487 174.767 244.723 114.508 196.214 410.427 0 344.307 221.134 372.246 589.348 148.311 38.2255 28.9511 4.34255 98.7281 31.0148 86.2042 80.5953 76.5759 28.0265 82.0118 21.1514 12.6068 23.2028 0.00793328 119.14 
557.665 655.39 1.00779 654.677 0.0112662 858.317 973.787 458.991 0 357.219 860.201 396.546 193.929 133.048 65.4595 93.9525 433.133 2.55751 1.71847 78.6799 175.087 68.3959 102.249 95.6744 496.967 82.0151 78.3483 94.5668 
149.861 227.97 45.5386 87.3157 0.181343 482.707 15.3845 130.802 353.607 0 0.238833 218.84 88.5331 11.1024 125.853 16.5912 16.3573 87.1143 121.09 27.2121 81.3728 18.8936 48.4398 7.2223 3.31565 9.05842 46.7714 29.4711 
64.5759 20.3335 114.202 200.714 49.5666 221.459 108.624 12.7344 132.006 581.669 0 164.467 2.93539 202.211 408.233 117.149 86.5194 48.9865 127.086 79.9209 0.715998 0.0101859 3.52958 9.59211 94.6897 56.8756 85.891 63.3249 
11.9152 6.65943 187.885 182.723 179.568 3.01382 181.694 908.341 6.20968 114.03 485.995 0 159.497 150.154 18.7877 108.024 0.86556 29.4166 92.4717 67.7583 156.684 2.2535 119.906 178.42 120.547 0.688353 24.383 0.013359 
6.04088 5.26652 2.02496 64.812 37.6977 62.0345 218.355 0.413328 166.892 280.941 127.518 75.2677 0 138.038 22.9145 48.0142 63.8669 74.036 82.5425 36.8499 66.2998 79.6057 83.1034 44.5168 0.70128 6.54313 4.43671 0.0342192 
6.27071 4.58574 0.560585 20.5722 0.385364 21.845 80.9101 118.491 120.447 80.7327 161.684 2.06388 0.251798 0 52.1994 12.6409 17.415 7.74534 1.58008 4.30613 45.0129 0.686396 2.27393 9.79782 16.4397 12.0877 6.24317 5.01966 
44.9879 96.1841 19.5361 36.1099 87.333 21.778 65.6176 93.8587 185.71 19.347 390.786 233.033 58.3138 23.1569 0 1.80871 2.06859 68.9688 22.1011 11.4533 55.4305 0.0509725 1.94407 5.20323 31.1416 28.9782 4.83329 20.6005 
2.44806 67.8901 24.8224 38.5606 24.6435 0.559912 3.3344 251.54 72.0131 21.8455 114.353 165.102 81.85 0.00126033 7.8934 0 25.8219 43.5135 13.8151 6.57066 61.1196 11.9542 7.24466 0.866433 21.0485 1.0052 18.2924 22.5694 
430.537 551.855 46.1422 457.182 0.306869 444.645 18.3223 95.7643 518.473 18.0071 53.902 87.6877 29.3842 0.132037 29.7743 16.2745 0 21.0568 279.814 28.7499 68.4675 0.291901 18.789 11.3136 420.873 1.19153 15.148 1.32042 
232.033 88.4941 126.257 40.4279 134.454 65.5202 183.776 4.25465 26.6344 94.527 36.6885 35.3842 0.0042602 7.16194 0.977775 56.9035 205.235 0 29.1478 0.700157 1.16931 40.2135 4.73273 37.0097 11.3657 61.5263 1.16798 6.49954 
78.2416 71.6765 40.4468 33.4067 153.823 89.9002 61.1784 11.5644 59.2551 102.543 125.345 59.6949 9.66298 25.8636 2.59449 30.2182 29.1332 12.3984 0 18.7507 61.0154 4.76084 15.3277 16.4711 3.70973 2.01082 13.1277 14.3275 
100.869 19.4835 20.1728 17.1884 8.28554 17.5531 29.5432 60.7091 45.7102 56.3794 0.0322534 23.1363 0.0215531 3.37804 0.0227038 8.67725 5.71778 0.00107624 2.75698 0 86.7764 0.278614 0.000352203 4.29362 6.51661 11.7803 5.63748 1.1572 
5.04599 0.752088 24.5075 81.1642 79.7049 23.0653 68.1024 9.34839 174.381 48.9732 136.447 13.7893 40.434 1.91573 57.538 58.7088 58.0439 6.35075 58.3358 90.4097 0 25.1313 15.8737 1.00655 58.2328 58.7755 2.86905 50.2227 
5.15023 0.416953 0.290368 0.932709 8.05043 11.7457 2.97277 2.26807 67.5983 44.6177 59.6871 1.31715 78.4213 5.70172 17.543 10.4907 11.0996 41.806 6.10958 6.3599 3.58269 0 11.8475 0.485204 17.7593 1.79185 12.6126 10.2387 
38.1097 40.0045 12.1444 9.15935 50.6747 1.31291 4.12751 33.4797 94.295 60.1773 114.055 105.06 87.616 3.15728 5.00463 4.88007 15.8458 0.94645 0.924474 0.0211068 18.3149 11.757 0 0.386053 14.5222 0.0579882 1.6801 8.44847 
56.6408 0.390761 1.96461 2.23993 3.46273 17.417 64.4713 68.9953 84.8981 58.1119 124.929 180.186 59.9702 6.74841 20.3466 29.2055 0.151744 17.0902 10.7043 5.93453 14.5315 13.2421 19.174 0 5.50953 11.0531 18.917 0.110179 
489.204 424.56 2.00751 462.069 65.1137 442.338 60.6653 181.621 479.611 5.03461 116.099 786.045 22.3699 16.5977 30.4943 23.4423 443.968 7.95574 30.8443 5.70669 54.7814 20.6136 0.15303 53.6676 0 110.906 43.9619 111.207 
53.8382 14.0426 27.5414 36.4888 9.48539 23.6015 97.3514 215.435 17.5766 21.4464 66.1514 393.842 20.4796 0.0107588 30.9417 0.0229485 0.0234739 61.3447 30.4926 2.52185 21.4016 6.41323 7.297 13.9934 1.16488 0 28.7378 53.3463 
40.7097 0.887809 0.0191956 24.8987 5.79822 0.561738 6.88731 29.309 2.45006 6.67256 66.8803 51.9613 0.796263 2.2124 1.06816 18.6791 4.27414 15.6316 23.9287 10.4966 17.7864 12.5602 13.4733 19.2663 7.24334 11.3818 0 89.0424 
7.19585 63.1262 6.66019 32.4193 56.5702 3.10612 5.39532 13.4416 92.6643 25.6215 108.975 142.003 43.744 9.18918 22.4773 20.6198 2.09774 9.84474 21.6291 5.4505 15.3609 0.506256 9.24205 4.51343 34.2971 45.6921 30.7907 0 
