0 1004 0.187903 559.256 62.6654 431.844 255.132 174.301 499.495 2.75414 194.718 114.02 106.327 1.29028 0.518465 34.1931 491.075 85.8927 0.0825487 126.091 159.347 32.7577 41.6019 7.65813 436.51 45.3487 0.0550907 48.5765 
1008.34 0 413.655 623.349 432.032 622.543 511.739 70.5299 473.825 203.451 195.289 2.71604 63.8504 66.7597 0.199626 23.6126 436.748 718.675 172.119 78.3536 14.2424 2.85355 44.3225 56.6666 506.629 46.4491 3.99467 13.2261 
117.594 61.7278 0 235.635 97.7022 0.476091 88.3545 171.82 139.691 76.158 103.048 25.7382 40.4305 5.75005 33.8956 2.57918 2.21749 91.0156 57.2815 3.97516 18.566 12.49 10.1841 15.2973 7.81467 10.7591 0.0123155 14.1795 
609.76 430.459 140.872 0 2.9685 488.662 75.1453 592.376 479.312 6.67416 38.8624 258.245 69.9195 0.632637 34.7906 12.9492 461.717 28.7001 12.1865 14.8812 113.955 16.4043 18.9012 1.46048 459.28 40.6178 11.7715 2.78403 
10.691 76.3407 35.2062 162.846 0 83.3424 324.58 116.951 341.544 291.139 18.2726 3.74364 3.80501 61.4902 36.5768 58.3203 63.5027 235.569 138.98 0.181722 42.4879 35.5565 27.8114 48.4043 60.1351 11.2821 22.031 54.5332 
435.965 585.56 23.2666 488.097 533.141 0 488.54 44.4084 674.354 296.349 86.9264 55.8399 329.26 21.1584 16.6874 16.0019 457.595 93.8976 47.7588 23.0641 55.9184 20.3071 15.0665 6.05638 431.569 26.363 7.62144 15.9522 
176.104 504.254 148.223 51.7739 0.276174 192.755 0 391.578 356.318 475.171 180.974 275.25 55.5677 25.0705 42.807 1.50191 56.7777 197.297 17.5964 84.0796 44.0575 4.39128 66.5019 0.642684 50.6554 71.6737 26.8342 0.0377583 
177.095 91.2118 156.927 324.639 107.008 201.763 409.042 0 284.655 222.799 374.245 727.48 148.093 34.354 23.1173 9.88762 98.2905 27.3654 88.4702 83.821 70.0211 26.9044 79.7305 24.9024 8.5583 31.9335 0.105838 121.9 
555.724 639.513 2.09112 684.819 1.24694 835.52 1167.99 511.833 0 342.383 1651.86 389.667 197.005 128.844 101.255 88.1083 443.97 4.3496 0.885872 76.0921 172.223 68.0113 102.069 94.516 502.282 86.9628 78.7066 95.559 
147.65 222.187 50.2097 84.3816 2.53369 468.677 36.9319 122.371 366.395 0 8.98408 211.979 111.074 13.2727 128.728 19.3046 14.8947 83.0298 119.851 28.4944 82.9092 17.5492 47.1203 6.2547 4.14157 7.65881 46.5333 30.6759 
70.3 26.4235 100.44 198.034 41.758 207.295 80.3903 6.73407 68.2082 599.4 0 131.474 1.06157 196.165 403.673 130.524 87.5324 53.0244 127.824 78.8711 1.28699 0.00564162 2.15289 12.009 89.7766 50.4721 85.6409 66.1964 
15.8662 9.45671 186.791 195.943 179.023 4.80011 169.815 985.033 12.8274 124.327 466.068 0 159.488 154.324 29.1117 61.033 0.597414 26.7172 93.4966 65.5463 158.867 2.77927 121.781 174.095 129.25 7.82851 27.1874 0.458829 
7.21079 6.95333 1.43529 63.6954 32.8153 69.8053 219.173 0.898586 172.317 262.01 116.6 70.9782 0 130.628 18.8255 50.8577 63.5962 72.0234 83.2279 36.3095 67.175 81.6042 80.9019 46.4999 0.470778 7.31834 4.7886 0.0872892 
5.59418 5.44823 0.401007 20.9315 0.665215 21.9222 78.5293 120.433 116.238 79.4149 171.757 0.743951 0.123298 0 57.4188 11.3497 17.6642 8.42731 1.36593 4.35169 45.009 0.534512 1.53169 9.52003 16.522 11.8691 6.04621 4.76394 
43.3415 96.5387 18.3012 36.7599 88.7393 20.1624 71.6477 102.246 194.232 14.84 403.478 245.221 52.9395 31.3498 0 1.87107e-05 2.31152 69.0122 21.3407 11.5205 54.9391 0.0149512 2.76638 4.13395 31.2997 28.3327 4.49764 20.1952 
1.7284 69.6553 24.7247 37.4738 22.9981 0.819048 4.63117 256.573 77.9702 18.9997 127.751 108.981 82.7248 0.114165 16.4961 0 25.9028 42.411 13.2845 6.38213 61.5668 11.9612 6.66514 1.83282 19.6581 0.472247 18.4346 22.4027 
438.054 557.516 47.2505 467.617 0.958818 455.275 20.3719 94.9731 529.214 16.4887 55.6444 87.5458 28.2796 0.0888648 29.667 16.6506 0 12.495 503.503 28.2675 68.48 0.237371 18.722 11.5765 429.837 1.0358 14.9248 1.19034 
234.416 53.0039 119.669 35.5406 125.122 61.2902 175.917 2.88137 22.077 90.5337 33.1315 32.4869 0.0211523 6.52607 1.34043 57.5279 188.137 0 33.2323 1.19174 0.699062 39.9668 5.15587 37.645 12.1825 61.6622 1.3559 7.015 
75.1313 65.1936 38.6761 31.7682 133.65 90.352 66.612 13.1727 63.7785 105.489 124.179 57.7803 10.9283 25.6315 2.9917 30.3314 19.5012 15.3093 0 19.5028 60.0649 5.03918 15.647 16.7875 3.41207 1.77246 12.8483 13.9717 
83.8296 24.0155 19.276 15.2121 6.76233 18.121 26.9763 57.1895 48.5915 56.4069 0.000662705 21.1297 0.0681744 3.30769 0.00785379 8.55163 6.21422 0.0499304 3.1676 0 122.35 0.248901 0.00229042 4.19522 6.26595 11.7024 5.78275 1.26737 
8.76354 0.192421 28.671 108.244 76.6369 21.4342 64.3981 6.71309 171.445 51.002 138.359 11.4249 39.1866 1.62308 57.7488 57.9801 58.8405 5.19705 59.336 58.5282 0 25.4408 15.2876 1.25809 57.7616 59.4172 2.57664 50.4358 
5.52691 0.576589 0.235598 0.824756 7.36875 12.1701 3.50981 2.69789 67.1336 45.905 58.3308 0.960786 76.1564 6.03177 17.5515 10.3077 11.3454 41.9219 6.41363 6.34834 3.81513 0 12.3914 0.335288 17.8017 1.66419 12.5613 10.19 
37.4508 40.9897 12.2416 9.57531 51.2992 1.11618 3.35441 30.8712 92.72 60.4196 110.532 108.251 86.0538 2.31491 3.92369 4.31727 16.0202 0.762046 0.79604 0.0303754 17.7168 12.3064 0 0.0117369 15.4322 0.103967 1.87459 8.30266 
56.9624 0.219256 1.72801 2.64599 2.98619 17.2665 65.4496 74.0372 86.7438 57.4763 126.351 183.297 61.3948 6.22359 19.0282 28.7374 0.110331 16.3712 11.0461 5.9851 15.2996 13.013 20.233 0 4.14164 10.5291 18.7679 0.174679 
497.481 432.827 2.41987 471.132 65.5865 450.965 58.3431 176.952 492.677 6.02762 120.106 375.796 23.4889 16.5614 30.8178 9.98361 453.34 8.66615 30.8765 5.95496 55.4495 39.9533 0.266449 57.4681 0 87.2029 76.9533 44.8644 
51.8452 12.5079 27.5198 37.7043 8.48282 23.0555 96.3975 222.16 21.0177 23.4906 59.51 399.485 19.3558 5.36057e-05 30.8954 0.0280177 0.052227 61.5236 30.5613 2.71849 22.6656 6.24175 7.0525 13.5774 1.82499 0 30.0023 49.6539 
40.0432 0.687776 0.0038605 24.5799 5.36597 0.672623 7.55717 31.4851 1.96212 7.24095 68.3146 48.5866 0.957606 2.05772 1.25377 18.7585 4.46203 16.1758 23.8503 10.4331 18.385 12.5037 13.4415 19.2717 8.03417 12.7871 0 85.2229 
7.98211 63.484 7.10719 32.6259 56.3823 3.42027 6.24101 16.1878 93.8274 26.8231 108.272 147.72 43.4888 8.96649 22.6978 20.1759 2.26578 10.452 21.9084 5.6299 16.1343 0.448222 9.34864 4.82076 34.6992 49.764 23.5549 0 
