0 871.502 1.38045 464.421 71.2444 312.719 258.997 162.819 386.551 1.83229 194.79 120.356 105.687 1.04962 0.760738 35.9166 372.496 78.5932 0.00308366 125.92 151.025 33.088 42.001 7.04371 316.788 46.9416 0.0218108 49.3031 
886.599 0 442.308 483.485 458.929 492.474 497.637 79.2206 366.051 196.907 202.51 4.12205 67.0839 66.107 0.0531662 22.0807 318.058 463.544 171.501 73.5482 11.9576 2.57364 45.007 56.1264 385.972 44.8504 3.66643 13.9829 
106.83 32.5974 0 196.924 105.477 0.118559 75.5069 185.145 178.147 79.5345 113.584 21.4706 38.9438 6.1005 33.734 2.97585 2.68986 96.7951 57.9784 3.45806 21.4162 12.4594 10.0145 15.3784 7.29466 11.3959 0.00275957 14.5329 
515.084 307.627 145.144 0 1.70635 369.351 67.2558 786.23 346.102 8.10284 33.5135 255.95 70.4276 0.495378 35.3777 11.7743 340.079 32.1605 13.194 13.4239 81.5307 16.3432 18.7912 1.71521 337.742 41.3017 12.168 2.45185 
7.15427 103.691 41.4818 163.521 0 53.1227 345.259 111.217 335.313 279.796 22.4871 4.8828 2.56848 62.3038 34.5884 59.4304 67.501 235.441 123.661 0.0419794 40.2738 34.8154 28.6222 48.9452 60.7547 12.138 21.5134 54.8212 
313.544 475.935 25.9961 366.035 837.799 0 684.197 38.0187 514.154 655.003 74.9176 60.1136 244.759 21.3369 17.9043 15.3743 338.122 96.6281 50.5843 23.2723 54.6772 20.2348 15.2222 5.77163 310.63 26.6055 7.86126 16.2668 
185.308 487.645 161.507 59.1387 0.422774 329.026 0 382.624 542.497 453.769 154.975 278.315 61.835 27.1853 47.0956 0.946408 54.7195 191.956 20.3492 85.4006 41.4611 4.87682 67.2149 0.904471 52.5001 73.6954 27.6206 0.111574 
188.428 82.1164 143.051 379.746 101.285 205.388 405.877 0 239.964 223.642 374.465 822.451 147.801 31.4818 19.0396 15.5732 97.9078 24.7022 90.1624 86.2275 65.107 26.0515 77.9272 27.9306 5.96888 39.3891 0.255914 123.856 
426.653 499.674 10.9485 578.981 3.56246 684.941 1264.43 548.378 0 329.302 1703.4 382.874 199.05 125.464 106.248 83.5882 324.707 6.03192 0.432839 74.0674 169.845 67.6895 101.828 93.5474 378.716 90.6951 78.944 96.2473 
145.765 217.168 53.8158 82.0382 6.14631 446.368 59.0862 115.881 374.187 0 23.9705 206.313 129.152 15.0374 130.501 21.48 13.8126 79.8848 118.736 29.4747 84.047 16.5413 46.079 5.55656 4.831 6.65943 46.3337 31.5949 
74.7481 31.5548 90.0862 195.461 36.1562 195.7 61.1435 3.40718 27.6659 604.618 0 107.926 0.256754 190.748 394.795 140.612 88.2709 56.1715 128.283 78.0214 1.83467 0.0439722 1.32557 14.0203 85.9632 45.7227 85.4028 68.3719 
19.2377 11.91 185.451 205.478 178.43 6.43552 160.59 1019.14 19.4272 132.202 448.033 0 159.324 157.133 38.3255 33.0763 0.4256 24.7222 94.2369 63.8263 160.394 3.21704 123.032 170.262 117.704 18.3668 29.4047 1.2237 
8.17001 8.3927 1.05147 62.8007 29.2607 71.0045 219.271 1.39428 176.24 246.086 108.299 67.7146 0 124.297 15.9214 53.0052 63.3642 70.4629 83.6957 35.8841 67.8248 83.0084 79.0651 47.99 0.32517 7.93585 5.06548 0.144296 
5.09998 6.15353 0.296584 21.1904 0.929863 21.9548 76.6244 121.741 112.841 78.2713 178.893 0.178326 1.00498 0 60.1615 10.3395 17.8512 8.96453 1.21215 4.3852 44.989 0.43056 1.04633 9.2758 16.5664 11.6883 5.89527 4.56993 
42.071 96.7024 17.3519 37.213 89.7262 18.9295 76.2592 108.609 200.127 11.75 407.835 253.238 48.8645 37.6294 0 1.04535 2.50559 69.0062 20.757 11.5669 54.5378 0.00185588 3.47976 3.38582 31.372 27.7833 4.24678 19.8698 
1.26076 70.9533 24.6137 36.5753 21.7612 1.04923 5.75887 258.909 82.5204 16.9238 137.882 71.9242 83.2655 0.322739 24.6518 0 25.9571 41.5562 12.8804 6.23616 61.8692 11.9582 6.21919 2.79423 18.6003 0.197617 18.5302 22.2452 
316.274 434.076 48.0598 347.977 1.69944 335.804 21.9955 94.3232 409.769 15.3619 56.9699 87.4037 27.4381 0.0615798 29.5756 16.9362 0 7.39224 273.781 27.8873 68.4645 0.199433 18.6672 11.7771 309.095 0.9238 14.7531 1.0952 
235.677 39.2889 114.403 31.9492 117.953 58.0567 169.655 2.00874 18.8498 87.4424 30.5049 30.3326 0.0939587 6.05705 1.65546 57.9784 174.556 0 36.4838 1.65395 0.420261 39.7696 5.49008 38.1219 12.8211 61.7375 1.50873 7.42031 
72.7168 60.318 37.3027 30.5142 118.41 90.4932 70.8092 14.4637 67.2713 107.615 123.188 56.3085 11.9406 25.4443 3.31285 30.4056 14.9634 17.7174 0 20.0766 59.3184 5.25602 15.8888 17.0269 3.19186 1.59972 12.6345 13.6994 
71.2339 27.7327 18.5711 13.7451 5.69439 18.5441 25.0613 54.5011 50.8045 56.3886 0.0334138 19.6399 0.121414 3.25327 0.00169302 8.45127 6.60466 0.175822 3.49893 0 151.235 0.227265 0.00491341 4.11923 6.07483 11.6368 5.89372 1.35459 
12.2647 0.0122335 32.0093 130.042 74.2747 20.2119 61.5786 4.98293 169.014 52.5523 139.725 9.7565 38.2325 1.41506 57.8816 57.3879 59.4318 4.3896 60.0821 37.9361 0 25.6744 14.8423 1.46882 57.3738 59.8748 2.36298 50.5808 
5.82247 0.715878 0.197504 0.746453 6.86478 12.4924 3.94871 3.05059 66.7513 46.8655 57.2736 0.725659 74.3179 6.28278 17.5436 10.1616 11.5331 42.0012 6.64942 6.33834 3.99714 0 12.7824 0.238903 17.834 1.56918 12.5187 10.1503 
36.9352 41.731 12.308 9.89361 51.7548 0.975769 2.81481 28.9173 91.4305 60.5474 107.684 110.551 84.6839 1.73294 3.17053 3.89797 16.1511 0.634292 0.704083 0.0385892 17.2608 12.7022 0 0.0813555 16.1106 0.148013 2.02932 8.18804 
57.1754 0.121211 1.55611 2.97669 2.64431 17.1405 66.1551 77.8777 88.0873 56.9426 127.249 185.095 62.4227 5.81445 17.9841 28.1361 0.0830854 15.8264 11.308 6.02173 15.894 12.8216 20.7107 0 3.31403 10.1219 18.6368 0.233851 
376.158 311.594 2.75862 350.403 65.9156 329.945 56.5435 172.918 375.064 6.8414 123.017 207.402 24.3497 16.5149 31.018 3.15144 332.898 9.22635 30.8917 6.1457 55.9353 59.8993 0.441326 59.8606 0 58.8484 149.724 17.3773 
50.2979 11.3841 27.468 38.5795 7.74891 22.6204 95.555 226.355 23.8193 25.0885 54.5374 398.547 18.5062 0.00851087 30.7935 0.168866 0.0818566 61.6319 30.6031 2.87237 23.6428 6.11002 6.86228 13.244 2.42458 0 30.923 46.5629 
39.5237 0.551805 1.38701e-05 24.3256 5.0454 0.763907 8.08731 33.1775 1.62466 7.68843 69.3836 46.0309 1.09075 1.9424 1.40501 18.8057 4.60776 16.5948 23.7863 10.3822 18.8447 12.4571 13.4089 19.2579 8.8112 13.8886 0 81.5286 
8.60665 63.7281 7.45418 32.7582 56.2181 3.66888 6.92516 18.4354 94.6491 27.7444 107.634 151.806 43.2782 8.79238 22.8464 19.8124 2.39819 10.9254 22.118 5.76719 16.7326 0.406126 9.42603 5.05918 34.9723 52.618 18.4648 0 
