0 730.171 3.03898 357.056 78.081 186.546 261.514 153.951 265.127 1.24931 194.698 125.219 105.154 0.881085 0.978242 37.2478 246.575 73.0901 0.0150702 126.225 144.522 33.3382 42.2988 6.58624 190.026 48.1591 0.00651576 49.8506 
753.299 0 458.378 340.979 477.163 357.271 483.822 86.12 249.339 191.609 207.888 5.39831 69.5812 65.5778 0.00411855 20.9251 192.183 136.825 170.826 69.8426 10.3268 2.36768 45.5241 55.6948 258.432 43.6174 3.42286 14.5753 
98.5345 16.116 0 163.382 111.409 0.00608123 66.0195 195.078 208.971 82.0716 121.73 18.4189 37.7975 6.37304 33.5743 3.29757 3.08257 101.189 58.4758 3.08142 23.7181 12.4335 9.88107 15.4343 6.9027 11.8895 5.7214e-05 14.8021 
407.054 180.114 160.131 0 0.969908 242.793 61.3394 436.511 210.002 9.28789 29.6172 253.526 70.7886 0.400974 35.8055 10.8945 211.813 34.9178 13.9889 12.3346 659.706 16.2936 18.7 1.92409 209.544 41.7882 12.474 2.20961 
4.9043 126.845 46.5572 163.801 0 31.6389 360.079 106.806 329.797 270.324 25.9969 5.85875 1.78003 62.9061 33.0751 60.265 70.595 235.045 112.06 0.0011905 38.5934 34.2422 29.2457 49.3503 61.215 12.8133 21.1162 55.0313 
184.833 356.582 28.1328 237.371 983.503 0 349.548 33.3715 356.756 74.1735 66.0642 63.4429 566.369 21.4594 18.8477 14.8889 211.524 98.6647 52.7441 23.4202 53.7085 20.1723 15.3362 5.55508 182.916 26.7777 8.04665 16.5058 
192.203 472.024 171.434 64.998 2.41313 445.766 0 374.65 693.448 434.236 135.72 280.275 66.7927 28.8472 50.4645 0.605334 53.1364 187.659 22.5819 86.3638 39.4959 5.26615 67.7347 1.13579 53.9119 75.2165 28.2268 0.194862 
197.019 75.3214 132.336 410.465 96.9001 207.798 402.217 0 206.727 224.036 373.86 886.137 147.503 29.3298 16.1431 20.7588 97.5853 22.7322 91.4388 88.0396 61.3936 25.3989 76.5076 30.3476 4.28485 45.5437 0.415578 125.267 
292.709 357.476 22.3329 461.985 6.14169 531.717 1301.41 573.716 0 318.307 1329.76 376.778 200.438 122.777 92.5429 80.0927 198.301 7.50689 0.193381 72.4853 167.908 67.4259 101.581 92.7546 248.96 93.5282 79.1049 96.7346 
144.204 212.974 56.5998 80.1811 9.97209 423.352 79.1394 110.879 378.952 0 40.1528 201.723 143.391 16.4531 131.606 23.2078 13.0028 77.4569 117.78 30.2278 84.8994 15.7788 45.2601 5.04491 5.3947 5.93384 46.17 32.2998 
78.2047 35.7686 82.2771 193.18 32.0792 186.404 47.8924 1.60694 10.5336 603.607 0 90.9943 0.0107113 186.141 384.922 148.232 88.8173 58.6236 128.574 77.3407 2.32094 0.0980928 0.823942 15.66 83.0045 42.1696 85.1921 70.0308 
22.0308 13.9776 184.128 212.422 177.87 7.84889 153.439 1029.71 25.3804 138.236 432.652 0 159.106 159.06 46.1248 17.0381 0.313134 23.2303 94.7803 62.488 161.482 3.57454 123.884 167.019 104.473 29.3094 31.1499 2.06015 
8.9453 9.58624 0.796256 62.0893 26.6384 69.3293 219.036 1.84858 179.116 233.122 101.967 65.2178 0 119.082 13.8287 54.6372 63.1713 69.2508 84.0221 35.55 68.3129 84.0125 77.5665 49.1186 0.231355 8.42497 5.28296 0.197811 
4.73377 6.72241 0.226784 21.3798 1.1631 21.9642 75.1124 122.641 110.132 77.3139 184.01 0.00693759 2.25533 0 61.451 9.5568 17.993 9.38677 1.09984 4.41017 44.9636 0.357944 0.729075 9.07024 16.5894 11.5414 5.77904 4.42174 
41.088 96.7648 16.6209 37.5348 90.4317 17.9856 79.7934 113.454 204.266 9.59639 407.951 258.576 45.764 42.2857 0 3.2566 2.65971 68.9785 20.3069 11.5997 54.2142 0.000318555 4.07479 2.85457 31.3988 27.3293 4.05739 19.6107 
0.950386 71.9195 24.5069 35.8466 20.8237 1.24482 6.70463 259.794 86.006 15.3906 145.551 47.8678 83.6047 0.553783 31.5931 0 25.9943 40.8921 12.5707 6.12292 62.0783 11.951 5.87611 3.65511 17.7933 0.0662071 18.596 22.1066 
187.948 304.335 48.6589 221.241 2.41047 209.209 23.276 93.7974 283.159 14.5162 57.9847 87.2747 26.793 0.0439784 29.4996 17.1544 0 4.35414 290.484 27.5886 68.4378 0.172477 18.6229 11.931 181.526 0.841855 14.6203 1.02458 
236.313 36.9556 110.237 29.2808 112.435 55.5763 164.706 1.4433 16.5256 85.0462 28.5427 28.7132 0.18524 5.7067 1.9198 58.3087 163.901 0 39.0545 2.05987 0.253675 39.6129 5.75327 38.4834 13.3204 61.7784 1.63167 7.73851 
70.8413 56.6275 36.2368 29.5504 106.91 90.4809 74.0542 15.492 69.9734 109.173 122.368 55.1727 12.7447 25.2948 3.56997 30.4553 13.1173 19.6728 0 20.5167 58.733 5.42511 16.0734 17.2094 3.02688 1.47255 12.4698 13.4898 
61.925 30.7285 18.019 12.6474 4.93159 18.8625 23.6192 52.4389 52.5101 56.3514 0.092147 18.5217 0.172713 3.21107 2.14306e-05 8.37161 6.91109 0.324738 3.76381 0 173.82 0.211268 0.00760353 4.06037 5.92824 11.5829 5.97897 1.42338 
15.3342 0.0201098 34.6594 145.024 72.45 19.2875 59.4206 3.82342 167.038 53.7429 140.718 8.55747 37.4989 1.26445 57.9671 56.9124 59.8758 3.81322 60.6445 24.7896 0 25.8523 14.5016 1.64165 57.0595 60.2068 2.20457 50.6817 
6.05418 0.8331 0.170452 0.688757 6.48769 12.7388 4.3027 3.33589 66.4416 47.5894 56.449 0.567032 72.8447 6.47469 17.5289 10.0459 11.6772 42.0566 6.83266 6.32997 4.13964 0 13.0673 0.175677 17.8587 1.49767 12.4839 10.1185 
36.5319 42.2937 12.3545 10.1383 52.092 0.873792 2.43064 27.4407 90.3898 60.6117 105.409 112.233 83.5301 1.331 2.63845 3.58348 16.2502 0.543875 0.637077 0.0455682 16.911 12.9909 0 0.344196 16.6202 0.187091 2.15176 8.09809 
57.3198 0.065393 1.42935 3.24259 2.39479 17.0374 66.6721 80.8145 89.0792 56.5046 127.825 186.128 63.1755 5.49694 17.1644 27.536 0.0647433 15.4107 11.5096 6.04869 16.3552 12.6651 20.8716 0 2.81248 9.80561 18.526 0.285125 
248.111 183.672 3.0326 222.807 66.1495 202.152 55.1473 169.555 249.894 7.49861 125.16 693.075 25.0143 16.4682 31.1439 0.732511 205.553 9.66702 30.8978 6.29282 56.2939 74.1701 0.62716 61.2131 0 39.71 179.892 27.3843 
49.0957 10.5499 27.4075 39.219 7.20429 22.2757 94.8415 229 26.0691 26.3358 50.7887 394.733 17.8592 0.0248222 30.676 0.357355 0.10914 61.6984 30.6289 2.99273 24.4001 6.00839 6.71423 12.9791 2.94004 0 31.6015 44.055 
39.1185 0.457302 0.00170371 24.124 4.80474 0.837913 8.50544 34.4947 1.3863 8.04001 70.189 44.0832 1.1989 1.85549 1.52676 18.834 4.72104 16.9186 23.7346 10.3417 19.1994 12.4193 13.379 19.2367 9.51 14.749 0 78.274 
9.1004 63.8984 7.72387 32.8447 56.0797 3.86491 7.47311 20.2477 95.2405 28.4537 107.085 154.768 43.1072 8.65633 22.9488 19.5193 2.50233 11.2947 22.2768 5.87279 17.1966 0.375101 9.48308 5.24439 35.1594 54.6341 14.8726 0 
