0 660.958 4.10674 306.292 81.5685 126.432 262.621 149.515 207.381 0.999245 194.603 127.643 104.875 0.802241 1.09709 37.9149 186.533 70.38 0.0449044 126.897 141.243 33.462 42.4447 6.36249 129.574 48.7649 0.00222996 50.1205 
687.98 0 464.313 272.625 485.406 292.458 475.998 89.6331 194.174 188.879 210.516 6.09924 70.8319 65.3045 0.000363402 20.3552 132.206 463.889 170.423 67.9904 9.5535 2.26776 45.7795 55.4739 197.574 43.0003 3.30399 14.8748 
94.3999 9.96498 0 146.062 114.35 0.00304956 61.4285 199.922 224.598 83.3185 125.803 16.9714 37.2239 6.51018 33.483 3.46366 3.28836 103.365 58.7117 2.90023 24.903 12.4199 9.81347 15.46 6.70945 12.1372 0.000221921 14.9359 
355.702 119.825 163.557 0 0.678727 182.408 58.439 1306.19 145.242 9.90772 27.744 252.103 70.9593 0.35745 36.0114 10.4631 150.601 36.3255 14.3926 11.8012 287.374 16.2679 18.6523 2.03267 148.363 42.0182 12.6272 2.09287 
3.93543 139.021 49.1687 163.863 0 22.3978 367.096 104.603 326.811 265.363 27.8364 6.37895 1.43937 63.1995 32.3243 60.6758 72.1463 234.75 106.346 0.00257092 37.7611 33.9546 29.5572 49.5493 61.4398 13.1562 20.9179 55.1326 
123.451 299.701 29.21 175.937 849.982 0 699.771 31.1409 281.326 302.219 61.7797 65.119 624.509 21.5157 19.3211 14.6456 151.146 99.661 53.8177 23.4901 53.2197 20.1387 15.3913 5.44766 121.985 26.8591 8.13964 16.6244 
195.582 463.344 176.278 67.9831 4.01613 504.817 0 370.324 768.63 423.558 126.385 281.123 69.3122 29.6888 52.1687 0.463104 52.3453 185.453 23.7344 86.8278 38.5245 5.4659 67.9851 1.26113 54.615 75.9654 28.5303 0.245129 
201.263 71.996 126.989 420.995 94.7159 208.876 399.994 0 190.612 224.149 373.306 914.302 147.329 28.2737 14.776 23.6059 97.415 21.7736 92.0684 88.9322 59.5605 25.0739 75.7878 31.5833 3.54506 48.7478 0.509788 125.941 
228.676 289.346 29.4503 406.093 7.68805 457.295 1306.95 585.38 0 312.528 1372.73 373.454 201.071 121.408 80.9214 78.3412 138.03 8.30253 0.109303 71.6867 166.906 67.2888 101.437 92.3429 187.001 94.9308 79.1782 96.9644 
143.388 210.772 57.9926 79.2359 12.2192 410.168 90.0559 108.379 380.924 0 49.6847 199.357 150.582 17.1791 132.073 24.0883 12.6054 76.241 117.271 30.6038 85.318 15.4019 44.8451 4.79748 5.68726 5.58539 46.0849 32.6515 
79.9428 37.959 78.4369 191.944 30.1196 181.651 41.8089 0.956654 8.32249 601.463 0 82.9565 0.00962808 183.702 379.037 151.984 89.0833 59.8591 128.699 76.9917 2.58513 0.133176 0.617375 16.5091 81.5183 40.4285 85.0778 70.855 
23.4906 15.0693 183.373 215.756 177.556 8.60534 149.851 1029.76 28.6343 141.241 424.509 0 158.967 159.945 50.2395 10.9346 0.263341 22.4986 95.0434 61.8144 161.997 3.76001 124.273 165.305 98.4778 35.656 32.0349 2.5586 
9.34488 10.2106 0.681801 61.7261 25.3656 67.787 218.817 2.09943 180.507 226.443 98.8239 63.9747 0 116.373 12.8305 55.4458 63.0701 68.6412 84.1742 35.3808 68.5531 84.4892 76.7904 49.6766 0.190396 8.67398 5.39316 0.227713 
4.55531 7.01531 0.195344 21.4714 1.28932 21.9637 74.3421 123.055 108.747 76.8104 186.438 0.00743917 3.06446 0 61.8159 9.16542 18.0632 9.60076 1.04564 4.4224 44.9477 0.32407 0.590228 8.96196 16.5974 11.4655 5.7209 4.34801 
40.5951 96.7752 16.2555 37.6868 90.7668 17.5158 81.5531 115.855 206.201 8.59512 406.95 260.963 44.2279 44.5167 0 4.80192 2.73831 68.9571 20.0817 11.6151 54.0476 0.0023345 4.38649 2.60407 31.4028 27.0924 3.96389 19.4783 
0.811462 72.3919 24.4466 35.4705 20.3598 1.34858 7.20259 259.938 87.7416 14.6457 149.332 37.4852 83.7491 0.691823 35.2149 0 26.0114 40.5581 12.4163 6.06601 62.1752 11.9458 5.70491 4.12256 17.3927 0.0267553 18.6264 22.0317 
126.723 242.357 48.9505 160.791 2.81174 148.833 23.9262 93.526 222.764 14.1006 58.4903 87.2038 26.4713 0.036284 29.4598 17.2631 0 3.1307 484.97 27.4372 68.4197 0.159727 18.6 12.0079 120.665 0.802267 14.5538 0.990114 
236.521 38.131 108.12 27.9794 109.681 54.3396 162.193 1.19528 15.4161 83.843 27.5811 27.9164 0.242369 5.53497 2.05909 58.4685 158.526 0 40.361 2.27908 0.186038 39.5329 5.88683 38.6624 13.5726 61.7933 1.69487 7.89966 
69.8983 54.8046 35.7013 29.0691 101.257 90.4353 75.6801 16.0173 71.328 109.926 121.94 54.6039 13.1548 25.2183 3.70176 30.4778 12.7089 20.683 0 20.7364 58.4368 5.51039 16.1651 17.3 2.94587 1.41084 12.3875 13.385 
57.4211 32.268 17.7401 12.1096 4.56963 19.0193 22.9087 51.4106 53.3632 56.3252 0.132438 17.9719 0.201733 3.18986 0.0001862 8.331 7.06625 0.416122 3.89943 0 185.086 0.203481 0.00916734 4.03081 5.85512 11.5548 6.02156 1.45832 
16.9885 0.0718207 36.0093 151.441 71.5356 18.8307 58.3457 3.30009 166.016 54.3374 141.195 7.98584 37.1323 1.19224 58.0043 56.6682 60.0942 3.53977 60.9219 19.1823 0 25.9406 14.3319 1.73155 56.8972 60.3663 2.12731 50.7286 
6.17142 0.894994 0.157661 0.660748 6.30266 12.8614 4.48497 3.4831 66.2817 47.9462 56.0333 0.494994 72.0897 6.57018 17.5188 9.9869 11.7493 42.0824 6.92488 6.32556 4.21168 0 13.2042 0.147661 17.8709 1.46245 12.4658 10.1021 
36.3282 42.5725 12.3761 10.2606 52.2563 0.824798 2.24879 26.7115 89.854 60.6327 104.246 113.045 82.9215 1.1468 2.38862 3.4292 16.2992 0.501246 0.604791 0.0492729 16.7365 13.1299 0 0.542464 16.8706 0.208312 2.21407 8.05255 
57.3855 0.043887 1.36779 3.37921 2.27446 16.9838 66.922 82.2754 89.5612 56.2768 128.075 186.529 63.5393 5.3377 16.7502 27.1929 0.0564258 15.2039 11.6105 6.06177 16.5869 12.5839 20.8835 0 2.60686 9.64663 18.4674 0.312623 
187 122.642 3.17387 161.92 66.26 141.174 54.4457 167.792 190.228 7.83718 126.199 67.3142 25.3472 16.4412 31.1976 0.54031 144.801 9.89044 30.899 6.36649 56.4682 80.0324 0.736617 61.6935 0 32.9142 177.69 41.9004 
48.4912 10.1431 27.3704 39.5273 6.93857 22.1003 94.4638 230.127 27.2234 26.9648 48.9421 391.834 17.538 0.0361683 30.6047 0.477479 0.124244 61.726 30.6398 3.05352 24.7805 5.95748 6.63969 12.8441 3.21507 0 31.9306 42.7651 
38.9141 0.413345 0.00406451 24.0212 4.68639 0.876151 8.7178 35.1579 1.2741 8.21811 70.586 43.116 1.25482 1.81264 1.58937 18.8456 4.77805 17.0809 23.7079 10.3211 19.377 12.3997 13.3625 19.2226 9.89221 15.1828 0 76.5234 
9.35152 63.9777 7.85955 32.8829 56.0065 3.96444 7.75397 21.1801 95.5227 28.8085 106.792 156.188 43.0188 8.58765 22.9961 19.3685 2.55513 11.4811 22.3554 5.92558 17.4298 0.360033 9.5108 5.33753 35.2448 55.5784 13.1948 0 
