0 521.788 7.92426 223.296 91.5527 17.7941 265.173 137.127 105.337 0.446857 194.168 134.396 104.045 0.600919 1.46541 39.7855 77.9038 62.9549 0.212901 131.802 131.997 33.8041 42.8425 5.75423 19.8476 50.4488 0.00216581 50.8625 
559.13 0 473.115 140.834 505.154 170.083 451.063 99.6703 100.099 180.972 217.638 8.28162 74.3383 64.5087 0.0635088 18.7885 23.9077 320.203 169.068 62.8194 7.54058 1.99896 46.483 54.8374 86.6437 41.2712 2.98168 15.7245 
82.9354 0.536687 0 98.2329 122.467 0.183222 49.1998 212.967 268.42 86.7247 137.162 13.2065 35.6177 6.89684 33.1872 3.94664 3.89746 109.364 59.3258 2.41905 28.3339 12.3791 9.62104 15.5244 6.17864 12.8334 0.00606006 15.3069 
270.181 12.4412 139.9 0 0.138746 72.732 50.5519 1240.3 24.807 11.738 22.7791 247.389 71.4019 0.248708 36.5589 9.28739 38.7142 40.3631 15.5439 10.3517 607.25 16.1931 18.5111 2.35109 36.5503 42.6144 13.0569 1.78182 
1.78389 174.889 56.7149 163.76 0 4.93354 385.212 98.4501 317.671 250.749 33.2777 7.94808 0.676809 63.9927 30.2452 61.802 76.4985 233.584 90.7405 0.0836498 35.4603 33.1466 30.4286 50.0933 62.0498 14.1348 20.364 55.4028 
11.2738 199.442 32.2461 63.3521 980.719 0 814.853 25.2438 131.47 46.8281 50.3486 69.8449 482.356 21.6561 20.6504 13.9629 41.5908 102.369 56.7956 23.6712 51.837 20.0369 15.5385 5.15013 10.8969 27.0699 8.40084 16.9526 
204.775 436.204 189.327 76.5071 10.628 661.247 0 357.066 967.779 390.79 101.466 283.026 76.4939 32.0803 57.0003 0.165802 50.1336 179.082 27.085 88.0629 35.8463 6.043 68.652 1.64631 56.572 78.0183 29.3807 0.416414 
212.927 62.9639 112.131 433.65 88.6374 211.436 392.409 0 147.742 224.169 370.868 978.189 146.759 25.3919 11.2462 32.4326 96.9059 19.1853 93.7998 91.3804 54.5194 24.1684 73.7385 35.1332 1.84159 58.1307 0.824402 127.715 
108.972 158.36 54.1058 307.887 12.913 306.397 1276.01 614.139 0 295.436 912.52 363.207 202.623 117.493 40.5724 73.4345 28.8129 10.7341 0.000619649 69.4265 163.982 66.8868 100.966 91.1368 73.0208 98.8017 79.3582 97.5581 
140.979 204.254 61.8876 76.5342 19.6627 368.205 123.408 101.39 384.96 0 81.1165 192.492 170.828 19.2721 133.072 26.6081 11.5198 72.8335 115.736 31.6542 86.4626 14.3631 43.6646 4.13521 6.54363 4.66198 45.8348 33.6328 
84.8382 44.3755 67.952 188.152 24.9228 168.037 26.8132 0.0276583 27.9311 589.739 0 62.1078 0.43893 176.417 359.415 162.238 89.8024 63.349 128.976 75.9846 3.39906 0.259813 0.196937 18.9868 77.3405 35.6904 84.7262 73.1416 
27.7958 18.3268 180.93 224.562 176.56 10.8964 139.788 1011.39 38.6937 149.591 400.236 0 158.471 162.142 62.4581 0.974256 0.146786 20.5019 95.7492 59.9136 163.338 4.30286 125.232 160.193 91.0093 56.306 34.5541 4.23543 
10.5056 12.0552 0.408206 60.6839 21.9417 61.7646 217.846 2.88512 184.226 207.169 90.1265 60.5163 0 108.478 10.2135 57.68 62.7701 66.9228 84.5608 34.8993 69.2115 85.7314 74.5268 51.2152 0.0968776 9.38685 5.70674 0.322561 
4.07227 7.86475 0.119677 21.7162 1.67655 21.9444 72.1366 124.089 104.774 75.3155 192.749 0.314481 5.96867 0 61.8242 8.07608 18.2573 10.2099 0.900916 4.45568 44.8914 0.237946 0.27614 8.64032 16.6068 11.2443 5.5581 4.14307 
39.21 96.7308 15.2351 38.0806 91.6412 16.2106 86.4427 122.483 211.122 6.06866 400.436 266.609 39.9883 50.2783 0 10.5731 2.9639 68.8706 19.4506 11.6548 53.5644 0.0178506 5.30603 1.95853 31.3806 26.3953 3.70653 19.0982 
0.48036 73.6748 24.2537 34.3782 19.0784 1.65991 8.68383 259.277 92.5656 12.6415 159.683 14.8325 84.0633 1.1558 45.6306 0 26.054 39.6164 11.9856 5.90574 62.4188 11.9256 5.22814 5.55183 16.2849 0.00980835 18.7023 21.8024 
14.8547 128.231 49.7386 51.0266 4.09562 39.2884 25.7805 92.7369 113.127 12.9626 59.8993 86.9827 25.5739 0.0186688 29.342 17.5656 0 0.770972 298.878 27.0063 68.3519 0.126613 18.5336 12.2227 9.76558 0.696346 14.3667 0.896631 
236.713 47.3426 102.091 24.4583 101.995 50.8953 155.028 0.624545 12.501 80.4598 24.9606 25.732 0.442972 5.06657 2.47417 58.8967 143.392 0 44.0903 2.94999 0.052293 39.3033 6.26771 39.1569 14.2876 61.8154 1.87795 8.35807 
67.2422 49.7886 34.1943 27.7247 85.8656 90.168 80.2374 17.5271 75.1299 111.937 120.675 53.0082 14.3312 24.9976 4.08204 30.5323 13.2615 23.6232 0 21.3493 57.595 5.75173 16.4202 17.5519 2.72426 1.24477 12.1569 13.0916 
45.4404 36.7155 16.9504 10.6465 3.62632 19.4494 20.9598 48.5444 55.7513 56.2251 0.283924 16.4671 0.294899 3.13011 0.00419654 8.21454 7.50738 0.731786 4.29037 0 216.003 0.182433 0.0143212 3.94765 5.65105 11.4722 6.14061 1.55807 
22.032 0.385877 39.8686 164.306 68.9706 17.5718 55.3541 2.03715 163.039 55.9981 142.463 6.48588 36.1067 1.00105 58.089 55.9619 60.6928 2.82682 61.6847 7.1686 0 26.1858 13.8591 1.99544 56.4246 60.7892 1.91803 50.8477 
6.50458 1.07985 0.124476 0.585282 5.797 13.2026 5.0138 3.91118 65.8161 48.9267 54.8573 0.319193 69.9141 6.83554 17.4807 9.81798 11.9506 42.1483 7.18512 6.31242 4.4162 0 13.5674 0.0820507 17.9043 1.36571 12.4129 10.0548 
35.7506 43.3436 12.4314 10.6025 52.7005 0.694778 1.77619 24.7046 88.3003 60.652 100.9 115.21 81.1087 0.696611 1.74946 3.00886 16.4347 0.391045 0.518756 0.0604055 16.2492 13.499 0 1.3254 17.5546 0.273647 2.39229 7.9231 
57.5469 0.00640196 1.20198 3.77443 1.95344 16.8266 67.5909 86.3326 90.8606 55.6079 128.643 187.24 64.512 4.8916 15.5786 26.0873 0.0361724 14.629 11.8932 6.09696 17.2399 12.3464 20.6735 0 2.19466 9.19908 18.2923 0.396194 
75.3668 11.302 3.5842 50.9075 66.5469 29.9389 52.4711 162.582 82.6584 8.8197 128.987 403.777 26.2814 16.3533 31.3149 3.59731 34.2009 10.5269 30.896 6.57308 56.9384 89.3358 1.10082 62.233 0 28.1671 116.891 98.2984 
46.7876 9.041 27.243 40.3485 6.21844 21.5985 93.3327 232.583 30.5552 28.7434 43.8825 380.297 16.6469 0.0792137 30.3606 0.904213 0.171726 61.7839 30.6628 3.22586 25.8507 5.81471 6.42932 12.4572 4.04472 0 32.8138 39.0511 
38.3357 0.302018 0.0160482 23.7268 4.36205 0.987503 9.32392 37.0297 0.984746 8.72506 71.6766 40.4342 1.41796 1.69481 1.77075 18.8686 4.939 17.5371 23.6305 10.2617 19.8752 12.3427 13.3108 19.1711 11.0769 16.4078 0 71.2302 
10.0694 64.1794 8.24222 32.9722 55.788 4.24842 8.56461 23.88 96.2648 29.8016 105.904 159.937 42.7611 8.3931 23.1144 18.9315 2.70555 12.0085 22.5726 6.07329 18.0866 0.319436 9.58546 5.60008 35.4532 57.9779 8.95998 0 
