0 689.43 23.0185 556.015 118.319 292.472 267.958 105.972 396.53 0.0340905 191.904 151.375 101.605 0.215731 2.6496 44.5908 351.35 45.183 1.2134 171.575 108.083 34.6511 43.7901 4.31728 290.79 54.6778 0.0826994 52.672 
747.667 0 442.155 357.773 531.167 406.376 369.96 126.51 415.983 159.136 234.181 15.3374 83.3363 62.2646 0.722691 14.9753 299.183 888.026 164.076 49.7886 3.4262 1.38309 48.2094 53.0837 354.065 36.8363 2.22512 17.9806 
55.0365 29.9202 0 10.7775 142.163 1.90654 22.9624 242.146 372.595 94.8172 165.453 5.59035 31.5042 7.904 32.162 5.30089 5.67896 123.948 60.5833 1.36811 37.8308 12.2566 9.1066 15.6374 4.88939 14.6306 0.0574024 16.2352 
590.956 301.675 10.746 0 0.622411 342.888 32.209 1305.98 278.126 17.0469 12.0607 230.601 72.298 0.0589699 37.7623 6.51267 303.916 51.2979 18.6337 6.9639 430.498 15.9805 18.0983 3.26383 301.879 43.8112 14.1643 1.0919 
0.114438 274.27 77.3387 161.63 0 35.7673 419.957 82.8597 289.356 209.279 49.0892 12.726 0.022248 65.8344 25.0816 64.5258 87.6644 228.317 54.3975 0.812561 29.7647 31.0527 32.6575 51.4007 63.4839 16.7682 18.9506 56.0056 
277.018 490.443 40.0345 326.284 303 0 601.46 12.6626 318.709 315.586 25.4811 82.1158 161.386 21.8973 24.0605 12.2081 312.754 108.727 64.1791 24.036 48.1965 19.7216 15.8689 4.40925 278.246 27.4944 9.07755 17.7696 
226.258 350.993 218.361 99.1521 41.2659 887.507 0 316.112 1289.14 292.556 47.7245 284.677 95.6108 38.4242 69.6857 0.0879421 44.4913 161.557 36.4666 90.7885 29.2708 7.64368 70.129 2.86432 61.503 82.9701 31.5693 1.0619 
240.998 41.909 75.7503 419.329 73.3744 214.833 364.224 0 58.1185 222.218 358.728 1025.09 144.728 18.5418 4.2957 60.2321 95.3831 13.2095 98.0246 97.2969 42.2619 21.8756 68.266 44.7933 5.77032e-06 84.51 1.97401 131.475 
354.875 377.508 143.677 599.065 32.1255 465.613 924.048 658.345 0 246.562 841.174 331.032 205.103 106.989 12.1687 60.9183 301.098 18.3165 0.578762 63.4768 155.708 65.7309 99.2872 87.6891 332.859 108.299 79.649 98.7432 
133.995 185.342 71.7598 69.2674 46.0388 238.26 222.495 83.6778 385.087 0 188.108 173.421 221.829 25.017 133.525 33.3979 8.9222 64.0937 111.079 34.3295 89.212 11.8122 40.517 2.64524 8.98799 2.65234 45.1143 36.1262 
97.5449 62.6186 43.368 176.291 13.6479 131.856 3.20793 3.68251 214.768 523.639 0 21.2818 4.44494 155.018 291.236 186.334 91.4733 72.4922 129.194 73.1992 5.9858 0.776718 0.190634 25.9891 66.5662 24.5595 83.6116 78.8545 
40.2428 27.9969 172.517 243.179 173.21 17.9046 114.092 849.366 70.4453 170.401 329.946 0 156.486 165.81 97.6611 24.6623 0.0023478 15.7362 97.3513 54.9458 166.077 5.8548 126.794 145.141 167.325 125.271 41.2768 10.3948 
13.7633 17.4241 0.0247679 57.841 14.1523 47.5851 212.968 5.46097 192.537 155.495 68.7148 51.8139 0 86.6759 4.76984 63.1813 61.8875 62.4365 85.2853 33.6118 70.8069 88.2769 68.1546 54.9883 0.000115086 11.3196 6.54631 0.641255 
2.94603 10.2396 0.0096527 22.265 2.89755 21.7726 66.1761 125.871 93.9946 70.9286 205.359 3.15418 17.4999 0 55.2236 5.4018 18.7387 11.8401 0.576951 4.53471 44.6687 0.0767363 0.0121832 7.70317 16.5443 10.6214 5.14015 3.62752 
35.6305 96.1193 12.6497 38.8716 93.4471 12.9542 98.6206 138.676 220.199 1.54168 360.096 273.748 29.6406 60.2898 0 32.9582 3.57994 68.4684 17.8284 11.7334 52.2114 0.124306 7.93807 0.702444 31.0983 24.3932 3.07619 18.0605 
0.0248061 76.6914 23.5977 31.3314 15.9153 2.59622 13.0543 250.494 104.612 8.08033 184.138 4.50128 84.2575 2.83276 70.8684 0 26.1277 37.156 10.8916 5.48839 62.8572 11.8355 4.03638 9.88416 13.5648 0.596039 18.8354 21.0837 
280.494 387.083 51.5617 321.591 8.45537 310.496 30.7593 90.5135 383.835 10.2212 63.4686 86.2618 23.2929 3.29441e-06 28.9964 18.3308 0 2.01404 222.82 25.8535 68.0628 0.0590376 18.3462 12.7714 277.544 0.457699 13.8813 0.676837 
234.57 72.4289 86.1164 16.3157 82.624 42.2251 135.942 9.19802e-05 6.3492 71.7071 18.7351 20.4502 1.23229 3.94855 3.70809 59.8654 104.895 0 54.0864 5.05297 0.0855992 38.675 7.29229 40.3824 16.1818 61.7392 2.38967 9.5837 
60.3392 37.6072 30.2904 24.3044 50.3392 88.5466 91.8979 21.659 84.9113 116.423 116.999 48.8964 17.5353 24.3887 5.13369 30.6147 23.7629 31.8819 0 22.9075 55.3514 6.38866 17.0628 18.1851 2.19078 0.863836 11.5643 12.3383 
20.0047 48.933 14.8762 7.21683 1.68814 20.4901 16.2477 41.3045 61.8581 55.7879 0.933711 12.8457 0.614545 2.97426 0.0384855 7.8975 8.68425 1.9437 5.36842 0 284.749 0.133451 0.0328011 3.73135 5.13191 11.2336 6.44528 1.82715 
37.5962 2.331 50.2301 160.779 62.3637 14.4814 47.812 0.178093 154.639 60.2312 145.244 3.32517 33.4802 0.584821 58.1742 53.9998 62.1419 1.35568 63.5483 3.14611 0 26.8006 12.6614 2.75547 55.0901 61.7144 1.42767 51.0693 
7.3932 1.63265 0.0570134 0.411634 4.58424 14.0629 6.49527 5.11758 64.5011 51.3117 51.7608 0.0432643 63.9483 7.50048 17.3167 9.35958 12.4661 42.2737 7.86722 6.27336 4.96073 0 14.3528 0.00116844 17.9834 1.13017 12.2617 9.92257 
34.2193 45.258 12.5359 11.4755 53.7338 0.409949 0.812465 19.8017 83.9626 60.4344 91.7781 120.011 75.7596 0.0426059 0.544348 2.02163 16.7703 0.170069 0.327282 0.0941316 15.0076 14.3012 0 4.68248 19.1787 0.480959 2.8747 7.57785 
57.8063 0.063979 0.821512 4.87186 1.23692 16.3759 69.0971 96.4521 93.8465 53.687 129.185 186.26 66.6888 3.76276 12.5367 22.3909 0.0046715 13.1807 12.6197 6.17756 18.9428 11.6711 18.5704 0 2.26351 8.04011 17.7682 0.654743 
341.025 278.151 4.73434 318.113 67.1296 296.774 47.3454 147.516 358.832 11.5687 135.29 308.34 28.6897 16.0437 31.3915 29.1112 302.692 12.2332 30.8443 7.10529 58.0234 59.5359 2.41309 57.3927 0 94.6683 80.0595 99.7266 
42.3533 6.46885 26.7568 42.1589 4.53318 20.2425 89.9452 234.038 39.7269 33.4085 31.7559 329.772 14.4195 0.265408 29.4399 2.58811 0.328672 61.7997 30.672 3.68225 28.6308 5.44646 5.8794 11.4101 6.55687 0 34.8055 29.146 
36.8092 0.0955556 0.0831447 22.926 3.57681 1.3026 10.9574 41.9279 0.410308 10.0813 74.3328 33.7521 1.88118 1.40714 2.27704 18.8646 5.36153 18.7194 23.4127 10.0986 21.1611 12.1809 13.1409 18.9569 14.8681 19.596 0 55.6379 
12.0107 64.5583 9.24195 33.0803 55.1338 5.01247 10.8061 31.3805 97.84 32.3462 103.182 167.938 42.0304 7.8793 23.3225 17.7164 3.10944 13.4015 23.1108 6.45195 19.7997 0.225905 9.75719 6.28482 35.7542 62.2982 1.66213 0 
