0 327.75 61.1881 460.859 163.132 148.928 260.661 59.9511 277.519 2.49348 184.731 177.14 96.6995 0.00214698 5.30042 52.3022 202.183 21.3663 4.58485 264.325 70.4626 35.9317 45.0977 2.38165 138.587 61.1785 0.464807 55.3048 
395.271 0 262.083 138.354 492.191 196.191 210.82 171.617 344.802 120.57 254.78 31.0564 97.7381 58.021 3.32149 9.49977 155.862 992.372 151.532 30.2489 0.135178 0.613984 50.7582 49.8737 194.845 29.7115 1.21688 21.8677 
18.9033 208.561 0 75.5571 168.605 8.38173 0.876123 271.833 469.655 105.485 205.406 0.0589799 24.9286 9.56223 29.7174 7.8102 9.21482 144.02 61.604 0.274627 54.8763 12.0028 8.21234 15.6563 3.04841 17.5303 0.253884 17.6588 
464.565 210.859 269.1 0 7.14976 186.473 10.0948 1176.46 130.036 27.3654 1.63864 190.957 72.9954 0.031563 39.0563 2.90013 141.856 70.3036 24.0165 2.70592 252.321 15.5716 17.2749 5.02597 139.865 44.6719 15.9707 0.318299 
9.40026 428.011 112.535 152.544 0 192.013 433.947 58.7053 231.36 136.019 79.6674 22.723 3.02 68.1987 17.3461 68.3964 105.373 213.008 12.6107 3.59458 21.24 27.5962 36.243 53.2422 65.3943 21.4005 16.6783 56.7014 
119.907 354.388 51.816 159.363 244.227 0 1189.65 1.16524 121.91 590.359 2.29745 101.955 97.5375 21.9125 29.4273 9.39758 160.206 116.987 74.9545 24.3115 42.0441 19.0452 16.2542 3.28419 119.943 27.814 10.1953 19.0122 
252.926 190.99 246.553 136.011 126.286 503.91 0 234.124 930.292 125.821 1.95379 277.278 127.622 49.1676 90.396 2.08887 35.5149 130.385 53.7594 93.7671 19.6309 10.6065 71.778 5.54154 69.1351 89.8995 35.1363 2.74514 
278.493 15.6943 27.7283 519.196 50.1668 210.29 295.75 0 0.103912 212.942 322.041 742.49 139.69 9.35497 0.00391368 116.535 92.2446 5.69929 104.16 105.612 24.8757 18.2548 58.8301 61.7726 4.94467 131.2 4.89042 135.007 
165.115 156.372 324.081 447.007 79.1744 161.623 125.334 628.769 0 159.55 929.561 264.209 204.372 89.1093 89.4736 41.4637 151.181 34.536 4.16332 53.4717 140.095 63.4709 95.1377 81.0569 162.307 121.99 79.5866 99.5989 
120.385 149.328 86.8395 56.7056 107.117 51.3774 388.411 56.4348 354.12 0 398.259 139.089 291.486 35.252 127.726 45.1167 5.31666 50.1111 101.444 38.5801 93.071 8.06304 35.0978 0.901711 13.6808 0.55713 43.7006 40.0763 
118.264 96.7388 13.4682 151.293 2.29775 74.4908 14.5568 27.8495 488.978 335.768 0 0.86447 19.6652 114.493 152.97 215.694 93.6362 87.7625 128.011 68.081 11.7017 2.21013 3.50306 39.1043 49.3197 10.2976 81.1479 87.5426 
64.2596 47.422 152.824 259.029 165.372 32.4787 74.3711 379.314 136.804 201.057 204.319 0 151.085 165.444 160.754 189.365 0.249961 9.16824 99.2921 46.6743 168.294 8.86053 126.488 116.02 250.765 259.681 52.844 25.7556 
19.8858 27.9908 0.399644 52.7376 4.88294 83.6635 197.964 11.3427 201.889 75.3129 38.0987 38.3908 0 50.2901 0.237052 71.1922 60.106 54.9486 85.6209 31.364 73.1021 90.3172 56.406 60.4759 0.289557 14.7633 8.01925 1.39275 
1.4779 14.6715 0.0949026 22.9007 5.57178 21.1183 55.7516 126.002 75.209 62.2914 213.374 13.9004 46.6618 0 30.0679 1.88982 19.4692 14.6908 0.1996 4.64309 44.0635 0.00497051 1.2774 5.92829 16.1753 9.45538 4.46238 2.82769 
29.7855 93.5963 8.66582 39.4518 94.9787 8.11498 116.512 161.298 223.117 0.616293 239.752 261.826 15.2069 56.7252 0 74.3357 4.69567 67.2576 15.1975 11.788 49.67 0.502769 12.7495 0.0100129 29.9521 20.5898 2.15068 16.1997 
0.519271 80.6765 22.0558 25.788 11.2097 4.51772 21.7739 216.096 122.531 2.68311 214.364 129.628 82.668 6.74297 89.6633 0 26.1361 33.0398 9.15338 4.79521 62.9831 11.5714 2.2896 17.9021 9.71916 3.41373 18.8577 19.535 
120.356 213.132 53.8677 167.903 18.6742 158.08 39.4556 86.2984 229.816 6.35568 69.1041 84.6152 19.6635 0.0523917 28.3003 19.5381 0 26.0966 233.624 23.8422 67.2352 0.00333426 17.9891 13.6561 119.758 0.173385 13.0748 0.381946 
223.075 31.9563 59.8466 6.24885 53.2764 28.9874 103.779 1.60925 0.689513 57.4691 10.2863 12.943 3.36256 2.39887 6.22753 61.0273 49.1611 0 71.2909 9.60927 1.31088 37.5318 9.10286 42.2356 19.4383 61.2016 3.3525 11.7276 
49.0114 20.5564 23.9398 18.9047 10.5533 83.1138 110.268 29.1254 100.619 121.472 109.746 42.1904 23.278 23.2688 7.07032 30.5692 52.0145 47.2164 0 25.3799 51.4556 7.47877 18.0687 19.1725 1.43446 0.38677 10.5969 11.1122 
0.277501 70.4266 11.4468 2.8726 0.0886443 21.965 9.61371 30.0972 71.5849 54.5216 2.7944 7.76678 1.38361 2.71352 0.168759 7.32848 10.7283 5.13519 7.34336 0 332.424 0.0694546 0.0791946 3.37157 4.30533 10.7648 6.93784 2.3046 
69.7903 8.96285 67.9072 145.241 51.6455 9.9381 36.117 1.50725 138.858 66.9844 148.258 0.392701 29.2357 0.14165 57.9011 50.3683 64.2213 0.0973895 66.2765 76.0363 0 27.7573 10.7651 4.24521 52.5516 62.7107 0.776555 51.1674 
8.94222 2.774 0.0026424 0.191862 2.88309 15.4051 9.27962 7.40964 61.9955 54.7442 46.5085 0.142503 53.3173 8.51247 16.8467 8.54279 13.3007 42.3409 9.02025 6.19307 5.90823 0 15.1231 0.143687 18.0742 0.787657 11.9672 9.67452 
31.5854 48.1554 12.5887 12.872 55.0749 0.102724 0.0360453 12.7104 75.9206 59.2549 75.6828 125.286 65.2053 0.688189 0.057314 0.775452 17.2787 0.00391982 0.107673 0.164999 13.0189 15.1026 0 12.4946 21.3173 0.937421 3.73162 6.97839 
57.7445 0.635799 0.348603 6.89222 0.410782 15.5009 70.8699 111.548 97.5575 49.963 127.216 176.124 69.1775 2.0874 7.77058 14.6703 0.0172652 10.9141 13.8043 6.27814 21.7879 10.3909 11.5884 0 5.81483 6.16393 16.6952 1.20883 
179.09 119.501 6.88077 158.548 67.5939 137.221 38.9369 118.936 213.99 16.6917 142.64 120.248 32.6171 15.2876 30.8168 54.1654 145.892 15.2272 30.624 7.97361 59.4005 23.7767 5.60887 32.9502 0 62.65 22.7226 118.727 
35.0417 3.12902 25.4872 44.1022 2.31852 17.8538 83.0276 221.392 56.1814 41.1809 15.4065 204.1 11.0065 0.797526 27.0841 6.94124 0.693051 61.4119 30.5321 4.46434 33.2265 4.84322 4.96414 9.57651 11.6754 0 37.0851 13.9137 
34.2011 0.00731588 0.305107 21.4891 2.44747 1.90519 13.8485 50.1122 0.00385761 12.4529 78.1834 23.6721 2.77289 0.98665 3.22287 18.6625 6.07902 20.6789 22.9986 9.80071 23.2737 11.8699 12.7507 18.3581 23.0912 24.7439 0 28.5151 
15.4594 64.7395 10.9106 32.8783 53.7815 6.35839 14.9279 45.0903 99.3534 36.445 97.4382 175.443 40.6289 7.00464 23.3597 15.4893 3.82223 15.7867 23.9261 7.06521 22.6634 0.107057 9.9733 7.42306 35.3807 62.8914 2.46103 0 
