0 141.751 79.9446 355.822 180.733 46.4967 253.616 44.0478 183.745 4.58671 180.643 186.573 94.405 0.0646166 6.61761 55.3237 96.3375 13.9665 6.54793 273.142 56.4698 36.4122 45.5385 1.75127 31.9095 63.6275 0.708279 56.2482 
203.09 0 172.127 15.8695 449.856 67.6132 148.309 189.543 270.718 104.668 260.528 38.7648 103.364 56.1156 4.89913 7.58372 53.3093 332.602 145.047 23.3041 0.0566769 0.388346 51.6866 48.4603 84.9055 26.9062 0.891328 23.5036 
9.1333 298.605 0 156.886 176.56 12.1353 0.439219 276.226 470.997 108.731 218.148 0.390286 22.3559 10.2269 28.4808 8.90855 10.8485 150.412 61.6405 0.0668426 62.0818 11.8812 7.83443 15.6049 2.40886 18.668 0.373202 18.1969 
345.436 136.338 250.896 0 11.7382 77.0496 4.51647 1068.33 36.4354 32.0252 0.141515 171.698 73.0013 0.121455 39.3296 1.81592 31.0597 78.1648 26.2854 1.50965 669.008 15.3846 16.8912 5.82606 29.0479 44.6194 16.6966 0.134886 
17.2667 475.759 126.396 147.008 0 223.125 423.531 49.6301 205.174 107.106 93.3285 27.4923 5.65612 68.916 14.5153 69.7399 112.173 204.625 3.719 5.26846 18.1046 26.1911 37.6657 53.8787 66.0084 23.378 15.7738 56.8788 
12.5424 247.479 55.9218 46.3271 837.974 0 1296.45 0.00334398 35.0412 383.17 0.00236543 109.683 337.022 21.7833 31.4571 8.30157 53.1332 119.489 78.6976 24.3071 39.5064 18.7159 16.3535 2.86329 10.7394 27.808 10.6505 19.4789 
260.159 130.306 249.728 149.947 169.081 234.835 0 198.363 575.853 70.7345 0.792577 270.791 140.358 53.5581 98.448 3.64088 32.0097 117.284 61.279 94.4248 16.1732 11.9221 72.1654 6.85952 72.0303 92.2386 36.5706 3.64522 
289.877 8.46491 14.2759 493.022 41.6131 204.937 262.354 0 12.8882 207.127 302.007 546.726 137.063 6.44189 0.871653 140.966 90.7501 3.50884 106.347 108.433 18.9409 16.8403 54.8915 68.88 9.69826 149.973 6.42897 135.472 
44.9558 29.6292 388.493 328.317 102.616 20.7612 1.75204 582.211 0 125.133 887.926 233.859 202.375 81.8505 34.4967 34.2025 45.4576 42.3196 6.53054 49.3798 133.141 62.428 92.9813 78.0521 48.2521 126.733 79.3697 99.556 
114.208 133.613 92.3422 51.5017 136.03 29.4935 442.437 46.3522 331.593 0 475.987 124.581 311.278 39.5799 123.171 49.9432 4.09853 44.648 96.9077 40.241 94.3958 6.71149 32.8362 0.451371 15.8048 0.148085 43.0465 41.6186 
126.472 111.607 5.93199 139.609 0.383436 53.9493 36.5489 43.586 604.419 248.766 0 10.1598 28.6811 97.2874 99.9317 223.079 94.3045 93.9818 126.99 65.8252 14.5223 2.99649 5.99424 44.8839 42.6452 6.13861 79.9285 90.7804 
75.0253 56.3926 143.074 259.756 161.402 39.3268 59.7452 198.248 167.06 211.802 155.269 0 148.16 163.027 185.721 277.732 0.522242 6.97031 99.8313 43.3103 168.372 10.2373 125.347 103.236 227.701 309.919 57.6586 33.6264 
22.6265 32.8379 0.906654 50.5299 2.45883 114.493 189.61 14.2916 204.069 48.3963 27.7646 33.3198 0 36.8221 0.0437927 74.0058 59.267 51.8833 85.4529 30.4069 73.9167 90.3641 51.3363 62.4161 0.565529 16.2479 8.65023 1.77803 
1.02049 16.6433 0.223442 23.0618 6.88558 20.725 51.3776 125.061 67.4254 58.3699 211.871 20.2455 60.944 0 18.7254 0.927209 19.7443 15.9057 0.10176 4.6794 43.7336 0.0448828 2.29504 5.16559 15.9332 8.93964 4.19115 2.52187 
27.4456 92.048 7.1846 39.4276 95.0822 6.39065 122.755 168.672 219.964 2.57946 182.335 249.015 10.5085 48.5467 0 85.1844 5.18476 66.5736 14.1468 11.7837 48.5296 0.727156 14.744 0.232775 29.2547 18.9128 1.81584 15.3975 
1.15844 81.9302 21.2781 23.4171 9.4898 5.42065 25.7891 196.357 128.917 1.29732 222.173 213.715 81.3595 8.57824 85.5078 0 26.0996 31.3499 8.47072 4.51272 62.823 11.4237 1.68805 21.019 8.44587 5.14249 18.797 18.7875 
10.762 97.1206 54.5474 60.3208 23.8138 51.0804 43.1358 84.395 121.902 5.02426 71.3026 83.7845 18.236 0.103107 27.9727 20.0102 0 42.8666 245.562 22.9875 66.7748 0.000311577 17.8265 14.0095 10.6947 0.0962495 12.7437 0.28561 
215.745 42.043 49.6625 3.45747 42.6251 24.0914 90.8504 3.18939 0.0192547 51.8206 7.52553 10.3344 4.51842 1.87354 7.41938 61.3445 31.238 0 78.4029 11.826 2.22013 37.0282 9.88228 42.93 20.8081 60.838 3.78686 12.6433 
44.4811 14.8916 21.4262 16.8156 2.62951 79.9993 117.267 32.375 106.764 122.655 106.399 39.4972 25.7614 22.7731 7.92676 30.4866 62.3843 53.9354 0 26.347 49.8042 7.93668 18.4591 19.5544 1.17032 0.246212 10.2059 10.6186 
1.22469 79.3024 10.082 1.63648 0.0123614 22.4734 7.35633 25.8658 75.3746 53.8169 3.82595 6.034 1.78147 2.60618 0.247697 7.08169 11.5938 6.84016 8.21299 0 322.305 0.0492889 0.103705 3.22423 3.98024 10.5482 7.13501 2.51072 
84.6295 12.8235 75.0803 172.211 47.3802 8.29849 31.6682 3.59245 131.849 69.6397 148.92 0.0189555 27.5406 0.0474997 57.644 48.7595 64.9567 0.0012535 67.2626 125.572 0 28.1272 10.0213 4.93387 51.4027 62.9269 0.56706 51.1128 
9.60256 3.31932 0.000619531 0.12593 2.29774 15.9214 10.5293 8.44785 60.8589 55.9525 44.3279 0.378635 48.8139 8.88779 16.5867 8.19114 13.6355 42.3191 9.4997 6.15474 6.31215 0 15.2382 0.298256 18.0904 0.664627 11.8315 9.56286 
30.4774 49.239 12.5677 13.4219 55.4907 0.0359993 0.0100476 10.2114 72.3737 58.4901 68.9203 126.452 60.4315 1.51471 0.405019 0.426371 17.47 0.00636602 0.0522676 0.199234 12.2306 15.231 0 15.5943 21.9671 1.1619 4.10018 6.72456 
57.5464 1.03606 0.212216 7.77988 0.201048 15.1005 71.3346 116.973 98.6226 48.2656 125.418 169.184 69.7857 1.51037 6.02548 11.3894 0.0451984 10.0354 14.2817 6.30759 22.9566 9.82029 8.28427 0 8.35763 5.42773 16.1894 1.47793 
68.1224 10.326 7.83228 48.481 67.6067 27.3715 35.568 106.488 109.794 18.9634 144.486 146.273 34.1927 14.8975 30.34 41.6053 37.164 16.5072 30.4867 8.32279 59.8134 57.5663 7.21844 21.1912 0 34.1494 112.099 129.797 
32.0993 2.10155 24.8136 44.5045 1.62157 16.8388 79.7851 211.271 63.1917 44.3256 10.2691 148.864 9.71683 1.09011 25.8589 9.15642 0.878659 61.1082 30.4204 4.79178 35.091 4.5994 4.59233 8.80701 14.0334 0 37.6283 8.84813 
33.1084 0.0605468 0.434598 20.8651 2.04611 2.17953 15.0929 53.455 0.0300723 13.4643 79.5563 19.9569 3.18115 0.83492 3.64542 18.5116 6.37903 21.4808 22.8104 9.66908 24.1313 11.7277 12.5539 18.0303 26.9785 26.7352 0 18.7624 
16.9451 64.6563 11.5928 32.6623 53.1352 6.93441 16.7465 51.0376 99.581 38.07 94.6821 176.373 39.9899 6.64109 23.2664 14.5202 4.12931 16.7885 24.2327 7.3107 23.8412 0.0711483 10.0373 7.88633 34.8814 60.776 7.32216 0 
