0 470.694 121.131 761.495 214.312 500.815 232.107 17.9562 652.874 10.878 170.137 203.69 89.1233 0.471141 9.77123 61.2909 541.843 3.43681 11.665 234.32 31.1739 37.3337 46.2815 0.742582 476.462 68.2846 1.37618 57.9592 
503.459 0 28.4128 453.424 327.826 473.68 45.2911 224.439 776.351 72.7669 267.161 56.8557 114.436 51.8633 9.09206 4.23497 507.126 935.875 129.412 11.3492 2.24105 0.0830005 53.4034 45.3425 521.989 21.3179 0.373881 26.9862 
0.0353259 443.695 0 286.996 186.811 21.5015 15.6238 270.128 400.899 113.193 236.167 5.85716 17.2716 11.5674 25.5317 11.2844 14.5585 159.761 61.0105 0.0875848 77.0479 11.5951 7.02963 15.389 1.30205 20.9094 0.693286 19.2298 
725.526 650.656 396.63 0 24.5003 514.068 0.00961285 1084.43 525.83 42.3324 2.27281 128.696 72.4967 0.493876 39.4162 0.353996 466.942 94.2437 31.0865 0.121378 741.194 14.9582 16.0095 7.62154 464.848 43.7645 18.1798 0.00194322 
40.4144 529.504 152.514 132.527 0 290.52 374.33 32.6032 149.321 54.0886 123.066 38.5693 13.6368 69.9374 9.31224 72.0743 125.21 183.779 2.2217 9.69444 12.2728 23.2859 40.5396 54.9851 66.9736 27.6284 13.9342 57.0498 
458.045 678.506 62.6013 477.375 313.998 0 682.516 4.26703 580.475 926.699 8.97356 124.661 347.53 21.2679 35.2578 6.1538 496.391 122.968 85.0075 24.0814 34.2195 17.9362 16.4511 2.06438 450.017 27.5431 11.5941 20.371 
267.71 34.5084 240.067 175.156 262.748 85.028 0 125.787 27.7434 4.4643 31.3365 251.367 165.287 62.5289 113.849 8.16926 25.0783 90.1815 77.4106 94.7375 9.94049 14.8452 72.435 9.99736 77.577 96.1206 39.508 5.90132 
305.105 0.47014 0.347973 330.173 25.8985 187.868 188.433 0 103.035 191.607 253.19 159.075 130.593 2.0635 7.4637 189.632 87.2576 0.630405 110.276 113.148 8.99753 14.0208 46.6401 83.6177 24.2322 185.713 10.2486 134.612 
465.758 450.505 468.072 727.747 156.311 463.784 348.965 437.964 0 62.165 565.825 169.019 195.168 67.2084 113.583 20.8127 492.031 60.3393 13.0537 40.9576 117.82 60.0412 87.6952 71.3192 477.884 134.802 78.5657 98.7409 
100.451 100.499 102.186 40.7774 198.306 144.967 505.597 27.8907 270.63 0 585.661 94.537 331.429 48.6277 110.133 59.7924 2.05147 33.8898 86.5388 43.5345 96.6742 4.25549 28.0941 0.00825321 20.5615 0.136823 41.5456 44.6794 
142.79 143.283 0.0316216 113.553 1.56642 20.1838 109.332 85.4588 901.415 89.7016 0 60.2795 51.9385 62.7382 20.037 228.764 95.293 106.757 123.885 60.8548 21.245 4.99795 13.1604 57.4392 29.7566 0.864936 77.0081 96.8678 
98.6394 76.59 120.444 250.486 151.815 54.8744 33.3969 1.80295 231.896 230.093 68.3446 0 140.814 153.997 231.17 437.13 1.4046 3.32659 100.48 36.3998 167.001 13.3675 121.138 76.3016 327.558 383.464 67.7101 52.3802 
28.7359 43.7688 2.60521 45.7433 0.0489116 152.297 168.717 21.3816 205.464 9.91143 11.0831 23.6527 0 14.1904 2.73425 78.8835 57.3184 45.5225 84.541 28.3474 75.3827 89.0018 40.6165 65.8349 1.42913 19.4651 10.0182 2.72365 
0.335999 21.0132 0.660789 23.2112 10.009 19.6858 42.2301 121.3 51.4861 49.69 200.081 36.5452 92.1098 0 2.19113 0.0064706 20.2738 18.5211 0.00273365 4.74019 42.8948 0.254827 4.91844 3.59818 15.2673 7.81118 3.63829 1.92788 
22.7028 87.9124 4.45096 38.8947 94.3278 3.37395 133.309 179.913 205.748 10.7942 73.3646 210.145 3.35582 25.3326 0 86.433 6.26357 64.8065 12.0133 11.7254 45.9755 1.31906 18.6731 1.60978 27.4099 15.3039 1.20193 13.6676 
3.2804 83.8171 19.4181 18.4362 6.31309 7.48812 34.8237 148.606 140.079 0.00826215 228.806 389.821 77.4741 12.4522 58.0964 0 25.9496 27.8306 7.10366 3.92891 62.1004 11.0451 0.699844 26.3115 6.45662 9.57932 18.5426 17.0471 
449.901 521.767 55.4596 502.453 36.0645 494.526 50.9636 80.1121 562.991 2.72988 75.6734 81.7656 15.3722 0.262934 27.2111 20.9533 0 87.6068 516.867 21.1537 65.5916 0.0305118 17.4568 14.7312 450.125 0.00787193 12.0497 0.129463 
196.151 166.188 30.4333 0.260333 23.626 15.0699 65.1599 8.1464 1.69345 40.5315 3.11784 5.79181 7.44127 0.982095 10.1891 61.7107 6.21562 0 93.0543 17.0411 4.85699 35.9113 11.5775 44.2583 23.7263 59.8168 4.76779 14.6227 
35.3551 5.85005 16.4256 12.7305 3.23171 72.0733 130.56 39.4627 118.854 123.439 98.7884 33.9988 31.1485 21.6724 9.82266 30.1967 81.483 68.4727 0 28.2706 46.2634 8.91342 19.2337 20.3096 0.703735 0.0545457 9.39856 9.60346 
19.7361 97.2178 7.37764 0.159798 0.924723 23.3455 3.56759 17.8388 82.8265 52.014 6.46167 3.09344 2.76263 2.38149 0.459157 6.54405 13.4451 11.0882 10.1305 0 251.59 0.0183079 0.165003 2.91734 3.32877 10.0525 7.53821 2.95984 
117.292 22.842 89.4424 231.149 38.7824 5.31226 23.1137 10.7029 116.445 74.9489 149.231 0.775862 24.088 0.0126305 56.8418 45.2004 66.2746 0.575883 69.073 235.969 0 28.8598 8.53104 6.5125 48.8131 63.0216 0.23534 50.8242 
11.0285 4.59944 0.0337644 0.0328351 1.28493 16.9315 13.3286 10.7935 58.2893 58.0877 39.7435 1.23021 39.3672 9.58586 15.9244 7.43106 14.3224 42.1823 10.5136 6.06459 7.18561 0 15.0982 0.792603 18.0706 0.440102 11.5203 9.31116 
28.1171 51.3013 12.4458 14.5219 56.1091 0.00691763 0.495394 5.8112 64.5986 56.3925 54.8445 126.994 49.9531 3.93784 2.09614 0.0291702 17.8383 0.141557 0.000442374 0.280276 10.6348 15.119 0 20.0925 22.8584 1.69483 4.89722 6.18152 
56.8163 2.17405 0.0356783 9.72231 0.00215942 14.1926 71.8147 126.607 99.9806 44.4419 119.914 150.262 70.2762 0.576711 2.96585 5.26955 0.145565 8.29491 15.2633 6.34728 25.3962 8.56599 2.45454 0 15.2148 3.9816 15.0232 2.11325 
503.238 449.975 9.92721 485.353 67.3059 465.064 28.7569 80.2765 558.412 23.9723 146.099 272.72 37.4036 13.9464 28.9202 7.07135 477.168 19.2711 30.1132 9.03727 60.3925 77.4644 10.9892 4.4446 0 118.568 16.0218 55.5576 
26.1266 0.607189 23.1482 44.5952 0.563533 14.6776 72.3698 182.494 77.9743 50.7176 2.79369 51.0686 7.24087 1.82818 22.9019 14.2782 1.33302 60.2096 30.0871 5.48519 38.9277 4.09732 3.82998 7.19909 19.2699 0 38.0044 1.70677 
30.7862 0.336447 0.775373 19.5023 1.3214 2.80207 17.7952 60.3566 0.440224 15.6445 82.0305 13.0738 4.11249 0.556897 4.58806 18.0736 7.01757 23.1543 22.3826 9.37654 25.9068 11.4036 12.0774 17.2013 35.6143 30.5446 0 4.18351 
20.1672 64.1927 13.0051 31.9697 51.6184 8.177 20.7603 63.8201 99.3276 41.3428 88.2512 174.276 38.5387 5.87735 22.8737 12.4301 4.79872 18.9233 24.8224 7.8119 26.304 0.0197419 10.1249 8.84062 33.158 52.4994 24.2982 0 
