0 259.077 56.7201 180.717 33.6995 286.287 240.192 241.599 416.22 144.042 57.6872 141.906 98.8251 5.11364 0.469081 0.657789 216.15 0.0178135 39.8564 54.9114 134.647 17.3384 38.2165 0.00637262 187.287 15.7327 35.7658 60.7367 
218.298 0 410.909 321.565 522.381 217.735 218.95 175.393 588.397 191.067 235.327 199.805 0.225528 67.1877 43.7463 57.2714 302.696 379.388 21.7106 28.7456 174.983 26.0561 56.3244 31.6467 257.116 62.8578 28.9861 51.9497 
21.8426 60.6502 0 42.2263 2.96725 57.664 120.464 276.584 430.066 111.897 90.5093 0.863387 65.5042 0.043271 0.210611 16.3754 3.78668 97.2369 11.6759 22.2588 118.524 1.54905 8.02423 15.3843 20.8277 2.30426 10.0337 18.7702 
192.83 493.091 123.645 0 29.0803 246.115 200.919 677.024 314.6 93.0377 4.91123 23.2358 70.0406 3.15304 2.04293 7.8334 216.246 144.943 0.782265 0.421263 6.95137 0.594361 15.6669 0.552709 214.223 7.65742 25.9932 4.9209 
30.3556 362.055 40.5985 127.512 0 426.34 158.331 156.01 220.587 33.0923 242.651 18.7907 178.467 62.9652 87.9857 58.3204 69.5132 75.6509 20.7029 54.7608 43.5203 0.5657 55.0329 50.5566 64.7245 30.4166 13.9227 31.8733 
233.89 414.665 14.0821 213.113 264.096 0 932.902 105.045 234.669 472.424 49.8867 125.358 149.926 5.55624 39.3157 26.1925 192.789 14.7128 90.1525 16.3791 53.7084 16.6518 15.7842 2.86329 184.302 17.7586 19.9944 22.8698 
148.089 198.977 115.718 15.3641 72.288 582.753 0 13.0061 400.628 481.393 354.93 246.113 187.955 31.88 125.485 97.7866 70.0421 6.15825 136.736 15.9989 85.8501 34.5535 63.1099 1.55955 17.5585 2.6736 60.5285 7.43447 
105.282 14.0141 11.5658 183.074 164.942 155.735 44.8091 0 19.6948 37.807 276.633 868.015 144.496 111.495 2.93397 116.535 57.3847 112.45 102.298 2.72391 189.434 2.63656 102.057 126.361 1.4555 179.967 0.105838 0.442482 
181.525 245.11 222.678 347.195 184.783 180.499 13.6812 661.746 0 96.8868 1707.01 176.618 3.31659 0.561702 216.756 6.49822 218.049 179.141 96.2062 105.947 139.72 22.7156 80.4497 98.8549 301.581 54.6771 58.7328 93.6729 
59.5616 212.539 113.627 33.502 228.297 463.921 24.895 33.3516 307.992 0 399.624 50.2978 7.85615 79.699 84.4211 87.4909 6.03794 145.217 30.1617 34.6971 99.3866 21.2475 60.1997 17.9318 0.472423 60.3393 11.8089 48.2351 
20.609 236.441 185.394 162.619 88.672 0.0699922 243.707 135.044 11.886 93.9354 0 122.226 55.6142 52.6922 255.279 91.2802 81.7126 14.2654 120.01 66.5874 0.931111 18.6265 127.953 98.3035 65.7727 7.31566 64.246 25.5378 
223.804 184.942 159.884 21.987 152.04 158.885 28.4776 1028 229.25 245.804 459.405 0 130.453 166.117 144.658 495.32 46.1154 17.264 91.8538 78.1172 105.415 36.6958 0.33262 187.357 106.064 84.0103 2.37989 72.0459 
17.2848 29.026 19.4327 63.492 161.718 22.3042 142.645 2.33633 22.3392 331.729 9.31811 137.026 0 83.5499 2.41872 21.9258 19.826 29.1492 85.3679 4.76535 51.1132 10.672 6.99733 1.6578 6.21961 22.2672 39.1097 31.4133 
1.05608 4.98305 9.15531 17.2711 1.18783 8.59683 57.3259 0.0524115 1.64273 0.323496 10.653 11.3551 19.5266 0 31.5287 6.5588 10.2493 45.8014 9.02349 2.7742 16.4815 8.89311 4.61788 9.06355 8.21935 8.19092 0.000528805 2.1463 
43.6333 52.6367 10.798 3.81197 38.0125 5.43194 139.545 142.897 20.1213 68.5129 168.497 267.586 23.8335 57.512 0 0.631395 28.6993 58.4137 4.47774 8.25292 26.6058 0.583525 14.6517 18.0526 0.47762 3.0888 0.00174562 23.3032 
38.7234 37.3669 3.28879 1.40952 22.998 12.1981 72.9588 216.096 139.298 50.842 94.0257 483.338 0.00728513 2.00651 11.1115 0 6.2693 10.364 0.291403 2.74631 62.8823 11.8117 6.04757 20.2032 8.19049 29.6427 18.6872 7.52739 
210.758 228.571 23.4561 217.046 146.994 190.906 11.0485 47.657 292.338 7.13662 95.7306 29.7598 1.09299 19.5447 4.07182 19.9282 0 113.376 226.192 9.61759 23.05 21.1162 0.192833 11.598 201.47 19.9825 11.0684 22.8243 
174.369 84.4147 113.991 57.5061 5.83419 82.6064 0.564397 63.6276 219.36 146.311 80.0325 22.1552 18.4774 8.72664 18.7074 56.6826 0.819045 0 82.6713 12.6917 1.6612 0.261521 44.7367 34.3608 56.0079 41.3602 44.7907 51.2402 
116.571 39.5892 59.3527 51.6094 18.076 45.8132 86.0148 26.635 2.8115 0.267019 129.074 8.40496 18.0929 5.69724 18.8207 17.3493 34.4911 106.468 0 32.1552 7.53968 24.6022 16.1874 15.1078 15.6496 14.0969 12.5002 7.78285 
226.787 72.2797 6.69072 0.490316 74.5826 9.20115 90.9207 117.101 6.84402 55.7069 3.46485 34.1239 24.87 0.00745148 4.95122 5.33145 24.9365 18.9327 15.0319 0 220.299 6.1744 3.71833 8.88644e-05 0.00544658 7.2504 7.2731 11.186 
20.5302 151.151 123.91 23.6809 77.7228 19.2875 105.665 204.276 140.95 87.5784 137.252 66.8024 3.69323 19.5241 44.588 49.2359 48.8771 0.0279899 63.3367 5.91404 0 5.36479 8.47033 33.9264 29.7794 62.4562 33.9226 22.8584 
39.8713 42.3942 8.65744 11.8731 10.4687 18.1721 32.7378 52.6693 20.4744 42.3483 20.5933 15.1284 12.1076 0.0457639 17.151 9.26667 9.34208 2.80259 23.9146 0.0589916 27.2249 0 15.2088 12.6589 20.8052 3.32089 0.494281 0.00092849 
4.26743 56.9401 12.5813 14.9001 50.4696 0.481812 6.06616 81.5021 97.6162 48.3366 15.5326 7.2084 12.749 5.60046 25.2463 3.73978 3.89749 32.2716 16.3211 3.85714 6.54687 15.1966 0 7.96407 22.9551 0.217091 5.37366 2.41251 
54.6546 10.2446 1.54322 0.0966117 12.1793 15.1005 67.4514 83.1923 55.2678 60.4739 0.352857 157.887 11.2441 10.3947 27.9981 6.23242 20.3821 8.76331 20.1927 3.67331 47.1184 6.79799 15.8774 0 13.2493 11.7253 18.5183 0.703828 
250.341 181.172 0.916388 193.492 58.6248 203.786 85.6143 161.022 182.473 0.0636742 19.0859 209.668 46.0557 10.257 0.060892 54.8714 187.207 53.4586 6.26929 13.5736 55.9338 21.3351 12.7711 8.54002 0 48.2566 107.299 26.3918 
75.1859 27.0851 9.56829 11.2916 0.171786 27.8168 61.06 2.59948 120.892 2.56918 3.88829 257.532 5.40399 8.71126 9.21818 26.1823 24.8687 42.4524 11.0766 8.57448 43.5935 0.174501 9.12291 8.38159 31.0523 0 28.8443 63.4795 
0.200408 37.5454 10.2486 9.27101 32.8948 17.5357 53.7023 31.4851 17.8654 44.102 86.1622 113.507 38.6965 1.49775 9.04236 18.8648 14.7893 33.605 0.846157 0.0220266 36.3152 0.424291 11.7622 16.9574 25.9109 37.9584 0 1.76205 
37.9697 49.8121 12.3579 31.5166 14.2792 14.6245 23.2078 74.9085 91.633 45.2439 103.547 167.461 8.2239 6.16804 18.2009 12.3245 22.6619 51.1152 9.60629 10.7142 51.1621 8.93221 9.04782 6.39997 27.3343 23.2881 30.7082 0 
