0 928.378 36.7166 785.32 30.2462 483.143 71.7013 292.487 540.606 151.626 3.01871 224.528 109.27 0.022585 4.85927 8.02524 456.482 81.3826 86.1492 212.199 243.213 25.3842 45.3538 5.5436 449.958 0.432692 24.1609 58.2587 
974.95 0 0.743761 510.992 77.959 677.047 435.59 15.9613 602.158 232.447 253.382 217.794 20.3419 70.599 81.1237 80.8135 601.297 825.472 109.713 114.371 162.072 14.4805 55.558 48.5803 525.604 81.5754 16.9881 35.6718 
196.279 472.49 0 12.818 118.454 55.0112 235.342 86.6346 65.1622 92.2363 239.944 82.1007 73.2091 3.41426 11.2093 24.3782 20.8529 6.33365 0.0108572 8.56225 55.1749 3.78843 11.3168 12.357 27.7326 12.6121 5.29121 12.5105 
761.127 489.724 136.802 0 5.87351 501.685 125.765 215.318 769.634 105.053 107.204 66.7402 53.2827 10.6566 1.92392 0.778715 502.167 115.591 4.44871 21.2946 689.659 2.546 19.0442 6.81028 465.403 29.8056 20.7804 15.4003 
201.658 59.5802 172.185 160.916 0 6.6211 74.9462 51.2529 5.49467 300.551 115.23 79.0701 134.977 43.2449 93.3521 33.798 137.564 201.969 270.18 88.0467 88.1576 6.88392 46.5704 56.208 67.227 10.9597 6.06774 44.6304 
451.4 553.539 61.4557 515.666 570.324 0 1235.52 213.715 877.003 399.161 57.5981 158.45 472.968 0.177619 37.8325 17.354 450.664 69.9296 66.9087 7.24347 72.685 20.1037 12.1501 8.03188 463.119 7.2653 19.8879 20.3543 
5.12693 450.491 21.4084 153.804 433.184 839.164 0 319.857 129.412 4.46442 365.414 267.417 63.3105 75.3835 45.4332 98.2738 100.988 106.905 154.584 0.00689042 130.472 17.3401 40.9937 2.56537 0.405824 7.18653 57.5496 0.0117326 
2.46458 171.033 233.867 313.985 59.8501 18.4692 367.02 0 658.604 153.919 30.7762 614.08 110.689 55.7606 93.1188 14.575 82.4445 169.05 69.9479 9.24231 104.13 0.155561 84.0012 131.771 92.0465 207.784 9.43564 22.2303 
556.862 539.65 284.853 473.77 355.529 923.578 170.139 57.2324 0 383.621 144.108 2.42792 72.2413 58.7718 293.905 19.1566 459.778 219.11 147.14 96.2518 61.5075 40.3815 41.3553 77.1619 528.371 122.207 74.1963 68.2945 
5.86279 217.93 68.5039 0.883299 0.59159 145.258 505.597 5.50942 302.381 0 250.962 191.484 212.45 76.611 4.30993 82.3298 26.6173 132.639 0.187631 16.4198 90.8821 42.2284 55.2988 39.8424 14.1443 76.2518 22.9782 32.5812 
96.7174 93.6953 12.6485 196.785 0.586407 176.837 448.304 362.081 845.244 474.157 0 517.867 4.98853 20.369 110.432 228.587 94.2694 1.18964 84.1001 83.7936 10.3387 3.70009 73.792 129.152 7.39642 23.9904 81.5734 1.48189 
196.737 222.576 176.243 212.622 87.3017 120.366 187.871 254.423 400.556 150.774 311.01 0 71.9046 114.171 7.40538 47.1844 25.1295 59.7528 100.533 95.9072 42.0409 16.5313 34.7211 108.407 35.9488 353.131 33.4603 1.01472 
0.724363 87.6714 47.0377 72.9686 84.3166 97.8349 219.229 33.099 114.619 76.9919 135.869 159.51 0 147.328 61.5931 62.3195 35.695 59.9118 73.3905 13.465 66.4854 52.8245 52.8254 5.24567 0.104817 7.55339 38.6655 20.8501 
1.23888 0.430024 15.068 9.02736 3.05161 1.23048 15.2784 30.5941 36.3601 17.4635 162.292 23.7737 54.8868 0 9.40051 19.2879 14.6689 33.9344 3.36753 3.79753 27.3627 10.9094 6.53616 1.91866 2.03708 2.63638 0.75746 5.6124 
64.108 15.3627 0.147288 0.726874 6.8756 1.56758 74.4869 29.4904 50.1926 133.549 194.305 125.648 96.8748 0.673074 0 62.3146 24.5232 68.2772 13.6703 10.652 42.3406 4.70255 24.9543 27.8278 4.15513 19.1253 1.73611 21.1102 
68.741 9.29698 0.305832 20.324 48.2402 23.2617 102.755 189.053 141.385 7.78043 228.726 91.138 18.7018 7.57552 87.9024 0 11.6016 25.9437 0.746272 5.59332 58.3878 11.3949 12.3043 20.6439 26.1093 25.4951 15.4715 0.501859 
519.197 451.696 5.23385 467.411 141.953 450.223 0.131862 74.4709 544.485 28.5387 88.3351 51.083 0.930281 16.0589 9.69125 23.9789 0 18.323 347.168 18.886 39.2543 19.966 0.11344 15.27 466.36 14.4782 7.66887 20.086 
235.25 480.251 161.532 2.15042 39.6915 24.1375 80.8416 133.894 168.317 127.839 139.895 66.9395 1.83927 1.29368 4.17149 61.7416 200.298 0 141.43 44.2032 5.21252 0.517715 40.9882 42.9936 45.8607 54.8778 44.2113 48.2014 
101.789 0.639163 40.1749 62.5298 266.849 87.5605 149.62 3.394 45.1549 30.964 115.648 29.7479 1.81383 12.0929 8.33143 24.4852 232.101 149.399 0 22.9931 22.0317 25.4347 20.1705 19.5348 9.04804 7.28845 8.47572 3.60177 
49.9551 3.05461 0.00223418 21.6495 94.875 1.82142 89.9382 91.2435 2.09846 53.7196 1.25254 68.1662 14.0825 0.176577 2.14982 7.97906 15.7246 52.3012 5.43127 0 149.639 5.61449 3.08019 0.347332 1.09346 10.2777 9.10378 9.79247 
33.9121 178.508 68.2079 88.4994 116.403 44.6211 140.167 184.032 62.8458 63.0116 97.0061 129.707 0.0155016 9.40401 55.2755 61.3277 61.5149 13.597 71.8321 312.226 0 9.84483 2.62664 22.131 45.9864 60.303 25.6637 34.8599 
40.0973 31.7618 5.91585 8.43495 1.98587 12.9836 15.7384 37.1873 37.9729 21.3713 42.5903 2.43471 1.88058 2.57661 13.3334 11.6457 12.9122 8.00005 25.392 0.0352377 30.6224 0 8.96204 13.8671 23.8955 1.28778 2.01401 0.426885 
13.3886 54.0851 11.5191 9.11048 56.2256 3.86205 26.2386 101.739 68.074 26.0787 4.13699 57.6935 61.8462 5.58432 10.8646 11.3229 6.93288 22.7244 11.5142 3.2948 1.53962 8.85539 0 14.3684 19.4719 2.52908 1.78194 5.07257 
57.5963 0.999053 5.90544 4.95284 2.63013 17.8628 49.7616 135.474 19.2671 51.6016 23.5829 34.9794 0.0264797 5.71583 17.1002 11.7938 18.4352 2.13658 23.0319 5.06575 41.1537 1.26384 3.7696 0 11.6733 4.04757 13.4385 0.171609 
523.922 465.069 8.42574 450.715 67.0762 478.243 90.5451 181.659 489.105 11.3285 86.5547 1000.19 31.0263 3.56353 5.98774 42.8224 462.357 41.7603 12.4392 11.716 60.5863 44.632 9.07146 62.8946 0 41.2134 46.0543 17.0409 
77.7564 57.0344 0.887619 33.8365 8.7727 24.0557 19.871 155.375 140.813 25.2771 31.1247 95.5863 19.0279 12.6829 26.0196 29.1272 20.6828 55.5984 18.2341 5.17861 24.6282 0.124967 10.4008 1.54065 7.55091 0 37.8493 17.0957 
4.32051 25.5413 5.48391 16.7927 23.1224 13.6673 41.6887 6.15918 3.81571 35.7221 77.6388 117.612 35.2099 0.155484 3.75422 16.4789 17.851 39.9014 0.00960573 0.238758 41.8383 1.87878 13.458 10.5604 14.5083 27.9321 0 89.9324 
20.8295 61.459 5.56897 23.3218 27.3662 8.15166 5.83604 126.662 64.5132 28.7375 71.4334 150.886 17.8843 9.67654 9.74817 2.87181 24.2051 50.0139 14.7481 11.496 47.9378 7.23148 10.114 2.15387 21.7555 11.0407 33.0163 0 
