0 232.664 178.384 363.172 253.163 261.476 183.914 0.114777 426.12 25.3969 149.12 222.076 79.7228 1.83682 15.6674 69.3908 285.586 1.27794 22.1187 220.518 5.65319 38.5449 46.9521 0.018442 220.888 74.1294 2.8388 59.8995 
202.6 0 63.8537 253.655 117.949 186.449 6.43021 267.654 581.458 31.0322 262.572 89.0759 129.336 44.6367 17.8181 0.899921 266.865 1145.73 100.973 0.977513 11.7668 0.0555049 55.454 40.0996 253.241 13.5337 0.00815245 32.5339 
17.6981 411.557 0 148.538 184.164 38.1934 75.4043 222.925 174.212 113.522 237.928 26.2744 10.3287 13.4638 20.2093 15.0435 20.9788 162.454 58.1783 1.32728 98.5961 11.0653 5.75448 14.7688 0.23659 23.9134 1.37828 20.5699 
312.826 477.768 169.159 0 51.2824 242.466 12.5405 174.026 367.759 59.1597 19.1993 63.705 70.3423 1.55506 38.2541 0.349574 197.944 116.91 38.5462 1.06251 217.276 14.2005 14.441 10.6797 195.731 40.5214 20.3784 0.468619 
90.6662 470.578 180.785 103.961 0 453.255 245.061 12.3974 69.7807 4.86649 169.659 58.3395 32.0732 70.2226 3.34369 74.3782 141.468 144.551 44.3528 18.8391 5.28166 18.8752 44.7093 56.0953 67.6094 34.476 11.21 56.7787 
209.822 370.71 66.7046 201.369 46.8252 0 635.957 27.8261 545.052 635.047 56.2913 143.649 480.591 19.8372 39.6558 3.30359 237.558 123.486 90.166 23.1602 26.1726 16.4921 16.3065 1.05448 186.386 26.466 13.037 21.5226 
258.447 11.6828 186.527 199.547 386.269 923.401 0 36.4811 617.729 61.772 152.376 207.866 196.857 75.4082 132.321 18.3579 15.551 51.3524 102.438 92.3768 3.1094 19.8187 71.4022 15.8276 84.66 99.2829 43.894 10.3727 
303.966 7.79806 19.2131 208.755 8.23976 148.503 81.0603 0 353.856 159.879 167.103 57.8821 118.11 0.093848 29.471 245.132 80.8802 0.805 114.587 117.097 0.702478 10.0221 34.0793 105.073 57.0127 224.452 17.7084 128.445 
187.123 210.196 397.738 364.769 242.251 370.91 1287.17 172.309 0 4.84551 345.947 77.0144 176.398 46.7627 91.9464 5.96296 239.664 91.8964 27.0847 28.527 92.6281 55.7929 77.6007 59.8716 201.077 141.853 76.384 95.5542 
77.6065 52.8158 112.075 25.2446 283.416 499.733 443.171 7.70136 156.882 0 555.092 51.7709 301.453 61.9823 82.7446 73.66 0.247098 19.3729 68.6838 48.1053 98.8682 1.48824 20.8482 0.664732 28.6476 2.37057 38.8626 48.9506 
165.079 190.986 17.7815 71.9977 17.0343 0.0506936 265.581 167.239 789.346 3.31365 0 200.775 97.1145 19.9492 22.2243 210.965 95.726 125.607 116.557 52.5423 33.7416 9.04159 28.9643 77.4008 13.4499 2.25887 71.514 104.304 
136.486 110.532 82.1377 209.892 133.826 81.103 6.5771 329.704 324.396 245.557 1.18623 0 126.371 130.57 271.248 469.448 3.61157 0.286675 100.199 26.1759 160.821 18.8742 110.032 37.9559 290.07 375.037 82.8852 85.5681 
39.1251 62.4272 6.89287 37.9585 3.532 129.662 129.441 34.6695 199.129 9.12765 0.0433756 11.4688 0 0.00772534 14.7395 83.4703 53.7786 35.8519 81.6421 25.0015 77.0214 83.1043 24.662 69.2929 3.52736 24.7168 12.2774 4.56564 
0.00911019 28.363 1.77205 22.9384 15.8001 17.5412 28.5233 110.93 28.984 35.5993 161.678 67.8869 134.572 0 10.4722 1.66218 20.9754 22.7708 0.132345 4.7939 41.1956 0.908045 8.64488 1.50141 13.835 5.98062 2.82049 1.13671 
15.8419 79.2622 1.37726 36.8082 90.5954 0.510971 141.957 184.952 166.388 33.0289 0.182063 129.868 0.178365 0.40407 0 39.6509 8.08957 61.182 8.89372 11.5034 41.577 2.55109 23.3636 5.91337 23.6338 9.76653 0.486171 10.8926 
8.59008 84.7241 16.0182 11.0923 2.57123 11.0792 50.038 71.3438 150.615 2.37658 212.436 490.516 68.636 17.3861 7.02583 0 25.5193 22.4364 5.14853 3.0483 59.9527 10.2771 0.00749746 29.2638 5.38234 17.7502 17.8113 13.9646 
187.872 235.286 55.4863 241.762 58.2915 236.07 63.2792 72.686 299.779 0.517989 81.825 77.8811 11.2607 0.655999 25.8232 22.3015 0 170.385 335.463 18.1972 63.1654 0.175701 16.8003 15.8097 186.35 0.0660541 10.9617 0.00749694 
156.546 253.316 8.595 2.56311 4.55479 4.8705 31.1863 20.0819 12.3778 24.8288 0.0495626 1.26694 13.2993 0.157354 15.199 61.4803 6.10484 0 114.328 26.5041 10.8748 33.9998 14.3878 45.9892 28.3926 57.5397 6.49194 17.8728 
22.4551 0.013746 9.56843 7.26866 48.2143 56.8119 146.724 51.1245 135.064 120.117 85.5295 25.866 39.9311 19.796 13.028 29.4336 130.249 91.4576 0 30.9696 40.5458 10.4853 20.3258 21.368 0.208674 0.0313312 8.16583 8.06872 
83.3602 121.21 3.77062 0.96022 5.15873 24.162 0.334094 7.9276 92.8808 48.3666 11.791 0.426974 4.68225 2.03203 0.910622 5.65826 16.4151 19.358 13.3492 0 83.4039 0 0.287319 2.44452 2.3969 9.17387 8.14194 3.70598 
168.027 43.036 108.691 177.559 26.4784 1.92052 12.0788 28.6456 91.2078 82.4778 146.84 6.03464 18.9763 0.39295 54.8937 39.2118 67.7284 3.53395 71.2019 331.982 0 29.894 6.38909 9.32938 44.3132 62.2101 0.00432227 49.9086 
13.3694 6.96163 0.185519 0.00814301 0.28258 18.2995 18.1484 14.8972 53.794 60.3067 32.6065 3.50367 25.2904 10.4058 14.596 6.19891 15.3584 41.7246 12.122 5.89706 8.6267 0 13.8927 1.98976 17.8506 0.179498 10.963 8.87023 
24.3467 53.9415 12.0494 16.08 56.3915 0.257764 2.68061 1.33803 51.846 51.8717 34.1817 122.758 33.3506 7.9623 6.90117 0.341563 18.3278 0.700617 0.0916465 0.431701 8.29588 13.9537 0 18.8065 22.9165 2.67728 6.19387 5.30962 
54.8465 4.73505 0.0558822 12.9077 0.336808 12.6093 71.2347 136.306 99.7256 37.8782 107.075 112.107 68.9334 1.92182e-05 0.25827 0.147573 0.414653 5.85287 16.7457 6.3501 29.1635 6.5218 0.577404 0 28.0189 2.06771 12.9588 3.28199 
231.974 187.75 13.3895 216.521 65.9643 198.383 19.0191 42.5011 305.843 32.2913 142.519 1168.46 42.1274 12.1484 25.6814 47.8442 213.945 23.7879 29.3015 10.1005 60.5253 25.3632 17.4394 13.8733 0 37.8143 5.94319 28.612 
17.5231 0.0749754 19.9597 42.7365 0.0048819 11.2885 59.4981 124.108 100.231 59.8789 0.578531 3.10438 4.02247 3.27465 17.5407 22.5121 2.21746 58.1137 29.3028 6.57826 44.6654 3.33907 2.70788 4.79808 27.6817 0 36.542 1.92783 
27.0811 1.20652 1.49086 17.2416 0.500812 3.89946 22.2514 70.6883 2.02626 19.1989 84.7823 5.01541 5.77055 0.231561 6.20003 17.0745 8.04524 25.7538 21.6231 8.87438 28.6231 10.8279 11.1703 15.5565 48.821 35.1699 0 2.96685 
25.4498 62.7003 15.1378 30.2666 48.8227 10.1965 27.4992 83.8709 96.99 46.0454 76.6857 160.568 35.9796 4.69411 21.7474 9.12543 5.91623 22.35 25.6026 8.55776 30.1242 0.00322268 10.1368 10.2659 28.6974 32.7206 59.7413 0 
