0 567.843 198.05 522.736 264.346 509.105 155.583 2.65459 674.636 34.4727 136.945 226.914 74.598 2.84185 18.9883 72.7424 524.075 6.8312 28.2915 212.472 0.526011 39.0419 47.0593 0.0520085 460.717 76.309 3.75418 60.5195 
512.898 0 190.82 542.862 41.778 425.902 50.5205 282.199 829.941 15.8924 253.595 106.195 135.426 40.8433 23.0189 0.150275 514.247 433.91 85.8419 0.0497077 19.1117 0.247157 56.1754 37.352 485.948 10.1795 0.0291122 35.3163 
39.4604 285.449 0 35.5198 174.442 46.3442 115.095 186.524 69.5456 110.631 226.55 41.0187 7.42023 14.2877 17.3767 16.8543 24.3727 158.208 55.9725 2.4646 107.759 10.7649 5.12196 14.3367 0.0242145 25.1255 1.80103 21.1016 
480.252 733.323 8.18951 0 66.7214 472.766 27.0042 44.6872 656.643 67.466 33.1381 36.9509 68.6662 2.29027 37.1042 1.39126 431.278 126.392 42.1476 2.9188 742.759 13.7829 13.5846 12.2784 429.063 38.1206 21.4072 1.00419 
119.664 385.338 187.326 88.1148 0 390.199 171.844 5.72069 38.6362 0.218863 191.423 69.0368 43.5445 69.7631 1.45022 74.8894 147.298 123.261 81.6891 24.2555 2.83803 16.7558 46.6177 56.3605 67.5239 37.929 9.92633 56.3989 
455.563 574.4 65.5669 431.909 796.97 0 1462.91 46.0814 864.104 371.385 91.1112 150.567 525.534 18.8637 41.0053 2.16674 475.219 121.483 90.4015 22.4535 22.3397 15.6801 16.1 0.668684 422.367 25.6409 13.7368 21.9787 
244.63 63.1745 148.139 203.326 422.579 822.906 0 10.5168 1144.24 153.166 232.212 181.861 208.018 81.0373 138.264 24.6394 11.5042 34.8937 114.194 89.9387 1.11957 22.4528 70.2343 19.1003 87.3712 99.4753 45.9685 12.9982 
292.021 20.225 45.5375 61.0093 3.00074 125.128 40.2568 0 484.996 141.596 124.517 291.502 110.952 1.38678 44.838 257.932 77.3194 3.02474 115.861 117.432 0.0639501 8.23148 28.1548 114.458 76.471 233.065 22.0319 123.298 
422.536 479.831 290.978 545.701 280.674 724.445 1170.94 68.8014 0 0.558416 1081.95 41.4402 164.075 38.0534 205.782 1.8173 481.101 108.476 35.5849 22.8431 79.9405 53.4583 71.8796 53.8934 431.604 142.644 74.886 93.1255 
66.0832 33.1295 114.131 18.4421 312.596 516.158 350.187 2.2077 102.329 0 452.629 33.9463 261.754 67.9069 67.3837 79.4735 0.000725254 13.4122 59.4184 50.078 99.3223 0.627662 17.4103 1.60021 32.8723 4.4749 37.3819 50.8135 
174.293 212.304 37.7492 52.6871 30.4753 6.76932 344.581 210.922 689.675 55.8618 0 284.148 121.906 6.80626 82.0693 191.163 95.4319 134.256 111.857 48.2216 40.7515 11.4491 38.5261 87.0391 7.48336 7.31563 68.3883 106.961 
154.752 127.751 63.3346 180.552 123.741 94.3347 0.832097 654.952 360.415 246.687 6.70959 0 118.02 115.621 273.022 371.581 5.08068 0.0125252 99.4698 21.4589 155.981 21.8667 102.69 22.5451 334.337 315.159 89.9669 102.629 
44.5945 72.1472 9.7183 34.0179 8.49938 148.635 108.311 42.1444 192.233 36.2353 1.85731 6.90234 0 4.145 23.7762 84.2576 51.8036 31.2231 79.5509 23.2905 77.5349 78.5949 17.6126 70.0954 4.90046 27.396 13.4544 5.6431 
0.187531 32.1889 2.50355 22.5743 19.0451 16.2726 22.2468 103.948 19.5625 28.7283 136.084 84.8678 148.536 0 27.5638 3.74195 21.2662 24.9429 0.326195 4.80164 40.1779 1.37026 9.55777 0.741033 12.9657 5.07221 2.43764 0.811502 
12.7437 74.0916 0.478169 35.2352 87.6263 0.0205026 142.346 181.501 141.403 47.1976 25.0981 88.7633 2.39852 3.09979 0 13.698 9.05803 59.0071 7.45714 11.334 39.2246 3.29139 24.7148 8.80282 21.4325 7.23932 0.245355 9.51231 
12.0651 84.2309 14.174 7.87316 1.30249 12.9678 57.7938 39.1309 152.368 5.49403 193.214 422.468 63.1782 18.8175 0.159493 0 25.2164 19.829 4.26549 2.63026 58.4355 9.82096 0.0853025 27.8603 5.82099 21.8427 17.3015 12.3251 
425.462 460.417 54.86 478.482 70.2431 473.953 69.3186 68.6941 534.862 0.0624998 84.5491 75.6276 9.39505 0.916535 25.0454 22.9125 0 210.151 419.329 16.6997 61.7016 0.292695 16.4377 16.3235 422.084 0.184512 10.418 0.00251791 
134.194 318.564 2.49931 6.9813 0.545361 1.81309 18.1998 27.772 21.1547 18.1327 0.304112 0.229943 16.7672 0.00965873 17.9718 61.0003 24.0062 0 123.702 31.6836 14.6886 32.974 15.8543 46.689 30.7467 56.106 7.43643 19.5558 
16.8455 1.08019 6.71043 5.03879 86.4926 48.4291 152.263 57.1004 141.63 116.454 78.4493 22.0714 44.3934 18.7977 14.7155 28.9151 169.848 102.51 0 32.1552 37.6376 11.2864 20.8133 21.8376 0.0701369 0.145969 7.56539 7.32973 
122.764 130.329 2.35181 2.75085 8.47864 24.3086 0.00687347 4.36789 97.0211 46.2036 14.9542 0.0093522 5.80688 1.8598 1.18864 5.20235 17.913 24.1055 15.0319 0 21.8724 0.00462717 0.360113 2.2137 1.9765 8.69404 8.42988 4.09575 
190.843 54.7563 116.166 188.138 20.9884 0.845859 7.78353 40.3152 78.5367 85.8272 144.359 10.4462 16.5755 0.779506 53.6171 36.0836 68.1712 5.92357 71.9338 315.69 0 30.3584 5.41259 10.8808 41.8904 61.3738 0.0207783 49.2435 
14.5831 8.29638 0.306352 0.0510271 0.0524716 18.8751 20.7251 17.1256 51.355 60.8784 29.1078 5.05361 18.9559 10.6756 13.8151 5.57589 15.8571 41.3859 12.9315 5.80152 9.37904 0 12.8898 2.7563 17.6335 0.0917211 10.6541 8.62943 
22.4474 54.9762 11.7613 16.7707 56.2185 0.515755 4.39799 0.272096 45.4016 49.1121 25.0452 118.423 25.5303 9.2466 9.96052 0.91036 18.532 1.1365 0.215479 0.518145 7.20713 12.9676 0 14.6235 22.3321 3.22338 6.85329 4.86937 
53.5009 6.35193 0.200988 14.5213 0.796588 11.7586 70.3438 138.424 98.5157 34.418 99.037 91.1276 67.3231 0.151273 0.0128796 0.368803 0.599681 4.77007 17.4577 6.32448 31.0042 5.50597 3.55901 0 34.1931 1.31382 11.8464 3.93406 
463.712 424.796 15.1521 449.353 64.9058 432.614 14.7098 26.8552 545.516 36.5553 138.034 900.929 44.3149 11.1394 23.6772 67.4813 449.795 26.11 28.7951 10.6007 60.2381 78.4113 20.63 27.6989 0 110.273 147.566 147.306 
13.6845 0.639749 18.1632 40.9455 0.230774 9.64011 52.7251 93.1102 110.367 63.9108 3.88832 38.3971 2.7405 4.10224 14.7096 26.1692 2.73582 56.7647 28.7944 7.12037 47.3641 2.9758 2.19388 3.70485 31.6766 0 34.923 7.26545 
25.2119 1.83795 1.92784 16.0679 0.235785 4.49957 24.5602 75.5258 3.23956 21.0235 85.626 2.3585 6.68612 0.1207 7.0563 16.4426 8.57088 27.0392 21.2035 8.60433 29.9454 10.5106 10.6511 14.5988 54.4204 36.7145 0 12.5537 
28.1628 61.6141 16.1491 29.1528 47.2455 11.2258 31.018 93.4699 94.9624 48.1653 70.3832 149.476 34.5807 4.1188 20.9661 7.52794 6.50479 24.0903 25.9259 8.91014 32.0013 0.0241411 10.0856 10.9329 25.7808 22.0772 75.809 0 
