0 550.252 199.603 485.434 265.142 480.22 152.594 3.35045 645.629 35.4614 135.646 227.236 74.0595 2.95668 19.3408 73.0563 494.248 7.64309 28.9546 208.733 0.308074 39.0886 47.0617 0.0704091 431.064 76.5024 3.85473 60.5696 
493.376 0 205.755 518.693 35.9266 396.802 57.2004 283.384 800.268 14.6013 252.436 107.965 135.993 40.45 23.5789 0.108899 485.351 933.476 84.2827 0.120618 19.954 0.274519 56.2376 37.0668 455.549 9.85852 0.0389573 35.6007 
42.0815 270.544 0 28.4375 173.154 47.1414 119.3 182.484 60.8989 110.223 224.952 42.6689 7.14581 14.3667 17.0843 17.035 24.7248 157.568 55.7188 2.59918 108.619 10.7329 5.05767 14.2881 0.0147925 25.2374 1.84727 21.1506 
444.287 704.083 5.72453 0 68.3482 442.093 28.7549 812.35 631.682 68.3017 34.7436 34.54 68.4728 2.37289 36.9659 1.53609 400.972 127.277 42.509 3.15814 682.657 13.7387 13.4945 12.4437 398.76 37.8485 21.5096 1.07019 
122.704 375.181 187.677 86.4657 0 380.662 164.491 5.17603 35.8884 0.551275 193.555 70.1551 44.7902 69.6935 1.29934 74.9171 147.8 121.055 85.9504 24.8372 2.62898 16.5424 46.8059 56.3766 67.4999 38.2824 9.79793 56.3508 
426.585 540.819 65.3304 401.354 387.747 0 1428.08 48.1487 839.984 649.92 94.9487 151.167 232.011 18.7551 41.1087 2.06242 445.325 121.194 90.3352 22.3723 21.9564 15.5939 16.0739 0.633862 392.329 25.5461 13.8076 22.0207 
242.898 70.5144 143.987 203.374 425.041 780.296 0 8.71102 1182.1 164.036 240.629 179.09 208.961 81.5765 138.734 25.3206 11.1193 33.3506 115.353 89.6434 0.971249 22.7272 70.0906 19.4473 87.6154 99.442 46.1761 13.2808 
290.392 21.8064 48.7608 54.4928 2.60769 122.659 36.7723 0 497.328 139.661 120.304 322.575 110.189 1.60445 46.543 258.583 76.9417 3.33137 115.958 117.403 0.133083 8.05632 27.5662 115.354 78.5333 233.493 22.4948 122.698 
392.707 453.947 278.693 510.168 284.301 706.031 1131.75 60.4562 0 1.1022 1237.8 38.3307 162.718 37.226 214.968 1.52553 451.613 110.185 36.5039 22.2855 78.6494 53.2118 71.2726 53.2757 401.056 142.62 74.7176 92.8465 
64.912 31.3238 114.227 17.7911 314.913 508.299 339.213 1.83003 97.1173 0 439.824 32.2933 256.97 68.476 65.7926 80.0169 0.000454225 12.856 58.4676 50.2672 99.3443 0.559837 17.0677 1.71844 33.3089 4.72605 37.2253 50.9932 
175.154 214.35 40.1481 50.8113 32.0464 8.08443 352.183 215.37 672.468 64.5757 0 292.699 124.476 5.83356 89.9022 188.792 95.3825 135.106 111.34 47.7748 41.4945 11.7095 39.5548 88.0009 6.96378 7.99095 68.055 107.191 
156.57 129.503 61.4664 177.309 122.674 95.6742 0.550486 687.324 363.576 246.547 8.79382 0 117.128 114 272.473 358.515 5.24466 0.0317995 99.3731 20.9936 155.422 22.1812 101.879 21.1562 341.546 307.441 90.6671 104.359 
45.1625 73.1491 10.0315 33.6147 9.12474 152.308 106.133 42.9368 191.394 39.9261 2.32102 6.49599 0 4.98944 24.7969 84.2798 51.594 30.7585 79.3135 23.1142 77.5758 78.0799 16.9391 70.1416 5.05286 27.6713 13.5766 5.75915 
0.218685 32.5844 2.58453 22.5286 19.389 16.1364 21.6331 103.174 18.6834 28.0418 133.314 86.6179 149.599 0 29.5052 3.99249 21.2937 25.1666 0.350886 4.80171 40.0675 1.42231 9.60095 0.676784 12.8716 4.98036 2.39951 0.781006 
12.4407 73.5344 0.411813 35.0556 87.2828 0.00712603 142.234 180.925 138.725 48.7239 29.91 84.7402 2.76727 4.00334 0 11.6126 9.1592 58.7714 7.31521 11.3145 38.9786 3.37147 24.8094 9.11841 21.1979 6.99434 0.225208 9.37217 
12.4492 84.1449 13.9818 7.56652 1.19604 13.163 58.5848 36.2596 152.41 5.88235 190.894 411.633 62.5867 18.9148 0.511668 0 25.1821 19.5661 4.17884 2.58845 58.264 9.77173 0.109418 27.6117 5.90227 22.247 17.2441 12.1552 
395.618 429.303 54.772 448.491 71.4835 444.082 69.9291 68.2758 504.691 0.0407096 84.814 75.3855 9.21157 0.945612 24.9627 22.9726 0 213.962 276.072 16.546 61.5425 0.306352 16.3993 16.3751 392.014 0.200007 10.3623 0.00412201 
131.853 329.48 2.07673 7.55151 0.353778 1.58182 17.0462 28.6191 22.174 17.4964 0.397903 0.170699 17.1414 0.00457779 18.2649 60.9375 26.4569 0 124.602 32.2271 15.108 32.8664 16.0067 46.7544 30.988 55.9484 7.5362 19.7302 
16.3075 1.34014 6.44219 4.83102 90.8267 47.5578 152.725 57.7151 142.237 116.007 77.7113 21.6942 44.851 18.6934 14.8909 28.8569 174.211 103.612 0 32.27 37.3385 11.3689 20.861 21.8834 0.0600857 0.162461 7.5045 7.25517 
126.814 131.131 2.22327 2.98375 8.86125 24.3135 0.0227195 4.05987 97.4083 45.9702 15.2957 0.00156591 5.92803 1.84228 1.21902 5.15533 18.0665 24.6114 15.2064 0 17.6043 0.0056213 0.368001 2.19031 1.93527 8.64352 8.45883 4.13625 
193.025 56.0055 116.835 191.863 20.4543 0.759916 7.39296 41.5995 77.2488 86.1532 144.057 10.9625 16.3358 0.826448 53.4753 35.7595 68.2057 6.20173 71.996 311.511 0 30.404 5.31625 11.0448 41.6365 61.2721 0.0274426 49.1677 
14.7089 8.43868 0.320409 0.057498 0.0392089 18.9297 20.9944 17.3601 51.0986 60.9162 28.7533 5.22745 18.343 10.6976 13.7312 5.51214 15.9075 41.3471 13.0146 5.7913 9.45727 0 12.774 2.84037 17.6067 0.0843532 10.6214 8.60401 
22.2527 55.071 11.7285 16.8379 56.189 0.547076 4.59656 0.208242 44.7441 48.8124 24.1683 117.9 24.7623 9.33267 10.2879 0.983075 18.5514 1.18699 0.231097 0.527393 7.09879 12.8533 0 14.1105 22.2499 3.28104 6.92097 4.82425 
53.3499 6.52964 0.22089 14.6862 0.854605 11.6696 70.2302 138.533 98.3516 34.0591 98.1623 88.9653 67.124 0.183321 0.0314388 0.501813 0.620528 4.66459 17.5294 6.32084 31.1907 5.40327 3.98486 0 34.7851 1.24524 11.7303 4.0031 
433.226 394.88 15.3324 418.975 64.7831 402.389 14.2928 25.417 515.782 36.993 137.477 289.459 44.5315 11.0328 23.4598 67.3797 419.731 26.3497 28.7395 10.6506 60.1954 81.3379 20.9481 29.0271 0 116.215 143.595 149.643 
13.3117 0.728762 17.9734 40.7317 0.272952 9.47425 52.0251 89.9901 111.353 64.2991 4.39023 44.0514 2.62214 4.19012 14.4191 26.5123 2.79174 56.6155 28.738 7.17554 47.633 2.93927 2.14336 3.59827 32.0698 0 34.7261 7.98469 
25.0202 1.90997 1.97549 15.9464 0.214151 4.56288 24.7993 76.0062 3.37937 21.2117 85.6919 2.14076 6.78309 0.111331 7.14559 16.3732 8.62517 27.1702 21.159 8.57598 30.0794 10.477 10.5956 14.4962 54.9342 36.8405 0 13.8629 
28.4425 61.4903 16.2502 29.0294 47.0775 11.3316 31.3826 94.4256 94.7234 48.3728 69.7225 148.201 34.4332 4.06075 20.8784 7.36821 6.56618 24.2694 25.9564 8.94539 32.1919 0.0273835 10.0782 10.9991 25.4611 21.0288 77.2403 0 
