0 888.771 208.353 431.025 265.144 542.561 86.4575 38.3681 695.252 59.5622 105.196 225.833 61.6294 6.04279 27.628 78.4569 536.501 36.3062 44.8139 61.3179 10.3238 39.9205 46.6972 1.19257 478.937 79.2807 6.39637 61.0214 
828.59 0 464.313 684.012 22.6332 482.185 271.94 293.732 804.488 0.00356681 216.515 146.784 145.541 31.6361 37.0173 0.906324 548.548 551.14 50.6796 9.48423 42.4062 1.24892 57.0399 30.6276 486.333 3.94602 0.626221 41.8252 
111.325 9.96507 0 169.597 133.134 61.5417 205.896 88.9999 23.1553 96.314 172.393 83.8573 2.30609 15.8169 10.731 20.6882 32.5827 134.547 48.8946 6.34154 123.065 9.96399 3.6742 13.0146 0.401019 27.0645 3.00546 21.9598 
435.575 703.077 252.49 0 104.753 466.126 77.2365 678.062 751.953 85.4961 76.787 1.40053 63.2028 4.52224 33.0039 6.42373 435.154 141.97 50.0169 10.523 275.603 12.696 11.4083 16.1085 433.232 30.7851 23.615 3.04459 
189.077 134.252 179.86 50.5201 0 259.109 32.3535 0.119427 0.643444 44.8435 234.143 95.533 74.8895 67.0887 0.0900151 74.3445 154.002 73.0861 189.148 38.7123 0.0420127 12.0313 50.5915 56.2004 66.2413 46.0046 7.11347 54.8524 
491.801 500.305 54.8891 432.299 852.7 0 921.97 100.231 855.987 136.954 183.449 158.776 233.049 15.9824 41.6474 0.387219 486.984 110.997 84.6368 20.1828 14.0278 13.5565 15.2641 0.0970859 432.227 22.9933 15.3204 22.7179 
191.921 292.299 54.6751 188.336 413.417 54.0102 0 12.8364 742.068 411.068 410.896 115.673 219.288 91.4088 142.035 41.7898 4.14663 7.44179 138.013 81.0749 0.401873 28.9804 65.8036 27.597 91.3211 96.1839 50.5048 20.1247 
237.466 69.6006 136.284 54.3948 1.0218 68.0537 0.164237 0 661.265 95.4829 40.6628 970.502 92.1069 10.3485 88.3955 240.544 68.0273 13.7875 116.436 113.789 8.04924 4.60031 15.6608 131.376 124.846 220.736 33.5707 106.315 
449.686 609.351 37.357 452.457 343.769 904.742 34.8974 18.003 0 57.577 885.057 0.272596 129.068 22.2756 222.344 1.65778 503.112 147.419 58.6938 11.3522 51.129 47.4356 57.085 39.5793 432.256 137.059 70.2995 85.3016 
40.1379 3.68325 110.78 6.02305 329.136 127.928 93.1475 2.6105 12.6927 0 131.782 5.62133 133.665 78.819 32.1701 89.1198 1.19305 3.39843 37.9209 53.7878 98.6496 0.0551861 10.0776 5.36909 43.0009 11.8666 33.5416 54.3978 
189.763 251.144 105.096 16.3931 74.6565 63.3817 473.296 305.628 127.146 352.424 0 457.077 180.033 3.76634 293.523 125.07 93.3736 151.923 98.3108 37.7967 58.9162 18.0825 63.9064 107.438 0.206324 29.7431 60.1117 110.172 
192.93 166.526 25.0857 100.792 97.8881 123.54 9.20398 1015.67 402.969 231.435 119.156 0 95.9989 75.7941 227.751 58.6166 9.50303 2.72583 96.1891 11.7071 140.262 29.476 81.6868 1.37282 212.258 109.872 104.637 139.977 
57.9567 95.1673 17.9824 24.8231 28.1005 197.509 59.5882 61.4858 167.065 151.711 25.2773 0.61059 0 40.8902 50.669 81.9615 46.6313 21.0341 73.0053 19.1872 77.917 64.5247 4.98187 69.4183 8.95893 33.7453 16.354 8.58848 
1.5205 41.3927 4.62873 21.1302 27.4533 12.8932 9.80684 83.6982 4.08199 14.2035 70.4576 123.786 153.108 0 61.2523 10.5708 21.7899 30.1454 1.12643 4.76846 37.3431 2.77173 8.0631 0.00229192 10.5925 3.0544 1.61245 0.248328 
6.50946 60.1412 0.222049 30.2929 77.9465 1.47894 132.653 158.392 78.5622 83.7141 209.143 15.2989 17.1862 41.3731 0 12.0654 11.481 52.9856 4.44886 10.7817 33.3346 5.32171 24.6613 16.5322 15.7279 2.46581 0.000109027 6.38109 
22.133 80.5678 9.69514 2.16253 0.000786651 17.4576 75.4402 0.295009 146.74 17.4498 127.851 105.926 48.3468 18.5012 47.8763 0 24.2685 14.0014 2.45478 1.72034 53.7392 8.57513 1.37695 18.2403 9.31706 29.7417 15.7403 8.40167 
441.168 447.796 51.7195 488.079 98.8645 486.311 82.8528 58.6483 539.678 0.757654 89.9593 69.5151 5.54101 1.70221 22.9941 24.1793 0 276.696 161.161 13.1605 57.5975 0.688674 15.4891 17.4677 430.904 0.703496 9.1315 0.141346 
80.0937 450.624 2.83721 25.2898 6.72246 0.530868 1.00175 49.8585 49.8362 6.0719 5.68594 1.13018 26.2636 0.375809 25.1259 58.9036 103.487 0 141.084 44.6487 25.6609 30.3658 19.4664 47.8868 36.3107 51.9695 9.88709 23.6686 
6.39129 14.0486 1.81326 1.29729 194.299 28.5438 157.628 71.2849 152.279 102.948 61.0173 13.9682 54.8758 16.3006 18.8657 27.3346 248.505 125.814 0 34.4658 30.7048 13.2141 21.8028 22.7825 0.0375594 0.754108 6.18837 5.6636 
202.723 141.701 0.274035 10.2296 19.1779 23.9401 2.72822 0.106401 104.051 40.3039 23.6022 1.50995 8.87979 1.46241 1.97827 4.10985 21.436 36.5313 19.1331 0 44.1538 0.0526227 0.562704 1.68777 1.11752 7.46945 9.07144 5.0557 
231.107 85.2369 126.417 188.112 10.1396 0.0399745 1.25509 73.4574 49.8679 92.4863 135.2 25.2716 11.3604 2.21265 49.831 28.4956 68.4451 13.8897 72.7514 141.847 0 31.3155 3.37139 14.8941 35.7848 58.2787 0.41432 47.1276 
17.5585 11.8409 0.711087 0.300399 0.242935 19.9175 27.1711 22.8173 45.1399 60.7477 21.1612 9.77215 6.94606 10.9054 11.7118 4.12049 16.9841 40.2912 14.8524 5.54402 11.2443 0 9.72283 4.9178 16.773 0.000179164 9.84587 8.00698 
17.9696 56.6199 10.8539 18.1328 54.9709 1.46645 10.0187 0.993019 30.5909 41.4875 8.23924 102.913 10.0532 8.72583 17.5721 3.18189 18.9054 2.58126 0.716987 0.750419 4.86507 9.82663 0 2.80159 19.4487 4.61942 8.41007 3.83195 
49.4119 11.013 0.897411 18.2546 2.65568 9.63348 66.6782 135.74 92.8526 26.0272 76.9259 43.5732 61.1781 1.6218 2.47695 8.00268 1.17221 2.59983 19.0547 6.19177 35.1945 3.25498 15.568 0 44.5197 0.182767 9.09545 5.61963 
462.677 438.085 19.2426 450.686 61.4014 437.846 6.39256 3.19829 558.713 46.567 120.943 911.664 48.9253 8.56637 18.2164 20.9785 458.461 31.7141 27.3347 11.684 58.6195 9.33375 27.1979 38.3968 0 44.7416 83.5522 150.009 
6.18301 4.16261 13.5954 34.7223 2.11084 6.01127 36.5879 29.8204 129.976 71.5277 22.7487 228.042 0.649961 6.23697 8.23628 31.9874 4.16029 52.8097 27.2897 8.36904 53.1609 2.16661 1.14478 1.56319 39.6169 0 29.0712 29.5319 
20.7821 3.84888 3.16277 13.2167 0.00208086 6.04555 30.1807 85.7723 7.19769 25.4223 86.1559 0.0266007 9.07522 0.000704175 9.18166 14.6317 9.84717 30.034 20.1043 7.91655 32.9638 9.68493 9.27256 12.0522 62.5357 37.9769 0 52.0407 
34.6677 58.1686 18.3402 25.8931 43.0686 13.6728 39.5673 113.685 87.9977 52.4572 54.6281 114.685 30.982 2.832 18.5978 4.10892 7.97537 28.2544 26.5082 9.6821 36.3121 0.151913 9.81261 12.3486 17.747 3.16974 92.9253 0 
