0 915.59 207.549 446.182 264.347 558.895 83.6437 40.7412 710.581 60.7166 103.784 225.387 61.0565 6.20425 28.0162 78.6245 552.005 38.0225 45.5648 57.8735 11.4221 39.9484 46.6622 1.27456 494.768 79.3352 6.52368 61.0118 
857.078 0 468.017 704.118 27.3915 500.652 282.951 293.459 816.542 0.0123394 214.5 148.462 145.826 31.2417 37.6549 1.01885 564.978 1002.79 49.2648 10.2377 43.5605 1.30892 57.0496 30.3364 501.383 3.73908 0.669034 42.0982 
114.637 6.08519 0 183.4 130.935 61.9973 209.056 85.0192 28.8666 95.4936 169.43 85.8321 2.14866 15.8672 10.4603 20.8322 32.9316 133.164 48.5407 6.53883 123.482 9.9271 3.61478 12.9495 0.444892 27.1152 3.063 21.9832 
453.077 714.359 266.626 0 106.336 480.865 79.7147 106.992 769.196 86.187 78.8811 0.934659 62.9252 4.63158 32.7896 6.71108 450.415 142.386 50.3255 10.9327 241.807 12.6466 11.3118 16.2703 448.517 30.4309 23.7012 3.15497 
191.858 124.598 178.827 49.0002 0 252.105 28.5056 0.21507 0.318537 48.3211 235.601 96.6784 76.3162 66.9256 0.133097 74.2655 154.051 71.0517 193.724 39.3663 0.0198983 11.8404 50.7423 56.1685 66.1526 46.3421 7.00105 54.7661 
508.481 512.442 54.2172 447.529 338.447 0 431.007 102.726 863.684 65.2879 187.237 158.851 518.741 15.8441 41.5916 0.342416 502.501 110.38 84.1998 20.0686 13.7024 13.4604 15.2178 0.0839052 447.731 22.8604 15.3853 22.7383 
189.181 303.231 51.2316 186.976 409.97 79.2843 0 14.9982 681.729 420.15 416.917 112.853 219.257 91.7439 141.857 42.5726 3.90865 6.69395 138.865 80.607 0.49937 29.2658 65.5643 27.9786 91.4076 95.9271 50.6852 20.4544 
234.456 72.2271 140.571 48.3133 1.27402 65.7403 0.490252 0 662.405 93.5068 37.9111 985.374 91.2556 10.9074 90.3717 238.347 67.6068 14.4134 116.383 113.495 8.68353 4.46574 15.1876 131.901 126.854 219.202 34.0976 105.459 
466.486 630.667 30.8733 465.164 345.327 921.076 18.0443 22.8593 0 61.8818 1355.07 0.0690536 127.439 21.7676 235.908 1.96125 519.104 149.019 59.7511 10.9345 49.969 47.1646 56.4268 38.9747 447.495 136.59 70.0722 84.9065 
39.106 3.06091 110.38 5.62925 328.042 113.738 84.2469 3.05727 10.6562 0 119.965 4.92057 128.005 79.1667 30.8198 89.3828 1.29997 3.11154 37.0456 53.9133 98.5654 0.0779169 9.79647 5.57676 43.4294 12.2516 33.3681 54.5227 
190.202 252.349 108.335 15.2403 76.8535 66.8314 475.964 309.073 120.455 366.718 0 462.53 182.36 4.55945 302.058 121.921 93.2431 152.573 97.6647 37.3511 59.7301 18.3926 65.0371 108.203 0.126134 30.9885 59.7341 110.208 
194.335 168.064 23.7523 97.3913 96.7439 124.67 10.2485 1006.58 403.237 230.241 126.474 0 95.0059 74.0521 224.47 49.3838 9.72068 2.9474 96.0008 11.343 139.468 29.8146 80.7045 1.02833 211.523 101.668 105.183 141.389 
58.5326 96.1275 18.3787 24.4407 29.1599 195.148 57.6602 62.3498 165.744 157.489 26.8372 0.491885 0 43.1153 51.9244 81.7335 46.3962 20.6283 72.6787 19.0116 77.9067 63.8374 4.59851 69.3076 9.15613 34.0134 16.4809 8.726 
1.60587 41.7843 4.72994 21.051 27.8302 12.7406 9.369 82.7432 3.66873 13.6637 67.771 125.307 152.345 0 61.6196 10.8822 21.807 30.3677 1.17123 4.76541 37.2093 2.83983 7.8954 0.00763953 10.4835 2.97484 1.58007 0.231182 
6.28248 59.5048 0.271585 30.0487 77.4578 1.62255 131.92 156.985 75.997 85.249 218.738 13.3739 18.086 43.1873 0 14.1826 11.5881 52.7035 4.33424 10.7535 33.0753 5.4158 24.5538 16.8648 15.4767 2.31047 0.00010962 6.25423 
22.612 80.3348 9.50637 1.99128 0.000397795 17.6448 76.1476 0.084294 146.196 18.0861 124.709 94.0283 47.674 18.3685 50.858 0 24.2209 13.766 2.38695 1.68446 53.5061 8.51736 1.46416 17.7032 9.5358 29.9893 15.6633 8.23768 
456.982 462.474 51.5351 503.507 100.055 501.855 83.3968 58.2044 554.876 0.843563 90.1552 69.2311 5.39556 1.741 22.9003 24.2275 0 278.281 36.7943 13.0109 57.403 0.709337 15.4459 17.5141 446.35 0.733162 9.07665 0.152058 
77.8695 446.721 3.32667 26.2899 7.47703 0.668795 0.736632 50.9057 51.2755 5.68976 6.06421 1.27519 26.7057 0.414145 25.4469 58.7842 107.663 0 141.648 45.2131 26.1853 30.2491 19.6243 47.9231 36.5463 51.7708 9.99824 23.8475 
6.04514 14.9135 1.66932 1.18973 198.827 27.7359 157.6 71.8835 152.566 102.234 60.2644 13.6536 55.3145 16.1905 19.0461 27.2564 249.672 126.684 0 34.5475 30.4095 13.2971 21.8396 22.8174 0.0455958 0.790653 6.13111 5.59536 
205.07 141.829 0.229731 10.6351 19.7141 23.9019 2.95334 0.0623978 104.256 40.0306 24.0036 1.65246 9.02313 1.44587 2.0159 4.06329 21.5843 37.0886 19.31 0 50.469 0.0558474 0.572281 1.66611 1.08549 7.41486 9.09747 5.09766 
232.272 86.587 126.595 181.918 9.75202 0.0615799 1.09781 75.0043 48.7171 92.727 134.71 26.032 11.1541 2.28995 49.6465 28.17 68.432 14.2991 72.7569 132.942 0 31.3518 3.29327 15.0751 35.5147 58.1125 0.442362 47.0206 
17.6883 12.0037 0.732062 0.315714 0.274462 19.9513 27.4548 23.0719 44.8624 60.6949 20.8361 10.0052 6.54802 10.9019 11.6154 4.05983 17.0304 40.2353 14.9342 5.53206 11.3264 0 9.56998 5.01852 16.7244 9.64974e-07 9.80906 7.97883 
17.7804 56.6637 10.8085 18.1815 54.8913 1.51731 10.3046 1.12685 29.9863 41.1335 7.70349 102.105 9.52123 8.59062 17.8779 3.30231 18.9178 2.65579 0.744942 0.761176 4.77305 9.67437 0 2.43509 19.2836 4.68125 8.47561 3.7882 
49.2105 11.2366 0.937977 18.4081 2.75898 9.54038 66.4743 135.383 92.5259 25.669 75.9144 41.7584 60.8476 1.71539 2.67218 8.49867 1.20087 2.52023 19.1197 6.18385 35.3667 3.1666 16.0429 0 44.7645 0.156914 8.97649 5.69514 
477.695 453.762 19.4111 465.8 61.2214 453.14 6.10459 2.68395 574.182 46.9839 120.032 982.956 49.1019 8.45323 17.9682 21.0044 473.887 31.9552 27.2643 11.7266 58.5211 11.1313 27.4305 37.8546 0 51.8583 59.6798 149.589 
5.91971 4.38028 13.3956 34.4032 2.23309 5.86817 35.9132 27.722 130.642 71.7833 23.8678 237.216 0.59191 6.33128 7.98031 32.1206 4.22714 52.618 27.2162 8.42071 53.3866 2.1339 1.10614 1.48889 39.89 0 28.7682 30.6383 
20.5939 3.95072 3.22152 13.0937 0.00468926 6.11515 30.4239 86.1647 7.39982 25.6114 86.1315 0.0558701 9.18386 0.000161542 9.27461 14.5454 9.9026 30.1599 20.0541 7.88574 33.0886 9.64746 9.20963 11.9366 62.6827 37.9514 0 53.8976 
34.9453 57.9949 18.4261 25.7363 42.8773 13.7766 39.935 114.442 87.6358 52.6152 53.9419 113.004 30.8202 2.78015 18.482 3.9788 8.04047 28.4328 26.5271 9.7129 36.4908 0.159844 9.79622 12.403 17.3874 2.70516 92.7947 0 
