0 929.245 205.101 434.248 262.066 548.193 76.7246 46.9347 697.215 63.6203 100.249 224.13 59.6212 6.61595 28.9906 79.0136 539.267 42.4515 47.4512 51.9998 14.3964 40.0145 46.5678 1.49122 482.877 79.4443 6.84662 60.9766 
875.507 0 473.115 702.248 41.1355 495.615 310.284 292.496 794.614 0.289504 209.336 152.615 146.48 30.2583 39.2572 1.32855 554.542 380.451 45.782 12.2365 46.4912 1.46489 57.0638 29.6088 487.536 3.24502 0.782176 42.7772 
122.87 0.536644 0 216.495 125.337 63.0503 216.528 75.2996 45.6609 93.3799 161.872 90.7828 1.77879 15.9869 9.79214 21.1831 33.8002 129.601 47.6409 7.04095 124.43 9.83407 3.46752 12.7839 0.564347 27.2298 3.20878 22.0367 
446.933 690.389 317.004 0 110.248 466.249 85.9671 307.72 760.025 87.8758 84.1594 0.18019 62.2173 4.90915 32.2417 7.45166 437.119 143.328 51.0844 11.9806 610.831 12.5224 11.0698 16.6727 435.286 29.5356 23.9131 3.43856 
198.68 101.605 176.006 45.2602 0 230.561 19.8904 0.576024 0.000922067 57.4778 239.086 99.5367 79.8963 66.5009 0.277456 74.0483 154.085 66.0387 204.968 41.008 0.000350335 11.3682 51.1116 56.0797 65.919 47.1809 6.72326 54.5436 
498.722 491.544 52.4762 434.201 992.381 0 783.375 108.971 829.434 607.088 196.506 158.935 29.7316 15.4942 41.4225 0.242341 489.812 108.784 83.0443 19.7779 12.9024 13.219 15.0986 0.0551419 435.034 22.5218 15.5462 22.7851 
182.211 330.211 42.9978 183.346 400.352 164.728 0 21.1041 530.946 441.275 431.047 105.859 218.989 92.5378 141.287 44.5386 3.34345 4.99322 140.922 79.4093 0.789228 29.98 64.9493 28.9362 91.5929 95.2452 51.1304 21.2858 
226.751 78.9338 151.269 37.5136 2.0252 60.0569 2.06376 0 662.644 88.5936 31.4106 1013.48 89.1171 12.3624 95.3149 232.392 66.5492 16.0333 116.22 112.714 10.3696 4.13739 14.0312 133.131 131.809 215.038 35.4233 103.279 
457.214 632.556 17.2309 446.229 348.753 907.707 0.00444056 37.4104 0 73.1805 927.334 0.148747 123.339 20.5621 267.01 2.82968 507.611 152.977 62.4088 9.92109 47.1065 46.4833 54.7777 37.471 434.186 135.339 69.4937 83.8994 
36.5662 1.75452 109.293 4.70008 324.669 83.3104 63.6169 4.32585 6.32715 0 92.326 3.36932 114.073 79.9872 27.535 89.9814 1.58696 2.44864 34.8836 54.2142 98.3352 0.151816 9.10785 6.11136 44.4952 13.2355 32.9316 54.824 
191.214 255.173 116.463 12.5288 82.4248 75.7165 481.413 317.376 110.285 401.732 0 475.168 188.077 6.86465 322.405 114.027 92.9018 154.157 96.0304 36.24 61.7726 19.176 67.8651 110.065 0.0115166 34.1867 58.7835 110.26 
197.744 171.843 20.5569 88.9994 93.879 127.436 13.0947 974.609 403.319 227.078 145.391 0 92.5129 69.7169 215.893 29.472 10.2742 3.53834 95.5136 10.4545 137.446 30.664 78.2299 0.383845 216.293 82.1239 106.51 144.825 
59.9708 98.5107 19.3816 23.4913 31.8764 187.818 52.9313 64.5168 162.371 171.961 30.9154 0.251074 0 48.8314 55.0767 81.1186 45.8044 19.6271 71.8477 18.5733 77.8711 62.0966 3.70415 69.0022 9.65661 34.6808 16.7988 9.07344 
1.82917 42.76 4.98581 20.8473 28.7762 12.3575 8.31375 80.3343 2.73342 12.3516 61.1815 129.028 150.104 0 62.0073 11.6545 21.8475 30.9224 1.28688 4.75719 36.8708 3.01235 7.44913 0.0346519 10.2093 2.77921 1.50032 0.190953 
5.73098 57.9053 0.417014 29.4287 76.2131 2.00938 129.983 153.341 69.7007 89.0387 242.538 9.10445 20.4167 47.4971 0 20.0528 11.8564 51.9908 4.05347 10.6814 32.4254 5.653 24.249 17.6889 14.8491 1.94267 0.00393328 5.94077 
23.8231 79.7261 9.0377 1.59273 0.0196015 18.1093 77.8906 0.116963 144.735 19.7142 116.823 66.779 45.986 17.9974 58.1659 0 24.0994 13.1838 2.22122 1.5961 52.9128 8.37173 1.69223 16.3432 10.1038 30.5673 15.4676 7.83084 
445.08 447.77 51.0576 490.599 103.005 489.234 84.74 57.0918 541.384 1.07825 90.6311 68.5141 5.03963 1.83973 22.664 24.3453 0 281.709 220.016 12.6386 56.9107 0.762283 15.3369 17.6291 433.503 0.809925 8.9398 0.180535 
72.3802 436.786 4.71604 28.8551 9.53245 1.08278 0.251462 53.5521 54.9339 4.78685 7.06097 1.67564 27.8216 0.518068 26.2528 58.4758 118.238 0 142.985 46.6229 27.5131 29.9558 20.0197 48.008 37.1333 51.2669 10.2781 24.2949 
5.22004 17.1768 1.33486 0.940826 209.927 25.745 157.437 73.3734 153.218 100.409 58.3845 12.8804 56.405 15.9146 19.4971 27.0572 251.485 128.805 0 34.7451 29.673 13.5044 21.9295 22.9023 0.0690678 0.885688 5.98876 5.42611 
210.395 142.014 0.135958 11.6733 21.0781 23.7982 3.55378 0.00345138 104.733 39.3416 25.0162 2.03629 9.3851 1.40477 2.11122 3.94725 21.9534 38.4864 19.7518 0 67.7131 0.0643252 0.596518 1.61236 1.00729 7.27788 9.16192 5.20268 
234.955 89.9653 126.94 166.241 8.81366 0.135903 0.750353 78.9018 45.8787 93.3115 133.452 27.9729 10.645 2.48867 49.1779 27.3577 68.3904 15.345 72.7598 111.167 0 31.4406 3.10169 15.5301 34.8378 57.6857 0.516439 46.7475 
18.0133 12.4139 0.785749 0.35563 0.361613 20.0317 28.1654 23.7114 44.1659 60.5457 20.0304 10.598 5.6007 10.8882 11.3726 3.90916 17.1454 40.0924 15.1384 5.50183 11.5325 0 9.18431 5.27223 16.5985 0.000915439 9.71635 7.90798 
17.3093 56.7634 10.6928 18.2996 54.6834 1.64788 11.0336 1.49801 28.4905 40.2413 6.43874 100.042 8.24786 8.21909 18.626 3.60948 18.9475 2.84648 0.817081 0.78832 4.54639 9.29005 0 1.61944 18.8583 4.83615 8.63867 3.6793 
48.6985 11.8031 1.04304 18.7884 3.0254 9.30739 65.9486 134.406 91.6813 24.7765 73.3739 37.3442 59.9999 1.9584 3.18894 9.775 1.27394 2.32632 19.281 6.16324 35.7941 2.94945 17.1587 0 45.2927 0.10084 8.67959 5.88463 
463.781 441.507 19.8283 452.126 60.7612 439.914 5.41182 1.59315 561.333 48.0183 117.699 1150.84 49.5349 8.17032 17.3451 22.9495 460.984 32.557 27.0857 11.8317 58.265 19.7477 27.9896 36.2738 0 73.1372 11.3327 129.508 
5.28469 4.94714 12.8966 33.5904 2.55325 5.51596 34.2388 22.7711 132.235 72.394 26.7618 259.754 0.458519 6.56713 7.35221 32.4062 4.39612 52.1315 27.0296 8.54898 53.9416 2.05292 1.01213 1.31033 40.5439 0 27.9959 33.4071 
20.1247 4.21072 3.37024 12.7866 0.0157852 6.29018 31.0319 87.1262 7.91616 26.0836 86.0534 0.175977 9.45748 0.000477881 9.50723 14.3271 10.0413 30.4736 19.9276 7.80831 33.3987 9.55313 9.05127 11.6462 62.971 37.8587 0 58.4811 
35.6378 57.552 18.6374 25.339 42.3951 14.0352 40.8527 116.284 86.7104 52.9997 52.2274 108.761 30.4134 2.65199 18.1881 3.66082 8.20377 28.8779 26.5722 9.78895 36.9346 0.180538 9.75361 12.5364 16.4898 1.69934 92.1396 0 
