0 863.825 201.697 346.923 259.083 459.412 69.3244 54.1567 605.259 66.8384 96.3559 222.516 58.0384 7.08193 30.0686 79.3924 448.316 47.5404 49.54 49.745 18.0372 40.0811 46.4526 1.74857 392.902 79.5197 7.20947 60.9192 
816.26 0 471.758 622.099 59.1494 413.571 339.744 290.98 692.658 1.01453 203.46 157.109 147.104 29.1814 41.0317 1.71574 466.096 389.694 42.0463 14.6197 49.7857 1.6463 57.0629 28.8093 395.409 2.74044 0.916668 43.5183 
131.801 1.39261 0 248.727 119.034 64.0625 223.993 65.0475 67.9918 90.9557 153.341 96.239 1.41135 16.1086 9.07257 21.5537 34.7487 125.513 46.6269 7.60724 125.315 9.73043 3.30772 12.5974 0.711764 27.3353 3.37226 22.0872 
365.775 586.064 377.179 0 114.467 373.29 92.9148 590.6 671.686 89.6682 90.0224 0.0297813 61.4159 5.22123 31.6198 8.30121 345.631 144.2 51.8975 13.1696 668.437 12.3844 10.8025 17.1116 343.879 28.5357 24.1403 3.76289 
205.945 78.4434 172.521 41.2544 0 200.398 12.1325 1.17361 0.468537 68.2608 242.651 102.669 83.852 66.0066 0.496564 73.777 153.978 60.6563 216.944 42.823 0.0377929 10.8571 51.5048 55.9674 65.6426 48.0952 6.4232 54.2875 
411.107 392.085 50.4675 342.757 808.551 0 220.37 115.834 711.871 177.955 206.323 158.859 544.851 15.1027 41.1876 0.15205 398.942 106.942 81.6718 19.4496 12.0447 12.9513 14.9617 0.030434 344.195 22.1396 15.721 22.8296 
174.368 359.031 34.6148 178.985 388.194 287.027 0 28.9459 372.968 461.639 444.971 98.2744 218.383 93.3384 140.46 46.7136 2.77126 3.40463 143.062 78.047 1.18382 30.7665 64.2462 29.9956 91.7457 94.4299 51.6104 22.2116 
217.998 86.5244 162.945 37.6894 3.04944 53.9915 5.03751 0 658.605 83.2434 24.908 1028.77 86.7499 14.0561 100.743 225.115 65.3761 17.9049 115.995 111.778 12.387 3.78982 12.8039 134.35 137.14 209.932 36.8948 100.822 
370.435 557.778 6.67883 349.811 351.736 811.609 20.5355 57.2323 0 86.4295 856.909 1.20666 118.789 19.3439 288.96 3.96414 418.074 157.254 65.3538 8.85762 44.0233 45.7284 52.9593 35.8308 342.757 133.836 68.841 82.7607 
33.8419 0.73269 107.954 3.77081 319.92 58.8573 43.8605 5.96901 2.84666 0 65.4481 1.99759 99.2064 80.8081 24.0827 90.5418 1.93497 1.8097 32.5512 54.5237 98.0496 0.261218 8.37446 6.72441 45.6581 14.3521 32.4474 55.1368 
192.185 257.963 125.426 9.83488 88.6719 85.8749 485.355 325.968 104.71 438.567 0 487.349 194.184 9.92156 342.887 105.347 92.502 155.825 94.2016 35.0235 64.0308 20.0504 70.9736 112.03 0.0273307 37.8374 57.7276 110.256 
201.319 175.892 17.2784 79.9843 90.7229 130.377 16.606 925.084 402.438 223.31 167.1 0 89.756 64.9923 205.893 13.2187 10.8984 4.24908 94.9506 9.51416 135.16 31.603 75.4804 0.0342142 228.227 62.4738 107.912 148.442 
61.5482 101.1 20.5044 22.4585 34.9729 178.088 47.8916 66.91 158.545 187.823 35.6853 0.0787567 0 55.3359 58.5589 80.3692 45.1472 18.5482 70.9095 18.0928 77.8161 60.1477 2.82787 68.6191 10.2192 35.4098 17.1493 9.46147 
2.09095 43.827 5.27168 20.6138 29.8223 11.9343 7.21939 77.6533 1.86778 10.9721 54.1719 132.975 147.106 0 61.5522 12.4888 21.8887 31.5304 1.42006 4.74721 36.492 3.20573 6.91926 0.0867766 9.90515 2.56969 1.41463 0.151076 
5.15116 56.1335 0.612322 28.7319 74.8073 2.47992 127.684 149.133 62.9912 93.1163 268.091 5.32838 23.108 51.7651 0 27.3007 12.1529 51.1951 3.75426 10.5996 31.7087 5.91698 23.8553 18.5802 14.1604 1.57263 0.0144426 5.60213 
25.1761 79.0142 8.52814 1.20397 0.0740011 18.6136 79.7635 1.07512 142.96 21.563 108.138 41.5002 44.1221 17.5262 65.7683 0 23.9619 12.5539 2.04529 1.50112 52.2436 8.20957 1.95896 14.8305 10.7619 31.1331 15.2472 7.38913 
355.146 354.825 50.5052 399.49 106.2 398.439 86.1889 55.8636 449.62 1.36915 91.1315 67.7143 4.66104 1.95119 22.4011 24.4709 0 284.574 311.983 12.2317 56.3594 0.822634 15.2156 17.7538 342.492 0.898635 8.78969 0.214658 
66.4745 427.808 6.51391 31.7796 12.0676 1.65152 0.0118053 56.5079 59.0537 3.88095 8.24086 2.17841 29.066 0.645665 27.1449 58.1199 130.036 0 144.334 48.1702 29.0005 29.6308 20.4556 48.0922 37.7756 50.7014 10.5891 24.7877 
4.37925 19.8295 1.00928 0.700278 221.708 23.6077 157.103 75.0003 153.827 98.3343 56.3229 12.0521 57.5933 15.61 19.993 26.8325 251.647 131.042 0 34.9514 28.8661 13.7322 22.0247 22.9922 0.100487 0.996269 5.83347 5.24219 
215.318 141.995 0.0609559 12.8526 22.6157 23.6712 4.27568 0.0229205 105.196 38.5745 26.1443 2.50367 9.78922 1.35995 2.21803 3.82024 22.3564 40.0305 20.2368 0 88.7698 0.0743347 0.623658 1.55392 0.924385 7.12642 9.2318 5.31841 
237.517 93.6804 127.155 150.215 7.83254 0.251125 0.443949 83.2321 42.824 93.9251 132.017 30.1719 10.0966 2.71624 48.6508 26.4674 68.3298 16.5319 72.7452 88.404 0 31.5353 2.89705 16.0346 34.0905 57.1977 0.60444 46.4379 
18.3714 12.8705 0.846844 0.40221 0.471228 20.1131 28.9489 24.4194 43.3952 60.354 19.1563 11.2665 4.63895 10.8652 11.1031 3.74516 17.2704 39.9301 15.3622 5.46808 11.7601 0 8.75526 5.5542 16.4529 0.00416547 9.61328 7.82932 
16.7942 56.8568 10.5621 18.4232 54.4397 1.79701 11.8591 1.96611 26.8724 39.2486 5.17237 97.7052 6.94298 7.75986 19.4185 3.95651 18.9779 3.06335 0.900147 0.818597 4.30266 8.86213 0 0.901513 18.3706 5.00692 8.81666 3.56031 
48.1215 12.4384 1.16456 19.2006 3.33178 9.05087 65.3446 133.194 90.7063 23.8004 70.5634 32.7063 59.0327 2.23975 3.80282 11.2285 1.35664 2.12154 19.456 6.13929 36.2586 2.71722 18.2492 0 45.7324 0.0533572 8.35405 6.09419 
371.599 351.169 20.2805 360.206 60.2388 348.49 4.69516 0.718169 470.22 49.1429 115.046 1012.74 49.9969 7.85932 16.6568 28.0396 369.904 33.2177 26.8851 11.9447 57.9667 34.352 28.5668 34.2726 0 96.6716 4.46215 86.9363 
4.62493 5.60785 12.349 32.6727 2.92917 5.13811 32.4193 17.8327 133.866 73.0187 30.098 283.599 0.331302 6.82646 6.68208 32.6413 4.5851 51.5847 26.8194 8.68851 54.5362 1.96523 0.913052 1.12608 41.2135 0 27.1238 36.4385 
19.6108 4.50542 3.53687 12.4494 0.03553 6.48424 31.7004 88.1511 8.50192 26.602 85.9394 0.385404 9.76159 0.00358664 9.76338 14.0828 10.1941 30.8166 19.7868 7.72251 33.7363 9.44834 8.87539 11.3245 63.1562 37.7093 0 63.3804 
36.3963 57.0506 18.8642 24.8936 41.8588 14.318 41.8591 118.23 85.6586 53.4055 50.3447 104.035 29.9626 2.51354 17.8578 3.32351 8.38437 29.3666 26.6182 9.87105 37.4179 0.204729 9.70406 12.6787 15.5068 0.856503 90.8834 0 
