0 628.323 192.295 88.33 251.3 188.559 54.6874 70.5154 326.973 73.6251 88.2287 218.378 54.7212 8.0991 32.3389 80.0155 173.189 58.8494 53.9421 55.0963 26.8421 40.2001 46.1733 2.35043 119.958 79.5259 7.99309 60.7367 
596.295 0 445.812 365.145 105.519 158.266 397.623 286.286 391.795 3.93937 190.579 166.218 148.087 26.9506 44.7721 2.68088 196.089 825.446 34.5993 20.1935 56.8886 2.05852 57.0051 27.143 117.97 1.81944 1.23164 45.0461 
149.763 26.3428 0 292.747 105.499 65.6627 236.781 45.4123 125.606 85.5827 134.977 107.603 0.778376 16.3285 7.62718 22.2738 36.7032 116.463 44.4322 8.83317 126.622 9.50952 2.9817 12.1935 1.07341 27.486 3.72431 22.1648 
118.968 280.183 392.361 0 122.951 94.1828 107.537 941.224 397.48 93.1789 102.388 2.0143 59.6663 5.89524 30.2589 10.1862 69.6464 145.46 53.5206 15.7627 614.503 12.0916 10.2413 18.0145 68.0887 26.4034 24.5953 4.4816 
220.209 38.5345 164.016 33.2971 0 123.407 2.01088 3.09672 4.19714 92.8896 249.154 109.164 92.1484 64.8828 1.15754 73.101 153.265 49.9088 240.265 46.6374 0.31544 9.81798 52.2822 55.6827 64.9997 49.9746 5.81479 53.7139 
143.105 101.006 45.9953 67.1269 564.826 0 514.355 130.042 373.458 501.634 225.29 158.126 472.117 14.265 40.5338 0.0307981 124.064 102.812 78.476 18.7361 10.3304 12.3854 14.6565 0.00231608 69.5238 21.3093 16.0786 22.8989 
157.504 414.76 19.6726 168.708 357.921 578.751 0 48.926 111.882 493.146 468.079 82.8817 216.07 94.7597 138.063 51.2867 1.74476 1.05553 147.104 75.0556 2.26332 32.4118 62.6884 32.2267 91.8915 92.51 52.5801 24.1822 
198.914 103.011 186.683 90.6601 5.85217 42.0435 15.3692 0 635.904 72.2963 13.6218 1006.33 81.7603 17.8983 111.98 207.682 62.8933 22.1104 115.368 109.563 17.1402 3.1097 10.3961 136.431 147.799 197.606 40.0099 95.4998 
105.192 316.298 0.527093 68.0109 355.257 511.197 191.045 110.366 0 116.493 942.318 6.67385 109.182 17.1664 274.896 6.92977 146.035 165.907 71.5652 6.8136 37.8176 44.1323 49.1526 32.4568 67.1354 130.276 67.4218 80.2789 
28.4005 0.015834 104.688 2.14933 306.632 39.7254 13.7911 10.2255 0.00274412 0 23.1196 0.278361 70.2608 82.2407 17.4728 91.3762 2.77083 0.782893 27.8491 55.0969 97.3437 0.584618 6.92601 8.08776 48.0521 16.7963 31.422 55.7275 
193.723 262.694 144.022 5.21731 102.067 108.125 486.523 341.944 87.8164 507.176 0 506.58 206.261 18.0014 377.858 87.4265 91.5847 159.059 90.2817 32.5025 68.7823 21.9191 77.4366 115.841 0.540162 45.8739 55.4885 110.039 
208.166 183.955 11.2695 62.0761 84.1255 136.15 25.1878 780.497 397.337 214.502 214.753 0 83.9559 55.3288 183.399 0.0318241 12.2539 5.93781 93.6837 7.67738 130.189 33.579 69.6626 0.523835 243.544 28.9819 110.634 155.41 
64.8262 106.392 22.9125 20.3422 41.7866 156.746 37.9663 71.936 150.19 220.167 46.5543 0.0325752 0 69.4511 65.8382 78.5615 43.7529 16.3714 68.8702 17.0939 77.6472 55.9751 1.36903 67.6606 11.435 36.9145 17.8848 10.2917 
2.69224 46.0319 5.88266 20.0951 32.0242 11.0453 5.16402 71.9639 0.618832 8.31774 40.4874 140.677 139.136 0 57.7091 14.1535 21.9636 32.7934 1.71844 4.72311 35.679 3.6209 5.71607 0.270456 9.26238 2.15218 1.24251 0.0826362 
4.03203 52.3968 1.13832 27.2294 71.7525 3.61108 122.337 139.723 49.8339 101.259 317.584 0.661466 29.1274 58.5639 0 44.0552 12.7765 49.4941 3.16203 10.4203 30.2053 6.47809 22.8435 20.3754 12.7316 0.920186 0.0577193 4.91678 
28.0682 77.3861 7.48697 0.563306 0.300127 19.6425 83.5155 6.16076 138.702 25.6066 90.152 7.28062 40.2167 16.3448 79.1141 0 23.6614 11.2749 1.69936 1.31033 50.7903 7.86444 2.56612 11.6806 12.2401 32.0671 14.7696 6.48828 
82.4713 76.1069 49.2612 124.129 112.688 123.722 89.1157 53.285 172.848 2.08713 92.0984 66.0056 3.91382 2.19372 21.8419 24.7199 0 287.427 359.551 11.3906 55.1746 0.955934 14.9575 18.0082 67.4368 1.09844 8.47732 0.295454 
54.6497 424.5 11.1558 38.2103 18.2669 3.21942 0.507788 62.8224 67.9595 2.28739 10.9848 3.4384 31.7212 0.957085 29.0262 57.3205 154.91 0 146.732 51.3857 32.1962 28.9437 21.3692 48.2366 39.1055 49.4823 11.2495 25.8187 
2.85238 25.898 0.47376 0.311063 244.51 19.3423 155.884 78.3548 154.735 93.7889 52.0422 10.3981 60.0352 14.9704 21.0279 26.3438 246.039 135.374 0 35.3442 27.1918 14.2074 22.2116 23.168 0.185076 1.24768 5.51335 4.86547 
222.249 141.2 6.75777e-05 15.4287 25.9472 23.3625 5.98823 0.348761 105.957 36.9424 28.547 3.63164 10.6532 1.2677 2.44782 3.55713 23.1882 43.272 21.2461 0 137.79 0.0975695 0.681993 1.43411 0.761814 6.80757 9.37437 5.56092 
241.523 101.418 127.046 128.311 5.95812 0.604812 0.0613796 92.4002 36.6831 95.1083 128.842 34.9751 8.99029 3.22197 47.5101 24.62 68.1533 19.1325 72.6546 46.9792 0 31.723 2.49007 17.1021 32.521 56.1163 0.810479 45.7607 
19.1219 13.8428 0.981401 0.508621 0.746778 20.26 30.5918 25.9138 41.7701 59.8599 17.3724 12.7181 2.90835 10.7901 10.5322 3.40861 17.5269 39.5737 15.8274 5.39582 12.2391 0 7.84789 6.1514 16.1242 0.0185503 9.39425 7.66243 
15.7287 56.9965 10.2776 18.6599 53.8801 2.12687 13.661 3.14497 23.5912 37.1403 2.95905 92.6079 4.55392 6.66062 20.9554 4.70763 19.0339 3.54045 1.08622 0.883269 3.81222 7.95598 0 0.0674196 17.2897 5.36443 9.1836 3.31453 
46.8704 13.8064 1.43832 20.0397 4.01685 8.51467 63.9969 130.207 88.5177 21.7833 64.6563 23.8239 56.8993 2.86991 5.22822 14.3672 1.53735 1.72263 19.8135 6.08491 37.2096 2.25579 19.971 0 46.1621 0.00247136 7.67863 6.5353 
94.107 77.5909 21.2011 83.2565 59.0926 72.5838 3.35374 0.000473167 194.617 51.4441 109.229 706.256 50.9135 7.21155 15.2131 46.1235 94.6767 34.5935 26.4516 12.1719 57.2878 67.9175 29.6378 29.917 0 116.478 118.616 29.3848 
3.38027 7.11211 11.2124 30.6829 3.79442 4.38235 28.7023 9.34339 136.851 74.1615 37.5494 328.598 0.131711 7.36666 5.35891 32.8605 4.99036 50.403 26.3638 8.97453 55.7238 1.78676 0.720969 0.783214 42.4381 0 25.234 42.6082 
18.5447 5.15076 3.89524 11.7471 0.102321 6.89492 33.0954 90.1792 9.78558 27.6814 85.6065 1.0836 10.4077 0.0194215 10.2991 13.5588 10.5142 31.5265 19.487 7.54104 34.4302 9.22588 8.5026 10.6461 63.0943 37.2379 0 72.8857 
37.9696 55.9556 19.3183 23.9363 40.7179 14.9033 43.9501 122.004 83.35 54.1947 46.429 94.0165 29.0092 2.23304 17.1452 2.66292 8.76489 30.3835 26.7017 10.0372 38.4111 0.260109 9.59155 12.961 13.4811 0.0166572 86.5195 0 
