0 694.687 126.707 388.753 198.837 337.688 10.08 151.81 435.133 102.033 55.3162 190.558 40.8723 12.9616 41.9614 80.0789 309.13 113.213 72.4883 25.7938 78.3871 40.3952 44.4402 5.79211 267.058 77.3181 11.6391 59.0491 
738.749 0 129.884 500.218 364.193 382.337 526.469 245.769 395.137 35.7043 130.763 198.833 147.344 18.0402 60.5188 8.94036 351.055 350.713 10.1601 50.6175 88.8888 4.2697 55.9376 20.2951 246.545 0.00185247 3.04964 51.0856 
203.736 341.042 0 88.8916 49.2354 64.2994 241.85 0.473717 406.013 59.8762 59.0115 151.453 0.172266 16.7188 2.68789 24.3849 44.3053 73.9986 34.3728 14.3769 123.886 8.52262 1.75014 10.3182 3.34534 27.0717 5.34422 22.0691 
438.418 278.311 81.5704 0 151.472 217.729 164.403 1225.19 473.754 103.883 152.343 42.2047 51.3453 8.98987 23.8271 19.2771 205.961 142.265 59.0593 27.5172 726.479 10.8004 7.87774 21.5061 205.646 17.2283 26.1891 8.04679 
262.007 30.1693 114.424 8.01854 0 67.0166 51.8922 20.7573 57.7617 211.236 261.194 135.016 126.025 58.9023 6.85297 68.7001 143.203 14.54 299.102 62.4997 4.40857 5.92166 54.8548 53.7604 61.3619 57.2984 3.54854 50.7561 
309.636 205.676 25.2917 208.832 647.45 0 962.538 182.705 249.595 523.266 272.151 146.807 566.111 10.5622 35.5488 0.529795 262.279 82.0323 61.0567 15.4036 4.41153 9.9455 13.1138 0.234069 210.66 17.4381 17.457 22.8371 
85.4553 526.073 3.85576 113.109 186.934 556.952 0 172.615 708.555 438.342 464.076 29.0154 191.734 96.8233 118.889 70.207 0.0197557 5.8862 157.047 60.7343 10.462 39.2703 54.9632 41.6914 89.9314 81.5101 56.124 32.874 
113.968 176.581 262.143 303.304 26.8896 6.60582 111.346 0 375.842 32.0075 3.6504 346.069 60.6061 37.847 154.267 114.413 52.1188 43.6812 110.458 96.7572 44.2511 0.962945 2.85045 137.954 182.28 128.272 53.4543 71.2072 
297.135 573.009 185.432 247.187 329.637 397.738 1303.21 429.224 0 257.548 550.601 73.8612 69.0467 13.7423 317.395 27.4141 296.786 196.702 97.7122 1.06958 16.0239 37.2163 33.466 19.3997 208.54 109.818 60.707 68.5431 
10.0521 17.7669 84.9804 0.317309 211.225 290.677 74.933 39.2439 52.196 0 86.1433 10.1962 1.00081 83.8372 0.881587 89.7887 7.83199 1.13059 11.3421 56.3764 92.8005 3.31869 2.22843 14.9068 57.3471 28.3941 26.9496 57.2397 
192.771 265.429 211.295 1.86042 160.276 203.222 392.436 374.491 380.053 587.389 0 486.648 243.77 72.2326 373.893 24.237 86.5573 168.602 72.6932 22.3962 88.8548 30.2883 102.891 126.88 9.63807 83.59 45.7187 106.071 
226.5 210.664 0.0134519 8.70092 57.061 153.848 77.0179 66.1701 331.452 166.158 412.528 0 59.6147 20.6033 81.1619 222.227 18.6607 15.9216 87.0835 2.01069 106.908 41.9908 45.1432 20.0193 91.9316 33.0491 118.712 174.253 
78.0978 126.245 33.6991 12.2346 74.2807 160.908 7.67967 92.9728 111.273 319.27 102.39 4.47458 0 126.55 94.2862 67.7286 37.6383 8.4995 59.2838 13.0167 76.1426 37.7486 1.0146 61.4296 17.0667 42.8664 21.0017 14.0398 
5.98949 54.7604 8.57838 17.5067 41.3434 7.36046 0.236843 47.7305 3.81995 1.02427 3.28694 162.867 87.1456 0 16.5296 18.9029 22.1084 37.9332 3.25819 4.57471 31.9737 5.47336 0.978813 2.04383 6.5338 0.754107 0.629296 0.019916 
0.783686 36.639 4.97193 20.4436 57.5374 10.2773 93.3967 94.0811 12.5349 126.966 405.645 29.3769 58.352 46.487 0 89.6658 15.4377 41.8769 1.1952 9.55055 23.8798 8.92718 16.3581 26.2608 7.11979 0.0927485 0.553089 2.43048 
40.8427 68.6363 3.6254 0.523497 2.89547 23.4619 96.3221 67.5707 113.758 44.4095 25.985 159.939 24.3192 9.4384 72.0163 0 22.211 6.51365 0.581833 0.633755 43.9708 6.34643 5.64262 1.48436 19.4842 32.0148 12.5485 3.16069 
233.328 206.06 42.8419 260.553 136.063 262.619 99.6708 42.3918 302.809 6.68361 94.9478 58.3371 1.45456 3.3504 19.364 25.5576 0 253.45 209.399 8.03646 49.7509 1.62091 13.8084 18.983 206.638 2.14744 7.1876 0.774587 
15.591 390.045 41.9733 68.5343 56.029 15.108 17.0226 90.7178 108.314 0.188179 26.3645 11.7382 43.5395 2.9173 37.077 53.1765 247.709 0 150.241 64.2871 46.7017 25.9504 25.2261 48.3722 44.4612 43.8623 14.1702 30.1441 
0.0011381 57.7655 0.425157 0.387964 299.9 5.398 143.336 91.5523 153.034 72.3037 34.8343 4.6684 69.514 12.2598 25.3021 24.0262 172.524 147.865 0 36.4073 20.4002 16.1807 22.812 23.7218 0.819196 2.59768 4.23777 3.40355 
199.365 127.135 1.15938 27.1634 41.2631 21.4548 15.9725 5.87331 106.007 29.7702 39.1535 10.5101 14.5402 0.903753 3.50085 2.50119 26.4886 56.7669 25.3651 0 317.785 0.229331 0.94972 0.969435 0.243892 5.44941 9.91945 6.58245 
237.554 132.402 118.485 141.83 0.826362 3.73404 2.29446 131.212 15.2379 98.5385 113.178 57.7394 4.96598 5.77643 42.1942 17.175 66.6766 31.6661 71.3861 24.3827 0 32.3585 1.09874 21.7419 25.8854 50.726 2.00004 42.4859 
22.2913 18.1654 1.64523 1.08764 2.58268 20.5218 37.4945 32.3582 34.7912 56.4439 10.6043 19.5563 0.047045 10.0883 8.06876 2.11047 18.5315 37.8263 17.7335 5.06782 14.2964 0 4.13837 8.69129 14.3821 0.191236 8.42506 6.92746 
11.4573 56.7558 8.93417 19.3209 50.8096 3.75873 22.2212 10.9297 11.6304 27.992 0.417035 68.9267 0.000900162 1.64917 24.9973 7.99754 19.1568 5.88772 2.04893 1.17429 2.0467 4.23492 0 6.38855 12.119 6.8439 10.6282 2.33603 
41.0158 20.0778 2.86077 23.1536 7.52954 6.29482 57.1693 111.583 77.3033 13.8264 40.319 1.33516 46.5494 5.87418 12.7239 26.0701 2.4107 0.488943 21.1861 5.79383 40.8786 0.734481 17.2211 0 40.8362 0.506516 4.97825 8.40491 
223.414 223.933 24.6106 214.843 53.5283 208.429 0.156559 13.2991 326.622 60.1702 81.8181 482.797 53.9868 4.59933 9.31254 66.3361 232.754 40.2483 24.4308 12.9843 53.6444 5.50037 31.9091 35.4972 0 82.7948 125.692 35.4422 
0.251385 15.1238 6.70541 21.6466 8.55587 1.78253 14.8151 3.92883 142.649 76.428 73.9943 393.072 0.28644 9.53699 1.2349 29.7917 6.83725 44.914 24.2216 10.0793 59.8301 1.11349 0.152638 0.0161241 44.7354 0 16.7437 61.3742 
14.2157 8.28067 5.5375 8.86637 0.760685 8.68358 38.8779 96.8618 16.0024 32.1197 82.8227 7.77779 13.2657 0.223882 12.529 11.1962 11.8673 34.3935 18.1485 6.74997 37.1592 8.24508 6.88122 7.76952 56.4756 33.0444 0 92.9792 
44.3256 50.7053 20.9032 19.5975 35.6657 17.2465 52.4259 133.024 72.1957 56.5904 30.6369 52.4801 24.8688 1.20334 13.8882 0.634587 10.4054 34.5691 26.8651 10.6511 42.3008 0.5635 8.99097 13.9021 6.00166 9.92424 49.2295 0 
