0 561.619 119.341 298.127 192.711 229.379 7.65262 159.795 322.437 104.565 52.4666 187.232 39.6193 13.454 42.8425 79.8742 200.05 118.519 74.1647 19.5627 84.0305 40.3881 44.2354 6.18114 159.155 76.9345 12.0026 58.8191 
611.171 0 100.696 384.675 387.236 280.726 525.781 240.538 273.273 40.0479 125.048 201.274 146.875 17.2689 61.9394 9.68777 243.47 662.152 8.57142 53.8338 91.9294 4.512 55.7721 19.6825 136.987 0.00617492 3.2572 51.6066 
206.23 370.439 0 62.3198 44.5672 63.5161 238.195 0.0117904 424.489 57.3699 52.8238 154.928 0.286644 16.71 2.34391 24.4979 44.9418 69.9788 33.4 14.9011 122.967 8.42721 1.64939 10.1331 3.61254 26.9482 5.50417 22.0257 
346.435 158.557 33.1041 0 153.367 107.939 168.809 1100.65 354.841 104.502 156.501 48.1716 50.5093 9.29197 23.1915 20.1729 97.2423 141.283 59.4548 28.61 192.701 10.6768 7.66186 21.797 97.0758 16.3974 26.3086 8.41519 
264.088 42.9309 109.118 6.49082 0 80.435 63.394 23.1219 65.3984 221.982 260.992 137.233 128.959 58.2551 7.60676 68.1718 141.725 12.242 300.509 63.912 5.0214 5.60348 55.0329 53.5247 60.9525 57.9187 3.36412 50.4399 
203.301 97.0919 23.4062 100.913 525.586 0 1350.86 186.615 126.383 993.591 273.214 145.124 63.7348 10.2144 34.9249 0.65772 153.506 79.8994 59.2023 15.0747 3.97938 9.71789 12.9521 0.283986 102.322 17.0567 17.5732 22.8024 
79.1812 523.466 6.53922 107.402 170.224 455.192 0 185.952 842.262 419.127 455.357 25.2184 188.403 96.6857 116.465 71.8733 0.0764213 7.52413 157.35 59.3023 11.5059 39.8926 54.1648 42.5592 89.5422 80.2801 56.405 33.7001 
106.316 183.315 266.14 320.818 29.529 4.80415 123.497 0 344.308 28.9229 5.90203 275.975 58.6732 39.9386 157.515 105.35 51.1058 45.9499 109.824 95.3183 47.2605 0.82474 2.38126 137.493 184.401 121.093 54.7051 68.8769 
194.147 472.06 213.297 147.39 324.14 262.517 1303.72 458.99 0 270.032 1132.92 83.1387 65.4967 13.916 303.188 29.8786 189.204 198.992 100.066 0.785198 14.4177 36.5657 32.0755 18.3109 100.573 107.547 60.031 67.3696 
8.78323 21.0109 82.7629 0.565047 200.273 323.624 94.5781 42.7236 61.6874 0 110.262 12.4778 0.0815778 83.6137 0.396942 89.2282 8.42015 1.54611 10.1354 56.3998 92.256 3.68016 1.91811 15.6143 58.1254 29.5468 26.5263 57.2977 
192.075 264.253 215.962 2.89547 165.553 211.04 377.001 374.392 445.262 574.792 0 476.723 245.942 78.4051 360.963 20.0382 86.0007 169.133 71.0063 21.5159 90.6869 31.0952 105.008 127.453 11.0196 87.2162 44.7972 105.46 
227.264 212.454 0.19479 6.09183 54.6705 154.874 82.833 33.7572 322.264 160.999 427.704 0 57.4181 18.0808 72.4253 255.554 19.3064 17.0674 86.3752 1.66572 104.606 42.7685 42.9536 23.126 104.643 45.4691 119.163 175.034 
79.2643 127.837 34.7294 11.5625 77.4919 163.866 5.98006 94.8729 107.498 323.758 108.09 5.25789 0 130.861 96.57 66.4971 37.057 7.8861 58.328 12.6531 75.9392 36.0737 1.46019 60.6878 17.6239 43.3785 21.2904 14.4048 
6.35401 55.5091 8.83178 17.2384 42.1959 7.03352 0.101901 45.5439 4.7992 0.696987 1.88639 163.949 81.5151 0 12.8108 19.089 22.1077 38.39 3.42278 4.55722 31.6102 5.64858 0.700227 2.27651 6.28589 0.658056 0.58219 0.0327184 
0.608342 35.2153 5.4454 19.7962 56.1425 11.0225 90.3382 89.6321 10.8918 128.447 401.081 35.6639 61.2045 42.5478 0 88.9414 15.6853 41.1431 1.05854 9.46136 23.3009 9.15683 15.6337 26.6226 6.65215 0.178099 0.624141 2.23791 
42.0456 67.688 3.32304 0.73888 3.26676 23.7633 97.2226 75.7681 110.981 46.2212 21.6473 191.844 22.9459 8.73501 66.3645 0 22.0624 6.12906 0.507141 0.582329 43.2911 6.20276 5.95077 0.988106 20.1942 31.6812 12.329 2.90052 
125.979 97.2004 42.1639 151.637 137.824 153.909 100.485 41.3914 193.259 7.23205 95.1087 57.594 1.28525 3.46804 19.126 25.6174 0 246.906 35.2225 7.74468 49.217 1.69078 13.6973 19.0649 98.098 2.26105 7.07062 0.830191 
13.0623 363.784 45.5595 71.4814 60.3124 16.6039 19.6646 93.3484 112.158 0.377717 28.0741 12.7405 44.6726 3.1504 37.8235 52.7332 254.195 0 150.012 65.4016 48.1111 25.6663 25.5817 48.3459 44.9328 43.3073 14.451 30.5408 
0.0377174 61.0999 0.602235 0.535991 300.929 4.50562 141.609 92.6797 152.427 70.1875 33.3382 4.24523 70.3118 12.0096 25.6863 23.7922 165.403 148.508 0 36.4559 19.7982 16.3602 22.8519 23.7575 0.900365 2.74567 4.12601 3.27906 
193.337 125.03 1.37895 28.2589 42.7485 21.232 17.1001 6.71207 105.752 29.0919 40.1614 11.3101 14.9174 0.872312 3.60443 2.40895 26.7742 57.975 25.7309 0 324.994 0.244273 0.976179 0.930014 0.210095 5.32385 9.96514 6.6764 
235.493 135.048 117.065 131.474 0.586205 4.15374 2.81301 134.701 13.6691 98.7247 111.564 60.0096 4.64818 6.04593 41.6652 16.5232 66.4807 32.9394 71.1969 36.026 0 32.4044 0.997214 22.1797 25.2756 50.1648 2.13606 42.1503 
22.584 18.5815 1.71427 1.15169 2.80665 20.5164 38.1253 32.9624 34.1397 56.0235 10.046 20.2421 0.156836 9.99345 7.84002 2.00193 18.618 37.645 17.9047 5.03561 14.4895 0 3.82511 8.92119 14.1927 0.216311 8.33198 6.8571 
11.0831 56.6656 8.79963 19.3537 50.4696 3.92738 23.0797 11.8658 10.7013 27.1411 0.749005 66.6311 0.0540369 1.29323 25.1335 8.29171 19.1589 6.13144 2.15224 1.20261 1.90887 3.91928 0 7.56272 11.6149 6.97605 10.7519 2.25103 
40.4326 20.6935 3.01245 23.4013 7.9032 6.09543 56.4527 109.431 76.1226 13.1484 38.1898 0.641091 45.5047 6.15749 13.484 26.8067 2.50045 0.412158 21.3015 5.762 41.1878 0.632707 16.2276 0 39.8205 0.61073 4.74532 8.5763 
114.003 116.119 24.8808 105.647 52.9583 99.6018 0.0683836 15.7934 217.031 60.8822 79.1359 130.014 54.2033 4.37321 8.80052 59.1015 124.077 40.7559 24.2288 13.047 53.2463 9.21976 31.9258 38.804 0 98.3296 76.6389 62.425 
0.141573 15.9892 6.32332 20.7901 9.0826 1.59497 13.7101 5.98834 142.608 76.4229 77.6075 386.685 0.382344 9.72347 0.991358 29.2055 7.01878 44.3688 24.0063 10.1722 60.1318 1.05805 0.120818 0.00313749 44.7015 0 15.9526 62.2101 
13.8309 8.60238 5.69916 8.60874 0.852288 8.85285 39.4012 97.3175 16.6388 32.5185 82.4545 8.69096 13.5402 0.25396 12.7308 10.9682 11.9927 34.6478 18.0188 6.67487 37.3947 8.15118 6.72891 7.50717 55.4014 32.4934 0 92.7405 
44.8853 50.1717 21.021 19.1777 35.1812 17.451 53.173 133.61 71.063 56.7331 29.2633 48.9034 24.4781 1.12179 13.5717 0.514613 10.5598 34.9462 26.8647 10.7004 42.6341 0.597217 8.92554 13.9675 5.44076 11.7982 45.0113 0 
