0 425.333 107.76 231.245 182.886 135.438 4.52571 172.178 221.547 108.442 48.1302 181.846 37.6875 14.2319 44.2041 79.4855 105.075 126.768 76.7445 14.4046 92.9855 40.3685 43.9027 6.80828 66.0494 76.2795 12.5758 58.4373 
482.209 0 61.0854 277.78 420.823 196.811 520.088 231.997 158.74 47.1942 116.192 204.844 146.014 16.0924 64.1237 10.9019 150.71 502.199 6.35631 58.9094 96.6525 4.90084 55.4927 18.7397 41.3396 0.0716763 3.59276 52.4019 
209.103 410.469 0 29.9358 37.6353 62.0921 231.221 0.629111 447.838 53.4724 43.7043 160.058 0.521823 16.681 1.8526 24.6442 45.9038 63.7867 31.8819 15.713 121.323 8.27768 1.49778 9.84233 4.0454 26.7282 5.75579 21.9467 
276.397 48.4986 3.38708 0 156.021 12.0285 175.236 1328.79 243.572 105.329 162.72 58.0423 49.192 9.76505 22.1958 21.5704 2.93658 139.534 60.0272 30.2902 485.663 10.4835 7.3282 22.2362 3.01238 15.1227 26.4845 8.99894 
266.654 66.748 100.774 4.42417 0 96.4214 83.1248 27.0218 77.9882 238.17 260.226 140.603 133.418 57.2205 8.8502 67.3121 139.256 9.04143 301.193 66.0762 6.05059 5.1242 55.2888 53.1394 60.2927 58.8609 3.08635 49.9346 
112.523 4.08383 20.5438 7.93998 665.639 0 1407.89 192.264 15.0841 699.503 273.664 142.313 510.538 9.67504 33.9084 0.883368 59.038 76.5362 56.2667 14.5586 3.3492 9.36437 12.695 0.371035 8.58214 16.4584 17.7497 22.7386 
69.7078 514.835 12.0612 98.4966 144.843 302.795 0 206.841 1031.94 385.799 439.272 19.7954 182.913 96.3605 112.516 74.4174 0.237893 10.455 157.605 57.0519 13.2192 40.8534 52.8998 43.901 88.8688 78.3061 56.8252 34.9883 
94.6763 193.625 271.116 364.293 33.84 2.56115 143.075 0 295.127 24.3927 10.451 177.92 55.6888 43.2505 162.267 91.5114 49.5292 49.5531 108.78 93.0072 52.0779 0.630799 1.7335 136.576 187.282 109.908 56.6448 65.2502 
108.854 388.349 257.154 68.2652 314.659 128.992 1248.82 502.887 0 288.699 732.142 98.3542 60.0763 14.3577 265.325 33.8686 96.5939 202.336 103.683 0.429558 12.0746 35.5527 29.9452 16.6662 7.52749 103.916 58.9638 65.5223 
6.97063 26.5391 79.2174 1.09043 182.945 372.549 128.471 48.3566 77.6907 0 152.148 16.4564 0.683652 83.1416 0.0221208 88.2222 9.37252 2.3197 8.38235 56.4038 91.3697 4.27701 1.48036 16.7358 59.3021 31.3561 25.8661 57.3598 
190.79 261.952 222.517 4.94982 173.637 222.535 351.421 373.156 531.166 548.915 0 458.897 248.83 88.2046 337.416 14.2363 85.1063 169.835 68.3741 20.1707 93.5165 32.3575 108.19 128.185 13.3359 92.8391 43.3623 104.432 
228.121 214.983 0.896613 2.9402 51.0109 156.246 92.1185 4.56043 307.174 152.832 449.414 0 54.0378 14.4489 59.4978 306.897 20.3263 18.9182 85.2434 1.19265 100.995 43.9745 39.6023 28.3339 117.357 68.0953 119.76 175.904 
81.0507 130.214 36.3349 10.5481 82.5161 165.037 3.749 97.7987 101.614 328.798 117.03 6.59695 0 137.015 99.9531 64.5184 36.1498 6.97421 56.8235 12.0936 75.6016 33.4947 2.31068 59.4843 18.5 44.1592 21.7388 14.9774 
6.93941 56.6489 9.225 16.8133 43.5133 6.53295 0.00343184 42.1887 6.54215 0.312023 0.47247 165.272 72.7332 0 7.77257 19.279 22.1019 39.0925 3.68569 4.52879 31.0392 5.92068 0.35434 2.65592 5.9041 0.521034 0.51237 0.0588909 
0.379365 33.0254 6.21601 18.7893 53.9576 12.2141 85.5063 82.7292 9.01746 130.398 389.621 46.4466 65.6323 35.9928 0 85.8492 16.07 39.9957 0.862015 9.32002 22.4052 9.51346 14.4866 27.1119 5.94825 0.36524 0.742887 1.95255 
43.9131 66.1732 2.87511 1.14587 3.88657 24.2112 98.5154 89.0413 106.544 49.0373 15.6171 243.271 20.8606 7.65204 56.6575 0 21.8268 5.55165 0.400989 0.506401 42.2212 5.97905 6.43123 0.4118 21.2968 31.0575 11.984 2.51503 
33.8025 2.83166 41.086 56.9554 140.402 59.5378 101.69 39.8425 97.5839 8.12385 95.3233 56.4295 1.04236 3.65429 18.7536 25.7042 0 235.795 403.172 7.29851 48.3774 1.80212 13.5231 19.1894 4.0392 2.44305 6.88972 0.920366 
9.55088 322.804 51.3106 76.0688 67.1751 19.048 24.1145 97.4355 118.13 0.801931 30.8179 14.3733 46.4426 3.52965 38.9817 52.0254 263.266 0 149.469 67.0991 50.3182 25.2228 26.1333 48.2918 45.6563 42.4345 14.8905 31.1554 
0.196905 66.3676 0.938038 0.813151 301.022 3.27059 138.75 94.3943 151.335 66.8767 31.0539 3.62535 71.5211 11.6216 26.2782 23.4225 155.092 149.325 0 36.5143 18.8731 16.6377 22.9086 23.8076 1.03399 2.98318 3.95454 3.08941 
182.916 121.52 1.75604 29.9445 45.068 20.8714 18.9126 8.12079 105.27 28.0359 41.7321 12.6047 15.5085 0.824273 3.76722 2.2678 27.2104 59.8301 26.2928 0 331.457 0.268413 1.01783 0.870053 0.162459 5.12918 10.0345 6.82203 
231.745 139.059 114.664 110.566 0.294144 4.84831 3.72205 140.053 11.386 98.9688 109.006 63.5791 4.1735 6.47541 40.8322 15.5258 66.1565 34.9514 70.8788 57.937 0 32.4713 0.848825 22.8618 24.3313 49.2735 2.35602 41.6184 
23.0382 19.2328 1.82403 1.25468 3.17254 20.498 39.1009 33.9026 33.127 55.3366 9.20339 21.3238 0.454764 9.83663 7.48553 1.83769 18.7501 37.3568 18.1688 4.98494 14.7905 0 3.35457 9.27457 13.8892 0.25832 8.18634 6.74702 
10.5097 56.5027 8.58765 19.3949 49.9233 4.19471 24.432 13.3875 9.32455 25.8228 1.45572 63.0536 0.299354 0.814947 25.2574 8.73903 19.159 6.51878 2.31745 1.24706 1.70356 3.4446 0 9.46423 10.8308 7.17904 10.9402 2.12108 
39.5144 21.6603 3.25425 23.7708 8.4994 5.78842 55.3136 105.968 74.2463 12.1184 34.9463 0.0613924 43.8594 6.5921 14.6688 27.7778 2.64287 0.30563 21.4768 5.71093 41.6572 0.488858 14.5242 0 38.0997 0.791344 4.39058 8.84132 
18.6096 23.2068 25.2834 10.5921 52.0555 5.10593 0.00277971 20.0564 121.217 61.9517 74.9483 191.401 54.5159 4.0289 8.02205 47.9038 29.7949 41.5385 23.9103 13.1399 52.6083 24.0261 31.8858 44.5844 0 107.127 13.4201 118.428 
0.0329342 17.3713 5.74488 19.4628 9.92838 1.32276 12.0633 10.0217 142.346 76.3416 83.2459 372.713 0.558755 10.0067 0.66422 28.2063 7.30422 43.5105 23.6665 10.3131 60.5728 0.974326 0.0786391 0.00295975 44.5644 0 14.733 63.1386 
13.2391 9.11267 5.95329 8.21218 1.00492 9.11686 40.2093 97.9679 17.6467 33.1333 81.8461 10.2037 13.9698 0.304419 13.0424 10.6117 12.1875 35.039 17.8153 6.55761 37.7545 8.00431 6.49202 7.10243 53.6041 31.5892 0 91.6141 
45.7436 49.3278 21.1937 18.5214 34.4237 17.764 54.3182 134.366 69.2744 56.9275 27.1673 43.4993 23.8692 1.00008 13.0767 0.352471 10.8006 35.5283 26.8588 10.7746 43.1424 0.651496 8.8207 14.0616 4.6255 14.9529 38.4869 0 
