0 414.541 97.8065 281.924 174.222 163.835 2.48687 182.702 243.888 111.698 44.5143 177.038 36.0499 14.9099 45.3613 79.085 132.747 133.808 78.9246 15.8202 100.798 40.3434 43.6038 7.36665 95.3624 75.6626 13.0742 58.0871 
476.38 0 34.0439 293.583 446.939 233.344 510.815 224.313 170.106 53.6682 108.663 207.676 145.149 15.1074 65.9681 11.9909 180.174 78.5358 4.71204 63.3126 100.686 5.24558 55.2321 17.9421 68.5054 0.184697 3.89252 53.0684 
210.569 437.946 0 13.2211 32.0492 60.6802 224.061 2.4471 462.103 50.1447 36.4319 164.171 0.778573 16.6415 1.47502 24.7406 46.6998 58.562 30.5786 16.4039 119.712 8.14854 1.37289 9.59075 4.43256 26.513 5.97404 21.8678 
323.414 64.9063 41.442 0 158.002 39.0687 180.297 1328.98 256.476 105.905 167.788 67.0146 48.0475 10.1731 21.3371 22.7682 31.287 137.825 60.4755 31.7055 769.46 10.3168 7.04456 22.5993 31.5805 14.0503 26.6255 9.50896 
268.191 90.6552 93.5786 2.95981 0 104.744 101.625 30.5715 89.4026 251.418 259.135 143.411 137.128 56.3078 9.98282 66.5395 136.982 6.67003 300.317 67.8961 7.00501 4.72882 55.4875 52.7914 59.7054 59.6455 2.85716 49.4889 
143.712 34.5915 18.1744 37.516 983.999 0 1338.8 196.661 34.607 505.428 272.882 139.723 250.784 9.21524 32.9951 1.10226 87.1741 73.6164 53.7099 14.1125 2.85043 9.06222 12.4696 0.454688 37.3932 15.9418 17.8968 22.6746 
61.9047 503.131 18.0483 90.8797 123.928 191.857 0 224.741 1163.72 354.48 423.197 15.634 177.924 95.9749 108.97 76.5466 0.447156 13.3301 157.614 55.1047 14.7725 41.6695 51.7943 45.042 88.2269 76.5587 57.1686 36.0942 
85.0037 202.266 274.14 411.775 37.7254 1.19082 160.377 0 253.568 20.7816 15.3424 107.943 53.1558 46.1388 166.031 80.0124 48.1781 52.7087 107.831 90.9596 56.3297 0.48505 1.25871 135.598 189.335 100.369 58.2999 62.1469 
144.995 424.266 294.244 110.745 305.681 126.506 1151.88 537.541 0 303.826 717.276 112.073 55.5409 14.9038 232.93 37.429 126.325 204.984 106.732 0.209205 10.2209 34.684 28.1538 15.3062 37.0423 100.715 58.0348 63.9193 
5.57649 31.7231 76.0962 1.67524 167.938 410.567 160.168 53.3839 92.4849 0 191.485 20.2697 3.16129 82.6176 0.0697256 87.2327 10.2242 3.10497 7.00322 56.3757 90.5724 4.82143 1.14919 17.7161 60.2765 32.9199 25.299 57.3857 
189.497 259.528 227.412 7.13373 180.424 231.66 328.227 371.054 587.036 521.142 0 441.464 250.82 96.7379 314.334 10.0058 84.3125 170.316 66.1125 19.0417 95.9191 33.4456 110.803 128.654 15.4783 97.6243 42.132 103.476 
228.532 216.897 1.90226 1.13584 47.9351 157.201 100.279 1.07851 293.549 145.719 465.991 0 51.1807 11.6315 49.1634 348.935 21.215 20.5694 84.2451 0.849233 97.8734 45.0038 36.7899 33.1389 113.783 90.2902 120.168 176.31 
82.5535 132.154 37.7117 9.70962 86.8403 161.956 2.24375 100.275 96.5732 331.186 124.735 7.85981 0 141.703 102.677 62.7655 35.3698 6.23417 55.5182 11.6202 75.292 31.3159 3.18965 58.4068 19.2594 44.8123 22.1222 15.4727 
7.45859 57.6006 9.56056 16.4417 44.6328 6.11246 0.0271832 39.3644 8.24448 0.103286 0.00960863 166.054 65.2564 0 4.33689 19.3437 22.0923 39.6862 3.91754 4.50325 30.5446 6.153 0.148347 2.9961 5.58116 0.415825 0.455912 0.0873689 
0.225757 31.1755 6.9077 17.928 52.0738 13.2637 81.3087 76.8547 8.08043 131.719 375.787 56.5731 69.4025 30.1706 0 81.4107 16.3993 39.007 0.709271 9.19646 21.6427 9.81819 13.4904 27.4577 5.36916 0.577783 0.85255 1.72209 
45.5079 64.8382 2.51376 1.56329 4.45823 24.5742 99.5166 100.817 102.641 51.4419 11.1807 287.597 19.127 6.74393 47.8037 0 21.6207 5.07731 0.319796 0.44532 41.2928 5.78728 6.84226 0.113874 22.2357 30.4251 11.6854 2.20389 
63.9739 31.2796 40.141 84.917 142.451 87.7564 102.663 38.5225 124.686 8.92494 95.4726 55.4236 0.854073 3.81703 18.4325 25.7726 0 225.452 51.4261 6.9237 47.6495 1.90012 13.3726 19.2931 32.5711 2.60409 6.73569 1.00121 
6.9619 292.005 56.3851 79.9919 73.2321 21.2511 28.2455 100.928 123.23 1.29033 33.2488 15.8426 47.9659 3.87059 39.9704 51.4014 269.987 0 148.824 68.5165 52.2224 24.8411 26.6043 48.2327 46.2664 41.6777 15.27 31.6796 
0.432203 70.9468 1.28378 1.09585 299.641 2.36402 136.14 95.8251 150.257 64.0265 29.1407 3.13155 72.5256 11.2904 26.7796 23.1002 147.055 149.845 0 36.5477 18.0917 16.874 22.9518 23.8454 1.1556 3.19374 3.80991 2.93075 
173.089 118.296 2.11283 31.3659 47.061 20.5492 20.5204 9.42638 104.773 27.1308 43.0803 13.7615 16.0191 0.783959 3.90824 2.14917 27.5762 61.3945 26.7672 0 332.248 0.289967 1.054 0.819999 0.126447 4.96308 10.0922 6.94631 
228.024 142.387 112.426 90.487 0.123054 5.48336 4.59947 144.556 9.58489 99.1337 106.773 66.6708 3.78586 6.85324 40.1089 14.6876 65.86 36.7047 70.5834 79.8675 0 32.5244 0.730963 23.4472 23.5267 48.4926 2.55268 41.1533 
23.4263 19.7947 1.92036 1.3462 3.50289 20.4724 39.931 34.7084 32.2601 54.7169 8.5068 22.2645 0.832614 9.6935 7.18338 1.70152 18.8609 37.1039 18.3929 4.94098 15.049 0 2.96916 9.57267 13.621 0.297214 8.06071 6.65211 
10.0268 56.3412 8.40352 19.4206 49.4384 4.42842 25.606 14.7534 8.21273 24.6996 2.24407 59.9878 0.666484 0.486006 25.2778 9.11074 19.1559 6.85859 2.46336 1.28552 1.5365 3.05528 0 11.1234 10.1614 7.35028 11.0975 2.01196 
38.7174 22.4971 3.46695 24.0718 9.02454 5.52863 54.3146 102.895 72.602 11.2609 32.2391 0.0513074 42.4328 6.95659 15.6814 28.4299 2.76762 0.226914 21.6229 5.66568 42.0482 0.379831 12.9502 0 36.5015 0.963749 4.09432 9.06672 
46.0191 52.7379 25.6108 38.294 51.2667 33.2729 0.0159443 24.0652 148.13 62.8304 71.3534 153.383 54.7601 3.74147 7.37387 39.8456 58.1255 42.2018 23.633 13.2151 52.0435 41.8754 31.7882 49.9353 0 96.8142 23.3693 146.567 
0.000208624 18.5894 5.26551 18.333 10.6783 1.10878 10.7247 14.2576 141.93 76.201 88.0802 357.077 0.736217 10.2424 0.434845 27.2709 7.55173 42.7653 23.3705 10.4303 60.9231 0.905045 0.0496218 0.0222069 44.3656 0 13.7021 63.5654 
12.7386 9.55937 6.17357 7.8766 1.14553 9.3437 40.8957 98.4683 18.5273 33.6545 81.2904 11.5875 14.3403 0.351203 13.3067 10.3048 12.3543 35.37 17.6392 6.4567 38.0566 7.87772 6.28923 6.75927 51.9516 30.7713 0 89.9324 
46.4669 48.5916 21.3315 17.9563 33.7708 18.027 55.2829 134.862 67.717 57.0672 25.4128 39.0391 23.3465 0.900835 12.6504 0.237525 11.0074 36.0226 26.8487 10.8355 43.5679 0.699767 8.72794 14.1346 3.98503 17.8579 33.0164 0 
