0 418.082 96.9792 290.627 173.491 170.735 2.3441 183.573 250.28 111.967 44.2173 176.629 35.9143 14.9668 45.4573 79.0488 139.592 134.393 79.1048 16.2102 101.454 40.3409 43.5784 7.41402 102.346 75.6088 13.1161 58.057 
480.277 0 32.1149 299.376 448.988 240.9 509.863 223.659 175.616 54.2211 108.039 207.903 145.072 15.0263 66.1205 12.0837 187.164 182.682 4.58577 63.6811 101.021 5.27478 55.2096 17.8761 75.3119 0.196479 3.91799 53.1233 
210.649 439.914 0 12.3434 31.5996 60.5549 223.417 2.65187 463.039 49.8683 35.8503 164.501 0.802257 16.6375 1.44541 24.7474 46.765 58.1308 30.47 16.4612 119.57 8.13775 1.36269 9.56971 4.46546 26.4939 5.99233 21.8608 
331.775 70.8883 46.9463 0 158.155 45.8691 180.699 1313.98 262.063 105.948 168.199 67.7817 47.9516 10.2072 21.2653 22.8679 38.1937 137.674 60.5111 31.8222 786.472 10.3029 7.02103 22.629 38.5057 13.9619 26.6369 9.55185 
268.292 92.7797 92.9785 2.8508 0 105.245 103.227 30.8756 90.3775 252.492 259.027 143.642 137.432 56.2306 10.0799 66.4736 136.786 6.48806 300.183 68.0463 7.08755 4.69651 55.5032 52.7616 59.6556 59.7098 2.83843 49.4512 
150.847 41.7208 17.9809 44.5281 916.69 0 1376.38 197.008 41.0255 440.606 272.768 139.499 336.611 9.17704 32.9173 1.12154 94.0598 73.3718 53.4954 14.0752 2.81062 9.03709 12.4506 0.462031 44.3372 15.8985 17.9089 22.6689 
61.2687 501.982 18.5976 90.2474 122.229 183.845 0 226.227 1173.05 351.775 421.769 15.3078 177.497 95.9383 108.669 76.7217 0.467534 13.5845 157.606 54.9418 14.9053 41.7371 51.7014 45.1367 88.1707 76.4109 57.1965 36.1863 
84.2121 202.977 274.34 415.858 38.0569 1.09986 161.837 0 250.153 20.4925 15.7905 102.795 52.9458 46.3814 166.331 79.0729 48.0655 52.9742 107.75 90.7863 56.6887 0.473752 1.22253 135.509 189.489 99.5781 58.4374 61.8889 
152.553 431.738 297.282 118.871 304.899 130.985 1141.95 540.286 0 305.046 483.298 113.241 55.1679 14.9563 230.743 37.7312 133.343 205.195 106.984 0.194375 10.073 34.6116 28.006 15.1949 44.0494 100.445 57.9567 63.785 
5.46704 32.1731 75.8331 1.72954 166.685 413.518 162.899 53.8107 93.7581 0 194.88 20.6038 3.44868 82.569 0.0890729 87.1451 10.2966 3.17545 6.89359 56.372 90.5044 4.86815 1.12343 17.7985 60.3563 33.0506 25.2517 57.3867 
189.381 259.308 227.788 7.33302 180.982 232.388 326.25 370.836 591.023 518.613 0 439.927 250.965 97.4525 312.305 9.68525 84.2452 170.351 65.924 18.9487 96.1183 33.5365 111.016 128.687 15.663 98.0211 42.0295 103.393 
228.553 217.046 2.00279 1.02334 47.6817 157.271 100.967 1.69792 292.388 145.123 467.283 0 50.9445 11.4093 48.3363 352.309 21.2897 20.7096 84.1608 0.823215 97.6122 45.0893 36.5583 33.5528 112.769 92.2422 120.198 176.33 
82.6774 132.311 37.8265 9.64106 87.2011 161.518 2.13547 100.48 96.1538 331.303 125.378 7.96988 0 142.068 102.896 62.6172 35.3047 6.17426 55.4088 11.581 75.2654 31.1359 3.26908 58.3152 19.323 44.8661 22.1541 15.5141 
7.50257 57.6788 9.58844 16.4105 44.7257 6.0778 0.0336713 39.1314 8.39486 0.0909675 0.00239103 166.105 64.638 0 4.09176 19.345 22.0913 39.7353 3.93713 4.50108 30.5032 6.17231 0.135098 3.02503 5.55445 0.407573 0.451348 0.0899927 
0.214738 31.0226 6.96661 17.8564 51.9164 13.3523 80.9571 76.3677 8.03048 131.815 374.476 57.4507 69.715 29.684 0 80.9718 16.4267 38.9245 0.697206 9.18606 21.5794 9.84353 13.4071 27.4834 5.32196 0.597665 0.862017 1.70349 
45.6404 64.7256 2.48463 1.60087 4.50747 24.6036 99.5956 101.811 102.312 51.6418 10.8425 291.251 18.9849 6.66937 47.0556 0 21.6033 5.03865 0.313438 0.440397 41.2149 5.7713 6.87643 0.097364 22.3135 30.3684 11.6604 2.17879 
71.0321 38.2007 40.0614 91.7885 142.615 94.6489 102.741 38.413 131.486 8.9932 95.4836 55.3396 0.839219 3.83072 18.4057 25.778 0 224.558 42.5839 6.89283 47.5885 1.9084 13.36 19.3016 39.4916 2.61771 6.7229 1.00809 
6.76403 289.734 56.8133 80.3181 73.7433 21.4391 28.6024 101.219 123.654 1.33621 33.4546 15.968 48.093 3.89967 40.0526 51.3487 270.501 0 148.762 68.633 52.3815 24.8092 26.6435 48.2272 46.3168 41.6143 15.3016 31.7231 
0.455918 71.3307 1.31499 1.12127 299.465 2.29492 135.916 95.9427 150.161 63.7888 28.9831 3.092 72.608 11.2629 26.8211 23.0732 146.418 149.881 0 36.5498 18.0271 16.8936 22.9552 23.8483 1.16602 3.21158 3.79797 2.9177 
172.236 118.019 2.14393 31.4832 47.2273 20.5218 20.6565 9.53928 104.728 27.0555 43.1926 13.8599 16.0619 0.780636 3.92006 2.1394 27.6064 61.5237 26.8064 0 332.114 0.291799 1.05703 0.815886 0.123648 4.94927 10.0969 6.95664 
227.693 142.66 112.233 88.8166 0.112103 5.5379 4.67661 144.928 9.44142 99.1455 106.585 66.9294 3.75435 6.8851 40.0482 14.6185 65.8345 36.8519 70.5578 81.8066 0 32.5286 0.721529 23.496 23.4598 48.4268 2.5694 41.1141 
23.4586 19.8416 1.92848 1.35395 3.53109 20.4699 39.9999 34.7755 32.1879 54.664 8.44982 22.3435 0.869174 9.68121 7.15828 1.69036 18.8701 37.0826 18.4114 4.93729 15.0705 0 2.93783 9.59728 13.5983 0.300575 8.05021 6.64418 
9.98694 56.3269 8.38808 19.4223 49.3973 4.44807 25.7044 14.8698 8.12298 24.6063 2.31738 59.7325 0.703589 0.462195 25.2759 9.14119 19.1556 6.88722 2.47571 1.28874 1.52295 3.02363 0 11.2614 10.1058 7.36442 11.1105 2.00296 
38.6506 22.5672 3.48489 24.0962 9.06889 5.50714 54.2304 102.635 72.4636 11.1905 32.0168 0.0707738 42.3133 6.98657 15.7654 28.4764 2.77812 0.220887 21.6349 5.66184 42.0803 0.371345 12.8156 0 36.3636 0.978833 4.06998 9.08542 
52.8469 59.7422 25.6373 45.1464 51.2004 40.1634 0.0199318 24.4137 154.91 62.902 71.0539 320.059 54.7794 3.71786 7.3207 39.2814 65.0288 42.2567 23.6098 13.2211 51.9957 43.4276 31.7775 50.39 0 95.2731 27.1735 147.253 
0 18.6923 5.22628 18.2393 10.7418 1.09175 10.6163 14.6423 141.888 76.1863 88.4825 355.632 0.752085 10.2618 0.417879 27.1899 7.5725 42.7028 23.3456 10.4399 60.9511 0.899376 0.0475013 0.0246165 44.3457 0 13.6169 63.5854 
12.6972 9.59696 6.19203 7.84882 1.15766 9.36262 40.9526 98.5076 18.6014 33.6977 81.2427 11.7064 14.3713 0.355246 13.3286 10.2791 12.3681 35.3974 17.6245 6.44827 38.0815 7.86714 6.27235 6.73087 51.8095 30.7014 0 89.7632 
46.5266 48.5297 21.3425 17.9091 33.7163 18.0487 55.3625 134.897 67.5863 57.0777 25.2684 38.675 23.3029 0.892781 12.6148 0.228957 11.0246 36.0636 26.8476 10.8404 43.603 0.703861 8.72009 14.1403 3.93417 18.1074 32.5683 0 
