0 583.351 79.8013 563.754 157.89 408.487 0.317786 201.607 477.273 117.484 38.1512 167.805 33.0974 16.1775 47.4545 78.1913 376.457 146.553 82.8355 34.1091 115.333 40.2776 43.0239 8.43845 342.165 74.4015 14.0042 57.3908 
650.782 0 4.31431 512.161 486.981 491.576 483.822 209.462 385.458 66.2755 95.089 212.3 143.264 13.3621 69.2721 14.0979 426.898 718.118 2.32334 71.4508 108.015 5.90433 54.7046 16.5071 311.456 0.527714 4.47066 54.2523 
210.826 468.604 0 13.2078 22.7729 57.6639 208.358 8.80994 473.314 44.1146 24.568 170.972 1.38027 16.5338 0.890624 24.8474 48.087 49.2616 28.192 17.6521 116.291 7.90963 1.15645 9.12474 5.17903 26.0561 6.37986 21.697 
596.496 292.492 187.438 0 160.907 282.042 188.407 957.733 471.752 106.638 176.378 84.4866 45.9172 10.9255 19.7559 24.9514 276.488 134.207 61.1939 34.2222 475.943 10.0094 6.53109 23.2311 277.203 12.1429 26.86 10.4651 
269.403 141.499 80.4269 1.02917 0 113.023 138.653 37.5466 111.595 273.824 256.108 148.353 143.63 54.5755 12.213 65.04 132.45 3.23915 295.239 71.1376 8.92476 4.04172 55.8018 52.1112 58.5784 61.0264 2.45863 48.6423 
393.642 286.186 14.0821 285.147 220.792 0 513.583 203.582 278.035 316.549 268.674 134.562 425.952 8.38107 31.2296 1.56317 331.803 68.1985 48.9555 13.2882 2.03711 8.51117 12.045 0.629421 283.378 14.9875 18.1562 22.5351 
48.4806 472.023 31.8122 77.1049 88.3777 74.0392 0 257.072 1298.16 292.557 388.854 9.22307 168.161 95.0144 102.13 80.311 0.999761 19.4396 157.129 51.5021 17.8157 43.1455 49.7217 47.1075 86.8974 73.2332 57.7576 38.1226 
68.1592 217.524 276.627 489.971 45.2739 0.023978 192.891 0 181.13 14.8482 26.5987 22.4709 48.5826 51.5307 172.139 60.1512 45.705 58.638 105.962 87.0585 64.3862 0.267235 0.583627 133.355 192.072 83.2188 61.3098 56.4929 
404.545 679.515 357.817 384.012 287.358 324.336 882.05 592.037 0 329.027 963.401 138.56 47.5291 16.3103 217.362 44.255 373.876 209.294 112.186 0.0088338 7.2044 33.0922 24.9613 12.9382 284.573 94.6633 56.299 60.9402 
3.41284 42.2166 70.2142 3.06495 140.478 465.119 222.496 63.027 121.748 0 268.979 28.1812 12.3013 81.3757 1.03956 85.1232 11.8672 4.83313 4.78095 56.2488 89.023 5.8961 0.649275 19.5542 61.9762 35.8085 24.2574 57.3676 
186.672 254.032 234.544 12.1201 192.451 246.401 283.529 364.742 661.337 458.877 0 404.949 253.279 112.51 266.681 4.12782 82.7937 170.904 61.9638 17.034 100.26 35.452 115.293 129.135 19.7639 106.259 39.8794 101.549 
228.51 219.787 4.69992 0.0163119 42.4599 158.413 115.62 46.3619 267.2 132.496 490.956 0 46.0535 7.21318 32.3225 416.665 22.8774 23.7455 82.35 0.369889 92.1032 46.8773 31.8003 42.6858 70.2877 136.178 120.669 176.238 
85.2346 135.462 40.2309 8.24981 94.7758 146.128 0.477681 104.727 87.3795 330.856 138.862 10.4448 0 148.742 107.208 59.4296 33.9354 4.97925 53.0924 10.7682 74.6763 27.4165 5.15086 56.3277 20.6698 45.9693 22.8226 16.3904 
8.45075 59.281 10.1702 15.745 46.6576 5.36473 0.329737 34.3325 11.8469 0.0129825 0.964653 166.633 51.9108 0 0.556277 19.2257 22.0636 40.7533 4.35776 4.45369 29.6264 6.5753 1.58572e-05 3.6494 5.00133 0.252955 0.360644 0.153967 
0.046969 27.8599 8.24425 16.3592 48.6034 15.2448 73.5307 66.27 7.9837 133.281 341.795 76.939 76.2007 19.7216 0 69.6368 17.0013 37.1855 0.467348 8.96438 20.2592 10.3733 11.6548 27.9094 4.37019 1.09005 1.07221 1.3346 
48.4082 62.3097 1.9082 2.48828 5.60069 25.1872 101.088 122.999 95.2842 55.8058 4.90512 364.544 16.0912 5.1568 31.5236 0 21.233 4.2582 0.194583 0.343105 39.5667 5.43637 7.58772 0.0494835 23.9285 29.0447 11.1319 1.68188 
312.495 277.022 38.363 329.247 145.805 332.534 104.297 36.1253 367.425 10.4787 95.6629 53.563 0.55705 4.12261 17.8397 25.8833 0 204.821 305.233 6.25609 46.2965 2.08583 13.0937 19.476 278.032 2.91119 6.45592 1.15785 
3.25515 254.983 65.9585 87.1232 84.6882 25.532 36.5334 107.289 132.495 2.48202 37.8832 18.6984 50.7688 4.53304 41.7705 50.2178 279.596 0 147.214 71.0179 55.7363 24.1382 27.4629 48.0941 47.3596 40.2714 15.9713 32.6335 
1.09925 79.4494 2.05435 1.72093 293.655 1.07668 130.994 98.3498 147.948 58.7931 25.7477 2.3176 74.2873 10.6872 27.6832 22.4973 134.124 150.365 0 36.5689 16.6884 17.303 23.0185 23.902 1.39538 3.59609 3.55052 2.6495 
153.339 111.914 2.84424 33.8971 50.7147 19.9284 23.5877 12.0475 103.666 25.4752 45.5514 15.9906 16.9639 0.712187 4.1701 1.93775 28.2268 64.1927 27.6179 0 322.305 0.331537 1.12136 0.731553 0.0720503 4.66081 10.1939 7.17261 
220.034 148.204 107.92 57.9068 0 6.74035 6.43936 152.577 6.66774 99.3292 102.587 72.4 3.12201 7.56845 38.7622 13.1939 65.2723 39.9814 69.9879 125.571 0 32.6112 0.537384 24.521 22.0648 47.0225 2.93229 40.279 
24.1347 20.8325 2.10218 1.52154 4.14794 20.4024 41.4362 36.1839 30.6756 53.5089 7.29291 24.0196 1.81556 9.41107 6.63473 1.4634 19.0585 36.6263 18.798 4.85916 15.5236 0 2.31061 10.1057 13.1105 0.375376 7.82867 6.47688 
9.16342 55.9932 8.06075 19.4447 48.5108 4.867 27.7893 17.3982 6.34378 22.6621 4.12021 54.3938 1.71136 0.0976207 25.1092 9.75862 19.1431 7.49979 2.74098 1.35685 1.2518 2.38871 0 14.0905 8.9481 7.65688 11.3756 1.81764 
37.2346 24.0482 3.86913 24.5845 10.02 5.06124 52.4329 97.038 69.5089 9.75311 27.4721 1.19881 39.7861 7.59879 17.5121 29.1657 3.00261 0.112889 21.8804 5.57926 42.7369 0.214909 9.92985 0 33.3238 1.32068 3.57128 9.47488 
289.477 300.065 26.167 282.296 49.7868 278.089 0.20635 32.2046 390.357 64.3458 64.7799 157.284 55.1504 3.23471 6.23635 32.6474 303.193 43.3986 23.1152 13.3421 50.9666 71.168 31.4604 59.8723 0 49.6978 140.003 101.778 
0.0851021 20.8973 4.42915 16.2912 12.1106 0.763813 8.45314 23.7906 140.714 75.7739 96.8879 320.724 1.12392 10.6559 0.13908 25.3869 8.01206 41.3783 22.8171 10.6362 61.4979 0.784105 0.0136567 0.103836 43.8089 0 11.8575 63.4489 
11.838 10.3999 6.5828 7.27257 1.42659 9.76051 42.1378 99.2468 20.18 34.5955 80.1912 14.3256 15.025 0.445327 13.7843 9.73988 12.6593 35.9659 17.3128 6.27086 38.5948 7.64412 5.91865 6.14079 48.6896 29.1776 0 85.223 
47.7609 47.2126 21.5588 16.9163 32.5668 18.4961 57.007 135.405 64.8104 57.2583 22.3057 31.3285 22.3872 0.731373 11.8659 0.0851699 11.3874 36.9166 26.8178 10.9407 44.323 0.792405 8.55115 14.2499 2.95863 23.5553 23.5549 0 
