0 640.41 74.2085 655.83 152.606 490.047 0.0579288 207.477 555.22 119.27 36.2042 164.764 32.1727 16.587 48.1118 77.8643 457.822 150.545 84.0539 43.8123 119.988 40.2514 42.8308 8.79215 424.535 73.9657 14.3044 57.1548 
708.614 0 0.743761 584.769 497.309 577.044 472.704 204.555 458.317 70.4637 90.8517 213.613 142.584 12.824 70.2999 14.7969 509.146 4.65512 1.73628 74.0441 110.323 6.12107 54.5234 16.0585 392.626 0.673541 4.66226 54.6183 
210.246 472.49 0 21.5674 20.1069 56.5961 202.732 11.6334 472.688 42.2242 21.226 172.923 1.60691 16.49 0.734613 24.8623 48.508 46.3959 27.4352 18.0428 115.081 7.83307 1.09108 8.97539 5.42602 25.8941 6.51043 21.6355 
685.311 370.061 221.681 0 161.629 363.291 190.649 623.363 543.84 106.783 178.905 90.2737 45.2317 11.1657 19.2524 25.6396 358.394 132.929 61.394 34.9977 264.851 9.91103 6.3697 23.4225 359.249 11.554 26.9281 10.7746 
269.349 159.226 76.2871 0.622704 0 116.433 151.103 39.8864 118.945 280.363 254.869 149.866 145.612 54.0092 12.9629 64.5412 130.915 2.40115 292.7 72.1406 9.58066 3.83355 55.8882 51.8836 58.2065 61.4496 2.3378 48.365 
476.917 370.765 12.8593 367.872 913.351 0 841.462 205.459 363.318 622.536 266.596 132.815 464.102 8.11869 30.6454 1.72565 413.479 66.4625 47.4313 13.0246 1.80614 8.33683 11.907 0.690753 365.516 14.6826 18.2359 22.4847 
44.4756 459.717 36.8874 72.8076 77.9932 66.0327 0 267.12 1307.02 272.147 376.764 7.52447 164.902 94.6409 99.8715 81.4676 1.2212 21.6026 156.838 50.3498 18.8353 43.6092 49.0507 47.7566 86.4338 72.1446 57.9338 38.7674 
63.0763 222.193 276.578 504.727 47.7839 0.0205636 203.342 0 159.618 13.1544 30.7761 8.41685 47.1491 53.267 173.856 54.2397 44.9201 60.5598 105.334 85.7804 67.0131 0.211393 0.422277 132.521 192.659 77.9044 62.2594 54.7088 
491.012 763.546 376.135 475.305 281.069 394.156 780.115 606.532 0 336.263 110.297 147.28 45.0707 16.8686 227.33 46.499 456.48 210.513 113.88 0.000470289 6.35064 32.5864 23.9726 12.2203 367.272 92.6945 55.7384 59.9828 
2.83282 45.8043 68.3082 3.59187 131.854 477.007 242.953 66.1988 131.532 0 294.39 30.9364 16.4149 80.9057 1.58563 84.3743 12.4115 5.46011 4.15896 56.188 88.5068 6.25828 0.519624 20.1491 62.4926 36.7313 23.9257 57.344 
185.653 252.005 236.292 13.9646 196.149 250.501 268.926 362.081 683.688 436.546 0 392.252 253.735 117.518 250.484 2.78527 82.2937 171.012 60.6451 16.4128 101.622 36.0927 116.636 129.185 21.2202 108.957 39.1642 100.89 
228.292 220.535 5.8442 0.257652 40.7655 158.651 120.579 74.0813 258.513 128.259 497.316 0 44.4554 6.01789 27.6024 434.715 23.4149 24.7951 81.7299 0.258404 90.2579 47.4692 30.2631 45.9031 51.2109 151.8 120.761 175.994 
86.0663 136.445 41.0295 7.8071 97.2947 138.725 0.188276 106.117 84.4769 329.473 143.335 11.3389 0 150.53 108.517 58.3384 33.4782 4.60807 52.3126 10.5016 74.4675 26.2059 5.86698 55.6396 21.1231 46.326 23.0447 16.6847 
8.77702 59.7973 10.3623 15.5195 47.2934 5.13367 0.496039 32.7762 13.1193 0.0637289 1.75568 166.584 47.8168 0 0.0985703 19.1242 22.0515 41.0867 4.50182 4.43718 29.3313 6.70834 0.0164081 3.86375 4.82057 0.209416 0.332599 0.179035 
0.0180745 26.8281 8.68649 15.8642 47.4971 15.888 71.0458 62.9715 8.39316 133.54 328.93 83.8288 78.3209 16.6208 0 65.1062 17.1922 36.604 0.400779 8.8891 19.8234 10.5487 11.0733 28.0026 4.07038 1.2856 1.14708 1.22103 
49.3225 61.4847 1.73154 2.8247 5.9893 25.3675 101.516 130.133 92.8989 57.177 3.43189 386.766 15.167 4.67948 26.6172 0 21.107 4.01157 0.161191 0.313271 39.0117 5.32503 7.82128 0.160308 24.4562 28.5492 10.9544 1.52939 
395.451 359.198 37.786 410.833 146.76 414.257 104.776 35.3694 448.501 10.9956 95.7008 52.967 0.475685 4.22174 17.6501 25.9145 0 197.877 76.7758 6.04915 45.8614 2.14654 13.0042 19.5322 360.001 3.01206 6.36763 1.20996 
2.36385 248.768 69.0593 89.3666 88.4131 26.9555 39.3529 109.297 135.412 2.94082 39.4032 19.6498 51.6624 4.75376 42.3392 49.8309 281.883 0 146.588 71.7857 56.8592 23.9138 27.7346 48.0418 47.7001 39.8192 16.196 32.9349 
1.37503 82.1727 2.33602 1.94843 290.836 0.77071 129.264 99.1252 147.125 57.1303 24.701 2.08365 74.8252 10.4965 27.9662 22.3024 130.413 150.412 0 36.5648 16.2502 17.4383 23.0362 23.9166 1.47616 3.72845 3.46957 2.56266 
146.689 109.767 3.09711 34.678 51.8745 19.7232 24.5939 12.9412 103.261 24.9501 46.3364 16.728 17.2665 0.689948 4.25423 1.87219 28.428 65.0623 27.8831 0 316.156 0.345316 1.14306 0.704331 0.0579143 4.56535 10.2251 7.24415 
217.19 149.972 106.383 50.6301 0.0126475 7.16489 7.08647 155.058 5.84621 99.3624 101.232 74.2359 2.92365 7.80199 38.3286 12.731 65.0734 41.0396 69.7839 141.077 0 32.636 0.481937 24.8625 21.6038 46.5449 3.05821 39.9952 
24.3591 21.1646 2.16141 1.57935 4.36369 20.3739 41.91 36.6526 30.1732 53.1056 6.9243 24.5858 2.20598 9.31602 6.4619 1.39085 19.1197 36.4707 18.9253 4.8328 15.6748 0 2.11525 10.2711 12.9432 0.402085 7.75441 6.42081 
8.89487 55.8685 7.95041 19.4461 48.2054 5.0091 28.4914 18.2761 5.79627 22.021 4.83193 52.627 2.14329 0.0356143 25.0001 9.95438 19.137 7.70863 2.83202 1.37975 1.16712 2.19058 0 14.9814 8.56769 7.75227 11.4612 1.75742 
36.7575 24.5459 4.00022 24.7367 10.3453 4.91513 51.8214 95.1203 68.5053 9.29165 26.0133 1.87813 38.9375 7.79451 18.0834 29.2708 3.07906 0.0848469 21.9596 5.55084 42.9482 0.172075 8.96567 0 32.2574 1.44501 3.41064 9.60318 
370.825 382.636 26.3316 363.819 49.3073 359.86 0.311958 34.9939 471.227 64.8011 62.6999 946.908 55.2589 3.07929 5.88938 32.9343 385.03 43.7739 22.948 13.3796 50.6131 76.1411 31.3166 62.8682 0 34.2773 157.033 72.4927 
0.151381 21.6506 4.17525 15.6518 12.5813 0.667122 7.78173 27.2758 140.205 75.5924 99.6627 307.376 1.26406 10.7822 0.0792613 24.7466 8.16021 40.9317 22.6382 10.6992 61.6622 0.747298 0.00691177 0.142312 43.5804 0 11.2856 63.1682 
11.5563 10.673 6.71438 7.08359 1.52227 9.89327 42.5283 99.4564 20.7156 34.8906 79.8201 15.2496 15.2441 0.477525 13.9342 9.55982 12.7561 36.1525 17.208 6.21153 38.7617 7.56942 5.80122 5.94725 47.5976 28.6472 0 83.3126 
48.1636 46.7664 21.6243 16.5849 32.182 18.6416 57.543 135.477 63.873 57.3014 21.3486 29.0138 22.0819 0.68091 11.616 0.0526716 11.5085 37.1977 26.8047 10.9724 44.5562 0.822992 8.49314 14.2815 2.67381 25.4418 20.7595 0 
