0 682.357 66.3874 746.201 145.01 566.717 0.0488091 215.712 626.721 121.771 33.4917 160.343 30.8652 17.177 49.0427 77.3621 534.304 156.178 85.7704 60.0986 126.641 40.2094 42.548 9.30776 502.468 73.3148 14.7365 56.8057 
750.797 0 0.768413 648.234 509.851 658.918 454.884 197.414 523.151 76.5747 84.8822 215.352 141.548 12.0704 71.7467 15.8185 586.824 545.124 1.04453 77.741 113.594 6.4365 54.2535 15.4246 468.867 0.912381 4.94228 55.132 
208.868 472.921 0 39.8715 16.555 54.9871 194.229 16.3111 468.278 39.5542 16.8391 175.524 1.95979 16.4197 0.537301 24.8675 49.0914 42.3934 26.3577 18.5945 113.254 7.72327 1.0007 8.76132 5.7864 25.6493 6.69808 21.5419 
770.688 442.3 244.045 0 162.488 439.705 193.555 1097.79 606.986 106.915 182.332 98.6907 44.2467 11.509 18.5336 26.615 435.703 131 61.6556 36.0811 470.361 9.77021 6.14095 23.6877 436.762 10.7296 27.0198 11.2207 
268.905 185.539 70.4369 0.217855 0 124.389 169.304 43.3234 129.639 289.149 252.873 151.976 148.363 53.1883 14.0665 63.8109 128.648 1.41948 288.322 73.5478 10.5548 3.54505 56 51.5492 57.6643 62.0404 2.17016 47.9627 
556.063 452.404 11.1873 446.384 269.72 0 192.715 207.859 448.684 420.838 263.024 130.235 183.413 7.74694 29.794 1.97065 490.418 63.9766 45.2501 12.6474 1.49977 8.08881 11.7076 0.783096 443.141 14.2464 18.3472 22.4077 
38.998 440.322 44.665 66.7665 64.0598 81.6897 0 281.188 1289.93 242.825 358.659 5.39072 160.132 94.0512 96.5855 83.0826 1.57538 24.8691 156.31 48.7007 20.3334 44.2663 48.0836 48.6764 85.7383 70.5659 58.1761 39.6874 
56.0729 228.688 275.804 513.769 51.4537 0.324149 218.274 0 130.555 10.9024 37.2201 0.0668372 45.1217 55.7607 176.112 46.1954 43.8008 63.3317 104.408 83.9261 70.8128 0.142933 0.236827 131.232 193.257 70.4702 63.6081 52.1765 
574.814 842.974 400.185 566.298 271.737 457.031 629.409 624.59 0 345.876 95.6676 159.926 41.6413 17.7592 249.694 49.7574 534.743 212.126 116.261 0.0349475 5.22127 31.8647 22.5845 11.2255 445.753 89.8509 54.9312 58.6083 
2.09643 51.1202 65.5632 4.41429 119.706 488.382 272.275 70.8072 145.813 0 330.746 35.0612 23.2549 80.1729 2.56188 83.2417 13.2065 6.41931 3.34327 56.0842 87.7504 6.79219 0.359256 21.0068 63.209 38.0509 23.4519 57.2955 
184.098 248.884 238.34 16.8082 201.311 255.825 247.918 357.746 719.203 403.035 0 373.346 254.111 124.628 226.827 1.32021 81.5657 171.098 58.7644 15.5409 103.55 37.0097 118.478 129.168 23.3746 112.757 38.1446 99.9108 
227.805 221.458 7.68693 1.10203 38.3878 158.867 127.71 123.757 245.907 122.198 505.004 0 42.2028 4.49197 21.4416 456.905 24.1896 26.326 80.8304 0.133665 87.617 48.3107 28.1129 50.6344 25.8184 174.645 120.834 175.46 
87.2359 137.79 42.1667 7.19338 100.881 126.798 0.00437867 108.08 80.3568 326.44 149.689 12.6746 0 152.688 110.269 56.7574 32.8247 4.10167 51.1928 10.1247 74.1585 24.505 6.96497 54.6357 21.7739 46.8256 23.3611 17.1071 
9.25169 60.5191 10.6347 15.1944 48.1939 4.80982 0.791911 30.5941 15.0384 0.202692 3.28875 166.319 42.1376 0 0.0926106 18.9268 22.0317 41.5577 4.71086 4.41299 28.9076 6.89701 0.0930126 4.17414 4.56581 0.154245 0.294442 0.21807 
0.000284285 25.375 9.33128 15.1613 45.917 16.8155 67.4969 58.3322 9.3445 133.709 309.105 93.9468 81.3044 12.5013 0 58.1696 17.4643 35.7724 0.314478 8.78042 19.2049 10.7979 10.2486 28.0927 3.65795 1.59155 1.25812 1.06708 
50.6203 60.2903 1.49303 3.33946 6.56503 25.6124 102.063 140.317 89.462 59.1168 1.77758 415.813 13.8843 4.02579 20.056 0 20.925 3.67113 0.11891 0.272933 38.2146 5.16641 8.15079 0.427424 25.1985 27.7975 10.6999 1.32327 
474.252 436.974 36.9532 487.649 148.027 491.262 105.425 34.2959 524.586 11.7521 95.7359 52.1126 0.370523 4.36491 17.3786 25.9558 0 187.701 291.596 5.7583 45.236 2.2346 12.8758 19.6109 437.382 3.15877 6.24216 1.28628 
1.33552 243.372 73.521 92.5429 93.7876 29.0367 43.5241 112.148 139.544 3.66211 41.6108 21.0435 52.9396 5.07726 43.1477 49.2697 284.482 0 145.599 72.858 58.466 23.5928 28.1214 47.9603 48.1806 39.1697 16.5182 33.3636 
1.82167 86.0697 2.76845 2.29709 286.069 0.421557 126.72 100.209 145.877 54.7613 23.2347 1.7706 75.5742 10.2252 28.3663 22.0214 125.345 150.38 0 36.5497 15.6314 17.6305 23.0586 23.9345 1.59533 3.9211 3.35527 2.44086 
136.968 106.609 3.47456 35.7701 53.5265 19.4238 26.0546 14.2661 102.639 24.202 47.4561 17.8042 17.7004 0.658688 4.37506 1.78003 28.7106 66.2858 28.2572 0 305.033 0.365458 1.1743 0.666229 0.0403839 4.42967 10.2688 7.34592 
212.888 152.424 104.106 43.8459 0.0740861 7.79143 8.06169 158.536 4.76355 99.3854 99.2797 76.8671 2.65113 8.14044 37.7052 12.0805 64.7795 42.5631 69.4806 163.588 0 32.669 0.40791 25.3501 20.949 45.8549 3.2423 39.5853 
24.6787 21.6404 2.24716 1.66362 4.6806 20.3279 42.5823 37.3209 29.4572 52.5141 6.41271 25.4005 2.8278 9.17604 6.21665 1.29003 19.2059 36.2453 19.1057 4.7949 15.8909 0 1.84885 10.5037 12.7004 0.44177 7.64802 6.34049 
8.51659 55.6786 7.79185 19.4429 47.7609 5.21406 29.4995 19.5594 5.05466 21.1121 5.94294 50.1182 2.84218 0.000132047 24.7985 10.2244 19.1266 8.01089 2.96426 1.41263 1.05117 1.92005 0 16.1846 8.03041 7.8866 11.5809 1.6728 
36.0721 25.2598 4.18998 24.9447 10.8169 4.70878 50.9378 92.3415 67.0567 8.64844 23.9816 3.1085 37.7215 8.06575 18.887 29.3109 3.18965 0.0517172 22.0701 5.5095 43.2434 0.119043 7.61233 0 30.6972 1.63135 3.18622 9.78502 
447.332 460.884 26.5563 440.579 48.6153 436.964 0.500367 39.1327 546.983 65.4286 59.7436 606.521 55.4006 2.86245 5.40712 35.5664 462.218 44.3053 22.7071 13.4306 50.0992 77.8778 31.0789 66.853 0 18.0976 140.903 37.7759 
0.278888 22.7417 3.82332 14.749 13.2659 0.540084 6.86702 32.608 139.377 75.2953 103.593 287.094 1.47816 10.9577 0.022751 23.8019 8.37322 40.2897 22.3804 10.7871 61.8813 0.696144 0.00122084 0.207663 43.2118 0 10.483 62.5658 
11.158 11.0679 6.90337 6.81648 1.66417 10.083 43.0819 99.7236 21.4887 35.3086 79.2722 16.6121 15.5582 0.525376 14.1464 9.30253 12.8943 36.4166 17.0574 6.12663 38.9964 7.46243 5.63396 5.6738 45.9995 27.8717 0 80.2678 
48.7309 46.1229 21.7119 16.1115 31.6312 18.8462 58.2975 135.496 62.5245 57.3481 20.0093 25.8328 21.646 0.611773 11.259 0.0197078 11.6816 37.5962 26.7832 11.0163 44.8835 0.867602 8.40883 14.3224 2.30292 28.1762 16.9917 0 
