0 290.049 39.2672 509.473 116.053 294.786 3.88233 244.922 335.261 130.679 23.9825 142.851 26.0554 19.4659 52.4816 75.0863 262.585 176.612 92.006 128.534 151.629 40.002 41.4 11.3718 236.419 70.5495 16.4119 55.3542 
350.231 0 53.8721 323.828 531.829 402.246 369.96 169.198 213.647 100.859 63.3166 220.454 136.924 9.3782 76.9874 19.9295 318.929 204.174 0.0110112 91.5375 125.675 7.69605 53.1116 13.0971 196.645 2.14358 6.07242 56.9806 
197.93 421.401 0 154.798 6.03575 48.0962 157.98 40.4697 415.984 29.8429 4.63135 183.292 3.60706 16.0699 0.0670315 24.7153 51.1074 28.37 22.3257 20.6055 105.333 7.30225 0.690413 7.94281 7.23053 24.5792 7.42187 21.1242 
512.59 167.758 249.647 0 163.873 168.831 201.24 728.669 285.448 106.615 193.236 131.636 40.4564 12.8121 15.8247 30.2034 167.7 122.64 62.3862 39.89 111.998 9.23192 5.29366 24.6018 169.58 7.80161 27.3079 12.9524 
263.31 291.111 49.2828 0.576409 0 209.092 240.602 57.31 171.656 315.808 242.939 159.399 157.901 49.95 18.5867 60.8563 119.298 0.0301894 264.164 78.5918 14.6409 2.54606 56.3005 50.1824 55.4926 64.1298 1.5879 46.3682 
293.707 205.866 5.74918 183.276 714.893 0 728.287 213.833 242.985 438.908 243.367 119.619 88.4141 6.37472 26.4069 3.03497 220.586 54.5356 37.0048 11.2127 0.592092 7.15961 10.9283 1.18371 176.184 12.5894 18.7437 22.0626 
21.0733 350.992 78.9014 45.251 22.423 396.716 0 330.371 943.943 136.08 283.25 0.503595 140.974 91.2237 83.597 88.7813 3.32242 39.0491 153.109 42.4369 26.4484 46.7002 44.3278 52.0793 82.7501 64.3488 58.9933 43.1621 
32.6077 251.201 265.438 455.085 66.206 4.75454 273.718 0 43.2022 4.21548 66.4038 93.0623 37.6629 65.3097 182.469 20.7066 39.5811 74.0997 100.605 76.6143 85.6573 0.00452866 0.0180181 125.325 192.925 44.4833 68.6307 42.7925 
330.995 573.069 462.47 351.542 233.203 167.77 134.4 661.862 0 373.747 14.5628 209.113 29.5885 22.1466 287.646 62.5897 269.902 216.82 124.852 0.662713 1.92149 29.1371 17.5947 7.79128 182.622 78.7966 51.8003 53.3314 
0.302639 73.1012 55.0076 8.26246 76.5202 460.541 378.292 88.9885 201.916 0 460.781 52.5883 58.6035 76.7543 8.30747 78.3022 16.4045 10.727 1.04358 55.5087 84.6796 8.99066 0.0186923 24.3344 65.6916 43.054 21.6544 56.9519 
177.165 234.724 241.177 29.7057 219.454 269.914 169.126 335.845 890.541 266.764 0 295.507 252.578 150.638 136.886 0.695317 78.6586 170.709 51.6766 12.4028 110.658 40.5019 124.609 128.174 32.29 126.495 34.3001 95.803 
224.081 223.385 16.8272 9.57276 29.8513 158.349 154.991 394.533 196.775 99.3149 518.479 0 34.0071 0.705584 4.86033 495.748 27.2016 32.462 77.2723 0.0314076 77.573 51.458 20.4939 69.7807 19.3909 261.896 120.503 171.475 
91.4665 142.23 46.4301 5.06997 114.287 80.4133 1.76759 115.253 65.0998 304.084 173.167 18.3545 0 156.437 115.589 50.5557 30.342 2.43822 46.8905 8.7377 72.8715 18.3973 11.8959 50.6166 24.276 48.6124 24.5538 18.7294 
11.1431 63.0815 11.6437 13.933 51.5205 3.65233 2.53352 22.8024 23.3527 1.43758 13.2953 163.236 22.9665 0 6.78379 17.6394 21.9296 43.287 5.53867 4.3147 27.2761 7.59521 0.927862 5.37871 3.63972 0.0210857 0.170235 0.40053 
0.184646 20.1073 11.9004 12.5539 39.9433 20.4009 54.1712 41.7022 16.8018 132.2 223.096 134.282 92.0159 1.71751 0 30.1726 18.4902 32.6097 0.0814937 8.35592 16.9027 11.7276 7.24005 27.9716 2.27157 3.02757 1.72306 0.573563 
55.4361 55.6014 0.741015 5.64236 8.96557 26.4014 103.466 177.911 76.2085 66.2247 0.42146 487.548 9.44545 1.9126 2.72054 0 20.212 2.50825 0.0167167 0.14449 35.1491 4.56993 9.34192 2.55607 27.8585 24.5271 9.72593 0.670448 
211.821 171.605 33.712 217.405 151.771 221.675 107.504 30.2935 251.542 14.8137 95.6648 48.8389 0.0902559 4.92497 16.3403 26.0765 0 147.265 456.323 4.70657 42.824 2.58331 12.3818 19.8915 169.479 3.74347 5.77257 1.59623 
0.089921 223.93 90.5823 104.199 114.591 37.4002 60.7567 122.758 154.783 7.09573 50.3512 26.6941 57.7874 6.392 46.1703 47.0522 287.006 0 140.859 76.6486 64.5838 22.3682 29.5742 47.5776 49.9362 36.6679 17.7537 34.9701 
4.07585 100.814 4.72427 3.86968 260.575 0.0491931 116.347 104.055 140.382 45.8831 17.9951 0.81071 78.2026 9.20864 29.8398 20.9288 106.59 149.195 0 36.395 13.3623 18.3485 23.1124 23.9718 2.08764 4.69019 2.93588 2.00266 
99.0447 93.805 5.07078 39.6186 59.7205 18.2245 31.8261 19.7898 99.8212 21.3898 51.6788 22.1206 19.3625 0.54557 4.83998 1.44684 29.729 70.7119 29.6236 0 241.7 0.446846 1.2952 0.530118 0.00249475 3.92259 10.424 7.72747 
194.193 160.9 94.6689 54.7581 0.771651 10.3798 12.2966 170.96 1.64565 99.2116 91.6986 86.9091 1.73383 9.4762 35.2991 9.73134 63.5595 48.4629 68.2013 246.062 0 32.7687 0.182509 27.1962 18.5073 43.1565 3.98663 37.9815 
25.8817 23.4605 2.58461 2.00136 5.97571 20.0974 45.0821 39.8454 26.7606 50.1104 4.63471 28.5536 5.85773 8.60246 5.30627 0.938047 19.5188 35.3573 19.7755 4.64813 16.7127 0 0.984449 11.3409 11.74 0.608717 7.24075 6.03308 
7.13911 54.8343 7.18101 19.3745 45.9865 6.01152 33.373 24.7245 2.68277 17.7481 11.1395 40.8172 6.34768 0.432173 23.5587 11.1341 19.0695 9.20006 3.48985 1.53917 0.664708 1.03828 0 19.6813 6.07551 8.37416 12.0075 1.36694 
33.4315 27.9979 4.93502 25.6312 12.6801 3.95201 47.4842 81.4428 61.4166 6.38535 16.8744 10.4908 33.0847 8.99017 21.7576 28.2931 3.62423 0.000238062 22.4641 5.34459 44.2915 0.0062311 3.1121 0 24.5339 2.42816 2.39141 10.4583 
176.269 196.332 27.2928 170.499 45.9182 168.072 1.61559 56.3039 272.337 67.5551 48.7558 844.604 55.7954 2.09811 3.73083 62.4959 193.522 46.2685 21.7714 13.597 48.0562 35.4758 29.8455 76.8427 0 50.6184 36.5023 109.308 
1.11273 27.031 2.60911 11.4576 15.9901 0.178359 3.88486 56.2247 135.175 73.7663 118.014 201.775 2.43869 11.5697 0.119697 19.9603 9.1959 37.8119 21.3785 11.0972 62.5433 0.51734 0.0219574 0.565586 41.3749 0 7.61699 58.2155 
9.692 12.6156 7.63154 5.83422 2.25864 10.8035 45.1367 100.391 24.5041 36.8544 77.0065 22.2196 16.7609 0.726796 14.9309 8.32739 13.4167 37.3911 16.4775 5.80286 39.8477 7.05341 5.00571 4.67137 39.6335 24.7634 0 65.872 
50.7964 43.6195 21.9809 14.319 29.5291 19.5871 61.0374 134.667 57.3176 57.3657 15.2408 15.2163 19.9936 0.381438 9.90917 0.0393715 12.3401 39.076 26.6719 11.1666 46.0606 1.04678 8.07376 14.4313 1.29133 38.6408 5.6951 0 
