0 411.085 94.6466 221.841 61.3793 303.51 258.164 203.639 438.882 135.234 73.7242 118.772 94.405 7.039 1.55112 2.30987 229.915 2.90001 31.3542 55.058 102.809 15.794 36.3199 0.135349 196.904 20.7316 37.8356 60.0849 
346.67 0 250.769 399.067 455.857 198.255 99.4136 210.291 584.698 162.902 212.969 185.209 2.12473 64.683 36.0194 51.1586 296.923 129.959 10.9069 15.9192 168.712 28.3709 55.4717 28.1563 261.829 57.5449 31.3456 54.5663 
4.03844 219.864 0 27.0086 0.137362 49.4467 71.6658 268.763 473.295 106.537 54.8598 0.648453 61.7775 0.0150499 0.0201101 14.1132 1.93338 117.639 16.0158 24.2907 124.341 1.21131 7.25681 15.5966 18.8422 1.15648 10.9803 19.6973 
258.224 484.578 96.4542 0 45.628 249.3 189.901 615.472 258.542 85.3275 0.171315 52.318 71.6589 2.11221 3.83578 11.8417 218.827 140.689 2.13926 0.040458 228.447 0.367535 14.6957 0.130031 223.475 4.54069 26.6141 3.41805 
11.2955 470.471 19.771 109.862 0 375.238 248.098 174.517 270.107 6.48502 254.694 11.2293 177.313 65.5477 83.5004 62.2735 54.8855 52.1824 1.72852 46.8118 35.4602 0.144703 55.8018 48.6702 63.0379 34.6531 15.6871 29.2182 
255.205 404.43 6.63267 211.272 672.051 0 845.857 75.5488 362.462 28.6057 92.0669 111.096 674.959 7.24105 36.7221 26.9423 202.804 7.90817 87.6694 18.0268 48.9128 15.6586 16.1398 2.09419 189.388 19.7212 19.7647 22.943 
183.206 83.9411 165.513 3.32652 19.2037 50.6217 0 0.00735134 1.19856 508.11 258.154 219.676 203.864 23.9293 134.893 92.5674 62.6122 0.604971 125.071 22.3449 75.4393 37.9463 66.1588 3.21904 23.2512 6.05212 60.2481 10.3086 
147.015 2.63501 0.110392 250.307 182.463 180.315 10.6788 0 4.39466 21.6603 319.662 1030.02 147.125 118.357 0.000684481 165.009 52.0063 98.619 106.778 6.5017 198.948 4.02691 101.988 117.089 0.368441 144.812 0.98207 2.98437 
186.782 310.803 365.804 419.562 131.483 221.262 489.977 605.767 0 42.8554 1444.96 238.857 0.175195 0.538308 193.643 14.9342 231.153 162.145 83.3276 104.032 152.643 19.5271 86.5825 100.041 311.897 41.2733 54.9311 96.4467 
73.6245 188.689 114.253 43.4774 278.886 232.664 1.46583 52.1107 243.948 0 227.462 29.0934 42.0382 75.0302 101.884 82.5275 3.5905 142.042 40.4602 38.1578 99.0457 17.393 59.0812 14.1041 0.00448401 54.8932 9.90357 50.5858 
11.3761 253.224 214.445 140.109 116.989 7.08745 145.513 86.1512 170.29 247.409 0 47.5786 82.9792 84.6814 353.102 56.0817 78.0194 21.8882 124.107 61.8754 3.15538 22.4981 132.163 87.2222 80.1302 17.2196 59.8286 32.7901 
214.823 167.656 140.939 4.60452 161.241 156.622 11.3002 909.164 166.992 246.124 379.814 0 139.214 161.187 194.681 443.798 50.2769 11.5366 88.5279 72.5241 117.415 40.8648 0.261358 183.289 241.79 15.3142 0.446179 93.0308 
22.6265 20.1265 14.7852 59.9946 170.407 52.302 117.019 0.44769 11.4044 315.515 1.28788 127.934 0 53.8389 0.0281872 15.1939 16.9965 23.8488 85.6338 3.51916 47.7207 5.54209 2.53754 3.89345 8.37784 25.5394 38.8241 33.294 
2.06647 7.67912 7.80425 18.6482 2.67185 10.4355 65.7844 0.714379 4.66523 2.2866 0.869845 24.1077 43.2538 0 10.166 3.32075 9.38636 47.5994 10.3058 2.55966 14.4612 8.12067 2.13513 9.90721 9.5724 9.25445 0.0204217 1.61313 
38.9126 60.3747 14.1724 6.08528 45.5347 8.84157 142.425 160.965 43.7522 49.6158 281.606 243.147 12.959 39.3206 0 8.71771 29.2069 55.3779 3.18681 7.68991 23.4936 0.225325 10.6599 14.0442 1.49057 1.32684 0.0436566 22.9708 
32.357 43.7289 5.01534 0.213863 18.5376 9.90121 63.9124 174.272 128.402 60.2686 58.5046 476.151 0.943986 4.81341 42.6338 0 5.35553 7.96314 0.656568 2.25199 62.269 11.5938 4.42631 13.7283 5.98721 25.9773 18.8545 9.5016 
210.451 248.857 27.6917 227.032 139.464 200.744 16.0239 42.2805 299.718 4.46306 95.6086 25.87 2.04725 20.0742 3.21174 18.9687 0 165.047 578.007 8.00386 20.0968 21.2035 0.346297 10.8547 208.707 20.9484 11.7382 23.212 
148.074 78.5303 93.2757 73.12 16.8183 93.4253 0.925908 50.6145 218.309 144.321 67.6955 15.6902 23.3463 10.8009 22.3583 54.6751 4.64164 0 68.463 8.31387 3.90577 0.560827 44.9863 32.3862 57.2812 38.2537 44.5502 51.2839 
115.056 56.2983 60.9126 47.8677 1.01383 35.4186 70.4125 33.0655 0.401153 0.26098 127.862 5.62413 22.7705 4.64829 20.983 15.8471 36.6706 93.045 0 33.4435 5.49512 24.2096 15.294 14.1629 16.9634 15.4952 13.2892 8.71052 
214.027 89.8413 9.21897 0.0224211 67.6706 10.9866 87.1909 117.349 11.3905 54.6809 5.88335 27.8366 26.9475 0.0341048 5.54933 4.76677 26.5205 13.6759 17.1411 0 304.67 6.24451 3.81146 0.0159596 0.0136995 6.58439 6.87972 11.3334 
41.5191 138.427 126.912 61.3685 68.9705 15.0648 96.0577 197.414 153.738 91.0262 142.111 54.6239 5.33224 21.6434 41.8421 45.8598 45.943 0.278328 60.7983 12.185 0 4.61986 9.89601 36.0083 26.4971 61.5207 35.3421 20.5212 
39.4559 44.1096 9.15103 12.4865 12.7328 18.8888 36.155 55.2423 17.389 46.0541 16.8419 18.5796 18.923 0.00474942 17.4343 8.60041 8.6553 2.0806 23.4069 0.106143 26.4219 0 15.1729 11.8019 19.4869 3.78262 0.313472 0.0082706 
3.02176 56.49 12.4906 15.8548 48.5108 0.188927 3.61859 74.7902 100.36 51.7863 25.2281 2.61436 6.49407 3.00312 24.906 2.33416 3.38134 33.959 17.1774 3.93234 7.84864 15.1876 0 14.4766 21.7866 0.0556854 6.177 1.96713 
52.9227 12.9675 0.982297 0.00549574 14.6462 14.2307 69.4243 69.0392 62.5755 60.3592 2.80343 174.109 15.8536 10.0981 26.8653 12.3094 20.6128 10.465 19.4602 3.38029 47.6298 8.06002 9.51561 0 20.4783 13.0751 18.9734 1.15585 
254.063 186.619 0.30644 203.511 55.9571 208.658 81.7221 140.161 186.708 0.135894 10.498 409.007 48.384 11.545 0.6118 25.6453 192.667 55.1198 5.2452 13.7295 54.0328 39.5176 14.632 17.6788 0 120.165 22.9623 104.526 
72.086 21.7013 11.9038 7.57453 0.00826865 27.6074 69.0518 0.793235 109.754 0.784471 11.8158 350.157 3.60368 7.61749 6.20939 21.6184 25.4712 39.3835 9.75167 9.1686 46.9579 0.319973 8.5941 9.91961 35.3396 0 24.9817 59.3899 
0.0159961 39.7041 11.1932 7.90441 34.6782 18.1226 55.4409 37.8383 21.4887 45.2127 86.138 108.231 39.0236 1.89569 10.1594 18.8495 14.1481 32.182 1.15921 0.0738826 34.952 0.257911 11.183 17.8035 30.9823 37.1607 0 1.00112 
41.1811 46.8303 13.7011 32.3374 12.0377 15.8239 27.41 62.4907 94.8899 47.9032 106.933 156.045 6.66981 5.4344 19.5503 14.3359 22.2066 50.7751 8.65358 10.4376 51.1255 9.2057 8.68851 7.32639 27.4031 36.4614 52.8742 0 
