0 300.574 10.9405 619.087 76.0155 407.847 19.8661 279.228 421.493 141.611 12.7365 116.335 19.6157 22.8803 57.1219 70.8246 378.423 202.322 100.072 169.28 185.28 39.5692 39.5447 14.6244 360.781 65.7927 18.9171 52.9216 
327.312 0 235.945 366.374 489.186 523.323 221.669 127.124 297.454 137.275 36.3302 223.46 128.443 6.00943 83.7152 26.4263 438.209 277.457 3.00136 109.945 141.789 9.67925 51.1468 9.98545 312.901 4.80522 7.88457 59.3468 
168.022 240.381 0 287.063 0.00440494 36.6501 100.607 89.6304 267.494 17.5225 0.527876 188.17 6.80986 15.3418 0.184489 24.0209 53.4165 12.3333 16.7777 23.1955 91.5572 6.68525 0.338935 6.75844 9.4953 22.6735 8.49255 20.3531 
591.344 316.729 352.1 0 160.577 289.031 202.396 855.61 340.315 103.958 202.44 178.555 34.9041 14.6669 12.05 34.8912 290.442 108.058 62.6917 44.3195 308.682 8.44746 4.14106 25.6436 293.6 4.25683 27.5528 15.5284 
244.808 432.434 23.5964 6.34213 0 390.582 337.483 79.6308 232.451 332.488 222.515 168.311 168.792 44.9881 25.9255 56.1301 104.069 4.59834 212.019 84.903 21.5564 1.38243 56.3839 47.9493 52.0632 66.6886 0.901908 43.8901 
420.607 370.483 0.932953 313.67 388.204 0 625.103 213.308 516.354 537.447 200.654 102.443 271.281 4.54091 21.2435 4.91585 339.533 41.2355 25.6308 9.1648 0.0115123 5.86507 9.75246 1.89639 299.972 10.2306 19.2392 21.4198 
4.44411 201.654 135.708 20.0175 0.0392178 931.775 0 383.868 178.083 25.6406 168.857 2.66123 111.464 85.5887 64.1433 95.6141 6.93895 63.7789 145.27 33.5531 36.3485 50.0176 38.7363 56.6884 77.5273 54.9186 59.8792 48.0806 
9.13307 276.36 231.516 448.545 89.2759 19.8937 343.708 0 0.754692 0.0493206 119.231 487.689 27.704 78.9873 185.108 1.28665 33.6162 90.0832 94.3613 65.4994 107.762 0.146363 1.06368 114.215 185.252 15.8612 75.5253 30.1921 
486.001 665.892 452.331 545.822 172.447 355.649 122.515 622.275 0 386.609 1071.09 278.74 15.3364 31.2838 167.604 81.7917 395.872 219.455 135.766 2.94407 0.00569899 25.2577 11.2886 3.86302 313.423 62.5418 47.1273 45.6383 
0.567124 108.328 39.9572 15.7012 27.7594 236.71 485.962 116.335 280.584 0 585.662 82.1345 129.152 70.1879 21.79 69.6025 21.4781 18.7028 0.02398 54.1787 79.7264 12.6064 0.284456 29.2745 68.5624 50.1254 19.0778 56.0143 
164.481 208.572 231.355 53.3526 240.717 271.683 71.2361 290.937 872.035 89.7018 0 178.639 242.224 182.818 34.2805 13.4648 74.0882 168.147 41.7221 8.4004 120.213 45.5341 130.81 124.175 46.8815 143.676 28.8712 88.8684 
213.638 221.696 35.4048 35.4551 19.0888 153.899 193.395 835.263 126.965 67.8822 492.909 0 23.3522 1.04711 1.90311 416.277 31.7248 42.1317 71.7735 0.924486 63.2402 55.8347 11.2864 99.2672 97.2029 363.055 118.322 160.507 
96.9228 146.675 52.3426 2.61799 132.565 63.2373 11.0583 124.699 44.7186 246.085 203.928 28.1319 0 149.143 119.233 41.2702 26.7735 0.782697 40.6011 6.86999 70.7032 10.7945 20.8921 44.3419 27.9461 50.8607 26.2453 21.1112 
14.1015 66.2407 13.0047 12.0596 56.0115 2.21442 6.71837 13.2038 37.8368 5.1401 38.266 153.213 4.61081 0 29.9919 14.4992 21.7075 45.6027 6.82243 4.15541 24.87 8.53288 3.34366 7.08793 2.44143 0.0457808 0.0498797 0.757306 
1.15265 13.331 15.8413 9.03623 31.5365 25.5894 36.0868 21.4913 37.498 124.185 96.7244 192.117 105.091 4.24603 0 2.254 19.9446 28.0673 0.0129662 7.71378 13.733 13.0065 3.53056 26.5242 0.820175 5.793 2.51025 0.125389 
61.9606 48.5011 0.109157 9.82585 12.9927 27.1258 103.554 224.036 57.133 75.4646 12.1788 457.243 4.3999 0.182151 7.06503 0 19.1248 1.20495 0.0334681 0.0298545 30.6575 3.73392 10.8142 8.2295 31.0806 18.9717 8.31352 0.110298 
342.233 300.446 28.8817 335.906 154.067 340.948 109.395 24.7636 365.969 19.7182 94.9907 44.0562 0.0214416 5.777 14.8279 26.149 0 89.1136 520.24 3.34656 39.2543 3.12595 11.6526 20.2451 291.87 4.66208 5.11472 2.09928 
5.75173 94.0041 114.388 119.379 144.705 50.463 88.679 137.227 175.013 13.9122 63.7982 35.7692 64.7241 8.5207 50.365 43.6318 270.169 0 131.431 81.2523 73.3752 20.5897 31.6189 46.8226 52.2648 32.9812 19.5679 37.2205 
8.83682 121.283 8.37162 6.80357 207.092 2.18253 99.7702 108.801 130.487 33.6834 11.4418 0.0755749 81.3542 7.78695 31.8217 19.2888 72.1914 144.562 0 35.9001 10.3304 19.3487 23.1022 23.9389 2.90714 5.90063 2.37232 1.43993 
48.6448 73.8309 7.76682 44.1231 68.2782 16.3439 40.6341 28.9918 94.5387 17.4517 57.6347 28.9195 21.7892 0.398641 5.5243 1.01662 31.0359 76.3897 31.4284 0 120.805 0.577873 1.47561 0.358585 0.0284603 3.2189 10.6183 8.26229 
161.905 170.539 79.3196 73.9055 3.06643 14.661 19.8143 186.304 0.000802988 98.231 80.4105 101.338 0.744852 11.5367 31.7408 6.71213 61.5149 57.2188 66.0084 323.936 0 32.8404 0.0144841 29.8312 15.1323 39.0754 5.18458 35.545 
27.5838 26.1138 3.1031 2.53705 8.09165 19.6117 48.5159 43.4332 22.9519 46.2387 2.5481 33.2391 11.9788 7.67291 4.06643 0.521455 19.9291 33.9881 20.6962 4.4288 17.9002 0 0.197216 12.3964 10.2646 0.894171 6.64574 5.58369 
5.32715 53.2775 6.28315 19.1195 43.1995 7.20453 39.0258 32.8825 0.553812 13.2061 21.162 28.3485 13.6052 2.44335 20.5822 12.0648 18.9371 11.0262 4.31155 1.72596 0.259934 0.222406 0 20.575 3.59361 9.00586 12.5396 0.971712 
29.5465 31.9972 6.06746 26.3189 15.5556 2.94513 42.2759 65.1835 52.9988 3.66246 8.5563 28.1059 26.458 9.95487 25.1681 23.8517 4.29126 0.134524 22.9579 5.08547 45.592 0.093972 0.0210918 0 15.7963 3.80159 1.42056 11.3721 
294.586 323.673 28.0143 290.308 41.8578 289.231 4.32041 83.9963 383.574 69.8673 33.9627 56.31 55.9598 1.17883 1.8022 86.4156 314.611 48.9356 20.3673 13.7595 44.8707 16.2034 27.2418 71.7622 0 68.8307 58.7188 28.9319 
3.27698 33.5537 1.23195 7.22036 20.2369 0.00105383 1.03244 97.139 126.319 70.4793 136.684 82.061 4.2262 12.2839 1.12171 14.0814 10.4187 34.1456 19.874 11.4756 63.0155 0.303686 0.16993 1.37691 37.605 0 4.12422 47.0518 
7.71454 14.9769 8.70627 4.51555 3.27008 11.8392 47.9546 100.372 29.0524 38.9585 73.2427 31.394 18.5202 1.07122 15.9948 6.93984 14.1639 38.716 15.6186 5.33271 40.9607 6.45722 4.1259 3.3452 30.2065 19.9713 0 40.7087 
53.5086 39.861 22.1876 11.7765 26.4801 20.5477 64.6072 130.98 49.6456 56.9437 9.3417 4.54299 17.6285 0.142098 8.00259 0.471407 13.2921 41.1114 26.4285 11.3374 47.5687 1.33217 7.55151 14.4574 0.964757 52.1953 0.0691025 0 
