0 354.833 9.17417 673.308 72.6021 465.568 21.8909 281.773 476.92 142.476 11.8756 113.896 19.0649 23.195 57.5207 70.3845 436.53 204.374 100.741 169.282 188.101 39.5222 39.3654 14.9339 419.675 65.3201 19.1488 52.6822 
377.67 0 254.853 418.652 481.238 580.918 208.121 123.329 354.17 140.562 34.1806 223.471 127.575 5.73651 84.2696 27.0433 496.504 178.903 3.53236 111.482 143.152 9.86832 50.9507 9.7192 371.113 5.09678 8.05915 59.5427 
164.629 221.467 0 289.17 0.023154 35.5657 95.4644 94.6812 251.885 16.531 0.9771 188.225 7.14637 15.2633 0.242015 23.9308 53.5886 11.171 16.2964 23.4079 90.1959 6.62889 0.312932 6.65159 9.7094 22.4815 8.59084 20.2737 
643.143 379.853 318.555 0 159.972 347.719 201.906 815.463 393.981 103.589 202.865 182.585 34.3993 14.8322 11.72 35.2785 349.261 106.613 62.675 44.6479 720.899 8.37604 4.04126 25.7208 352.539 3.98119 27.5649 15.7648 
242.564 443.161 21.6469 7.16302 0 399.392 345.259 81.751 237.76 332.615 220.34 169.005 169.594 44.5241 26.6325 55.6773 102.607 5.39279 206.545 85.4117 22.2394 1.29365 56.3708 47.7322 51.7362 66.8925 0.848908 43.6557 
479.557 433.527 0.694695 373.198 681.085 0 1285.48 212.719 590.305 391.343 196.132 100.803 112.586 4.38519 20.7682 5.10473 397.943 40.067 24.6534 8.98207 0.00221046 5.75104 9.64352 1.96856 358.858 10.0205 19.2795 21.3533 
3.53064 188.343 140.943 18.162 0.422813 940.974 0 387.425 129.414 19.607 158.911 3.3976 108.74 84.9929 62.3792 96.143 7.32899 66.2271 144.381 32.7658 37.302 50.3056 38.2229 57.0858 77.0042 54.0463 59.9419 48.5184 
7.68914 278.148 227.487 450.279 91.442 21.7407 349.128 0 2.40622 0.00302699 124.491 530.143 26.8556 80.2028 184.954 0.670277 33.0849 91.5448 93.7541 64.47 109.778 0.179293 1.23791 113.072 184.15 13.9127 76.1252 29.1207 
547.52 720.511 445.398 610.336 166.844 425.284 170.14 613.422 0 386.072 232.059 284.717 14.2502 32.2741 172.384 83.5382 454.903 219.446 136.657 3.23012 0.00192383 24.9105 10.7751 3.57057 373.025 61.0741 46.6961 44.9411 
0.759262 111.638 38.6343 16.4766 24.3931 211.334 491.672 118.834 287.167 0 591.513 85.0035 136.244 69.5064 23.2789 68.7351 21.9623 19.5225 0.0686064 54.0294 79.2488 12.9579 0.352992 29.7269 68.7785 50.7507 18.8459 55.9038 
163.187 205.914 229.676 55.7378 242.315 270.727 63.9606 286.217 846.881 77.1581 0 168.486 240.826 185.289 27.9171 15.3835 73.6533 167.799 40.8426 8.0706 121.032 45.9878 131.207 123.667 48.2853 145.042 28.3883 88.1858 
212.407 221.282 37.3636 38.5118 18.2138 153.284 196.734 867.406 120.957 65.1921 488.049 0 22.4642 1.42134 2.90598 402.214 32.1441 43.0508 71.2557 1.06621 61.9619 56.2201 10.5699 101.965 91.8468 369.483 118.026 159.227 
97.3763 146.958 52.8597 2.43326 134.134 64.9831 12.2803 125.495 42.9963 239.674 206.463 29.1035 0 147.763 119.315 40.4213 26.4519 0.67723 40.0295 6.7091 70.4889 10.1881 21.8018 43.7513 28.2808 51.0439 26.3967 21.3289 
14.3819 66.4934 13.1212 11.8879 56.3977 2.09926 7.19143 12.4437 39.2716 5.58341 41.0576 151.998 3.60883 0 32.4262 14.156 21.683 45.8014 6.94368 4.13998 24.6494 8.61278 3.60827 7.23557 2.3421 0.0607947 0.042472 0.794985 
1.28121 12.7718 16.2062 8.73569 30.7946 26.0515 34.5539 19.9335 39.8914 123.136 86.7028 197.02 106.103 5.55725 0 1.23094 20.0747 27.6588 0.0225518 7.65404 13.4558 13.1179 3.2461 26.322 0.722999 6.07947 2.58815 0.100663 
62.5211 47.8434 0.0794603 10.2483 13.3884 27.1662 103.448 227.48 55.4412 76.2269 14.0126 446.742 4.02974 0.114314 9.21329 0 19.0231 1.10939 0.0446531 0.0236798 30.2487 3.66006 10.9292 8.85584 31.3278 18.4392 8.18589 0.0827212 
401.72 359.945 28.4387 394.283 154.088 399.385 109.5 24.2788 423.977 20.1889 94.8961 43.6205 0.0349876 5.85668 14.6903 26.1496 0 84.1453 470.71 3.23307 38.9264 3.17742 11.5856 20.2741 350.628 4.7496 5.05626 2.1481 
6.6945 80.7225 116.435 120.632 147.384 51.6881 91.339 138.476 176.718 14.6339 65.0564 36.641 65.3464 8.72665 50.7335 43.3101 267.503 0 130.435 81.6146 74.1654 20.428 31.8008 46.7424 52.4632 32.6437 19.734 37.4201 
9.35317 123.055 8.74722 7.10649 201.539 2.52974 98.1965 109.182 129.484 32.6287 10.9116 0.0475051 81.6003 7.66113 31.9921 19.1369 68.4547 143.975 0 35.8395 10.0707 19.4371 23.0961 23.9308 2.98771 6.01597 2.32373 1.39309 
44.7112 71.9785 8.03032 44.4591 69.023 16.1661 41.452 29.8893 93.9925 17.1039 58.1634 29.5649 22.0101 0.386315 5.58691 0.980801 31.1443 76.8578 31.5814 0 110.045 0.590539 1.49228 0.344544 0.0355551 3.15703 10.6342 8.30972 
158.746 171.248 77.8551 70.508 3.34899 15.0787 20.5731 187.522 0.0218257 98.0996 79.3737 102.63 0.675144 11.7307 31.4145 6.46185 61.3133 58.0222 65.7898 327.145 0 32.8427 0.00854347 30.0676 14.8364 38.6963 5.3003 35.3175 
27.7358 26.3553 3.15185 2.58835 8.29735 19.5588 48.8157 43.7542 22.6127 45.8664 2.38801 33.6701 12.628 7.58359 3.95924 0.489305 19.9638 33.859 20.7768 4.40849 18.0079 0 0.154957 12.4818 10.1267 0.922605 6.59147 5.54267 
5.17375 53.117 6.20127 19.0873 42.9345 7.31447 39.5384 33.6566 0.438965 12.8164 22.2044 27.2916 14.3795 2.68677 20.253 12.1241 18.9221 11.1979 4.38961 1.7431 0.232322 0.177402 0 20.3855 3.39374 9.05844 12.5827 0.938741 
29.1917 32.3609 6.17282 26.3628 15.8263 2.85939 41.7935 63.7035 52.2257 3.4496 7.92782 30.0647 25.8678 10.0172 25.4231 23.305 4.354 0.158949 22.9981 5.0608 45.6971 0.116621 3.85898e-05 0 15.0592 3.93759 1.34369 11.451 
353.006 382.884 28.059 348.867 41.4814 347.89 4.6281 86.6084 441.249 70.0306 32.7056 667.126 55.9507 1.10721 1.65893 84.9648 373.243 49.1668 20.2371 13.7696 44.5692 22.731 26.9641 70.2209 0 57.4402 38.0909 22.3488 
3.52814 34.1602 1.13075 6.87306 20.6384 0.00545321 0.862443 101.087 125.364 70.1208 138.212 72.8731 4.41106 12.3379 1.26167 13.5506 10.5315 33.8092 19.7345 11.5057 63.0296 0.286979 0.190199 1.46684 37.2047 0 3.85212 45.8214 
7.54391 15.198 8.8048 4.40232 3.37066 11.9326 48.2006 100.312 29.4747 39.1412 72.874 32.2812 18.6808 1.1055 16.0868 6.81601 14.2312 38.8312 15.5395 5.29 41.0546 6.40293 4.04813 3.2331 29.3704 19.5277 0 38.391 
53.7376 39.5129 22.1955 11.5503 26.2035 20.628 64.9064 130.503 48.9456 56.8793 8.86949 3.87337 17.4158 0.126007 7.83362 0.533901 13.3784 41.2896 26.4016 11.3501 47.6938 1.35958 7.50208 14.452 1.00095 53.2401 0.255832 0 
