0 400.035 7.5568 716.897 69.2381 513.144 24.005 284.213 522.232 143.317 11.043 111.458 18.5204 23.5101 57.9154 69.9361 484.512 206.373 101.399 169.098 190.873 39.4739 39.1844 15.2455 468.446 64.8412 19.381 52.4397 
418.886 0 273.643 461.012 472.687 628.228 194.724 119.55 401.03 143.836 32.0872 223.438 126.692 5.4694 84.8136 27.6642 544.654 773.779 4.1056 112.991 144.497 10.0588 50.7519 9.45589 419.21 5.39643 8.2353 59.7353 
161.145 202.651 0 289.179 0.137374 34.4791 90.3742 99.7975 236.209 15.5636 1.56291 188.215 7.49011 15.1828 0.307284 23.8363 53.7541 10.0621 15.8197 23.6161 88.8197 6.57249 0.287942 6.54495 9.92464 22.2866 8.68925 20.1927 
684.411 433.15 283.403 0 159.317 396.313 201.318 364.665 437.749 103.2 203.219 186.555 33.8949 14.9968 11.3925 35.6583 397.969 105.15 62.6509 44.9629 313.298 8.3046 3.94236 25.7951 401.367 3.7139 27.5752 16.0013 
240.232 453.394 19.7709 8.03145 0 406.132 352.795 83.8829 243.01 332.506 218.118 169.68 170.363 44.0584 27.345 55.221 101.134 6.24891 200.984 85.9088 22.9307 1.20776 56.3542 47.5129 51.4069 67.0914 0.797499 43.4199 
528.355 486.504 0.491194 422.616 54.0895 0 900.391 212.041 654.12 44.8905 191.528 99.1534 466.455 4.23154 20.2931 5.29635 446.231 38.9073 23.6881 8.80011 0.000177112 5.6377 9.53433 2.0419 407.628 9.8114 19.319 21.2854 
2.72092 175.237 146.15 16.3883 1.21458 940.315 0 390.74 87.7762 14.3537 149.123 4.22258 106.018 84.3839 60.6207 96.6556 7.72891 68.7027 143.463 31.983 38.2636 50.5911 37.7091 57.4793 76.4736 53.1727 60.0017 48.9544 
6.36648 279.846 223.324 449.728 93.6161 23.6603 354.357 0 4.98397 0.012549 129.807 572.499 26.0175 81.4116 184.734 0.25282 32.5559 93.0062 93.1407 63.4387 111.792 0.215558 1.42516 111.909 182.983 12.0841 76.7203 28.0637 
598.881 764.794 437.55 664.556 161.253 485.464 224.256 603.775 0 385.249 968.513 290.608 13.201 33.2899 180.131 85.2808 503.81 219.396 137.529 3.529 0.0266492 24.5644 10.2722 3.2892 422.522 59.6107 46.264 44.2449 
0.979245 114.954 37.3224 17.2673 21.2282 186.208 496.595 121.329 293.611 0 596.317 87.8956 143.392 68.8122 24.8063 67.8568 22.4501 20.357 0.136127 53.8755 78.767 13.3131 0.428881 30.1795 68.9869 51.3723 18.6145 55.789 
161.871 203.215 227.872 58.1553 243.853 269.587 57.0205 281.407 820.206 65.43 0 158.489 239.356 187.67 22.1631 17.4203 73.2154 167.431 39.9681 7.74683 121.842 46.4406 131.574 123.135 49.6998 146.372 27.9076 87.4952 
211.133 220.824 39.3619 41.6722 17.3573 152.634 200.04 897.157 115.032 62.537 482.796 0 21.5906 1.85207 4.11755 387.287 32.5644 43.9759 70.7351 1.21791 60.6891 56.6032 9.87469 104.656 84.8807 375.339 117.714 157.903 
97.8222 147.22 53.373 2.2551 135.685 67.0057 13.5623 126.28 41.2994 233.123 208.948 30.0877 0 146.271 119.355 39.5731 26.1308 0.579346 39.4585 6.54977 70.2717 9.59712 22.7246 43.1581 28.6154 51.2236 26.5475 21.5467 
14.6641 66.7401 13.2363 11.7162 56.7799 1.98687 7.6793 11.7038 40.723 6.0437 43.9234 150.736 2.72685 0 34.8517 13.8054 21.6578 45.9979 7.06566 4.1244 24.4287 8.69166 3.87686 7.38126 2.2445 0.0779225 0.0356576 0.8335 
1.41641 12.2228 16.5715 8.43883 30.0574 26.5109 33.0438 18.4275 42.3598 122.038 77.0887 201.828 107.083 7.02536 0 0.512259 20.2042 27.2513 0.0347711 7.59409 13.1806 13.2283 2.97189 26.1086 0.631821 6.37112 2.66704 0.0786403 
63.0756 47.1844 0.0544555 10.6768 13.7889 27.2023 103.322 230.775 53.7606 76.9747 15.966 435.128 3.67513 0.0621346 11.61 0 18.9208 1.0177 0.0574452 0.0182185 29.8401 3.58661 11.0406 9.49506 31.5664 17.9045 8.05851 0.0590923 
451.09 409.353 27.9956 442.541 154.078 447.701 109.593 23.7973 471.865 20.6633 94.7961 43.1848 0.0518335 5.93671 14.5527 26.1492 0 79.2612 286.988 3.12134 38.5979 3.22923 11.5185 20.3025 399.271 4.83777 4.99809 2.19744 
7.70688 68.492 118.456 121.861 150.047 52.9175 94.0131 139.714 178.396 15.3717 66.3194 37.52 65.967 8.93458 51.0998 42.9867 264.662 0 129.419 81.9672 74.9536 20.2664 31.9821 46.6603 52.6593 32.3061 19.9002 37.6188 
9.88286 124.808 9.12967 7.41515 195.907 2.90183 96.6145 109.553 128.465 31.5849 10.3928 0.0259179 81.8396 7.53594 32.1607 18.9845 64.6415 143.362 0 35.7762 9.81377 19.525 23.0892 23.9218 3.06922 6.13218 2.27559 1.34698 
40.9244 70.1256 8.29649 44.7819 69.7611 15.9872 42.2717 30.7957 93.4358 16.7582 58.6896 30.2143 22.231 0.374168 5.64955 0.945541 31.2509 77.3173 31.7324 0 99.5442 0.603328 1.509 0.330769 0.0434362 3.09557 10.6497 8.35694 
155.561 171.928 76.3827 66.2018 3.64366 15.5009 21.3439 188.71 0.0713377 97.9612 78.3358 103.919 0.60882 11.9259 31.0879 6.21579 61.1092 58.8263 65.5681 329.611 0 32.8442 0.00416119 30.3034 14.5424 38.3162 5.41712 35.0892 
27.8873 26.5968 3.20085 2.64007 8.50525 19.5046 49.1132 44.0741 22.2747 45.491 2.23299 34.1017 13.2915 7.49362 3.85305 0.458137 19.9981 33.7291 20.8569 4.38813 18.1155 0 0.117739 12.5653 9.98832 0.951435 6.5372 5.50164 
5.02238 52.9535 6.1194 19.0536 42.6677 7.4246 40.0503 34.4354 0.33739 12.431 23.2669 26.2494 15.171 2.93716 19.9156 12.1789 18.9067 11.3705 4.46819 1.76027 0.206251 0.137427 0 20.1524 3.1987 9.11015 12.6248 0.906286 
28.8369 32.7244 6.27849 26.4036 16.0984 2.77468 41.3101 62.2258 51.4521 3.24274 7.3218 32.0766 25.2802 10.075 25.6677 22.7391 4.41708 0.185403 23.0376 5.03596 45.7999 0.141685 0.02484 0 14.3364 4.07523 1.2688 11.5292 
401.316 431.98 28.1001 397.318 41.104 396.435 4.94579 89.2281 488.798 70.1858 31.4654 477.569 55.9377 1.03768 1.52128 82.8766 421.757 49.3961 20.1066 13.7789 44.2658 30.0051 26.6805 68.5432 0 45.6137 27.6508 22.8881 
3.78812 34.7682 1.03371 6.5328 21.0423 0.0132752 0.707607 105.055 124.386 69.7527 139.708 64.1147 4.59952 12.39 1.40947 13.0228 10.6444 33.4724 19.5946 11.5351 63.0389 0.270733 0.211588 1.55936 36.7958 0 3.58838 44.5645 
7.37479 15.4201 8.90342 4.29023 3.47264 12.0258 48.4448 100.243 29.8983 39.3224 72.501 33.1761 18.8415 1.14027 16.1779 6.69267 14.2983 38.9455 15.4602 5.24728 41.1473 6.34863 3.9708 3.12253 28.5413 19.0838 0 36.0936 
53.9635 39.1641 22.2017 11.3251 25.9272 20.7071 65.2013 130.003 48.2457 56.8106 8.40847 3.256 17.2036 0.110869 7.66555 0.600184 13.4647 41.4666 26.3739 11.3624 47.8168 1.38723 7.45234 14.4453 1.04781 54.2443 0.560106 0 
