0 448.981 3.84104 753.012 60.1081 562.873 30.3842 290.467 565.797 145.548 8.86388 104.643 17.0294 24.3951 58.9976 68.6374 535.485 211.675 103.177 168.774 198.354 39.332 38.6686 16.1288 521.631 63.4682 20.034 51.7457 
456.346 0 324.628 497.463 445.753 676.478 158.328 109.076 450.299 152.901 26.5351 223.113 124.142 4.75281 86.281 29.4212 595.986 720.122 5.9329 117.06 148.156 10.5994 50.1803 8.73452 470.563 6.27741 8.73677 60.2568 
150.951 151.501 0 278.135 0.963727 31.4338 76.4758 114.405 192.547 12.9881 3.92298 187.838 8.49028 14.9473 0.53087 23.5489 54.1825 7.24879 14.51 24.1754 84.8938 6.41451 0.223383 6.24778 10.5329 21.7262 8.9653 19.9582 
714.634 500.485 202.85 0 157.224 449.156 199.155 711.035 478.201 102.002 203.835 197.315 32.4854 15.4537 10.4909 36.6808 451.044 100.97 62.544 45.7718 632.114 8.10468 3.67038 25.987 454.778 3.01092 27.5951 16.6641 
233.261 479.167 14.9254 10.7111 0 414.476 372.507 89.9073 257.347 330.948 211.649 171.459 172.341 42.7459 29.3693 53.9254 96.9609 8.97027 185.025 87.2379 24.91 0.982658 56.2896 46.8871 50.4727 67.6219 0.661938 42.752 
581.457 551.702 0.107981 477.672 166.675 0 1214.24 209.675 748.821 511.805 178.261 94.4882 103.548 3.81256 18.965 5.84691 498.075 35.7112 21.0536 8.29508 0.0331476 5.32416 9.22737 2.25344 460.851 9.23149 19.4252 21.0885 
1.01088 139.937 160.498 11.8715 5.58784 885.79 0 398.703 12.986 3.93388 122.711 6.99944 98.4128 82.6112 55.7355 98.0024 8.90054 75.772 140.749 29.8168 40.9966 51.3774 36.2691 58.5594 74.949 50.7219 60.1532 50.1649 
3.31732 284.116 211.011 432.198 99.7379 29.4059 367.926 0 17.06 0.335929 144.952 688.11 23.7272 84.7564 183.768 0.146215 31.0866 97.094 91.3914 60.5447 117.413 0.334769 2.01834 108.551 179.38 7.6209 78.359 25.1821 
659.123 804.32 411.007 731.995 145.702 573.727 403.825 572.78 0 381.44 1211.35 306.59 10.4637 36.2703 209.496 90.1316 557.368 219.034 139.874 4.43343 0.247376 23.6014 8.92138 2.56098 477.842 55.5424 45.0506 42.3017 
1.74248 124.258 33.7143 19.5592 13.4751 119.619 506.058 128.286 310.834 0 604.066 96.1023 163.59 66.8032 29.2768 65.3425 23.8335 22.7705 0.446819 53.4203 77.3956 14.3256 0.680268 31.4464 69.5289 53.0913 17.9695 55.4458 
158.076 195.455 222.176 65.0809 247.832 265.435 39.4802 267.505 744.144 37.2799 0 131.475 234.859 193.843 9.45736 23.7298 71.9736 166.303 37.5483 6.87215 124.06 47.7033 132.449 121.522 53.7105 149.897 26.5731 85.5204 
207.331 219.314 45.1547 51.0416 15.0577 150.637 209.091 966.07 98.9433 55.3032 466.069 0 19.2232 3.35608 8.60322 341.629 33.7472 46.5966 69.2637 1.69546 57.1569 57.6632 8.0448 112.134 62.6499 388.518 116.756 153.969 
99.0307 147.844 54.788 1.79122 139.923 73.2863 17.4647 128.417 36.6861 214.138 215.623 32.9098 0 141.518 119.244 37.2048 25.2354 0.345741 37.8634 6.11209 69.6489 8.02619 25.3746 41.4848 29.5516 51.7069 26.9675 22.157 
15.4632 67.3988 13.5513 11.2354 57.8283 1.68712 9.12225 9.7414 44.8689 7.42112 52.3148 146.957 0.907566 0 41.4699 12.7896 21.5834 46.537 7.41079 4.07996 23.8096 8.90696 4.6427 7.7779 1.98065 0.137078 0.0197371 0.945823 
1.83024 10.7411 17.5949 7.62786 28.0194 27.7812 28.9445 14.4951 49.6522 118.705 52.6077 214.731 109.645 11.8901 0 0.153099 20.5647 26.116 0.0829909 7.42524 12.4208 13.5325 2.26116 25.4539 0.408674 7.21403 2.89323 0.0313974 
64.5939 45.3332 0.00948268 11.9068 14.9342 27.2805 102.871 239.159 49.1203 78.9876 22.0518 397.269 2.76564 0 19.495 0 18.6322 0.781715 0.101803 0.00672603 28.6976 3.38328 11.333 11.3409 32.1876 16.401 7.70326 0.0140026 
505.988 464.489 26.7552 494.309 153.883 499.62 109.795 22.4669 522.601 22.0112 94.4868 41.9653 0.116526 6.16261 14.1678 26.1427 0 66.0948 392.766 2.81793 37.6764 3.37613 11.3301 20.3794 452.139 5.08798 4.8364 2.33827 
10.9042 41.955 123.96 125.17 157.403 56.3775 101.563 143.11 182.957 17.5218 69.8782 40.0178 67.6944 9.52707 52.1122 42.073 255.808 0 126.461 82.9014 77.148 19.8141 32.4854 46.4204 53.1958 31.3599 20.3663 38.1702 
11.4358 129.61 10.236 8.30934 179.791 4.07381 92.1467 110.546 125.53 28.723 9.00205 2.99698e-06 82.4721 7.18893 32.6234 18.556 53.6811 141.504 0 35.5856 9.10947 19.7688 23.0651 23.8923 3.30268 6.46193 2.14322 1.22181 
31.1669 64.9445 9.05431 45.6132 71.7911 15.4817 44.5745 33.3787 91.8231 15.8011 60.1489 32.0524 22.8491 0.341101 5.82504 0.849918 31.5398 78.5573 32.1447 0 71.9316 0.639789 1.556 0.293612 0.0696825 2.92559 10.6915 8.48798 
146.514 173.676 72.2245 50.3439 4.53269 16.706 23.5633 191.864 0.361373 97.5366 75.4269 107.499 0.441259 12.4776 30.1721 5.54959 60.5245 61.0798 64.931 332.475 0 32.8447 0.000187624 30.9601 13.7302 37.2463 5.74995 34.4452 
28.3089 27.2724 3.33938 2.78712 9.09853 19.3452 49.9341 44.9645 21.3359 44.4243 1.8258 35.3129 15.2227 7.23832 3.56135 0.376131 20.0919 33.3616 21.0783 4.33081 18.4164 0 0.0405676 12.789 9.59873 1.0343 6.38517 5.38669 
4.60906 52.4793 5.89036 18.9514 41.9113 7.73367 41.4792 36.6383 0.123852 11.3754 26.344 23.4125 17.4758 3.66846 18.9298 12.3084 18.861 11.8582 4.69103 1.80846 0.14147 0.0524758 0 19.2768 2.67929 9.25027 12.7379 0.818165 
27.8436 33.7409 6.5759 26.5009 16.8678 2.54311 39.9514 58.1084 49.285 2.69579 5.74647 37.9779 23.6516 10.2124 26.2961 21.0637 4.59546 0.270256 23.1441 4.96548 46.0757 0.224663 0.33653 0 12.3983 4.46892 1.0698 11.7439 
453.281 486.114 28.1963 449.679 40.0422 449.04 5.88788 96.5872 538.55 70.5776 28.0873 106.257 55.8799 0.854283 1.16617 74.1001 474.256 50.0274 19.7392 13.8008 43.4068 51.474 25.8566 63.2503 0 16.5101 60.7512 58.3839 
4.5625 36.4785 0.784396 5.61881 22.1848 0.0533779 0.355088 116.225 121.527 68.6727 143.717 42.1236 5.14612 12.5255 1.86442 11.5664 10.9618 32.5279 19.201 11.6133 63.0392 0.227709 0.277391 1.83173 35.607 0 2.89494 40.9249 
6.9099 16.047 9.17996 3.98275 3.76564 12.286 49.1187 99.9976 31.0905 39.8217 71.4348 35.7216 19.2917 1.24014 16.4285 6.35013 14.4858 39.2605 15.2375 5.12777 41.4002 6.19666 3.75663 2.82132 26.2635 17.8415 0 29.8205 
54.5795 38.183 22.2091 10.7005 25.1549 20.9219 66.0029 128.483 46.2882 56.5953 7.17816 1.8086 16.6122 0.0736025 7.20008 0.805759 13.7058 41.9558 26.2922 11.3942 48.1504 1.46589 7.31154 14.4198 1.23489 56.8246 2.02967 0 
