0 337.855 0.98781 610.291 49.6581 441.023 38.9939 296.868 436.843 148.003 6.52637 96.4148 15.2882 25.4734 60.2646 66.9783 415.344 217.501 105.207 172.009 206.837 39.1465 38.0254 17.2216 404.184 61.7405 20.8323 50.8735 
331.015 0 380.413 362.435 407.818 551.424 117.231 96.6355 330.976 163.652 20.4327 222.257 120.897 3.94584 87.9482 31.588 476.065 821.291 8.5831 121.67 152.379 11.2699 49.4577 7.89105 350.996 7.42883 9.36174 60.8542 
137.845 95.3381 0 244.647 2.96166 27.7598 60.5236 132.505 141.707 10.138 8.18887 186.696 9.77721 14.6417 0.882363 23.1555 54.6323 4.42904 12.9734 24.806 80.0024 6.2226 0.155835 5.89014 11.281 21.0183 9.3013 19.6582 
566.139 402.83 179.22 0 154.178 331.6 195.526 846.445 348.012 100.337 203.834 209.568 30.7823 15.9995 9.42858 37.8357 333.589 95.7483 62.3364 46.6048 625.111 7.86214 3.35025 26.1876 337.732 2.25019 27.6012 17.4685 
223.964 504.142 9.89151 14.4406 0 408.198 393.362 97.31 273.913 326.6 203.338 173.401 174.384 41.1373 31.8798 52.3192 91.809 12.9028 165.1 88.7239 27.3969 0.740029 56.175 46.1048 49.3154 68.2126 0.514103 41.927 
463.593 449.146 0.0154386 362.603 11.5417 0 1047.57 205.895 679.031 668.743 161.567 88.752 217.009 3.32735 17.3636 6.54154 379.02 31.9428 18.0037 7.69174 0.14972 4.95135 8.85277 2.52223 343.527 8.53956 19.5455 20.836 
0.0489528 100.698 177.236 7.31637 15.0847 726.303 0 405.665 12.3178 0.0505589 93.0524 11.2793 89.2547 80.3303 49.9072 99.4586 10.4238 84.5903 137.176 27.2428 44.3903 52.3051 34.5207 59.8265 73.0239 47.7434 60.3053 51.6124 
0.931645 288.317 194.925 377.076 107.219 37.0737 382.121 0 41.002 1.31474 163.731 815.594 21.0624 88.7266 181.912 2.11815 29.3277 102.04 89.207 57.025 124.184 0.514444 2.87373 104.287 174.364 3.54678 80.2917 21.8478 
549.813 668.283 370.831 629.636 127.166 503.721 654.894 528.07 0 373.886 493.318 324.831 7.54765 40.1507 232.815 95.9424 440.355 218.158 142.518 5.66337 0.814832 22.4449 7.39789 1.79638 363.178 50.6753 43.5707 39.9582 
2.95852 135.525 29.4812 22.4887 6.35094 53.2248 508.747 136.647 329.897 0 601.983 106.237 188.134 64.2431 35.0526 62.1918 25.5465 25.8474 1.06384 52.82 75.6885 15.5891 1.06202 32.9817 70.1038 55.1316 17.1924 54.9859 
153.256 185.669 214.046 73.7578 252 258.544 22.2157 249.874 663.494 13.255 0 101.021 228.674 200.296 1.13634 32.5232 70.4362 164.736 34.6709 5.87489 126.653 49.2245 133.201 119.327 58.6649 153.763 24.9775 83.0453 
202.27 217.037 52.544 63.3529 12.4665 147.866 219.63 1017.32 80.5475 46.9556 442.031 0 16.5097 5.76262 16.1481 280.885 35.1941 49.8345 67.4514 2.37909 52.939 58.924 6.05987 121.048 48.4977 397.782 115.428 148.765 
100.416 148.383 56.4594 1.29813 144.85 79.5664 22.8001 130.888 31.3771 190.147 223.128 36.4603 0 134.681 118.667 34.351 24.1558 0.142521 35.9361 5.59774 68.8641 6.29096 28.7097 39.4331 30.686 52.2542 27.4724 22.8985 
16.4504 68.1338 13.9181 10.6525 59.0561 1.3536 11.0224 7.58264 50.0464 9.26305 63.1446 141.907 0.0100938 0 48.7999 11.5037 21.4857 47.1689 7.83678 4.02445 23.0567 9.15674 5.57742 8.23374 1.67965 0.230907 0.00668359 1.09086 
2.40177 9.05576 18.8345 6.68572 25.6019 29.286 24.2454 10.3082 59.1934 114.178 28.4506 229.109 112.385 19.009 0 2.98205 20.9976 24.7505 0.169202 7.21841 11.5206 13.8913 1.51795 24.5508 0.202218 8.28533 3.17809 0.00267541 
66.3668 43.0782 0.00460164 13.4546 16.3704 27.3296 102.124 247.563 43.6385 81.2634 30.5948 342.701 1.83005 0.0914232 30.8791 0 18.2773 0.536504 0.172536 0.000312355 27.3155 3.14129 11.6473 13.6564 32.8448 14.5767 7.27532 0.00110681 
390.682 349.732 25.252 375.177 153.315 380.653 109.919 20.8884 402.221 23.6843 94.0538 40.4866 0.229749 6.44035 13.7012 26.1242 0 51.2805 247.748 2.4686 36.554 3.55805 11.1004 20.467 334.384 5.3983 4.64273 2.51451 
15.4876 28.4573 130.302 128.908 166.104 60.6018 110.818 147.09 188.201 20.2943 74.2372 43.119 69.7695 10.2664 53.3144 40.9482 243.393 0 122.66 83.9288 79.7852 19.2658 33.0885 46.1092 53.822 30.2104 20.9336 38.8297 
13.4558 135.205 11.6464 9.45238 159.762 5.74852 86.663 111.655 121.812 25.3779 7.4385 0.0369378 83.1655 6.77476 33.166 18.0321 40.2747 138.977 0 35.3274 8.28466 20.06 23.0268 23.8476 3.59623 6.87078 1.98732 1.07765 
21.1731 58.6992 9.99668 46.4746 74.1776 14.8595 47.3792 36.5977 89.7612 14.6625 61.8906 34.3204 23.5983 0.302859 6.03822 0.74004 31.8711 79.9679 32.6239 0 43.0709 0.685332 1.61345 0.251336 0.109797 2.72363 10.739 8.64468 
135.343 175.483 67.1261 27.8475 5.73741 18.2125 26.3756 195.344 1.01261 96.9484 71.8932 111.785 0.273803 13.1578 29.0588 4.78689 59.7885 63.8175 64.1256 327.882 0 32.8379 0.0118 31.7498 12.7664 35.9381 6.1654 33.6545 
28.8152 28.0916 3.51008 2.96992 9.84045 19.1371 50.9056 46.0339 20.2114 43.0999 1.38531 36.7876 17.7055 6.92239 3.2188 0.287107 20.2011 32.908 21.3412 4.26064 18.7808 0 0.00083997 13.0394 9.12223 1.13904 6.20063 5.24703 
4.12857 51.872 5.613 18.8119 40.9753 8.10984 43.2029 39.3527 0.00543509 10.1428 30.2706 20.1397 20.438 4.59458 17.6613 12.4171 18.8006 12.4593 4.96704 1.86715 0.0791344 0.00321307 0 17.8094 2.10421 9.41086 12.8652 0.716717 
26.6391 34.9709 6.93951 26.5856 17.8155 2.27337 38.2938 53.1644 46.6561 2.09674 4.07977 45.6292 21.7109 10.3295 26.9422 18.8831 4.81544 0.394562 23.2649 4.87814 46.3865 0.350507 1.17962 0 10.2401 4.96211 0.84977 11.9962 
334.493 369.894 28.2754 331.378 38.7444 330.989 7.13392 105.521 416.92 70.9675 24.1857 549.879 55.7676 0.6544 0.796337 59.642 356.041 50.7721 19.2894 13.8191 42.3463 71.2091 24.8027 56.0668 0 4.07682 155.891 123.514 
5.59308 38.5671 0.526733 4.58939 23.594 0.138018 0.0885384 129.789 117.828 67.2655 148.209 21.081 5.84659 12.6694 2.49594 9.8538 11.3493 31.3791 18.7193 11.7003 62.9888 0.180368 0.368867 2.18797 34.0831 0 2.14579 36.3295 
6.36272 16.818 9.51631 3.62226 4.13598 12.5998 49.917 99.5994 32.5493 40.4112 70.0981 38.8843 19.8385 1.36633 16.7234 5.94026 14.7121 39.6333 14.9657 4.98291 41.6941 6.0123 3.50155 2.47277 23.6024 16.3401 0 22.6603 
55.2941 36.9843 22.199 9.95458 24.2204 21.1696 66.9279 126.404 43.9187 56.2889 5.80679 0.615636 15.8999 0.03853 6.64605 1.09425 13.9978 42.5367 26.1848 11.4278 48.5333 1.56385 7.13766 14.3753 1.56957 59.4563 4.99965 0 
