0 93.5571 0.10192 297.573 36.7942 162.496 52.0154 303.349 149.457 150.864 3.91728 85.4412 13.0594 26.9358 61.8918 64.5996 139.445 224.244 107.719 188.318 217.142 38.8726 37.1265 18.7322 131.927 59.3055 21.9196 49.6443 
68.0816 0 438.449 71.9261 349.463 266.273 69.196 80.454 61.2353 177.592 13.3596 220.302 116.266 2.96748 89.9946 34.567 200.088 143.561 12.895 127.266 157.679 12.2002 48.4322 6.80877 76.0639 9.12414 10.2342 61.5984 
119.242 36.5346 0 174.326 7.35876 22.907 41.1008 157.094 81.0113 6.79858 16.305 183.971 11.6386 14.1955 1.4943 22.5487 55.1159 1.69558 10.9974 25.5686 73.2211 5.96307 0.0835737 5.41321 12.3064 20.0172 9.75655 19.2266 
248.38 160.98 193.413 0 149.218 59.7251 188.936 988.859 63.6899 97.7319 202.525 224.458 28.4989 16.72 8.05508 39.235 61.5459 88.4778 61.9208 47.4608 55.3438 7.53479 2.93584 26.4019 66.2406 1.38972 27.5778 18.553 
210.085 525.591 4.66159 20.2698 0 389.164 415.453 107.421 294.534 316.557 191.386 175.636 176.506 38.9408 35.3545 50.0942 84.7327 19.2765 137.796 90.5023 30.8981 0.465868 55.9569 45.0088 47.7125 68.917 0.343522 40.7877 
190.223 197.129 0.541806 93.7133 740.123 0 1440.97 199.26 462.632 675.386 138.41 80.918 118.852 2.71492 15.2325 7.52269 104.637 27.0705 14.1725 6.89561 0.440564 4.46195 8.34402 2.90576 71.5708 7.62808 19.693 20.4714 
0.705799 55.9966 198.109 2.85954 34.8732 416.007 0 410.191 165.539 10.2729 58.1976 18.5997 77.1067 77.0367 42.2731 101.106 12.654 96.8375 131.887 23.8746 49.0971 53.5105 32.1623 61.4586 70.2999 43.727 60.4555 53.5274 
0.0385592 292.228 171.656 271.56 117.364 48.5259 396.982 0 88.2121 3.65166 189.491 949.135 17.6712 93.9084 178.235 8.3868 26.9968 108.675 86.1537 52.2754 133.2 0.818135 4.26232 98.2275 166.534 0.471744 82.7996 17.648 
287.716 367.85 306.116 373.374 103.055 300.23 986.908 457.727 0 358.785 886.074 347.114 4.33715 45.8358 198.756 103.606 168.655 216.218 145.727 7.55123 2.10168 20.9052 5.54834 0.974315 95.0031 44.2584 41.5605 36.8242 
5.09994 150.55 24.0617 26.6838 0.898131 3.94664 496.929 147.726 351.918 0 579.365 120.126 220.463 60.5923 43.3726 57.788 27.916 30.2492 2.31255 51.9272 73.3104 17.3531 1.71017 35.047 70.7338 57.7978 16.1533 54.2899 
146.4 171.904 201.109 85.8462 256.436 246.185 6.50453 225.021 580.039 0.0625424 0 64.9295 219.12 207.066 2.77423 46.1886 68.3078 162.283 30.8967 4.64196 129.973 51.2576 133.673 115.96 65.4746 158.228 22.8664 79.5735 
194.692 213.197 63.0608 81.3649 9.32503 143.54 232.969 1023.96 58.0185 36.5204 403.828 0 13.1332 9.99794 29.7813 196.08 37.167 54.3011 64.9591 3.48214 47.3763 60.5808 3.8036 132.674 80.7458 398.008 113.351 141.041 
102.144 148.725 58.631 0.755394 151.093 80.0791 30.996 134.001 24.7484 156.941 232.142 41.4628 0 123.788 117.123 30.5506 22.7108 0.00855839 33.3517 4.93279 67.7536 4.25865 33.3905 36.6348 32.2133 52.924 28.1457 23.9007 
17.8125 69.0121 14.3851 9.86795 60.634 0.957574 13.8379 5.06948 57.2494 12.034 78.6747 134.339 1.10777 0 56.6249 9.71345 21.3406 47.9826 8.42428 3.94674 22.0372 9.47284 6.79148 8.79724 1.30797 0.395644 5.05873e-06 1.30176 
3.29338 6.98369 20.4951 5.49147 22.4442 31.2408 18.4305 5.72736 73.1085 107.293 7.0554 245.879 115.404 29.8889 0 12.0654 21.574 22.9296 0.333906 6.93586 10.3438 14.3565 0.736973 23.1564 0.0370149 9.80647 3.58047 0.013941 
68.6323 40.0252 0.0847942 15.6265 18.3875 27.316 100.775 255.589 36.545 84.0268 43.9642 259.889 0.866026 0.502738 47.8764 0 17.7898 0.277537 0.297539 0.00481466 25.4591 2.8233 11.9968 16.8185 33.5546 12.1493 6.70392 0.0567802 
121.423 81.6562 23.2313 100.714 151.977 106.38 109.878 18.8212 126.084 26.0058 93.3685 38.4926 0.44321 6.82177 13.072 26.0807 0 33.69 494.244 2.03015 35.0318 3.81019 10.7882 20.5756 61.8537 5.82905 4.38538 2.76192 
22.8563 39.5689 138.191 133.443 177.378 66.3235 123.393 152.204 194.744 24.3125 80.1804 47.4232 72.532 11.2998 54.8902 39.4027 224.041 0 117.183 85.1271 83.2962 18.5262 33.8891 45.6544 54.6241 28.6571 21.7025 39.7032 
16.4126 142.309 13.6632 11.0936 132.469 8.43425 79.1875 112.985 116.534 21.1029 5.5478 0.206216 83.9707 6.22776 33.865 17.3182 23.4581 135.106 0 34.9322 7.22354 20.4448 22.9593 23.7715 4.01049 7.43793 1.78497 0.896474 
11.2865 50.413 11.3021 47.3704 77.2555 14.006 51.1722 41.0771 86.8008 13.1671 64.1886 37.4425 24.6077 0.254514 6.3263 0.602571 32.2844 81.7033 33.2334 0 14.6914 0.749133 1.69175 0.199175 0.178376 2.4587 10.7975 8.85218 
120.066 177.365 60.1978 4.50489 7.58103 20.3207 30.3727 199.418 2.41165 96.0274 67.1239 117.456 0.110406 14.0945 27.5529 3.83806 58.749 67.5143 62.9823 308.094 0 32.8155 0.0561845 32.8033 11.504 34.1562 6.74673 32.5712 
29.4897 29.1962 3.74513 3.22446 10.8804 18.8308 52.1737 47.4578 18.7193 41.2624 0.884625 38.7859 21.2841 6.48655 2.77715 0.185394 20.3406 32.2816 21.6863 4.1648 19.2719 0 0.0417471 13.3398 8.47416 1.28778 5.95127 5.05813 
3.51686 50.9967 5.23996 18.5967 39.6804 8.61904 45.5083 43.0798 0.0916375 8.56674 35.8801 16.0374 24.6988 5.85545 15.8475 12.4782 18.7101 13.2868 5.34945 1.94681 0.0233873 0.0312066 0 15.2481 1.42974 9.61075 13.0198 0.58942 
25.0165 36.6247 7.43442 26.6411 19.1195 1.92927 36.0439 46.6165 43.1158 1.40244 2.26724 56.7034 19.1611 10.3993 27.6009 15.7722 5.11876 0.599686 23.4137 4.75707 46.7643 0.563658 3.05405 0 7.72151 5.65217 0.590822 12.3217 
60.6724 99.4279 28.3161 58.2277 36.977 58.0963 8.99182 117.474 139.006 71.3434 19.2884 249.764 55.5427 0.424927 0.405859 40.026 82.8605 51.7402 18.6755 13.8294 40.8833 71.607 23.2991 46.2033 0 36.0522 134.447 121.27 
7.14 41.4048 0.258425 3.3461 25.5338 0.314862 0.0113324 147.837 112.458 65.2034 153.58 3.82018 6.85627 12.8268 3.48143 7.67012 11.8765 29.8241 18.0621 11.8039 62.8321 0.124967 0.512441 2.71187 31.8989 0 1.30222 29.9748 
5.65345 17.8768 9.97164 3.15791 4.662 13.0203 50.9604 98.8863 34.5387 41.1788 68.2198 43.2713 20.5781 1.54536 17.1051 5.39788 15.0157 40.12 14.5956 4.7875 42.0681 5.76343 3.16592 2.03287 20.2298 14.3374 0 14.1216 
56.2004 35.3525 22.1519 8.97068 22.9639 21.4809 68.0919 123.198 40.7354 55.797 4.17174 0.0006046 14.9477 0.00896309 5.91833 1.55046 14.3913 43.2987 26.0251 11.4646 49.0122 1.7005 6.89776 14.2915 2.20021 62.0475 10.9325 0 
