0 57.5082 0.693834 227.665 32.2021 107.3 57.4982 305.18 91.0541 151.835 3.07308 81.2169 12.2286 27.5082 62.4999 63.6294 85.3649 226.509 108.625 198.731 220.775 38.7583 36.7664 19.3323 79.2698 58.3246 22.3472 49.1486 
25.2081 0 454.135 14.0315 325.087 207.828 53.3166 74.3709 11.1307 182.814 10.9787 219.29 114.384 2.62091 90.7275 35.7447 145.864 761.966 14.8008 129.239 159.615 12.5713 48.0164 6.40433 22.4215 9.82907 10.5838 61.8693 
111.806 20.4861 0 143.032 9.59228 21.0661 34.3194 166.597 60.8991 5.66177 20.1778 182.543 12.4028 14.0112 1.77533 22.2888 55.2655 0.973266 10.2589 25.8373 70.5319 5.86167 0.0613402 5.22915 12.7106 19.6133 9.93473 19.0499 
177.442 121.065 169.535 0 147.027 7.38072 185.857 653.534 8.02025 96.6064 201.607 229.687 27.6138 16.9957 7.53945 39.7284 9.04165 85.5835 61.7164 47.7086 687.718 7.40704 2.7798 26.4676 13.9499 1.10745 27.5588 18.9753 
204.292 529.861 3.13219 22.781 0 383.495 422.005 111.392 301.958 311.381 186.514 176.385 177.132 38.0768 36.7346 49.2092 81.9422 22.0861 127.176 91.1232 32.308 0.375644 55.852 44.5687 47.0746 69.1625 0.286047 40.335 
136.959 152.295 0.949741 42.4099 69.2148 0 808.412 196.211 428.166 301.274 129.299 77.8443 657.741 2.48984 14.4142 7.91825 51.1629 25.2427 12.7749 6.59116 0.595832 4.27546 8.14472 3.06181 19.0728 7.28009 19.7459 20.3218 
1.57435 41.6411 205.57 1.66826 44.6419 292.578 0 410.403 266.173 18.9999 46.4801 21.9245 72.4604 75.6876 39.3841 101.646 13.5778 101.702 129.684 22.5966 50.9707 53.9659 31.2436 62.0702 69.1992 42.1647 60.4967 54.262 
0.423674 293.192 162.222 234.286 121.325 53.3054 401.355 0 110.799 4.8787 199.586 985.374 16.4143 95.8682 176.442 11.9295 26.1011 111.246 84.9305 50.4266 136.669 0.955816 4.8766 95.7773 163.167 0.0471416 83.7454 16.1082 
238.741 303.367 278.693 325.463 94.0203 274.752 1096.11 427.916 0 351.436 1489.64 354.986 3.31656 48.1891 168.658 106.525 116.206 215.225 146.863 8.35802 2.76619 20.3112 4.89282 0.719944 44.0356 41.8116 40.7724 35.6118 
6.09016 156.316 22.0504 28.3909 0.108762 0.216069 487.606 151.965 359.218 0 564.623 125.582 232.587 59.1119 46.7567 56.0292 28.8578 32.0414 2.92886 51.5532 72.3598 18.059 2.00437 35.8495 70.9333 58.8083 15.751 53.995 
143.622 166.385 195.5 90.6514 257.786 240.465 2.87628 215.073 547.815 1.16998 0 52.6643 215.036 209.069 7.44718 52.0237 67.461 161.22 29.4602 4.1968 131.212 52.0443 133.685 114.524 68.161 159.725 22.0564 78.1799 
191.512 211.462 67.3089 88.7544 8.21315 141.674 237.865 1006.58 50.0389 32.7319 387.366 0 11.9077 11.9503 36.1036 164.009 37.943 56.0725 63.9726 3.96862 45.2503 61.2129 3.05895 137.047 107.736 394.224 112.453 137.824 
102.773 148.737 59.4505 0.582387 153.394 76.8451 34.4885 135.145 22.339 143.971 235.289 43.4774 0 119.082 116.284 29.0887 22.1508 0.000363985 32.3497 4.68257 67.3043 3.56589 35.2641 35.5362 32.8077 53.1635 28.4059 24.2922 
18.3531 69.3188 14.5581 9.56293 61.2242 0.820395 15.0121 4.21781 60.1148 13.2003 84.955 131.169 2.2553 0 58.8291 9.00909 21.2798 48.2877 8.65745 3.91554 21.6384 9.58928 7.23449 8.99888 1.1741 0.471718 0.000833004 1.38873 
3.67866 6.24051 21.1366 5.05096 21.2476 31.9762 16.3397 4.28772 78.8114 104.385 2.53586 251.494 116.361 34.2657 0 17.0208 21.7965 22.2265 0.413312 6.82458 9.8969 14.5319 0.505277 22.5618 0.00838453 10.4207 3.74301 0.0340338 
69.4745 38.8331 0.143235 16.4961 19.1985 27.2855 100.143 257.629 33.8858 85.004 49.6984 226.547 0.584935 0.751181 54.546 0 17.5969 0.199133 0.355569 0.0107003 24.7382 2.70206 12.1088 18.0364 33.7738 11.2229 6.48314 0.101387 
69.9673 30.7965 22.4466 47.2176 151.277 52.9479 109.796 18.0348 71.937 26.9307 93.0697 37.7152 0.545521 6.97268 12.8268 26.058 0 27.6779 206.323 1.86954 34.4356 3.91068 10.6656 20.6149 9.13342 6.00089 4.28618 2.86149 
26.0863 48.9389 141.038 135.045 181.608 68.5552 128.302 154.115 197.122 25.9639 82.5148 49.1381 73.5973 11.714 55.49 38.7912 215.778 0 114.943 85.5346 84.6499 18.2376 34.1974 45.4659 54.9235 28.0506 22.0037 40.0389 
17.6363 144.928 14.4838 11.764 121.903 9.61037 76.2576 113.452 114.397 19.5153 4.88004 0.309714 84.2436 6.01813 34.1271 17.0375 17.7621 133.455 0 34.7634 6.82596 20.5925 22.928 23.737 4.17784 7.66401 1.70851 0.82996 
8.64394 47.2449 11.8201 47.6342 78.4087 13.6693 52.651 42.8629 85.5923 12.5971 65.068 38.6782 25.001 0.236677 6.43878 0.552371 32.435 82.3264 33.4593 0 7.48259 0.774768 1.72254 0.180362 0.209652 2.35776 10.8185 8.93189 
114.082 177.923 57.4934 0.633216 8.36799 21.1659 31.9932 200.807 3.11951 95.6284 65.2649 119.629 0.0663033 14.4659 26.9645 3.49346 58.3289 68.956 62.5186 296.45 0 32.8027 0.082514 33.2104 11.0238 33.4562 6.98 32.1435 
29.7501 29.6268 3.83831 3.32623 11.2982 18.7034 52.6547 48.0074 18.1453 40.5306 0.718814 39.5678 22.7466 6.31397 2.61153 0.151535 20.3926 32.0328 21.8179 4.12703 19.4634 0 0.0873 13.4449 8.22026 1.34813 5.85385 4.98428 
3.28979 50.6379 5.09494 18.5043 39.1654 8.818 46.4002 44.5515 0.202449 7.98029 38.1578 14.5409 26.4359 6.33453 15.1152 12.4749 18.672 13.6149 5.50179 1.97803 0.0105428 0.0717347 0 14.1105 1.19991 9.68336 13.0747 0.542784 
24.3846 37.2675 7.62864 26.6443 19.636 1.80139 35.1628 44.1109 41.7391 1.16777 1.69948 61.225 18.1902 10.3985 27.7887 14.5325 5.23916 0.691459 23.4673 4.70884 46.8986 0.660198 3.98485 0 6.87702 5.92831 0.501882 12.4439 
7.48276 47.5104 28.3112 5.30295 36.2828 5.24682 9.77095 122.074 84.1422 71.4427 17.4998 90.2272 55.432 0.348229 0.288123 34.2102 29.8783 52.1062 18.4337 13.8289 40.3028 62.8849 22.6908 42.6248 0 56.2669 82.81 87.3831 
7.79152 42.5164 0.178949 2.90872 26.3022 0.403393 0.0699694 154.719 110.252 64.3494 155.448 0.829159 7.27014 12.8766 3.90589 6.86698 12.0836 29.2162 17.8034 11.84 62.7432 0.106017 0.574695 2.92921 31.0111 0 1.02726 27.4943 
5.38595 18.2957 10.1497 2.98375 4.87549 13.1835 51.3567 98.5533 35.3212 41.4694 67.464 45.0169 20.8672 1.61793 17.2489 5.18985 15.1337 40.3048 14.4501 4.71127 42.2069 5.66629 3.03778 1.87109 18.9931 13.5671 0 11.23 
56.5357 34.7117 22.123 8.59432 22.4751 21.595 68.5192 121.826 39.4995 55.5805 3.60256 0.0744973 14.5791 0.00301196 5.64114 1.74895 14.5446 43.5892 25.9582 11.4762 49.1871 1.75524 6.80255 14.2515 2.49937 62.7372 13.7936 0 
