0 465.379 8.898 460.181 15.8847 404.952 82.6452 308.409 376.959 154.98 0.629752 63.9917 8.99023 29.9197 64.8801 59.3141 388.181 233.628 111.954 253.843 233.399 38.2328 35.1964 21.9146 388.041 54.0309 24.161 46.9703 
409.452 0 468.735 313.489 218.948 488.346 8.16873 50.607 340.035 203.061 3.44486 213.528 106.053 1.38865 93.3816 40.7638 447.386 345.602 24.1098 136.11 166.878 14.1779 46.1757 4.8199 327.437 13.0486 12.1075 62.8834 
80.5095 4.19151 0 28.6105 21.9822 13.8326 11.8422 204.672 6.23267 1.97589 40.4296 174.364 15.8341 13.1779 3.2072 21.062 55.6478 0.122721 7.37741 26.7768 59.0973 5.43507 0.00525117 4.47094 14.4266 17.8443 10.6854 18.2588 
411.697 486.087 1.05675 0 136.357 318.46 170.046 855.379 315.088 91.2399 195.282 247.523 23.9439 18.1152 5.51344 41.4516 318.89 73.1924 60.5987 48.2005 397.854 6.87061 2.16121 26.631 324.675 0.264716 27.4176 20.737 
178.02 521.481 0.0129957 34.6613 0 384.244 435.656 128.098 328.633 282.515 164.974 178.758 178.486 34.415 42.6541 45.3983 70.1327 35.7606 84.2649 93.2636 38.4832 0.101333 55.2889 42.6455 44.3222 70.0084 0.101146 38.3856 
442.142 492.417 3.87989 357.034 763.165 0 1070 180.77 784.428 415.677 91.6744 64.9482 568.772 1.6362 11.095 9.64907 356.607 18.0816 7.57669 5.35652 1.50569 3.52158 7.30511 3.75524 328.775 5.87222 19.9386 19.6489 
8.95951 3.89388 231.489 0.161806 96.684 0.699986 0 401.646 813.058 82.1714 10.8507 38.6159 53.7678 69.6628 27.9585 103.269 17.7773 122.439 119.647 17.4833 59.0377 55.7832 27.4076 64.4751 64.3614 35.6709 60.562 57.261 
6.56288 293.697 121.659 171.384 137.855 74.9577 410.383 0 225.584 11.9371 241.47 1019.23 11.567 103.651 166.794 33.1096 22.4322 121.889 79.609 42.7348 150.825 1.65271 7.8951 85.0449 147.3 3.10899 87.5025 10.3022 
561.03 558.68 161.05 644.133 59.1793 689.646 1306.06 295.702 0 312.529 1497.38 382.238 0.506296 58.8475 93.8327 118.224 425.791 209.625 150.887 12.1673 6.55026 17.8617 2.56383 0.0685907 360.467 31.974 37.4446 30.6025 
11.1813 179.55 14.3465 35.9394 5.17479 81.8193 422.271 169.077 380.924 0 471.175 148.446 278.408 52.6054 61.5627 48.4621 32.9097 39.9955 6.30106 49.8276 68.2349 21.1231 3.49136 39.1862 71.4809 62.8445 14.0822 52.6132 
131.381 142.55 169.03 111.092 261.025 211.587 3.70369 172.53 337.612 43.8689 0 14.2683 195.886 213.33 50.4034 79.0328 63.8072 156.121 23.6743 2.55526 136.04 55.3003 132.671 107.776 79.5336 164.412 18.7472 72.1099 
176.891 202.77 85.7948 121.292 4.27109 132.806 256.252 822.809 22.2791 18.7707 311.134 0 7.35497 21.894 67.9818 51.6257 41.2377 63.6681 59.749 6.35294 36.637 63.7736 0.798344 154.086 207.278 355.68 108.155 123.224 
105.123 148.036 62.705 0.0989092 162.137 44.6393 50.8022 139.492 13.4049 91.6285 246.034 52.2899 0 97.1722 111.344 23.1284 19.8259 0.239955 28.1925 3.6903 65.3188 1.30307 43.3401 30.9062 35.2895 54.0314 29.4831 25.9379 
20.6754 70.3787 15.224 8.29369 63.5368 0.355319 20.3807 1.46886 72.3698 18.5827 112.072 116.693 11.3582 0 61.7033 6.11773 20.999 49.491 9.65976 3.77917 19.959 10.0325 8.77692 9.71622 0.68416 0.862554 0.0256545 1.7822 
5.52376 3.54068 23.7667 3.37066 16.4666 34.8637 8.77522 0.487301 103.949 91.0256 8.48439 268.547 118.955 51.0316 0 43.3063 22.7151 19.3254 0.840268 6.35146 8.09882 15.2275 0.0067317 19.7987 0.111601 13.1006 4.45883 0.21563 
72.735 33.8416 0.555523 20.2457 22.7419 27.0025 96.8492 259.17 23.5092 88.441 76.3841 96.9527 0.00392643 2.302 78.6261 0 16.7707 0.0111531 0.656571 0.0610323 21.7397 2.21184 12.4203 22.8124 34.3202 7.54714 5.57209 0.429626 
383.963 348.093 19.1902 352.615 147.252 358.551 109.045 14.863 374.628 30.9233 91.6202 34.4574 1.09299 7.61925 11.7986 25.9264 0 8.4554 406.833 1.26095 31.9196 4.34598 10.1465 20.7612 317.919 6.74566 3.87707 3.29851 
41.687 72.653 151.37 140.662 198.133 77.8492 148.714 161.579 205.947 33.3849 92.3753 56.541 77.9833 13.5203 57.9101 36.1758 177.721 0 104.969 86.8656 90.2185 17.0257 35.4654 44.6067 56.0948 25.505 23.2757 41.4162 
23.1863 154.867 18.1199 14.7535 79.5003 15.2875 63.9739 115.075 104.999 13.3934 2.51997 0.976476 85.1297 5.16251 35.1599 15.8471 3.19312 125.703 0 33.9654 5.26032 21.1968 22.7655 23.5613 4.91558 8.64261 1.40292 0.576651 
5.54952 34.5271 14.03 48.1949 82.9286 12.2374 58.8213 50.5586 80.206 10.2939 68.6438 43.9588 26.6473 0.168207 6.91101 0.363358 33.0003 84.5946 34.3327 0 3.84948 0.88705 1.85334 0.110994 0.368959 1.94988 10.896 9.25867 
89.1985 179.149 46.2544 22.8655 12.0824 24.8457 39.1494 205.352 7.08245 93.7093 57.4946 128.474 0.0034097 16.0603 24.4927 2.20923 56.476 74.9913 60.4638 228.384 0 32.7231 0.249064 34.8936 9.08637 30.4946 7.99991 30.3172 
30.8269 31.432 4.23851 3.76874 13.1257 18.1203 54.5857 50.2746 15.7884 37.3749 0.207434 42.8597 29.2483 5.57756 1.9601 0.0459436 20.596 30.9599 22.3517 3.96603 20.2669 0 0.459576 13.8078 7.15313 1.61575 5.44429 4.67324 
2.40931 49.0259 4.49084 18.0653 36.9457 9.6528 50.0858 50.8115 1.14514 5.70496 48.1936 8.95239 34.1116 8.12738 11.9582 12.2934 18.4945 15.024 6.16072 2.10997 0.0120008 0.423306 0 8.93573 0.453126 9.95354 13.2704 0.366132 
21.7448 39.9475 8.44866 26.5429 21.8493 1.30537 31.454 33.9873 36.0101 0.411158 0.199374 81.1352 14.2848 10.2217 28.1337 9.4127 5.75754 1.14944 23.6643 4.50025 47.3804 1.14605 8.74797 0 4.29571 7.1224 0.205046 12.9258 
314.511 359.637 28.1619 313.463 33.3434 313.565 13.3657 140.703 383.708 71.5636 10.8097 53.4058 54.8249 0.107594 0.0124874 31.2223 337.512 53.5691 17.4053 13.7984 37.8088 9.18248 20.0401 31.5846 0 83.1588 135.042 40.8816 
10.8142 47.1947 0.00381346 1.38453 29.5925 0.895028 0.866284 181.917 100.376 60.4752 161.782 12.1861 9.1279 13.0118 5.91683 3.87247 12.9616 26.6593 16.7042 11.9641 62.1977 0.0430761 0.873875 3.91574 27.1064 0 0.221332 17.4906 
4.32052 20.0891 10.8991 2.29728 5.82313 13.8619 52.953 96.8185 38.6409 42.6333 64.1543 52.5211 22.0842 1.93931 17.8193 4.34112 15.6262 41.0495 13.8324 4.39133 42.746 5.25837 2.5183 1.25569 14.3703 10.4366 0 2.45801 
57.8272 31.9987 21.9368 7.06639 20.4334 22.0285 70.1428 115.345 34.3626 54.5212 1.64972 2.32871 13.0507 0.0128014 4.52354 2.70442 15.1875 44.7659 25.6487 11.508 49.8469 1.99382 6.39339 14.0379 4.05356 63.5313 28.524 0 
