0 522.985 10.2797 497.22 14.476 448.755 85.45 308.322 419.705 155.22 0.479227 62.2476 8.67557 30.1724 65.1123 58.8411 432.563 234.141 112.256 259.107 234.459 38.1735 35.0268 22.1903 433.043 53.5663 24.3525 46.7334 
465.194 0 465.247 358.748 207.919 530.076 5.66752 48.3106 387.996 205 2.89522 212.784 105.144 1.28103 93.6184 41.2947 491.569 882.833 25.2012 136.688 167.552 14.3506 45.9743 4.66505 372.082 13.4093 12.2722 62.9778 
77.2972 7.50139 0 20.8058 23.5461 13.1335 10.1161 208.402 3.69699 1.69601 42.8935 173.31 16.2133 13.0853 3.38006 20.9214 55.6645 0.241147 7.0977 26.8567 57.8959 5.39037 0.00291656 4.39312 14.6074 17.653 10.7641 18.1714 
449.483 537.042 5.78799 0 135.11 363.795 168.14 515.192 360.951 90.6206 194.393 248.971 23.565 18.2285 5.31542 41.5977 364.045 71.8813 60.4575 48.1997 35.6094 6.8145 2.10002 26.6374 369.919 0.209423 27.397 20.9199 
175.116 518.144 0.003697 36.0208 0 385.178 435.734 129.842 330.961 278.877 162.632 178.932 178.506 34.0293 43.2833 44.9914 68.8942 37.3592 80.0296 93.4426 39.1523 0.0825328 55.2184 42.4372 44.0276 70.0793 0.0871382 38.1771 
486.671 540.489 4.29735 402.658 247.237 0 724.045 178.923 831.363 587.756 87.8706 63.6075 669.219 1.55583 10.761 9.8361 401.271 17.3844 7.10028 5.2318 1.62511 3.44557 7.21714 3.8313 373.898 5.73033 19.956 19.5744 
10.078 2.23228 233.623 0.337134 103.032 2.40013 0 399.833 871.058 90.9872 8.50473 40.6064 51.9044 69.0009 26.8392 103.377 18.2462 124.625 118.527 16.974 59.8988 55.9642 27.0089 64.7109 63.836 35 60.5586 57.5663 
7.62624 293.414 117.412 171.495 139.567 77.3481 410.427 0 239.01 12.8517 245.753 1011.17 11.1016 104.419 165.593 35.8759 22.0572 122.985 79.0355 41.9394 152.262 1.73685 8.25163 83.8862 145.493 3.88298 87.8746 9.75953 
607.251 597.827 149.272 689.192 55.8756 744.341 1299.97 281.747 0 307.778 792.537 384.499 0.35328 60.031 97.7155 119.386 470.872 208.906 151.236 12.6047 7.03888 17.6098 2.36089 0.040023 406.32 30.9914 37.0949 30.0869 
11.8 181.865 13.6165 36.7613 6.48827 98.1608 413.272 170.791 382.302 0 458.901 150.816 282.595 51.901 63.1505 47.6577 33.3423 40.8659 6.72658 49.6327 67.7911 21.4526 3.67035 39.5316 71.5106 63.2459 13.9096 52.4552 
130.051 140.011 166.026 113.237 261.132 208.161 5.30958 168.057 308.539 51.7184 0 11.5879 193.71 213.376 56.8917 82.0507 63.4159 155.529 23.0933 2.40524 136.509 55.6362 132.465 107.005 80.7265 164.747 18.41 71.4556 
175.249 201.732 87.7732 124.787 3.92851 131.786 257.954 794.909 19.9592 17.5052 302.675 0 6.93599 23.0903 71.751 42.9228 41.5858 64.4765 59.2997 6.63425 35.7677 64.0325 0.644904 155.724 210.064 349.691 107.657 121.605 
105.341 147.892 63.027 0.0714008 162.961 40.2895 52.6519 139.903 12.5866 86.497 246.915 53.2432 0 94.7271 110.697 22.5246 19.5853 0.290935 27.763 3.59205 65.1018 1.12872 44.199 30.4217 35.5476 54.1091 29.5944 26.1102 
20.9231 70.4679 15.2878 8.16222 63.7627 0.317314 20.9815 1.26083 73.665 19.1886 114.937 115.082 12.6954 0 61.3708 5.8283 20.9671 49.6095 9.76677 3.7644 19.7829 10.0744 8.90079 9.7781 0.639889 0.910052 0.0302701 1.82599 
5.73797 3.29889 24.0343 3.21154 15.991 35.145 8.10485 0.305709 106.656 89.5351 11.4406 269.675 119.089 52.4781 0 46.3032 22.8097 19.027 0.893753 6.30143 7.91826 15.2963 0.000243351 19.4878 0.143493 13.3887 4.53681 0.243781 
73.049 33.322 0.614261 20.6448 23.1252 26.9583 96.4456 258.662 22.5053 88.7355 79.3783 85.4638 0.000128118 2.50869 80.5206 0 16.6827 0.00486349 0.69347 0.0687159 21.4291 2.16242 12.4376 23.2648 34.3413 7.18836 5.47844 0.47717 
429.527 394.075 18.854 397.279 146.731 403.231 108.928 14.5437 419.011 31.3508 91.4503 34.1173 1.16138 7.68813 11.6912 25.9092 0 7.05327 547.238 1.20354 31.6553 4.3928 10.0918 20.7747 362.949 6.82579 3.83496 3.34605 
43.4993 71.7005 152.287 141.141 199.733 78.8099 150.816 162.305 206.757 34.2051 93.4103 57.3333 78.4335 13.7155 58.1538 35.8979 173.497 0 103.877 86.9686 90.7895 16.8989 35.5956 44.5104 56.2093 25.2388 23.4094 41.5572 
23.8043 155.801 18.517 15.0821 75.3446 15.9472 62.6969 115.213 103.979 12.8072 2.31557 1.06816 85.1977 5.07535 35.2615 15.7215 2.77503 124.818 0 33.8735 5.10639 21.2586 22.7456 23.5401 4.99607 8.74774 1.37239 0.552603 
5.994 33.2634 14.2633 48.2013 83.3694 12.0863 59.461 51.3795 79.6145 10.0618 69.0064 44.5189 26.819 0.161652 6.9604 0.345659 33.0531 84.7984 34.4168 0 6.02368 0.899241 1.86717 0.104648 0.388257 1.90875 10.903 9.29211 
86.6428 179.171 45.0979 27.8072 12.5092 25.2424 39.9298 205.703 7.58948 93.4856 56.6864 129.371 0.00839882 16.2305 24.2342 2.09044 56.2738 75.62 60.2388 219.908 0 32.7123 0.271785 35.0671 8.89134 30.1829 8.11045 30.1233 
30.9379 31.6206 4.28123 3.81648 13.3237 18.0548 54.7792 50.5079 15.5469 37.0375 0.171457 43.2047 29.9592 5.49968 1.89625 0.0383743 20.6158 30.8449 22.4057 3.94895 20.351 0 0.515322 13.8382 7.04175 1.64509 5.40138 4.64061 
2.32414 48.8474 4.42818 18.0145 36.7081 9.73997 50.465 51.4724 1.28868 5.48516 49.2824 8.43618 34.9454 8.28564 11.6249 12.2587 18.4742 15.1743 6.2315 2.12386 0.0173929 0.476945 0 8.39024 0.396233 9.97848 13.2876 0.349474 
21.4701 40.2258 8.53474 26.5215 22.085 1.25741 31.0657 32.9715 35.417 0.353813 0.126779 83.2832 13.8937 10.187 28.1273 8.90159 5.81301 1.20421 23.6822 4.47786 47.4231 1.20429 9.29642 0 4.12238 7.25008 0.181312 12.9732 
359.378 405.013 28.1341 358.45 33.0338 358.552 13.7714 142.568 427.756 71.5482 10.1907 777.201 54.748 0.0901954 0.00447911 33.0071 382.416 53.7151 17.2965 13.7925 37.5427 5.62632 19.7562 30.9112 0 77.1688 156.311 55.3015 
11.1569 47.6842 0.00056061 1.25548 29.9424 0.957682 1.00136 184.557 99.2902 60.0439 162.297 15.5865 9.33336 13.0189 6.14739 3.59944 13.0542 26.3916 16.588 11.9745 62.1244 0.0380644 0.908682 4.02552 26.6841 0 0.170576 16.5103 
4.21455 20.2801 10.9777 2.22974 5.92713 13.9323 53.1136 96.6055 38.9912 42.7497 63.7954 53.3204 22.2119 1.9745 17.8758 4.2548 15.6775 41.1245 13.7671 4.35787 42.7983 5.21567 2.46577 1.19751 13.945 10.1211 0 1.8922 
57.9512 31.713 21.9112 6.9118 20.2209 22.0695 70.2964 114.602 33.8313 54.3963 1.48723 2.74663 12.8927 0.0171138 4.41127 2.81554 15.2547 44.8849 25.6136 11.5097 49.9089 2.01962 6.34972 14.0113 4.24197 63.4131 30.268 0 
