0 623.208 25.6688 418.359 5.06348 422.42 110.141 304.297 385.899 156.542 0.0287826 48.0858 6.21132 32.3073 66.9375 54.6966 411.341 236.628 114.442 282.297 241.256 37.639 33.5543 24.5576 417.017 49.537 25.9821 44.6667 
555.507 0 400.306 354.328 120.295 484.726 2.8847 30.6246 402.951 219.759 0.147107 205.46 97.2036 0.539647 95.2929 45.8057 468.209 861.797 35.2475 140.429 172.555 15.8434 44.2076 3.44401 353.335 16.6303 13.7031 63.6831 
51.4325 71.1218 0 5.67423 38.5812 7.79285 0.876079 237.039 8.81051 0.176274 65.9383 162.977 19.5596 12.2656 5.00608 19.6462 55.6239 2.83363 4.91574 27.3839 47.8084 5.01253 0.0105916 3.7496 16.1386 15.998 11.4301 17.4 
380.937 569.601 196.122 0 123.694 351.254 150.388 895.44 359.999 84.9779 185.207 257.701 20.413 19.1524 3.76 42.5553 349.628 60.7951 59.0816 47.7872 25.4754 6.34062 1.61181 26.6089 356.226 0.000715064 27.1786 22.4491 
149.745 472.363 2.38233 48.2724 0 366.06 425.899 144.431 346.682 244.189 142.37 179.826 177.737 30.7613 48.6514 41.4999 58.4857 52.0286 47.2768 94.5992 44.9654 0.000541995 54.5346 40.6267 41.4903 70.5409 0.0101874 36.3825 
465.948 548.056 8.61256 391.905 239.166 0 22.626 161.768 806.765 549.017 57.5982 52.4385 412.335 0.949885 8.06809 11.4538 382.48 11.9408 3.64011 4.21664 2.81867 2.82691 6.47514 4.49946 359.088 4.57859 20.0814 18.9133 
22.0654 6.67865 246.553 4.36991 161.751 263.41 0 377.95 1243.9 177.89 0.101234 59.117 37.0599 63.2008 18.0807 103.801 22.4221 143.015 108.605 12.8932 67.2778 57.4194 23.6741 66.5738 59.2664 29.429 60.451 60.0742 
19.7326 288.456 82.5297 146.516 153.791 98.19 403.807 0 357.366 21.8694 280.553 861.491 7.50711 110.508 154.104 62.8325 18.965 132.066 74.0741 35.3296 163.966 2.53338 11.565 73.8999 129.288 13.7936 90.8466 5.70699 
599.899 531.529 62.1926 666.043 31.124 792.767 1041.41 169.232 0 263.498 1269.58 398.671 0.161884 70.4832 157.022 128.642 455.472 201.843 153.612 16.5845 11.8629 15.518 0.968992 0.106015 397.838 23.1144 34.1336 25.8121 
17.6613 200.253 8.10627 43.9038 23.3572 265.891 325.247 184.554 386.693 0 343.024 170.44 311.97 45.8161 76.6384 40.8234 37.0532 48.4794 10.8605 47.8788 63.9556 24.2961 5.35765 42.4077 71.5467 66.457 12.4692 51.0204 
118.493 118.431 139.387 131.166 260.232 176.837 30.1749 130.747 89.5008 139.717 0 0.0415972 174.202 210.66 123.582 108.463 60.0458 150.084 18.3916 1.30995 140.182 58.4316 129.959 100.041 90.749 166.354 15.6368 65.8026 
160.629 192.017 104.613 154.393 1.58727 122.519 270.456 522.096 5.26872 8.44563 229.785 0 3.85492 34.2772 106.018 0.974315 44.5477 71.3923 55.4548 9.24885 28.7008 66.1454 0.00107577 168.228 185.826 287.164 103.093 107.375 
106.965 146.13 65.5931 0.0182272 169.163 8.7924 69.2058 143.018 6.62562 47.3788 252.397 61.5019 0 73.514 104.306 17.6133 17.5749 0.920954 24.1861 2.80629 63.1984 0.150141 51.4891 26.3499 37.7111 54.662 30.5224 27.5649 
23.0482 71.0506 15.7775 7.06626 65.5411 0.0805067 26.3286 0.131951 84.6064 24.5952 138.84 100.892 26.6301 0 53.9605 3.56029 20.6796 50.551 10.6865 3.63582 18.294 10.3916 9.59108 10.1896 0.321776 1.36018 0.0848176 2.21531 
7.70621 1.58122 26.2181 2.004 12.181 37.3367 3.44411 0.464757 129.695 76.436 52.8963 273.848 119.143 60.871 0 70.1915 23.5968 16.5519 1.41284 5.87535 6.45431 15.8444 0.300323 16.737 0.574223 15.8561 5.21811 0.551564 
75.4799 28.9709 1.22793 24.0345 26.4489 26.4742 92.6009 249.316 14.7387 90.6977 105.672 14.8321 0.409427 4.54516 89.5362 0 15.9281 0.0553275 1.04663 0.152196 18.8363 1.76046 12.4626 26.5576 34.2353 4.41808 4.70249 0.978541 
418.355 386.95 16.0602 378.517 141.578 384.558 107.646 11.9487 397.901 35.0274 89.8753 31.2534 1.82461 8.27911 10.7861 25.7379 0 0.245182 578.901 0.768188 29.4161 4.79811 9.62572 20.8752 347.363 7.5192 3.48441 3.76145 
60.0282 46.5173 158.653 144.312 212.118 86.7751 168.141 167.984 212.671 41.4407 102.145 64.1469 82.1615 15.4104 60.1336 33.5205 136.897 0 94.3293 87.5529 95.5097 15.8279 36.6752 43.6482 57.1113 22.9966 24.545 42.7238 
29.2893 162.787 21.9833 17.9696 43.4475 21.9679 52.0552 116.129 95.115 8.30691 0.923399 2.01065 85.5794 4.35826 36.0674 14.6534 9.19569 116.821 0 33.0346 3.88454 21.7686 22.5548 23.3383 5.70121 9.65614 1.12575 0.368531 
15.5665 23.2393 16.2347 47.8505 86.8255 10.8045 64.7918 58.4004 74.4222 8.1756 71.9725 49.2932 28.2629 0.111054 7.37661 0.212589 33.4483 86.253 35.0701 0 42.6306 1.00563 1.98498 0.0581652 0.571468 1.57387 10.9546 9.56844 
65.7196 178.539 35.5764 66.7263 16.3986 28.675 46.7428 207.697 12.5647 91.4238 49.9165 136.689 0.140025 17.6909 22.0546 1.21 54.503 80.8978 58.2622 144.085 0 32.6026 0.504546 36.5116 7.30587 27.5419 9.07326 28.4656 
31.8634 33.2093 4.64827 4.23058 15.0471 17.4682 56.3446 52.4467 13.5501 34.1403 0.00386525 46.118 36.1533 4.83891 1.39186 0.00151002 20.7725 29.854 22.8484 3.80293 21.0608 0 1.11043 14.0351 6.10785 1.90301 5.03876 4.36431 
1.6595 47.2658 3.90436 17.5499 34.6642 10.4727 53.6098 57.0757 2.84338 3.77765 58.7104 4.63709 42.1554 9.31203 8.8439 11.8482 18.2906 16.4669 6.84293 2.2417 0.103454 1.05487 0 4.13523 0.0851891 10.1625 13.4071 0.22312 
19.1673 42.5559 9.26197 26.2573 24.1048 0.883854 27.7931 24.7968 30.4754 0.0398938 0.170709 101.647 10.7423 9.77375 27.7461 4.95573 6.2909 1.71975 23.8134 4.28454 47.7225 1.75074 13.932 0 3.44792 8.34289 0.0382765 13.349 
342.574 392.318 27.8065 342.669 30.4075 342.667 17.4154 157.465 403.781 71.2016 5.62816 258.025 53.9962 0.00416525 0.0985442 56.9175 365.732 54.892 16.368 13.7225 35.2591 15.629 17.3368 29.2656 0 7.95981 89.5753 130.665 
14.2439 51.8046 0.0898831 0.409737 32.9351 1.57156 2.53703 204.787 89.7785 56.2182 165.461 59.6354 11.1514 13.0244 8.23207 1.65081 13.8425 24.1318 15.5979 12.0421 61.3814 0.00796071 1.22882 4.99753 23.0492 0 0.0058254 9.04064 
3.36273 21.9168 11.6413 1.69333 6.84274 14.5213 54.4174 94.5673 41.969 43.6903 60.6729 60.1518 23.2919 2.28338 18.3274 3.54705 16.109 41.7347 13.2104 4.07528 43.2074 4.85523 2.0372 0.755878 10.8425 7.57549 0 0.0744978 
58.9106 29.2884 21.6481 5.65045 18.436 22.3809 71.4639 107.862 29.402 53.234 0.443946 7.64748 11.5736 0.0789025 3.50237 3.83477 15.8218 45.8582 25.2962 11.5119 50.3768 2.2439 5.9748 13.7542 6.00187 60.8901 45.8613 0 
