0 480.248 34.958 193.965 2.28188 217.95 122.12 300.404 178.885 156.717 0.330919 41.8854 5.18564 33.3009 67.7016 52.6794 209.354 236.627 115.228 276.47 243.049 37.369 32.8437 25.6831 217.42 47.6001 26.749 43.6635 
411.84 0 351.681 165.77 84.8984 270.76 13.0123 23.5374 221.186 225.547 0.0566741 201.415 93.3569 0.299256 95.8674 47.9182 264.953 773.143 40.4069 141.439 174.443 16.5603 43.3441 2.92978 152.653 18.236 14.3947 63.9542 
40.4884 119.313 0 31.1175 46.6036 5.69928 0.0168375 248.263 27.3833 1.02275e-05 77.8574 157.329 21.2037 11.8615 5.86206 19.001 55.4921 5.0174 4.01582 27.5361 43.1874 4.83627 0.0312278 3.45886 16.8522 15.2059 11.7408 17.02 
163.531 390.671 231.7 0 117.877 153.682 141.22 214.649 172.041 82.1086 179.936 259.517 18.9774 19.5614 3.11154 42.8257 150.973 55.6604 58.3282 47.3449 72.9192 6.11992 1.40241 26.544 157.888 0.0649084 27.0492 23.1502 
137.554 441.182 4.99975 54.4026 0 329.868 414.955 151.106 351.434 225.954 132.703 179.882 176.796 29.2349 51.1767 39.8426 53.6966 59.5324 34.2988 94.9145 47.7695 0.0102011 54.161 39.7514 40.2793 70.6702 8.93891e-05 35.5255 
263.74 357.716 11.0781 194.747 367.216 0 13.1899 152.92 588.089 855.861 44.9736 47.3679 156.521 0.714051 6.90308 12.2278 181.654 9.69581 2.39331 3.7689 3.4888 2.55361 6.13066 4.82631 160.173 4.07254 20.1263 18.5861 
29.1592 20.0979 249.234 7.8053 191.388 479.564 0 363.901 1305.32 223.703 3.39363 68.7116 30.765 60.3811 14.4721 103.695 24.4976 151.474 103.72 11.1369 70.7726 58.0512 22.1433 67.3604 57.0612 26.9033 60.3517 61.1968 
27.2405 284.572 67.3075 101.42 160.236 108.174 396.45 0 412.846 26.8447 295.675 750.08 6.04593 113.079 147.972 77.2909 17.5718 136.175 71.6931 32.3297 169.125 2.95796 13.2921 69.1544 121.244 20.4173 92.1219 4.15882 
403.294 308.518 32.4408 458.508 21.7439 610.252 824.366 122.713 0 240.809 909.425 402.093 0.758668 75.6037 147.52 132.567 256.139 197.953 154.358 18.6108 14.5355 14.5664 0.523333 0.328057 201.959 19.7308 32.7501 23.8738 
20.774 207.992 5.97005 47.3364 34.6145 345.93 279.209 190.473 384.187 0 284.918 179.254 321.493 42.9166 82.8809 37.6369 38.8155 52.1778 13.1126 46.9963 62.1162 25.6558 6.25077 43.7194 71.4298 67.8361 11.8089 50.2899 
112.932 108.382 126.421 139.312 258.692 161.096 48.3999 113.908 43.6132 191.513 0 1.70896 164.505 207.489 160.107 121.095 58.436 147.281 16.3339 0.907197 141.708 59.7067 128.325 96.5314 95.3583 166.332 14.3929 63.0972 
153.393 186.929 112.455 167.977 0.843864 117.828 275.053 387.525 1.59271 5.27739 195.94 0 2.70899 40.1054 123.067 2.80798 45.9413 74.6635 53.6334 10.613 25.5894 67.0833 0.108868 173.147 181.685 252.383 100.751 100.463 
107.585 144.974 66.6895 0.105131 171.566 2.33641 77.4242 144.245 4.45709 32.3767 253.703 65.4679 0 63.5557 100.782 15.456 16.6524 1.33847 22.5545 2.46779 62.2679 0.00475784 54.879 24.4727 38.7078 54.8551 30.9477 28.2423 
24.0578 71.2154 15.9746 6.56576 66.2873 0.0230311 28.977 2.63639e-05 89.666 27.2768 149.582 93.9919 34.5827 0 48.0571 2.64302 20.534 50.9528 11.1247 3.57354 17.5994 10.5159 9.67412 10.3093 0.208902 1.59945 0.119921 2.40855 
8.72035 0.985909 27.1809 1.52895 10.5415 38.2358 1.91656 1.59119 140.355 70.103 81.2273 272.411 118.497 62.001 0 79.0646 23.956 15.4278 1.69641 5.67475 5.81082 16.0787 0.658215 15.3968 0.874242 17.0177 5.54937 0.738157 
76.4706 26.973 1.5855 25.6131 28.0488 26.1805 90.5477 241.935 11.5928 91.2785 118.301 1.45307 0.873806 5.64769 88.9274 0 15.5693 0.14336 1.23695 0.20262 17.6491 1.58318 12.3991 27.7057 34.0088 3.31209 4.35101 1.27316 
221.08 191.866 14.7913 177.724 138.726 183.779 106.868 10.8039 196.03 36.779 89.0549 29.9249 2.18677 8.56031 10.3657 25.6417 0 0.277302 250.76 0.596266 28.3691 4.99323 9.40632 20.9135 148.1 7.85273 3.32417 3.96381 
68.4153 39.7639 160.726 145.233 217.137 90.3728 175.877 170.34 214.836 44.992 106.2 67.3909 83.8502 16.2284 61.0065 32.3954 119.681 0 89.7069 87.6468 97.6419 15.3287 37.1658 43.2159 57.4915 21.9557 25.0777 43.2522 
32.0014 165.459 23.6615 19.3811 30.971 25.0279 47.2173 116.401 90.8498 6.50221 0.484619 2.55424 85.6369 4.0362 36.4102 14.1516 18.3184 112.79 0 32.6049 3.36413 21.9991 22.4519 23.2304 6.04545 10.0921 1.01774 0.294601 
23.4785 19.0236 17.1478 47.4367 88.263 10.2056 67.2205 61.7122 71.8886 7.34435 73.2924 51.5397 28.9317 0.0904462 7.56992 0.160878 33.601 86.7625 35.3385 0 69.5434 1.05737 2.04053 0.0409413 0.669343 1.42579 10.9737 9.69342 
56.4992 177.734 31.3324 73.8585 18.3845 30.3219 50.0465 208.012 15.3051 90.3564 46.8035 139.93 0.257098 18.386 21.0424 0.876972 53.6389 83.3324 57.2944 109.038 0 32.5398 0.63846 37.1711 6.60638 26.3078 9.54016 27.6808 
32.2868 33.947 4.82321 4.43036 15.8814 17.1744 57.0304 53.3298 12.6465 32.7637 0.0107123 47.4739 39.1394 4.5305 1.17921 0.00123054 20.8388 29.3794 23.0461 3.73374 21.3917 0 1.46206 14.0891 5.67884 2.02949 4.86962 4.23512 
1.38403 46.4835 3.66409 17.3112 33.689 10.8114 55.0354 59.6917 3.77868 3.07703 63.2172 3.22638 45.5903 9.57093 7.59298 11.5862 18.197 17.083 7.13642 2.29697 0.1688 1.39899 0 2.52465 0.047122 10.2314 13.4466 0.173224 
18.1062 43.6277 9.60027 26.0827 25.0636 0.729672 26.2754 21.2658 28.2215 0.000183925 0.600181 110.227 9.3746 9.50934 27.3673 3.41813 6.51954 1.99281 23.8617 4.19186 47.8242 2.03806 15.9256 0 3.63173 8.85835 0.00758752 13.5086 
142.843 194.377 27.5964 143.419 29.1777 143.297 19.2434 163.79 200.567 70.9057 3.92946 985.684 53.5826 0.00216577 0.242796 67.9325 165.932 55.4053 15.9297 13.677 34.1735 39.0975 16.2088 30.7187 0 1.16723 43.7519 77.2454 
15.7981 53.7111 0.204049 0.170338 34.3509 1.9095 3.49541 212.741 85.1633 54.3286 166.183 88.4163 12.0487 12.9928 9.28043 0.981476 14.2134 23.0805 15.1314 12.0609 60.9583 0.00154911 1.39387 5.47595 21.3285 0 0.0940176 6.1771 
2.99286 22.6945 11.9505 1.46479 7.29266 14.7924 54.9924 93.4708 43.3672 44.102 59.1624 63.373 23.7964 2.43452 18.5216 3.23112 16.309 42.0048 12.9476 3.94363 43.3779 4.68732 1.84718 0.581731 9.71152 6.47348 0 1.10023 
59.3025 28.1526 21.4965 5.09188 17.6108 22.5043 71.9265 104.448 27.3797 52.6265 0.164195 10.7618 10.9689 0.123452 3.10463 4.35766 16.0859 46.2917 25.1352 11.5052 50.5603 2.35242 5.79646 13.6144 6.91308 58.8068 53.3383 0 
