0 759.739 71.1937 267.128 0.740211 323.129 160.468 279.958 280.36 155.357 3.47141 24.5034 2.5135 36.4007 69.7113 46.0448 322.473 231.64 116.668 214.11 242.594 36.4326 30.5145 29.2958 337.839 41.3195 29.1831 40.3539 
706.001 0 164.877 341.28 10.5453 345.99 89.4722 6.895 408.917 238.45 4.89663 186.205 80.7834 0.00271693 96.7645 54.5332 373.028 415.279 58.3122 141.373 178.37 18.8975 40.4708 1.5585 270.475 23.6876 16.6685 64.5543 
13.2044 305.879 0 192.018 75.0359 1.12536 12.2455 272.11 142.562 1.74718 118.47 136.539 26.6824 10.5112 8.92084 16.7866 54.5966 15.8391 1.72809 27.6027 29.3651 4.28326 0.169139 2.5915 19.0709 12.6619 12.7149 15.746 
264.6 560.949 328.102 0 97.9657 282.006 109.826 52.4329 345.753 72.2202 159.624 255.282 14.6442 20.7416 1.43164 42.8994 275.158 40.0163 55.5002 44.9203 67.7736 5.42858 0.826651 26.1204 282.941 0.957227 26.5251 25.2857 
99.0279 313.562 19.3257 74.937 0 148.138 356.292 171.2 354.662 163.413 102.071 178.497 171.379 24.4597 59.1233 34.545 39.1762 85.4186 6.11072 94.93 56.9211 0.246771 52.7559 36.8759 36.3691 70.7036 0.0794991 32.7529 
374.335 497.899 20.4087 322.535 1042.99 0 1132.79 122.487 595.95 539.725 14.0627 32.3295 650.382 0.183121 3.71127 14.714 298.503 4.01937 0.147501 2.4852 6.06952 1.76454 5.06164 5.91318 283.211 2.63089 20.2091 17.4808 
57.1395 105.316 242.714 24.8057 286.432 929.494 0 305.872 943.942 369 43.6402 102.179 14.1961 51.1531 5.47403 102.06 31.5235 176.943 87.5317 6.31404 81.8928 59.8268 17.473 69.4617 49.8754 19.3747 59.8287 64.5048 
57.9832 265.972 27.0881 5.99535 179.355 139.537 356.403 0 566.796 45.4667 336.608 330.115 2.41664 119.878 125.97 127.726 13.4206 148.417 63.9659 23.3727 183.804 4.5177 19.4481 54.1437 94.6757 48.748 95.6261 0.835052 
528.348 359.734 2.5279 536.327 2.80926 720.08 134.399 19.8919 0 165.431 1211.81 398.701 5.55189 92.4135 27.0258 142.95 377.254 183.351 155.118 25.6495 24.6536 11.6874 0.0122754 1.84278 334.77 10.5312 28.4072 18.0642 
32.0459 227.937 1.28733 58.3793 82.2863 495.981 134.563 206.54 357.36 0 114.211 204.798 331.11 33.7148 101.545 27.8262 44.4558 64.3125 21.4793 43.9617 56.1441 30.0431 9.48875 47.6807 70.4903 71.6092 9.78852 47.7419 
94.948 77.6056 85.382 163.228 249.156 109.755 129.233 65.445 106.357 373.813 0 36.6474 132.276 189.856 280.356 160.075 53.2297 137.408 10.498 0.11422 145.673 63.5745 121.28 84.5514 109.316 162.95 10.7137 54.3749 
129.283 168.802 136.314 207.598 0.0295935 101.777 283.818 58.0852 4.1653 0.113835 98.2595 0 0.394121 60.5053 177.55 96.4529 50.3632 85.0768 47.8097 15.49 16.6958 69.8146 2.19669 184.133 310.527 135.582 92.5578 78.1279 
108.923 139.939 69.6716 0.857284 176.888 26.2273 104.718 147.104 0.388452 2.99586 252.324 78.3054 0 34.1934 87.7052 9.36047 13.826 3.1773 17.6149 1.52732 59.1647 0.893122 65.2426 18.7368 41.773 55.1797 32.2502 30.3613 
27.2964 71.2694 16.4528 5.05105 68.2595 0.072471 37.8463 1.28868 105.042 36.2306 179.944 71.736 64.018 0 24.2776 0.567561 20.0268 52.051 12.5376 3.36828 15.4214 10.8006 8.88725 10.3605 0.0108012 2.46792 0.271558 3.0628 
12.2999 0.0212734 29.91 0.434648 6.03471 40.4713 0.0167174 9.54014 172.022 50.0005 194.736 253.756 113.646 53.026 0 89.1894 25.0486 12.0428 2.76253 5.03813 3.96511 16.7178 2.66295 11.1034 2.22808 20.6303 6.64414 1.50486 
78.9357 20.887 2.99895 30.4521 33.2572 24.9773 83.0717 207.387 3.97072 91.6303 157.497 51.2423 3.48511 9.51574 67.6672 0 14.4139 0.696686 1.94378 0.40982 14.0342 1.07318 11.8828 29.3129 32.551 0.794924 3.29841 2.44767 
348.983 327.794 10.9878 294.753 127.983 300.746 103.659 7.50181 309.752 42.4097 86.1158 25.7906 3.54943 9.4671 9.05415 25.2695 0 14.0825 274.738 0.192096 25.0739 5.63258 8.70811 20.9965 270.113 8.94327 2.83465 4.63667 
96.9955 125.474 163.181 145.668 229.292 100.99 198.161 176.414 218.986 56.7949 118.755 77.8081 88.9169 18.9103 63.5191 28.8028 68.3154 0 74.6793 87.1706 104.007 13.7623 38.6497 41.7305 58.5085 18.7175 26.7644 44.8424 
41.0994 171.157 29.1364 24.0567 4.6926 35.4915 32.8161 116.574 77.0422 2.1794 0.0224148 4.70394 85.2978 3.07988 37.3406 12.563 66.7285 99.0248 0 31.0949 1.94627 22.6907 22.0686 22.8324 7.19204 11.512 0.708512 0.113778 
60.7803 8.13085 19.9373 45.0979 91.9767 8.33617 74.5159 72.154 63.5206 4.95666 77.1425 58.6314 31.0073 0.0386991 8.17206 0.0436798 33.9429 87.6213 36.0211 0 178.333 1.22908 2.21749 0.00612728 1.02953 0.997326 11.0118 10.0686 
30.7544 173.05 19.1538 44.2505 25.3235 35.6625 60.8849 206.345 25.6224 86.5614 37.2794 149.286 0.864168 20.6258 17.8919 0.170456 50.7645 90.8235 54.0639 22.4664 0 32.2919 1.1679 39.1766 4.58833 22.4376 11.0833 25.1696 
33.5809 36.2474 5.38825 5.08606 18.6276 16.1682 58.9872 56.007 9.93444 28.3592 0.398236 51.7072 48.7734 3.5724 0.613191 0.0731731 21.0173 27.8353 23.6284 3.51161 22.431 0 2.8535 14.0935 4.37598 2.45276 4.33865 3.82804 
0.669417 43.8412 2.9306 16.47 30.5406 11.8559 59.3064 67.8427 7.59328 1.30749 77.5932 0.418761 56.4461 9.33868 4.04538 10.4865 17.8688 19.0736 8.09337 2.4718 0.482441 2.76959 0 0.00609221 0.390224 10.3739 13.5004 0.0558937 
14.8429 46.9174 10.6525 25.3183 28.1386 0.334142 21.5741 11.5879 21.4201 0.33566 3.68689 136.283 5.56544 8.40497 25.3617 0.344589 7.26258 2.99009 23.958 3.89043 47.9795 3.06808 20.2803 0 6.29909 10.4791 0.0670246 13.9392 
263.83 320.405 26.6957 265.918 25.3074 265.117 25.4885 180.361 310.145 69.4059 0.52814 892.216 52.0173 0.159978 1.12041 66.2084 286.162 56.8603 14.5319 13.4796 30.6861 67.0681 12.7658 39.43 0 88.2044 145.935 92.6527 
21.1318 59.5893 0.87006 0.0985763 38.8638 3.18398 7.51269 230.127 70.1454 48.0064 165.154 200.234 15.0668 12.7484 12.8259 0.00151704 15.3918 19.8 13.6477 12.0652 59.3058 0.0143022 1.97614 7.06506 15.9459 0 1.07386 0.571122 
1.95075 25.1961 12.9186 0.842382 8.80376 15.6273 56.6524 89.4197 47.7867 45.2758 54.2035 73.5407 25.3841 2.93875 19.059 2.30571 16.9328 42.7911 12.1082 3.53084 43.8262 4.1612 1.29556 0.176238 7.54275 3.4553 0 11.9197 
60.29 24.5743 20.8985 3.47702 15.0549 22.7969 73.0209 92.7148 21.2556 50.4452 0.183081 23.8507 9.11819 0.330421 1.97785 6.18255 16.9135 47.564 24.574 11.4507 50.9863 2.71012 5.223 13.0923 10.0464 48.9399 75.0752 0 
