0 977.522 86.433 439.932 3.03359 493.355 174.363 269.467 450.966 154.112 5.4732 19.0725 1.75739 37.5231 70.2885 43.5206 495.56 227.89 116.784 194.145 240.029 36.055 29.6254 30.6433 513.498 38.9612 30.0828 39.084 
934.995 0 100.697 543.312 0.884539 506.06 131.987 3.17785 612.416 240.955 8.65415 179.726 76.0307 0.0758765 96.7314 56.9271 543.9 928.335 65.4147 140.071 179 19.7856 39.3586 1.15472 445.509 25.8305 17.5398 64.674 
6.62384 370.439 0 248.002 86.3109 0.310417 22.2937 275.822 199.648 3.28091 133.928 127.927 28.7962 9.98972 10.1678 15.9129 54.0812 21.2497 1.11248 27.4642 24.6846 4.08129 0.248246 2.29395 19.8672 11.7192 13.0701 15.25 
448.578 747.258 413.438 0 90.2049 461.101 97.7451 923.924 546.117 68.3081 150.904 249.879 13.1369 21.1295 0.964718 42.6196 452.506 34.587 54.2907 43.6459 1.36584 5.17647 0.649186 25.8796 460.548 1.55114 26.2874 26.036 
85.2662 260.377 26.7731 82.7791 0 100.921 326.84 178.108 351.183 139.722 90.9757 177.378 168.454 22.7293 62.0109 32.5809 34.1449 95.6162 1.38796 94.5506 60.3872 0.414625 52.1516 35.7764 34.9005 70.5687 0.152442 31.7079 
545.837 676.711 24.3088 500.714 655.743 0 1283.44 110.667 716.564 370.291 6.80603 27.2682 686.417 0.0736977 2.74971 15.6357 472.979 2.51439 0.00266747 2.06741 7.19677 1.50431 4.67756 6.33294 460.012 2.16578 20.2163 17.0469 
69.3194 150.061 234.602 33.2436 319.404 875.126 0 280.251 666.581 415.652 69.0746 115.449 9.53622 47.6712 3.1795 100.955 34.2784 185.643 81.3629 4.84092 85.9897 60.3922 15.8286 70.0809 47.1633 16.8078 59.5542 65.624 
71.7052 256.812 16.2317 48.0179 185.812 150.648 335.824 0 608.799 53.3408 348.48 190.946 1.47655 121.826 117.051 147.047 11.9948 152.597 61.0535 20.3129 188.503 5.17676 21.9707 48.6988 84.7096 61.6166 96.7031 0.241761 
703.79 513.09 18.512 690.578 0.300392 867.259 14.6787 3.5523 0 137.828 901.571 391.929 8.43252 98.7286 54.8775 145.908 553.116 177.137 154.767 28.4705 28.9993 10.6794 0.177822 2.71574 515.198 7.78021 26.8231 16.0604 
36.71 233.306 0.411463 62.4649 103.62 495.027 88.6541 211.317 340.636 0 65.4491 213.09 326.361 30.3663 107.771 24.3765 46.5518 68.918 25.0122 42.7531 53.8895 31.6852 10.8355 49.0575 69.9229 72.7559 9.07165 46.7129 
88.2364 66.8885 70.9035 171.09 243.877 91.2225 165.933 50.0688 132.114 438.567 0 60.2792 120.065 180.66 320.439 173.403 51.2699 133.4 8.62389 0.011774 146.788 64.931 117.988 79.851 114.142 160.431 9.46198 51.1184 
120.058 161.412 144.513 220.26 0.33461 95.4818 284.708 7.09374 10.6406 0.15661 68.3441 0 0.0610429 68.6044 196.634 157.56 51.9961 88.9227 45.6444 17.4973 13.8138 70.7263 3.64053 186.264 338.831 95.6528 89.2549 69.8961 
109.171 137.559 70.5722 1.32023 177.929 42.7962 115.061 147.749 0.00440406 0.0499058 249.668 83.1157 0 24.8849 82.2544 7.43053 12.8218 4.05608 15.8899 1.23234 57.9595 1.74419 68.8457 16.7222 42.8649 55.1867 32.7135 31.1322 
28.5042 71.106 16.5705 4.52312 68.8305 0.181189 41.2695 2.42616 110.361 39.6619 189.233 63.5717 75.865 0 15.6756 0.174846 19.8216 52.3873 13.0681 3.28945 14.6271 10.8618 8.22408 10.2504 0.00078247 2.82838 0.343281 3.31985 
13.7582 0.0290144 30.7758 0.195812 4.65421 41.0416 0.481653 14.1124 182.444 42.8095 240.176 241.769 110.804 45.6357 0 84.8877 25.434 10.866 3.22065 4.80314 3.36098 16.9119 3.71314 9.55381 2.87904 21.9112 7.06486 1.8547 
79.5743 18.7517 3.62402 32.1409 35.2248 24.4308 79.9653 191.026 2.12727 91.1754 170.99 101.454 4.88223 10.9996 54.4747 0 13.9803 1.00789 2.24497 0.504639 12.7626 0.906003 11.5743 29.0614 31.7346 0.289446 2.93553 2.9707 
527.437 509.579 9.67923 469.324 123.402 475.253 102.191 6.41293 483.149 44.5114 84.8998 24.2956 4.13611 9.80809 8.57828 25.1057 0 24.2601 558.859 0.0982588 23.8675 5.8771 8.44895 21.0123 446.571 9.35904 2.6608 4.89769 
108.096 181.887 162.452 144.855 232.226 104.551 205.357 178.095 219.438 61.3316 123.245 81.6906 90.6707 19.9341 64.3448 27.4689 51.6312 0 69.0536 86.6933 106.194 13.1897 39.1697 41.137 58.81 17.5478 27.3869 45.3965 
44.6279 172.14 31.1995 25.8507 0.757086 39.5749 27.9396 116.37 71.8791 1.14933 0.216108 5.66297 84.9691 2.75248 37.6221 11.978 88.4177 93.6204 0 30.4811 1.51403 22.931 21.9048 22.6636 7.63698 12.0509 0.607175 0.0679173 
78.2241 5.17344 20.911 43.8526 93.0053 7.66175 77.0271 75.9509 60.3215 4.17541 78.4283 61.2241 31.7555 0.0249134 8.38992 0.0188216 34.0132 87.6401 36.2067 0 220.299 1.29556 2.28318 0.00102374 1.18184 0.855493 11.0173 10.1989 
22.8665 170.504 15.2437 35.3614 28.1256 37.6724 65.0051 204.694 30.0348 85.003 33.9138 152.356 1.18053 21.4662 16.7538 0.0471814 49.651 93.4907 52.8087 5.91392 0 32.1812 1.40445 39.883 3.92274 21.0295 11.6781 24.2338 
34.0402 37.0815 5.60096 5.33698 19.6801 15.7686 59.6231 56.947 8.99384 26.725 0.684126 53.2416 52.3445 3.22974 0.447624 0.128126 21.071 27.2491 23.8262 3.4284 22.8115 0 3.46311 14.0298 3.92231 2.61772 4.1446 3.67857 
0.467959 42.804 2.67181 16.1274 29.358 12.2286 60.7782 70.7747 9.32384 0.835166 82.8567 0.0469323 60.3642 8.85295 2.95263 9.98642 17.7351 19.8232 8.45716 2.53623 0.639919 3.3729 0 0.24647 0.695755 10.3964 13.4923 0.0286343 
13.6808 48.0869 11.0314 24.9553 29.2864 0.225112 19.8887 8.66223 19.0594 0.639321 5.48692 145.164 4.37773 7.90729 24.3312 0.0108956 7.54433 3.40976 23.9714 3.7762 47.9714 3.49087 20.8425 0 8.04229 11.0651 0.150155 14.0682 
440.086 498.269 26.2736 442.721 23.8923 441.558 27.9554 184.957 482.088 68.6358 0.0656426 496.262 51.3415 0.281984 1.6047 50.6719 461.927 57.3297 14.0124 13.386 29.3831 41.9417 11.5758 41.9166 0 80.3768 52.6222 131.326 
23.247 61.6827 1.23246 0.341304 40.5344 3.73088 9.36523 233.205 64.5279 45.5628 163.486 244.045 16.2457 12.6025 14.1967 0.100694 15.828 18.611 13.0982 12.0452 58.5755 0.0319542 2.21297 7.67312 14.0275 0 1.70275 0.00945742 
1.61715 26.1337 13.2709 0.652933 9.39519 15.9257 57.2009 87.7058 49.4106 45.6575 52.3105 77.2474 25.966 3.13454 19.2263 1.99526 17.1595 43.0542 11.7953 3.38009 43.9557 3.96928 1.11239 0.0848395 7.2817 2.54788 0 18.4725 
60.554 23.264 20.6324 2.94482 14.1352 22.866 73.2779 88.0767 19.1176 49.5422 0.544401 29.8361 8.4612 0.432308 1.61692 6.91446 17.2158 47.9941 24.3467 11.4176 51.0826 2.84763 5.00848 12.8694 11.2607 44.289 81.535 0 
