0 734.534 117.84 173.345 12.1572 196.971 200.61 244.499 158.217 150.455 10.7793 10.118 0.646182 39.7017 71.1541 38.4437 204.524 217.489 116.328 182.187 231.142 35.2552 27.8204 33.324 227.319 34.2613 31.8643 36.4976 
720.557 0 14.4409 314.585 13.53 192.67 230.673 0.0072595 383.491 242.047 19.1866 165.649 66.5245 0.520355 96.067 61.552 247.998 593.632 80.0266 135.45 178.882 21.5835 37.0775 0.526225 158.644 30.2602 19.3161 64.743 
0.173402 458.04 0 288.933 109.043 0.206712 49.9511 274.309 317.079 7.71547 163.935 109.776 33.0998 8.92892 12.7901 14.1131 52.765 33.9886 0.28281 26.9259 16.3046 3.68533 0.450544 1.74522 21.394 9.86744 13.7645 14.2296 
202.553 467.385 243.792 0 74.5279 182.424 73.919 756.834 313.664 60.2435 132.077 233.311 10.3203 21.8138 0.302831 41.5707 170.143 24.604 51.641 40.5588 314.502 4.68261 0.356925 25.2677 178.574 3.14367 25.7452 27.4502 
59.6165 156.81 44.5026 98.368 0 77.333 259.971 190.758 336.847 94.4447 69.7893 174.183 161.223 19.3744 67.6016 28.6988 24.8676 116.455 2.02287 93.1731 67.3573 0.878754 50.8172 33.5416 31.96 70.0603 0.36855 29.6064 
250.732 389.6 32.4636 219.085 822.046 0 1052.38 87.0538 317.071 94.7308 0.0861505 18.2207 673.464 0.00177852 1.23873 17.4479 184.7 0.549202 0.849695 1.33866 9.70405 1.04209 3.93824 7.19082 176.368 1.36232 20.1922 16.1479 
95.7568 251.011 210.226 52.8865 376.288 490.423 0 225.224 157.812 483.99 133.219 142.611 2.9227 40.7377 0.434669 97.9714 39.966 201.369 69.0164 2.45931 94.0313 61.3604 12.7224 71.0429 41.7359 12.1274 58.8781 67.6639 
101.929 235.361 2.61909 135.451 197.433 171.162 287.621 0 657.842 70.2951 365.829 17.7763 0.284825 124.706 98.5531 184.134 9.3546 160.249 55.2154 14.7233 196.5 6.61662 27.3358 38.254 65.2692 89.9189 98.4681 0.125234 
414.027 190.433 89.9016 355.754 2.92345 493.04 140.743 10.8694 0 86.7511 460.568 369.951 15.8815 111.139 103.14 150.209 267.244 163.639 153.042 34.3773 38.5219 8.77784 1.08573 4.94774 238.684 3.47914 23.7258 12.347 
46.6603 240.344 0.121022 70.4523 149.671 414.162 22.4252 218.705 298.179 0 6.8352 227.269 303.91 23.9271 118.583 17.9482 50.7052 78.1631 32.6483 40.2265 49.3591 34.9545 13.7306 51.6246 68.4447 74.5988 7.70207 44.5381 
74.9761 47.1727 44.6265 184.654 230.737 57.2086 244.558 24.8265 221.941 543.8 0 121.647 95.9498 158.816 381.531 196.807 47.3366 124.919 5.39761 0.12282 148.408 67.4911 110.438 70.2157 123.019 153.458 7.16709 44.659 
101.556 145.829 159.32 240.969 1.93026 82.6134 282.563 53.66 32.0688 3.45162 23.3523 0 0.264885 85.1596 230.383 296.036 55.225 96.5025 41.3437 21.7879 8.81119 72.3678 7.56706 187.174 294.593 32.7037 82.3159 53.9957 
109.254 132.035 72.0125 2.53679 178.438 60.2905 135.512 148.343 1.09616 7.76087 240.997 92.6824 0 10.1674 70.7217 4.1911 10.901 6.11888 12.6521 0.735157 55.4776 4.26454 75.4668 12.9421 44.9544 55.015 33.6018 32.6378 
30.9082 70.4825 16.7046 3.53602 69.6965 0.54313 48.2093 5.73671 120.107 46.55 203.642 47.9122 99.4466 0 3.17828 0.0664224 19.3861 52.9383 14.1315 3.12851 13.0726 10.9094 6.46101 9.82727 0.0850002 3.59982 0.510911 3.85219 
16.8551 0.643007 32.2282 5.88008e-05 2.41118 41.7298 3.30328 25.622 200.174 29.4369 323.501 211.056 103.595 27.7416 0 65.106 26.1668 8.66376 4.23108 4.33887 2.295 17.2251 6.21617 6.65079 4.3988 24.3092 7.92262 2.65242 
80.3811 14.7397 5.01534 35.2578 39.1735 23.1919 73.3224 154.637 0.14661 89.3272 194.843 232.157 8.32216 13.8391 26.6171 0 13.1105 1.79817 2.90643 0.72185 10.359 0.611298 10.7866 27.2044 29.6976 0.0302937 2.26303 4.14127 
246.81 236.029 7.26573 181.271 113.452 187.011 98.8358 4.47681 192.851 48.6916 82.2823 21.3914 5.43321 10.4934 7.65054 24.7385 0 51.6894 289.792 0.00402488 21.4982 6.37554 7.93341 21.019 162.312 10.2036 2.32756 5.43549 
130.472 253.522 158.357 141.668 235.359 110.911 217.625 180.47 218.542 70.5295 131.834 89.4002 93.9394 22.0125 65.8065 24.8229 24.2181 0 57.937 85.2596 110.237 12.0652 40.1528 39.889 59.2844 15.2795 28.6197 46.4388 
51.8334 172.203 35.3115 29.489 2.99134 47.8501 19.1545 115.525 61.6511 0.0675577 1.19655 7.82854 83.9864 2.14754 38.0761 10.824 129.238 82.5327 0 29.1774 0.809779 23.3819 21.5439 22.2932 8.553 13.1409 0.42746 0.0114613 
116.007 1.22163 22.7159 40.8178 94.4581 6.36225 81.6499 83.2966 53.8575 2.80097 80.7402 66.2847 33.2047 0.00639052 8.81305 4.35912e-05 34.0602 87.1863 36.4638 0 290.913 1.43239 2.41382 0.0036711 1.51461 0.6024 11.0137 10.4432 
10.3552 164.183 8.62696 61.6088 34.0389 41.6942 73.3023 199.762 39.6769 81.6691 27.534 157.759 1.95799 23.1503 14.5473 0.0304049 47.3631 98.5865 50.2252 5.13769 0 31.9302 1.94009 41.2237 2.7391 18.2859 12.8965 22.3689 
34.9189 38.7062 6.02859 5.84815 21.824 14.934 60.7364 58.7255 7.23449 23.4944 1.48338 56.2245 59.3283 2.57662 0.193221 0.28311 21.1575 26.062 24.1897 3.26157 23.5603 0 4.79765 13.7979 3.07967 2.95825 3.76373 3.38397 
0.172318 40.6542 2.18139 15.3991 26.9886 12.9416 63.5036 76.4049 13.2521 0.204739 93.04 0.415545 67.816 7.34963 1.23918 8.86933 17.4498 21.3308 9.19438 2.66353 1.02008 4.69749 0 2.60149 1.5824 10.3911 13.4302 0.00119823 
11.4584 50.3211 11.7619 24.1089 31.5748 0.0710113 16.6512 4.03 14.6667 1.5324 10.0892 160.97 2.40909 6.80917 21.8832 0.738831 8.11463 4.32452 23.9612 3.54549 47.8476 4.38816 20.0042 0 12.5452 12.1905 0.414213 14.2729 
155.719 216.652 25.2975 159.405 21.1212 157.353 33.0689 191.293 189.105 66.7657 0.46963 861.812 49.8465 0.626154 2.81408 18.4957 176.243 58.1462 12.9789 13.1668 26.7844 0.161475 9.40819 41.6434 0 7.37767 188.403 13.9053 
27.6442 65.6747 2.13391 1.25746 43.837 4.93116 13.6036 233.502 53.4545 40.5911 158.129 323.185 18.6773 12.2252 16.9578 1.05026 16.6933 16.2988 12.0088 11.97 56.9376 0.0881456 2.71475 8.89698 10.4255 0 3.36317 1.48165 
1.04134 28.0121 13.9588 0.345118 10.6211 16.5001 58.1798 83.9714 52.6057 46.3275 48.4718 84.4437 27.1109 3.53735 19.5054 1.43504 17.6027 43.5309 11.1706 3.08428 44.1527 3.59323 0.784811 0.00112693 7.58412 1.12791 0 34.3779 
60.9101 20.6938 20.0332 2.00246 12.356 22.9384 73.5432 78.5034 15.1098 47.6003 1.8375 43.3144 7.20522 0.675099 0.997831 8.44218 17.8093 48.7797 23.8635 11.3309 51.1725 3.12893 4.58016 12.3806 13.6829 34.1036 90.4167 0 
