0 630.253 126.037 78.2022 15.5239 88.8751 207.057 237.161 51.7081 149.241 12.4547 8.20759 0.443747 40.2587 71.317 37.1093 97.726 214.145 116.056 183.007 228.006 35.0351 27.3405 34.0241 121.728 33.0347 32.3282 35.8087 
624.554 0 4.31455 224.422 23.7822 81.0352 258.158 0.131267 292.901 241.461 22.594 161.728 64.0378 0.702946 95.7606 62.7266 139.84 1146.39 83.9198 133.804 178.546 22.0606 36.4662 0.401018 52.9982 31.4524 19.7902 64.7233 
0.0239637 468.604 0 280.165 114.936 0.518974 58.633 271.937 345.795 9.17094 171.437 104.864 34.2433 8.64751 13.5018 13.6318 52.3572 37.7118 0.154992 26.7276 14.3436 3.58308 0.513359 1.61168 21.779 9.39103 13.9434 13.9558 
112.029 360.047 202.418 0 70.4245 78.9231 67.8554 1086.88 222.627 58.0868 126.889 227.777 9.62599 21.9728 0.190195 41.1892 65.6492 22.1996 50.8961 39.6383 162.85 4.55514 0.294164 25.0786 74.1521 3.64841 25.5881 27.8016 
53.3989 131.816 49.6965 102.393 0 78.8011 241.312 193.8 331.516 83.3597 64.5003 173.134 159.03 18.5186 69.0232 27.6917 22.6216 121.973 4.42534 92.6758 69.1922 1.02908 50.4391 32.9471 31.1876 69.8741 0.440902 29.0518 
142.688 282.17 34.6393 114.569 404.144 0 1054.28 80.9586 183.612 557.875 0.101518 16.1018 162.629 0.0155576 0.93694 17.9145 78.6178 0.268224 1.32202 1.17158 10.4172 0.933753 3.75083 7.41983 71.4976 1.18011 20.1773 15.9051 
103.056 278.566 202.242 58.5613 388.64 372.991 0 210.315 73.2213 495.121 152.376 149.798 1.80575 38.9337 0.131157 97.0205 41.4955 205.088 65.795 1.96183 96.1032 61.5785 11.949 71.2337 40.3144 11.0044 58.6723 68.1549 
110.359 229.102 0.952637 139.617 200.179 176.084 273.731 0 662.176 74.9773 368.886 2.50005 0.125316 125.232 93.613 193.225 8.70862 162.094 53.6819 13.3797 198.277 7.02169 28.8106 35.631 60.3432 97.7507 98.8444 0.332129 
306.81 77.3272 115.728 236.581 5.29565 359.417 247.557 21.5927 0 74.655 794.998 362.424 18.1984 114.312 84.5755 150.97 161.712 159.879 152.364 35.9819 41.1958 8.30385 1.45122 5.63986 135.647 2.62412 22.9286 11.4391 
49.3963 241.345 0.369765 72.4949 162.172 381.076 11.9497 220.147 285.358 0 1.29708 230.418 295.362 22.3067 121.011 16.3785 51.7856 80.5891 34.7684 39.5398 48.1658 35.8079 14.5332 52.2556 67.9814 74.9808 7.35663 43.9418 
71.5474 42.428 38.4762 187.69 226.745 49.1979 265.582 19.5357 276.102 563.919 0 140.337 89.7587 152.441 392.157 202.086 46.3012 122.595 4.66816 0.221975 148.698 68.1289 108.255 67.6496 125.161 151.217 6.61126 42.9798 
96.7234 141.586 162.805 245.261 2.56638 79.199 281.135 97.5008 39.4641 5.01968 15.2494 0 0.511129 89.5308 237.985 331.737 56.0648 98.4646 40.2217 22.973 7.6706 72.7583 8.82183 186.665 284.068 21.1156 80.4269 49.9922 
109.185 130.42 72.3095 2.92003 178.222 59.4015 140.77 148.345 1.79338 12.7334 238.001 95.1744 0 7.29512 67.5926 3.48368 10.4161 6.72771 11.8504 0.625183 54.8099 5.10301 77.0589 12.009 45.4816 54.9288 33.8268 33.0251 
31.5363 70.2533 16.7172 3.29274 69.8624 0.669781 50.0424 6.83018 122.446 48.3501 206.415 44.0006 105.413 0 1.38177 0.189425 19.2661 53.0559 14.4112 3.08551 12.672 10.9052 5.93204 9.67315 0.130143 3.81261 0.560287 3.99583 
17.7066 0.936313 32.5447 0.0114273 1.93925 41.8085 4.4557 29.1296 204.048 26.2084 342.114 201.746 101.387 22.9588 0 58.1695 26.3509 8.11962 4.51707 4.21827 2.04677 17.2905 6.94891 5.9452 4.84364 24.8964 8.15127 2.88302 
80.4878 13.7468 5.4098 36.0107 40.2112 22.8358 71.4925 144.562 0.00980304 88.6377 200.263 269.201 9.36273 14.5315 20.0559 0 12.8814 2.04278 3.09322 0.784944 9.75974 0.542828 10.5448 26.4376 29.0793 0.130642 2.09857 4.47459 
142.665 133.818 6.67923 75.2556 110.682 80.9342 97.8637 4.02227 86.2707 49.7824 81.5542 20.6477 5.80128 10.6742 7.41216 24.6332 0 60.2597 215.083 6.09061e-06 20.8857 6.50866 7.79848 21.0153 57.297 10.4284 2.24314 5.58035 
136.322 259.911 156.711 140.492 235.567 112.402 220.344 180.873 217.91 72.9633 133.997 91.4089 94.744 22.565 66.1479 24.1334 18.5475 0 55.0659 84.7782 111.224 11.7743 40.3985 39.5476 59.3805 14.6999 28.941 46.698 
53.7514 171.798 36.3833 30.4527 5.80606 50.0247 17.0785 115.207 58.9993 0.00209738 1.58489 8.45172 83.6567 1.99972 38.171 10.5245 138.508 79.5774 0 28.8185 0.660363 23.4938 21.4417 22.1886 8.79946 13.4298 0.385303 0.00443959 
126.154 0.632514 23.1547 39.9096 94.7038 6.03297 82.77 85.1617 52.1513 2.48233 81.2888 67.5826 33.5747 0.00353076 8.92132 0.00197661 34.0518 86.9585 36.5059 0 304.67 1.46921 2.44797 0.00721583 1.60821 0.542768 11.0096 10.5038 
7.83967 162.26 7.17371 76.9623 35.6572 42.7487 75.4875 198.113 42.3791 80.7464 25.9397 159.01 2.19427 23.5933 13.9837 0.0769402 46.7486 99.8698 49.5306 12.185 0 31.8577 2.09467 41.5597 2.46118 17.5823 13.2232 21.8806 
35.141 39.1234 6.14143 5.98455 22.3955 14.7072 60.9934 59.17 6.7996 22.6563 1.74352 56.9882 61.1139 2.41306 0.143586 0.333734 21.1755 25.7467 24.2781 3.21762 23.7545 0 5.16935 13.7141 2.87399 3.05004 3.66526 3.3075 
0.118481 40.0732 2.05882 15.1985 26.3658 13.1214 64.1692 77.8264 14.3837 0.109385 95.6178 0.758405 69.6684 6.86301 0.903715 8.55422 17.3708 21.7287 9.39022 2.69664 1.13441 5.06719 0 3.5818 1.87392 10.3786 13.4037 6.05012e-07 
10.898 50.8841 11.9473 23.8607 32.1739 0.0447837 15.8322 3.09336 13.5895 1.82962 11.5123 164.621 1.98458 6.5032 21.1656 1.23187 8.26604 4.58153 23.9504 3.4844 47.7913 4.63395 19.3656 0 13.9183 12.4739 0.505029 14.3148 
50.7398 112.291 25.0127 54.691 20.4069 52.3705 34.4475 192.299 81.876 66.2029 0.869751 394.267 49.4226 0.738371 3.18305 13.8608 70.8435 58.3336 12.7086 13.1022 26.1041 2.09141 8.89225 40.1505 0 2.21957 185.903 10.6657 
28.8322 66.6771 2.40863 1.59175 44.6946 5.26896 14.8299 232.276 50.6033 39.2725 156.289 340.605 19.3313 12.1077 17.6801 1.46122 16.919 15.7065 11.7248 11.9425 56.4686 0.107533 2.85239 9.2182 9.54144 0 3.88439 2.43067 
0.910356 28.5062 14.1357 0.280084 10.9529 16.646 58.4107 82.9247 53.4326 46.4827 47.4532 86.2781 27.4076 3.64561 19.5663 1.30166 17.717 43.6451 11.0065 3.00779 44.1908 3.49615 0.707497 0.0011769 7.83264 0.846199 0 38.9586 
60.9654 20.0303 19.8613 1.78265 11.9021 22.9429 73.5576 75.9381 14.1192 47.0608 2.30251 47.1489 6.88822 0.747418 0.858513 8.85541 17.9628 48.9696 23.7302 11.3036 51.1734 3.20424 4.46792 12.2429 14.3082 31.3358 91.7269 0 
