0 788.26 125.223 525.155 86.5227 557.084 265.887 171.659 693.845 127.148 86.6028 100.762 90.5582 8.69876 2.80188 4.24288 482.713 9.6302 25.2519 27.9986 79.0485 14.6212 34.7708 0.507268 446.695 24.8822 39.3648 59.3367 
720.169 0 116.601 693.515 370.502 434.958 33.702 234.604 807.857 139.116 192.872 172.117 4.8797 62.3965 30.275 46.3038 533.632 762.908 4.9695 8.34513 162.099 30.1425 54.6019 25.4878 507.104 53.2272 33.1444 56.4149 
0.00954396 354.411 0 127.337 3.92346 41.996 39.5509 250.418 442.965 100.552 31.8882 4.55782 58.5156 0.142243 0.365033 12.3251 0.915037 131.723 19.6566 25.5686 126.7 0.97651 6.65441 15.6678 17.2341 0.530716 11.702 20.3241 
572.978 699.337 343.348 0 59.8837 492.575 175.938 762.436 467.531 78.5457 0.963088 80.414 72.4841 1.4395 5.5527 15.2691 462.812 135.254 3.62145 0.731205 7.34554 0.229044 13.8967 0.00409659 472.326 2.64003 26.993 2.42712 
2.7557 519.819 8.34798 95.0877 0 365.544 314.564 187.268 302.758 0.000168516 259.826 6.65096 174.159 67.1811 79.4126 65.0249 44.1487 36.2913 1.48203 40.6871 29.6114 0.00868212 56.1828 47.0677 61.4958 37.929 17.0849 27.1663 
513.631 629.277 2.63537 452.235 338.39 0 563.898 54.3838 721.282 112.14 128.703 99.1534 483.656 8.61527 34.2044 27.2554 452.75 4.01934 84.1999 19.2097 45.0895 14.8407 16.3241 1.57358 435.492 21.1465 19.534 22.9036 
207.954 24.4071 199.805 0.0316145 1.1402 115.011 0 6.9459 196.931 476.618 180.975 196.119 212.525 18.3385 139.693 87.594 56.7778 0.295167 114.815 27.7234 67.354 40.5112 68.1323 4.88157 27.9914 9.5132 59.8419 12.7878 
179.724 0.000911821 4.18812 411.091 194.258 195.503 0.306236 0 49.8819 12.0035 345.553 944.285 148.155 122.283 1.87133 199.361 47.8404 87.8128 109.707 10.4395 204.053 5.2846 101.098 108.551 3.99761 115.499 2.25381 6.4361 
437.919 610.431 444.009 710.184 93.0325 547.456 1025.16 513.635 0 14.7986 1273.73 284.717 0.443628 3.4944 221.617 23.4943 483.429 147.765 73.2703 101.737 161.493 17.1717 90.7341 100.208 560.651 31.7274 51.8839 98.0081 
84.5956 167.026 112.612 51.4449 308.222 76.6634 35.4244 68.4921 189.43 0 108.569 16.2599 83.4585 70.4568 113.474 77.5821 2.12027 138.399 48.9136 40.7164 98.3352 14.5836 57.7749 11.3768 0.169471 50.3747 8.52053 52.1892 
6.02912 261.98 230.287 121.01 139.349 23.6765 80.3901 53.9505 274.497 380.864 0 12.2325 105.93 111.076 398.055 33.1035 74.9487 28.6942 126.473 58.0421 5.74351 25.6297 133.58 78.0958 91.0395 27.3131 56.2719 38.7289 
205.008 152.917 124.23 0.0206571 167.204 152.634 3.25466 647.99 120.957 241.723 304.795 0 145.036 153.997 227.986 334.723 53.4474 7.85159 85.6517 67.8871 126.164 44.0604 1.81482 175.449 263.45 0.132968 9.00375e-05 109.082 
27.0996 14.2217 11.5339 57.0124 175.038 48.8993 96.9028 1.7685e-05 5.35449 285.042 0.126938 120.151 0 33.1615 0.818213 10.6791 14.9126 20.0253 85.3579 2.67697 45.0554 2.66985 0.588654 6.21291 10.2193 28.0843 38.5232 34.6807 
3.06382 10.1007 6.77089 19.6142 4.20145 11.8663 71.9298 2.78367 9.19581 4.96755 0.781637 36.5451 65.254 0 0.983526 1.45079 8.72791 48.8433 11.3173 2.39331 12.952 7.47068 0.729081 10.284 10.5941 10.0196 0.0732058 1.24663 
35.2323 66.1345 16.8639 8.12632 51.3779 11.8699 141.879 171.898 66.5372 35.9257 354.021 213.762 6.60795 21.5572 0 30.8062 29.5241 52.8448 2.32929 7.24284 21.1373 0.0625524 7.69725 10.9382 2.6304 0.455152 0.16144 22.549 
27.5784 48.6196 6.52642 0.0101249 15.3243 8.20267 56.6451 137.452 118.241 67.122 35.095 391.286 2.71904 7.49816 69.0056 0 4.68808 6.2987 1.03524 1.89471 61.4698 11.3626 3.25677 8.79548 4.88011 22.4917 18.8737 11.0683 
452.661 506.896 30.9643 476.629 132.046 450.583 20.3719 38.1939 546.867 2.80884 95.1632 22.9816 2.97777 20.4445 2.61065 18.2002 0 203.339 350.117 6.83118 17.9023 21.2399 0.494379 10.2804 456.296 21.6605 12.2533 23.4761 
126.567 74.7886 76.6757 85.1891 28.7946 100.99 5.18 41.2217 214.912 141.554 58.431 11.3886 27.3735 12.511 25.2863 52.9314 19.9806 0 57.6488 5.51258 6.25533 0.867287 45.0685 30.8198 58.087 35.8021 44.2877 51.1944 
112.917 70.1803 61.5303 44.7335 2.3255 27.7358 58.5789 38.3034 0.0303952 1.69116 126.079 3.84133 26.6054 3.89849 22.6366 14.6848 38.3197 82.2377 0 34.2978 4.1233 23.8587 14.5875 13.4244 17.9692 16.5728 13.8945 9.44395 
191.226 102.632 11.3021 0.6465 61.9465 12.3827 83.552 116.395 15.5756 53.5914 8.14591 23.2563 28.5146 0.0677271 6.01315 4.33181 27.6665 10.1086 18.779 0 331.896 6.28951 3.87544 0.0467741 0.0696817 6.06593 6.57119 11.4175 
61.5308 127.506 127.001 115.651 62.1803 12.0845 88.2943 189.903 162.462 93.3114 145.039 45.6804 6.78397 23.2833 39.6221 43.1026 43.6111 1.1277 58.6782 61.4069 0 4.07766 11.0452 37.5359 23.9955 60.5105 36.3824 18.7481 
39.0561 45.3327 9.51738 12.9411 14.5842 19.3592 38.7533 57.0924 15.1276 48.719 14.1408 21.4017 24.9151 0.0821974 17.5378 8.05684 8.13152 1.59392 22.9707 0.151689 25.7755 0 14.8252 11.0361 18.3477 4.14787 0.2015 0.0340244 
2.19911 55.9227 12.3546 16.5303 46.8435 0.054454 2.14297 69.2185 101.667 54.119 33.8929 0.612937 3.01884 1.33101 23.8025 1.43103 3.00334 35.2042 17.8113 3.98195 8.91225 14.8601 0 18.5379 20.5201 0.00334412 6.80252 1.64774 
51.3594 15.2245 0.631227 0.137421 16.6469 13.5045 70.5555 58.1084 68.03 59.8471 6.23592 182.471 19.7794 9.57943 25.2599 17.3841 20.7561 11.8503 18.862 3.15311 47.8704 9.01309 4.72557 0 26.499 14.0075 19.1845 1.57295 
498.602 433.298 0.0576163 453.379 53.7164 454.357 78.1728 121.997 433.306 0.715935 5.51337 357.138 49.9969 12.4805 1.41666 4.92086 438.951 56.2388 4.50596 13.8008 52.3749 83.6243 16.2431 28.1945 0 52.0722 142.016 49.5449 
69.1981 17.8214 13.7465 5.12309 0.230771 27.2337 74.8481 7.88041 100.106 0.1079 20.5791 391.4 2.44923 6.75 4.2037 17.7284 25.8826 36.9523 8.7615 9.60037 49.4053 0.460908 8.13826 11.0713 38.1931 0 21.7894 52.9348 
0.0147193 41.305 11.912 6.89626 36.0113 18.5308 56.6224 42.8916 24.4233 45.937 85.7368 103.323 39.1943 2.22763 11.0193 18.7277 13.6466 31.0508 1.43225 0.134457 33.8483 0.157316 10.6924 18.334 35.3989 35.9218 0 7.63 
43.5702 44.4195 14.7107 32.7674 10.4069 16.7128 30.7449 53.0177 96.8436 49.7704 108.759 144.572 5.56467 4.87397 20.4769 15.8254 21.8239 50.392 7.93722 10.1995 50.9482 9.40159 8.38321 8.04024 27.4616 46.1887 69.2231 0 
