0 880.97 180.166 575.082 52.0441 441.994 246.713 175.181 424.587 137.038 28.4182 0.214818 0.135952 44.1798 71.6621 27.3129 458.474 182.15 112.048 127.47 195.234 33.2646 23.7037 39.148 490.45 24.1257 35.7217 30.5774 
931.662 0 110.4 695.164 174.406 423.756 445.769 13.615 763.394 225.814 55.5294 130.261 45.9541 2.92281 91.7683 70.8223 489.747 1100.63 112.724 116.397 172.054 25.6697 31.7768 0.00357757 422.983 40.6081 23.4134 64.0753 
19.1026 365.476 0 65.3752 154.885 7.12719 134.035 230.344 472.229 23.437 218.148 68.0273 42.819 6.5485 18.9551 10.0144 48.5396 69.0458 0.413508 24.5392 3.42201 2.84616 1.10586 0.76722 24.3926 6.0436 15.2233 11.8551 
625.796 674.485 14.2758 0 41.2826 464.218 28.1393 1022.8 692.584 41.915 86.7869 174.176 5.11013 22.8673 0.17829 37.0476 443.72 7.72972 44.7708 31.6249 320.288 3.63711 0.016201 23.3124 452.283 8.44465 24.2289 30.1242 
16.329 8.19416 92.8484 130.245 0 35.1717 105.448 212.22 273.893 19.0705 30.0904 162.656 139.227 12.5417 78.8249 20.431 8.83386 162.237 49.5248 87.2424 82.7793 2.52206 47.2703 28.4377 25.4662 67.7985 1.18652 24.9012 
492.408 618.074 50.154 489.474 376.817 0 371.752 39.4594 424.957 471.648 23.4079 4.17352 506.897 0.549005 0.0170244 21.2019 444.542 1.33724 8.00548 0.265941 16.4032 0.306169 2.45758 9.16077 446.255 0.223496 19.9531 14.0177 
159.297 459.92 129.316 104.879 435.696 189.335 0 103.035 454.266 473.695 307.254 201.847 1.98936 26.0135 3.4626 87.8821 53.2334 226.402 42.7148 0.0179224 110.81 62.7121 6.81335 71.8224 29.9203 4.20026 56.7705 71.189 
176.218 176.318 14.6026 278.96 216.09 204.6 163.311 0 579.511 111.783 370.644 299.185 0.986958 126.005 57.44 245.601 4.5531 173.456 42.356 5.20262 206.931 10.3857 40.5042 18.2376 27.7782 156.814 100.461 4.9816 
654.934 422.115 341.279 506.374 43.8746 514.916 1226.34 198.794 0 10.5694 100.116 287.208 39.7807 135.788 75.4255 151.58 530.575 129.664 144.424 48.4659 63.0464 5.12652 5.81656 12.1315 523.279 0.0552455 17.236 5.64215 
70.9616 237.29 6.43902 86.5947 251.836 118.111 38.4691 223.981 177.532 0 93.914 245.384 205.459 11.5222 132.629 6.60578 59.6247 98.3459 51.7197 34.1664 39.2914 42.0276 20.9897 56.324 63.5816 76.4247 4.98227 39.198 
47.2237 14.0742 5.93204 202.363 190.891 6.9734 407.602 0.0117308 764.124 583.555 0 296.962 47.4186 100.15 384.922 226.965 38.5914 104.234 0.861623 1.88336 149.033 72.3927 89.8138 48.5311 138.215 129.745 3.12001 30.8713 
62.0916 108.732 182.283 259.85 10.1139 54.0398 259.542 663.108 113.92 25.5132 9.93966 0 4.87371 120.951 272.362 494.417 62.1881 112.563 32.0119 32.473 1.58825 75.1102 20.8917 173.25 373.006 16.4688 65.6995 23.6256 
107.46 116.421 73.4137 6.59188 172.03 30.0208 176.9 146.304 12.281 83.1858 207.129 113.199 0 1.08193 44.0281 0.241816 7.07784 12.1223 6.581 0.0829763 49.6396 13.5126 86.5589 5.9734 49.097 53.7455 35.3891 35.7946 
36.1422 67.6958 16.5097 1.71375 70.268 2.01442 63.5385 17.7399 136.392 61.2514 212.313 18.8133 142.157 0 11.2118 2.97194 18.2979 53.5695 16.4922 2.75641 9.79938 10.6546 1.99949 8.03144 0.765738 5.50148 0.997656 5.10797 
24.4923 4.83408 33.9767 0.925689 0.0330107 41.0282 18.1207 60.4316 220.742 7.28014 407.951 123.401 81.5639 0.262457 0 8.32537 27.6073 4.54843 6.90805 3.34161 0.629814 17.5486 13 1.74858 8.67987 28.5542 9.88881 4.85836 
79.8765 7.25839 8.66456 40.5604 47.8735 19.8255 57.0416 70.436 4.08607 80.9603 226.431 479.626 18.7338 18.4356 1.60304 0 11.17 4.34621 4.65225 1.33187 5.75908 0.156007 8.37234 17.9723 23.5721 3.03013 1.04671 7.2484 
521.864 527.991 3.00125 441.759 88.4784 446.827 89.4984 1.37178 448.895 57.743 75.6148 15.382 8.89598 12.0301 5.71109 23.7327 0 135.89 324.108 0.24557 16.4663 7.52966 6.80005 20.9143 431.224 12.1396 1.6551 6.7074 
177.791 349.97 137.552 127.543 228.948 120.846 233.262 180.904 208.046 91.0446 148.663 106.017 99.9803 26.7509 68.1094 19.0982 0.189886 0 34.8288 79.8557 117.516 9.66653 42.0584 36.8304 59.7143 10.6188 31.3 48.4318 
68.1523 163.301 44.1112 37.6446 53.5576 65.6374 5.08004 111.582 40.0579 2.41896 6.17928 13.79 80.2734 1.0503 38.5506 8.35154 182.594 57.5135 0 25.9451 0.0243927 24.2397 20.5836 21.3144 10.7092 15.6119 0.138269 0.0559581 
194.213 2.34746 25.8676 31.9632 94.7028 3.77291 89.7175 97.9492 39.512 0.692678 84.5629 76.7276 36.1793 0.00893545 9.68651 0.107425 33.7134 83.8486 36.4805 0 317.119 1.75529 2.69995 0.0713977 2.38436 0.192108 10.9366 10.9056 
0.144205 144.75 0.489561 142.059 48.4533 50.5036 91.6384 181.437 64.3928 73.293 15.2686 165.963 4.37557 26.8904 10.0199 1.09689 42.0075 108.615 44.1647 138.844 0 31.2293 3.42853 43.8387 0.840167 12.6062 15.7415 18.2745 
36.678 42.095 6.98684 7.02708 26.7472 12.93 62.4278 62.17 3.93462 16.6171 4.33624 62.3845 73.4083 1.32353 0.00601384 0.839007 21.2483 23.353 24.8413 2.88843 25.1678 0 8.09678 12.8004 1.58386 3.76309 2.95376 2.75045 
0.0354191 35.5524 1.23636 13.5926 21.7445 14.3478 68.4086 87.4991 24.0098 0.339802 113.008 6.50292 81.599 2.85111 0.0836139 6.0363 16.7286 24.7126 10.8755 2.93853 2.17671 7.98875 0 13.3016 4.73782 10.1386 13.0736 0.070935 
7.06337 54.7357 13.2291 21.6923 36.5908 0.0401263 10.2054 0.0154019 6.68671 4.84783 24.6907 183.757 0.104254 4.13395 15.1571 8.24958 9.4149 6.71397 23.7613 3.02415 47.0573 6.56109 10.7601 0 25.6142 14.3761 1.45707 14.466 
425.78 490.512 22.5458 431.493 15.3 426.773 45.0481 190.792 440.635 61.1158 7.66039 852.59 45.87 1.84932 6.54249 47.0754 441.788 59.3626 10.7149 12.5298 21.094 71.5792 5.88924 15.5238 0 84.6817 186.729 23.8338 
38.001 73.4439 4.91745 5.24904 50.9037 8.04948 25.2939 206.809 30.6857 29.4512 137.386 398.989 24.3724 11.005 22.8338 6.42195 18.5782 11.5148 9.64319 11.6358 52.4861 0.313062 3.94283 11.5535 4.02083 0 8.75515 15.8824 
0.206436 32.1884 15.3986 0.00825304 13.5501 17.6631 59.7747 74.3327 59.3982 47.3586 39.7746 98.9852 29.5613 4.48142 19.8528 0.500041 18.5411 44.3507 9.78531 2.45459 44.2921 2.79656 0.251618 0.293729 11.5115 0.0245659 0 72.4983 
60.8673 15.2679 18.3971 0.530115 8.70962 22.7821 72.9305 56.5775 7.63824 42.6807 7.38166 78.4559 4.70556 1.39529 0.143058 12.0271 19.0754 50.163 22.6528 11.0398 50.8782 3.78382 3.63944 11.1033 18.6141 12.1089 86.7559 0 
