0 861.319 181.331 565.265 53.2556 427.729 247.523 173.421 411.027 136.643 28.9197 0.159208 0.15706 44.2776 71.65 27.0601 444.353 181.154 111.895 123.817 194.165 33.2147 23.6063 39.2807 476.512 23.8978 35.8098 30.4372 
913.12 0 116.867 683.34 179.708 409.645 449.703 14.2674 751.755 225.139 56.564 129.387 45.4917 3.00204 91.6223 71.0185 475.328 1069.11 113.465 115.824 171.788 25.7663 31.6499 0.00613244 409.119 40.8551 23.5113 64.046 
20.0657 359.059 0 59.9776 155.799 7.39833 136.135 228.733 472.756 23.8883 219.098 67.0755 43.0452 6.49353 19.1003 9.91933 48.4206 69.9356 0.449718 24.465 3.22969 2.82732 1.12448 0.748693 24.4549 5.9611 15.2558 11.7984 
615.928 658.259 8.27633 0 40.5671 450.733 27.2662 583.003 680.938 41.4919 85.7224 172.526 5.00743 22.8838 0.198112 36.9088 430.057 7.43878 44.5962 31.3907 542.552 3.61364 0.0134992 23.2574 438.609 8.59443 24.1885 30.178 
15.6076 6.86611 94.0483 130.91 0 34.8603 102.23 212.596 271.998 17.9221 29.3217 162.317 138.628 12.3943 79.0623 20.246 8.54681 163.257 51.3001 87.0584 83.1342 2.57051 47.1781 28.3169 25.3162 67.7271 1.21124 24.7912 
477.963 602.864 50.5285 475.653 307.507 0 111.875 38.4967 410.268 603.512 24.5531 3.95788 337.873 0.573429 0.0255547 21.2832 430.553 1.44204 8.25503 0.250455 16.5768 0.294014 2.42608 9.20742 432.492 0.208172 19.9444 13.9661 
160.779 463.543 127.211 106.151 435.738 205.57 0 100.454 483.332 470.656 311.309 203.151 2.20119 25.6892 3.6846 87.594 53.5499 226.797 42.1371 0.00999521 111.178 62.73 6.69368 71.8176 29.6525 4.06042 56.7113 71.2537 
177.973 174.812 15.5758 288.579 216.393 205.129 160.39 0 574.787 112.784 370.177 314.723 1.05945 125.949 56.5273 246.518 4.45956 173.696 42.0606 5.03359 207.045 10.4829 40.8278 17.8384 27.0446 158.314 100.474 5.17857 
640.261 408.367 346.87 490.095 45.3606 496.303 1240.31 205.272 0 9.61991 77.7619 284.841 40.4472 136.287 80.5985 151.472 516.634 128.824 144.146 48.8058 63.6646 5.05128 5.97089 12.3342 509.832 0.0810169 17.0919 5.51339 
71.5528 236.905 6.69824 86.9341 253.975 112.72 41.6282 223.912 174.565 0 99.248 245.563 202.642 11.2737 132.767 6.39915 59.8258 98.803 52.1896 34.0188 39.0581 42.1876 21.1705 56.4154 63.4431 76.4284 4.92447 39.0659 
46.6182 13.5121 5.43769 202.546 189.814 6.34932 410.691 5.58076e-05 769.331 580.794 0 301.215 46.4209 98.7177 382.642 227.236 38.3882 103.726 0.801314 1.94952 148.998 72.4931 89.2818 48.0334 138.484 129.075 3.04386 30.5637 
61.2259 107.847 182.626 259.793 10.3798 53.3934 258.719 679.296 116.272 26.2561 11.1543 0 5.04959 121.73 272.665 495.074 62.3464 112.921 31.7991 32.7387 1.48762 75.1586 21.2721 172.673 370.988 18.3669 65.2981 23.0304 
107.385 116.007 73.4156 6.7082 171.757 30.2656 177.757 146.201 12.6824 85.7086 206.126 113.658 0 1.29992 43.4172 0.20684 6.99642 12.2852 6.45953 0.0754133 49.4983 13.7837 86.747 5.83789 49.1846 53.7013 35.4276 35.8649 
36.2617 67.608 16.497 1.67801 70.2585 2.05932 63.8865 18.0912 136.668 61.5738 212.101 18.2628 142.872 0 11.9712 3.08578 18.2706 53.5743 16.547 2.74751 9.72629 10.6427 1.91089 7.97774 0.789648 5.54811 1.01089 5.13825 
24.6814 4.97775 33.9913 0.96975 0.0222849 40.9748 18.5964 61.3606 220.867 6.92339 407.635 121.252 80.9729 0.151173 0 7.4762 27.6377 4.46615 6.97733 3.31903 0.602993 17.5498 13.1669 1.66773 8.79243 28.6313 9.9354 4.9164 
79.8262 7.11043 8.75704 40.6523 48.0732 19.7381 56.645 68.6307 4.31559 80.6994 226.741 482.153 19.0171 18.5008 2.0242 0 11.1247 4.41861 4.69745 1.34814 5.66514 0.148838 8.30769 17.7032 23.4086 3.15572 1.02328 7.32783 
508.194 514.723 2.92174 427.786 87.8627 432.834 89.2515 1.31983 434.828 57.9484 75.4456 15.2497 8.98623 12.0661 5.66799 23.7061 0 138.054 242.581 0.258745 16.3532 7.55738 6.77384 20.9099 417.446 12.1857 1.64054 6.73834 
178.808 355.531 136.893 127.106 228.578 121.001 233.418 180.833 207.664 91.5168 149.013 106.392 100.1 26.8631 68.1469 18.968 0.317467 0 34.3298 79.6942 117.656 9.61228 42.0981 36.7545 59.7138 10.517 31.3616 48.4728 
68.5321 162.948 44.3069 37.8335 55.388 66.026 4.85259 111.456 39.5826 2.55264 6.34131 13.9476 80.1618 1.02896 38.5527 8.29562 183.291 56.9377 0 25.8645 0.0192253 24.2573 20.5586 21.2889 10.7614 15.6702 0.133365 0.0598444 
195.663 2.54019 25.9245 31.7301 94.6582 3.71834 89.8652 98.2565 39.1827 0.659847 84.6293 76.9549 36.2444 0.0097278 9.70569 0.112418 33.6978 83.7327 36.4716 0 315.165 1.76315 2.70655 0.0740111 2.40674 0.185148 10.9337 10.915 
0.216155 144.216 0.41775 141.12 48.8076 50.7049 92.0587 180.895 65.014 73.0827 15.0176 166.088 4.4434 26.9773 9.92114 1.14009 41.8784 108.826 44.0185 143.315 0 31.2106 3.46818 43.8934 0.808388 12.4817 15.8101 18.1801 
36.7158 42.1701 7.00929 7.05528 26.8643 12.8811 62.4539 62.2416 3.86817 16.4635 4.42048 62.5195 73.7032 1.2982 0.00805228 0.855407 21.2487 23.2886 24.8539 2.87968 25.2044 0 8.17586 12.7696 1.55618 3.78262 2.93551 2.73603 
0.0409676 35.4285 1.21694 13.5476 21.6231 14.3773 68.5024 87.73 24.291 0.368738 113.416 6.73006 81.8617 2.75104 0.10389 5.96768 16.7103 24.7919 10.9154 2.94481 2.20887 8.06791 0 13.5668 4.82854 10.1287 13.0617 0.0747487 
6.97068 54.8288 13.2604 21.6277 36.7061 0.0446451 10.0691 0.0304441 6.53298 4.9466 25.0964 184.049 0.0863024 4.07163 14.9882 8.4986 9.44577 6.77556 23.7537 3.01188 47.0302 6.61369 10.4834 0 25.9391 14.4206 1.48874 14.4661 
412.052 476.832 22.4727 417.805 15.1707 413.012 45.3341 190.534 426.493 60.9606 7.92973 1166.71 45.7668 1.88507 6.6448 48.4335 427.928 59.3809 10.6627 12.5125 20.9634 70.3023 5.83197 14.7825 0 81.5662 181.175 18.1222 
38.249 73.6044 4.99421 5.37237 51.0627 8.12878 25.5996 205.772 30.2004 29.1943 136.772 398.547 24.5091 10.9707 22.9615 6.59338 18.6214 11.4097 9.58909 11.6252 52.3694 0.319974 3.97303 11.6129 3.90425 0 8.90518 16.3642 
0.194466 32.2857 15.4306 0.00626238 13.6218 17.6883 59.802 74.0876 59.5507 47.3749 39.5701 99.2945 29.6168 4.50418 19.8563 0.483649 18.5623 44.3658 9.75305 2.44037 44.2904 2.77866 0.242544 0.308507 11.6452 0.0344188 0 73.2703 
60.8523 15.1467 18.3541 0.506592 8.62993 22.7731 72.8961 56.0668 7.48988 42.5565 7.55412 79.3292 4.6523 1.41499 0.132135 12.1121 19.1041 50.1892 22.6222 11.0314 50.863 3.79958 3.61779 11.0706 18.7165 11.6771 86.2789 0 
