0 801.613 184.16 530.595 56.3302 381.925 249.483 169.012 367.02 135.641 30.1893 0.0565444 0.216482 44.5201 71.6151 26.4305 398.89 178.635 111.502 114.433 191.456 33.0892 23.3627 39.6112 431.504 23.3306 36.0293 30.0866 
856.054 0 133.552 643.423 193.127 364.329 459.175 15.9613 712.369 223.396 59.1808 127.196 44.3413 3.20457 91.2485 71.5044 429.123 440.5 115.307 114.371 171.101 26.0078 31.3324 0.0155139 364.304 41.4726 23.7563 63.9701 
22.5656 342.482 0 47.4453 158.04 8.09538 141.368 224.61 473.349 25.0304 221.395 64.7093 43.6095 6.35643 19.4627 9.6825 48.1194 72.1656 0.54687 24.2763 2.77259 2.78038 1.17162 0.703302 24.6088 5.75671 15.3366 11.6564 
581.011 607.388 0.375282 0 38.7973 406.857 25.1347 820.624 641.524 40.4373 83.0687 168.368 4.75495 22.9231 0.252205 36.5561 385.739 6.7345 44.1575 30.8016 528.256 3.55515 0.00781972 23.1183 394.261 8.97313 24.0866 30.3106 
13.8711 4.0546 97.0483 132.551 0 35.2467 94.3391 213.509 267.194 15.1993 27.4391 161.455 137.115 12.029 79.6495 19.7862 7.84875 165.791 55.845 86.5897 84.0192 2.69357 46.9463 28.0147 24.9422 67.5452 1.27415 24.5163 
431.691 554.6 51.4519 430.925 884.813 0 353.254 36.1308 364.067 519.514 27.5235 3.44317 128.163 0.636752 0.0544255 21.4846 385.419 1.72111 8.89392 0.213747 17.0139 0.264692 2.34809 9.32398 387.923 0.172234 19.9221 13.8367 
164.47 472.21 121.945 109.327 435.559 249.759 0 94.1009 557.457 462.558 321.355 206.382 2.77713 24.8842 4.26899 86.8643 54.3415 227.744 40.7042 0.000231658 112.092 62.772 6.39873 71.8009 28.986 3.72085 56.5616 71.4116 
182.346 171.033 18.1378 312.286 217.124 206.392 153.132 0 562.5 115.285 368.893 354.488 1.25184 125.79 54.2638 248.684 4.22982 174.28 41.324 4.62254 207.302 10.7275 41.6382 16.8569 25.2466 162.032 100.502 5.68666 
593.376 364.026 360.5 439.346 49.168 440.049 1269.64 221.708 0 7.43736 916.821 278.866 42.1312 137.512 91.8718 151.176 471.614 126.717 143.437 49.6566 65.2162 4.86553 6.36494 12.8472 466.048 0.166935 16.7338 5.19763 
73.0322 235.883 7.36723 87.7735 259.236 99.9791 50.0171 223.701 167.169 0 113.088 245.959 195.55 10.6625 133.072 5.89593 60.3263 99.9408 53.3669 33.6492 38.4759 42.5859 21.6242 56.6397 63.0924 76.4295 4.78125 38.7342 
45.1166 12.1544 4.29402 202.954 187.102 4.91435 418.193 0.0886671 780.594 573.192 0 311.792 43.9625 95.1446 376.513 227.821 37.8811 102.455 0.660033 2.11974 148.899 72.741 87.9447 46.7937 139.136 127.38 2.8575 29.7987 
59.0788 105.634 183.438 259.547 11.0592 51.7865 256.61 718.95 122.215 28.1545 14.4889 0 5.5023 123.658 273.276 495.748 62.741 113.811 31.269 33.4053 1.25032 75.2763 22.2348 171.186 363.875 23.5395 64.2937 21.5714 
107.191 114.963 73.4143 7.0031 171.052 31.3665 179.87 145.931 13.7128 92.1196 203.583 114.8 0 1.93146 41.8983 0.131316 6.79473 12.6967 6.16041 0.0580856 49.1445 14.4712 87.2012 5.50528 49.4015 53.5877 35.5231 36.0397 
36.5596 67.3839 16.4635 1.59013 70.23 2.17351 64.7527 18.9817 137.336 62.3733 211.489 16.9181 144.586 0 13.9503 3.37787 18.2018 53.584 16.6839 2.72524 9.54446 10.6118 1.69616 7.84171 0.850944 5.66489 1.0443 5.21406 
25.1555 5.34559 34.0224 1.08427 0.0046559 40.8339 19.8086 63.6984 221.107 6.06859 406.353 115.897 79.4851 0.00636069 0 5.53743 27.7129 4.26354 7.15178 3.26277 0.538462 17.5515 13.5837 1.47344 9.07574 28.8189 10.0519 5.06268 
79.6931 6.74667 8.98921 40.8747 48.5708 19.5185 55.6523 64.1851 4.91601 80.0354 227.421 487.548 19.7317 18.6536 3.28537 0 11.0115 4.60201 4.81124 1.38918 5.43332 0.13164 8.14499 17.0258 22.9971 3.47967 0.965804 7.52741 
463.852 471.385 2.7273 382.695 86.3206 387.694 88.6292 1.1943 389.503 58.4597 75.0206 14.921 9.21346 12.1562 5.56081 23.639 0 143.467 88.5826 0.293171 16.0716 7.62677 6.70832 20.8984 372.84 12.301 1.60438 6.81596 
181.324 369.708 135.218 125.993 227.61 121.372 233.762 180.637 206.682 92.6932 149.876 107.327 100.394 27.1433 68.2372 18.6436 0.778812 0 33.0938 79.2841 117.999 9.47709 42.1962 36.5638 59.7104 10.2641 31.515 48.5741 
69.4796 162.037 44.7932 38.3046 60.0661 66.989 4.30601 111.135 38.4028 2.90226 6.75489 14.3448 79.8784 0.976484 38.5559 8.15635 184.98 55.5035 0 25.6625 0.00899032 24.3007 20.4956 21.2249 10.8922 15.8159 0.121489 0.0701343 
199.174 3.05461 26.0631 31.1437 94.5366 3.5834 90.2253 99.0159 38.3619 0.581197 84.7903 77.5189 36.4058 0.0118557 9.75329 0.125385 33.6572 83.4358 36.4474 0 309.802 1.78282 2.72301 0.0807468 2.46306 0.168299 10.9261 10.9383 
0.459348 142.867 0.26308 138.386 49.6955 51.2067 93.1068 179.522 66.5732 72.5545 14.398 166.385 4.61509 27.1944 9.67599 1.25168 41.5551 109.345 43.6525 154.555 0 31.1632 3.56825 44.0287 0.731574 12.1725 15.982 17.9446 
36.8094 42.3569 7.06535 7.1258 27.1571 12.7585 62.5164 62.4185 3.70439 16.0813 4.63437 62.8549 74.4316 1.23582 0.0144464 0.89705 21.2494 23.1277 24.8847 2.85781 25.2956 0 8.3733 12.6909 1.4886 3.83155 2.89003 2.7001 
0.0565895 35.1184 1.16897 13.4348 21.3203 14.4503 68.7324 88.3009 24.999 0.446208 114.42 7.31392 82.5046 2.50574 0.164146 5.79633 16.6643 24.99 11.0151 2.96045 2.29026 8.26557 0 14.2199 5.05822 10.1033 13.0312 0.0847114 
6.74132 55.0592 13.3378 21.4648 36.9937 0.0569924 9.73159 0.0902569 6.15606 5.19741 26.1218 184.726 0.0488292 3.91661 14.5655 9.13076 9.52302 6.93058 23.734 2.98121 46.961 6.7453 9.79165 0 26.7498 14.5302 1.56926 14.4653 
367.574 432.469 22.2887 373.426 14.8489 368.452 46.049 189.841 380.986 60.5686 8.62213 431.408 45.5072 1.97574 6.90307 51.5727 383.117 59.4244 10.5325 12.4688 20.6377 66.0911 5.69422 12.9738 0 72.4652 160.357 8.02013 
38.8694 74.0009 5.18812 5.68615 51.4587 8.32802 26.3693 203.105 28.9991 28.5544 135.215 396.974 24.8513 10.8839 23.2777 7.02926 18.7294 11.1485 9.45417 11.5983 52.0753 0.33757 4.04871 11.7607 3.62062 0 9.2839 17.589 
0.1661 32.5286 15.5101 0.00248504 13.8015 17.7507 59.8683 73.4717 59.9303 47.414 39.0595 100.06 29.7552 4.56115 19.8641 0.443829 18.6149 44.4027 9.67242 2.40496 44.285 2.73407 0.220575 0.347018 11.9857 0.0662965 0 75.1517 
60.812 14.8453 18.2458 0.450094 8.43214 22.7497 72.8062 54.793 7.12482 42.2449 7.99329 81.5164 4.52035 1.46475 0.106727 12.3245 19.1755 50.2532 22.5455 11.01 50.8236 3.83907 3.56379 10.9883 18.9692 10.6244 85.0162 0 
