0 618.497 190.448 409.722 63.9612 234.423 253.81 158.387 224.039 133.153 33.3264 0.0222621 0.397788 45.0923 71.5031 24.9352 252.116 172.44 110.499 91.1969 184.747 32.7845 22.7782 40.3979 285.777 21.9859 36.5525 29.2457 
678.424 0 176.071 508.753 226.09 218.597 479.669 20.3888 579.372 218.901 65.63 121.917 41.616 3.71621 90.3016 72.6408 280.566 837.824 119.667 110.766 169.336 26.5874 30.569 0.0554707 219.093 42.9546 24.3454 63.7723 
29.0809 300.155 0 23.8904 163.152 9.87641 153.79 214.2 470.536 27.8481 226.434 59.1169 44.9568 6.02987 20.3274 9.11858 47.376 77.5438 0.818309 23.8047 1.81532 2.66886 1.2883 0.599923 24.9671 5.27694 15.5281 11.3154 
458.85 446.815 24.5856 0 34.6635 263.843 20.3287 796.511 508.386 37.9292 76.7566 158.222 4.17391 23.0074 0.408416 35.6768 241.699 5.18125 43.0924 29.3707 546.536 3.41626 0.000475222 22.7747 250.13 9.90646 23.8367 30.6172 
10.1026 0.305223 104.231 136.355 0 43.9162 76.3765 215.536 255.313 9.54535 23.1472 159.314 133.404 11.1699 81.0224 18.6965 6.28896 171.759 67.3411 85.4166 86.129 3.00004 46.3806 27.2898 24.0492 67.0879 1.43143 23.8585 
282.95 400.658 53.5877 285.804 420.243 0 5.56936 30.7025 219.498 461.987 35.2548 2.3515 574.171 0.801793 0.167611 21.9579 239.422 2.48969 10.5129 0.137431 18.0793 0.200534 2.16528 9.60351 243.268 0.0998152 19.8651 13.5252 
173.224 490.633 109.346 116.913 433.464 372.663 0 79.4705 738.685 440.359 344.838 213.967 4.42761 22.9871 5.84043 85.0613 56.2416 229.77 37.3324 0.0354409 114.247 62.8563 5.71552 71.7337 27.4037 2.96429 56.1915 71.7683 
192.74 161.903 25.0137 363.278 218.707 209.081 136.011 0 530.43 121.278 365.148 453.841 1.77831 125.309 48.946 253.132 3.70219 175.593 39.5684 3.705 207.761 11.3238 43.5932 14.6003 21.1493 170.733 100.527 6.99842 
442.928 221.013 390.887 280.558 58.8202 270.154 1305.78 262.328 0 3.32926 895.988 264.208 46.2755 140.328 105.506 150.304 325.851 121.636 141.654 51.7016 68.9748 4.4329 7.35828 14.1146 323.233 0.498213 15.8855 4.47581 
76.5895 233.08 9.09262 89.7295 271.308 74.1751 72.8664 222.967 149.598 0 149 246.608 178.326 9.25593 133.563 4.76716 61.5144 102.641 56.2039 32.7583 37.0855 43.532 22.7215 57.1538 62.2248 76.3857 4.44524 37.9323 
41.5839 9.17731 2.09275 203.646 180.47 2.21085 434.843 0.987058 800.706 551.004 0 336.775 38.2832 86.6294 359.415 228.672 36.669 99.3897 0.376619 2.55658 148.602 73.3175 84.6984 43.8482 140.587 123.209 2.4335 27.9881 
54.0301 100.336 185.133 258.358 12.7713 47.9834 251.255 807.969 136.803 32.9428 24.1992 0 6.6651 128.171 273.875 491.717 63.6804 115.919 30.007 35.0177 0.764374 75.5395 24.6129 167.354 337.054 38.351 61.8794 18.2394 
106.69 112.411 73.3745 7.73375 169.224 36.8974 184.761 145.22 16.3366 108.056 197.285 117.503 0 3.9458 38.3059 0.0197276 6.32138 13.708 5.46951 0.0257078 48.2919 16.1755 88.1964 4.74378 49.9094 53.2986 35.7481 36.4539 
37.269 66.8213 16.3736 1.38825 70.1348 2.45865 66.8073 21.1901 138.801 64.2528 209.536 13.8793 148.259 0 19.1042 4.12004 18.0347 53.5954 17.0112 2.67167 9.11323 10.5309 1.22371 7.50532 1.00685 5.94622 1.12648 5.39648 
26.3015 6.27847 34.0651 1.38429 0.01594 40.4539 22.8466 69.39 221.243 4.23803 400.436 103.194 75.8592 0.437762 0 2.02536 27.8891 3.79516 7.57722 3.12898 0.39835 17.548 14.579 1.05401 9.76628 29.2388 10.3314 5.41995 
79.3292 5.90939 9.5516 41.3656 49.7564 18.9838 53.265 53.9408 6.51022 78.3753 228.502 494.986 21.4834 18.9598 7.47403 0 10.7405 5.0561 5.08881 1.48974 4.89494 0.0946346 7.74886 15.3817 21.9948 4.31289 0.834306 8.01174 
319.706 329.639 2.28667 236.801 82.6049 241.679 87.1071 0.918337 243.063 59.6753 73.9877 14.1438 9.76839 12.372 5.3068 23.4747 0 156.446 368.071 0.384476 15.4026 7.79387 6.55177 20.8684 228.105 12.5782 1.51915 7.00333 
187.201 403.655 131.033 123.215 225.043 122.165 234.329 180.074 204.177 95.4946 151.888 109.546 101.071 27.8157 68.4338 17.8716 2.7117 0 30.1945 78.2624 118.782 9.15548 42.4255 36.1019 59.69 9.66739 31.8814 48.81 
71.7405 159.695 45.9424 39.4284 71.8545 69.2478 3.12431 110.327 35.6209 3.83008 7.79789 15.317 79.1712 0.855973 38.5529 7.82522 188.8 52.0937 0 25.1731 0.000108422 24.4017 20.3416 21.0687 11.2077 16.1655 0.0952421 0.098141 
206.891 4.47725 26.3732 29.7185 94.1863 3.26801 91.0363 100.787 36.4079 0.412619 85.148 78.8474 36.7869 0.0178178 9.86578 0.15935 33.5513 82.6816 36.3785 0 294.277 1.83032 2.76231 0.0980892 2.6003 0.131104 10.9064 10.9922 
1.41141 139.554 0.0370261 130.531 51.8387 52.4009 95.6019 176.109 70.3482 71.2736 12.9592 167.017 5.0396 27.7133 9.09773 1.54029 40.7765 110.56 42.7708 181.653 0 31.047 3.81358 44.3447 0.562715 11.4425 16.3959 17.3822 
37.0297 42.7995 7.19967 7.29544 27.8604 12.4628 62.6499 62.8315 3.325 15.1762 5.16693 63.647 76.1269 1.0916 0.0373478 1.00068 21.2491 22.7408 24.9555 2.80541 25.5129 0 8.84482 12.4944 1.33617 3.94956 2.78193 2.6145 
0.104351 34.3706 1.05741 13.1615 20.597 14.6208 69.2576 89.6309 26.7257 0.661959 116.742 8.80766 83.9632 1.94939 0.364153 5.38668 16.5525 25.4646 11.2546 2.99773 2.49119 8.73793 0 15.7142 5.62496 10.0378 12.954 0.111141 
6.20453 55.5987 13.5193 21.0658 37.6799 0.0927394 8.9416 0.363017 5.29444 5.82216 28.644 186.039 0.00213421 3.5497 13.5498 10.6949 9.70864 7.30853 23.6834 2.90768 46.7852 7.06156 8.14905 0 28.6798 14.7839 1.77035 14.4583 
223.172 288.293 21.8385 229.252 14.087 223.833 47.7643 187.897 234.149 59.6042 10.3939 467.851 44.8739 2.20081 7.5371 57.2005 237.887 59.5164 10.2217 12.3613 19.8612 51.1784 5.39579 8.98108 0 46.4128 91.1121 12.1586 
40.3591 74.9234 5.66492 6.46984 52.3983 8.81171 28.2459 196.304 26.1921 27.0305 131.354 390.491 25.6743 10.6697 24.0186 8.1155 18.987 10.5314 9.13258 11.5307 51.357 0.381658 4.23133 12.1101 2.98552 0 10.2143 20.6339 
0.107119 33.1097 15.6985 0.000417876 14.2358 17.8978 60.0152 71.9756 60.8314 47.4984 37.8365 101.852 30.0845 4.69838 19.8771 0.355092 18.7401 44.4864 9.47937 2.32073 44.2661 2.62816 0.172045 0.448482 12.8369 0.184921 0 79.3615 
60.699 14.1307 17.9812 0.327965 7.96515 22.6873 72.5674 51.756 6.28334 41.4885 9.09365 86.7799 4.21057 1.5872 0.0567588 12.8327 19.3454 50.3992 22.3592 10.9569 50.7193 3.93418 3.43499 10.7881 19.5556 8.26553 81.5926 0 
