0 761.974 130.898 487.607 91.5528 507.899 266.711 165.476 644.64 125.506 89.0683 97.3789 89.7907 9.02881 3.07819 4.6707 433.58 11.3271 24.1503 23.9142 74.7213 14.4014 34.4701 0.604083 397.016 25.6915 39.6469 59.1715 
694.752 0 94.5711 650.946 352.129 383.816 24.8799 238.864 751.672 134.502 188.846 169.486 5.52379 61.9312 29.2174 45.3774 481.382 346.128 4.0974 7.16707 160.684 30.4756 54.417 24.987 456.501 52.3933 33.4821 56.747 
0.247489 376.617 0 151.669 5.21201 40.5163 34.3196 245.859 431.328 99.2555 28.1246 5.68611 57.8643 0.180762 0.477917 11.986 0.763992 134.17 20.3687 25.7791 126.93 0.934686 6.5399 15.6722 16.9243 0.438847 11.8374 20.4336 
536.651 641.296 368.337 0 62.6824 441.524 172.824 780.036 411.478 77.1945 1.54926 86.1303 72.598 1.3257 5.90754 15.9413 412.002 134.028 3.94292 0.956762 563.855 0.20646 13.7413 6.11431e-05 422.404 2.33428 27.0546 2.25712 
1.78387 524.97 6.70561 92.2253 0 364.286 326.223 189.506 308.221 0.218843 260.373 5.91354 173.346 67.4534 78.583 65.5137 42.1928 33.5463 2.87354 39.5382 28.5464 0.00150535 56.2338 46.7508 61.1814 38.5472 17.3526 26.7786 
465.518 574.087 2.07415 400.908 574.242 0 193.249 50.6267 691.688 407.953 135.788 96.8286 602.836 8.8805 33.6836 27.288 403.084 3.42514 83.4003 19.4235 44.3575 14.6814 16.35 1.48262 385.099 21.4057 19.4853 22.8868 
212.306 16.9409 205.57 0.0181044 0.189285 185.384 0 9.90021 278.482 465.882 166.855 191.425 213.781 17.3439 140.344 86.5689 55.6696 0.628966 112.773 28.7804 65.8279 40.9899 68.4667 5.23215 28.9169 10.2468 59.7466 13.2808 
185.828 0.117967 6.21641 432.741 196.297 197.938 0.0013822 0 63.6396 10.4759 349.611 908.627 148.251 122.884 2.62666 205.288 47.0531 85.7685 110.206 11.2791 204.79 5.54015 100.848 106.819 5.11202 109.908 2.5517 7.22952 
388.949 570.486 453.693 667.064 86.2153 515.945 1107.14 492.573 0 11.0603 360.161 292.939 0.758675 4.33612 205.511 25.2934 434.198 144.946 71.3706 101.225 163.044 16.7374 91.4574 100.166 510.62 30.0199 51.2978 98.2453 
86.6638 162.687 112.098 52.9629 312.596 58.2382 46.5787 71.739 179.017 0 89.7237 14.2181 92.4011 69.5064 115.43 76.5483 1.88428 137.598 50.5476 41.1875 98.1574 14.0709 57.4857 10.8858 0.252118 49.4952 8.26796 52.4708 
5.2006 263.199 232.54 117.292 143.571 27.8123 69.7546 48.5501 299.354 405.162 0 8.07963 110.38 116.089 402.638 29.3098 74.3476 30.0653 126.84 57.3004 6.31636 26.2344 133.665 76.3302 93.0645 29.4349 55.5867 39.8793 
202.89 150.02 120.92 0.0558137 168.213 151.668 2.2717 589.785 112.688 240.445 289.898 0 146.038 152.327 233.496 309.979 54.0419 7.22949 85.0788 66.9827 127.759 44.6612 2.26381 173.534 254.889 1.38802 0.0189763 112.055 
27.9767 13.2071 10.9554 56.4231 175.701 44.9977 93.1249 0.0148244 4.45713 277.773 0.407591 118.613 0 29.6429 1.22496 9.90075 14.529 19.3305 85.2587 2.5297 44.5474 2.23944 0.372324 6.70674 10.5837 28.566 38.4584 34.9362 
3.27324 10.5902 6.57768 19.7865 4.52721 12.136 73.0444 3.3244 10.258 5.58343 1.50585 39.1118 69.6052 0 0.314686 1.17535 8.60423 49.064 11.5103 2.36182 12.672 7.34341 0.538526 10.3263 10.7838 10.1577 0.0868354 1.18196 
34.5356 67.1955 17.3756 8.5374 52.4795 12.4742 141.505 173.63 71.184 33.4847 364.912 207.384 5.63004 18.3738 0 35.8728 29.5767 52.3484 2.18115 7.15723 20.6972 0.0430619 7.16468 10.3633 2.87905 0.340678 0.192027 22.4535 
26.6936 49.5374 6.82709 0.0429302 14.7416 7.89116 55.2549 130.319 116.172 68.361 31.204 369.367 3.15483 8.03556 73.2496 0 4.56569 6.00319 1.11621 1.82971 61.2873 11.3128 3.04797 7.92432 4.73368 21.7859 18.8666 11.3663 
401.562 458.759 31.58 426.866 130.499 400.9 21.2403 37.4291 496.6 2.53725 95.0448 22.4473 3.17245 20.5107 2.50325 18.0523 0 210.151 219.421 6.61707 17.4963 21.2437 0.525275 10.1718 406.167 21.7918 12.3506 23.5226 
122.445 67.4269 73.5373 87.4446 31.3729 102.33 6.36498 39.5199 214.022 140.913 56.7131 10.6457 28.1593 12.8445 25.8492 52.5834 24.0064 0 55.6378 5.04265 6.75859 0.932596 45.0732 30.5198 58.2218 35.3341 44.2306 51.1654 
112.42 72.8691 61.5887 44.1197 4.00775 26.3377 56.385 39.3174 0.107047 2.1002 125.66 3.54064 27.3498 3.76281 22.947 14.4651 38.4721 80.1692 0 34.4451 3.88452 23.7877 14.4524 13.284 18.1584 16.7762 14.0086 9.58427 
185.849 104.933 11.7047 0.859713 60.8335 12.6471 82.7941 116.104 16.4287 53.357 8.61112 22.4208 28.8069 0.0753551 6.10091 4.24989 27.8752 9.48604 19.0888 0 332.465 6.29713 3.88675 0.0544108 0.0851077 5.9677 6.51239 11.4305 
65.6193 125.35 126.799 121.948 60.898 11.5505 86.7996 188.277 163.987 93.7056 145.509 44.0433 7.0764 23.5933 39.1934 42.5682 43.1641 1.35207 58.2622 74.1455 0 3.97834 11.2671 37.8166 23.5267 60.2917 36.5736 18.4163 
38.9728 45.5538 9.58516 13.0252 14.9438 19.4398 39.2396 57.4284 14.7125 49.2016 13.6504 21.9496 26.108 0.107448 17.546 7.95156 8.0331 1.50883 22.8839 0.161196 25.6507 0 14.729 10.8822 18.1215 4.21772 0.183043 0.0408573 
2.05743 55.7942 12.3226 16.6516 46.5137 0.038099 1.90569 68.1327 101.834 54.5254 35.6296 0.389985 2.50402 1.07645 23.5164 1.28149 2.93386 35.4338 17.9284 3.9905 9.11896 14.7676 0 19.1142 20.2481 0.000580347 6.92097 1.58986 
51.0425 15.6654 0.573128 0.182076 17.0339 13.3623 70.7302 56.0639 69.0378 59.7092 7.03026 183.607 20.5526 9.45507 24.8912 18.3257 20.7797 12.119 18.7457 3.1101 47.9007 9.18976 3.94047 0 27.637 14.1715 19.2105 1.65822 
447.864 383.042 0.0326128 403.689 53.2759 403.864 77.4518 118.423 383.12 0.876474 4.74205 955.479 50.2831 12.6504 1.6047 4.40009 388.581 56.434 4.37131 13.8095 52.0435 84.5227 16.5611 29.9155 0 39.049 153.601 23.6157 
68.6064 17.1182 14.0961 4.70575 0.306893 27.1427 75.8998 10.0217 98.1967 0.0496584 22.4726 395.397 2.25461 6.58494 3.86084 16.9768 25.9551 36.4874 8.57769 9.67919 49.8521 0.490333 8.04781 11.2836 38.6797 0 21.1732 51.4451 
0.0282899 41.601 12.0467 6.71061 36.2589 18.6035 56.8298 43.858 24.9905 46.0608 85.6236 102.318 39.2185 2.29272 11.1813 18.694 13.5511 30.8338 1.48695 0.14792 33.6346 0.141033 10.5956 18.4218 36.2701 35.6293 0 9.52694 
44.0121 43.9538 14.8984 32.8284 10.1086 16.8768 31.3825 51.2529 97.1566 50.1043 109.026 142.173 5.36521 4.76891 20.64 16.0986 21.7485 50.3079 7.80368 10.1521 50.9002 9.43713 8.32287 8.17462 27.4794 47.8914 72.0272 0 
