0 303.902 202.097 245.827 82.976 11.212 261.743 133.604 12.4509 126.916 41.1092 1.10531 1.03231 46.3701 71.0881 21.545 30.0612 157.273 107.845 43.4781 168.099 32.0552 21.4169 42.1937 65.9368 18.9486 37.7513 27.2884 
371.474 0 281.102 307.707 304.561 2.78579 513.76 32.6179 384.624 206.803 81.5019 109.529 35.4726 5.04756 87.8264 75.1233 54.3887 1042.22 129.436 101.774 164.59 27.9379 28.7831 0.244266 0.739834 46.4037 25.7249 63.2254 
46.8177 195.177 0 12.505 173.469 14.5712 181.412 187.528 441.41 34.7951 235.441 46.6497 48.052 5.28357 22.3073 7.833 45.5322 90.1214 1.65932 22.6069 0.362489 2.41532 1.57931 0.389648 25.7407 4.22159 15.9612 10.5196 
288.311 189.125 188.567 0 25.7157 50.279 10.9401 1320.76 312.745 32.2304 62.4661 133.946 2.95804 23.1479 0.916122 33.4591 25.946 2.32933 40.5474 25.9647 34.1373 3.10034 0.0178614 21.9227 34.0652 12.2066 23.2262 31.2675 
3.57719 8.15267 120.693 144.434 0 108.964 40.7135 219.348 225.986 1.39269 14.4463 153.929 124.359 9.26809 84.0151 16.237 3.30096 184.992 96.8775 82.4244 90.9604 3.77521 45.0115 25.6015 21.9955 65.9103 1.83276 22.3338 
56.2534 159.822 58.0677 67.0108 201.459 0 244.895 19.5303 24.058 698.53 56.2914 0.605662 112.332 1.25709 0.670635 23.0015 19.1218 4.81655 14.7325 0.0244951 20.6498 0.0851964 1.76365 10.253 26.01 0.00711811 19.7128 12.7925 
192.882 519.28 80.7869 134.208 419.602 687.606 0 49.2416 1113.06 375.609 394.986 230.596 9.71915 18.7712 10.405 80.5874 60.6652 233.119 29.8755 0.438905 119.053 62.9623 4.26038 71.428 23.8154 1.526 55.2697 72.4771 
216.193 140.437 44.7457 419.322 221.457 213.416 98.3318 0 444.06 135.131 352.874 688.108 3.35882 123.635 37.2708 259.22 2.60342 178.16 35.5481 1.94944 207.957 12.7642 48.1935 9.90558 12.8678 189.545 100.372 10.5514 
210.981 13.5204 445.504 34.8518 83.8893 12.0353 1197.43 360.294 0 0.0858977 414.175 228.706 56.4568 146.152 61.9477 147.396 105.87 109.699 137.057 56.4774 77.9006 3.4971 9.93017 17.2608 110.013 1.95281 13.9721 2.99357 
84.8913 224.678 13.7462 93.952 295.985 46.0052 138.799 220.025 110.306 0 243.805 246.456 137.935 6.32198 133.386 2.58135 64.2095 108.752 62.8595 30.663 33.8839 45.6793 25.3208 58.2175 60.064 76.0289 3.70443 36.0307 
33.7649 3.81982 0.00041702 203.67 164.434 0.0506936 465.434 6.81373 848.037 480.097 0 391.666 26.338 67.3631 308.202 227.609 33.8716 92.1729 0.022307 3.72882 147.59 74.5587 76.9596 37.1711 143.332 112.976 1.57351 23.9149 
42.8863 88.094 187.664 252.348 17.2015 39.4521 237.242 966.068 172.203 45.3072 55.7075 0 9.7875 137.977 270.51 452.528 65.8276 120.672 27.1223 38.8398 0.0925243 76.0461 30.5046 157.075 266.1 84.5234 56.2435 11.4548 
105.318 106.222 73.0813 9.56068 164.234 63.6225 195.108 143.216 23.2565 147.39 181.625 123.593 0 11.2779 30.2859 0.142479 5.27678 16.1938 4.00794 0.000782298 46.2844 20.4295 89.9855 3.17459 51.0238 52.535 36.2489 37.3906 
38.8912 65.3745 16.1134 0.967709 69.7655 3.1823 71.4471 26.7071 141.445 68.3986 202.406 7.88034 154.257 0 32.4263 6.0424 17.6347 53.5564 17.7668 2.54619 8.13655 10.3064 0.396946 6.67523 1.41756 6.60595 1.32885 5.82398 
29.0146 8.72216 33.989 2.21987 0.336132 39.344 30.5883 82.9995 219.157 1.22044 371.783 74.9203 67.1692 5.55736 0 0.61799 28.276 2.8031 8.6051 2.82396 0.153058 17.4983 16.8435 0.342315 11.4279 30.0462 10.9819 6.28552 
78.2405 4.15815 10.8862 42.2691 52.4676 17.7 47.692 32.8003 11.0461 74.16 227.979 481.52 25.7513 19.3302 22.6706 0 10.1125 6.19039 5.76027 1.73534 3.74003 0.0318801 6.80201 11.5457 19.5946 6.53795 0.563509 9.16661 
103.438 118.892 1.40457 16.7474 73.8997 21.3249 83.4099 0.41438 21.8075 62.4415 71.5105 12.3969 11.1144 12.8736 4.73259 23.0736 0 186.144 303.079 0.644839 13.8818 8.18665 6.18998 20.7859 10.7134 13.2264 1.32872 7.44627 
199.921 461.668 120.463 116.179 217.752 123.468 234.225 178.244 197.54 101.886 156.236 114.584 102.495 29.3813 68.7818 16.1093 11.6566 0 23.8322 75.6813 120.393 8.42093 42.9256 35.0022 59.5739 8.33269 32.7241 49.3206 
76.9286 153.401 48.5155 42.0052 101.913 74.1934 1.0944 108.241 29.4268 6.47296 10.5003 17.6854 77.3769 0.604841 38.487 7.07056 197.444 44.3516 0 24.0095 0.0654866 24.6199 19.9678 20.6897 11.9509 16.9793 0.0463744 0.181651 
220.585 8.79976 26.9705 26.3204 93.0516 2.5809 92.6299 104.622 31.9504 0.130862 85.8238 81.8004 37.6402 0.0364091 10.118 0.254069 33.2573 80.6982 36.1585 0 245.7 1.94258 2.85288 0.144982 2.93141 0.0622241 10.8533 11.1083 
5.62978 131.438 0.30862 117.999 56.8974 55.127 101.297 167.553 79.303 68.2166 9.87218 168.031 6.0971 28.9124 7.80593 2.32629 38.9467 113.208 40.6996 242.068 0 30.7616 4.41415 45.0348 0.254237 9.80891 17.3701 16.0877 
37.5187 43.7987 7.51136 7.69298 29.5022 11.7659 62.8713 63.7299 2.51605 13.135 6.51318 65.4213 79.7717 0.786698 0.132122 1.26222 21.2373 21.8364 25.1023 2.68357 26.011 0 9.92347 11.994 1.03588 4.22771 2.5356 2.41844 
0.271934 32.6105 0.817132 12.5122 18.9309 14.9924 70.333 92.5053 30.8934 1.32754 121.65 12.7823 86.8834 0.877265 1.12767 4.44836 16.2837 26.5664 11.8138 3.08319 2.99047 9.8201 0 18.6246 7.02333 9.86092 12.752 0.186534 
5.02935 56.7804 13.9184 20.094 39.2558 0.209534 7.21197 1.70434 3.52528 7.40092 34.8379 187.371 0.130717 2.73168 11.1994 14.505 10.1426 8.22209 23.5468 2.73677 46.3224 7.7984 4.61026 0 33.0167 15.3212 2.28115 14.4129 
6.69326 72.0787 20.7454 13.2426 12.3682 6.74496 51.7529 181.873 12.2043 57.2314 15.11 472.695 43.3431 2.76495 9.08705 56.5817 19.3278 59.6631 9.50595 12.0965 18.0803 10.7279 4.87851 2.59394 0 9.56569 87.422 110.616 
43.8281 76.9118 6.83552 8.45636 54.5297 9.96726 32.7678 178.458 20.0893 23.554 121.735 361.286 27.6001 10.1402 25.6378 10.8373 19.5792 9.14694 8.39506 11.3563 49.6139 0.494605 4.6619 12.8927 1.76438 0 12.4872 28.1533 
0.0195625 34.4545 16.1238 0.0339985 15.2642 18.2255 60.2905 68.3942 62.8761 47.6431 35.0012 105.771 30.837 5.02069 19.8769 0.185984 19.0256 44.6541 9.0318 2.12854 44.1897 2.38716 0.0820291 0.734143 14.9782 0.690677 0 87.2211 
60.3464 12.514 17.339 0.117609 6.91947 22.5085 71.8846 44.8115 4.5139 39.681 11.908 99.0484 3.52654 1.88879 0.00100032 14.0055 19.7338 50.6974 21.9123 10.8232 50.4238 4.15788 3.13916 10.307 20.8073 3.79912 71.7076 0 
