0 418.043 208.386 484.915 100.329 206.083 266.017 112.763 218.349 121.133 48.2466 3.31883 1.8096 47.3981 70.563 18.7667 225.286 143.66 105.234 22.9464 152.96 31.4106 20.2555 43.6835 262.792 16.471 38.7524 25.6209 
485.935 0 364.93 512.163 369.398 207.511 526.024 45.0533 597.28 194.814 95.8533 98.9261 30.48 6.33712 85.4223 77.0512 246.161 431.325 137.265 93.5368 159.854 29.0911 27.2513 0.512039 199.179 49.3356 26.9106 62.6628 
64.3143 110.951 0 52.8519 180.324 19.0993 202.645 162.779 393.994 41.0859 239.909 36.7753 50.6368 4.66546 23.9449 6.77413 43.8396 100.753 2.60642 21.4821 0.00151637 2.20575 1.84871 0.244645 26.3303 3.395 16.3162 9.83973 
518.106 351.719 211.282 0 18.9307 252.39 5.09617 1339.27 523.818 27.5609 50.8931 112.993 2.07606 23.2054 1.50753 31.3962 226.458 0.771633 38.3109 23.0122 641.716 2.83909 0.0711645 21.1403 234.193 14.2943 22.6735 31.7497 
0.605814 32.8244 134.156 150.375 0 195.845 18.3442 221.564 199.62 0.218853 8.53777 148.904 116.243 7.75908 86.3298 14.2302 1.48824 195.422 124.333 79.5929 94.9829 4.50506 43.7865 24.1617 20.2734 64.7813 2.21453 21.0414 
247.51 337.286 61.258 264.36 817.031 0 1133.61 11.7945 263.994 478.585 77.1042 0.0165262 337.54 1.72283 1.36274 23.8221 215.777 7.38694 18.7946 0.00074792 22.9379 0.0249474 1.44851 10.8047 225.16 0.013058 19.5612 12.16 
208.583 526.483 58.1983 148.258 398.262 878.94 0 28.4319 1289.14 309.858 431.047 243.459 15.7957 15.4209 15.2628 76.4872 64.4285 234.419 24.0006 1.14018 122.904 62.9517 3.17363 71.0013 20.8726 0.665795 54.4167 72.9447 
235.041 122.133 65.1906 411.641 222.743 214.905 69.504 0 361.86 146.728 338.631 861.781 5.09905 121.602 28.2365 259.498 1.81169 179.797 32.1999 0.884326 207.148 14.0509 52.1569 6.55748 7.30765 203.597 99.9977 14.12 
396.4 227.37 469.865 215.607 107.735 199.168 924.046 442.58 0 4.43728 559.441 197.528 65.6719 150.226 23.387 143.963 302.541 99.4621 132.66 60.5522 85.6736 2.77897 12.4048 20.1541 312.316 3.94639 12.4099 1.9535 
91.9524 215.524 18.3808 97.1581 312.595 65.0877 205.121 216.161 79.6274 0 330.746 244.474 104.548 4.22059 131.766 1.22638 66.4248 113.749 68.5569 28.8555 31.196 47.4446 27.5801 58.9734 58.0696 75.4415 3.11895 34.3725 
27.584 1.05252 1.63389 201.92 150.225 2.86089 481.413 15.856 902.647 403.033 0 433.151 17.6973 51.932 255.149 223.335 31.5143 85.9468 0.0619419 4.90025 146.369 75.5035 70.2091 31.7158 144.949 103.762 0.982782 20.611 
34.1387 77.8265 188.215 243.731 21.4621 32.5956 223.711 1027.15 203.356 57.0893 91.506 0 12.9048 145.45 262.438 390.338 67.6145 124.545 24.7239 42.1672 0.0342274 76.3594 35.8907 146.936 256.005 133.978 51.4398 6.82029 
103.921 100.69 72.6081 11.256 159.19 93.9585 202.67 141.123 30.0211 182.07 167.319 128.538 0 20.2599 23.9215 0.673213 4.45027 18.4583 2.9279 0.0358635 44.5474 24.3492 90.9066 2.0698 51.8969 51.7836 36.6504 38.1587 
40.2405 63.9904 15.8353 0.66526 69.2862 3.86325 75.2209 31.7997 142.826 71.6486 193.586 4.03141 156.363 0 43.7276 7.84204 17.2807 53.45 18.4042 2.4383 7.33406 10.0752 0.0435371 5.92828 1.81963 7.17094 1.51375 6.19113 
31.3738 11.1008 33.7291 3.08162 0.9361 38.1548 37.8594 94.8472 214.74 0.0788314 332.697 53.0391 59.5816 13.8643 0 7.02379 28.5802 2.06779 9.52274 2.57113 0.034321 17.4096 18.6731 0.0412681 12.8956 30.5377 11.5361 7.05911 
77.0461 2.89068 12.0454 42.765 54.7201 16.567 42.9514 18.3633 15.7964 70.2053 224.156 437.538 29.5777 19.2543 39.6471 0 9.57972 7.24308 6.36099 1.95737 2.86667 0.00458459 5.97896 8.41879 17.5 8.71203 0.372475 10.1764 
303.214 323.264 0.815281 213.618 66.4658 217.921 80.0925 0.139555 217.732 64.7255 69.3178 10.9767 12.3223 13.3005 4.26186 22.7106 0 210.151 89.9905 0.920074 12.6256 8.52617 5.88419 20.7012 209.81 13.7829 1.17501 7.83197 
209.571 469.061 110.657 109.601 210.129 123.968 232.549 176.109 191.018 107.171 159.557 118.727 103.537 30.7164 68.9556 14.6466 24.0064 0 18.8737 73.2621 121.526 7.80985 43.3145 34.0368 59.3985 7.25588 33.4323 49.7131 
81.2513 147.147 50.5849 44.1516 129.621 78.0163 0.18053 106.235 24.4846 9.25156 13.1049 19.8207 75.6844 0.423533 38.3648 6.44527 205.675 38.0106 0 22.9908 0.217309 24.7872 19.6316 20.3494 12.5949 17.6732 0.0183179 0.273359 
227.003 13.5645 27.3368 23.369 91.732 2.04946 93.6543 107.555 28.2648 0.0145966 86.2241 84.1564 38.3296 0.0575265 10.3224 0.352212 32.9537 78.7589 35.9044 0 194.687 2.04028 2.92911 0.192252 3.22664 0.0233128 10.7998 11.1965 
11.4071 124.107 1.42758 128.741 61.2785 57.3865 106.011 159.618 87.0901 65.5292 7.53878 168.385 7.07637 29.9248 6.76582 3.12291 37.3671 115.261 38.9126 285.497 0 30.5014 4.95934 45.5719 0.0858604 8.49129 18.2129 14.9999 
37.9096 44.6163 7.77614 8.03508 30.907 11.1626 62.9599 64.4256 1.90933 11.4717 7.77901 66.8556 82.5194 0.562326 0.259003 1.50747 21.2149 21.0601 25.2075 2.57975 26.4275 0 10.8102 11.522 0.842824 4.46879 2.33136 2.2547 
0.477801 31.0888 0.634261 11.9445 17.531 15.2804 71.0832 94.6999 34.5993 2.07551 125.247 16.7035 88.8178 0.273818 2.09616 3.67701 16.0447 27.5031 12.2926 3.15463 3.45161 10.7116 0 20.2435 8.29085 9.68332 12.5554 0.266265 
4.11155 57.7047 14.2318 19.2199 40.5751 0.346465 5.86206 3.62691 2.28565 8.88216 40.4442 186.568 0.504672 2.08739 9.24695 17.7894 10.5151 9.03892 23.4093 2.59127 45.8679 8.42387 2.19346 0 36.4271 15.7173 2.76299 14.342 
206.719 272.036 19.7663 213.594 10.9648 206.136 55.1377 175.138 207.813 55.0717 19.7625 403.018 41.9758 3.28882 10.4823 41.2567 217.41 59.7128 8.90407 11.8548 16.5926 1.60245 4.63654 1.5704 0 41.6951 187.886 97.3932 
46.7781 78.4251 7.89631 10.3177 56.282 10.9823 36.7769 161.361 15.4063 20.6821 112.921 322.568 29.2511 9.65663 26.8865 13.323 20.0764 8.02501 7.77846 11.1888 48.0504 0.602445 5.03409 13.5217 1.02099 0 14.5257 34.7885 
0.0004353 35.5926 16.4717 0.105487 16.1613 18.4886 60.4511 65.2366 64.5595 47.7086 32.5991 108.817 31.4634 5.29868 19.8427 0.0838851 19.2627 44.7672 8.65176 1.96888 44.0882 2.18777 0.031003 1.03217 16.9379 1.37372 0 91.4068 
59.9459 11.1883 16.7629 0.0211851 6.07407 22.3185 71.1615 39.0653 3.22013 38.0894 14.5823 109.406 2.98462 2.16406 0.0211823 14.9886 20.0573 50.9052 21.5163 10.698 50.113 4.35133 2.89153 9.88081 21.7442 1.28151 61.6105 0 
