0 579.256 210.988 752.061 117.561 439.734 267.847 93.5258 463.343 115.259 55.4379 6.53116 2.75369 48.3219 69.9151 16.232 458.694 130.272 102.456 24.7819 137.951 30.7771 19.1501 45.0632 497.52 14.219 39.6871 24.0369 
642.01 0 427.908 746.469 425.36 453.403 522.284 58.4731 841.777 182.125 110.073 88.873 25.9642 7.69583 82.8892 78.715 476.374 823.918 144.205 85.31 154.775 30.1901 25.7867 0.859613 435.686 52.1099 28.0477 62.0439 
82.4649 47.2631 0 122.948 185.014 23.7675 220.023 138.259 333.66 47.3221 241.255 28.1705 53.0405 4.09571 25.4458 5.80566 42.1298 110.629 3.70345 20.3304 0.426621 2.01201 2.12318 0.136829 26.8282 2.67651 16.6415 9.19263 
773.922 553.899 217.261 0 13.2922 491.987 1.53535 1223.58 765.983 23.3156 40.5695 93.3197 1.37346 23.2056 2.20527 29.3037 464.807 0.0651289 36.1319 20.1975 348.876 2.59738 0.155327 20.3497 472.071 16.3744 22.12 32.1446 
0.0851237 70.5197 146.189 155.129 0 271.404 4.96824 222.758 173.876 4.17644 4.28969 143.765 108.226 6.42435 88.3167 12.4036 0.416255 204.5 151.54 76.6678 98.7168 5.25942 42.5713 22.7918 18.6613 63.5996 2.61255 19.8181 
477.197 552.912 63.6754 499.223 171.583 0 700.96 6.12378 555.48 451.053 98.8229 0.244421 559.614 2.23134 2.24416 24.5386 450.484 10.3261 23.0204 0.0414161 25.1946 0.000867891 1.17303 11.3269 462.148 0.092712 19.3979 11.5518 
222.352 517.862 39.0953 160.744 370.499 902.805 0 13.5347 1278.07 242.825 458.082 254.396 22.8701 12.4652 20.6696 72.3617 67.9929 234.289 18.8752 2.11543 126.342 62.8537 2.27616 70.4515 18.1832 0.170332 53.5466 73.27 
251.663 104.955 87.1601 419.35 223.034 214.374 45.7451 0 281.176 157.47 322.041 978.189 7.09227 119.152 20.5671 255.468 1.18525 180.867 29.0891 0.251947 205.535 15.3262 55.9494 3.96924 3.40536 214.899 99.4327 17.9639 
619.421 483.487 471.26 440.905 132.1 445.73 584.08 514.776 0 14.6509 934.943 167.735 74.8393 153.258 62.635 139.898 537.037 89.7345 128.079 64.4175 93.1754 2.1653 14.9959 23.0815 552.033 6.48483 10.9843 1.16104 
98.6146 205.216 23.3204 99.8429 324.044 123.553 272.274 211.339 53.8514 0 411.95 240.997 75.0498 2.58709 128.973 0.391975 68.4572 118.297 73.9626 27.1207 28.6776 49.0635 29.76 59.5589 56.0455 74.6385 2.60206 32.7645 
22.1578 0.0176812 6.12984 198.735 136.378 9.51239 487.164 27.849 914.852 321.265 0 466.472 10.9266 38.475 200.455 216.435 29.2965 79.9778 0.397197 6.1627 144.898 76.303 63.7065 26.7688 145.846 94.6702 0.545398 17.6251 
26.5426 68.2737 187.332 232.686 25.9224 26.4914 209.62 1011.39 233.183 69.2468 132.059 0 16.2564 151.688 250.483 313.561 69.2766 128.066 22.4967 45.3843 0.427155 76.554 41.2949 136.258 284.058 186.215 46.8898 3.46738 
102.396 95.227 71.9651 12.9853 153.739 118.69 208.68 138.801 37.1619 214.662 153.052 133.012 0 30.8836 18.3656 1.54577 3.71972 20.7366 2.04696 0.118298 42.872 28.3034 91.247 1.22669 52.6597 50.9822 37.0106 38.8631 
41.4936 62.5453 15.5229 0.427172 68.6881 4.56366 78.6312 36.9499 143.364 74.466 183.009 1.52344 155.669 0 52.8997 9.63231 16.9324 53.2849 19.0046 2.33484 6.59678 9.82187 0.0395746 5.19746 2.24563 7.70783 1.70041 6.54229 
33.6535 13.6111 33.3139 4.02716 1.78939 36.8229 45.2764 106.169 208.328 0.260368 285.632 34.8773 52.3101 24.1029 0 18.818 28.8473 1.46512 10.431 2.33698 0.000150835 17.2852 20.2849 0.02686 14.3266 30.8289 12.0624 7.82388 
75.6827 1.88545 13.1596 42.9927 56.8075 15.4611 38.4789 8.22316 21.0398 66.1615 217.67 372.585 33.3554 18.843 56.7277 0 9.07497 8.31852 6.95707 2.17939 2.13401 0.00148863 5.19428 5.71727 15.4928 10.9746 0.225794 11.1534 
540.603 564.894 0.398462 448.532 59.4337 452.561 76.8004 0.013089 451.815 66.8299 67.1621 9.68574 13.5241 13.7063 3.83024 22.3467 0 231.136 40.3743 1.22817 11.4655 8.85365 5.59525 20.608 446.801 14.3161 1.03612 8.20637 
217.599 447.695 100.782 102.897 201.728 123.908 229.588 173.584 184.102 112.033 162.372 122.531 104.379 31.9867 69.0139 13.2903 39.5116 0 14.594 70.7785 122.393 7.24106 43.6522 33.0936 59.1652 6.28507 34.0978 50.0496 
85.2597 140.481 52.4358 46.1432 156.893 81.2693 0.0294039 104.134 20.1004 12.3358 15.8383 21.9522 73.9354 0.279628 38.1913 5.86619 214.541 32.2455 0 21.9997 0.445424 24.9302 19.2965 20.0106 13.2169 18.3336 0.0034385 0.378567 
228.234 18.9763 27.5581 20.5502 90.1758 1.59285 94.333 110.037 24.8711 0.0121456 86.4511 86.2513 38.9524 0.0822119 10.5074 0.460628 32.6189 76.7045 35.605 0 142.905 2.1351 3.00083 0.243584 3.51868 0.00358172 10.7416 11.2711 
18.7208 116.815 3.25396 158.813 65.4975 59.4754 110.361 151.561 94.5959 62.9044 5.58384 168.275 8.07603 30.8796 5.83018 3.98975 35.847 117.033 37.1942 315.348 0 30.2389 5.50718 46.0384 0.0081722 7.30471 19.0263 13.9787 
38.2591 45.3645 8.02735 8.3635 32.248 10.5815 62.957 65.0263 1.40441 9.96029 9.08515 68.1509 84.7994 0.380976 0.419537 1.75978 21.1828 20.3163 25.2904 2.48087 26.8173 0 11.6138 11.036 0.715863 4.70164 2.14196 2.10173 
0.728486 29.6235 0.479707 11.3928 16.2175 15.5288 71.6503 96.5569 38.2448 2.94196 128.131 20.8711 90.1543 0.0138926 3.27292 2.97953 15.8085 28.3924 12.7503 3.22141 3.92142 11.5211 0 20.8731 9.54846 9.49147 12.3472 0.355544 
3.31271 58.5106 14.5059 18.3514 41.809 0.509067 4.68903 6.11931 1.34418 10.4051 46.0243 184.126 1.08904 1.5329 7.46961 20.7897 10.8721 9.84937 23.2599 2.45303 45.3834 9.0131 0.651833 0 39.3145 16.0376 3.2603 14.2466 
444.723 509.72 18.7969 451.836 9.68449 443.435 58.3337 167.433 441.843 52.9046 24.7058 274.586 40.6222 3.82234 11.8646 20.9117 453.418 59.6945 8.33839 11.611 15.2048 25.1414 4.57823 4.92887 0 91.982 90.2714 11.8929 
49.5685 79.7023 8.95474 12.2198 57.8906 11.9707 40.7063 143.86 11.4387 18.0426 104.095 276.493 30.8278 9.1709 27.9471 15.7778 20.5428 7.00897 7.20233 11.0133 46.4974 0.71512 5.39161 14.083 0.58103 0 16.5324 41.0304 
0.0305886 36.6686 16.7898 0.210789 17.033 18.7247 60.5393 62.1483 66.1084 47.7206 30.329 111.446 32.0467 5.56592 19.7805 0.0235964 19.4833 44.8488 8.29102 1.82048 43.9599 2.00323 0.00492751 1.36225 18.8781 2.23622 0 92.9625 
59.4781 9.97353 16.1908 0.00191561 5.30973 22.1053 70.3517 33.7844 2.17912 36.5331 17.3575 119.05 2.50488 2.44137 0.0993173 15.9038 20.3588 51.0627 21.1262 10.569 49.7659 4.53793 2.66005 9.46214 22.5215 0.113758 51.0987 0 
