0 726.625 134.907 444.884 95.1879 456.542 267.172 161.047 593.213 124.312 90.8328 94.9715 89.2351 9.26756 3.28314 4.98806 382.3 12.619 23.3746 21.7487 71.6721 14.2449 34.2539 0.678358 345.35 26.2737 39.847 59.049 
660.325 0 79.909 604.046 338.71 331.307 19.3597 241.832 695.095 131.194 185.933 167.578 6.00735 61.5928 28.4686 44.7148 427.863 346.437 3.52473 6.37764 159.644 30.7131 54.2811 24.6303 404.164 51.7948 33.7226 56.9806 
0.612846 391.422 0 169.155 6.24081 39.4499 30.7751 242.409 421.984 98.2992 25.5625 6.56583 57.3929 0.211063 0.567705 11.7439 0.664334 135.87 20.8812 25.9231 127.052 0.905333 6.45805 15.6735 16.7022 0.378488 11.9339 20.5099 
494.601 583.366 374.146 0 64.6965 388.854 170.516 730.399 355.555 76.2175 2.05213 90.2737 72.6711 1.24712 6.16653 16.4252 359.523 133.115 4.18034 1.13601 469.859 0.191036 13.6295 0.00104182 370.552 2.1268 27.0967 2.13921 
1.21788 527.782 5.63874 90.1727 0 362.465 334.309 191.068 311.968 0.657877 260.681 5.4125 172.725 67.6407 77.9802 65.8564 40.8128 31.641 4.14384 38.7204 27.7943 0 56.2662 46.522 60.9525 38.9881 17.5444 26.5018 
414.954 518.35 1.71314 348.073 794.584 0 736.453 48.0004 654.021 667.817 140.851 95.1584 216.345 9.07075 33.3037 27.3062 351.424 3.02901 82.8026 19.5741 43.8333 14.5669 16.3667 1.41915 332.921 21.5887 19.4494 22.8729 
215.34 12.4158 209.516 0.127907 0.000298679 244.026 0 12.3214 342.903 457.366 156.939 188.035 214.601 16.6468 140.757 85.8213 54.8779 0.943543 111.297 29.5423 64.7396 41.3303 68.6977 5.4894 29.583 10.7854 59.675 13.6373 
190.156 0.321671 7.90348 444.318 197.714 199.586 0.109915 0 74.3762 9.44553 352.335 879.918 148.3 123.285 3.24319 209.384 46.4911 84.3097 110.553 11.8965 205.271 5.72602 100.655 105.561 5.98938 105.924 2.77549 7.82283 
337.876 525.797 459.471 619.819 81.4546 477.779 1158.51 476.978 0 8.71392 1187.83 298.698 1.03491 4.99082 190.501 26.6109 382.848 142.917 70.0158 100.845 164.127 16.4295 91.9614 100.121 458.673 28.8215 50.8775 98.4033 
88.1379 159.549 111.691 54.0475 315.471 47.7509 55.3792 74.0824 171.602 0 77.1786 12.8386 98.9585 68.8122 116.775 75.7922 1.72404 137.004 51.7197 41.5212 98.022 13.7086 57.2712 10.5403 0.321131 48.8629 8.0894 52.6676 
4.64529 263.983 233.997 114.623 146.578 30.9462 62.5452 44.842 320.325 422.082 0 5.63161 113.572 119.658 405.089 26.7211 73.9146 31.0599 127.086 56.7678 6.74145 26.6685 133.69 75.0634 94.5008 30.9886 55.0951 40.7055 
201.328 147.932 118.533 0.257652 168.91 150.938 1.67673 547.556 106.891 239.447 279.192 0 146.734 151.077 237.252 291.873 54.4654 6.80007 84.6642 66.3321 128.885 45.0893 2.6143 172.086 248.589 3.09092 0.0525999 114.161 
28.6089 12.5031 10.5497 55.9975 176.132 41.7888 90.4383 0.0447916 3.86545 272.323 0.705342 117.502 0 27.2229 1.56499 9.36045 14.2571 18.8401 85.1788 2.42691 44.184 1.95459 0.247887 7.0698 10.8471 28.9098 38.4107 35.1173 
3.42679 10.9457 6.44028 19.9075 4.76683 12.3282 73.8299 3.73917 11.0553 6.04372 2.16603 40.9818 72.7305 0 0.0635921 0.995281 8.51608 49.2187 11.6486 2.33933 12.4731 7.25177 0.419115 10.3508 10.9185 10.2549 0.0972776 1.13671 
34.0382 67.9471 17.741 8.8355 53.2648 12.9112 141.185 174.799 74.556 31.7762 372.028 202.696 4.9772 16.1913 0 39.571 29.6128 51.9908 2.07814 7.09591 20.3842 0.031357 6.7914 9.9567 3.06282 0.268941 0.215481 22.3822 
26.0662 50.1909 7.04443 0.0802494 14.3306 7.67088 54.2604 125.223 114.669 69.2331 28.5433 352.881 3.48516 8.42276 76.0466 0 4.47905 5.79598 1.17583 1.78382 61.1509 11.2762 2.9017 7.31972 4.64176 21.2748 18.8593 11.5792 
348.887 408.19 32.0186 375.131 129.368 349.229 21.8689 36.8847 444.498 2.35146 94.9535 22.0682 3.31508 20.5573 2.42779 17.9462 0 214.905 350.772 6.46573 17.2081 21.2459 0.547903 10.0942 354.174 21.8849 12.42 23.5552 
119.497 61.1039 71.3025 89.0471 33.2715 103.267 7.28387 38.3203 213.338 140.433 55.494 10.1292 28.7249 13.0845 26.2528 52.3314 27.0865 0 54.2106 4.71905 7.12927 0.980666 45.0745 30.3049 58.3146 34.9993 44.1883 51.1424 
112.047 74.798 61.6189 43.6777 5.48368 25.3522 54.8293 40.0454 0.190376 2.41897 125.345 3.33307 27.885 3.66711 23.1681 14.3083 38.5728 78.6893 0 34.5475 3.71811 23.7361 14.3556 13.1836 18.2932 16.9213 14.0899 9.68479 
181.829 106.549 11.9934 1.03022 60.0337 12.8358 82.2398 115.874 17.0495 53.1841 8.95043 21.8306 29.0147 0.0810487 6.16357 4.19147 28.0227 9.05202 19.31 0 331.95 6.30239 3.89468 0.0602154 0.0970621 5.89754 6.47031 11.4392 
68.5905 123.795 126.611 125.205 59.9833 11.1752 85.7276 187.078 165.051 93.9795 145.829 42.8859 7.28868 23.8147 38.8857 42.1842 42.8439 1.52465 57.9622 83.762 0 3.90805 11.4264 38.0153 23.1928 60.1302 36.7091 18.1801 
38.9118 45.7097 9.63325 13.0848 15.2025 19.4957 39.5858 57.6656 14.4185 49.5418 13.3043 22.3435 26.9701 0.127528 17.5497 7.87593 7.96294 1.44945 22.8211 0.168159 25.561 0 14.6545 10.7707 17.9581 4.26774 0.170393 0.0461209 
1.95898 55.6982 12.2984 16.7369 46.2754 0.0281962 1.74447 67.3518 101.937 54.8085 36.887 0.261381 2.16492 0.909202 23.2977 1.17918 2.88464 35.5967 18.0116 3.99644 9.26762 14.6957 0 19.4805 20.048 0 7.00555 1.54904 
50.8121 15.9829 0.533284 0.217782 17.312 13.2599 70.8472 54.6107 69.7521 59.6028 7.62508 184.329 21.1103 9.36142 24.616 18.9887 20.796 12.3121 18.6621 3.0794 47.9194 9.31507 3.41357 0 28.4449 14.2861 19.2262 1.72032 
395.431 330.968 0.0190752 352.011 52.9583 351.611 76.9276 115.851 331.111 1.00096 4.22551 410.235 50.4836 12.7703 1.74579 4.84768 336.417 56.5702 4.27618 13.8147 51.8034 83.1737 16.7904 31.036 0 32.3325 147.318 10.311 
68.1753 16.6223 14.3458 4.41729 0.367857 27.0737 76.6412 11.701 96.8189 0.0217166 23.8678 397.46 2.12035 6.467 3.62362 16.4392 26.0058 36.1546 8.44711 9.73489 50.1678 0.511877 7.98243 11.434 39.016 0 20.7316 50.3362 
0.0406723 41.8111 12.1426 6.57905 36.4349 18.6545 56.9747 44.5497 25.3979 46.1466 85.5356 101.587 39.2343 2.33964 11.2968 18.6679 13.4828 30.6782 1.52661 0.157922 33.4811 0.12994 10.5258 18.4819 36.8975 35.4095 0 10.9952 
44.3256 43.6195 15.0317 32.868 9.89769 16.9932 31.8391 49.9995 97.3689 50.3389 109.2 140.42 5.22468 4.69411 20.754 16.2917 21.6941 50.2455 7.70871 10.1178 50.863 9.46221 8.27928 8.27041 27.4941 49.0715 73.953 0 
