0 348.532 209.367 623.073 139.665 284.314 266.948 70.8224 323.084 107.459 64.9167 12.0544 4.2164 49.3967 68.9008 13.2375 302.126 113.191 98.5929 44.6891 118.7 29.9574 17.7709 46.729 342.269 11.5686 40.8282 22.066 
397.871 0 470.174 580.126 482.181 316.802 496.369 77.1858 690.999 164.769 128.384 76.478 20.6875 9.57158 79.3996 80.5429 315.998 899.471 152.056 74.6589 147.678 31.5644 23.9508 1.42312 283.032 55.5382 29.4793 61.1548 
106.348 3.79349 0 221.867 188.152 29.9471 236.781 107.443 245.619 55.3517 238.811 18.7148 55.9496 3.41425 27.2196 4.66139 39.866 122.4 5.33942 18.7924 2.02958 1.77815 2.4904 0.045006 27.3583 1.8812 17.0297 8.38645 
628.543 360.629 380.712 0 7.50572 342.564 0.00285476 813.882 611.145 18.3412 28.8618 69.8211 0.690941 23.1292 3.25995 26.5417 314.261 0.28233 33.3517 16.73 707.687 2.3053 0.307129 19.3021 320.782 19.0764 21.3911 32.5459 
2.68523 134.106 159.748 159.715 0 322.964 0.152041 222.95 141.601 16.0584 0.980851 136.875 97.8934 4.90501 90.481 10.2466 0.00661735 214.5 185.689 72.7142 103.233 6.28452 40.9865 21.0837 16.6891 61.9768 3.15834 18.3008 
316.16 373.861 65.7468 343.693 45.8333 0 961.27 1.5609 485.805 1014.25 127.693 1.63308 219.931 2.95395 3.6445 25.3369 295.447 14.6561 28.731 0.180824 28.1148 0.0175737 0.864328 11.9734 309.817 0.295631 19.1673 10.7849 
237.57 486.19 19.6728 174.715 327.039 680.851 0 2.43107 1022.31 160.049 480.031 266.017 33.3896 9.12912 28.4232 66.9369 72.4036 232.209 13.1885 3.75806 130.298 62.6082 1.35143 69.5652 14.9967 0.00933341 52.379 73.5072 
270.16 84.1901 117.079 485.104 222.087 210.99 22.218 0 184.275 170.321 297.52 1030.01 10.045 115.397 12.4557 244.611 0.582544 181.51 25.3211 0.0026988 202.35 16.9889 60.6903 1.60996 0.568221 225.698 98.4358 23.3554 
448.631 361.45 442.368 282.782 164.124 333.376 194.461 589.847 0 35.4433 317.422 131.314 86.7403 155.777 146.042 133.765 381.417 77.7071 121.84 69.2027 102.632 1.49765 18.5464 26.965 402.703 10.5244 9.29261 0.451958 
106.79 190.335 30.1457 102.651 331.717 243.169 354.596 203.777 27.661 0 501.739 234.483 43.1881 1.08291 123.805 0.0002899 70.8814 123.654 80.6364 24.94 25.5945 50.9919 32.5114 60.0992 53.3519 73.2994 2.01364 30.7189 
16.0694 0.986415 15.7112 192.693 118.846 23.1101 480.754 47.2499 801.221 216.905 0 497.631 4.6381 23.8668 132.369 204.105 26.5663 72.4941 1.23213 7.9426 142.634 77.1595 55.5577 20.9879 146.053 83.0178 0.175518 14.136 
18.1762 56.753 184.272 215.292 32.0344 19.5391 190.587 892.279 269.722 85.5402 189.577 0 20.9626 158.122 230.152 207.006 71.2965 132.218 19.7974 49.4581 1.54524 76.6512 48.3744 121.751 278.866 252.99 41.2695 0.825684 
100.223 88.1641 70.8952 15.3009 146.077 132.597 214.408 135.45 46.9846 252.811 134.586 138.246 0 46.5202 12.2474 3.14162 2.88686 23.7497 1.15622 0.29004 40.7496 33.5081 90.914 0.472801 53.5148 49.8622 37.4297 39.7046 
43.0123 60.5669 15.068 0.200887 67.744 5.50626 82.6028 43.7518 142.94 77.5608 167.109 0.0639182 151.057 0 60.3234 11.8839 16.4815 52.9896 19.7451 2.20457 5.71391 9.46074 0.500009 4.27791 2.83541 8.37257 1.94831 6.98217 
36.5395 17.0745 32.5651 5.37581 3.2456 34.8984 55.1016 120.133 197.426 2.26142 218.308 16.8221 43.3114 38.1043 0 38.8279 29.1493 0.85041 11.6125 2.05393 0.0682641 17.0741 22.0619 0.39103 16.1459 30.9399 12.7171 8.81487 
73.6707 0.918144 14.555 42.9308 59.3265 14.0504 32.9932 1.09918 28.5225 60.7744 205.814 270.985 38.2219 17.8753 75.5042 0 8.4479 9.76274 7.73502 2.47112 1.35977 0.0297676 4.23025 2.9187 13.0079 13.9967 0.0925054 12.3871 
388.499 417.849 0.0826654 293.754 50.7911 297.425 72.5148 0.0451318 296.097 69.3535 64.3765 8.15995 15.0971 14.2126 3.31439 21.8665 0 253.794 34.2874 1.67715 10.0673 9.26899 5.23711 20.4739 294.552 14.9868 0.872904 8.68446 
225.853 422.722 87.9117 93.9993 189.761 123.081 224.019 169.755 174.54 117.839 165.387 127.071 105.216 33.5709 68.9359 11.6498 63.4432 0 9.9113 67.4381 123.178 6.54851 44.0282 31.882 58.7807 5.15014 34.9174 50.4175 
90.0906 131.25 54.5657 48.5478 190.873 84.7356 0.851357 101.246 15.1084 16.7745 19.5966 24.7492 71.5633 0.140308 37.8947 5.16616 225.8 25.485 0 20.734 0.847469 25.0859 18.8566 19.5661 14.0064 19.158 0.00145154 0.535159 
222.849 26.8566 27.6526 17.0706 87.8229 1.09428 94.7592 112.685 20.814 0.161049 86.5177 88.6507 39.6827 0.119468 10.7248 0.616837 32.1372 73.8587 35.1511 0 81.4513 2.25616 3.08922 0.316556 3.89853 0.00327982 10.6588 11.3513 
30.2396 107.337 6.57385 202.481 70.8177 61.9897 115.578 140.871 104.044 59.5382 3.52352 167.512 9.41885 32.0586 4.73966 5.22218 33.9261 118.984 35.0255 332.141 0 29.8898 6.23195 46.5578 0.0272683 5.92071 20.0577 12.7237 
38.664 46.2564 8.33989 8.7777 33.9263 9.84759 62.8309 65.6897 0.876305 8.17959 10.8559 69.6681 87.1484 0.201166 0.675144 2.1005 21.1276 19.3801 25.3697 2.35724 27.2952 0 12.5444 10.382 0.639399 4.99704 1.91241 1.91469 
1.11818 27.7723 0.314568 10.6895 14.6059 15.802 72.1496 98.5387 42.9405 4.23612 130.937 26.6415 91.0941 0.156273 5.06051 2.17569 15.501 29.4997 13.3247 3.30311 4.55155 12.4613 0 20.2975 11.1695 9.22079 12.0583 0.485688 
2.42194 59.4118 14.8132 17.2202 43.3174 0.756949 3.38535 10.1304 0.508312 12.4584 53.2761 178.784 2.13518 0.938721 5.41243 24.1491 11.3215 10.9076 23.0476 2.2808 44.7059 9.735 0.00445713 0 42.2814 16.355 3.93296 14.0886 
293.911 358.153 17.5397 301.214 8.16601 291.608 62.271 156.164 286.42 50.0525 31.5455 1043.98 38.8616 4.53382 13.6524 2.43983 299.918 59.5794 7.64213 11.2874 13.5137 66.6242 4.74127 14.5374 0 92.8444 81.8408 53.6586 
53.013 81.062 10.3361 14.7546 59.8118 13.2307 45.7422 120.915 7.21798 14.8978 92.6121 211.071 32.8 8.53268 29.0751 18.8871 21.1161 5.81439 6.49816 10.7718 44.4707 0.869872 5.8409 14.7259 0.414053 0 19.1003 48.3475 
0.136145 38.002 17.1686 0.394451 18.1472 18.9995 60.5584 58.1869 67.9651 47.6648 27.522 114.332 32.757 5.90309 19.6614 0.000327439 19.7518 44.9143 7.8416 1.64008 43.7552 1.7801 0.0040158 1.83784 21.3547 3.59796 0 91.3791 
58.7733 8.52452 15.4445 0.079741 4.41238 21.7939 69.172 27.5052 1.15068 34.5352 21.1305 130.619 1.95677 2.80835 0.279223 17.0095 20.7266 51.2026 20.6203 10.3941 49.2608 4.77452 2.37726 8.92244 23.3361 0.447066 37.5646 0 
