0 258.492 208.353 548.551 144.242 206.779 266.316 66.3946 248.779 105.798 66.9264 13.3955 4.55625 49.6061 68.664 12.6484 224.234 109.659 97.7465 49.0555 114.711 29.785 17.4879 47.0628 264.6 11.0483 41.0588 21.6626 
304.217 0 472.875 498.767 491.559 243.563 488.228 81.2717 613.15 161.025 132.197 73.9664 19.6581 9.98135 78.6392 80.8822 237.355 208.418 153.544 72.4368 146.12 31.8467 23.5732 1.55693 205.948 56.2357 29.7749 60.956 
111.325 0.821568 0 239.77 188.404 31.2482 239.442 101.21 226.8 57.0228 237.735 16.9715 56.5325 3.27897 27.5679 4.43655 39.3843 124.715 5.71174 18.4642 2.5075 1.73126 2.56914 0.0322044 27.454 1.7328 17.1068 8.22138 
550.489 275.779 405.149 0 6.50346 266.05 0.103129 870.482 532.314 17.3705 26.6452 65.2168 0.578435 23.1028 3.50155 25.9572 237.583 0.481531 32.7738 16.0302 256.082 2.24669 0.344836 19.079 243.929 19.6431 21.2362 32.6152 
3.672 149.019 162.29 160.46 0 327.798 0.86926 222.807 135.039 19.4337 0.586828 135.397 95.736 4.61427 90.8795 9.82191 0.0536873 216.352 192.584 71.8625 104.138 6.50661 40.6519 20.7335 16.2903 61.6233 3.27728 17.9908 
237.385 291.414 66.0327 265.908 710.647 0 1346.89 0.988961 426.852 727.348 133.762 2.07223 154.125 3.11417 3.97252 25.4867 217.857 15.6341 29.9565 0.221855 28.7279 0.0275798 0.806005 12.1052 232.76 0.351755 19.1162 10.6265 
240.386 476.958 16.4042 177.32 317.093 608.321 0 1.24918 943.94 143.941 482.756 268.098 35.771 8.49676 30.1446 65.7891 73.3019 231.515 12.127 4.15412 131.061 62.5405 1.18946 69.3554 14.3682 0.0408036 52.1279 73.532 
273.6 80.0584 123.453 499.725 221.709 209.919 18.3366 0 165.672 172.865 292.005 1026.21 10.7153 114.531 11.0113 241.602 0.484122 181.545 24.5649 0.0277475 201.534 17.34 61.6621 1.25095 0.277893 227.414 98.1904 24.5411 
367.668 291.412 432.415 205.807 170.843 268.06 134.397 602.542 0 40.7663 1252.05 124.045 89.2362 156.109 152.414 132.364 303.661 75.2646 120.49 70.1771 104.58 1.37451 19.3179 27.7927 326.204 11.4724 8.95785 0.346059 
108.442 187.025 31.6297 103.148 332.328 271.81 370.53 202.017 23.2343 0 517.626 232.849 37.5132 0.851134 122.518 0.0118886 71.3626 124.706 81.9904 24.4908 24.9707 51.3741 33.0791 60.1831 52.7766 72.978 1.90088 30.2941 
14.9203 1.50253 18.2099 191.172 115.234 26.6001 477.547 51.8128 762.01 196.198 0 502.407 3.6619 21.2204 119.068 201.087 26.0116 70.9565 1.46183 8.33628 142.11 77.3153 53.8889 19.8619 145.967 80.5997 0.12444 13.4548 
16.6249 54.4552 183.373 211.264 33.3626 18.2134 186.506 855.784 277.026 89.0184 202.095 0 21.9998 159.241 225.298 185.257 71.7034 133.035 19.255 50.301 1.86258 76.6507 49.8681 118.638 265.824 266.299 40.1273 0.505036 
99.7401 86.6842 70.6385 15.7975 144.39 132.756 215.326 134.7 49.1196 260.088 130.732 139.269 0 49.9984 11.1174 3.53909 2.72707 24.3915 1.00302 0.334969 40.3095 34.6091 90.7393 0.36056 53.6766 49.6158 37.5115 39.872 
43.3173 60.1369 14.9657 0.1645 67.5227 5.70874 83.3747 45.1945 142.699 78.1333 163.512 0.00243834 149.6 0 61.1418 12.3386 16.3867 52.9164 19.8957 2.17768 5.53799 9.38053 0.656583 4.09033 2.9643 8.50778 2.00128 7.07258 
37.1367 17.8297 32.3797 5.67538 3.59874 34.4688 57.1833 122.951 194.808 2.918 203.908 13.8437 41.4911 40.9129 0 43.306 29.2069 0.743745 11.8615 1.99716 0.0978226 17.023 22.3885 0.518855 16.5224 30.927 12.851 9.02298 
73.2152 0.760537 14.841 42.8694 59.8306 13.7575 31.8851 0.448297 30.1811 59.627 202.886 248.769 39.2377 17.6166 78.6259 0 8.3196 10.0733 7.89939 2.533 1.2208 0.04009 4.03638 2.44231 12.505 14.6365 0.0721963 12.6413 
311.45 341.801 0.0467812 216.216 49.0441 219.812 71.6119 0.0784212 218.379 69.8564 63.7918 7.8589 15.4301 14.3165 3.21174 21.7643 0 257.86 51.5033 1.7783 9.78741 9.35522 5.16392 20.4439 217.524 15.1253 0.8408 8.78416 
227.286 421.588 85.2179 92.1086 187.112 122.806 222.619 168.876 172.454 118.991 165.934 127.972 105.357 33.8957 68.8987 11.3207 68.9127 0 9.04705 66.7203 123.296 6.40877 44.0989 31.6284 58.6888 4.92813 35.0842 50.4857 
91.0554 129.238 54.9762 49.0288 197.699 85.3584 1.16163 100.616 14.1546 17.7649 20.4155 25.3422 71.0506 0.117394 37.8225 5.02576 227.88 24.1645 0 20.4704 0.946479 25.1146 18.7633 19.4719 14.1703 19.3272 0.00337675 0.570864 
220.793 28.6194 27.6464 16.3675 87.2836 1.00223 94.7872 113.164 20.0085 0.21296 86.5008 89.112 39.8259 0.128021 10.7675 0.651807 32.0293 73.2365 35.0467 0 70.0783 2.28139 3.10721 0.332785 3.97863 0.00664132 10.6403 11.3659 
32.9192 105.345 7.39741 209.239 71.9158 62.492 116.616 138.596 105.989 58.8354 3.1548 167.267 9.70783 32.2988 4.52685 5.49599 33.5286 119.347 34.5771 332.449 0 29.8152 6.38649 46.6554 0.0475165 5.65057 20.2718 12.469 
38.7427 46.4336 8.4039 8.86331 34.2713 9.69588 62.7878 65.8137 0.782326 7.82959 11.2389 69.9652 87.5582 0.170936 0.735292 2.17399 21.1141 19.1867 25.3825 2.33182 27.3921 0 12.7237 10.2416 0.635446 5.05835 1.86625 1.87683 
1.20893 27.3895 0.284621 10.5432 14.2793 15.8528 72.2225 98.8971 43.9224 4.53109 131.399 27.9007 91.1831 0.250604 5.46736 2.02164 15.4361 29.7266 13.443 3.31965 4.68705 12.6428 0 19.992 11.5071 9.16094 11.995 0.515019 
2.25425 59.5818 14.8712 16.9819 43.6224 0.814091 3.14077 11.0764 0.384897 12.9004 54.7986 177.375 2.39385 0.832018 5.01771 24.7639 11.4143 11.1313 23.0003 2.24549 44.5566 9.88072 0.0616939 0 42.7885 16.4083 4.07804 14.0507 
217.202 281.238 17.2756 224.526 7.86569 214.671 63.07 153.638 208.816 49.4477 33.0371 378.501 38.4905 4.68587 14.0265 0.949846 222.629 59.5428 7.5006 11.2183 13.1726 71.6654 4.80697 17.0957 0 82.3215 116.358 78.4465 
53.7131 81.3076 10.6272 15.2948 60.1935 13.4924 46.7909 116.119 6.459 14.2754 90.2058 197.124 33.205 8.39763 29.2775 19.523 21.2324 5.57969 6.35577 10.7191 44.0428 0.903614 5.93335 14.8492 0.433816 0 19.6329 49.745 
0.167366 38.2744 17.2437 0.439475 18.3796 19.0531 60.5496 57.3601 68.3353 47.6433 26.9502 114.867 32.9003 5.97278 19.6312 0.00287494 19.8059 44.9226 7.74944 1.60373 43.7069 1.73531 0.00828185 1.9442 21.8662 3.91587 0 90.565 
58.6117 8.23675 15.2869 0.110026 4.23618 21.7236 68.9063 26.2654 0.978105 34.1178 21.9467 132.91 1.85143 2.88651 0.32767 17.2305 20.8008 51.2234 20.5137 10.3563 49.147 4.82362 2.32012 8.8094 23.4824 0.767288 34.8219 0 
