0 44.2209 203.948 367.932 157.884 22.4332 263.515 53.7597 74.2703 100.735 73.0383 17.8118 5.65093 50.2069 67.8991 10.9476 38.5728 99.1213 95.1163 58.7696 102.809 29.2626 16.6448 48.0399 79.5033 9.54881 41.7389 20.4629 
77.7187 0 467.951 299.959 514.111 72.7835 458.623 93.9007 425.251 149.551 143.631 66.5654 16.7058 11.2531 76.2845 81.818 49.5248 334.066 157.705 65.7706 141.275 32.6892 22.4458 1.9934 22.7019 58.3 30.6598 60.3297 
126.136 4.93039 0 281.434 188.337 35.1631 245.644 83.0479 171.191 62.0316 233.36 12.2109 58.2385 2.88575 28.5697 3.7888 37.9144 131.367 6.89533 17.4624 4.23595 1.59379 2.81075 0.0066138 27.7116 1.32207 17.3316 7.73037 
359.286 71.0055 391.483 0 3.91419 84.2968 1.26162 863.152 341.23 14.589 20.4577 52.0665 0.30054 23.0019 4.27252 24.1847 55.4866 1.39416 31.0378 13.9792 171.064 2.07475 0.470769 18.398 61.2654 21.3521 20.7637 32.7947 
7.53703 196.333 169.304 162.258 0 336.793 6.52504 222.001 115.758 31.3288 0.00852427 130.867 89.2461 3.79201 91.9712 8.59417 0.465809 221.435 212.642 69.2451 106.789 7.19284 39.6349 19.6907 15.1137 60.5274 3.6463 17.0695 
49.1748 92.4832 66.5886 80.348 661.469 0 1543.75 0.0521008 298.085 862.751 151.961 3.69702 67.0094 3.61566 5.03114 25.9034 33.0625 18.7271 33.706 0.369778 30.5826 0.0710417 0.642701 12.4959 49.5138 0.548893 18.9561 10.1523 
248.089 444.363 8.2951 184.481 285.752 370.613 0 0.0437778 681.724 99.0839 487.054 273.641 43.3002 6.72435 35.5229 62.3038 75.9631 228.897 9.19068 5.45478 133.233 62.3027 0.764751 68.6724 12.5491 0.268323 51.3559 73.5567 
283.052 68.073 142.714 524.239 220.202 205.964 8.85882 0 114.185 180.229 274.677 985.215 12.845 111.76 7.18569 231.124 0.243312 181.445 22.3476 0.260418 198.771 18.4074 64.5519 0.443976 0.0235314 231.446 97.375 28.2327 
172.58 130.529 395.425 25.4437 191.02 125.989 18.0431 633.852 0 58.6411 464.917 102.981 96.7668 156.706 139.166 127.91 118.28 68.0554 116.328 73.0613 110.391 1.03621 21.7032 30.3207 144.491 14.5366 7.98607 0.112917 
113.3 176.68 36.2079 104.462 332.125 358.852 414.708 196.354 12.1674 0 558.252 227.383 22.6576 0.322097 118.241 0.237283 72.7619 127.737 85.9847 23.1495 23.1307 52.4843 34.7758 60.3766 51.0172 71.9245 1.58138 29.0177 
11.7105 3.69357 26.6975 186.077 104.483 38.3451 464.196 66.5282 633.964 137.817 0 513.077 1.4191 14.1327 81.962 191.164 24.3699 66.3746 2.26686 9.56763 140.425 77.738 48.9368 16.6398 145.445 73.3673 0.0237455 11.4996 
12.3586 47.7613 180.144 198.41 37.4696 14.4841 174.036 727.885 298.216 99.6198 240.369 0 25.2359 162.142 209.594 123.707 72.8999 135.396 17.663 52.8249 2.98957 76.6064 54.3936 109.133 209.437 304.031 36.7512 0.0134274 
98.2227 82.2165 69.7971 17.3213 139.141 128.853 217.512 132.337 55.713 280.291 119.165 142.205 0 60.7926 8.02789 4.86594 2.27397 26.352 0.608187 0.488966 38.9887 37.9491 89.9997 0.114711 54.1299 48.8471 37.7463 40.36 
44.2126 58.8064 14.6428 0.0770523 66.8064 6.32998 85.5811 49.5811 141.663 79.7041 152.188 0.314461 144.253 0 61.9747 13.6607 16.099 52.6722 20.3422 2.09719 5.02455 9.12923 1.24028 3.53765 3.36413 8.90756 2.16347 7.34217 
38.9254 20.17 31.7631 6.61392 4.76257 33.1209 63.4968 131.206 186.274 5.37263 161.003 6.58805 36.1484 48.7153 0 56.654 29.3694 0.466187 12.617 1.8307 0.218224 16.8547 23.2742 1.00753 17.6481 30.8145 13.2493 9.6524 
71.771 0.376135 15.6902 42.5859 61.3052 12.8792 28.6273 0.219431 35.3621 56.1302 193.214 182.794 42.2929 16.7308 85.8477 0 7.93791 11.0282 8.39924 2.72153 0.84807 0.080207 3.47 1.25193 11.0284 16.5687 0.02632 13.3999 
128.147 161.393 6.63846e-06 31.5781 43.9056 34.9463 68.8742 0.23308 33.2358 71.323 62.0218 6.98656 16.4439 14.6263 2.91237 21.4519 0 268.628 210.188 2.0985 8.96761 9.61437 4.94635 20.3491 34.3848 15.5396 0.747981 9.0847 
230.996 427.665 77.1246 86.3591 178.843 121.77 217.93 166.064 165.997 122.335 167.415 130.593 105.717 34.8633 68.7438 10.3556 86.1918 0 6.67818 64.5168 123.562 5.99703 44.2967 30.8626 58.3873 4.28909 35.5782 50.6739 
93.8711 123.02 56.1421 50.4351 217.481 87.0237 2.37778 98.6646 11.4632 20.875 22.9522 27.1484 69.469 0.060859 37.5843 4.6139 232.983 20.3773 0 19.6771 1.27577 25.1938 18.4786 19.1846 14.6628 19.8316 0.0139582 0.684735 
212.788 34.1503 27.5745 14.3043 85.562 0.749428 94.747 114.451 17.6666 0.411889 86.3873 90.4212 40.239 0.1554 10.8909 0.762044 31.6895 71.3045 34.7124 0 40.0799 2.35747 3.16052 0.383757 4.22173 0.0237597 10.5823 11.4056 
41.5189 99.3265 10.1377 220.583 75.1988 63.9591 119.642 131.665 111.787 56.7158 2.16865 166.357 10.597 33.0109 3.91549 6.35511 32.3369 120.353 33.234 326.766 0 29.5861 6.8592 46.9282 0.141737 4.87464 20.915 11.7153 
38.9683 46.9495 8.59444 9.11989 35.3009 9.24163 62.6236 66.158 0.532062 6.81925 12.4206 70.8214 88.6261 0.0948406 0.930339 2.40021 21.0695 18.6078 25.4139 2.25592 27.6787 0 13.2312 9.81106 0.648322 5.24248 1.73061 1.76507 
1.50182 26.2424 0.2036 10.1033 13.3142 15.9932 72.3786 99.8641 46.8831 5.47016 132.532 31.7999 91.2317 0.660099 6.75288 1.58769 15.2388 30.4024 13.7967 3.36848 5.10379 13.1573 0 18.7229 12.5197 8.97386 11.7979 0.607865 
1.78602 60.0578 15.0339 16.2597 44.5219 0.997326 2.45981 14.1417 0.117231 14.2596 59.3958 172.553 3.25478 0.547879 3.90634 26.4079 11.6924 11.812 22.8518 2.14037 44.0906 10.3091 0.623666 0 44.0697 16.5421 4.52454 13.9266 
35.0609 98.3837 16.4768 42.4166 6.99444 31.8139 65.4303 145.711 24.1175 47.6064 37.654 960.601 37.3645 5.15078 15.1538 2.35337 38.7054 59.4069 7.08149 11.0068 12.1686 73.2005 5.06758 25.469 0 43.7638 180.501 121.908 
55.7829 81.9694 11.5087 16.9418 61.3047 14.2781 49.9436 101.775 4.42513 12.4708 82.9587 155.639 34.4121 7.98742 29.8183 21.3983 21.5769 4.90195 5.93566 10.5556 42.7428 1.00833 6.20923 15.198 0.604583 0 21.2262 53.6299 
0.280263 39.0834 17.4623 0.588862 19.0803 19.207 60.4966 54.8687 69.4157 47.5588 25.2546 116.34 33.3226 6.18153 19.5289 0.0256567 19.9655 44.9367 7.47468 1.49671 43.5498 1.60386 0.0302269 2.27899 23.3901 4.9397 0 87.1695 
58.095 7.39894 14.8086 0.229926 3.72759 21.5012 68.0658 22.6794 0.543774 32.8587 24.4637 139.535 1.55218 3.12534 0.495824 17.8754 21.02 51.2688 20.1904 10.2395 48.7869 4.97112 2.15167 8.46798 23.8778 2.23134 26.8889 0 
