0 339.687 185.162 658.288 189.932 337.012 251.143 27.6546 413.394 87.9685 88.363 30.9406 8.78731 51.4972 65.697 7.24235 348.391 74.1823 88.1613 51.4863 74.7211 27.9542 14.6266 50.2681 390.036 6.2939 43.3228 17.6066 
337.859 0 380.17 563.028 530.555 423.43 359.788 126.51 715.189 120.57 171.114 49.5152 10.4017 14.6131 70.1116 83.5722 354.664 126.303 165.837 49.7886 128.479 34.7142 19.7352 3.27686 338.335 63.1376 32.8059 58.6152 
160.026 91.0502 0 278.13 183.016 44.519 248.965 43.8357 56.7597 74.0415 215.843 3.74756 62.1116 2.01215 30.7177 2.39047 34.1921 145.446 10.1833 14.9373 10.2455 1.27866 3.43245 0.0251707 28.1513 0.544533 17.8369 6.56244 
626.257 348.321 204.293 0 0.320397 402.155 9.38666 975.92 622.513 8.6898 8.53387 25.0862 0.000785581 22.6198 6.43003 19.7988 373.501 5.57446 26.8093 9.35889 740.71 1.67965 0.858009 16.6709 377.62 25.5338 19.5632 33.0512 
22.4453 318.92 182.151 163.854 0 380.403 41.4 217.687 72.4729 70.2963 2.41125 119.255 73.4512 2.10762 93.9637 5.90193 3.16643 230.696 255.648 62.5075 112.826 8.99135 37.0761 17.1978 12.3753 57.6382 4.62354 14.8788 
353.557 373.834 66.0184 389.107 726.113 0 967.372 2.69955 732.276 383.402 194.677 9.55092 272.681 4.96191 8.05005 26.7058 344.77 27.2037 43.1786 0.885406 35.1892 0.26159 0.319143 13.4176 364.632 1.20868 18.5227 9.00455 
261.839 340.521 0.00129519 197.415 203.832 5.69324 0 11.8166 111.882 20.752 472.916 282.554 63.8045 3.22084 49.7862 53.6095 82.2164 219.236 3.66091 9.31613 137.761 61.5056 0.118386 66.6749 8.55443 1.65785 49.3549 73.3019 
300.171 41.9089 188.685 418.773 214.222 191.876 0.0664678 0 24.7529 196.29 228.472 727.126 18.7667 103.967 1.20716 197.546 5.95092e-06 179.922 17.278 1.81625 190.103 21.0963 71.4046 0.195126 3.2837 233.991 94.8925 38.0072 
458.479 506.472 272.505 363.602 239.104 566.569 191.045 662.671 0 112.414 1538.75 57.6336 115.229 155.607 97.0636 115.599 427.978 51.3632 105.539 79.8167 124.272 0.408347 27.9377 36.7418 462.46 23.3236 5.82362 0.079045 
124.45 149.328 48.0036 106.519 318.943 514.325 490.593 180.305 0.0305427 0 604.617 210.702 1.73633 0.0917097 105.419 1.97944 75.8875 134.307 95.2195 19.9264 18.8489 54.9528 38.8527 60.4815 46.5333 68.8104 0.920954 25.9002 
5.43127 13.0036 52.986 170.53 79.1145 73.9114 410.071 108.03 403.584 32.2018 0 515.155 0.338634 2.67926 17.0391 162.272 20.5118 55.4427 4.95376 12.8819 135.618 78.4857 37.3258 9.83085 142.518 56.1122 0.109991 7.30768 
4.50262 32.8342 169.069 163.176 48.2093 7.0445 142.664 363.003 343.991 126.146 333.954 0 33.8728 166.228 165.748 18.415 75.6662 140.567 14.0063 58.9297 6.82834 76.2301 65.6091 85.4089 122.779 374.214 28.881 1.7867 
94.1063 71.2078 67.3054 21.2386 125.256 113.725 219.209 125.882 72.8283 316.97 91.3587 148.507 0 88.2354 2.50883 8.91854 1.33492 31.3479 0.0558992 0.985488 35.763 46.2483 86.8657 0.0912557 55.0324 46.7911 38.2541 41.4602 
46.2669 55.3167 13.7587 0.00129362 64.7345 7.92212 90.2315 60.5516 137.204 82.5721 122.062 4.17898 125.682 0 53.9604 16.4839 15.3781 51.9218 21.395 1.90208 3.86323 8.45337 3.23913 2.2848 4.41646 9.83874 2.57963 7.98796 
43.2566 26.3124 29.8945 9.13723 8.24243 29.5024 79.088 149.738 161.756 14.264 67.9138 0.0880284 24.0874 60.871 0 82.6224 29.701 0.0588197 14.5111 1.44936 0.711662 16.3511 24.7865 2.83101 20.3457 30.0802 14.1967 11.2131 
67.7791 0.000436949 17.6904 41.2796 64.6529 10.7532 21.1611 10.4254 49.1287 47.3586 164.797 50.0807 49.7253 13.9807 87.4368 0 7.02714 13.5001 9.6593 3.19878 0.220201 0.235483 2.21042 4.45538e-05 7.69049 21.2295 0.00965945 15.2091 
442.619 482.198 0.269978 343.651 32.1344 346.457 62.0402 0.955188 344.276 74.6262 57.6102 5.05468 19.0078 15.3699 2.23656 20.6539 0 284.992 174.73 2.98365 7.09456 10.2501 4.42775 20.0883 349.913 16.5445 0.543296 9.82753 
236.209 449.485 57.6874 72.0142 156.931 117.939 203.559 158.148 149.116 129.748 169.999 136.446 106.179 37.1778 68.0944 8.14553 132.192 0 2.35968 58.8531 123.641 5.03946 44.6869 28.9616 57.4922 2.9026 36.7455 51.0292 
100.208 106.881 58.5547 53.6178 259.418 89.7501 7.11014 93.5219 6.01183 29.2728 29.622 31.7203 65.351 0.000141763 36.8663 3.66974 233.085 12.3166 0 17.7299 2.28206 25.3419 17.7553 18.4551 15.8689 21.0412 0.070117 1.0052 
182.93 48.9329 27.0668 9.64297 80.7359 0.283073 93.8673 116.646 12.4547 1.16806 85.7138 93.131 41.1409 0.233011 11.1613 1.06398 30.7581 66.2073 33.7652 0 1.01895 2.54552 3.28646 0.522459 4.83205 0.109817 10.4239 11.4768 
65.6191 84.4821 18.4261 195.712 83.1111 67.2779 126.424 114.223 125.61 51.4873 0.528745 163.034 12.9056 34.6945 2.59703 8.6823 29.4365 122.266 29.9725 274.54 0 28.9953 8.06968 47.4647 0.58236 3.20314 22.4905 9.94509 
39.4522 48.1094 9.04981 9.74378 37.7756 8.14152 62.0036 66.8229 0.122096 4.61365 15.505 72.6838 90.1886 0.0024004 1.49644 2.98696 20.9339 17.2018 25.4443 2.0729 28.3524 0 14.2573 8.7104 0.837479 5.69291 1.41758 1.50363 
2.34557 23.4579 0.062073 9.02664 11.0576 16.2592 72.362 101.527 54.1607 8.09129 133.692 41.9888 89.9758 2.34812 10.2059 0.726477 14.7411 32.0194 14.6516 3.48268 6.18501 14.2032 0 13.85 14.9513 8.47174 11.2738 0.864657 
0.865852 61.0006 15.3561 14.4603 46.6161 1.51757 1.13715 22.9715 0.11414 17.7689 70.6979 157.309 5.8764 0.096991 1.71436 28.9383 12.3681 13.5315 22.4471 1.88893 42.8391 11.2908 4.20465 0 45.5727 16.702 5.67976 13.5586 
353.278 414.243 14.4973 360.468 5.05935 348.071 70.9278 124.528 336.93 42.9664 49.6976 202.705 34.5433 6.33348 17.9094 33.1664 352.303 58.9102 6.09378 10.465 9.84428 16.8927 6.08094 45.9087 0 47.2047 39.9188 0.90061 
60.617 83.1048 13.6965 21.0814 63.795 16.1888 57.6214 68.1183 1.04486 8.49172 65.3633 65.8307 37.2999 6.96198 30.7014 25.6421 22.3873 3.41699 4.95601 10.1233 39.4765 1.28558 6.86969 15.9084 1.71437 0 25.0323 60.7159 
0.676922 41.0067 17.9518 1.04304 20.8118 19.5393 60.2014 48.7431 71.8586 47.2251 21.2538 119.086 34.3042 6.68819 19.2076 0.1765 20.3371 44.9033 6.81511 1.24844 43.0898 1.30156 0.141329 3.19108 26.9991 7.84464 0 73.5654 
56.6355 5.51944 13.6083 0.704367 2.61345 20.8854 65.7471 14.8445 0.0145937 29.7512 31.0046 153.897 0.928731 3.73356 1.04796 19.323 21.5313 51.2729 19.3781 9.93365 47.7901 5.33244 1.76018 7.62295 24.596 8.74882 10.6882 0 
