0 136.079 138.729 223.047 232.089 14.3115 218.313 3.61507 127.775 67.8442 112.359 56.7931 14.8333 52.9675 61.4328 2.92319 14.2421 40.1966 76.237 60.469 37.1729 25.857 11.6585 53.2146 55.1012 2.52191 45.5313 13.4617 
84.2768 0 136.692 134.89 447.814 156.424 176.293 178.4 315.78 76.4493 209.994 27.0463 3.45855 20.4067 59.6787 84.7377 15.4008 723.042 172.157 27.5636 106.735 37.7217 15.7228 5.83666 12.7417 69.8762 36.0492 55.4857 
198.495 334.194 0 70.2483 161.507 56.9287 221.445 5.85398 4.44799 90.9004 173.128 0.266616 67.1301 0.942116 33.0586 0.821 28.2218 159.63 16.2067 10.9914 23.9532 0.853579 4.46387 0.278849 28.2867 0.00866195 18.4875 4.87576 
172.542 13.9194 5.81839 0 2.63806 75.7699 35.2351 159.902 211.972 2.4244 0.141522 1.95963 0.601315 21.6657 10.4138 13.225 50.3152 17.1045 20.465 3.74889 770.88 1.1436 1.66822 13.8906 51.1275 31.7242 17.603 32.9329 
58.6924 477.475 188.34 158.455 0 428.04 142.182 204.785 22.4338 149.186 16.4638 100.26 50.1962 0.457216 95.0843 2.67701 11.8616 235.527 296.062 51.4606 120.752 12.0795 32.9654 13.5452 8.57999 52.6557 6.33384 11.6951 
13.8674 13.3987 59.9647 50.1244 88.6585 0 192.92 19.9941 483.454 300.036 247.321 23.3975 494.754 7.31392 13.6745 27.3093 12.8418 42.3291 57.8469 2.09147 42.3818 0.786339 0.038196 14.7255 36.8205 2.69807 17.7412 7.28487 
267.528 157.303 20.2902 203.038 85.3611 677.557 0 67.6454 290.991 17.9032 388.854 282.715 99.3995 0.289704 73.5907 40.166 90.9868 196.09 0.0247765 17.0003 142.439 59.6875 0.228072 62.7308 3.78036 6.05211 45.9757 72.0375 
308.12 12.7351 246.635 323.52 198.967 159.748 27.1799 0 18.192 214.567 152.669 184.39 29.7147 89.5618 1.87133 131.707 0.590072 174.076 10.5495 6.88568 171.896 25.4349 81.1403 4.59241 18.6306 217.592 89.7673 54.6591 
87.3671 277.564 75.449 108.019 302.977 423.128 1117.93 570.354 0 211.096 1074.29 11.287 142.76 146.867 210.326 93.6112 91.3639 29.0852 87.6568 89.1799 144.19 0.00261043 38.4487 47.1063 136.417 39.9252 3.1138 1.51782 
139.071 104.44 66.8608 106.378 266.978 388.472 488.768 150.602 24.2237 0 516.074 177.271 16.4151 2.68893 80.8056 7.83814 79.8167 141.863 107.515 15.186 12.9241 58.0121 44.8091 59.6168 39.2516 62.641 0.245938 21.1603 
0.380473 37.5164 104.289 139.609 44.4532 140.317 283.529 181.796 84.0036 18.6251 0 453.298 10.892 2.87957 15.2206 110.079 15.0485 39.6698 11.019 18.7663 126.422 78.8314 21.5207 2.6641 133.614 32.1197 1.16657 2.61315 
0.00410216 14.6141 144.339 104.213 66.3416 0.691221 94.7069 5.7581 391.26 166.45 455.158 0 48.9136 163.865 93.2405 47.4945 79.4583 146.754 9.07962 67.9912 15.629 74.9096 82.6908 50.3268 111.034 391.855 18.1062 12.5586 
86.7196 54.4167 62.3383 27.7162 101.731 158.77 211.63 114.237 100.973 329.473 52.3181 155.575 0 127.042 0.146909 17.1755 0.367544 39.5267 0.365267 2.07957 30.8289 58.9038 78.6231 1.65781 55.8361 43.1691 38.8485 42.8868 
49.0256 49.3644 12.1671 0.270137 60.6983 10.5129 95.112 77.5439 125.33 84.12 73.8529 18.2866 86.5217 0 23.8029 19.0708 14.2211 50.3466 22.8985 1.60768 2.34651 7.27014 6.89187 0.790992 6.20526 11.1047 3.271 8.9334 
49.711 36.7139 26.1364 13.5467 15.2392 23.294 102.184 171.898 117.547 34.7595 0.164312 21.8435 9.45585 52.6806 0 82.6658 30.027 0.192518 17.5301 0.937668 2.01922 15.3327 25.1004 7.12677 24.204 27.7391 15.5685 13.632 
60.4928 0.999644 20.4586 37.673 69.0166 7.62703 11.4111 52.9661 72.3631 33.8125 112.874 16.8088 60.663 8.81298 50.0424 0 5.69213 17.6553 11.6935 3.97133 0.0534697 0.630416 0.747986 2.87571 3.62811 27.5274 0.249865 17.7866 
112.42 159.36 1.74398 12.2143 16.8426 14.1643 51.2948 3.01545 11.8244 78.8623 50.6334 2.65602 23.17 16.4738 1.35654 19.3338 0 279.922 394.054 4.62013 4.59114 11.2344 3.66717 19.6061 23.1559 18.064 0.290057 10.9928 
233.165 295.636 30.7845 50.1183 120.16 108.655 174.49 143.322 120.948 138.791 171.027 143.797 105.726 40.575 66.3507 5.18792 203.907 0 0.0107137 49.5502 122.173 3.70441 45.0261 25.9671 55.6819 1.2737 38.4272 51.2826 
108.229 80.5769 60.9592 57.7166 297.358 90.0229 18.99 84.6705 0.964368 43.9885 41.0218 39.1335 58.3959 0.123073 35.3939 2.39961 184.17 3.63973 0 14.7407 4.38207 25.4427 16.5686 17.2593 17.7254 22.8292 0.241024 1.61501 
118.232 73.7615 25.3984 3.94232 71.7841 0.00014567 90.381 117.294 6.0234 3.06703 83.589 95.871 42.2207 0.381704 11.4877 1.61431 29.0566 57.4867 31.9603 0 52.1022 2.84058 3.46756 0.774181 5.80953 0.364136 10.1343 11.5133 
108.667 61.9619 34.9281 191.955 94.7961 71.5696 134.964 86.8688 145.378 43.3887 0.184338 154.971 16.8192 37.1121 1.07441 12.8522 25.0299 123.66 25.0445 130.73 0 28 10.0795 47.923 1.84038 1.28496 24.9191 7.43443 
40.007 49.6042 9.71915 10.6923 41.444 6.49497 60.4491 67.3483 0.0571188 2.00507 20.7543 74.8844 89.6033 0.123376 2.60163 3.97199 20.6518 15.0663 25.3624 1.79839 29.314 0 15.1504 6.93307 1.56968 6.38384 0.98885 1.13485 
3.99216 19.2608 0.00416341 7.38418 7.89622 16.448 71.2302 102.086 65.235 12.9503 130.951 58.9391 84.3468 5.96302 15.8344 0.0399637 13.9322 34.4023 15.9359 3.64353 8.01768 15.1321 0 4.81639 18.3773 7.58802 10.3581 1.33982 
0.0889787 61.8238 15.6358 11.6497 49.5253 2.50975 0.0804636 39.7117 1.91803 23.5943 87.6752 126.149 11.2441 0.129231 0.0564366 28.0814 13.396 16.3217 21.7095 1.51932 40.6121 12.5756 13.139 0 43.1419 16.4771 7.60083 12.8201 
31.2659 86.9557 11.4391 37.4582 2.64831 22.5105 78.4702 89.148 9.10289 35.5707 69.6543 996.367 30.0519 8.23842 22.0042 48.5068 22.5425 57.6924 4.68156 9.56759 6.65861 53.2016 8.53242 58.8375 0 75.7569 22.7825 68.7973 
67.2855 83.4824 17.0614 27.5134 66.9563 19.0436 69.0517 25.6905 0.439014 3.71789 40.0326 0.198588 41.5213 5.36449 30.7832 30.6025 23.5429 1.62687 3.58714 9.37286 34.2577 1.76965 7.82978 16.5734 5.23577 0 30.3614 63.2603 
1.62104 43.804 18.576 1.98433 23.5227 19.9256 59.2873 39.3531 75.038 46.3601 15.5559 120.839 35.6703 7.45319 18.5188 0.670007 20.8573 44.6623 5.834 0.904222 42.1714 0.890663 0.470285 4.82821 32.1013 13.2082 0 43.5091 
53.8616 3.11807 11.6963 1.92711 1.26698 19.7458 61.4822 5.7415 0.692528 24.9375 41.9553 169.717 0.274975 4.72667 2.27396 21.128 22.2494 50.9814 18.0691 9.40826 45.9389 5.88968 1.21885 6.31062 25.1979 24.9002 0.000834096 0 
