0 139.857 135.561 207.019 234.175 6.66594 215.943 2.89095 122.204 66.6692 113.756 58.4871 15.231 53.0335 61.152 2.72643 5.78139 38.4407 75.5015 65.9452 35.2799 25.7312 11.4906 53.3677 46.5224 2.3508 45.6515 13.2298 
85.9271 0 123.184 120.817 439.447 151.767 165.964 181.393 302.453 73.9888 212.071 25.9011 3.1629 20.7666 59.0409 84.7466 6.72973 227.727 172.28 26.4007 105.407 37.8931 15.4951 6.00791 4.76191 70.2397 36.2363 55.2847 
200.022 347.784 0 59.3879 159.803 57.5363 218.718 4.68388 7.1946 91.7943 170.174 0.436717 67.3845 0.890815 33.1555 0.753141 27.8674 160.139 16.5908 10.7635 24.9029 0.831033 4.52664 0.302145 28.2739 0.00302467 18.5206 4.78193 
156.341 7.44841 0.457525 0 3.0702 67.5797 37.1825 557.069 198.259 2.17279 0.0507618 1.40052 0.676607 21.5965 10.6684 12.8577 42.4271 17.9568 20.104 3.48936 569.826 1.11501 1.7235 13.7251 43.0178 32.0688 17.4846 32.9065 
61.2342 484.1 188.159 157.848 0 420.673 149.308 203.805 20.302 154.178 17.66 99.119 48.9033 0.397286 95.0748 2.52487 12.5335 235.441 297.222 50.7977 121.16 12.2718 32.7194 13.3392 8.37483 52.3456 6.44164 11.5164 
5.20662 4.23061 59.431 41.2765 495.986 0 257.324 21.4693 474.593 550.839 249.663 24.3737 177.933 7.46018 14.0324 27.3199 4.48347 43.2758 58.6829 2.177 42.8033 0.825669 0.0301438 14.7973 28.6575 2.80231 17.6912 7.1865 
267.252 147.303 22.6514 202.8 79.4464 727.891 0 72.1376 342.9 22.4773 382.008 282.205 101.57 0.21516 75.0097 39.3914 91.4628 194.456 0.00287979 17.5099 142.622 59.5592 0.276505 62.4687 3.55639 6.39149 45.7672 71.9308 
307.857 11.5147 249.249 319.513 197.861 157.551 30.2271 0 23.0714 215.362 148.266 159.078 30.419 88.6433 2.28746 127.629 0.66115 173.604 10.1995 7.27996 170.664 25.6956 81.6722 5.02658 19.8901 215.908 89.4201 55.6775 
76.8141 274.977 66.4938 105.087 306.124 422.854 1158.51 560.382 0 217.019 1758.27 9.63244 144.303 146.101 202.15 92.2432 82.6717 27.9363 86.5768 89.6819 145.283 0.000271051 39.0913 47.7246 128.255 40.9931 2.97943 1.65806 
139.814 101.811 67.9572 106.243 262.944 368.815 483.935 148.716 27.1903 0 505.53 175.079 19.0171 2.95022 79.2456 8.2941 80.0114 142.202 108.148 14.919 12.6047 58.1614 45.1416 59.5276 38.8155 62.2326 0.219542 20.8868 
0.265708 39.2992 107.524 137.598 42.649 144.364 275.199 186.286 64.8276 23.982 0 447.485 11.9572 3.57957 19.0687 106.924 14.7481 38.7967 11.4441 19.1381 125.82 78.8209 20.6957 2.37953 132.936 30.8569 1.26323 2.40845 
0.0372602 13.7502 142.65 100.791 67.4513 0.523093 92.0066 1.80325 392.976 168.714 460.686 0 49.8501 163.399 89.1653 56.5799 79.6619 147.045 8.81936 68.5037 16.2484 74.8045 83.6633 48.4202 99.2731 389.07 17.5349 13.477 
86.2506 53.453 62.0077 28.1092 100.3 163.304 210.81 113.497 102.654 328.408 50.2542 155.884 0 128.978 0.249239 17.7261 0.329287 40.0213 0.427371 2.15593 30.542 59.6237 78.0237 1.80931 55.8606 42.941 38.8762 42.9599 
49.1708 48.9968 12.0664 0.300409 60.4317 10.6675 95.3056 78.5226 124.461 84.0988 71.1336 19.3954 84.0211 0 21.9238 19.14 14.1517 50.2387 22.9818 1.59071 2.2683 7.19652 7.0894 0.724719 6.31495 11.1713 3.31325 8.98652 
50.0775 37.3505 25.8878 13.8206 15.7059 22.9159 103.457 172.902 114.852 36.164 0.00491537 24.2429 8.78239 51.2459 0 80.9717 30.039 0.229246 17.7098 0.910701 2.11624 15.2644 25.0399 7.42332 24.4141 27.5596 15.6451 13.7727 
60.0283 1.11758 20.6057 37.4067 69.2397 7.4525 10.9175 56.2886 73.7641 33.0376 109.716 22.588 61.2709 8.50142 47.0554 0 5.61669 17.9106 11.8157 4.01773 0.0742224 0.659288 0.684127 3.21199 3.44061 27.8408 0.273936 17.927 
104.066 151.338 1.8696 3.88137 16.074 5.78267 50.663 3.17158 3.45387 79.0761 50.2198 2.53792 23.421 16.5368 1.31124 19.2532 0 278.474 282.316 4.7259 4.45947 11.2922 3.62411 19.5748 15.0707 18.1518 0.277574 11.0619 
232.568 285.085 29.3894 48.877 117.952 107.993 172.571 142.365 119.247 139.223 170.974 144.16 105.655 40.7668 66.2209 5.03256 207.813 0 0.040071 48.9901 122.027 3.63162 45.036 25.7897 55.5599 1.19799 38.5212 51.2862 
108.626 79.0218 61.0478 57.9234 298.353 89.888 19.846 84.1205 0.800883 44.9023 41.726 39.5797 57.9684 0.13848 35.2941 2.3325 179.626 3.2842 0 14.5671 4.52552 25.4438 16.4965 17.1866 17.8338 22.9308 0.254236 1.6551 
114.144 75.2421 25.269 3.67666 71.2096 0.000344246 90.0985 117.227 5.71215 3.20533 83.4241 95.9753 42.272 0.391497 11.5033 1.64959 28.9473 56.9492 31.8421 0 58.843 2.85806 3.47766 0.790325 5.86797 0.383581 10.1157 11.5127 
111.315 60.6793 36.0092 196.289 95.4555 71.7877 135.387 85.2781 146.461 42.9153 0.247352 154.393 17.0613 37.2466 1.005 13.1169 24.7749 123.682 24.7606 121.951 0 27.9385 10.2025 47.9358 1.93573 1.19829 25.0612 7.29601 
40.0322 49.6805 9.75704 10.7472 41.6525 6.40097 60.3357 67.36 0.074858 1.88367 21.0791 74.9872 89.4555 0.140395 2.67462 4.03232 20.6325 14.9426 25.3527 1.7826 29.3674 0 15.1745 6.82764 1.6291 6.42408 0.965814 1.11456 
4.10142 19.0197 0.00688599 7.28924 7.72387 16.4506 71.1224 102.042 65.8704 13.2629 130.621 59.9595 83.8852 6.17634 16.1565 0.025948 13.8833 34.5375 16.0097 3.65236 8.13114 15.1584 0 4.35808 18.5595 7.5326 10.3007 1.37055 
0.0681194 61.8478 15.6438 11.4854 49.6829 2.57471 0.0563954 40.7891 2.09138 23.948 88.6331 124.11 11.6046 0.159004 0.0301979 27.8507 13.4557 16.4901 21.662 1.49841 40.4707 12.6408 13.6699 0 42.8259 16.4462 7.71749 12.7707 
23.4788 78.7998 11.2618 29.5823 2.52948 14.497 78.8717 87.0523 1.07364 35.1329 70.852 246.566 29.7848 8.35159 22.2334 46.0892 14.2807 57.6042 4.60317 9.51289 6.48794 58.8975 8.70362 58.6429 0 66.8283 23.0014 52.0848 
67.6419 83.4521 17.2551 27.8835 67.1145 19.2055 69.6961 23.7267 0.580055 3.49401 38.6627 0.000381168 41.7583 5.27173 30.739 30.8153 23.607 1.5414 3.51252 9.32594 33.9468 1.80008 7.88326 16.5953 5.50486 0 30.6442 63.0666 
1.68884 43.9611 18.6075 2.04839 23.6829 19.9434 59.2165 38.8096 75.2012 46.2963 15.2417 120.846 35.7446 7.49724 18.4713 0.708614 20.8858 44.641 5.77787 0.88553 42.1098 0.868718 0.495427 4.93189 32.3819 13.5475 0 41.6406 
53.68 2.99684 11.5827 2.0168 1.2024 19.6722 61.2077 5.33125 0.788708 24.6563 42.6227 170.372 0.248449 4.78656 2.35928 21.2157 22.2888 50.9531 17.9903 9.3755 45.8188 5.92231 1.18964 6.23395 25.2215 25.9854 0.0274337 0 
