0 223.229 125.893 228.563 240.121 53.8537 208.587 1.20109 175.506 63.161 117.926 63.6643 16.4501 53.2174 60.2911 2.17613 50.4376 33.3666 73.2778 85.4505 29.8535 25.3526 10.9921 53.8126 90.7767 1.8726 46.0054 12.5432 
163.711 0 85.6589 148.951 412.543 207.594 136.072 190.277 331.992 66.7486 218.133 22.5966 2.35381 21.8573 57.1162 84.7336 50.8193 649.322 172.48 23.0304 101.401 38.4033 14.8184 6.53487 50.8433 71.3064 36.7948 54.671 
204.038 385.613 0 32.5729 154.441 59.2587 209.912 1.9477 19.265 94.3958 161.104 1.19649 68.119 0.745067 33.4175 0.566661 26.8041 161.437 17.7594 10.0849 27.8339 0.765083 4.71609 0.377519 28.2216 0.0035073 18.6164 4.50449 
178.028 59.3526 24.8296 0 4.55829 112.921 43.2622 489.436 226.914 1.49938 0.0517525 0.284095 0.928828 21.3804 11.4438 11.7744 88.7496 20.6192 19.0313 2.76289 726.175 1.03129 1.89414 13.2281 88.6586 33.085 17.1274 32.8145 
69.0815 501.589 187.25 155.844 0 391.41 171.147 200.729 14.5131 169.202 21.4792 95.6866 45.0896 0.242637 94.9959 2.09421 14.6494 234.934 299.82 48.8059 122.343 12.8551 31.9791 12.7281 7.77257 51.405 6.76966 10.9867 
49.3533 47.3758 57.7248 84.7122 146.835 0 277.842 26.1701 514.27 16.0377 256.088 27.3993 527.814 7.90308 15.1191 27.3352 49.4276 46.1442 61.1593 2.44276 44.0643 0.949172 0.011695 15.009 74.1553 3.12544 17.5387 6.89364 
266.018 118.596 30.421 201.704 62.729 854.331 0 86.2762 512.759 39.115 360.51 280.331 108.098 0.0578617 79.2551 37.0854 92.8617 189.396 0.0663057 19.073 143.11 59.1601 0.449618 61.6636 2.92422 7.46099 45.1357 71.5895 
306.581 8.21012 256.443 297.203 194.412 150.802 40.2493 0 41.0024 217.551 135.201 92.8382 32.5682 85.8503 3.78226 115.426 0.898401 172.108 9.18173 8.52397 166.874 26.4807 83.2368 6.44155 23.885 210.418 88.35 58.7485 
115.286 336.839 42.5884 166.69 315.066 489.021 1253.01 528.07 0 234.634 1741.12 5.44119 148.865 143.645 176.883 88.1083 126.577 24.6098 83.3275 91.1519 148.502 0.00763738 41.0305 49.5814 173.689 44.2465 2.59342 2.11533 
141.959 93.9839 71.2202 105.757 250.329 306.544 466.558 142.992 37.0242 0 471.174 168.386 27.8834 3.8037 74.5271 9.73096 80.5704 143.146 109.98 14.1274 11.6669 58.588 46.125 59.2349 37.5047 60.9802 0.149308 20.071 
0.0446311 44.8492 117.278 131.471 37.4193 156.454 250.023 199.749 20.6013 43.8687 0 428.827 15.4344 6.12518 33.0331 97.5016 13.862 36.2186 12.7626 20.2689 123.975 78.7688 18.3009 1.62084 130.805 27.1879 1.57587 1.84344 
0.336268 11.3075 137.456 90.6644 70.8017 0.158787 84.0332 3.355 397.353 175.399 475.914 0 52.6884 161.792 77.2414 87.8005 80.259 147.871 8.0592 70.025 18.1708 74.4712 86.5486 42.8489 62.6457 378.285 15.8673 16.4083 
84.8222 50.5856 60.9924 29.2943 95.9918 176.243 208.112 111.244 107.697 324.033 44.2539 156.735 0 134.464 0.716943 19.4153 0.22708 41.5121 0.64278 2.3928 29.6843 61.7577 76.1571 2.3023 55.9187 42.2477 38.9541 43.1718 
49.5946 47.8844 11.7604 0.400692 59.6139 11.1319 95.8221 81.4348 121.754 83.9602 63.138 22.8891 76.4948 0 16.5297 19.2879 13.9426 49.9054 23.2278 1.54011 2.04123 6.97355 7.65228 0.542205 6.64616 11.3649 3.44096 9.14395 
51.1663 39.2719 25.1269 14.6498 17.1394 21.7779 107.198 175.691 106.776 40.4797 2.23535 32.1059 6.90087 46.4871 0 74.9557 30.0703 0.358591 18.2497 0.831974 2.42038 15.0543 24.8066 8.33533 25.0307 26.9958 15.8718 14.1928 
58.6144 1.51023 21.035 36.5753 69.8859 6.93657 9.49475 66.6779 77.9702 30.7371 100.272 44.6679 63.0642 7.57551 38.0897 0 5.39255 18.6831 12.1838 4.15737 0.156814 0.749562 0.508821 4.31612 2.91645 28.7333 0.352669 18.3392 
148.956 197.154 2.27159 48.8989 13.8641 50.6557 48.7715 3.66262 48.3739 79.693 48.9777 2.19932 24.1775 16.7243 1.17976 19.0095 0 273.402 86.3684 5.04909 4.07516 11.4655 3.49607 19.4791 60.8126 18.4138 0.241771 11.2691 
230.507 258.207 25.3586 45.2014 111.333 105.937 166.699 139.44 114.132 140.449 170.739 145.204 105.414 41.3364 65.8139 4.57944 219.169 0 0.240215 47.3047 121.551 3.41717 45.0589 25.2568 55.1837 0.984533 38.7997 51.2896 
109.765 74.373 61.2777 58.5195 300.451 89.384 22.5096 82.454 0.401158 47.6667 43.8562 40.9232 56.6759 0.190086 34.9867 2.13643 165.308 2.32527 0 14.0484 4.96875 25.4437 16.2788 16.9673 18.1583 23.2329 0.295958 1.77809 
101.914 79.6703 24.8615 2.93118 69.4594 0.0122088 89.2018 116.956 4.8253 3.63727 82.9034 96.2497 42.4174 0.421551 11.5477 1.75722 28.6136 55.3239 31.4797 0 80.8869 2.91055 3.50757 0.839614 6.04369 0.444838 10.0586 11.5089 
119.287 56.8726 39.3105 210.033 97.4114 72.4176 136.598 80.5354 149.646 41.4996 0.491812 152.59 17.7953 37.6445 0.810428 13.9229 24.0135 123.707 23.9136 96.5061 0 27.752 10.5744 47.9645 2.23564 0.956143 25.4867 6.88738 
40.1029 49.9012 9.86965 10.9115 42.2728 6.12125 59.9813 67.3823 0.142418 1.54164 22.0628 75.2776 88.9378 0.197929 2.89848 4.21465 20.5728 14.5726 25.3204 1.73549 29.5255 0 15.2272 6.5118 1.81796 6.54445 0.898209 1.05468 
4.43713 18.3009 0.0191391 7.00592 7.21654 16.4526 70.7721 101.859 67.7613 14.2166 129.523 63.0252 82.4198 6.79786 17.107 0.00198221 13.7356 34.9394 16.23 3.67843 8.47506 15.2178 0 3.0906 19.0904 7.36435 10.1264 1.46447 
0.0222214 61.9035 15.6621 10.9946 50.1464 2.77369 0.009781 44.07 2.65534 25.0142 91.4693 117.901 12.7129 0.266424 0.000314422 27.0478 13.634 16.9978 21.517 1.43628 40.0402 12.8291 15.2022 0 41.7718 16.342 8.06914 12.6186 
70.125 124.303 10.7328 75.9418 2.18878 60.454 80.0452 80.7953 47.0614 33.82 74.4466 265.96 28.9827 8.69098 22.9109 37.4439 59.4923 57.3285 4.37132 9.34759 5.9878 72.1218 9.23164 57.5235 0 42.8651 65.6114 10.5898 
68.6851 83.3262 17.8316 28.9835 67.5702 19.6861 71.6044 18.2591 1.1201 2.86232 34.6549 1.99969 42.4608 4.99517 30.5738 31.3941 23.7963 1.2985 3.29277 9.18346 33.0129 1.89263 8.04134 16.649 6.34948 0 31.468 62.2594 
1.90028 44.4273 18.6984 2.24615 24.1637 19.9935 58.993 37.1878 75.6743 46.0963 14.3145 120.803 35.9635 7.62864 18.3244 0.83063 20.9698 44.5724 5.61062 0.830544 41.9197 0.804413 0.574615 5.24711 33.2117 14.5761 0 36.0939 
53.1235 2.64692 11.2417 2.29722 1.01862 19.447 60.3695 4.18847 1.11435 23.8151 44.6362 172.14 0.176909 4.96699 2.62355 21.4655 22.405 50.8606 17.753 9.27607 45.4514 6.02003 1.10386 6.00466 25.2881 29.2788 0.560094 0 
