0 246.63 124.261 241.368 241.065 70.9829 207.327 0.990214 193.637 62.5791 118.617 64.5407 16.6571 53.246 60.1449 2.09028 67.1328 32.55 72.9048 89.0756 28.9866 25.2893 10.9098 53.8847 107.398 1.79803 46.0634 12.4301 
186.302 0 79.9093 162.948 407.817 226.112 131.273 191.742 346.098 65.5636 219.117 22.0654 2.23039 22.0406 56.7939 84.7256 67.4295 386.461 172.488 22.4865 100.731 38.4878 14.7066 6.62458 67.7734 71.4805 36.8875 54.5672 
204.622 391.421 0 29.0559 153.513 59.5306 208.358 1.60567 21.8208 94.8173 159.565 1.35936 68.2372 0.721971 33.4569 0.538088 26.6269 161.619 17.9564 9.97272 28.3341 0.754345 4.74782 0.390879 28.2109 0.00612485 18.6318 4.45886 
190.952 77.4384 34.0371 0 4.83402 129.712 44.3084 888.695 240.915 1.39911 0.0917626 0.180182 0.974697 21.3432 11.5746 11.5966 105.715 21.0779 18.8541 2.64954 786.537 1.01762 1.92327 13.1453 105.508 33.2517 17.0677 32.7973 
70.4198 504.142 187.045 155.484 0 385.651 174.842 200.196 13.6383 171.707 22.1488 95.1136 44.4639 0.220529 94.9754 2.02625 15.0164 234.814 300.124 48.4735 122.534 12.9533 31.8554 12.6272 7.67404 51.2468 6.82498 10.8993 
65.9769 63.9092 57.4257 101.196 357.515 0 300.88 26.9927 529.591 115.325 257.068 27.9172 561.019 7.97746 15.302 27.3353 66.1679 46.626 61.5671 2.48837 44.2739 0.970545 0.00945266 15.0437 90.9831 3.18081 17.513 6.84517 
265.754 114.021 31.8123 201.466 60.1009 871.02 0 88.7238 542.493 42.2982 356.799 279.969 109.187 0.0413352 79.9604 36.704 93.0904 188.531 0.0956908 19.3384 143.182 59.0917 0.482511 61.5267 2.82464 7.64669 45.0296 71.5295 
306.298 7.71187 257.545 291.855 193.819 149.655 42.0435 0 44.4572 217.887 133.048 83.3402 32.9315 85.3795 4.06702 113.401 0.941447 171.846 9.01685 8.74003 166.229 26.612 83.493 6.69361 24.5815 209.441 88.1675 59.2623 
130.965 356.336 39.0661 186.254 316.481 508.832 1264.42 522.36 0 237.54 1582.7 4.85653 149.615 143.214 173.323 87.4153 143.138 24.0732 82.7849 91.3915 149.03 0.010963 41.3553 49.891 190.497 44.7954 2.53164 2.19683 
142.304 92.6895 71.7598 105.664 248.157 295.889 463.256 142.029 38.7958 0 465.084 167.254 29.5109 3.95598 73.7364 9.9803 80.6599 143.292 110.276 13.9969 11.5137 58.656 46.2868 59.1825 37.2859 60.7676 0.138908 19.9358 
0.0257813 45.8029 118.907 130.438 36.575 158.457 245.813 201.988 15.589 47.7203 0 425.548 16.0542 6.61365 35.7002 95.9407 13.7165 35.7951 12.9887 20.4597 123.663 78.7572 17.9138 1.50834 130.437 26.5944 1.63128 1.75651 
0.415191 10.9222 136.572 88.9991 71.3629 0.118578 82.7244 5.56879 397.969 176.496 478.247 0 53.1652 161.494 75.3036 93.5344 80.3565 148.001 7.93556 70.276 18.5004 74.413 87.0245 41.9437 56.859 376.144 15.5961 16.922 
84.5811 50.1114 60.8199 29.4927 95.2718 178.234 207.628 110.864 108.537 323.133 43.2827 156.867 0 135.33 0.818213 19.7021 0.211885 41.7615 0.682914 2.43341 29.5418 62.1094 75.8364 2.39004 55.9262 42.1309 38.9664 43.206 
49.6635 47.6977 11.7088 0.418776 59.4749 11.2093 95.8987 81.9163 121.288 83.9262 61.8316 23.4952 75.2398 0 15.6756 19.3037 13.9077 49.8485 23.2683 1.53171 2.0045 6.9361 7.74125 0.514219 6.70163 11.3963 3.46238 9.1699 
51.3461 39.5937 24.9979 14.789 17.3831 21.5879 107.81 176.123 105.434 41.2125 3.00027 33.51 6.60795 45.6356 0 73.8284 30.0748 0.382912 18.3398 0.819167 2.47299 15.0185 24.7603 8.49041 25.1315 26.8982 15.9091 14.2626 
58.3759 1.5813 21.1047 36.4321 69.9901 6.85175 9.26633 68.4667 78.671 30.3576 98.7054 49.0056 63.3585 7.42288 36.6119 0 5.35553 18.8127 12.2454 4.1807 0.173546 0.76513 0.482014 4.51336 2.83475 28.8748 0.366739 18.4066 
165.678 214.019 2.34224 65.6511 13.51 67.384 48.457 3.74779 65.1119 79.7922 48.7704 2.14517 24.304 16.7553 1.1585 18.9686 0 272.452 150.599 5.10383 4.01269 11.4944 3.47493 19.4629 77.6825 18.4573 0.236042 11.3037 
230.124 254.514 24.7104 44.5964 110.231 105.584 165.705 138.946 113.278 140.643 170.689 145.37 105.37 41.4304 65.7435 4.50583 221.004 0 0.28988 47.0232 121.466 3.382 45.0617 25.1679 55.1195 0.950959 38.8456 51.2891 
109.947 73.6012 61.3108 58.6153 300.67 89.2856 22.9671 82.1738 0.347799 48.1305 44.2139 41.1478 56.4591 0.19948 34.9342 2.10451 162.84 2.18122 0 13.9622 5.04448 25.4432 16.2423 16.9305 18.2123 23.2828 0.303217 1.79899 
99.8877 80.4055 24.7908 2.8146 69.1638 0.0158295 89.0452 116.901 4.68443 3.71175 82.8129 96.2898 42.4404 0.426657 11.5548 1.77541 28.5572 55.0512 31.4183 0 84.798 2.91931 3.5125 0.847949 6.07304 0.455475 10.0489 11.508 
120.618 56.2446 39.8686 212.298 97.734 72.5191 136.791 79.7495 150.167 41.2641 0.540607 152.28 17.9187 37.71 0.780004 14.0588 23.887 123.705 23.7732 92.4279 0 27.7207 10.6368 47.9679 2.28765 0.918397 25.5575 6.82023 
40.1139 49.9368 9.88826 10.9388 42.3754 6.07499 59.9202 67.3842 0.155769 1.48786 22.228 75.3234 88.8407 0.208455 2.93649 4.24521 20.5626 14.5112 25.3146 1.72768 29.5515 0 15.2331 6.45925 1.85097 6.56445 0.887165 1.04484 
4.49427 18.1818 0.0217765 6.95892 7.13341 16.4521 70.7098 101.821 68.074 14.3778 129.324 63.5365 82.164 6.89819 17.2628 0.000629623 13.7109 35.0058 16.2665 3.6827 8.5329 15.2248 0 2.8966 19.1765 7.33605 10.0971 1.48039 
0.0170074 61.9104 15.6643 10.913 50.2222 2.80743 0.00574358 44.6237 2.75565 25.1925 91.9362 116.854 12.9014 0.286934 0.00246591 26.8984 13.6636 17.0827 21.4925 1.42602 39.9675 12.8594 15.4469 0 41.5811 16.323 8.12796 12.5927 
87.1472 141.129 10.6451 92.9132 2.13433 77.3598 80.2363 79.7583 63.9838 33.6014 75.0458 96.6208 28.8489 8.74747 23.0222 35.8625 76.274 57.281 4.33316 9.31988 5.90618 73.5943 9.32164 57.2663 0 39.7478 76.8156 6.36126 
68.8551 83.3001 17.9269 29.1652 67.6433 19.7654 71.9187 17.4113 1.22708 2.76292 34.0025 2.70952 42.5766 4.94936 30.5416 31.4817 23.8275 1.26 3.25676 9.15947 32.8571 1.90823 8.06734 16.6562 6.49553 0 31.6015 62.0924 
1.93668 44.5042 18.7131 2.27992 24.2438 20.0013 58.9541 36.9188 75.7508 46.0618 14.1622 120.786 35.9994 7.65042 18.2993 0.851871 20.9836 44.5602 5.58293 0.82154 41.8873 0.79392 0.588364 5.30024 33.3482 14.749 0 35.182 
53.029 2.59062 11.1848 2.3456 0.989458 19.4089 60.2277 4.01096 1.17403 23.6754 44.9733 172.406 0.166159 4.99717 2.6688 21.5052 22.4241 50.8441 17.7132 9.25933 45.3891 6.03629 1.08984 5.96657 25.2987 29.8313 0.714566 0 
