0 697.458 72.6273 356.897 263.256 315.717 163.74 4.76004 466.869 44.8858 139.636 93.6523 23.6875 53.8451 55.1822 0.263517 296.631 11.571 60.9182 197.433 7.82725 23.2716 8.43408 55.8387 333.567 0.219845 47.7394 9.0741 
631.598 0 3.04357 322.294 238.439 504.721 19.3597 234.604 487.687 32.3772 245.75 8.37087 0.041172 28.0009 46.5228 83.6264 295.689 71.2548 169.175 8.34516 79.4957 41.0513 11.3369 9.71556 304.233 76.4057 39.7357 51.0865 
210.022 470.871 0 79.4193 120.189 65.608 149.786 7.7159 166.076 106.073 108.95 11.6229 71.306 0.177242 34.0695 0.0153605 21.1105 162.326 24.44 6.61953 45.4604 0.453011 5.76426 0.925019 27.583 0.45709 19.0407 3.11628 
323.261 373.52 188.203 0 17.3535 359.531 80.9591 859.208 386.988 0.0184978 7.09903 8.8692 2.96857 20.0037 15.8801 6.51263 342.548 37.465 13.5493 0.276012 425.373 0.631808 2.9384 10.5562 338.346 38.036 15.1582 31.986 
115.875 526.217 173.183 140.52 0 206.241 292.001 180.769 0.000922067 247.074 47.6789 77.0787 26.456 0.0649205 93.2654 0.452825 28.5133 225.854 290.62 38.0681 127.63 16.1714 27.9364 9.60548 4.8623 46.0814 8.66162 8.29056 
295.241 301.631 46.1965 323.033 849.927 0 1193.28 57.832 646.58 487.711 273.623 45.9706 417.347 10.3771 21.2207 26.983 296.662 62.1467 73.4456 4.10673 50.757 1.75681 0.0607995 16.0499 323.515 5.12894 16.6494 5.37387 
249.101 12.4157 86.8342 186.277 5.01688 629.121 0 175.569 1281.42 189.159 228.697 261.641 142.962 0.937501 101.373 25.2628 99.6112 158.502 3.74567 28.326 144.107 56.6496 2.10206 56.8471 0.560891 14.5118 41.5748 69.2022 
287.368 0.000911821 276.524 63.8471 172.707 111.464 114.013 0 209.071 224.036 70.7665 54.0314 45.0453 69.9892 17.9848 54.2398 2.80218 161.955 4.54634 16.7592 144.201 30.7937 90.8141 16.8716 50.4188 170.958 81.8533 75.5454 
331.279 660.805 7.49475 507.187 348.753 758.969 951.33 313.233 0 320.277 894.563 3.51367 171.379 126.681 281.92 65.4075 367.231 9.98443 65.6983 98.0928 164.127 0.421626 51.7243 59.5864 420.93 62.8229 0.959263 5.51891 
151.197 54.4716 87.7868 101.012 172.947 37.9573 313.903 110.879 110.824 0 245.217 130.034 98.9587 10.138 48.9099 19.1407 82.9205 146.3 118.023 10.1118 7.15531 60.3256 51.0304 57.0122 30.4097 53.575 0.00351007 15.8023 
2.05796 79.4329 168.863 96.8763 14.4672 216.895 119.316 269.797 171.653 229.625 0 304.008 41.0203 30.6748 157.765 50.0823 9.47519 23.4743 20.9657 26.7536 113.083 77.9532 7.6457 0.0380436 116.982 10.8879 3.84938 0.0896672 
7.08807 2.14149 106.87 41.862 89.3106 1.84868 45.2753 321.802 400.323 207.909 518.262 0 68.6362 147.888 24.4344 314.072 83.127 151.017 4.50065 77.7623 30.1377 72.2079 101.081 17.538 68.4865 267.896 8.13523 36.4287 
76.5965 35.8461 54.938 35.818 72.6389 190.81 187.722 98.3084 134.496 272.323 17.5659 159.384 0 154.07 7.31691 29.3825 0.00264018 49.7231 2.55621 3.87318 25.1321 72.4581 64.5185 5.93837 55.8335 38.2808 39.2465 44.1226 
51.5671 41.6544 10.019 1.18541 54.7471 13.6214 96.9062 96.3187 104.751 81.2811 25.9922 45.5868 37.7597 0 0.0635847 18.5175 12.793 47.8529 24.4588 1.27417 1.01293 5.72801 9.56949 0.0100765 8.47396 12.2466 4.15411 9.94145 
56.7389 49.8589 20.6864 19.2686 25.6834 15.6568 124.911 184.654 65.1056 65.5995 79.3189 88.8502 0.587482 16.191 0 29.4664 30.1138 1.55272 21.1774 0.464082 4.4 13.7899 22.2748 13.6665 27.9636 23.3553 17.0138 16.3963 
50.5102 4.6231 23.0111 31.3314 72.746 4.38007 3.41939 130.133 100.334 19.1632 52.4136 250.685 71.8265 3.1159 2.46935 0 4.23998 23.011 14.2049 4.92084 1.12964 1.32935 0.00749746 12.1515 1.15244 32.1319 0.945444 20.3098 
394.2 445.527 5.07975 296.454 4.58751 297.479 38.7123 6.90156 295.788 82.3704 42.2577 0.780578 28.3471 17.7001 0.585065 17.6471 0 228.978 377.727 6.94619 2.28111 12.3993 2.8348 18.9126 311.764 19.7965 0.0905206 12.3949 
212.632 210.915 8.19772 26.9547 76.362 93.16 132.695 122.454 86.5437 145.195 167.522 149.573 103.356 44.2533 63.1629 2.47611 267.858 0 4.20952 38.1502 117.971 2.36107 45.0067 22.3683 52.8927 0.189785 40.2155 51.1122 
114.496 50.1422 61.571 61.0865 288.56 84.1531 39.1585 73.0506 0.616671 63.0098 55.7702 48.2957 49.4614 0.609276 33.1127 1.21598 85.6972 0.00179309 0 11.3119 7.69426 25.3585 15.0664 15.746 19.8913 24.7936 0.575971 2.51417 
42.0695 102.632 22.1927 0.332492 59.3911 0.368425 83.1215 113.702 1.29299 6.40427 79.4285 96.7203 42.9847 0.601319 11.7236 2.38345 26.6649 46.2845 29.3319 0 222.432 3.19588 3.65895 1.12774 7.00257 0.850902 9.72254 11.4402 
161.799 37.6097 58.2729 217.3 107.345 75.1768 141.634 55.9875 165.051 33.9783 3.24376 141.209 21.9488 39.6473 0.118322 18.5643 19.9949 122.797 19.4709 5.33118 0 26.6941 12.6581 47.8718 4.21386 0.116872 27.7659 4.85283 
40.3543 50.8846 10.4498 11.7817 45.4779 4.67529 57.7008 67.1683 0.880075 0.278377 27.6069 76.3706 84.2597 0.673676 4.22812 5.22883 20.2036 12.6104 25.0621 1.48753 30.3239 0 14.9991 4.83622 3.10748 7.1845 0.572218 0.756426 
6.45482 14.5486 0.191225 5.52089 4.73394 16.3145 68.1895 99.5527 77.4965 19.7414 120.856 79.47 72.5772 9.26899 21.6247 0.34156 12.9156 37.0147 17.3856 3.8078 10.4241 15.0259 0 0.0269674 21.4862 6.41043 9.1333 2.01617 
0.20897 61.7774 15.6124 8.40914 52.3975 3.95086 0.424205 62.7729 6.8191 30.871 105.608 83.0349 19.3415 1.29046 1.09886 20.3099 14.5816 19.8021 20.6655 1.1169 37.5487 13.6392 20.5956 0 33.6986 15.4871 9.99886 11.7026 
326.205 373.274 7.9745 329.914 0.763821 312.557 85.537 48.7506 301.347 26.8001 93.638 316.923 24.6405 10.5035 26.254 6.06044 307.586 55.5586 3.20535 8.42726 3.59908 18.0766 12.3768 44.9624 0 113.271 15.5327 104.864 
73.5961 81.7423 20.7933 34.5682 69.5239 22.1301 81.1797 0.875876 7.01979 0.518852 16.1146 75.2887 46.0188 3.56002 28.8642 32.8621 24.7474 0.341034 2.2142 8.37214 27.9527 2.42423 8.82917 16.6296 11.7754 0 35.1893 52.5169 
3.2504 46.8066 19.0957 3.45718 26.7661 20.1769 57.496 28.6996 77.7963 44.797 9.71817 118.897 37.0379 8.31755 17.4166 1.64784 21.3867 44.0785 4.7359 0.561358 40.7628 0.496934 1.09863 7.04808 37.4289 20.3054 0 10.6262 
49.822 1.11938 9.40036 4.09871 0.285659 18.126 55.4788 0.372382 3.82877 19.3528 55.7242 176.403 2.68186e-06 5.95658 4.25679 22.4562 22.9824 50.1681 16.4431 8.7091 43.2819 6.54393 0.689901 4.79062 25.6395 46.6808 14.4669 0 
