0 836.139 29.4832 717.604 24.7048 428.562 79.8666 296.868 490.227 152.813 4.15732 222.827 109.287 0.0646166 4.27604 7.09007 399.548 74.7298 84.0936 207.074 242.043 25.0038 45.1283 5.05244 392.023 0.679373 24.7357 58.5987 
889.548 0 1.49823 439.425 103.284 614.291 459.174 20.3889 561.626 235.351 256.622 219.346 18.3205 70.8201 79.6503 80.1159 543.621 370.348 105.179 110.766 164.379 15.0038 55.794 47.8547 468.174 81.1005 17.5398 36.5235 
190.792 472.281 0 1.53523 111.431 56.9287 240.663 98.7693 41.4943 94.8172 238.115 76.2243 73.3295 3.14574 10.3929 24.2036 19.8288 8.58161 0.072987 9.21611 58.7712 3.66481 11.1958 12.5662 27.5685 12.0161 5.50418 12.8482 
687.439 444.656 127.357 0 4.17043 445.518 133.109 220.13 717.042 105.68 100.741 57.7811 54.3508 10.2464 1.56921 0.491472 443.718 118.72 3.87277 19.8335 168.505 2.42441 18.9563 6.38133 408.438 28.7185 21.0964 14.8343 
193.555 40.0053 167.909 162.091 0 10.0504 58.6479 55.7744 9.30542 291.14 122.462 75.66 138.641 44.3667 93.8231 35.0413 135.183 197.206 260.984 86.9656 86.0697 6.43194 47.1318 56.1077 67.3545 11.7399 6.38765 44.0766 
394.411 506.548 59.9647 457.082 995.069 0 1576.28 212.323 794.862 162.999 48.0156 158.797 335.48 0.270441 38.4788 17.9146 393.037 66.9589 69.1702 7.66149 72.0712 20.0135 12.3816 7.75416 404.755 7.73014 19.943 20.5518 
7.90457 472.21 14.8737 147.106 428.567 724.709 0 304.567 42.3495 0.308435 386.6 271.309 69.3123 73.5269 49.448 99.2977 99.9219 100.387 155.567 0.0145069 128.896 18.1123 42.2146 2.14726 0.665069 6.13621 57.859 0.0563152 
0.931654 161.904 224.167 257.188 64.599 22.8839 355.388 0 649.122 148.291 38.5745 512.766 112.954 58.7681 87.1893 9.46505 81.4075 167.215 71.7491 7.94893 108.972 0.0878018 85.4923 133.248 85.7545 213.555 8.48292 19.9762 
491.335 467.506 247.541 407.843 355.463 866.99 309.518 83.1041 0 379.547 134.476 0.610555 67.4632 54.5722 281.039 16.456 402.9 219.398 145.633 97.4334 65.2163 39.5216 43.3121 78.7068 473.161 119.654 73.651 69.8438 
7.2888 222.513 71.7597 1.41658 2.53366 109.444 508.912 3.80431 316.665 0 294.389 185.3 195.55 77.8069 6.15408 83.7464 25.39 134.307 0.475855 17.2482 91.6662 41.2636 55.9274 38.8062 13.1128 76.0661 22.4103 33.423 
92.4722 101.034 17.358 198.972 1.47439 165.072 460.877 356.805 881.761 436.546 0 514.802 3.07438 15.5941 85.8437 227.609 93.9472 0.727839 86.2456 83.3025 9.10814 4.18069 77.1572 128.973 9.05163 20.6943 81.0022 1.99333 
200.683 223.122 178.984 204.259 90.7455 123.824 179.616 172.166 402.566 157.817 336.013 0 74.9336 118.985 3.7846 24.4326 26.08 57.3628 100.468 95.5623 44.8179 17.3971 32.022 114.778 29.4979 369.484 31.3195 1.96686 
1.03244 84.7032 45.7094 72.8849 88.6446 91.3059 218.817 30.9368 109.596 92.1194 128.161 159.505 0 150.53 57.7901 60.507 34.9139 58.389 74.3366 12.9762 65.8548 50.5764 50.2687 4.50162 0.185739 8.13006 38.7607 21.3725 
1.02048 0.265254 14.8607 9.43078 2.59741 1.45272 16.9153 28.0441 33.0753 15.7303 154.769 20.2205 47.8168 0 13.9502 19.345 14.463 34.5804 3.59084 3.75327 26.842 10.9035 7.13807 2.22402 2.26501 2.86737 0.689207 5.42934 
63.3564 16.8255 0.284746 0.512945 7.89015 1.16335 78.7349 33.9582 43.1916 133.043 165.711 138.606 93.8267 0.00636069 0 70.1914 24.7779 68.0577 13.1548 10.5616 41.6361 4.43375 25.1415 28.0026 3.65795 18.2715 1.58152 21.358 
67.5831 10.3161 0.190948 19.1297 47.0392 22.8357 102.223 199.673 143.465 9.17855 227.979 59.3686 17.036 6.66937 89.5361 0 11.3288 25.1106 0.634426 5.45335 58.8873 11.4736 12.1944 22.1126 25.28 26.5424 15.7057 0.662704 
459.483 394.677 5.87089 410.423 143.887 392.513 0.0331063 73.2853 487.886 27.2883 88.9858 50.0493 0.752784 16.2516 9.38397 23.8248 0 12.495 119.54 18.4271 38.4665 20.0476 0.0895885 15.1031 408.735 14.7558 7.82814 20.2439 
236.153 487.071 162.45 3.20055 34.8598 26.546 74.6627 130.775 172.586 129.748 137.452 64.5065 2.2605 1.50815 4.66036 61.7177 188.136 0 139.67 42.5097 4.46374 0.435867 41.2585 42.6526 46.4676 54.3573 44.3091 48.4524 
103.301 0.196855 41.4083 62.3871 257.272 86.5618 147.817 4.04141 42.219 28.5221 117.004 28.5041 2.23048 11.76 8.78115 24.1806 227.207 148.733 0 23.5046 21.2113 25.442 20.0088 19.345 9.34896 7.58838 8.66444 3.77486 
59.9941 4.4773 0.00737256 20.1853 94.635 2.06725 90.7743 93.2829 1.56751 54.092 0.950866 66.6154 14.582 0.156819 2.26726 7.86999 16.1848 50.6335 5.81463 0 122.984 5.64866 3.11616 0.314585 0.999614 10.1562 9.0254 9.88186 
28.58 178.91 71.8054 84.2821 114.95 43.3625 139.264 187.039 66.5733 64.3857 99.3734 127.005 0.000613188 9.84016 54.9239 60.9956 61.0269 12.4116 71.6198 323.206 0 9.60786 2.84053 22.7155 45.2766 60.6719 26.0874 34.3063 
40.161 32.3247 6.05116 8.60637 2.252 13.2753 16.4876 37.9879 37.1065 22.3658 41.4895 2.81369 1.28704 2.38082 13.5924 11.5813 12.7422 7.69834 25.367 0.0278577 30.4903 0 9.42735 13.9447 23.9024 1.36851 1.92015 0.38888 
12.8643 54.4168 11.6262 9.40396 56.132 3.6391 25.0578 101.442 69.9353 27.2095 3.04285 54.647 59.4112 6.22925 11.8613 11.0731 6.77512 23.2023 11.7539 3.32787 1.70686 9.32205 0 12.7861 19.9735 2.37077 1.92166 4.93709 
57.6974 1.23105 5.65537 4.57206 2.94426 17.8067 50.838 134.301 20.752 52.3573 21.2461 40.1759 0.000144515 6.09475 18.0834 10.193 18.5563 2.36115 22.9355 5.00591 41.5578 1.4502 5.12614 0 10.1847 4.38358 13.7644 0.125002 
466.268 406.205 7.93385 393.109 66.8987 420.284 90.9265 184.517 428.698 10.3861 83.0066 987.216 31.8233 3.84619 5.40711 51.1937 404.207 42.4212 12.1172 11.8421 60.575 63.1607 9.01507 65.8092 0 64.0982 83.3342 60.5592 
78.1718 55.6454 1.1115 32.8413 8.08406 24.4069 21.5785 146.189 141.528 23.7982 27.4426 72.8728 18.2467 12.5854 25.3645 29.9064 20.9203 55.1018 17.8897 5.34561 25.5441 0.100043 10.402 1.77174 8.43359 0 37.9596 20.117 
4.00618 26.1337 5.69917 16.4312 23.6028 13.8795 42.3612 6.98563 4.27712 36.2121 78.3613 118.347 35.4431 0.189645 3.97547 16.6807 17.7151 39.6452 0.0190509 0.209794 41.6377 1.78761 13.4322 10.9155 14.6001 28.8583 0 87.6152 
21.6308 61.0724 5.8673 23.8359 26.7014 8.45683 6.44809 125.065 66.1098 29.5888 73.3885 154.479 17.3733 9.53027 10.1719 3.21936 24.1634 50.1761 14.4976 11.4847 48.2197 7.32267 10.0959 2.32168 22.3424 8.64153 27.7429 0 
