0 625.566 37.3482 99.5378 269.365 124.425 126.965 21.2384 292.476 32.3878 154.513 117.433 29.7576 53.9013 50.9062 0.0467716 91.9111 2.39969 51.4932 207.045 0.526069 21.679 6.68385 56.9168 124.96 0.0453473 48.8317 6.77068 
581.74 0 97.8643 92.9382 111.014 322.89 2.12787 261.664 214.025 13.6666 259.682 2.12412 0.645028 32.8091 38.5687 81.659 91.9833 174.953 161.947 1.93465 63.3106 42.9018 8.94872 12.4452 104.255 79.4153 41.8412 48.126 
196.7 377.909 0 237.722 91.1247 66.6405 98.5437 33.8961 317.079 111.711 70.5596 25.9315 72.7725 0.0070645 33.6893 0.123884 16.9956 156.178 29.7167 4.35061 59.974 0.269901 6.56609 1.48518 26.7178 1.28903 19.2522 2.21388 
91.7267 240.275 413.419 0 31.6481 151.565 111.978 850.174 129.497 1.34875 19.8334 30.6908 5.22752 18.7578 19.3808 3.42094 141.868 52.2387 9.87505 0.117573 233.329 0.392994 3.84723 8.61063 134.159 40.9932 13.6526 31.0068 
153.185 465.089 153.554 124.729 0 157.102 369.824 162.628 8.6026 294.09 72.5196 63.3728 15.2009 0.667784 90.5468 0.00728099 41.2229 212.354 259.353 30.2664 130.297 18.8204 24.8879 7.48645 3.08852 41.8733 10.2072 6.46938 
93.0932 120.135 35.8717 111.453 1028.43 0 1298.4 86.6153 298.455 633.669 266.27 61.7742 64.0958 12.2701 25.8323 26.2427 92.1347 74.263 80.9473 5.58174 55.5581 2.51123 0.263041 16.7045 119.584 6.88508 15.9138 4.31691 
226.031 5.50094 137.805 165.294 4.76989 98.1648 0 248.352 1082.24 330.986 130.093 238.966 167.153 3.49995 116.092 17.4044 103.678 132.556 10.105 35.9724 143.011 54.3913 4.11899 52.774 0.000353284 21.0666 38.7601 66.8302 
260.469 4.91498 268.931 91.9323 153.596 81.1263 183.957 0 378.344 222.742 33.303 362.576 55.1847 57.6735 34.7059 20.158 4.90901 152.218 2.08694 24.4462 125.342 34.0812 95.3855 27.4562 74.4182 133.827 76.2666 87.9465 
108.844 490.815 89.9006 364.365 355.545 469.242 251.343 151.165 0 365.163 558.015 25.016 185.237 110.682 225.01 48.8206 156.754 3.12278 52.7665 102.062 173.551 1.14733 59.7943 66.8984 213.48 77.3093 0.250253 9.06757 
155.277 29.9978 98.3447 95.2366 112.539 64.7478 172.194 86.5914 181.074 0 89.7231 100.464 167.933 16.5974 31.1554 27.7109 83.9085 146.441 121.781 7.43931 4.43314 60.9729 54.1732 54.6637 25.1862 47.4611 0.15613 12.7984 
7.09309 109.104 202.182 70.9692 3.99875 251.061 44.1974 314.933 337.519 405.163 0 199.344 66.5942 58.9997 273.625 22.327 6.66528 15.4361 28.2036 31.9629 104.02 76.7524 2.52335 1.69262 104.448 3.23939 6.186 0.25095 
17.6445 0.00019314 82.6299 15.6577 103.325 7.12546 22.7267 726.718 379.565 226.917 501.414 0 81.0084 132.356 3.2965 456.905 84.8604 151.874 2.47372 82.9182 40.6745 70.0127 110.398 5.32806 54.3875 155.715 3.90734 55.2107 
69.9551 25.9157 49.8633 40.7621 55.7034 154.011 166.87 87.944 153.321 209.966 5.0957 159.148 0 155.602 16.4481 37.5114 0.201888 55.9785 4.80507 5.19785 21.8338 79.2346 54.5175 9.67315 55.3244 35.0992 39.3207 44.6133 
52.6742 36.8174 8.64921 2.03323 50.6581 15.4137 95.7942 106.127 89.9731 77.2145 7.74635 65.7417 15.1986 0 7.4037 16.3171 11.9127 46.0464 25.264 1.08452 0.469629 4.77569 9.38028 0.146721 9.85121 12.7046 4.71013 10.4717 
60.5004 57.8206 17.1326 22.7818 32.8199 11.3159 134.656 184.168 38.9841 84.8665 187.544 140.767 0.42792 1.41233 0 3.57416 30.0063 2.99005 23.3591 0.25499 6.24412 12.716 19.1715 17.7707 29.6385 20.1064 17.7677 17.9398 
44.0659 8.0111 24.0596 26.7619 74.1508 2.77589 0.810374 178.857 115.881 11.8205 24.0138 415.814 77.1205 0.877292 5.18048 0 3.44606 26.3931 15.7435 5.49614 2.43611 1.8601 0.151158 18.8355 1.10879 32.8583 1.56944 21.455 
186.315 237.878 7.84658 92.075 0.853211 92.6199 31.4864 9.95828 91.7295 83.6163 37.2582 0.184047 31.5399 18.3865 0.271293 16.5799 0 181.472 140.473 8.52183 1.26124 13.0944 2.37458 18.434 109.325 20.7906 0.0245423 13.243 
192.535 109.019 1.34767 15.7012 52.356 82.0811 105.955 108.692 66.6296 146.574 162.983 151.382 100.99 46.242 60.6952 1.30118 285.659 0 10.2917 31.3913 114.204 1.687 44.7713 20.2058 50.9006 0.000208177 41.1734 50.7609 
116.37 33.8173 60.728 62.2418 255.58 77.6618 53.6615 65.6613 3.41879 74.5757 64.9851 53.8907 43.8783 1.07773 31.4863 0.686915 46.7592 1.49989 0 9.35947 10.09 25.2003 14.1225 14.7948 21.1598 25.8761 0.84638 3.1437 
12.5562 117.688 19.7546 0.0849884 51.3696 0.955383 77.3122 109.333 0.108643 8.92998 76.1227 95.9379 43.1625 0.754622 11.7826 2.89702 25.0568 39.3775 27.529 0 307.122 3.41111 3.76045 1.36658 7.72533 1.23573 9.44067 11.335 
190.844 25.0871 72.9993 153.825 113.961 76.4922 143.655 39.4136 174.278 28.5515 6.86866 131.034 25.2518 40.9732 0.00588777 22.3141 17.111 120.957 16.317 13.9411 0 25.8464 14.2946 47.5259 6.08066 0.0193841 29.4443 3.53215 
40.3963 51.3833 10.8504 12.4112 47.6965 3.67811 55.6011 66.6355 1.84461 0.000192958 31.9728 76.6499 78.8038 1.20366 5.34042 6.01005 19.8755 11.186 24.7754 1.30953 30.8589 0 14.2712 3.65419 4.35356 7.64955 0.372966 0.562038 
8.1821 11.9112 0.436531 4.47362 3.18008 16.0466 65.5181 96.3945 84.0884 24.2082 111.593 91.2102 63.4413 9.62229 23.9863 1.09689 12.278 38.4544 18.209 3.89152 11.9783 14.3235 0 2.60148 22.661 5.65919 8.3414 2.47496 
0.832475 61.2071 15.4101 6.58692 53.7873 4.93471 1.47326 77.2883 11.1197 35.2829 114.505 57.4696 24.889 2.47999 3.24282 13.706 15.2716 21.9597 19.9543 0.897356 35.5113 13.9969 20.0042 0 25.8577 14.5434 11.4482 10.9214 
127.801 168.592 6.06471 129.29 0.171527 110.939 88.6194 28.3266 103.538 21.7279 107.214 344.515 21.4149 11.8035 28.316 40.6761 103.02 53.9293 2.43325 7.71321 2.17755 27.8213 14.9021 41.9195 0 65.1945 105.165 30.2673 
76.3901 79.5702 22.7772 38.1816 70.4018 23.7521 87.3381 2.62169 14.5821 0.000350782 6.42342 179.342 48.3862 2.58182 26.7413 32.0269 25.3761 0.0265987 1.53265 7.72429 24.192 2.8553 9.33426 16.2712 16.5753 0 37.0295 40.6592 
4.48798 48.4236 19.2862 4.51503 28.7133 20.2163 56.0597 22.7485 78.8863 43.5858 6.77442 115.644 37.7186 8.80619 16.6164 2.42684 21.6572 43.572 4.11414 0.39157 39.7541 0.312246 1.59358 8.47878 40.3854 24.5744 0 0.885761 
47.0448 0.391084 8.04069 5.74464 0.0306375 17.0296 51.4567 0.230402 6.89402 16.142 64.0915 173.552 0.102545 6.70459 5.68496 22.7759 23.3575 49.4364 15.4344 8.25352 41.4614 6.93055 0.437962 3.92214 26.0485 56.9951 34.2838 0 
