0 705.869 33.6245 165.716 269.404 195.418 122.442 24.0133 365.159 30.9575 156.22 120.356 30.5315 53.8834 50.3619 0.0934015 161.201 1.74269 50.3466 205.701 0.220766 21.4832 6.48111 57.0213 193.699 0.0878688 48.9523 6.50876 
666.017 0 116.867 161.434 97.6174 393.859 4.74061 264.496 275.331 11.8848 260.933 1.63944 0.857688 33.4033 37.6089 81.3534 161.517 767.042 160.799 1.4531 61.3794 43.1189 8.67194 12.797 174.08 79.7306 42.0915 47.7502 
194.088 359.058 0 253.094 87.5297 66.5335 92.4033 38.2238 334.51 112.193 66.1533 28.0171 72.8945 0.0018238 33.5916 0.168195 16.5078 155.04 30.3681 4.09875 61.7805 0.250649 6.66422 1.56195 26.5903 1.4186 19.2716 2.11273 
161.421 318.688 413.558 0 33.6282 220.258 115.768 86.3638 193.619 1.65462 21.7903 34.1598 5.5446 18.5944 19.8125 3.10368 211.547 54.1314 9.45703 0.201705 803.53 0.367533 3.96495 8.37901 203.389 41.3017 13.468 30.8669 
157.713 453.513 150.713 122.595 0 149.031 377.734 160.261 10.7914 298.769 75.7938 61.7325 14.0141 0.784714 90.1339 0.000176549 42.886 210.342 254.298 29.3414 130.542 19.1521 24.5166 7.2422 2.89751 41.35 10.4029 6.25979 
162.861 193.141 34.5681 179.876 365.516 0 643.111 90.3041 349.764 383.264 264.169 63.7774 506.09 12.5004 26.3848 26.125 161.413 75.7235 81.7368 5.77354 56.1266 2.61162 0.297409 16.7764 188.874 7.11242 15.8203 4.19349 
222.685 9.37112 144.072 162.271 7.41464 71.6883 0 257.072 1009.71 347.58 119.074 235.754 169.91 3.9219 117.727 16.5206 104.111 129.297 11.083 36.9362 142.768 54.0946 4.40952 52.2531 0.004998 21.9321 38.4092 66.5079 
256.548 6.1651 266.672 92.316 151.132 77.5093 192.89 0 399.134 222.218 29.5688 411.927 56.4579 56.1703 37.0503 17.0086 5.20534 150.915 1.84947 25.4625 122.966 34.4841 95.871 28.8886 77.5011 129.067 75.5474 89.4249 
176.329 562.661 105.116 440.059 355.214 523.399 183.8 133.83 0 369.092 930.096 28.9168 186.717 108.59 216.229 46.8684 225.249 2.54482 51.2254 102.467 174.549 1.26027 60.7717 67.7706 282.232 79.0783 0.194895 9.55668 
155.597 27.4203 99.488 94.4111 105.483 81.0977 155.747 83.678 190.002 0 74.7659 96.9001 176.612 17.4727 29.1607 28.8263 83.9821 146.324 122.097 7.1357 4.14216 61.0122 54.5209 54.339 24.5607 46.6906 0.190279 12.4457 
7.9101 112.862 205.717 67.9052 3.15618 254.295 37.2129 319.777 362.523 425.415 0 186.863 70.0141 62.8896 286.991 19.5939 6.35244 14.5549 29.1441 32.6152 102.87 76.5715 2.08226 2.0615 102.816 2.60498 6.50724 0.358629 
19.2379 0.026873 79.6818 13.253 105.025 7.99755 20.4436 772.076 375.748 228.853 496.508 0 82.5271 130.209 2.03244 468.005 85.0464 151.888 2.26579 83.5035 42.0409 69.7165 111.42 4.3022 42.4823 142.225 3.49119 57.6687 
69.122 24.7855 49.2183 41.364 53.7072 150.904 164.058 86.6505 155.502 201.535 4.07066 158.987 0 154.962 17.7808 38.5256 0.247999 56.7435 5.12608 5.37167 21.4393 79.9713 53.2495 10.1835 55.2361 34.7008 39.3211 44.6597 
52.7864 36.2218 8.48017 2.15126 50.1367 15.6252 95.5453 107.223 88.0871 76.6046 6.2165 68.3174 13.0416 0 9.40057 15.9679 11.8044 45.8109 25.3548 1.06203 0.417116 4.65993 9.25614 0.195244 10.0176 12.7476 4.77899 10.532 
60.9311 58.7821 16.6939 23.2076 33.7244 10.813 135.6 183.675 36.2494 87.153 201.938 147.243 0.685294 0.673032 0 2.02533 29.9849 3.19675 23.6231 0.233554 6.48951 12.5785 18.7375 18.2582 29.808 19.6882 17.8531 18.1199 
43.2664 8.48335 24.1596 26.1787 74.2767 2.60142 0.613581 184.468 117.662 11.0231 21.1869 431.479 77.679 0.692188 7.47409 0 3.3536 26.812 15.932 5.56611 2.62888 1.93013 0.199528 19.6212 1.18157 32.8318 1.65573 21.5728 
255.075 306.544 8.22019 161.365 0.598542 161.856 30.631 10.3668 161.084 83.7218 36.6533 0.139324 31.9321 18.4674 0.240978 16.4473 0 175.166 290.358 8.72228 1.15656 13.1789 2.32063 18.3725 178.814 20.9091 0.0193195 13.3467 
189.744 92.3088 0.903203 14.5035 49.6286 80.6622 102.694 106.969 64.2845 146.61 162.307 151.513 100.654 46.4719 60.3672 1.18248 286.545 0 11.2078 30.5817 113.683 1.61189 44.731 19.9429 50.642 0.00137986 41.284 50.7052 
116.496 31.9794 60.5629 62.3354 250.35 76.7348 55.5204 64.7457 3.91435 75.9687 66.1166 54.5741 43.1915 1.14385 31.2757 0.632193 43.9252 1.87394 0 9.12848 10.4023 25.1755 14.0055 14.6769 21.3123 26.0026 0.882928 3.22499 
10.2412 119.341 19.4364 0.158232 50.375 1.04541 76.5374 108.691 0.0531299 9.26289 75.6802 95.7755 43.1694 0.774374 11.7855 2.96196 24.8528 38.5359 27.2988 0 313.846 3.43741 3.7721 1.39699 7.81337 1.28723 9.40456 11.319 
194.102 23.6968 74.7837 149.574 114.712 76.6066 143.794 37.5331 175.251 27.9056 7.4008 129.707 25.6648 41.1239 0.0164514 22.7846 16.768 120.665 15.9441 19.8798 0 25.7398 14.4982 47.4673 6.33019 0.0392567 29.6469 3.38369 
40.3927 51.4298 10.8972 12.4865 47.9552 3.56234 55.3229 66.5485 1.98635 0.00644226 32.5152 76.6516 78.0335 1.27784 5.48188 6.10593 19.8324 11.0153 24.735 1.2883 30.9203 0 14.1513 3.51651 4.52073 7.70523 0.351392 0.5401 
8.40489 11.6013 0.473199 4.35058 3.00965 16.0043 65.1508 95.9279 84.8419 24.7671 110.317 92.5829 62.2473 9.56281 24.1982 1.2163 12.199 38.6227 18.3067 3.90092 12.173 14.2066 0 3.1742 22.7633 5.56619 8.24253 2.53337 
0.93694 61.1095 15.3758 6.37369 53.9384 5.05999 1.64438 79.0545 11.7098 35.8176 115.47 54.4978 25.592 2.64482 3.57423 12.8825 15.3544 22.2255 19.8634 0.87184 35.2535 14.0249 19.6405 0 24.8519 14.4119 11.6234 10.8211 
197.789 237.764 5.84358 198.969 0.12797 180.525 88.93 26.1319 173.712 21.1262 108.793 587.45 21.0252 11.9567 28.5367 46.1627 172.251 53.7132 2.34536 7.62501 2.02695 37.0194 15.2114 42.4469 0 53.0986 69.2289 53.9071 
76.6745 79.2486 23.0018 38.5796 70.4733 23.9355 88.0189 3.72621 15.6763 0.0119494 5.52416 193.258 48.6555 2.46994 26.4378 31.8118 25.4477 0.0124317 1.4573 7.64329 23.7377 2.90966 9.39021 16.2076 17.1901 0 37.1916 39.0512 
4.65194 48.6104 19.303 4.65244 28.9501 20.2152 55.8664 22.0525 78.9889 43.4244 6.44715 115.143 37.794 8.86393 16.5122 2.53112 21.6877 43.5022 4.04036 0.372794 39.6229 0.29249 1.65969 8.65644 40.7387 25.0815 0 0.423048 
46.6896 0.327453 7.87709 5.96143 0.0171542 16.8902 50.9477 0.376235 7.32648 15.7605 65.1057 172.849 0.129014 6.79564 5.86974 22.7891 23.3997 49.3347 15.31 8.19627 41.2284 6.97728 0.410843 3.81942 26.1146 57.9779 37.0192 0 
