0 1011.45 19.4379 436.091 267.775 477.342 103.062 37.7843 653.365 25.053 163.281 132.955 33.953 53.7437 47.9585 0.479282 435.664 0.105689 45.4201 205.01 0.406363 20.6333 5.6333 57.4035 465.596 0.432687 49.4404 5.427 
990.991 0 209.512 438.294 48.0315 672.571 27.6383 275.404 517.155 5.55438 265.152 0.261638 2.12475 35.9834 33.5062 79.8714 437.329 453.532 155.2 0.159134 53.1905 44.0343 7.51439 14.3627 450.74 80.9582 43.1554 46.091 
180.576 266.793 0 291.379 72.1304 65.4861 66.9508 59.3484 401.57 113.737 48.183 37.7901 73.2757 0.0186187 33.0425 0.43733 14.4444 149.2 33.1903 3.08143 69.6069 0.175304 7.08814 1.91414 25.9855 2.04682 19.3388 1.69919 
447.054 632.057 287.068 0 42.6952 491.669 131.896 420.501 449.708 3.33206 31.1743 50.9214 7.01622 17.8613 21.68 1.89712 487.427 62.4735 7.73374 0.824237 177.754 0.266867 4.4899 7.39624 477.278 42.4927 12.6692 30.2125 
176.962 395.281 137.503 112.946 0 97.1662 406.765 149.702 22.9937 315.808 90.4387 54.7519 9.39135 1.3986 88.151 0.0892782 50.311 200.803 229.864 25.4307 131.398 20.6051 22.9159 6.22434 2.13749 39.0683 11.2666 5.38709 
439.787 485.528 28.9235 450.557 854.477 0 876.465 106.472 550.808 874.101 252.228 72.5621 345.355 13.4892 28.727 25.5498 435.736 81.9492 84.7972 6.62945 58.5332 3.06571 0.470124 17.0659 463.096 8.12422 15.4066 3.6751 
207.061 37.4444 170.455 148.241 25.3258 96.8995 0 293.508 636.281 413.371 75.5527 220.879 181.204 6.01261 124.317 12.9135 105.815 115.096 15.7936 41.1595 141.447 52.7614 5.77425 49.9471 0.210078 25.8207 36.8759 65.0342 
238.211 13.1604 253.752 60.7685 140.217 62.3121 231.657 0 484.995 219.039 15.8014 631.075 62.0342 49.7145 47.8353 6.33077 6.58341 145.018 0.984367 30.0327 112.568 36.228 97.7779 35.3916 91.0552 108.313 72.3526 95.6897 
443.978 843.649 179.324 738.405 350.86 724.773 8.98116 68.8012 0 381.697 1035.01 48.7356 192.534 99.2951 238.614 38.6864 496.054 0.719409 44.6923 104.012 178.46 1.80953 64.9599 71.4765 553.861 86.6737 0.0347684 11.8065 
156.522 17.4585 104.013 90.5604 76.5204 170.97 90.8899 71.3154 228.533 0 24.5353 81.7626 213.578 21.4483 21.1028 33.7858 84.1803 145.487 123.088 5.88365 2.99141 61.0806 55.9274 52.8437 21.8963 43.3144 0.377032 10.9598 
11.9365 129.305 219.35 55.063 0.650102 265.558 13.5674 338.711 518.612 504.484 0 135.237 85.3998 80.4868 339.326 9.68531 5.07829 11.0126 33.3417 35.469 97.7961 75.704 0.656306 4.06922 95.5465 0.648537 7.9846 1.04525 
26.8469 0.871812 67.1113 5.07766 112.321 12.3175 11.8684 934.403 356.271 236.164 468.635 0 89.0905 120.395 0.0733203 494.774 85.7845 151.72 1.46835 85.9143 48.1282 68.3664 115.522 1.10984 18.7898 87.8316 1.95283 68.6058 
65.4725 20.1264 46.3753 43.9544 45.3127 146.909 151.346 81.006 164.567 164.175 0.94843 157.956 0 150.165 24.0298 42.9374 0.502216 60.0475 6.62821 6.15279 19.7567 82.9043 47.6973 12.5174 54.7889 32.9579 39.3009 44.8263 
53.2126 33.6413 7.74803 2.69668 47.832 16.5163 94.1881 111.673 79.7932 73.6992 1.50464 79.6166 5.49795 0 20.0092 14.2942 11.3344 44.7563 25.7284 0.966558 0.225297 4.16317 8.48865 0.482704 10.7298 12.8996 5.07879 10.7805 
62.7152 62.8939 14.7995 25.0306 37.7031 8.72464 139.017 180.468 25.7823 96.7261 263.513 174.855 2.48828 0.615898 0 0.394815 29.8714 4.16769 24.7567 0.151381 7.59999 11.9701 16.7552 20.2997 30.4475 17.8411 18.205 18.8746 
39.7928 10.666 24.518 23.616 74.7046 1.90521 0.0759981 207.237 124.996 7.85357 10.8424 480.915 79.8547 0.139578 21.3808 0 2.96551 28.6348 16.747 5.86735 3.5446 2.2454 0.484368 22.8125 1.69236 32.426 2.05342 22.0234 
526.896 577.654 9.92027 435.725 0.0150165 435.998 27.0109 12.2205 435.784 84.0594 34.0542 0.0173114 33.6313 18.8096 0.130246 15.8685 0 147.265 203.746 9.60817 0.754653 13.5427 2.09305 18.099 453.94 21.4138 0.00389453 13.7945 
176.949 34.8716 0.00128422 9.81475 38.4599 74.3996 88.7234 99.4425 54.4254 146.43 159.088 151.855 99.0841 47.4317 58.8839 0.732714 287.006 0 15.5848 27.1341 111.281 1.3055 44.5275 18.81 49.4868 0.0679743 41.7455 50.4319 
116.778 24.4937 59.6948 62.6189 225.262 72.4235 63.7262 60.7618 6.43532 81.9074 71.0104 57.5247 40.2165 1.452 30.3363 0.420873 36.1271 3.96561 0 8.15056 11.8002 25.0539 13.4957 14.1629 21.9655 26.5342 1.04989 3.58749 
3.87722 125.937 18.0191 0.734216 46.056 1.47973 73.0375 105.656 0.0396536 10.7608 73.6731 94.9059 43.1616 0.86231 11.7867 3.24779 23.9525 34.9158 26.2797 0 331.192 3.5512 3.82051 1.53147 8.19301 1.52097 9.24421 11.2418 
207.289 18.0711 82.393 147.959 117.809 76.9827 144.124 29.8132 179.046 25.1609 9.92159 123.775 27.4737 41.747 0.12351 24.847 15.3092 119.234 14.3651 56.2321 0 25.2714 15.3873 47.1734 7.46208 0.205426 30.5164 2.77496 
40.3551 51.594 11.0934 12.8077 49.0415 3.07791 54.0668 66.1176 2.65905 0.135204 34.88 76.5771 74.4625 1.62098 6.10592 6.52076 19.6388 10.2855 24.5465 1.19785 31.1759 0 13.5603 2.9413 5.2786 7.94299 0.265168 0.44984 
9.39654 10.2946 0.648368 3.83184 2.32277 15.7979 63.4639 93.7132 87.9564 27.2095 104.48 98.3258 56.9323 9.05515 24.9027 1.79526 11.8543 39.3309 18.7214 3.93947 13.0266 13.6276 0 6.13484 23.0972 5.16227 7.81051 2.7916 
1.45936 60.6176 15.2032 5.47858 54.5439 5.61359 2.49117 86.6202 14.4165 38.1116 119.311 42.2097 28.6824 3.396 5.16253 9.41271 15.709 23.3797 19.4602 0.764902 34.1177 14.106 17.4293 0 20.4858 13.8054 12.3743 10.3762 
475.082 511.408 4.9216 474.828 0.0127875 456.055 90.1015 17.5183 452.075 18.5787 115.37 219.761 19.3542 12.6021 29.4061 64.2826 446.266 52.7367 1.98179 7.24166 1.43491 73.1107 16.537 46.9636 0 38.6288 22.9354 123.106 
77.7564 77.7206 23.9232 40.1778 70.6914 24.6881 90.7675 10.6786 20.8082 0.251618 2.39453 253.064 49.7668 2.00788 25.025 30.6108 25.7434 0.012568 1.15184 7.28885 21.7906 3.1489 9.61693 15.8835 19.8959 0 37.7277 31.9128 
5.39274 49.3906 19.3589 5.26647 29.9715 20.1959 54.9862 19.1293 79.3545 42.6933 5.11584 112.719 38.1007 9.10839 16.0457 3.00396 21.813 43.1803 3.72701 0.296604 39.0353 0.214197 1.95928 9.42948 42.252 27.2189 0 0.375695 
45.1159 0.116798 7.17744 6.93617 0.00359611 16.2745 48.7067 1.41684 9.33879 14.1417 69.4557 168.939 0.278641 7.18774 6.69224 22.7797 23.5734 48.864 14.769 7.94487 40.1951 7.17797 0.302993 3.38473 26.4505 61.3828 49.142 0 
