0 636.907 3.4098 107.34 257.879 132.079 70.6523 68.2925 314.814 15.9046 174.298 154.588 40.2348 53.2503 43.56 1.8846 77.1565 2.06213 36.96 241.609 6.68347 19.1288 4.26178 57.7952 101.863 1.67471 50.1654 3.73455 
654.442 0 374.324 106.345 2.03837 309.279 108.853 288.826 111.398 0.161077 267.695 0.724054 5.71487 40.5355 26.5488 76.647 82.3459 611.944 143.021 1.06129 39.6064 45.5477 5.64297 17.2808 95.6066 82.5592 44.9504 43.0485 
149.446 101.48 0 228.208 46.6228 61.4076 29.4041 103.932 469.082 114.243 22.1582 57.5413 73.3581 0.204814 31.5889 1.21256 11.0269 135.566 38.1197 1.60479 83.1569 0.0746226 7.82809 2.61049 24.7187 3.40959 19.3912 1.07068 
142.038 334.068 234.702 0 60.282 126.036 158.22 166.476 76.6003 7.64968 50.9202 86.1303 9.98892 16.4766 24.9307 0.470459 130.33 77.5107 5.06132 2.91879 627.746 0.12773 5.47214 5.75616 116.524 43.9859 11.2669 28.8717 
208.519 271.628 111.483 94.6798 0 3.87325 434.094 130.104 54.4904 331.666 117.637 43.0236 3.39927 2.90282 83.9108 0.72207 64.1156 181.01 179.213 18.9783 132.073 23.2286 20.1299 4.59234 1.06921 34.9993 12.8524 3.98922 
87.1075 164.129 19.3483 85.4322 753.608 0 665.098 134.901 99.0258 904.847 221.039 88.2457 9.20092 15.182 32.5849 24.285 76.6294 92.3908 88.6666 8.22846 62.535 3.94039 0.868094 17.4879 103.203 10.0044 14.6444 2.82777 
175.807 125.838 211.053 120.657 80.0002 534.967 0 349.492 73.2197 492.111 20.3791 191.426 198.16 10.7016 133.736 7.50226 108.127 90.1817 25.8679 48.7349 138.059 50.2238 8.59012 45.7023 1.30404 33.1704 34.1216 62.1371 
201.455 31.46 219.902 53.1571 120.236 38.1509 297.076 0 604.88 209.932 1.77941 944.501 72.0542 38.6888 68.8862 0.146184 9.38338 133.68 0.114814 38.6836 94.0244 39.2938 100.336 47.8721 115.145 72.6793 66.4299 106.06 
77.6713 478.24 321.158 404.179 331.924 227.691 247.56 4.65346 0 385.437 400.581 93.9151 200.306 82.3592 314.511 25.5924 130.257 0.228179 33.8352 105.881 183.649 3.01533 72.112 77.6811 188.412 99.6195 0.0701734 16.2758 
156.3 5.0974 110.143 82.768 34.3104 347.258 14.7593 50.8866 292.334 0 3.30916 56.7922 271.874 29.0839 9.6295 42.9042 84.0497 142.695 123.331 3.93633 1.40382 60.7969 57.9955 49.8695 17.4077 37.2576 0.860358 8.51408 
20.9012 158.409 235.819 34.649 0.837877 273.689 0.471727 362.977 833.212 592.566 0 59.3405 114.211 113.226 398.791 0.535923 3.1579 5.89423 41.1935 40.5968 88.5398 73.8448 0.0988312 9.1914 82.1132 0.39845 10.9233 3.12284 
42.8755 5.23613 46.2542 0.0558215 124.823 21.9721 2.27172 1025.21 311.579 244.542 396.606 0 100.519 101.462 10.5881 452.528 86.8163 150.513 0.476184 89.6473 59.4607 65.7252 121.364 0.582552 129.884 19.0835 0.311595 88.6416 
58.9016 12.9234 41.201 48.4347 31.7048 169.906 127.294 70.9422 178.834 99.4938 0.774594 154.836 0 134.245 36.6659 50.6913 1.16665 65.8185 9.70916 7.64043 16.8951 86.9802 37.8507 17.086 53.745 29.8235 39.1783 44.9818 
53.7239 29.1103 6.46772 3.7886 43.604 17.9747 90.7152 118.246 64.9195 67.6106 1.06335 99.6434 0.0025316 0 41.9269 10.8851 10.5022 42.7625 26.3066 0.806124 0.0292736 3.31416 6.40896 1.27785 11.9396 13.0297 5.61273 11.1678 
65.5237 69.8742 11.5306 28.1293 44.9033 5.46328 142.256 170.712 13.4093 111.782 355.64 219.117 8.31172 12.2759 0 17.0208 29.5889 6.1753 26.7101 0.0491685 9.74253 10.851 12.9899 23.5091 31.1853 14.5042 18.7516 20.0962 
33.6721 15.0329 24.8467 19.0305 74.9872 0.925076 0.388522 239.159 136.205 3.47925 0.840233 481.52 82.6786 0.1974 54.5459 0 2.33075 31.875 18.1774 6.38954 5.47386 2.84637 1.27124 27.167 3.35075 30.5914 2.84649 22.5733 
162.367 210.723 13.2207 76.6203 1.05916 76.5672 21.0027 15.8131 77.5231 84.1762 29.5681 0.0876982 36.6261 19.3803 0.0170157 14.8311 0 98.2469 466.929 11.236 0.251697 14.177 1.71598 17.5878 95.7967 22.2692 0.00534788 14.5813 
152.051 39.5323 2.49537 3.65966 21.6741 63.0327 65.16 86.0102 38.4287 144.779 152.285 151.549 95.8701 48.9789 56.0287 0.197874 274.512 0 24.8285 21.3356 106.483 0.840516 44.054 16.8375 47.3122 0.429837 42.4908 49.8234 
116.227 13.3946 57.5715 62.6301 173.938 63.7973 78.6095 53.6973 12.3269 91.8825 79.5608 62.6768 34.9927 2.081 28.5764 0.151122 34.7844 9.47924 0 6.52115 14.4429 24.7846 12.5848 13.2439 23.0862 27.4072 1.37879 4.26816 
7.73829 135.067 15.3989 2.75084 38.4675 2.41677 66.3498 99.339 0.91768 13.6128 69.7886 92.7217 42.9981 1.0267 11.7447 3.76839 22.3032 28.6798 24.4017 0 312.029 3.75131 3.89781 1.77936 8.85427 1.97433 8.9458 11.075 
226.279 9.83086 95.0879 175.444 122.616 77.1686 143.609 18.0489 184.022 20.5456 15.2029 112.66 30.7387 42.7248 0.55568 28.5641 12.8478 116.064 11.7284 150.049 0 24.4176 16.9831 46.4952 9.6558 0.815906 32.0175 1.83895 
40.2011 51.7358 11.415 13.3548 50.8178 2.29437 51.6544 65.1426 4.07702 0.765194 39.0992 76.1202 67.3241 2.30691 7.24506 7.24709 19.2687 9.03706 24.1611 1.04416 31.5856 0 12.2576 2.02186 6.73901 8.34811 0.14186 0.309621 
11.2494 8.13653 1.02098 2.97729 1.31832 15.3426 60.1218 89.0682 92.8154 31.5709 93.0847 107.519 47.1655 7.30234 25.2582 3.03345 11.237 40.496 19.4193 3.99877 14.5718 12.343 0 12.3587 23.2415 4.44975 7.0363 3.26661 
2.65578 59.4776 14.806 4.02387 55.4143 6.62907 4.39729 99.4271 19.7574 42.0454 124.649 23.4647 34.2628 4.8244 8.47804 4.15719 16.3171 25.4248 18.7123 0.590796 32.0409 14.0868 11.7259 0 13.1442 12.6023 13.6564 9.55323 
120.757 150.239 3.45012 117.602 0.102332 98.5613 91.4625 6.241 100.674 14.3479 125.786 805.355 16.4836 13.6583 30.5766 57.2182 86.1908 50.8559 1.40927 6.56169 0.633468 51.8546 18.7722 60.3686 0 122.407 87.0127 4.35184 
79.0547 74.5032 25.3276 42.4579 70.7104 25.8413 94.776 30.9658 31.2874 1.42258 0.0129636 343.868 51.5021 1.29046 22.1903 27.5113 26.209 0.257428 0.696714 6.65144 18.4493 3.58519 9.95195 15.1271 24.7414 0 37.9979 19.5021 
6.81949 50.6501 19.3911 6.42176 31.7536 20.1028 53.2656 14.3628 79.6847 41.2781 3.11902 107.483 38.5613 9.51632 15.166 3.9181 22.0074 42.5351 3.19841 0.182665 37.9233 0.105154 2.53833 10.7973 44.8577 30.6852 0 7.88937 
42.2076 0.00443234 5.98413 8.78741 0.158101 15.1442 44.6237 4.85265 13.421 11.4288 76.9047 158.766 0.681297 7.86736 8.22124 22.5011 23.8427 47.9143 13.8071 7.48827 38.2789 7.52519 0.151487 2.66247 27.2652 63.6524 69.6311 0 
