0 549.124 0.230792 94.669 249.341 94.217 55.2977 86.7382 278.107 11.8667 179.212 165.312 43.6026 52.8695 41.2108 2.97537 32.5378 5.5171 32.7299 267.065 12.8686 18.3457 3.61473 57.8539 54.1954 2.63621 50.4718 2.96911 
585.053 0 436.442 85.4566 2.24272 256.067 166.731 292.632 48.8866 0.388659 266.492 2.43257 8.24832 42.8837 23.1183 74.6777 40.1069 306.381 135.658 3.13723 33.0904 46.2804 4.76163 18.869 52.4755 83.0967 45.8391 41.4155 
130.657 38.5799 0 148.709 34.7989 58.2515 15.1708 129.295 471.418 113.37 12.2016 68.7749 73.1002 0.38012 30.6016 1.76191 9.38227 127.019 40.6237 1.01374 89.8984 0.0388285 8.20608 3.00787 23.9654 4.23758 19.3846 0.797458 
138.227 313.504 140.633 0 69.981 76.928 170.232 239.735 34.0613 10.5457 62.4949 106.388 11.7138 15.7167 26.5744 0.103393 85.8856 85.3201 3.87278 4.48373 221.637 0.0751278 6.00808 4.95984 70.1237 44.4376 10.545 28.0858 
223.125 204.676 97.1788 84.8146 0 11.2188 434.952 119.594 75.2213 332.161 132.14 37.2901 1.43939 3.89317 81.3544 1.29042 71.5255 169.459 150.857 15.8945 131.998 24.6176 18.7076 3.83089 0.655322 32.8751 13.7065 3.33718 
46.1946 140.319 14.799 37.4939 856.038 0 470.877 149.085 33.2447 520.11 200.654 96.3312 211.975 16.0242 34.406 23.5091 31.5232 97.4496 89.8488 9.09669 64.4753 4.42975 1.12092 17.6607 57.3815 11.0201 14.233 2.42371 
158.247 185.997 227.466 105.495 117.807 773.678 0 372.666 2.01434 507.972 5.07711 174.905 205.227 13.6112 137.378 5.21802 108.965 77.605 31.9068 52.6861 135.777 48.8168 10.2497 43.4222 2.23951 37.1903 32.6701 60.4892 
180.798 43.7227 197.843 143.334 109.655 27.4046 327.58 0 643.304 203.518 0.00328149 1020.97 77.3093 33.2398 80.5186 3.59343 11.0195 127.375 6.95189e-06 43.4209 84.4382 40.8763 101.242 54.7452 127.354 55.6059 63.2292 111.021 
31.2495 420.852 386.072 362.041 316.784 119.281 579.294 1.25289 0 377.835 305.647 121.523 203.007 73.5359 254.917 19.6238 81.4489 1.36565 28.6048 106.407 185.443 3.76016 75.6689 80.7053 139.244 105.994 0.250199 18.835 
155.245 1.53622 112.305 78.2801 18.2693 419.322 0.546576 41.1981 321.198 0 28.4122 45.0343 296.095 33.29 5.29261 47.7334 83.7378 140.591 122.689 3.06433 0.808341 60.445 58.8493 48.1666 15.2049 34.0975 1.18899 7.33972 
26.4434 173.216 240.089 25.5026 3.27862 271.683 8.80399 370.442 884.145 604.775 0 30.6295 129.619 130.26 408.194 0.271272 2.33067 3.83418 45.4669 43.2921 83.6101 72.7161 0.811029 12.613 74.9461 1.90092 12.6118 4.63279 
52.3699 8.92897 36.4122 2.36147 131.064 27.9258 0.236629 958.271 284.154 246.482 350.381 0 106.321 91.0919 22.7912 390.338 87.2132 149.427 0.173915 91.3067 65.5936 64.227 123.638 2.91647 162.436 2.59481 0.0140999 99.153 
55.4423 9.74034 38.4576 50.6999 25.3657 180.245 114.3 65.7033 185.241 69.3372 3.40136 152.567 0 122.762 43.8527 54.6373 1.62063 68.772 11.5184 8.46654 15.4665 88.5003 32.829 19.6602 53.0758 28.1739 39.0704 44.9921 
53.8659 26.7842 5.81585 4.41711 41.3403 18.6651 88.3884 120.954 57.2353 64.0188 4.85236 109.788 1.32819 0 51.8414 9.0091 10.069 41.6624 26.5648 0.727053 0.000156959 2.89268 5.11408 1.82074 12.5372 13.026 5.89176 11.3418 
66.7998 73.3204 9.90218 29.6577 48.6951 4.02083 142.474 163.713 10.3639 118.371 387.754 238.274 12.5907 22.6867 0 32.9583 29.4006 7.36294 27.6966 0.0180073 10.9443 10.2512 10.9905 24.9117 31.3637 12.7712 18.9965 20.6693 
30.5308 17.5427 24.8604 16.6696 74.8927 0.548639 1.18999 250.425 141.018 1.87198 0.112943 437.538 83.6047 0.751162 70.8685 0 2.02702 33.5634 18.9144 6.65471 6.62965 3.17929 1.81146 28.5588 4.57581 29.1133 3.30223 22.7302 
113.955 160.521 15.0716 31.4831 2.64758 31.2918 18.0981 17.8358 32.9456 83.9929 27.2968 0.269471 38.1756 19.6595 0.000101444 14.2848 0 74.4689 581.144 12.1112 0.095958 14.5026 1.53268 17.308 50.9595 22.6951 0.0206852 14.988 
138.274 66.6805 5.82784 1.60699 14.6404 57.0636 53.7501 79.0251 30.9583 143.254 148.21 150.927 93.9828 49.7055 54.4314 0.0527826 261.65 0 30.3284 18.4983 103.721 0.637641 43.7504 15.8283 46.1164 0.741425 42.8426 49.4436 
115.409 8.82466 56.1811 62.3871 145.503 58.9072 86.4119 50.032 16.0847 96.7303 83.9244 65.3147 32.3093 2.45013 27.6141 0.0638623 36.5258 13.2258 0 5.72774 15.9011 24.617 12.1066 12.761 23.6512 27.8264 1.56707 4.64224 
17.2266 138.397 14.002 4.27847 34.5892 2.98593 62.6565 95.6081 1.82807 15.1912 67.608 91.2653 42.8373 1.1166 11.7006 4.04577 21.4191 25.5494 23.3903 0 278.72 3.85488 3.93378 1.91321 9.19223 2.22964 8.78306 10.9728 
233.655 6.46921 101.155 169.801 124.762 77.0216 142.786 12.9752 185.699 18.2752 18.3513 106.61 32.4683 43.1696 0.903021 30.5235 11.6298 114.098 10.4387 203.953 0 23.9602 17.8245 46.0626 10.8907 1.2928 32.7795 1.42414 
40.0766 51.7341 11.5692 13.6285 51.6661 1.92568 50.3066 64.5284 4.92886 1.29496 41.3051 75.7182 63.2567 2.69968 7.85157 7.61913 19.0621 8.40917 23.9342 0.967348 31.7773 0 11.468 1.59947 7.55229 8.55073 0.0925673 0.246536 
12.2615 7.09494 1.24572 2.56665 0.904075 15.0613 58.2124 86.3045 94.9905 33.8419 86.717 111.737 42.0122 6.08579 24.9824 3.76609 10.9119 41.0573 19.7639 4.0251 15.393 11.561 0 15.4734 23.0886 4.08278 6.63021 3.52228 
3.41381 58.7497 14.554 3.33855 55.7641 7.17321 5.59047 105.679 22.7943 44.0138 126.645 15.5701 37.1922 5.58881 10.3944 2.13464 16.6239 26.4891 18.3058 0.507992 30.9281 13.9944 8.41985 0 9.75502 11.919 14.2946 9.10914 
77.8837 103.628 2.77218 73.0367 0.297587 54.0246 91.804 2.56231 59.8129 12.3037 130.498 865.704 15.0389 14.1588 30.9899 39.354 40.3656 49.8014 1.14748 6.20788 0.342533 17.6977 19.8527 66.9016 0 110.327 3.02365 79.0195 
79.4121 72.5804 25.935 43.3454 70.5342 26.3457 96.4047 45.0537 37.3594 2.4043 0.404242 376.475 52.284 0.972432 20.578 25.4768 26.4218 0.508587 0.5035 6.31563 16.7704 3.81851 10.0915 14.6461 27.2328 0 37.7913 13.6855 
7.61986 51.2434 19.374 7.05611 32.668 20.0246 52.2891 12.1029 79.6954 40.4813 2.26575 104.304 38.7592 9.7157 14.6824 4.43042 22.0949 42.1608 2.93629 0.133965 37.3081 0.0633957 2.86319 11.5034 46.1687 32.2897 0 15.2251 
40.6363 0.0781844 5.38868 9.80867 0.328916 14.5372 42.4487 7.42514 15.7967 10.0998 80.6237 151.954 0.960464 8.21222 9.04809 22.225 23.9637 47.3612 13.3041 7.24494 37.2387 7.70186 0.092817 2.31239 27.8081 62.8298 78.6217 0 
