0 757.331 0.792099 405.915 238.683 371.829 41.3831 106.468 555.225 8.37785 183.504 175.502 47.0147 52.4057 38.8378 4.30282 303.619 10.5837 28.6605 277.881 20.9208 17.5653 3.01694 57.8124 322.024 3.80608 50.7281 2.28739 
808.583 0 469.514 385.452 19.3495 514.687 230.673 294.158 307.439 2.70755 263.568 5.12963 11.2138 45.1996 19.8544 72.5257 313.908 956.697 127.714 6.27658 27.0372 46.9721 3.9488 20.4957 324.85 83.4263 46.6928 39.7571 
110.977 4.49813 0 68.5162 24.3602 54.4862 5.41771 154.968 450.196 111.731 5.08926 80.4132 72.6376 0.607617 29.4704 2.40458 7.84544 117.678 43.0578 0.553995 96.2999 0.0146014 8.57665 3.42635 23.1546 5.13781 19.3547 0.563146 
454.959 601.677 6.75067 0 79.8549 343.069 180.699 328.907 313.81 13.8481 74.7041 127.26 13.5482 14.936 28.1656 0.00192037 356.754 92.9861 2.83402 6.34317 807.78 0.0363629 6.55761 4.21001 339.02 44.6578 9.83232 27.2455 
236.095 141.648 82.8055 74.9073 0 63.1662 426.453 109.011 98.2994 327.249 146.624 31.8653 0.305759 5.01899 78.583 2.01905 78.9871 157.254 122.492 13.0333 131.629 26.0162 17.3121 3.13381 0.341525 30.7599 14.5773 2.73995 
321.371 432.263 10.7037 305.404 347.853 0 808.914 162.459 305.122 299.602 178.26 104.237 520.663 16.8303 36.067 22.6608 301.999 102.179 90.4344 9.98196 66.3033 4.93956 1.4034 17.8002 326.937 12.0523 13.8131 2.04737 
140.244 251.011 239.69 90.2471 159.929 890.701 0 390.741 127.379 504.551 0.00103092 157.907 210.938 16.8078 140.075 3.32963 109.545 65.5249 38.4062 56.6002 133.158 47.3582 12.0298 41.11 3.41868 41.2998 31.2131 58.7554 
159.635 57.6049 173.732 233.077 99.09 18.2141 354.357 0 661.606 196.056 2.09751 1019.23 82.5488 28.0642 92.3489 11.5067 12.7696 120.852 0.11845 48.2677 75.0217 42.4424 101.846 61.7726 139.044 40.1792 59.9712 115.617 
302.113 673.303 435.994 628.36 298.463 340.41 933.422 19.1647 0 363.953 262.521 151.052 204.742 64.8928 214.416 14.3443 348.097 3.44831 23.7211 106.619 186.592 4.58199 79.0779 83.5613 405.18 112.024 0.540463 21.5352 
153.554 0.0465707 113.715 73.5574 7.05503 465.167 5.65152 32.3226 345.712 0 76.2201 34.365 314.625 37.5902 2.20899 52.5421 83.2602 138.06 121.526 2.29595 0.375256 59.9551 59.5421 46.3714 13.1128 30.9656 1.56911 6.24055 
32.5248 187.513 241.225 17.5842 7.29237 265.435 27.2024 374.121 869.892 591.923 0 10.9603 144.99 146.68 401.43 3.13352 1.62618 2.20763 49.8341 45.9873 78.6404 71.4831 2.20355 16.509 67.7603 4.50125 14.3995 6.42428 
62.5135 13.5516 27.4925 7.99293 137.064 34.4275 0.287433 822.81 254.754 246.714 300.552 0 111.969 80.5989 39.0785 309.979 87.5118 148.035 0.0206462 92.7575 71.8321 62.6521 125.353 6.99145 142.816 1.388 0.102992 109.508 
51.9796 6.97958 35.7044 52.9025 19.6277 177.245 101.239 60.507 190.852 43.3997 7.84925 149.876 0 109.632 51.2962 58.4663 2.14687 71.6735 13.4564 9.32431 14.0859 89.583 27.9706 22.342 52.3239 26.5222 38.9325 44.9536 
53.9217 24.4978 5.18063 5.08189 39.0499 19.3005 85.7329 123.135 49.7216 60.1916 11.2902 119.512 5.49697 0 58.829 7.15809 9.63724 40.5248 26.7924 0.651361 0.0213264 2.48998 3.79858 2.43663 13.1065 12.9733 6.17023 11.4956 
67.9385 76.602 8.34938 31.11 52.4796 2.77923 141.676 155.549 9.76481 123.912 405.321 253.805 17.6337 34.2656 0 50.7822 29.1847 8.64159 28.6564 0.00216801 12.199 9.64411 9.03228 26.0884 31.3978 11.0726 19.2128 21.1943 
27.4515 20.193 24.7654 14.3688 74.6326 0.268576 2.42147 257.433 145.043 0.752216 2.51688 369.368 84.1432 1.64079 83.0611 0 1.74281 35.2437 19.6427 6.9137 7.88203 3.52373 2.42878 29.245 6.02594 27.3229 3.78421 22.796 
380.821 425.265 16.9971 301.907 4.93419 301.6 15.3699 19.9526 304.009 83.6429 25.081 0.550227 39.7114 19.9254 0.0121599 13.7365 0 52.949 477.864 13.0008 0.0138474 14.824 1.35887 17.0196 321.545 23.1061 0.046004 15.3915 
124.213 74.6853 10.4845 0.382713 8.90988 51.1403 43.1353 72.1099 24.1751 141.284 143.804 149.992 91.9593 50.3744 52.7674 0.000209776 244.943 0 36.2297 15.8123 100.796 0.462376 43.4085 14.8354 44.8823 1.13616 43.1683 49.0219 
114.233 5.16499 54.6094 61.9749 117.25 53.8343 94.1396 46.3995 20.2777 101.279 88.1932 67.9077 29.6691 2.84626 26.6256 0.0135771 37.9769 17.5266 0 4.97675 17.4091 24.4311 11.6275 12.2769 24.2014 28.2196 1.7665 5.02866 
31.3094 140.672 12.6034 6.10372 30.8019 3.60609 58.8565 91.6135 3.04206 16.8232 65.3329 89.6006 42.6253 1.2091 11.6413 4.32586 20.5221 22.5283 22.3616 0 233.534 3.95773 3.96667 2.04978 9.52419 2.4968 8.61576 10.8605 
239.12 3.78808 106.738 140.64 126.646 76.7079 141.589 8.69077 186.73 16.1094 21.7512 100.432 34.2111 43.5682 1.33268 32.4868 10.4604 111.928 9.21224 253.873 0 23.4954 18.6698 45.5775 12.1829 1.87619 33.5256 1.06099 
39.922 51.6805 11.7137 13.8936 52.4581 1.58618 48.9028 63.8437 5.85482 1.95964 43.505 75.2056 59.0068 3.11265 8.46259 7.98443 18.8464 7.79838 23.6902 0.892965 31.9538 0 10.6186 1.2209 8.39407 8.74683 0.0536984 0.190481 
13.3013 6.11516 1.49015 2.18213 0.566717 14.7514 56.2008 83.3288 96.901 36.0931 80.1446 115.506 36.9046 4.7763 24.3969 4.54184 10.5852 41.5853 20.0945 4.04821 16.2225 10.7179 0 18.0832 22.7812 3.72157 6.22455 3.78238 
4.26028 57.9333 14.2725 2.70878 56.0411 7.72442 6.9134 111.548 25.9812 45.9113 128.075 9.17371 40.1074 6.34481 12.3872 0.747449 16.9231 27.5492 17.889 0.430935 29.7988 13.8465 5.31689 0 6.81802 11.2051 14.9073 8.65735 
350.4 372.313 2.16114 343.746 0.594011 324.881 91.8897 0.48499 334.647 10.3861 134.654 916.005 13.6369 14.6202 31.2624 24.6374 309.979 48.7 0.911629 5.85591 0.140016 8.66984 20.857 70.8082 0 58.3576 116.976 123.373 
79.5473 70.5025 26.4502 44.0129 70.231 26.7796 97.7004 61.0713 43.7686 3.632 1.91355 395.398 52.9774 0.69623 18.9006 23.2197 26.6136 0.84354 0.341164 5.97893 15.1434 4.0551 10.2059 14.1112 29.6546 0 37.3488 8.65735 
8.45654 51.7916 19.3336 7.70974 33.5701 19.9263 51.2615 10.012 79.5953 39.6467 1.54546 100.844 38.9277 9.9052 14.1836 4.96418 22.1727 41.7614 2.68389 0.0927218 36.67 0.0321094 3.2021 12.1992 47.4281 33.7274 0 24.3838 
39.0344 0.242523 4.81481 10.8617 0.561146 13.9209 40.2531 10.5054 18.3273 8.83639 84.2005 144.233 1.28625 8.5487 9.88914 21.862 24.0709 46.7699 12.8013 6.99873 36.1735 7.87515 0.0483505 1.98258 28.4294 60.6597 85.7391 0 
