0 814.874 5.59474 596.723 224.974 520.27 28.2279 128.856 701.269 5.25114 187.414 185.815 50.7454 51.8112 36.2524 5.99812 445.344 17.8071 24.4632 262.816 31.5909 16.7245 2.42648 57.6544 460.015 5.30085 50.9486 1.64574 
877.751 0 467.108 562.505 55.6586 639.01 302.124 293.212 442.05 7.53218 258.502 9.13867 14.8914 47.6601 16.5312 70.0025 458.932 490.418 118.561 10.8202 21.0588 47.6736 3.14829 22.2954 467.752 83.5467 47.5762 37.9372 
89.4617 5.72872 0 11.0363 14.8964 49.8266 0.363808 182.107 403.144 109.117 0.808624 93.2626 71.9085 0.911252 28.0967 3.19958 6.31235 106.853 45.5953 0.209558 102.756 0.00145973 8.96802 3.90143 22.2166 6.18661 19.2962 0.354254 
647.415 752.965 79.6015 0 90.5812 479.011 190.025 375.804 471.889 17.8483 88.4184 149.933 15.6496 14.0715 29.8164 0.193095 497.815 101.026 1.88426 8.65732 161.485 0.0100485 7.1659 3.45504 477.942 44.6328 9.07315 26.2783 
248.024 82.4746 67.5466 64.2951 0 135.756 407.12 97.574 125.336 316.016 162.085 26.3733 0.022248 6.38587 75.3583 2.98547 87.0478 143.475 92.9297 10.2081 130.9 27.538 15.8351 2.45346 0.115626 28.4873 15.5378 2.15635 
467.903 595.801 6.89536 443.909 850.245 0 1524.39 175.735 472.252 587.987 152.555 112.503 386.27 17.6563 37.6629 21.6676 442.942 106.882 90.3865 10.9545 68.1477 5.51283 1.74151 17.9129 466.655 13.1821 13.3499 1.67229 
120.621 322.181 247.631 74.0299 208.318 822.664 0 403.932 439.889 479.423 6.2831 139.243 215.499 20.5643 141.887 1.74908 109.879 53.1735 45.8931 60.7671 129.955 45.725 14.0849 38.5804 4.9635 45.8191 29.6323 56.7875 
136.604 74.2188 146.262 269.564 87.7743 10.2194 378.218 0 657.389 186.891 8.68162 929.677 88.1765 22.821 105.164 24.7909 14.7884 113.583 0.509403 53.6019 65.1069 44.1163 102.155 69.4737 150.892 25.8025 56.3936 120.14 
445.386 788.86 467.393 756.95 275.516 448.965 1218.9 61.2461 0 342.382 713.256 184.389 205.514 55.8759 256.378 9.47639 484.768 6.74992 18.8613 106.494 187.1 5.55685 82.5801 86.4475 540.702 118.099 0.978342 24.6052 
151.023 0.799348 114.371 68.2279 0.772745 477.746 32.4965 23.742 366.395 0 149.001 24.2061 327.346 42.3013 0.354837 57.6667 82.5581 134.855 119.689 1.58404 0.0909912 59.2714 60.1066 44.3331 10.9846 27.6296 2.038 5.13911 
39.6681 202.21 238.887 10.5392 13.3579 254.109 57.5686 373.748 854.396 551.004 0 0.748703 161.338 163.281 376.513 9.66992 1.00375 0.944703 54.6464 48.8946 73.2374 70.0342 4.4631 21.2237 60.0363 8.51594 16.4416 8.67118 
74.1109 19.5603 19.0353 17.6742 143.251 42.009 2.69469 623.218 221.489 245.034 244.791 0 117.876 69.2854 60.6532 214.338 87.7238 146.186 0.0232656 94.0857 78.6688 60.8648 126.561 13.2789 132.869 17.4051 0.634606 120.379 
48.2409 4.4862 32.7287 55.2068 14.1523 156.452 87.2301 54.956 195.973 21.3729 14.6464 146.503 0 94.113 59.5097 62.4411 2.79703 74.7465 15.6922 10.2869 12.6477 90.25 22.9636 25.3472 51.419 24.7374 38.7496 44.8571 
53.8846 22.0775 4.51605 5.83909 36.5498 19.9217 82.5103 124.879 41.8765 55.8276 21.0577 129.393 13.0405 0 61.9711 5.26181 9.17203 39.2536 27.0038 0.573362 0.10095 2.07836 2.46364 3.17079 13.687 12.8613 6.47048 11.6388 
69.0114 79.9466 6.77156 32.5848 56.5432 1.67766 139.676 145.545 11.8899 128.601 406.353 265.898 23.8641 46.2421 0 68.9413 28.9202 10.1245 29.6629 0.00234331 13.6138 8.9818 7.01461 27.08 31.2718 9.29629 19.414 21.7053 
24.2081 23.2051 24.5409 11.9771 74.1654 0.0762771 4.22859 259.939 148.455 0.103697 8.57623 278.357 84.2835 2.94441 89.3874 0 1.45756 37.0491 20.4198 7.1863 9.3421 3.90826 3.17204 29.153 7.8264 25.0822 4.33359 22.7641 
517.53 559.337 19.154 442.769 8.17418 442.363 12.6279 22.3447 445.65 83.0772 22.75 0.965353 41.3556 20.198 0.057887 13.1412 0 32.9964 352.946 13.9778 0.008188 15.1672 1.18155 16.698 462.427 23.5337 0.0846745 15.8244 
108.892 59.397 16.9284 0.00747288 4.25577 44.8388 32.6871 64.7456 17.6701 138.663 138.682 148.63 89.6213 51.032 50.8959 0.0478308 223.14 0 43.0147 13.0916 97.4561 0.30394 42.9958 13.7804 43.5056 1.65634 43.4913 48.5186 
112.565 2.27722 52.7153 61.3401 88.0204 48.2113 102.339 42.5188 25.2767 105.823 92.6864 70.6575 26.8704 3.30473 25.5286 0.000966532 38.8338 22.7668 0 4.21398 19.0948 24.2096 11.1084 11.752 24.7793 28.6153 1.99491 5.46057 
50.9582 141.905 11.1028 8.38498 26.8328 4.33145 54.6505 87.0214 4.6916 18.644 62.7716 87.5714 42.3383 1.31202 11.5601 4.63127 19.539 19.3994 21.2317 0 176.733 4.06822 3.99878 2.20046 9.87603 2.79862 8.42968 10.7277 
242.778 1.67681 112.154 97.4832 128.383 76.1814 139.876 4.98297 187.11 13.889 25.7004 93.6373 36.1101 43.9469 1.88958 34.6091 9.25156 109.357 7.95829 297.368 0 22.9838 19.5883 44.9938 13.643 2.626 34.3144 0.726713 
39.721 51.5639 11.8589 14.1706 53.25 1.25275 47.3237 63.024 6.93892 2.82832 45.8737 74.527 54.2468 3.57933 9.12614 8.37084 18.6028 7.15708 23.4069 0.815216 32.1274 0 9.6465 0.863755 9.33189 8.9514 0.0234265 0.137774 
14.4562 5.12675 1.77604 1.79671 0.289108 14.3851 53.9172 79.8866 98.6589 38.4948 72.8722 119.043 31.4993 3.36586 23.4303 5.41514 10.23 42.1185 20.4361 4.06956 17.1288 9.75062 0 20.0388 22.279 3.33889 5.78728 4.0683 
5.27368 56.9522 13.9358 2.09326 56.2584 8.3271 8.4864 117.404 29.5826 47.8755 128.97 4.07649 43.2259 7.1354 14.5842 0.0425157 17.2381 28.6901 17.4265 0.35413 28.5599 13.6248 2.5444 0 4.25808 10.4043 15.5381 8.16135 
493.325 511.001 1.5788 484.589 1.02828 466.018 91.6936 0.0820598 480.398 8.46346 138.483 696.88 12.1716 15.0722 31.3958 22.623 449.826 47.4568 0.685909 5.47779 0.0210877 36.9214 21.8461 70.6042 0 36.8093 95.6263 35.1806 
79.4419 68.0887 26.8999 44.4798 69.7607 27.1673 98.7174 80.1023 51.0186 5.22969 4.78622 398.781 53.6259 0.446583 17.0349 20.5877 26.7971 1.29987 0.200525 5.61443 13.4463 4.31453 10.3007 13.4762 32.1622 0 36.6098 4.35262 
9.40194 52.3332 19.2637 8.43749 34.5317 19.7973 50.0933 7.94811 79.362 38.7023 0.918005 96.8047 39.0768 10.0988 13.6283 5.56394 22.246 41.3008 2.42173 0.0565234 35.9541 0.0100934 3.58372 12.9369 48.71 35.0758 0 35.7412 
37.2699 0.522235 4.21998 12.0326 0.881428 13.2448 37.8605 14.3853 21.23 7.54671 87.8919 134.97 1.69096 8.90228 10.8111 21.3739 24.1717 46.0875 12.2577 6.7293 34.9941 8.05876 0.0163526 1.6497 29.1833 56.8991 90.8573 0 
