0 670.293 9.57701 523.354 217.365 424.748 22.4858 140.294 603.83 3.95171 189.07 190.649 52.6187 51.4787 34.9582 6.94229 346.639 22.0596 22.4563 245.682 37.6219 16.3063 2.15403 57.5315 359.366 6.134 51.0364 1.3634 
736.671 0 450.896 482.339 79.959 530.273 337.102 291.729 342.378 10.8183 255.252 11.5546 16.9031 48.8677 14.9605 68.671 362 318.13 113.809 13.5129 18.3131 48.0052 2.78009 23.2078 369.547 83.5143 48.0013 37.0201 
78.8999 21.3818 0 1.00243 10.9641 47.3104 0.0691737 195.079 371.831 107.494 0.0473606 99.7086 71.4564 1.08467 27.3571 3.63315 5.60056 101.232 46.8191 0.0985563 105.767 9.77415e-06 9.15921 4.14668 21.7265 6.73691 19.2568 0.267606 
573.138 655.325 153.79 0 95.9003 377.272 193.827 506.39 383.824 19.9998 95.3879 161.083 16.7415 13.6334 30.6086 0.405421 398.609 104.91 1.47973 9.91914 384.198 0.0030259 7.47432 3.10142 377.671 44.5173 8.69936 25.7741 
253.08 57.8175 60.1656 59.0913 0 165.727 393.784 91.9039 139.43 308.216 169.659 23.7891 0.250181 7.12466 73.6665 3.53628 91.0424 136.43 78.9819 8.90963 130.408 28.3002 15.1116 2.14311 0.0474 27.3614 16.0243 1.8898 
371.72 507.416 5.27009 343.688 924.085 0 1464.58 181.807 395.011 121.543 139.423 116.487 471.652 18.0487 38.3747 21.1446 343.796 109.053 90.0963 11.4441 69.0141 5.80695 1.92258 17.9542 366.811 13.7493 13.1153 1.49788 
110.891 356.458 249.411 66.1695 232.849 716.122 0 407.885 632.87 459.124 13.9426 129.911 217.123 22.546 142.35 1.1451 109.931 47.3402 49.7844 62.8117 128.217 44.8894 15.1584 37.3098 5.83713 48.0934 28.8423 55.7713 
125.205 83.048 132.337 272.487 82.2036 7.04389 387.875 0 645.939 181.923 13.6117 855.158 90.9615 20.3583 111.496 33.1098 15.8435 109.886 0.806798 56.288 60.292 44.943 102.175 73.3297 156.426 19.6645 54.5917 122.21 
348.138 674.998 473.025 648.733 263.018 343 1290.71 90.219 0 329.302 934.353 201.3 205.464 51.547 285.637 7.39617 383.443 8.79862 16.6119 106.293 187.065 6.07639 84.2493 87.8038 438.664 120.936 1.245 26.1917 
149.492 2.09571 114.356 65.498 0.000188341 467.729 53.5648 19.8905 374.186 0 191.487 19.7235 330.628 44.6594 0.0221168 60.1756 82.1359 133.078 118.551 1.27613 0.021332 58.871 60.3151 43.2813 9.97854 25.9919 2.29434 4.6246 
43.4369 209.181 236.344 7.65573 17.0342 246.791 76.3744 371.861 852.033 521.141 0 0.13176 169.307 170.964 357.846 14.2179 0.748013 0.510389 57.0758 50.3395 70.5367 69.2671 5.87775 23.7585 56.2238 10.9717 17.5014 9.90972 
80.1039 22.9358 15.3257 23.8251 146.21 45.9808 4.80448 513.601 204.59 243.447 217 0 120.735 63.7134 72.7036 167.509 87.7861 145.132 0.090371 94.6525 82.1037 59.9414 126.907 17.1118 154.342 31.7802 1.06909 125.623 
46.382 3.43943 31.2494 56.3233 11.7222 141.206 80.3515 52.2208 198.141 13.081 18.7821 144.644 0 86.0517 63.6275 64.3477 3.15279 76.252 16.8598 10.7804 11.9521 90.3836 20.5829 26.8813 50.9323 23.8491 38.6452 44.7876 
53.828 20.8931 4.19453 6.23078 35.2963 20.2044 80.7736 125.504 38.1019 53.5772 26.9433 134.023 17.8976 0 61.6315 4.38177 8.94065 38.6039 27.0957 0.535977 0.162808 1.88324 1.86717 3.5584 13.9616 12.7842 6.61978 11.701 
69.4833 81.5289 6.02938 33.2797 58.5518 1.22667 138.244 140.148 14.0189 130.398 399.764 269.937 27.2429 51.4009 0 76.5266 28.7762 10.9022 30.152 0.00919303 14.3414 8.64996 6.06436 27.4577 31.1455 8.44111 19.5014 21.9374 
22.6296 24.7601 24.3818 10.8312 73.8602 0.0239933 5.31142 259.17 149.777 0.00238757 12.898 230.243 84.1802 3.7118 89.4607 0 1.32394 37.9441 20.8029 7.31915 10.1104 4.10439 3.56817 28.781 8.80686 23.8638 4.61807 22.7079 
416.15 456.519 20.2558 343.574 10.0813 343.129 11.345 23.5768 346.877 82.7224 21.6137 1.21587 42.1686 20.3281 0.0934607 12.8434 0 24.5667 510.995 14.4704 0.0378501 15.3366 1.09725 16.5337 363.183 23.7404 0.108379 16.0391 
101.275 51.5369 20.6571 0.192759 2.55631 41.7539 27.9201 61.1286 14.7675 137.169 135.995 147.815 88.3982 51.334 49.9354 0.11239 211.043 0 46.5383 11.8109 95.7238 0.237057 42.7733 13.2617 42.8028 1.95205 43.641 48.2492 
111.581 1.26589 51.6983 60.9505 74.3175 45.3768 106.343 40.6051 27.9418 107.933 94.874 72.0064 25.4991 3.54503 24.9712 0.0110033 39.2411 25.5968 0 3.85332 19.9565 24.091 10.8491 11.4896 25.061 28.8011 2.11385 5.68147 
62.166 142.033 10.3637 9.63209 24.9103 4.71359 52.5229 84.6337 5.64339 19.5722 61.4569 86.4722 42.1726 1.36446 11.513 4.78435 19.0439 17.8978 20.6621 0 147.391 4.12305 4.01344 2.27676 10.0486 2.95404 8.33484 10.6571 
243.7 0.936926 114.591 79.4259 129.13 75.8462 138.861 3.50493 187.011 12.8306 27.7725 90.2133 37.0624 44.1153 2.20311 35.6656 8.67066 107.989 7.3615 313.294 0 22.7251 20.048 44.6799 14.3951 3.04593 34.7008 0.582911 
39.6074 51.4829 11.9271 14.3049 53.6196 1.09984 46.5131 62.5846 7.51161 3.31923 47.0497 74.1404 51.8232 3.81899 9.45742 8.55984 18.4772 6.84466 23.258 0.777481 32.2073 0 9.1455 0.706866 9.80876 9.05047 0.0129252 0.114576 
15.0437 4.66205 1.92682 1.61663 0.184855 14.1905 52.7384 78.0877 99.4124 39.6763 69.2028 120.586 28.871 2.70142 22.8257 5.85921 10.052 42.3697 20.6002 4.07878 17.5844 9.25137 0 20.6027 21.9643 3.15164 5.57006 4.21258 
5.81673 56.4251 13.7557 1.81277 56.3344 8.62977 9.32502 120.113 31.4345 48.8184 129.16 2.27868 44.762 7.51352 15.6814 0.015565 17.3918 29.2569 17.1913 0.31839 27.9354 13.4906 1.49001 0 3.25135 9.99567 15.8395 7.9115 
395.078 410.609 1.31992 385.256 1.28907 366.885 91.4831 0.604788 383.678 7.56618 140.121 527.069 11.4614 15.2785 31.399 28.2134 350.072 46.8167 0.584808 5.29033 0.000940723 57.3629 22.2984 68.5497 0 53.4755 23.0672 7.52245 
79.2912 66.8225 27.0812 44.6115 69.4707 27.3281 99.0725 90.0926 54.7375 6.1292 6.69196 393.652 53.9093 0.34178 16.0916 19.2217 26.8793 1.56406 0.144059 5.43267 12.6253 4.44527 10.3366 13.1389 33.3587 0 36.1422 2.71453 
9.88918 52.5833 19.2186 8.80828 35.006 19.7241 49.4888 6.99804 79.1969 38.215 0.664642 94.6807 39.1381 10.1909 13.3453 5.87129 22.2783 41.0599 2.29515 0.041753 35.5869 0.00373145 3.77967 13.2981 49.3084 35.6623 0 41.7468 
36.3782 0.701478 3.93384 12.6278 1.06812 12.9042 36.662 16.5256 22.7394 6.93427 89.6587 130.035 1.9132 9.07435 11.2745 21.0943 24.2159 45.7303 11.9865 6.59372 34.3954 8.14887 0.00669537 1.49328 29.5877 54.5249 92.293 0 
