0 289.369 20.0069 280.005 201.508 139.649 13.1513 162.454 313.726 1.96207 191.676 199.275 56.226 50.7749 32.4739 8.93083 55.8097 31.3554 18.7858 203.954 50.3829 15.5071 1.67386 57.2136 64.6692 7.89058 51.163 0.893717 
357.735 0 394.751 227.416 136.106 218.085 399.987 287.014 54.5601 18.6981 247.713 16.9422 21.0783 51.1399 12.1242 65.9898 74.7892 848.457 104.417 19.4232 13.5198 48.606 2.13351 24.9821 79.5108 83.2789 48.7862 35.2462 
59.464 76.6148 0 21.227 5.02428 42.206 3.70308 218.299 301.262 103.814 1.19509 112.004 70.4265 1.45712 25.8465 4.52947 4.33959 90.1649 49.0757 0.00135073 111.099 0.00681972 9.51753 4.63136 20.7478 7.83807 19.162 0.134798 
324.883 359.449 187.829 0 105.941 80.3928 199.405 664.59 117.429 24.3935 108.849 181.784 18.9121 12.7831 32.062 1.02892 106.506 112.061 0.836623 12.5165 491.596 0.00102503 8.07393 2.46879 83.5359 44.1043 7.99288 24.7692 
260.976 21.7812 46.6694 49.3789 0 202.257 362.04 81.1577 167.175 289.47 183.802 19.1432 1.37831 8.64473 70.2788 4.71885 98.6063 122.709 54.3969 6.63895 129.226 29.7659 13.7512 1.60326 0.000310318 25.2212 16.9705 1.42507 
85.912 234.832 2.7208 50.1458 264.699 0 847.263 192.264 159.054 281.747 114.209 123.814 541.427 18.7609 39.5704 20.0944 52.0316 112.862 89.0448 12.3882 70.5704 6.38516 2.29231 18.0051 73.5472 14.8401 12.6592 1.18782 
92.5724 417.006 248.626 51.7565 279.223 429.373 0 410.372 994 407.673 36.6976 112.15 218.982 26.5288 142.402 0.339828 109.813 36.8623 57.493 66.651 124.632 43.2502 17.3023 34.8627 7.70041 52.473 27.3263 53.761 
103.793 100.819 105.848 300.169 71.7205 2.56109 401.789 0 607.407 171.723 26.0247 671.644 96.2443 15.9507 123.392 51.8519 17.9541 102.687 1.56806 61.4628 51.3551 46.5111 101.958 80.7008 166.21 10.0514 51.1128 125.808 
61.3581 351.731 464.21 334.599 237.448 56.533 1266.12 158.274 0 300.449 1158.5 233.724 204.553 43.6369 283.077 4.09273 87.4214 13.4595 12.6462 105.649 186.458 7.13403 87.2919 90.2396 141.026 125.98 1.84624 29.3294 
146.066 6.2822 113.684 60.1609 2.98795 416.739 106.25 13.3665 384.033 0 279.852 12.3055 330.972 49.1651 0.505327 64.8629 81.1931 129.352 115.965 0.775858 0.0234853 57.9937 60.5761 41.2044 8.15984 22.9146 2.82755 3.70554 
51.0158 221.759 228.969 3.37126 25.25 229.925 118.239 365.097 817.516 449.432 0 7.3928 184.091 184.311 312.304 25.194 0.361197 0.0477114 61.7751 53.094 65.3613 67.7156 9.11239 28.9346 49.0364 16.49 19.6073 12.4976 
91.9087 30.0818 9.24493 37.8921 151.623 53.9023 10.5181 307.329 172.136 239.029 165.211 0 126.032 53.2777 97.6613 87.3972 87.8237 142.867 0.342432 95.5564 88.7144 58.1136 127.085 25.6743 233.596 69.8521 2.21693 135.25 
42.836 1.81023 28.4322 58.397 7.65621 110.399 67.4906 47.0553 201.549 2.72829 28.0342 140.761 0 70.386 71.4766 67.8385 3.89338 79.0823 19.1924 11.7506 10.6602 90.264 16.2758 29.876 49.9344 22.1526 38.4203 44.614 
53.6482 18.6714 3.5992 7.00587 32.8866 20.6933 77.218 126.235 31.1802 49.154 39.9319 142.244 29.0302 0 57.4585 2.86186 8.49847 37.3304 27.2459 0.467211 0.322904 1.52997 0.913278 4.33085 14.4581 12.597 6.90489 11.803 
70.2674 84.3893 4.70023 34.5291 62.3533 0.55357 134.705 129.15 20.0439 132.778 374.476 273.748 34.1605 58.7835 0 86.6787 28.4775 12.4627 31.0638 0.0350138 15.7756 8.01273 4.37888 27.9524 30.7858 6.87303 19.6446 22.3381 
19.6892 27.8304 23.9902 8.74029 73.1408 0.00616614 7.71703 253.936 151.577 0.226879 23.4703 141.132 83.6579 5.36501 83.7877 0 1.08416 39.6469 21.5287 7.56756 11.6558 4.48769 4.36655 27.4805 10.8232 21.3775 5.18186 22.525 
119.884 157.296 22.4094 51.6986 14.262 51.1972 9.05156 26.0091 55.8751 81.9072 19.4881 1.77733 43.7127 20.5665 0.185598 12.2711 0 11.6266 585.32 15.4236 0.155703 15.6583 0.943387 16.2116 71.1005 24.124 0.162124 16.4482 
86.8552 58.9036 28.6888 1.24497 0.493625 35.9835 19.69 54.3243 9.87464 133.963 130.611 146 85.9501 51.8636 48.0466 0.312623 186.072 0 53.5178 9.50751 92.2853 0.131672 42.3153 12.2819 41.4267 2.58627 43.9064 47.6984 
109.414 0.147721 49.6213 60.0687 50.339 39.9341 113.81 36.9853 33.352 111.658 98.9555 74.546 22.9222 4.02706 23.885 0.0608933 41.0934 31.3985 0 3.20029 21.646 23.8486 10.3516 10.9859 25.5881 29.1351 2.3513 6.11519 
85.5853 141.361 8.97344 12.2047 21.3479 5.48206 48.4059 79.8933 7.70414 21.3857 58.8717 84.2072 41.8133 1.46701 11.4104 5.07879 18.0874 15.1402 19.5606 0 93.3893 4.22765 4.03898 2.42503 10.3735 3.2607 8.14924 10.5134 
243.753 0.114064 118.727 62.9462 130.333 75.0687 136.618 1.38403 186.28 10.8973 31.9278 83.6055 38.8965 44.3991 2.87057 37.6829 7.59932 105.211 6.27254 330.728 0 22.2225 20.9319 44.0356 15.8793 3.93584 35.4282 0.350493 
39.365 51.2848 12.0495 14.5551 54.2797 0.832391 44.918 61.6852 8.66848 4.36629 49.2906 73.3098 47.1131 4.2893 10.0913 8.91432 18.2288 6.25981 22.9584 0.707086 32.3479 0 8.1645 0.447525 10.7366 9.23469 0.00144039 0.0759162 
16.1905 3.82548 2.23068 1.29491 0.0495202 13.7959 50.4095 74.4971 100.62 41.9032 62.1367 123.112 24.0016 1.56702 21.4565 6.71672 9.70937 42.8232 20.9029 4.0938 18.464 8.27237 0 20.8343 21.2456 2.80046 5.15606 4.49195 
6.92662 55.3449 13.388 1.32657 56.4194 9.21275 11.0308 124.877 35.0779 50.5515 129.038 0.274909 47.6581 8.19741 17.7578 0.575843 17.6804 30.3385 16.7321 0.254754 26.727 13.1904 0.228063 0 1.87155 9.19909 16.3905 7.42901 
104.866 116.232 0.884646 92.8761 1.87138 74.9884 90.8693 2.95521 96.5932 5.96732 142.731 410.989 10.1413 15.6365 31.286 48.0252 57.027 45.5532 0.412671 4.93346 0.0359533 82.4722 23.0832 61.1259 0 106.433 50.0016 71.5804 
78.8189 64.2852 27.3463 44.6721 68.8118 27.5745 99.4644 109.834 62.0159 8.03913 11.2022 371.535 54.3762 0.178846 14.2739 16.5468 27.0194 2.13862 0.0615744 5.08482 11.1022 4.69827 10.3838 12.4572 35.5305 0 35.067 0.624543 
10.8521 53.0248 19.1132 9.53282 35.9047 19.5673 48.2898 5.3299 78.7892 37.2514 0.29156 90.419 39.2313 10.3589 12.7926 6.47466 22.3323 40.5771 2.06036 0.0196052 34.8642 0.000215063 4.1652 13.9755 50.3569 36.6159 0 53.4345 
34.6493 1.11932 3.40615 13.7869 1.47638 12.2459 34.3583 20.9923 25.7423 5.8203 92.8951 120.071 2.37722 9.3955 12.167 20.493 24.2896 45.0145 11.4669 6.3317 33.2288 8.31881 4.59809e-05 1.21213 30.4068 49.1728 92.8344 0 
