0 339.192 42.6661 521.093 174.221 325.957 3.43153 196.514 488.915 0.22946 194.184 210.771 61.8338 49.5124 28.6355 12.4583 234.394 48.4887 13.6066 152.094 72.8486 14.2762 1.04209 56.5058 236.919 11.014 51.2489 0.356556 
398.136 0 262.085 458.261 240.045 359.467 478.088 274.954 250.223 34.7668 232.798 27.1816 28.3337 54.531 8.22427 61.5242 259.473 781.605 89.3498 30.3518 7.40548 49.444 1.29045 27.789 258.889 82.4599 49.9221 32.4636 
32.9462 208.562 0 132.386 0.299176 33.8265 19.95 248.263 180.286 96.7185 9.72856 130.489 68.4116 2.13487 23.2946 6.07399 2.67215 72.6561 52.3073 0.156487 118.062 0.0426209 10.0487 5.41696 19.1397 9.6497 18.9651 0.017481 
551.052 512.214 266.433 0 120.787 249.141 203.308 1215.12 342.011 31.8267 129.523 210.944 22.4626 11.4455 34.1205 2.5478 282.302 122.202 0.194804 16.9283 749.861 0.0281326 9.02148 1.61407 256.239 42.9688 6.92756 23.1194 
268.191 0.00328094 28.1344 35.3142 0 243.605 299.719 65.0252 210.724 251.826 204.374 12.805 4.92227 11.2622 64.6895 6.87563 109.94 101.242 23.8111 3.72561 126.776 32.0444 11.7186 0.913885 0.147937 21.965 18.4712 0.828374 
272.605 436.227 0.385867 225.073 514.402 0 1119.09 204.939 446.285 161.081 76.7306 134.194 597.936 19.7497 40.9511 18.3572 228.936 117.771 86.1438 13.8562 72.695 7.31578 2.92204 18.0092 247.717 16.5277 11.9369 0.772723 
65.7674 489.231 236.552 31.8296 345.072 54.5268 0 400.76 1302.44 304.116 90.8639 85.5069 218.517 33.1196 140.288 0.0321415 109.063 22.7461 69.9409 72.3386 118.445 40.6192 20.8329 31.0594 11.0645 59.2504 24.9776 50.495 
72.6276 129.996 67.3072 443.883 56.1814 0.00338242 410.427 0 510.197 154.383 52.4774 346.069 104.235 10.0248 140.781 86.7633 21.4471 91.3203 3.24582 69.4785 38.4324 48.8923 100.958 91.9107 178.857 1.33615 45.6836 130.353 
249.356 473.208 402.279 465.839 194.854 287.493 853.422 286.584 0 247.992 1328.93 282.337 201.016 32.601 173.696 0.853737 257.544 22.5306 7.46509 103.979 184.102 8.93162 91.5591 93.5568 308.042 132.654 3.01255 34.4201 
139.523 17.0801 110.973 51.7185 19.076 267.197 210.891 5.66541 385.284 0 418.703 4.10887 316.001 56.0096 4.17054 71.6994 79.3871 122.779 110.935 0.240848 0.384112 56.3526 60.6134 37.8468 5.64876 18.3501 3.76233 2.46362 
63.5782 238.85 211.415 0.136592 40.8384 197.522 194.37 346.669 586.028 313.995 0 40.025 205.251 200.638 224.438 47.4632 0.0355407 0.308737 69.1267 57.304 57.3869 65.1053 15.4312 37.6939 38.355 27.015 23.0555 17.0433 
110.782 42.8008 2.72839 64.8618 159.272 66.8132 23.5782 66.1701 123.35 228.691 93.25 0 133.701 38.0947 139.257 9.87163 87.6667 138.733 1.05692 96.4687 98.9562 55.1375 126.083 41.7813 298.149 149.546 4.8103 148.762 
37.4127 0.298967 24.1445 61.4191 2.98904 81.9219 48.7945 39.3024 204.794 2.08552 45.5639 133.948 0 46.8061 83.256 72.7516 5.19288 83.3064 23.0375 13.3145 8.77121 89.0938 10.3887 34.6186 48.2225 19.5507 38.007 44.2398 
53.1828 15.3737 2.73946 8.26362 29.1529 21.3044 71.1707 126.126 21.4466 42.1085 63.8008 152.995 50.1428 0 43.3513 1.06562 7.81749 35.2875 27.4104 0.368465 0.67985 1.04222 0.0780486 5.56969 15.1424 12.2064 7.34281 11.9145 
71.1584 88.3301 2.91521 36.2293 68.0699 0.0297762 127.247 110.772 34.1679 133.576 307.038 269.103 45.8011 61.6473 0 87.9034 27.9559 15.0547 32.4047 0.108346 18.0955 7.02794 2.21373 28.0957 29.9256 4.67138 19.8014 22.8386 
15.3923 32.791 23.162 5.83147 71.6783 0.195512 12.272 236.418 152.392 1.6698 45.2159 35.5476 82.0055 8.26758 62.3182 0 0.756206 42.2443 22.6275 7.93464 14.2309 5.09834 5.6768 24.0819 14.2444 17.2609 6.09981 22.047 
289.279 321.661 25.8324 228.39 22.0427 227.851 5.95317 29.9522 234.08 80.2938 16.34 2.85969 46.0621 20.9064 0.391234 11.3819 0 0.886996 281.06 16.9197 0.498637 16.1483 0.725516 15.6939 247.183 24.6848 0.267306 17.0756 
65.4168 149.68 43.1583 4.68154 0.48897 27.5258 9.53328 44.1972 4.14292 128.138 121.706 142.539 81.8972 52.5526 45.0043 0.82338 144.474 0 64.8006 6.36335 86.6694 0.028612 41.5241 10.8045 39.2222 3.74405 44.2611 46.7554 
105.348 0.597247 46.0966 58.3562 21.0021 31.6266 124.686 31.5289 42.4536 116.533 104.95 78.3485 19.0838 4.8288 22.1604 0.218762 51.3315 41.2759 0 2.29279 24.3576 23.4337 9.58026 10.2039 26.3701 29.5937 2.74402 6.81376 
124.472 137.938 6.91792 16.5882 16.1995 6.7595 41.9797 72.1844 11.4962 24.2725 54.7113 80.3015 41.1473 1.631 11.2192 5.53598 16.5896 11.2154 17.8344 0 27.8066 4.38836 4.07177 2.65973 10.8603 3.75742 7.85189 10.2694 
239.336 0.417836 123.617 81.3638 131.589 73.5145 132.383 0.00743967 183.734 8.1628 38.8155 73.3196 41.7565 44.7356 4.07684 40.775 6.05345 100.515 4.73351 320.291 0 21.4261 22.3067 42.9277 18.2853 5.53333 36.5192 0.104911 
38.9241 50.8653 12.2174 14.9232 55.1725 0.487094 42.345 60.1441 10.6126 6.25901 52.7165 71.7907 39.743 5.04012 11.0651 9.44064 17.8238 5.39119 22.4571 0.603183 32.5328 0 6.62227 0.158579 12.1988 9.50468 0.00643581 0.0313694 
18.0176 2.67568 2.73852 0.860143 0.0102654 13.1308 46.6383 68.5992 101.855 45.2309 51.2472 125.843 17.0268 0.35172 18.8572 8.03046 9.17464 43.4513 21.3401 4.10998 19.8416 6.72962 0 18.9693 19.8496 2.28009 4.5233 4.93107 
8.82159 53.4934 12.7626 0.713682 56.3905 10.1196 13.9192 131.024 40.9322 53.025 127.576 1.0324 51.9796 9.11856 20.8134 2.97165 18.1109 31.9991 15.9993 0.16916 24.8291 12.6166 0.490097 0 1.26348 7.9435 17.1683 6.67536 
283.712 288.523 0.375404 268.154 2.98785 251.274 89.371 10.05 280.755 3.82429 145.334 142.676 8.21093 16.0879 30.7997 79.1563 231.652 43.5033 0.203352 4.38845 0.283976 50.5838 24.0711 43.1118 0 97.2083 90.5571 93.658 
77.6091 60.0869 27.5366 44.2608 67.5234 27.7907 99.3067 140.841 73.5407 11.4617 20.3145 309.329 54.8962 0.0285637 11.4807 12.3944 27.19 3.20601 0.00184038 4.54904 8.88406 5.09585 10.3997 11.3199 38.5159 0 32.9594 0.315738 
12.418 53.608 18.8997 10.6887 37.2685 19.2813 46.33 3.16124 77.919 35.6833 0.0120231 83.3664 39.3112 10.5959 11.9114 7.44227 22.3951 39.774 1.71724 0.0015673 33.6958 0.0176413 4.78631 14.9791 51.6421 37.6208 0 70.5227 
31.9273 1.96049 2.64671 15.6211 2.24045 11.2145 30.7871 28.7965 30.6581 4.25845 97.4809 103.602 3.19499 9.86822 13.5517 19.3989 24.3741 43.8244 10.6624 5.92077 31.3746 8.5746 0.0210103 0.827635 31.7534 39.2982 87.8762 0 
