0 359.494 44.0071 549.777 172.758 352.38 3.09998 198.217 514.664 0.186304 194.26 211.291 62.1198 49.4425 28.4406 12.6523 260.465 49.4445 13.3602 150.58 74.0693 14.2136 1.01359 56.4626 262.657 11.186 51.2496 0.335511 
417.567 0 254.545 486.769 245.648 383.549 481.227 274.188 277.556 35.7041 231.937 27.7633 28.7283 54.6993 8.04257 61.2871 285.869 1040.9 88.5705 30.9617 7.13878 49.4836 1.25276 27.9339 284.987 82.4032 49.9774 32.3206 
31.7503 216.091 0 139.339 0.211241 33.3914 21.107 249.551 174.212 96.3139 10.3799 131.402 68.2953 2.17263 23.1584 6.15749 2.59688 71.7624 52.4626 0.174476 118.371 0.0452802 10.075 5.45808 19.0549 9.74514 18.9534 0.0144377 
578.776 536.414 280.285 0 121.512 274.7 203.347 1322.17 370.619 32.2242 130.559 212.305 22.6495 11.3769 34.2186 2.64294 308.204 122.684 0.173916 17.1637 595.987 0.0305135 9.07034 1.57477 281.986 42.8949 6.87426 23.0324 
268.388 0.0907411 27.2847 34.637 0 246.926 296.207 64.2242 212.926 249.668 205.37 12.5114 5.16141 11.4041 64.3943 6.99613 110.501 100.15 22.5434 3.59769 126.631 32.1607 11.6175 0.883621 0.162752 21.8012 18.5489 0.80203 
299.096 463.246 0.322659 250.976 222.751 0 855.778 205.459 478.271 330.642 74.9177 134.687 502.039 19.7961 41.0053 18.2654 254.914 117.987 85.9551 13.931 72.7937 7.3643 2.95596 18.007 273.543 16.6134 11.8996 0.753732 
64.471 492.01 235.593 30.9102 348.119 45.9409 0 399.833 1305.32 298.348 94.1666 84.1914 218.383 33.4679 140.108 0.0476864 109.006 22.1026 70.5881 72.6187 118.109 40.4822 21.0195 30.8655 11.2513 59.5943 24.8579 50.3238 
71.1269 131.522 65.4773 451.367 55.4167 0.0205572 410.427 0 504.231 153.454 54.0459 330.116 104.635 9.75429 141.623 88.6922 21.6324 90.7357 3.34773 69.8853 37.8076 49.0122 100.885 92.4714 179.411 1.10623 45.4061 130.549 
276.006 496.203 397.738 489.195 192.62 317.566 824.366 293.564 0 245.128 918.677 284.718 200.766 32.0833 171.035 0.752281 283.171 23.0519 7.234 103.872 183.936 9.02847 91.7611 93.7104 333.492 132.955 3.07976 34.6867 
139.151 17.767 110.78 51.2849 20.2577 258.096 216.683 5.35556 384.879 0 425.387 3.80443 314.745 56.3516 4.45152 72.0313 79.2838 122.419 110.647 0.221577 0.414309 56.2598 60.6031 37.6714 5.53125 18.125 3.81356 2.40641 
64.243 239.634 210.333 0.0865114 41.7213 195.699 198.501 345.48 569.862 306.719 0 42.352 206.261 201.31 219.653 48.7507 0.0280045 0.354378 69.503 57.5164 56.9827 64.9655 15.7945 38.1623 37.8289 27.6122 23.2372 17.2921 
111.757 43.5 2.49627 66.3822 159.637 67.4879 24.3769 58.0858 120.957 228.054 89.9679 0 134.073 37.3621 141.418 7.90664 87.6516 138.502 1.10402 96.4989 99.4767 54.9812 125.99 42.6857 296.957 154.061 4.96907 149.398 
37.139 0.255769 23.9291 61.5665 2.80663 81.4902 47.8915 38.9164 204.891 2.5682 46.5544 133.575 0 45.6606 83.8369 72.9841 5.26412 83.5161 23.2409 13.3963 8.67864 89.0019 10.1173 34.8628 48.1298 19.4192 37.9837 44.2172 
53.1529 15.2106 2.69788 8.32948 28.963 21.3306 70.8461 126.08 20.9871 41.7454 65.119 153.471 51.3183 0 42.4523 0.995283 7.78289 35.1811 27.4165 0.363691 0.701643 1.01944 0.0595494 5.63326 15.1743 12.1833 7.36501 11.9187 
71.1931 88.514 2.83394 36.3078 68.3546 0.0205001 126.805 109.801 35.0348 133.52 302.861 268.521 46.4184 61.4843 0 87.4606 27.9274 15.1924 32.4706 0.113186 18.217 6.97794 2.12022 28.0822 29.872 4.56765 19.8072 22.8601 
15.1826 33.0499 23.1127 5.69536 71.5923 0.212314 12.5303 235.235 152.368 1.77916 46.4807 31.816 81.8939 8.42277 60.9282 0 0.740928 42.3752 22.6826 7.95274 14.368 5.12996 5.74521 23.869 14.4269 17.0461 6.14798 22.0163 
314.858 346.971 26.0092 254.356 22.4802 253.816 5.81058 30.1589 260.128 80.2001 16.1843 2.92188 46.1804 20.9228 0.403802 11.3365 0 0.663028 223.366 16.9965 0.521422 16.1731 0.715076 15.6669 273.109 24.7122 0.273395 17.1074 
64.3647 155.856 43.9542 4.91528 0.594612 27.1131 9.10601 43.6965 3.91348 127.813 121.234 142.341 81.6822 52.5833 44.8455 0.856033 142.309 0 65.3879 6.21759 86.374 0.0253488 41.481 10.7305 39.1074 3.80883 44.2773 46.7044 
105.118 0.692353 45.9075 58.2577 19.8071 31.2112 125.214 31.2562 42.9396 116.751 105.244 78.5378 18.8935 4.8715 22.0711 0.229475 52.219 41.806 0 2.25003 24.4989 23.4112 9.54092 10.164 26.4089 29.6151 2.76488 6.85027 
126.468 137.686 6.81711 16.8225 15.9504 6.82732 41.6518 71.7811 11.7087 24.4219 54.4945 80.0897 41.1097 1.63953 11.2085 5.55928 16.5128 11.0275 17.7459 0 25.3547 4.39651 4.07322 2.67185 10.8845 3.78342 7.8364 10.2562 
238.964 0.485551 123.814 82.7976 131.633 73.4238 132.143 0.000917559 183.558 8.03222 39.1808 72.7952 41.9029 44.7494 4.14398 40.9313 5.97839 100.263 4.65999 318.535 0 21.3849 22.3769 42.8676 18.4114 5.62191 36.5737 0.0961856 
38.8995 50.8402 12.2253 14.9413 55.2138 0.471804 42.2106 60.0607 10.7166 6.36426 52.8895 71.7056 39.3673 5.07895 11.1143 9.46666 17.8025 5.34814 22.4303 0.598053 32.5412 0 6.54377 0.147657 12.2739 9.51793 0.00744416 0.0296048 
18.1124 2.62195 2.7656 0.840107 0.0139063 13.0952 46.4411 68.2883 101.897 45.396 50.6978 125.942 16.6931 0.31159 18.7113 8.0961 9.14724 43.4808 21.3613 4.11058 19.9123 6.65095 0 18.8065 19.7697 2.25442 4.49138 4.95365 
8.9239 53.3932 12.7289 0.687177 56.3837 10.1658 14.0743 131.294 41.2368 53.1437 127.46 1.19879 52.1936 9.16019 20.9616 3.14016 18.1324 32.0833 15.9612 0.165228 24.7315 12.5839 0.577404 0 1.28407 7.8791 17.2053 6.6368 
309.774 314.248 0.354998 294.027 3.05178 277.207 89.2767 10.5221 307.102 3.72639 145.418 361.601 8.11644 16.1075 30.7647 80.0724 257.505 43.3959 0.19458 4.36094 0.303019 47.4889 24.1138 42.0871 0 92.8812 78.8018 85.8058 
77.5317 59.8646 27.5389 44.2232 67.449 27.7962 99.2733 142.404 74.1324 11.6509 20.8453 305.409 54.9159 0.0243211 11.3403 12.1863 27.1971 3.26626 0.00104772 4.52185 8.77581 5.1163 10.3986 11.2596 38.6541 0 32.8382 0.398331 
12.5003 53.6344 18.8872 10.7487 37.3371 19.2653 46.2268 3.06465 77.8668 35.6009 0.00766763 82.9932 39.3131 10.6072 11.8657 7.49259 22.3976 39.7312 1.70043 0.00118607 33.6346 0.0192868 4.81873 15.0286 51.694 37.656 0 71.3206 
31.7873 2.00975 2.60997 15.7156 2.28377 11.1616 30.6051 29.2216 30.9169 4.18432 97.6998 102.737 3.23994 9.89146 13.6222 19.338 24.3774 43.7611 10.6214 5.89965 31.2785 8.5874 0.0231121 0.809758 31.8234 38.7587 87.4405 0 
