0 5.41414 102.928 349.702 115.297 124.179 3.03114 256.668 254.336 1.86925 193.365 225.53 72.7621 46.4274 21.2566 20.8432 22.7391 89.9024 5.54382 132.765 123.315 11.89 0.22125 54.3421 11.7975 18.4852 51.0117 0.0104555 
11.1128 0 21.6528 311.051 442.777 70.6 521.243 235.716 110.885 77.8135 193.443 53.419 45.0869 60.6094 2.57515 51.8071 61.0079 1093.95 59.3959 56.7247 0.594675 50.7412 0.231121 33.4591 47.2168 79.2187 51.8508 26.9169 
2.08049 450.618 0 283.838 8.07192 17.5175 83.2471 276.498 10.3123 78.568 48.6429 162.149 63.0068 3.79912 17.7421 9.56418 0.519204 39.662 57.5019 1.56076 126.252 0.205457 10.9902 7.06256 15.718 13.4822 18.3967 0.114285 
335.877 198.196 229.015 0 145.47 17.4797 193.171 742.897 230.662 48.1161 166.545 250.98 30.0113 8.79454 37.3302 7.37622 62.298 137.702 0.258368 26.4172 200.528 0.192236 10.9276 0.430333 30.5501 39.0363 4.9604 19.5957 
263.081 86.4633 4.11881 13.0501 0 441.141 155.39 36.432 289.374 158.404 237.719 3.78775 18.1479 17.2839 52.7463 12.2329 129.904 60.6564 0.157119 0.376335 119.773 36.5184 8.03533 0.109603 1.24462 15.8659 21.5405 0.115181 
76.9232 242.14 2.09893 8.37592 131.124 0 491.761 214.935 433.756 292.751 19.3828 150.104 626.345 21.2156 41.8077 14.6456 13.1983 123.408 76.169 16.6963 75.7531 9.24984 4.34919 17.7434 25.2064 19.7608 10.4669 0.204749 
23.1519 516.404 179.064 5.33398 427.767 665.213 0 336.581 575.858 89.9588 242.734 39.7635 205.54 47.1511 128.44 2.8779 105.534 4.23428 95.1977 82.2391 104.22 35.1635 28.4146 23.6594 19.2753 72.1445 20.3919 43.6022 
23.9274 189.233 12.4388 438.771 29.3864 11.2341 379.024 0 246.748 116.432 125.55 0.639973 118.921 2.12779 168.657 165.009 29.0653 68.7401 8.32147 84.7531 17.3467 53.3657 96.6107 112.161 192.732 8.4004 35.0487 135.201 
66.1416 139.705 176.069 138.528 109.213 283.8 1.75204 543.007 0 133.563 852.572 361.55 186.608 16.3958 197.372 1.65779 28.0059 46.4365 1.10258 98.3112 174.439 13.0227 98.1057 98.2631 70.5651 141.055 6.14656 45.0926 
122.614 52.2096 99.9136 35.1754 86.6489 6.69084 423.653 0.0465007 337.698 0 596.317 0.953911 238.092 68.3344 21.2055 82.9325 74.6233 107.271 97.6856 0.0854364 2.39545 52.1517 59.3413 30.8687 1.94164 10.3769 5.98702 0.720287 
90.4721 261.795 159.151 6.5516 80.1829 120.752 354.064 285.261 189.429 65.4304 0 167.847 237.771 213.325 55.1468 104.523 0.405401 4.39004 83.5599 65.2507 42.14 59.2709 32.0497 56.9281 19.8993 53.6186 30.438 27.7407 
148.297 72.8291 1.35304 130.037 171.252 93.3268 62.7982 146.685 43.3749 196.978 6.73843 0 146.458 13.96 217.904 90.6489 86.5693 128.439 3.63631 96.4399 118.626 48.8154 119.534 80.9152 323.288 321.286 12.7529 168.537 
27.1698 1.11121 16.1893 66.5608 0.139127 99.0241 18.845 25.2788 203.494 55.0939 89.3099 117.948 0 10.7951 103.33 80.2114 8.28841 90.9228 31.3288 16.5903 5.49103 83.3092 2.32982 44.0452 44.2872 14.5992 36.9582 43.1214 
51.5921 9.53112 1.32415 10.8953 21.9334 21.9347 57.7384 121.399 6.91084 28.2131 118.51 165.425 98.2356 0 8.42882 0.120094 6.49782 31.0464 27.4805 0.203991 1.77708 0.330718 1.16747 7.9151 16.1391 11.0957 8.18344 11.9604 
71.6946 94.0721 0.567977 38.6026 78.3794 0.940731 106.369 72.49 76.1352 124.59 126.644 224.139 70.3393 36.9514 0 44.1355 26.7194 20.7307 34.7487 0.373687 22.971 5.13817 0.0461643 26.1086 27.1984 1.4167 19.8673 23.3615 
8.11305 43.0651 20.7882 1.63067 67.5767 1.34857 23.9193 174.272 146.74 8.35031 101.74 46.8147 75.8177 14.189 9.628 0 0.274046 47.1488 24.6779 8.58234 19.8841 6.34159 8.31344 14.1413 21.5942 9.13684 8.03803 20.4291 
57.1331 78.6109 32.7182 12.1048 41.4613 11.6613 1.64163 38.2705 21.3277 75.8848 10.7376 5.75385 50.4919 21.4646 1.02458 9.63135 0 16.0111 514.042 19.9029 1.75768 17.0802 0.373146 14.6085 28.6881 25.6597 0.554679 18.2838 
29.2511 282.29 76.6594 17.6553 12.0676 13.3269 0.104277 26.2924 0.0429568 113.844 102.509 133.458 73.0697 53.4131 38.6687 2.55325 64.6628 0 87.8302 1.88584 74.731 0.0477688 39.6753 8.06308 34.6525 6.64259 44.7487 44.5801 
94.9652 9.36481 38.2552 53.7962 0.496663 16.729 142.622 21.519 62.4422 122.494 115.3 85.2645 12.2194 6.59558 18.6538 0.822723 117.335 63.1793 0 0.912419 29.9949 22.4756 8.0681 8.6663 27.7738 30.2738 3.60697 8.28173 
193.168 123.058 3.41753 26.0615 7.73186 9.53209 29.5432 56.1548 20.9635 30.1424 46.0825 71.3177 39.4465 1.97042 10.7286 6.4276 13.616 4.9611 14.4095 0 18.3295 4.69902 4.11114 3.13661 11.7484 4.80277 7.23254 9.7135 
215.074 6.754 127.17 48.64 131.787 69.2289 121.455 4.36565 173.716 3.80708 53.7714 53.3892 47.416 45.0142 7.057 46.6437 3.4509 89.9817 2.27415 186.92 0 19.7958 25.0177 40.362 23.3583 9.43624 38.5255 0.0455154 
37.8204 49.6318 12.4663 15.5726 56.4389 0.0700753 36.9642 56.593 14.963 10.9045 59.2113 67.9818 25.6311 6.5511 12.9122 10.3753 16.954 3.8249 21.3386 0.41802 32.7748 0 3.7225 0.0219541 15.0871 9.97584 0.0999667 0.000404839 
21.7673 0.973686 3.85836 0.25023 0.559286 11.6464 38.7605 56.0673 101.897 51.1741 31.0246 126.686 6.1664 0.60556 12.626 10.355 8.11066 44.407 22.0796 4.11571 22.5933 3.81584 0 9.62341 16.2488 1.36483 3.32747 5.80924 
13.1444 49.2399 11.3491 0.0495855 55.7451 11.8902 20.4057 138.062 52.9533 57.0134 120.178 16.3132 59.6222 10.2526 25.6677 11.9021 18.895 35.1921 14.4849 0.0496356 21.0294 11.131 8.06925 0 5.6422 5.4882 18.386 5.19437 
70.0464 61.7955 0.00238567 46.8326 5.94677 32.8421 84.4892 35.3998 78.8303 0.925453 144.984 1040.71 4.88121 16.5735 28.7481 49.04 10.4275 39.1624 0.00444318 3.35478 1.47779 51.1122 25.1418 11.886 0 89.3625 82.9986 132.174 
73.5358 51.0196 27.0936 41.6504 64.0428 27.5997 96.2117 195.791 96.1157 19.6904 44.8494 135.509 55.1593 0.115624 6.38517 5.12661 27.3535 5.93618 0.135047 3.51843 5.09793 5.89377 10.2204 8.8714 42.6588 0 27.4436 10.1092 
15.7519 54.3787 18.2996 13.0623 39.8371 18.5637 42.1279 0.49367 75.348 32.3441 0.56365 68.2254 39.2311 10.9736 10.1073 9.434 22.4417 37.9955 1.11912 0.0260117 31.226 0.135836 6.07872 16.74 52.3364 37.7693 0 91.6397 
26.4713 4.31044 1.38732 19.3008 4.21673 9.16642 23.8499 46.8075 41.1179 1.82834 104.725 69.5699 5.1561 10.6937 16.2232 16.7289 24.4313 41.1968 9.08724 5.09847 27.5788 9.04874 0.176586 0.270828 34.3622 18.2164 60.7208 0 
