0 779.413 179.577 462.91 142.717 356.75 263.893 105.972 488.621 108.009 113.058 65.7504 81.7513 12.4755 6.3889 9.78751 286.381 34.2067 14.4839 73.9594 37.1727 12.3096 31.4386 1.97389 244.958 33.8436 42.2552 57.189 
743.748 0 3.04371 537.012 165.035 234.794 9.80888 273.089 516.747 89.6917 147.27 141.926 13.7099 56.9211 19.5905 36.3704 303.248 806.482 0.000190203 0.342616 144.533 33.6623 52.2983 20.2268 294.452 44.1109 36.702 59.6587 
18.6292 470.872 0 299.786 26.3927 25.8398 2.15379 187.527 251.885 84.3651 3.38512 22.6082 51.0594 0.787561 2.33082 8.74657 0.00469007 153.378 27.55 27.2574 125.533 0.573248 5.429 15.5628 13.8669 0.000286461 13.1257 21.3359 
506.638 389.675 331.889 0 90.5812 274.219 136.482 1163.18 225.067 63.2437 14.1901 144.73 72.9945 0.456444 9.78586 22.6685 248.558 119.182 7.70231 4.62781 573.554 0.0477442 12.1737 0.28817 266.913 0.326425 27.4836 0.913504 
3.32617 500.353 0.134469 64.2951 0 212.834 412.999 207.894 346.682 25.722 258.564 0.978563 162.067 69.4661 69.7215 69.6867 24.8676 11.998 38.6204 28.7292 18.9977 0.239132 56.3791 43.4676 57.7738 44.4731 19.9966 23.0397 
326.985 359.57 0.132449 233.69 611.26 0 1026.95 19.8908 682.093 805.62 201.914 73.7509 144.753 11.4989 28.0379 27.1615 250.888 0.115059 73.5305 21.3069 37.1764 13.0732 16.4504 0.731775 225.934 23.7176 18.9285 22.5693 
247.29 16.0866 244.378 9.87812 31.8613 948.108 0 63.2698 1190.87 304.116 51.5447 143.557 219.269 8.9161 142.219 75.4282 44.958 10.2304 91.7238 39.5272 51.253 45.4963 71.0335 9.19811 38.2601 18.5487 58.5214 18.422 
240.998 11.3221 44.7454 435.422 212.51 213.309 24.2837 0 259.456 0.979683 373.303 386.717 147.535 126.25 16.2669 248.684 39.471 66.1975 114.119 20.8542 208.018 8.29984 97.124 88.4924 22.5182 58.349 6.36095 17.0945 
250.887 510.812 445.398 552.941 31.1238 558.972 1121.3 260.991 0 3.25835 854.539 360.753 8.10211 16.8052 122.903 45.2127 286.11 116.529 53.2824 95.0466 175.825 12.7313 97.3552 98.5474 352.614 15.4529 45.4846 99.5628 
106.236 118.347 103.898 67.5465 332.592 99.041 210.89 104.835 84.4983 0 0.116073 1.39858 188.134 59.1119 129.593 65.16 0.310582 128.077 66.6619 45.5022 95.7263 9.45558 54.0218 6.58928 1.89392 40.6878 5.9784 54.824 
0.320522 267.469 240.9 80.8623 183.207 81.2117 4.3102 10.0404 756.71 580.253 0 12.6828 153.85 162.059 376.513 3.92018 68.2141 44.5891 129.035 49.8918 13.1954 32.2671 131.452 58.9134 111.631 52.8666 48.7796 51.3479 
178.514 120.682 87.5674 15.1227 175.919 139.042 1.92354 88.4964 44.1851 221.13 147.443 0 154.006 131.646 269.569 76.3864 59.6986 2.48767 79.0782 57.8559 142.045 50.3911 9.08349 148.702 329.899 77.0549 1.90428 138.905 
36.9255 5.19715 6.01632 50.343 178.483 12.0532 58.1403 1.80031 0.0156194 190.146 11.2599 102.789 0 4.87933 9.24693 3.7592 10.9991 13.1081 83.5296 1.307 39.5758 0.0220865 0.842274 12.3311 14.3621 33.2073 37.7026 37.2923 
5.63444 15.8109 4.76844 21.2672 8.25975 14.6951 82.862 10.921 23.6582 13.2003 20.2093 66.5985 111.204 0 12.358 0.0133194 7.42188 50.9528 13.4038 2.05707 10.0567 6.05793 0.214688 10.2427 12.5372 11.3649 0.278724 0.636728 
27.8333 76.8673 22.2614 12.8677 62.9527 18.6941 133.535 184.28 119.325 13.374 406.353 137.431 0.175427 0.106953 0 80.9241 29.963 47.2842 0.986088 6.31394 16.547 0.0427094 2.76013 5.26912 5.78464 0.0927522 0.624139 21.2771 
18.5516 58.208 9.93008 1.52612 9.55902 5.08147 41.7766 64.1849 94.2643 79.1267 4.67886 127.945 8.94003 13.2652 88.2791 0 3.44605 3.47368 2.0524 1.24654 59.0128 10.7355 1.30933 1.48435 4.41393 14.5768 18.6193 14.2319 
236.133 321.02 37.4183 273.231 113.452 248.59 30.3338 30.19 337.455 0.608119 93.3362 17.4883 5.36092 21.0881 1.56941 16.5799 0 264.115 508.959 4.68009 13.7223 21.2308 0.872222 9.12023 249.245 23.0048 13.2898 23.9157 
82.8959 20.3423 44.3683 108.282 60.7945 113.535 23.7832 24.468 201.465 132.848 40.8176 4.6738 36.1263 16.2284 31.4216 48.9283 78.3625 0 37.1047 1.5349 12.5721 1.68628 44.9397 27.5588 59.2319 30.7513 43.5532 50.686 
106.137 99.2747 61.1816 37.8937 42.2711 14.106 36.3177 49.45 3.26089 8.27425 120.297 1.24496 34.8242 2.55417 25.8985 12.3469 45.5781 60.1172 0 35.6289 1.92219 23.0244 13.1206 11.9135 19.97 18.7329 15.1067 10.9688 
122.273 124.5 15.6582 4.4196 49.7111 15.1843 74.4101 111.49 25.6114 50.6345 13.7015 14.9135 31.56 0.17005 6.94806 3.46651 29.7545 4.39048 22.0731 0 264.764 6.35606 3.98319 0.158099 0.313927 5.01836 5.93612 11.5078 
108.667 103.345 121.28 104.028 48.6165 6.91077 72.036 169.453 176.492 96.8715 148.658 29.2662 10.1977 26.5856 34.9146 37.2136 38.7497 4.56355 53.9985 221.31 0 3.0698 13.4869 40.3884 19.0784 57.7291 38.3312 15.2698 
38.0398 47.5213 10.2152 13.8063 18.5726 20.077 43.8437 60.4423 10.9138 53.4813 9.26252 27.4655 38.3899 0.523209 17.4366 6.89858 7.09063 0.800771 21.9737 0.268043 24.3987 0 13.3299 9.26816 15.7833 4.9052 0.0495754 0.139473 
0.91969 54.2026 11.9089 17.7127 43.0937 0.0309553 0.318302 57.2168 102.088 57.841 53.6858 0.839174 0.00359521 0.0219204 19.6399 0.240063 2.29474 37.5568 19.0154 4.05936 11.2087 13.4011 0 20.3855 17.1612 0.0919601 8.06343 1.07365 
47.639 20.1459 0.152229 0.93522 20.9114 11.9136 71.76 37.0957 78.2976 57.7087 16.9656 186.826 28.4424 7.88002 20.4223 26.0701 20.9522 14.8264 17.57 2.69422 47.9424 10.8126 3.85898e-05 0 37.7723 15.5269 19.2282 2.58338 
284.581 225.667 0.157555 251.076 48.7544 243.362 69.7243 82.8744 227.799 3.25476 0.253962 212.599 52.726 14.1588 3.98037 50.2125 229.443 58.0482 3.15536 13.8129 48.5525 9.75188 19.7719 34.1916 0 109.828 132.913 110.904 
62.1875 10.8804 17.448 1.51968 1.60219 25.9336 85.1965 42.5611 78.7221 0.644382 44.1361 366.591 0.774132 4.99517 1.2349 9.85383 26.5676 31.9199 6.85917 10.3916 53.8867 0.820356 7.11048 13.2125 42.3732 0 15.1667 34.1267 
0.387952 44.3502 13.326 5.00363 38.5811 19.2317 58.5655 53.3159 30.6637 47.0364 83.9176 91.4618 39.3204 2.95917 12.7308 18.1937 12.6154 28.6817 2.06739 0.311343 31.4867 0.0289378 9.59858 19.0547 44.9388 31.9185 0 35.7412 
48.1063 39.3037 16.6489 33.0783 7.3972 18.391 37.6335 34.9115 99.2274 52.9997 110.266 115.939 3.59718 3.77363 22.0009 18.5575 20.9681 49.3002 6.54376 9.65533 50.1956 9.75595 7.69796 9.45579 27.8687 60.489 90.8573 0 
