0 456.692 141.222 712.325 80.8736 530.948 15.0298 283.734 636.118 6.09037 189.143 228.583 79.0056 44.2435 17.1189 26.5612 427.809 117.339 2.34195 72.1315 154.204 10.5138 0.0187622 52.5838 408.476 23.625 50.6073 0.274193 
424.391 0 12.0483 715.949 516.075 435.778 465.84 204.556 575.493 108.1 165.429 72.0833 56.2326 63.7226 0.68682 45.6424 474.12 1119.64 42.7175 74.0442 0.17198 51.2699 0.00703063 36.8476 451.274 76.2927 52.779 23.6421 
1.53447 462.31 0 172.713 23.1506 9.39514 131.934 269.799 12.5212 65.9712 82.4635 176.018 58.9744 4.96159 14.3178 11.8161 0.0267248 23.1295 59.684 3.05853 127.125 0.361216 11.4667 8.0763 13.5957 15.8224 17.9466 0.384528 
675.129 527.065 172.296 0 155.843 411.069 176.371 1020.62 685.469 58.296 183.962 259.69 34.7289 7.26043 38.5933 11.2223 460.707 143.328 1.1618 32.0551 122.418 0.360867 12.0585 0.0786912 426.016 35.7458 3.90037 17.3877 
247.801 201.777 0.000292165 4.55914 0 413.746 77.8179 22.4813 324.96 101.295 251.336 0.895943 29.6177 21.3253 45.3289 16.0477 139.529 39.5357 12.8859 0.0349753 114.312 39.122 6.09868 0.0021981 2.40924 12.5353 23.417 3.23055e-05 
490.51 636.912 7.07226 411.846 56.1046 0 811.128 210.421 879.47 954.96 2.48594 155.972 322.07 21.7327 41.0641 12.3538 415.416 123.932 67.9541 18.2897 76.7822 10.4379 5.29572 17.4106 422.625 21.5522 9.57536 0.0374343 
7.29913 452.206 131.421 0.0494704 433.728 950.521 0 276.061 42.35 13.3982 339.059 19.4313 190.641 55.74 117.012 6.73118 102.163 0.148373 109.765 87.01 94.7277 31.8093 33.192 19.4465 25.0129 79.1608 17.7388 39.306 
6.62141 222.193 0.276134 461.686 16.8544 27.7099 332.336 0 103.757 93.0137 177.146 165.548 126.675 0.168232 179.398 207.759 33.9826 55.714 12.4139 93.0808 8.35219 55.8384 92.5746 122.209 192.925 27.6749 28.9523 135.252 
492.843 478.768 53.9631 476.668 64.277 808.635 309.52 639.349 0 72.3176 957.615 391.001 173.71 10.8864 94.6653 6.78445 421.965 63.802 0.000619649 93.5187 165.674 15.771 100.632 99.7665 458.968 142.64 8.51954 51.6658 
110.465 79.8972 90.168 25.9852 142.21 104.947 497.483 3.17432 282.726 0 588.594 7.70841 172.545 74.4137 36.461 87.6904 71.0798 96.7593 88.055 0.582391 4.41349 49.0986 57.7344 26.6232 0.624807 6.51126 7.53803 0.168165 
107.085 267.345 121.534 18.3194 107.405 75.3946 430.867 237.025 45.1574 1.65235 0 266.971 249.37 207.009 4.05658 141.38 1.28173 9.06111 91.8301 69.624 33.6473 55.4258 44.0108 68.9951 11.2837 71.9359 35.1133 35.0067 
169.355 92.9049 8.08447 170.479 176.086 108.744 92.7917 503.828 13.2639 172.349 3.37793 0 152.22 4.77987 252.434 251.847 85.4128 121.088 5.90337 95.2311 129.556 44.8349 112.885 106.266 362.924 386.104 19.1295 174.793 
21.533 4.04733 11.9545 68.9973 2.68436 70.6607 7.09024 18.0331 197.749 113.517 118.954 107.113 0 0.931269 112.032 82.9373 10.4472 94.8864 36.5893 18.6311 3.85888 77.8189 0.226022 49.4539 41.6331 11.8411 36.1891 42.2183 
50.2273 6.58798 0.699922 12.5084 17.8544 21.9179 49.1793 115.805 1.92916 20.4962 150.893 166.39 124.676 0 0.00444435 1.36791 5.73712 28.429 27.3556 0.127321 2.67615 0.0903073 3.29129 9.06355 16.4769 10.2445 8.66002 11.8735 
71.2078 96.0211 0.0279019 39.3076 83.6349 2.70912 91.0214 50.6762 106.734 113.041 38.9982 179.928 84.5154 14.9245 0 12.6371 25.8583 24.3995 35.9175 0.60746 26.0095 4.08364 0.318696 23.6005 24.9975 0.340672 19.7469 23.3589 
4.73673 49.2755 18.9708 0.323445 64.4135 2.51097 32.2161 127.261 138.902 14.5498 138.655 188.238 70.4425 17.0431 0.310745 0 0.0983828 49.8648 25.8008 8.90913 23.5357 7.08664 9.74927 7.92432 25.9563 5.02122 9.24215 19.0751 
448.875 463.763 36.7495 413.934 54.9917 413.647 0.329874 43.4733 425.574 72.5303 7.86246 7.94374 52.9507 21.7195 1.54476 8.60548 0 46.7949 145.298 21.6633 2.87552 17.6072 0.215969 13.9273 428.597 26.1471 0.776508 18.9769 
13.6059 329.802 97.6914 28.8552 25.9656 6.98674 1.83334 17.3958 2.43243 103.856 90.4138 126.734 67.391 53.5911 34.7656 4.03279 27.9485 0 101.271 0.447717 67.2492 0.204211 38.4018 6.56769 31.8342 8.73579 44.8977 43.0967 
87.4943 19.3348 33.221 50.4073 15.1395 9.5645 150.351 16.2112 75.13 123.467 120.301 88.9151 8.70662 7.7501 16.5434 1.36687 175.65 77.0605 0 0.376934 33.4802 21.821 7.18578 7.76575 28.5072 30.526 4.17358 9.2045 
217.169 109.767 1.82845 31.7172 4.01784 11.2878 22.6266 46.5117 27.6797 33.655 40.8045 65.3061 38.1989 2.17985 10.3678 6.93937 11.8692 2.35142 12.4046 0 92.7985 4.8781 4.11776 3.42512 12.2202 5.45447 6.84656 9.33869 
192.031 14.0694 125.147 4.06676 130.413 65.9557 113.495 11.4274 164.761 1.95036 63.3045 42.1962 50.7461 44.926 9.18686 49.8958 2.21757 83.0463 1.21171 84.438 0 18.7951 26.6093 38.6128 26.5297 12.1944 39.6107 0.288028 
37.0184 48.6435 12.5586 15.9042 56.8568 4.89297e-06 33.6279 54.1804 17.8436 14.1803 62.8224 65.2311 18.0394 7.42806 13.9285 10.8488 16.3947 2.99869 20.596 0.321749 32.8374 0 2.25407 0.227179 16.7385 10.212 0.209542 0.019315 
24.0552 0.350169 4.58455 0.057707 1.28835 10.675 33.9286 48.3116 100.36 54.1778 20.5812 124.197 2.10003 2.39557 8.76434 11.4173 7.47753 44.7833 22.4338 4.10197 24.2315 2.33138 0 3.70303 13.7349 0.910845 2.66719 6.32942 
16.0384 46.3712 10.4149 0.0238252 54.9841 12.905 24.6717 138.662 60.1621 58.7268 113.084 33.3089 63.3949 10.3947 27.4274 18.3257 19.3144 37.0114 13.5499 0.0117782 18.7696 10.061 14.4487 0 11.3071 4.11976 18.8786 4.34066 
472.325 456.436 0.200493 444.306 8.16481 432.554 80.4324 56.3042 488.522 0.126593 141.216 730.698 3.25564 16.5861 26.8857 33.9247 408.826 36.428 0.0272816 2.7779 2.6335 82.1681 25.2144 11.6491 0 82.4333 131.045 21.416 
70.0994 45.2874 26.3092 39.0264 61.409 27.0878 92.6387 219.166 108.616 25.3367 62.5062 46.5029 54.8147 0.41492 3.86084 2.04672 27.3368 7.93752 0.376927 2.93522 3.2826 6.37044 9.97999 7.35896 43.7877 0 23.5315 21.1541 
17.8669 54.5834 17.8316 14.5078 41.2684 18.0427 39.4489 0.00248664 73.29 30.2286 1.60415 58.7815 39.0288 11.1358 9.01367 10.64 22.4187 36.821 0.81765 0.0795706 29.6656 0.259994 6.87306 17.6081 51.1331 36.6568 0 91.7247 
23.2352 6.13244 0.812384 21.4634 5.68056 7.96407 19.8914 58.6634 47.6547 0.840879 107.706 50.0873 6.53208 11.1028 17.7186 14.887 24.3936 39.4707 8.16766 4.60843 25.2644 9.30796 0.341872 0.0799822 35.5941 7.89677 38.9493 0 
