0 529.545 154.145 721.877 69.2383 566.42 21.4788 291.289 661.892 8.18886 186.95 228.561 81.1764 43.3998 15.6972 28.719 463.528 127.357 1.5122 43.4855 164.962 10.0294 0.000265086 51.869 441.148 25.5755 50.4133 0.456615 
485.481 0 40.3127 743.62 528.172 459.496 432.866 192.333 633.953 119.375 154.834 79.2078 60.3909 64.7331 0.298687 43.388 512.675 974.382 37.1302 80.3186 0.71118 51.4132 0.00357994 38.0577 486.45 75.0671 53.0697 22.479 
4.85278 434.741 0 114.614 30.25 6.9739 149.676 263.011 35.1617 61.2666 95.8289 179.838 57.3929 5.40463 13.0992 12.6398 0.00147374 18.0603 60.2813 3.70786 126.665 0.427985 11.6203 8.44287 12.8287 16.6578 17.7649 0.520733 
678.625 536.027 55.097 0 158.601 442.856 168.621 239.831 734.854 61.9545 189.07 259.672 36.4468 6.72471 38.9155 12.7439 493.746 144.603 1.64521 33.9982 115.436 0.434544 12.4603 0.0207998 458.105 34.4157 3.54313 16.5831 
240.233 248.969 0.577126 2.53574 0 376.914 54.8357 18.1693 334.8 82.2763 254.882 0.340287 34.3195 22.8474 42.6499 17.5207 142.473 32.7786 22.2784 0.227066 112.129 40.0406 5.45592 0.0337099 2.92078 11.4062 24.0979 0.0170352 
528.956 665.049 9.50698 447.227 130.485 0 817.307 206.872 908.995 779.647 0.289789 157.338 572.094 21.8478 40.5667 11.5306 450.044 123.578 64.6728 18.8355 76.9986 10.8679 5.65045 17.2592 455.406 22.1612 9.25354 0.00992335 
3.70502 416.757 113.534 0.287349 427.054 839.023 0 251.742 0.338067 2.14538 370.842 13.7267 184.12 58.8041 112.226 8.49401 100.727 0.0492621 114.775 88.4807 91.1706 30.5932 34.9377 17.9856 27.2049 81.51 16.8054 37.7402 
2.96121 233.103 0.324507 451.91 13.1061 35.205 311.474 0 64.2254 84.6961 196.224 283.88 129.238 0.000873776 181.97 220.913 35.8084 51.1847 14.071 95.8723 5.86785 56.6861 90.8735 125.339 191.447 37.0273 26.8309 134.733 
536.895 493.821 24.968 491.247 50.2811 874.817 549.278 656.418 0 53.6674 1272.87 397.486 168.372 9.70742 123.009 9.4521 453.65 70.4926 0.119911 91.5553 162.013 16.8113 101.266 100.054 488.557 142.546 9.46156 54.0413 
105.799 90.6867 86.1896 22.8899 163.425 186.363 507.567 5.49535 259.564 0 562.792 11.6931 147.971 76.2974 42.6294 88.9833 69.6861 92.8028 84.3419 0.870124 5.28698 47.9105 57.005 25.1009 0.326255 5.31369 8.13478 0.0630018 
113.05 267.726 107.704 23.8883 117.591 60.537 451.659 218.4 13.4294 1.51165 0 303.336 251.893 202.211 1.21668e-05 154.214 1.71788 11.1394 94.7033 71.1125 30.7408 53.9851 48.5849 73.3441 8.7166 78.7552 36.8319 37.749 
176.47 100.365 11.8448 184.318 177.363 114.058 104.419 646.757 6.51714 162.728 11.7872 0 153.913 2.61209 261.238 314.073 84.905 118.244 6.84944 94.5775 133.278 43.3746 110.032 115.305 325.002 396.702 21.6941 175.904 
19.6153 5.54789 10.5497 69.7451 4.38081 51.0549 4.18428 15.6716 194.794 137.358 129.878 103.031 0 0.0127372 114.402 83.5674 11.2777 96.1911 38.5206 19.377 3.33559 75.51 0.00868071 51.3236 40.6288 10.8948 35.8866 41.8508 
49.6623 5.6435 0.520712 13.0891 16.4464 21.8379 46.0637 113.317 0.893303 17.9073 161.684 165.492 132.802 0 0.964675 2.12692 5.4695 27.4771 27.2797 0.103903 3.04361 0.04023 4.20321 9.40475 16.5479 9.90876 8.82574 11.8211 
70.8829 96.4317 0.00210381 39.4219 85.3253 3.55789 85.1583 43.3658 118.128 107.923 18.4477 162.148 89.3073 8.49958 0 5.18215 25.5268 25.761 36.2914 0.705169 27.1188 3.72278 0.712467 22.4942 24.1163 0.131141 19.674 23.2988 
3.72451 51.4919 18.2561 0.09637 63.1538 3.01068 35.3891 110.008 135.325 17.1348 151.581 250.686 68.2377 17.833 3.57276 0 0.0564593 50.7949 26.1835 9.01445 24.8886 7.35244 10.2157 5.93733 27.4589 3.77896 9.67951 18.5248 
479.656 492.243 38.1633 448.414 60.1071 448.2 0.101013 45.3761 460.975 71.1998 6.92287 8.8139 53.7954 21.7963 1.75768 8.24154 0 61.144 331.363 22.2883 3.34423 17.7909 0.16952 13.6767 462.284 26.3041 0.865565 19.2204 
9.32023 372.056 105.107 33.4175 32.1267 5.16476 3.83216 14.5815 4.18668 100.047 86.0016 124.095 65.2883 53.5918 33.3503 4.64501 18.0188 0 105.937 0.170788 64.5172 0.287476 37.9138 6.05861 30.8089 9.55176 44.9245 42.5306 
84.6102 23.7097 31.3766 49.0796 25.1615 7.40603 152.497 14.4462 79.7535 123.321 121.856 90.1291 7.56592 8.18181 15.7869 1.59589 195.032 82.0907 0 0.240066 34.7492 21.5708 6.87345 7.44629 28.7504 30.5874 4.3866 9.54414 
221.308 104.341 1.36679 33.6717 2.95881 11.9293 20.2789 43.0926 30.2599 34.9072 38.9003 63.0481 37.7092 2.2561 10.2261 7.11809 11.2507 1.63857 11.6969 0 128.927 4.94119 4.11696 3.5291 12.3778 5.6923 6.7051 9.19643 
182.479 17.3123 123.657 9.81722 129.644 64.6567 110.4 14.7539 161.037 1.42742 66.8091 38.3605 51.9292 44.8467 10.0134 51.0071 1.83622 80.4541 0.907827 53.4524 0 18.4308 27.1744 37.9463 27.6893 13.2583 39.9787 0.426919 
36.7041 48.2424 12.5811 16.0125 56.9428 0.00860062 32.4132 53.2623 18.9269 15.4396 64.0614 64.1592 15.5376 7.73287 14.2733 11.0016 16.1865 2.72273 20.3157 0.289866 32.8446 0 1.79742 0.353634 17.3093 10.288 0.258877 0.0330994 
24.8827 0.201077 4.85409 0.0212923 1.6241 10.3131 32.1863 45.5128 99.5211 55.1404 17.2333 122.758 1.14505 3.24572 7.4403 11.7199 7.25071 44.8818 22.5444 4.09384 24.8176 1.86777 0 2.09113 12.7936 0.767035 2.44184 6.51449 
17.1294 45.2855 10.0655 0.0844657 54.6417 13.2586 26.2639 138.19 62.7254 59.2095 110.086 40.6212 64.5788 10.3402 27.8071 20.5382 19.4557 37.6466 13.2089 0.00450669 17.963 9.64949 16.5022 0 13.752 3.65678 19.0092 4.04242 
506.756 488.179 0.349935 476.989 9.04169 466.124 78.7786 64.59 525.635 0.0184693 139.221 990.308 2.74357 16.5384 26.1112 41.6761 441.993 35.423 0.0619882 2.57924 3.12943 62.7968 25.1418 14.9379 0 43.2398 147.99 79.0329 
68.6917 43.1916 25.9344 37.9062 60.3655 26.8313 91.0514 225.155 112.812 27.4704 69.2054 24.3078 54.5976 0.567166 3.08127 1.25387 27.3094 8.72235 0.493939 2.73304 2.71873 6.54113 9.86953 6.81734 43.925 0 22.0526 25.6906 
18.6476 54.6088 17.6437 15.0296 41.7624 17.8388 38.4585 0.034756 72.4564 29.4488 2.109 55.3632 38.9273 11.182 8.62017 11.0724 22.401 36.3786 0.719834 0.106075 29.09 0.314534 7.16053 17.8816 50.3465 36.0416 0 89.2292 
22.0837 6.86204 0.640721 22.2257 6.25766 7.53861 18.5145 63.0445 50.0342 0.575693 108.511 43.4992 7.06307 11.2329 18.2306 14.1912 24.3666 38.8228 7.84178 4.43308 24.4269 9.39647 0.414505 0.0386311 35.9296 5.06507 31.2328 0 
