0 850.28 182.477 536.092 146.526 420.965 262.918 101.779 552.151 106.631 114.802 63.5543 81.1224 12.7447 6.67536 10.2285 351.137 36.3062 13.8548 83.3429 34.8134 12.1593 31.2088 2.10476 309.393 34.4581 42.4369 57.0169 
818.251 0 6.81175 601.741 152.17 300.653 13.8822 275.027 573.972 86.4941 144.103 139.788 14.4432 56.5204 18.9368 35.7139 365.712 859.782 0.0181207 0.184896 143.189 33.8923 52.1202 19.8861 358.084 43.4941 36.9338 59.8493 
21.0502 467.327 0 297.849 28.5089 24.7839 1.28935 182.484 236.209 83.1314 2.4936 24.2456 50.5296 0.848341 2.51876 8.51588 8.29808e-05 154.422 28.0905 27.3237 125.173 0.549961 5.34797 15.544 13.6409 0.000940642 13.2181 21.3904 
578.25 446.104 338.321 0 92.6326 337.415 133.476 791.652 289.103 62.1753 15.5916 149.068 72.9726 0.409972 10.0982 23.1668 312.132 117.902 8.02176 4.99681 493.783 0.04045 12.055 0.332584 331.019 0.250284 27.5028 0.837519 
4.22233 493.39 0.342321 62.2834 0 193.577 417.014 208.986 348.354 29.1677 257.923 0.778786 161.009 69.5677 69.0195 69.9501 23.7338 10.8138 42.6811 27.969 18.3579 0.278529 56.3646 43.2126 57.4992 44.9005 20.1936 22.7677 
392.265 419.016 0.246977 297.09 378.001 0 512.892 18.1178 751.457 446.937 206.323 72.0491 465.285 11.6921 27.5892 27.1205 315.292 0.05174 72.6705 21.4302 36.6472 12.9513 16.4469 0.68643 289.837 23.8712 18.8817 22.5351 
249.261 21.1678 245.802 11.2909 36.9498 956.94 0 68.7577 1230.28 289.653 45.2504 139.962 219.182 8.39338 142.035 74.5361 44.1805 11.3766 90.1152 40.3423 50.2088 45.8158 71.172 9.5277 38.9659 19.236 58.4102 18.8229 
244.629 12.8448 48.7608 440.171 213.427 213.808 27.9278 0 276.72 0.677405 373.858 346.068 147.365 126.317 17.6932 250.668 38.921 64.7936 114.338 21.6513 207.971 8.5218 96.7597 87.0615 24.2323 54.9272 6.70447 17.9639 
316.828 581.515 437.55 618.088 28.0274 636.688 1065.38 243.909 0 4.76011 33.7294 364.673 8.93985 18.0025 133.728 46.8221 350.807 114.396 51.9945 94.5104 176.59 12.4531 97.7037 98.3429 416.433 14.5445 45.0507 99.5883 
107.617 115.025 103.08 68.59 332.371 114.477 225.408 107.333 78.4265 0 1.16727 0.980356 195.284 58.2783 130.253 64.2419 0.247093 127.261 67.8469 45.7986 95.4982 9.14505 53.7227 6.30994 2.07359 40.0289 5.82242 54.9686 
0.193101 267.234 240.518 78.2343 185.962 85.8752 2.56273 8.30682 784.287 586.925 0 16.218 156.983 165.095 369.788 2.96117 67.7441 45.7335 129.097 49.3361 13.7915 32.7197 131.075 57.6335 112.895 54.7519 48.271 52.2042 
176.482 118.473 85.0956 17.2361 176.33 137.898 2.55725 66.1694 40.2002 219.249 137.836 0 154.459 129.847 270.81 63.491 60.1044 2.23463 78.608 57.1658 142.999 50.8027 9.75296 146.49 342.907 86.4304 2.16321 140.686 
37.6096 4.74687 5.70534 49.8739 178.423 13.2585 55.7526 2.048 0.00046552 182.965 12.6198 101.574 0 3.84755 10.112 3.4164 10.7546 12.6908 83.3485 1.23234 39.2089 0.00240586 1.06018 12.799 14.6554 33.5439 37.6381 37.4559 
5.83052 16.2252 4.64172 21.3613 8.57283 14.8767 83.5016 11.6387 24.8445 13.8672 22.3594 68.7481 114.022 0 14.359 0.0417709 7.33656 51.0729 13.5437 2.03483 9.87265 5.96107 0.303408 10.2013 12.6583 11.443 0.297033 0.602829 
27.3489 77.525 22.6081 13.2061 63.6981 19.1672 132.653 184.599 122.942 12.2044 404.372 132.028 0.0749929 0.000319697 0 83.021 29.9824 46.8966 0.916152 6.25137 16.2523 0.0562101 2.50512 4.94285 6.03003 0.136774 0.665403 21.1736 
17.9917 58.8219 10.1679 1.71624 9.21498 4.89292 40.8017 59.8403 92.5568 79.8125 3.6265 112.069 9.46976 13.6258 87.1963 0 3.36893 3.31306 2.13166 1.20735 58.8107 10.6866 1.20601 1.19676 4.47064 14.0435 18.5885 14.4376 
299.622 386.439 37.8332 337.495 112.074 312.99 31.0441 29.6741 401.273 0.517984 93.1712 17.1416 5.54251 21.1258 1.50881 16.4694 0 266.988 571.288 4.5486 13.4581 21.2263 0.901034 9.04333 313.29 23.0893 13.3583 23.9403 
80.0939 27.3165 42.3813 109.707 63.225 114.217 25.4597 23.4783 200.276 132.13 39.7162 4.32691 36.7326 16.4865 31.8365 48.6413 83.2298 0 35.8342 1.35525 13.0629 1.75011 44.9171 27.3385 59.2844 30.4133 43.4948 50.6367 
105.576 101.198 61.0822 37.4212 46.4835 13.3237 34.9559 50.2102 3.6625 8.87918 119.813 1.12178 35.3873 2.4735 26.1098 12.193 47.1665 58.6681 0 35.6977 1.80405 22.9631 13.0216 11.8126 20.1009 18.8749 15.1866 11.0719 
117.161 125.701 15.9469 4.78127 48.8807 15.3669 73.7279 111.027 26.3439 50.4038 14.1142 14.4096 31.7555 0.178462 7.00969 3.41013 29.8814 4.08773 22.2894 0 255.438 6.35931 3.98929 0.167808 0.336329 4.94927 5.89348 11.5099 
111.978 101.674 120.629 102.466 47.7327 6.61133 70.9429 167.872 177.235 97.0555 148.785 28.2706 10.4465 26.8034 34.5933 36.8108 38.4211 4.87198 53.6704 231.84 0 3.00714 13.6542 40.5657 18.7605 57.5104 38.453 15.0448 
37.9625 47.6526 10.2593 13.861 18.848 20.1131 44.172 60.6452 10.6524 53.7643 8.96853 27.8829 39.3271 0.565601 17.415 6.81953 7.02243 0.757308 21.9021 0.276922 24.304 0 13.1965 9.14258 15.603 4.95621 0.0430688 0.149014 
0.85347 54.0617 11.8713 17.7818 42.828 0.0412945 0.253878 56.3959 102.009 58.0372 55.075 1.05888 0.00275759 0.055957 19.2885 0.195185 2.25039 37.7047 19.0914 4.0634 11.3678 13.2698 0 20.1524 16.9076 0.107081 8.14633 1.03917 
47.367 20.4877 0.131779 1.01294 21.2036 11.8029 71.7875 35.7897 78.9342 57.5156 17.8437 186.495 29.0428 7.74218 20.0418 26.4898 20.9608 15.0318 17.4804 2.66388 47.9274 10.9236 0.02484 0 38.4084 15.6081 19.2127 2.65786 
348.129 289.733 0.19298 315.435 48.4062 307.141 69.1097 80.2764 292.112 3.48664 0.144478 1020.24 52.8805 14.2583 4.19161 54.1564 293.333 58.1463 3.07281 13.8074 48.2777 8.88173 20.0111 33.535 0 112.027 145.596 95.1208 
61.672 10.4681 17.6881 1.3517 1.73664 25.8223 85.8062 45.6857 77.2476 0.770688 45.9267 359.905 0.695269 4.88075 1.09643 9.36469 26.606 31.582 6.73805 10.4399 54.1597 0.847698 7.03796 13.3426 42.5644 0 14.733 32.7437 
0.430613 44.5426 13.4176 4.88564 38.7454 19.2721 58.6727 54.0111 31.0905 47.0917 83.7494 90.5936 39.3182 3.01042 12.8425 18.1448 12.5462 28.5206 2.11352 0.32567 31.3239 0.0240178 9.52164 19.0851 45.5683 31.5892 0 38.0349 
48.3916 38.9544 16.7716 33.072 7.21184 18.4961 38.0943 33.7845 99.3091 53.1864 110.261 113.846 3.47979 3.70272 22.0841 18.722 20.9075 49.2127 6.454 9.61631 50.127 9.77745 7.64946 9.5476 27.9167 61.0641 91.5013 0 
