0 316.969 173.437 378.434 51.4473 273.721 34.3217 300.846 352.718 12.2744 182.597 227.217 84.6333 41.9531 13.455 32.3499 172.266 143.681 0.53664 9.89942 181.833 9.24863 0.0333236 50.6055 144.883 28.8727 50.0392 0.856876 
257.87 0 116.865 430.361 529.594 151.984 367.433 171.471 380.082 137.934 137.12 91.2488 67.3332 66.2545 0.00652969 39.6717 225.93 1070.37 28.5743 90.4707 2.39374 51.593 0.0878523 40.0253 194.099 72.8666 53.495 20.5943 
14.1939 359.059 0 35.0515 43.5326 3.70492 177.624 247.194 93.9035 53.4723 118.47 184.618 54.6628 6.1548 11.1406 13.9927 0.137486 10.9449 61.0337 4.88911 125.019 0.549785 11.8505 9.04336 11.575 18.0082 17.4445 0.788634 
328.966 204.243 32.3295 0 161.908 145.45 154.25 823.369 459.733 67.8842 195.935 255.95 39.275 5.86988 39.285 15.3646 197.782 145.79 2.61782 37.0295 672.598 0.570333 13.1109 0.00646688 160.724 32.0902 2.98709 15.2586 
225.667 327.161 3.90807 0.479484 0 327.592 24.8852 11.9961 347.03 54.0889 259.034 0.000246612 42.6179 25.4109 38.2755 20.042 146.645 22.8434 42.681 0.906894 108.311 41.5222 4.46773 0.166984 3.86495 9.64223 25.2201 0.112933 
241.671 357.174 14.1402 155.653 164.141 0 1107.51 198.934 583.497 871.513 1.37991 158.678 137.436 21.9522 39.4939 10.1934 156.927 122.373 58.9944 19.6933 77.1727 11.5735 6.2461 16.9754 159.138 23.1123 8.72556 0.00303109 
0.40523 348.388 84.7527 3.17188 406.292 486.853 0 210.314 145.915 4.71867 416.917 6.41414 172.246 63.752 103.72 11.7963 98.1244 1.49021 122.629 90.5869 85.2057 28.5938 37.8177 15.6649 30.9267 85.1277 15.3028 35.1588 
0.0953916 249.561 5.59694 357.906 7.91004 49.0492 273.731 0 18.518 71.3625 227.35 513.156 133.154 0.356685 184.595 238.959 38.8593 43.9895 16.9923 100.175 2.71146 58.0242 87.8125 129.841 187.261 54.7132 23.4527 133.263 
259.68 173.385 1.00782 170.358 30.4926 612.383 960.496 661.422 0 28.295 1509.45 403.003 158.902 8.69401 157.922 14.7265 155.764 81.8731 0.91555 88.0775 155.464 18.573 101.979 100.227 187.162 141.619 11.1051 57.9304 
97.8759 108.989 79.2173 18.1155 198.306 335.674 503.03 10.647 219.143 0 497.311 19.9381 108.604 78.9942 53.2982 90.5876 67.272 86.1568 78.0222 1.46692 6.88626 45.8674 55.6402 22.6245 0.043797 3.59025 9.1564 0.000124854 
122.734 266.453 85.3817 34.41 134.514 38.7983 475.964 187.11 71.1838 28.4246 0 360.989 254.033 191.624 10.9998 174.078 2.57208 14.9915 99.2708 73.4445 26.1715 51.5636 56.3132 80.4103 5.1751 90.0316 39.6838 42.3683 
187.461 112.747 19.4609 205.478 178.903 122.397 124.139 854.824 0.553379 146.315 36.2392 0 156.229 0.449866 270.81 405.508 83.9672 113.37 8.54825 93.2563 139.099 40.9538 104.866 129.699 280.125 397.354 26.185 176.363 
16.6123 8.50877 8.3986 70.8157 8.0443 21.4893 1.04359 12.1058 188.965 177.742 147.788 96.166 0 1.66404 117.327 84.1805 12.6993 98.182 41.7191 20.6109 2.55365 71.378 0.287777 54.2771 38.93 9.40251 35.3611 41.2 
48.6525 4.23533 0.281891 14.0368 14.2173 21.6213 40.9597 108.723 0.101028 13.9325 177.83 162.59 143.913 0 7.09082 3.68027 5.03823 25.9079 27.1194 0.070424 3.69622 0.00126896 5.74049 9.86574 16.6044 9.32837 9.09015 11.7108 
70.1782 96.7611 0.157036 39.4451 87.8441 5.17892 75.3043 32.2348 136.75 98.6057 0.998586 132.027 96.6564 1.56128 0 0.00694702 24.9591 28.0344 36.8483 0.880829 28.9515 3.15577 1.68552 20.4858 22.5822 1.47542e-05 19.5203 23.1318 
2.31227 55.0833 17.0248 0.0134195 60.9562 3.91843 40.7622 82.5065 128.657 21.7338 171.675 351.257 64.3446 18.7916 15.9197 0 0.0125992 52.2609 26.7848 9.17231 27.1438 7.7838 10.9064 3.17102 29.8016 2.08033 10.3983 17.557 
180.175 189.129 40.424 155.049 68.6953 154.97 0.0110212 48.5235 169.175 68.883 5.49655 10.3337 55.1311 21.9045 2.13625 7.65157 0 87.607 352.508 23.3004 4.18886 18.0849 0.105178 13.2596 167.506 26.5396 1.02234 19.6124 
3.97753 444.628 116.842 41.4213 43.4389 2.74431 8.67064 10.4478 8.0789 93.593 78.7373 119.532 61.7822 53.5191 31.0248 5.73897 6.21556 0 113.31 7.5755e-05 60.0087 0.455301 37.0799 5.25895 29.1186 10.9596 44.9373 41.566 
79.6842 31.7072 28.3377 46.7888 46.4835 4.4112 155.235 11.7329 87.3445 122.505 124.109 91.9983 5.84686 8.90708 14.5534 2.00939 220.756 90.2979 0 0.0814103 36.843 21.1441 6.36795 6.92827 29.1245 30.6539 4.74639 10.1094 
222.407 94.855 0.747105 36.7268 1.55901 12.9866 16.6228 37.5893 34.6549 36.9383 35.7843 59.2537 36.8602 2.38198 9.98045 7.40383 10.251 0.7409 10.5561 0 191.808 5.04299 4.11197 3.69949 12.6217 6.08504 6.47032 8.95487 
165.656 23.2948 120.359 38.2557 128.069 62.3948 105.084 21.0717 154.391 0.741898 72.6157 32.3331 53.8483 44.6616 11.4352 52.7539 1.28467 76.1076 0.50189 16.1423 0 17.8285 28.091 36.8126 29.6066 15.0802 40.5552 0.714424 
36.1591 47.5329 12.6055 16.1771 57.0087 0.062041 30.4102 51.7018 20.7538 17.5886 66.017 62.3109 11.7505 8.21609 14.8116 11.2305 15.837 2.29537 19.8415 0.240819 32.8385 0 1.14596 0.620494 18.2119 10.4022 0.351221 0.0638084 
26.2414 0.0449474 5.30393 9.09876e-05 2.25877 9.70793 29.3393 40.9437 97.8218 56.5714 12.2861 119.787 0.195593 4.75997 5.4098 12.1126 6.8802 44.9999 22.7059 4.07679 25.7732 1.20365 0 0.386056 11.2314 0.555283 2.08795 6.8147 
18.9701 43.4481 9.47967 0.264808 54.0015 13.8228 28.9299 136.621 66.868 59.8408 104.702 53.7436 66.3032 10.1294 28.1181 23.8303 19.6762 38.6639 12.6453 1.13686e-06 16.6506 8.94979 19.174 0 18.0748 2.93914 19.1677 3.56586 
213.065 190.167 0.684548 180.425 10.567 171.101 75.8569 78.8018 236.318 0.0512525 135.239 310.206 1.99151 16.3996 24.7324 63.9383 146.391 33.754 0.14967 2.26465 4.03352 23.0118 24.9163 22.3152 0 23.3932 19.7429 134.858 
66.1977 39.7342 25.217 35.8859 58.5491 26.3292 88.1175 231.826 119.262 31.0621 80.425 2.96825 54.1345 0.866708 1.97197 0.360751 27.2396 10.0814 0.720399 2.41141 1.90148 6.8196 9.66148 5.94079 43.8332 0 19.5796 33.4073 
19.9483 54.5943 17.3133 15.8848 42.5472 17.486 36.8071 0.33102 70.9849 28.151 3.08611 49.7738 38.7278 11.2433 7.97692 11.7766 22.361 35.6305 0.57195 0.15792 28.1307 0.415341 7.63215 18.282 48.6242 34.7964 0 82.4371 
20.2158 8.14152 0.40132 23.4511 7.26097 6.85129 16.3202 70.2945 53.9498 0.247413 109.51 33.3675 7.97387 11.4255 19.0348 13.0221 24.3067 37.7305 7.31369 4.14717 23.0508 9.53592 0.548614 0.00294456 36.3216 1.69929 19.6 0 
