0 914.857 185.259 603.745 150.326 479.865 261.84 97.6291 610.323 105.242 116.54 61.3813 80.4889 13.016 6.96743 10.6778 410.614 38.4565 13.2379 92.948 32.5188 12.0095 30.9781 2.23964 368.553 35.0739 42.6171 56.8413 
886.586 0 12.0481 660.83 139.622 361.391 18.6391 276.877 625.814 83.3226 140.931 137.639 15.1936 56.1156 18.2915 35.0591 422.899 301.291 0.0800959 0.0753933 141.826 34.1215 51.9391 19.547 416.432 42.8768 37.1647 60.0365 
23.6018 462.31 0 293.824 30.6917 23.7371 0.644678 177.373 220.535 81.8823 1.73689 25.9315 49.9965 0.911247 2.71339 8.28665 0.00252759 155.41 28.632 27.3839 124.778 0.52714 5.26708 15.5237 13.415 0.00612485 13.3101 21.4431 
644.191 497.255 337.449 0 94.6773 395.324 130.438 675.432 348.165 61.1034 17.0534 153.384 72.9437 0.365957 10.4138 23.6642 370.431 116.599 8.34673 5.37828 29.0428 0.0337592 11.936 0.380136 389.84 0.184191 27.5203 0.764753 
5.22346 485.791 0.645324 60.2843 0 174.574 420.655 210.039 349.857 32.8081 257.214 0.601707 159.921 69.6628 68.3115 70.2072 22.6217 9.68823 46.9098 27.2149 17.7274 0.320912 56.3467 42.9558 57.2216 45.3264 20.391 22.4963 
452.248 473.167 0.396739 355.229 1007.76 0 1060.26 16.4203 814.617 555.579 210.637 70.3508 680.086 11.8851 27.137 27.0753 374.42 0.0133896 71.7948 21.5513 36.1185 12.8289 16.4419 0.642481 348.465 24.0224 18.8342 22.4994 
251.14 26.9126 247.01 12.7921 42.3781 955.184 0 74.4266 1261.95 275.073 39.3264 136.368 219.028 7.88497 141.807 73.6357 43.4053 12.5804 88.5017 41.1596 49.1696 46.1333 71.3035 9.86222 39.6734 19.9328 58.2962 19.2268 
248.185 14.4589 52.9104 446.996 214.303 214.218 31.8069 0 294.14 0.430601 374.245 306.567 147.179 126.358 19.1729 252.465 38.3724 63.3964 114.546 22.4599 207.885 8.7463 96.3836 85.6226 26 51.5778 7.05636 18.8516 
377.556 646.825 428.82 677.658 25.0801 708.672 1003.92 227.074 0 6.54151 870.516 368.424 9.81692 19.234 143.541 48.4468 410.226 112.262 50.7145 93.9636 177.33 12.1775 98.04 98.1269 474.954 13.6605 44.616 99.604 
108.989 111.708 102.235 69.6273 331.913 130.889 240.022 109.833 72.5252 0 3.30921 0.635983 202.378 57.4371 130.856 63.315 0.190845 126.429 69.0296 46.0917 95.2635 8.83877 53.4178 6.036 2.26115 39.3694 5.66823 55.1092 
0.0977669 266.924 239.999 75.6228 188.688 90.6083 1.26528 6.73414 807.686 592.566 0 20.1717 160.098 168.064 362.489 2.13497 67.2718 46.8874 129.145 48.7793 14.3994 33.1731 130.668 56.3565 114.142 56.6539 47.7617 53.0612 
174.422 116.261 82.6299 19.4772 176.719 136.728 3.28015 46.8928 36.3837 217.311 128.436 0 154.893 128.015 271.843 51.6261 60.5087 1.99497 78.1342 56.4738 143.938 51.2128 10.4442 144.233 353.93 96.1897 2.43833 142.434 
38.2968 4.31635 5.40194 49.4022 178.326 15.1901 53.3981 2.3114 0.0283048 175.751 14.0528 100.353 0 2.93548 11.012 3.08929 10.5124 12.2794 83.1602 1.15981 38.8419 0.00255135 1.3028 13.2737 14.9506 33.8794 37.5724 37.6181 
6.02953 16.6433 4.51605 21.4533 8.89092 15.057 84.1287 12.3768 26.0554 14.5472 24.6049 70.9077 116.783 0 16.4625 0.0860077 7.25146 51.1902 13.6837 2.01261 9.68983 5.86405 0.406862 10.1552 12.7781 11.5194 0.315908 0.56981 
26.8661 78.1744 22.9522 13.5467 64.4391 19.6412 131.733 184.852 126.55 11.0831 401.698 126.632 0.0165908 0.0848325 0 84.8514 30.0006 46.5071 0.848728 6.18876 15.9592 0.0715551 2.26118 4.62485 6.2793 0.189279 0.70794 21.0679 
17.438 59.4318 10.4066 1.91705 8.87638 4.70719 39.8308 55.6035 90.8406 80.4819 2.70616 96.9524 10.0128 13.9799 85.8181 0 3.29256 3.15602 2.21231 1.16871 58.6041 10.6369 1.10649 0.938939 4.53835 13.513 18.5561 14.6423 
357.843 446.572 38.2456 396.478 110.682 372.113 31.7594 29.1606 459.805 0.435034 93.0009 16.7976 5.7268 21.1627 1.44933 16.3587 0 269.686 440.596 4.41871 13.1957 21.2212 0.93029 8.96651 372.056 23.1731 13.4268 23.9644 
77.3156 35.9566 40.4243 111.114 65.6853 114.878 27.1861 22.5061 199.053 131.395 38.625 3.99301 37.3414 16.7457 32.2517 48.3519 88.1831 0 34.5791 1.18663 13.5619 1.81507 44.8927 27.1178 59.334 30.0752 43.4352 50.5855 
105.002 103.114 60.9735 36.9473 50.858 12.5599 33.6128 50.972 4.08678 9.50368 119.317 1.00495 35.9517 2.39399 26.3202 12.0393 48.9887 57.2255 0 35.764 1.68958 22.9012 12.9225 11.7116 20.2315 19.0166 15.2663 11.1751 
112.043 126.864 16.2347 5.15554 48.05 15.5487 73.0376 110.548 27.0833 50.1692 14.5318 13.9128 31.9499 0.18707 7.0712 3.35397 30.0067 3.79529 22.5052 0 245.7 6.3624 3.99526 0.177796 0.359483 4.88033 5.85081 11.5116 
115.298 99.9979 119.946 101.752 46.8525 6.31788 69.85 166.267 177.952 97.2327 148.899 27.289 10.6978 27.0208 34.2714 36.4072 38.0921 5.19008 53.3404 242.067 0 2.94506 13.8221 40.7413 18.4441 57.2878 38.5737 14.8208 
37.884 47.782 10.3031 13.9153 19.1244 20.1478 44.4985 60.8453 10.3936 54.0426 8.6787 28.3016 40.267 0.609555 17.3917 6.74033 6.95439 0.715025 21.8299 0.285939 24.209 0 13.0593 9.01627 15.4219 5.00726 0.0370195 0.158865 
0.789681 53.9175 11.8329 17.8497 42.5605 0.0531164 0.196708 55.5737 101.917 58.2267 56.4697 1.30386 0.0272197 0.105532 18.9298 0.154881 2.20642 37.8514 19.1669 4.06729 11.5275 13.1346 0 19.8766 16.651 0.123343 8.22901 1.00519 
47.0922 20.8309 0.112792 1.09363 21.4967 11.6918 71.8082 34.4992 79.564 57.3164 18.7403 186.087 29.645 7.60195 19.6559 26.8833 20.9688 15.2379 17.3905 2.63359 47.9099 11.0333 0.0953872 0 39.0242 15.6866 19.1949 2.73316 
406.395 348.529 0.231967 374.515 48.0562 365.641 68.4894 77.6906 351.169 3.72608 0.0656426 519.148 53.0315 14.356 4.40748 57.6799 351.947 58.2414 2.99124 13.8011 48.0006 9.67336 20.25 32.7705 0 111.284 146.411 75.7263 
61.1512 10.0626 17.9269 1.19326 1.87637 25.7081 86.4045 48.8933 75.7703 0.908133 47.7393 352.677 0.620604 4.76686 0.965896 8.88311 26.6434 31.2439 6.61773 10.4876 54.4293 0.875454 6.96504 13.471 42.7438 0 14.3016 31.3588 
0.475481 44.7336 13.5088 4.76875 38.9087 19.3118 58.777 54.7057 31.5184 47.1446 83.5754 89.7169 39.3148 3.06194 12.9537 18.0943 12.4768 28.3593 2.16009 0.340308 31.1606 0.0195546 9.44426 19.1133 46.1934 31.2531 0 40.3499 
48.6746 38.6042 16.8934 33.0623 7.0285 18.6002 38.555 32.6698 99.381 53.3694 110.241 111.737 3.36417 3.63219 22.1649 18.8839 20.8463 49.1234 6.36468 9.57697 50.056 9.79868 7.60065 9.639 27.9678 61.584 92.0308 0 
