0 855.088 205.687 538.711 16.9816 572.113 76.4323 307.826 609.068 25.616 167.98 216.918 92.5193 38.0649 8.46919 41.6572 479.891 181.671 0.265069 48.3076 217.142 7.39854 0.460413 47.0135 440.293 37.423 48.8135 2.38937 
790.221 0 368.097 645.346 437.306 441.029 178.901 118.043 771.026 181.667 93.2677 122.123 84.8268 69.228 1.17066 30.5342 543.56 319.198 11.4831 113.586 10.7825 51.7343 0.78507 44.7544 498.011 66.4703 54.262 16.0946 
55.3428 107.76 0 77.5583 82.7301 0.00608322 231.712 187.527 302.16 34.6019 173.644 187.838 47.2845 8.10105 6.6749 17.2592 1.433 0.776507 61.6203 8.3472 116.292 0.916793 12.2949 10.5055 8.55251 21.164 16.5352 1.6866 
496.552 444.522 175.561 0 163.147 439.92 112.361 72.049 767.736 81.7356 203.895 227.777 46.2357 3.91722 39.3144 22.2693 492.285 143.731 5.96225 43.3306 512.962 0.986523 14.6566 0.410174 452.607 25.7458 1.78565 12.002 
180.184 485.696 24.3092 2.44198 0 247.042 1.67352 2.03052 354.139 7.56522 259.907 2.28144 65.7255 32.0374 27.7714 26.7704 153.098 5.44847 113.873 4.53414 97.7005 45.027 2.4028 0.939319 6.75395 5.80289 28.0147 0.719911 
555.81 605.051 28.1328 463.528 994.769 0 875.866 169.128 707.502 354.831 28.754 157.016 687.596 21.7466 35.5488 7.03056 459.674 116.082 43.9412 21.5753 76.6123 13.3026 7.77689 16.0864 453.54 25.1646 7.42545 0.194589 
6.67625 159.832 25.7142 23.1642 310.31 83.2026 0 109.579 1091.03 116.966 483.522 0.194167 137.829 75.2556 80.0862 21.9803 90.4319 13.5844 139.493 94.0226 69.9746 23.6643 44.9338 10.4068 40.6663 92.5994 11.7634 28.768 
10.302 280.5 44.7452 187.709 0.578849 89.517 170.651 0 27.0959 41.2377 298.404 985.373 141.13 4.63021 182.169 259.895 46.6528 27.785 25.2419 109.083 0.0953765 61.0295 78.9043 137.198 167.978 107.264 15.7556 126.361 
602.276 440.117 77.9269 439.896 2.07066 861.609 1213.64 552.632 0 0.00730996 861.718 388.215 132.305 10.946 37.6266 32.1361 447.182 111.467 6.10067 78.2284 136.656 23.2047 101.931 99.0249 469.791 135.208 15.6756 67.381 
77.3095 155.041 60.2988 8.29291 276.09 512.123 386.84 30.2117 117.091 0 259.577 48.672 29.6654 83.3137 80.9432 91.6221 60.6709 69.1839 61.5598 3.6053 11.7132 40.3682 51.4042 16.7046 0.484043 0.725339 11.902 0.44351 
145.584 253.179 36.7028 66.5921 175.915 4.39094 476.338 110.821 454.186 215.581 0 475.168 248.288 153.088 121.38 212.603 5.42633 26.7804 109.613 78.5512 16.0931 45.3062 76.038 97.0309 0.306124 117.227 46.8522 54.2618 
210.073 143.316 45.1548 245.261 179.636 140.285 174.152 1006.58 14.2336 104.089 145.391 0 159.347 2.8818 266.01 492.355 81.0891 100.317 13.5175 88.679 151.703 34.8774 89.8216 160.815 316.475 313.253 38.6243 170.089 
10.0475 18.4026 4.00107 72.5791 21.6164 26.8843 2.39976 5.09262 169.653 270.512 189.987 78.5573 0 21.9753 118.999 83.3736 16.518 102.247 49.7031 23.7008 1.04572 59.6105 4.38628 60.812 34.4854 6.07458 33.9059 39.3366 
45.7247 1.56591 0.0025015 16.3192 9.21188 20.6342 28.6905 94.9027 3.12055 5.90249 206.158 148.072 156.433 0 37.7297 8.69415 4.01726 22.0101 26.5299 0.0149443 5.5732 0.141573 8.8706 10.3988 16.416 7.76491 9.69965 11.3083 
67.5219 95.6896 1.5959 38.6095 92.5744 10.2773 50.7469 10.7663 179.04 72.0878 51.2946 60.9329 111.148 8.98131 0 26.6137 23.4298 33.8241 37.9067 1.39629 33.5195 1.9089 5.65004 14.8058 18.4145 0.837758 18.9576 22.353 
0.235222 63.5753 13.7411 1.38175 54.8748 6.59185 54.618 26.3351 108.462 34.6594 211.139 494.668 53.4932 19.0983 65.1028 0 0.0405168 55.5312 28.1184 9.47775 32.8563 8.8129 12.1203 0.00103173 34.6648 0.0209731 12.1618 14.8677 
467.137 468.254 45.6019 457.17 90.3886 457.498 1.34518 56.3886 475.437 62.4858 2.62129 14.5758 58.1431 22.075 3.22837 6.23679 0 161.829 23.5109 25.7127 6.68026 18.7717 0.0110853 12.198 465.581 27.0008 1.46793 20.5401 
0.466403 441.182 141.955 63.3158 76.8319 0.00959778 28.6026 3.02932 22.9521 76.8181 60.9059 107.099 52.8799 52.9377 25.3033 8.91237 3.85827 0 129.534 1.12725 48.8323 1.0399 34.844 3.4834 24.9148 14.7945 44.7983 38.9927 
66.6704 55.2043 20.9103 40.6 119.088 0.262051 157.565 6.08766 105.753 117.412 127.976 95.9176 2.47359 10.7838 11.5698 3.23183 238.59 109.8 0 0.0516085 42.0557 20.0022 5.15986 5.68496 29.91 30.6301 5.69131 11.5478 
194.858 69.3843 0.00839941 43.1133 0.00350631 15.585 8.83108 24.8436 46.2173 41.7775 28.2025 49.5092 34.5249 2.69616 9.30487 8.06343 7.87831 0.0373681 7.87073 0 314.872 5.2852 4.0795 4.1177 13.1402 7.06234 5.87641 8.31551 
120.065 41.3156 107.92 50.0627 122.514 56.1563 90.8393 40.9554 135.39 0.000592391 87.1094 19.1132 58.4537 43.9058 15.2835 56.6109 0.331869 64.9614 0.00910741 20.9653 0 16.3163 30.2918 33.8045 34.3952 19.9598 41.8292 1.74727 
34.6559 45.5047 12.5972 16.5114 56.7598 0.407321 25.4396 47.5661 25.5162 23.2857 70.3929 57.2846 4.39155 9.29365 15.9752 11.6717 14.9313 1.3797 18.5933 0.137513 32.7257 0 0.139464 1.58705 20.2209 10.6252 0.641077 0.183773 
29.5885 0.143958 6.44625 0.158141 4.27424 8.16588 22.4507 29.9646 91.935 59.247 3.38937 109.348 1.27622 8.24673 1.54347 12.4736 5.9742 45.0544 22.9948 4.0146 28.0963 0.160808 0 2.16194 7.43459 0.170904 1.30724 7.5332 
23.7581 38.6364 7.98018 1.14347 52.0015 15.1166 35.7382 128.569 76.6113 60.5051 89.2227 90.296 69.2954 8.99262 27.1626 28.9067 20.158 41.0344 11.2328 0.0294177 13.4828 7.12762 20.2612 0 29.2581 1.43787 19.2503 2.46987 
513.054 480.094 1.98437 473.424 14.7834 468.277 67.612 115.413 546.711 1.27431 121.841 893.219 0.627225 15.7348 20.8317 79.0071 442.595 29.5386 0.53346 1.55339 6.74643 74.3449 23.8492 35.1358 0 87.0645 45.6009 112.918 
59.1256 31.2034 22.9265 30.0605 53.5309 24.6648 79.2232 230.099 132.388 40.2589 108.245 39.7784 52.4169 1.86106 0.253337 0.503552 26.9318 13.8089 1.46605 1.67731 0.486675 7.49652 9.00847 3.89399 41.9097 0 13.4468 51.3134 
23.2605 54.2518 16.3811 17.9801 44.3419 16.517 32.5999 2.37944 66.8035 24.8572 6.29363 36.3103 38.055 11.3154 6.41173 13.4685 22.2018 33.6631 0.275384 0.331487 25.6832 0.725697 8.78713 18.9944 42.0259 30.5609 0 54.7166 
15.7491 11.7334 0.0453814 26.3039 10.038 5.22341 11.2979 88.1119 63.574 0.0249144 110.192 13.0711 10.4318 11.7832 20.7989 10.0501 24.0739 34.879 6.0467 3.45259 19.6512 9.8485 0.959415 0.0908051 36.2396 1.2478 1.42279 0 
