0 788.653 210.471 349.387 8.37325 425.99 95.4519 303.879 447.198 31.8071 161.066 210.442 95.2294 36.4783 6.81268 45.255 339.43 194.512 0.99016 72.7087 227.32 6.72765 0.755229 45.4795 295.317 40.7735 48.2332 3.17724 
734.4 0 438.448 460.764 373.082 302.271 112.676 98.0805 655.065 196.493 77.2891 133.948 91.4719 70.04 2.3327 27.1382 406.289 262.137 6.80438 121.147 15.5222 51.6708 1.23704 46.4857 355.776 63.7048 54.4427 14.4571 
76.0355 36.5346 0 169.085 98.9011 0.41055 243.556 159.608 377.684 27.9069 192.42 185.676 44.2835 8.86161 5.18096 18.4363 2.28732 0.00471855 61.3466 9.82591 111.316 1.0813 12.4138 11.0458 7.45343 22.2647 16.1461 2.11548 
318.017 295.237 340.554 0 160.916 295.357 95.203 556.422 611.605 86.5292 203.278 210.698 48.8371 3.24777 38.984 24.9514 346.332 141.049 7.57609 45.1454 320.087 1.1754 15.2145 0.730675 306.033 23.1859 1.39892 10.7875 
160.314 518.969 36.1466 5.8726 0 162.929 13.8145 0.395886 347.699 0.820435 256.598 4.33871 75.2461 34.6375 23.9753 29.4876 153.986 1.8785 145.597 6.63476 93.2648 46.2912 1.769 1.40211 8.05829 4.5588 29.0826 1.09244 
416.333 436.922 33.9868 323.411 903.508 0 294.697 154.611 480.914 651.542 47.5621 154.484 221.411 21.4912 33.6081 5.91084 317.273 112.483 38.0798 22.1868 76.0193 13.9481 8.37458 15.6797 307.799 25.8162 6.93513 0.347398 
14.4854 96.3972 11.1389 35.1476 262.047 341.314 0 75.9582 1292.49 189.16 486.787 2.52461 123.409 79.2338 70.5224 26.5278 87.0616 21.2874 144.715 94.6166 64.0875 21.809 47.6019 8.61678 44.5155 94.8088 10.4922 26.3582 
20.61 287.88 67.939 165.278 0.00134278 106.299 131.807 0 76.6113 31.3106 321.241 1030.01 143.46 7.51792 177.854 257.732 49.6912 22.3466 28.7406 111.728 1.13116 62.0495 75.0615 138.442 157.616 128.816 13.1187 122.546 
474.46 297.439 149.478 300.143 0.0274288 654.923 910.182 473.809 0 3.82534 1013.9 372.074 121.275 13.4801 97.3452 40.1774 300.707 122.968 9.2712 74.0675 128.65 25.0628 101.215 97.9458 320.038 131.258 17.5976 70.8642 
69.3169 171.837 52.783 5.43711 299.063 457.644 313.902 40.0071 82.0498 0 166.236 62.3166 11.3289 83.9921 91.2161 90.8692 57.9442 62.6464 55.1471 4.66499 13.8697 38.132 49.4881 14.5659 1.08834 0.19816 13.0258 0.841731 
153.644 244.439 22.377 80.5507 190.846 0.200849 453.388 84.268 558.943 312.616 0 501.652 241.95 134.971 183.81 221.78 6.79131 32.0672 113.123 80.2181 12.7803 42.8415 83.5255 102.837 0.0134019 126.839 49.6004 58.8914 
216.618 154.585 57.0505 254.193 178.723 145.798 192.723 892.28 29.9864 88.1387 199.997 0 159.506 6.76066 253.415 456.62 79.784 95.0246 15.6899 86.4571 155.724 32.5485 83.3944 170.15 235.522 256.856 43.7774 164.956 
7.91108 23.0827 2.71258 72.9002 28.3639 46.4321 6.41308 3.16096 160.646 297.678 204.438 71.7338 0 34.9759 117.454 82.1791 18.0799 103.449 52.7334 24.8845 0.638949 54.6835 7.19485 62.9468 32.7155 4.96098 33.2935 38.533 
44.4541 0.877289 0.0185056 17.1508 7.52722 20.0928 24.2822 88.8514 6.14685 3.64965 211.49 140.011 154.807 0 49.5885 10.8045 3.64744 20.5295 26.2325 0.00447123 6.38523 0.285062 9.49001 10.3522 16.2191 7.13487 9.91307 11.1067 
66.1717 94.5624 2.53176 37.9546 93.7599 12.5613 41.779 5.39001 192.387 61.3589 101.21 38.5589 114.937 19.913 0 46.3032 22.8019 36.0717 38.1828 1.62243 35.2583 1.50133 7.62968 12.5234 16.7319 1.59157 18.6748 21.9203 
0.00689364 66.6001 12.435 2.48826 52.3412 7.75079 59.9651 12.1628 99.6598 39.9962 220.783 483.891 49.0179 18.4025 80.5206 0 0.103738 56.6287 28.5636 9.56009 35.0582 9.18531 12.3641 0.42743 36.0629 0.130639 12.819 13.7567 
318.807 317.529 47.3772 314.536 98.566 315.038 2.44641 59.3901 334.471 59.8217 1.78627 16.3679 59.1702 22.1022 3.70237 5.71746 0 190.263 7.72031 26.5885 7.77895 19.0171 0.000428246 11.7831 321.218 27.1289 1.65977 20.8765 
2.93974 418.908 149.435 72.1367 91.0929 0.255437 38.945 1.34129 30.4771 70.2472 54.2818 101.983 49.4339 52.563 23.1577 10.2909 13.4248 0 134.751 2.14625 44.6168 1.32734 33.9294 2.88858 23.3153 16.3796 44.6796 37.9446 
61.4942 65.2314 18.1822 38.0823 150.951 0.0114763 156.71 4.37541 112.46 114.341 128.768 97.1259 1.54415 11.5259 10.4699 3.7714 230.062 116.698 0 0.180304 44.0408 19.5355 4.71795 5.22791 30.1539 30.5485 6.07178 12.1096 
174.42 59.4299 0.0432052 44.9691 0.160602 16.5506 6.41429 20.4375 50.8045 43.526 25.3977 45.716 33.5505 2.81628 9.02323 8.29394 7.02097 0.359946 6.9108 0 331.692 5.37358 4.05942 4.27483 13.3035 7.43346 5.64579 8.05705 
102.187 49.2374 101.737 25.617 119.787 53.5638 85.0832 49.9532 127.329 0.0893177 92.6034 14.8216 60.1439 43.5047 16.8648 57.8838 0.129779 60.6142 0.0199713 59.6617 0 15.7325 31.1008 32.5877 36.2213 21.9427 42.2541 2.26258 
34.0253 44.6308 12.5676 16.6102 56.5069 0.619685 23.5564 45.8942 27.4118 25.5717 71.8663 55.2111 2.45891 9.64877 16.3467 11.7894 14.5711 1.08648 18.0904 0.105194 32.6451 0 0.0100024 2.06369 20.8857 10.6867 0.774763 0.246308 
30.8493 0.368591 6.88759 0.2989 5.2077 7.56865 19.9243 25.9888 89.0869 59.9143 1.4075 104.302 2.99342 9.12613 0.645532 12.3673 5.63393 44.9832 23.0618 3.98328 28.9615 0.0163067 0 4.91539 6.08177 0.0806706 1.04963 7.79535 
25.6534 36.7178 7.39731 1.63909 51.0846 15.5643 38.3796 124 80.0628 60.4076 82.6729 104.876 69.9178 8.3545 26.159 29.3109 20.3166 41.8765 10.6897 0.0562095 12.3145 6.41672 18.3937 0 33.1959 0.98802 19.1617 2.08965 
369.108 332.604 2.65226 326.914 16.5465 323.46 64.135 129.105 406.458 2.17283 115.535 341.197 0.304048 15.3631 19.2024 56.9845 297.586 27.9098 0.743392 1.31032 7.95478 88.0754 23.2796 33.6093 0 27.3848 94.6637 124.134 
56.132 28.0142 21.8767 27.6002 51.4375 23.8795 75.283 222.466 136.129 43.8039 118.38 84.5874 51.5492 2.32818 0.02275 1.46123 26.763 15.3587 1.82008 1.42399 0.187626 7.74836 8.7104 3.18352 40.5585 0 11.2045 56.6377 
24.5521 54.0036 15.9839 18.7639 44.9667 16.1128 30.9604 3.65662 65.0145 23.5782 7.80871 31.4284 37.7305 11.3119 5.83113 14.0853 22.1181 32.8705 0.18934 0.414888 24.7254 0.866989 9.21779 19.1536 38.6857 28.5706 0 42.1071 
14.1221 13.2553 0.00252111 27.3057 11.2036 4.63674 9.56223 94.6636 67.1639 0.168548 109.758 7.55629 11.4418 11.8722 21.3725 8.91724 23.9526 33.7398 5.58073 3.19422 18.3654 9.95473 1.14512 0.191817 35.744 4.14266 0.0136947 0 
