0 726.672 210.898 264.261 6.85618 348.877 99.816 302.507 366.669 33.2516 159.444 208.826 95.8041 36.1202 6.46641 46.05 263.726 197.187 1.21341 75.7916 229.279 6.582 0.830437 45.1285 218.63 41.518 48.0963 3.36672 
675.625 0 449.391 375.069 357.431 227.599 99.4135 93.7627 584.026 199.574 73.8554 136.547 92.9314 70.1942 2.64347 26.3974 331.233 629.633 5.92303 122.698 16.6816 51.6478 1.35107 46.8622 279.655 63.0706 54.4741 14.1015 
80.8482 25.353 0 189.851 102.493 0.639962 245.371 153.233 392.34 26.4838 196.29 184.942 43.6086 9.03025 4.86991 18.6892 2.50302 0.0783473 61.2482 10.1622 110.101 1.11954 12.4362 11.1636 7.21569 22.4986 16.0569 2.21669 
235.749 218.999 376.547 0 160.22 218.821 91.398 371.714 531.287 87.5425 202.86 206.52 49.4063 3.10611 38.8851 25.5415 269.381 140.316 7.95744 45.4955 593.06 1.21945 15.3351 0.814031 228.976 22.6143 1.31904 10.5219 
155.8 523.643 39.0228 6.82893 0 141.492 18.0587 0.204348 345.591 0.243912 255.593 4.88276 77.3883 35.2162 23.1564 30.0981 154.06 1.33538 152.729 7.15173 92.2573 46.5648 1.64086 1.51721 8.36173 4.30118 29.3188 1.18552 
340.722 354.89 35.2914 247.792 738.412 0 635.783 151.215 386.566 250.727 52.2535 153.783 305.926 21.4214 33.1499 5.67147 241.137 111.601 36.7902 22.3132 75.8595 14.0895 8.50742 15.5849 230.915 25.9496 6.82723 0.387237 
16.6039 83.9408 8.67678 38.0814 250.898 413.558 0 69.1205 1305.32 206.317 485.715 3.39768 120.161 80.0757 68.3929 27.5771 86.2856 23.2102 145.766 94.6921 62.785 21.4014 48.1863 8.23873 45.3733 95.2451 10.2175 25.8289 
23.348 289.145 73.5486 151.402 0.0457341 110.047 123.508 0 90.6165 29.259 325.859 1026.21 143.919 8.24833 176.651 256.467 50.3669 21.207 29.539 112.251 1.5153 62.2651 74.1816 138.594 155.127 133.577 12.5606 121.618 
401.455 222.29 167.235 225.769 0.272953 562.217 824.374 454.467 0 5.79554 97.9732 367.765 118.789 14.157 105.139 42.0442 223.692 125.508 10.06 73.1205 126.826 25.48 101.003 97.6605 242.309 130.276 18.0356 71.6224 
67.5509 175.432 51.1183 4.87959 303.454 438.329 296.657 42.3312 74.8648 0 147.108 65.5034 8.38722 84.0658 93.423 90.6157 57.3269 61.2034 53.7293 4.91734 14.3697 37.6286 49.0432 14.1041 1.25493 0.125778 13.2798 0.947142 
155.364 242.244 19.6217 83.722 194.044 0.00654979 446.687 78.71 587.97 334.396 0 505.927 240.247 130.797 198.188 223.323 7.11383 33.2921 113.863 80.5641 12.0911 42.2916 85.1633 104.07 0.0699313 128.879 50.2078 59.9177 
217.89 157.028 59.8045 255.63 178.43 146.905 196.734 855.785 34.2142 84.6685 212.634 0 159.462 7.83467 249.876 443.799 79.4799 93.8338 16.1907 85.9311 156.549 32.0335 81.9316 171.979 216.836 243.355 44.9422 163.624 
7.4682 24.1817 2.45884 72.944 29.9647 49.6952 7.55992 2.7926 158.545 302.772 207.463 70.2235 0 38.1628 116.948 81.8488 18.4329 103.687 53.4003 25.1463 0.561978 53.5699 7.90506 63.3886 32.3192 4.72729 33.1538 38.3484 
44.1619 0.750833 0.0314541 17.3309 7.17308 19.9611 23.3352 87.4639 6.95392 3.21886 212.211 138.058 153.954 0 51.8415 11.2697 3.56719 20.203 26.1612 0.00297581 6.57196 0.323529 9.5695 10.3226 16.1662 6.99385 9.95873 11.0586 
65.8483 94.2592 2.76665 37.7849 93.9732 13.0871 39.853 4.43776 195.055 58.9841 113.901 34.16 115.627 22.6868 0 50.7823 22.6598 36.5706 38.234 1.67462 35.6418 1.41677 8.09353 12.0196 16.3557 1.7899 18.6071 21.8146 
4.08192e-05 67.2495 12.1442 2.77541 51.7664 8.01621 61.1434 9.7104 97.6499 41.1962 222.435 476.151 48.0106 18.1899 83.0612 0 0.121733 56.8595 28.657 9.57564 35.5456 9.26585 12.4 0.648276 36.3324 0.224395 12.9627 13.5062 
241.371 239.617 47.7525 238.348 100.352 238.891 2.73452 60.0526 258.659 59.2171 1.62198 16.7771 59.3877 22.1053 3.81151 5.60423 0 196.361 108.888 26.7784 8.03301 19.0701 3.42597e-06 11.6906 244.636 27.1536 1.70386 20.9495 
3.77482 418.253 150.899 74.1031 94.3284 0.40878 41.418 1.05762 32.2711 68.7884 52.8368 100.826 48.6697 52.4685 22.6871 10.608 16.2989 0 135.821 2.41578 43.6908 1.39581 33.7225 2.76348 22.9622 16.739 44.6484 37.7079 
60.3392 67.5075 17.5907 37.5159 158.08 0.0598953 156.388 4.03174 113.91 113.58 128.89 97.3706 1.36666 11.6919 10.2301 3.89617 227.493 118.17 0 0.219442 44.4789 19.43 4.62173 5.12818 30.2036 30.5249 6.15746 12.2348 
169.319 57.2421 0.0752725 45.3287 0.252891 16.7612 5.92568 19.5041 51.8275 43.904 24.7859 44.8745 33.3288 2.84284 8.95922 8.34317 6.83535 0.476355 6.70396 0 332.456 5.39281 4.05439 4.30936 13.3369 7.51523 5.5945 7.99881 
98.2586 51.0576 100.275 21.9634 119.139 52.9761 83.7908 52.0372 125.495 0.137387 93.8114 13.9347 60.5123 43.4075 17.2226 58.1493 0.097507 59.6481 0.0376071 70.4158 0 15.6029 31.2772 32.3136 36.6243 22.3895 42.3433 2.38573 
33.8816 44.4301 12.5591 16.6298 56.4389 0.672719 23.1416 45.5177 27.8364 26.0841 72.1764 54.7416 2.10284 9.72251 16.423 11.8115 14.4903 1.02593 17.9772 0.0985889 32.6244 0 0.00153176 2.17669 21.0243 10.6985 0.806078 0.261417 
31.1266 0.432498 6.98535 0.336122 5.42638 7.43629 19.3754 25.1302 88.4138 60.034 1.08217 103.114 3.46971 9.26899 0.496912 12.3252 5.5591 44.9605 23.0732 3.97577 29.151 0.0044662 0 5.63676 5.79378 0.0651281 0.995898 7.8523 
26.0768 36.2881 7.26802 1.76054 50.8704 15.6595 38.9653 122.884 80.8022 60.3592 81.1863 108.092 70.0147 8.20033 25.8917 29.2728 20.3497 42.0578 10.5693 0.0633213 12.0594 6.25937 17.8308 0 34.0117 0.89874 19.133 2.00874 
292.593 255.331 2.8125 249.844 16.9474 246.769 63.344 132.064 330.733 2.4039 114.06 1072.5 0.247862 15.2723 18.8341 51.5679 220.866 27.5484 0.794644 1.25881 8.23483 84.8287 23.1433 32.7622 0 17.8195 130.585 102.842 
55.4501 27.3167 21.6325 27.0428 50.962 23.695 74.3747 220.275 136.851 44.586 120.556 96.2557 51.3414 2.43758 0.00523681 1.73872 26.7217 15.7106 1.90362 1.37013 0.140106 7.8035 8.641 3.033 40.2157 0 10.7219 57.6446 
24.8395 53.9397 15.893 18.9357 45.1002 16.0208 30.5956 3.97616 64.6046 23.2939 8.16532 30.3741 37.6536 11.3088 5.70426 14.219 22.0978 32.692 0.172387 0.434643 24.5118 0.899967 9.31204 19.18 37.8924 28.1065 0 39.3159 
13.7688 13.603 0.000196579 27.5198 11.4692 4.5099 9.19315 96.0831 67.9489 0.21777 109.608 6.5255 11.6705 11.8882 21.4912 8.6685 23.9234 33.4842 5.47905 3.13763 18.0822 9.97721 1.18833 0.219264 35.5965 4.99992 0.167016 0 
