0 1016.89 191.424 716.21 159.387 572.376 258.841 87.8667 700.913 101.87 120.685 56.2663 78.9503 13.6748 7.69104 11.7891 504.647 43.8172 11.8075 115.952 27.2864 11.6521 30.4213 2.57975 461.85 36.5562 43.0434 56.4057 
998.038 0 30.3877 752.459 111.014 459.089 32.7623 280.956 701.156 75.8319 133.306 132.441 17.0626 55.1281 16.7784 33.495 511.448 621.093 0.408298 0.00971465 138.48 34.6688 51.4926 18.7397 507.747 41.3948 37.7157 60.4721 
30.2346 444.471 0 276.063 36.1888 21.2687 1.48873e-05 164.885 183.337 78.8262 0.475612 30.1686 48.7038 1.07082 3.20721 7.74311 0.0371621 157.552 29.9338 27.5039 123.691 0.474257 5.07372 15.469 12.8737 0.037038 13.5295 21.5627 
751.998 571.416 298.056 0 99.5489 485.569 123.039 618.46 442.447 58.5188 20.8017 163.626 72.846 0.270376 11.1835 24.8527 461.65 113.385 9.14871 6.34313 501.56 0.0201638 11.6489 0.506997 482.283 0.0667367 27.5554 0.603329 
8.04904 465.089 1.75869 55.5449 0 132.122 427.829 212.409 352.762 42.3072 255.236 0.269579 157.194 69.8645 66.5893 70.7986 20.044 7.23017 57.7048 25.4307 16.2525 0.434792 56.2896 42.3327 56.5428 46.3421 20.8657 21.8474 
547.416 554.4 0.898873 446.135 639.836 0 776.882 12.6626 913.611 703.998 220.568 66.2935 220.534 12.347 26.0391 26.9492 467.626 0.0232682 69.631 21.8327 34.8515 12.5338 16.4239 0.542733 440.483 24.3749 18.7171 22.4077 
255.267 43.3092 249.022 16.7472 56.7295 909.003 0 88.724 1304.05 239.895 26.6844 127.763 218.383 6.72438 141.082 71.4427 41.5549 15.7007 84.614 43.1282 46.6975 46.8878 71.5901 10.6847 41.3771 21.6422 58.0111 20.207 
256.397 18.6989 63.3803 469.325 216.242 214.833 42.0439 0 336.281 0.0652708 374.488 218.037 146.668 126.356 22.9356 256.007 37.062 60.0731 115.007 24.4462 207.518 9.2951 95.4326 82.1402 30.4533 43.8579 7.93466 21.0543 
474.852 754.343 404.505 770.689 18.6315 830.556 838.947 187.957 0 11.9411 831.619 376.71 12.0796 22.3239 157.011 52.4047 504.127 107.136 47.6769 92.6092 179 11.5258 98.7967 97.5618 566.62 11.6411 43.5706 99.6014 
112.234 103.782 100.098 72.0888 329.859 173.327 275.2 115.835 59.1092 0 12.8452 0.11204 219.094 55.3898 132.073 61.0571 0.0853967 124.374 71.8564 46.7823 94.6735 8.12163 52.6631 5.40073 2.74321 37.7855 5.30551 55.4301 
6.96635e-05 265.874 238.2 69.4331 195.099 102.214 0.000377521 3.62377 846.309 601.788 0 31.3261 167.483 174.901 342.789 0.699497 66.1289 49.6922 129.205 47.4394 15.9056 34.2648 129.577 53.3058 117.064 61.2802 46.5369 55.1196 
169.367 110.947 76.7483 25.3617 177.561 133.811 5.37599 13.8137 27.9344 212.429 106.829 0 155.859 123.497 273.461 27.7426 61.472 1.47461 76.9825 54.8065 146.132 52.19 12.1903 138.65 369.301 120.978 3.16419 146.491 
39.9572 3.36447 4.70511 48.2602 177.944 22.6548 47.8915 3.00733 0.270387 158.386 17.7854 97.403 0 1.24335 13.3109 2.36926 9.94018 11.3162 82.6789 0.994498 37.9613 0.0837687 1.9851 14.4394 15.6666 34.6808 37.4098 38.0015 
6.51899 17.6616 4.21898 21.6652 9.67438 15.4844 85.5811 14.2301 29.0581 16.2309 30.3679 76.1228 123.147 0 21.851 0.25608 7.04829 51.461 14.0195 1.95944 9.25616 5.63073 0.713158 10.0257 13.0603 11.696 0.363506 0.494185 
25.7147 79.6977 23.7667 14.3722 66.198 20.7811 129.373 185.191 135.154 8.59516 392.512 113.763 0.0481076 1.06196 0 88.0856 30.039 45.5655 0.697209 6.03837 15.2626 0.115889 1.72237 3.89707 6.89273 0.349697 0.815195 20.8054 
16.1349 60.8781 10.9824 2.44185 8.08633 4.27315 37.5194 45.914 86.6919 82.0201 1.04218 64.2678 11.3687 14.7998 81.3663 0 3.11234 2.79392 2.41149 1.07819 58.0897 10.5142 0.883643 0.444871 4.74549 12.2533 18.4712 15.1287 
448.912 542.153 39.2243 489.32 107.285 465.312 33.4954 27.9393 551.543 0.265352 92.5707 15.9827 6.18014 21.2487 1.31124 16.0919 0 275.427 235.668 4.11353 12.5743 21.2071 1.00231 8.78249 464.392 23.3715 13.5908 24.0197 
70.7551 62.1871 35.8579 114.41 71.704 116.376 31.5275 20.2455 195.979 129.567 36.0512 3.24505 38.8115 17.3723 33.2495 47.6483 100.379 0 31.6319 0.827104 14.793 1.97558 44.8271 26.5874 59.4406 29.2645 43.2874 50.4548 
103.573 107.675 60.6745 35.8047 61.9773 10.8051 30.469 52.805 5.19697 11.0813 118.08 0.750564 37.311 2.20801 26.8211 11.672 54.3901 53.7927 0 35.9125 1.42979 22.7498 12.6842 11.4695 20.5433 19.3553 15.4571 11.4234 
99.7954 129.5 16.9208 6.10372 46.056 15.9817 71.3496 109.333 28.8849 49.5902 15.5537 12.7505 32.4119 0.208521 7.21827 3.22009 30.3005 3.1359 23.0204 0 220.92 6.36923 4.00903 0.202913 0.418108 4.71552 5.74835 11.5136 
123.28 95.9616 118.178 104.08 44.7554 5.63856 67.2296 162.32 179.569 97.63 149.112 24.9905 11.3111 27.5406 33.4961 35.4351 37.3011 5.99256 52.5412 265.095 0 2.79845 14.2269 41.1556 17.6911 56.7375 38.859 14.2872 
37.691 48.0846 10.407 14.0441 19.7917 20.2248 45.2754 61.3147 9.78332 54.6914 8.00017 29.3118 42.5308 0.721307 17.3283 6.54972 6.79182 0.618437 21.6542 0.308141 23.9795 0 12.7153 8.71041 14.9839 5.12992 0.0243622 0.183772 
0.646541 53.5586 11.7367 18.0073 41.9113 0.0875241 0.0891611 53.596 101.642 58.6534 59.8345 1.99434 0.189056 0.286841 18.0417 0.076988 2.10245 38.1986 19.3458 4.07605 11.9136 12.7953 0 19.0484 16.0242 0.166989 8.42647 0.925698 
46.4216 21.6603 0.0732124 1.29931 22.203 11.4234 71.8308 31.4679 81.0464 56.8137 20.9656 184.794 31.0967 7.25645 18.7099 27.7158 20.9856 15.7358 17.1731 2.56111 47.8577 11.2908 0.44907 0 40.414 15.8638 19.143 2.91713 
497.514 440.965 0.34001 467.599 47.2085 457.339 66.9789 71.5457 444.282 4.33124 0.0016981 572.412 53.3792 14.5833 4.94378 63.9839 443.921 58.4577 2.79947 13.7828 47.3263 17.96 20.8211 30.5636 0 98.0268 103.05 28.6395 
59.8802 9.11789 18.4943 0.852399 2.23308 25.4223 87.7939 56.9086 72.219 1.28336 52.1722 333.27 0.458523 4.49594 0.685474 7.76129 26.7295 30.4325 6.33215 10.5996 55.0619 0.94372 6.78843 13.7711 43.126 0 13.2772 28.0439 
0.592135 45.1862 13.7261 4.49282 39.2969 19.4036 59.0156 56.3688 32.5493 47.2624 83.1347 87.5802 39.3012 3.18671 13.2189 17.9665 12.3103 27.9706 2.27373 0.376707 30.7663 0.0107114 9.25685 19.1715 47.672 30.4194 0 45.9584 
49.3437 37.7608 17.1818 33.0252 6.59684 18.8462 39.6593 30.0479 99.5137 53.7931 110.141 106.62 3.09407 3.4645 22.3487 19.2616 20.6979 48.9019 6.15205 9.48124 49.8766 9.8485 7.48222 9.85658 28.1032 62.6002 92.8274 0 
