0 456.821 159.1 70.1478 14.8195 112.893 201.917 226.431 67.4895 71.8493 115.017 156.293 106.011 27.4003 0.874025 63.3057 73.9549 235.489 12.4863 173.806 239.685 3.57635 3.54807 36.1118 8.79902 58.1707 44.1403 9.16358 
509.168 0 186.814 10.5315 25.4679 113.178 41.2037 15.8944 402.656 241.688 12.8114 190.23 123.627 71.0038 14.8764 11.2389 148.829 720.257 2.90032 142.012 52.8402 50.2036 5.34757 54.6005 78.2266 46.817 54.2928 6.84051 
185.865 283.875 0 85.5126 172.478 18.5118 201.074 23.7034 364 2.94079 241.087 144.726 27.6788 12.7453 0.258929 23.358 9.95066 25.6634 55.2627 18.2091 73.5187 2.17122 12.5263 13.5892 2.56242 26.5772 13.7352 5.11711 
113.706 140.265 6.6822 0 125.808 17.972 17.3778 688.563 155.391 104.37 166.521 89.9753 61.3614 0.643864 34.1311 37.5062 48.8442 110.896 18.8103 47.5291 185.449 2.44848 17.7316 3.91365 9.47814 10.0056 0.113994 4.98848 
54.6219 354.298 118.96 46.0279 0 97.376 229.308 13.3014 238.793 76.53 207.308 25.8605 126.681 48.3852 7.4339 44.5616 143.203 14.7169 286.11 23.6783 67.2949 52.0858 0.0155217 5.40393 16.6718 0.38489 34.6548 4.38096 
139.082 30.5629 60.8952 59.069 271.96 0 851.653 66.1567 38.761 480.268 186.294 124.799 273.661 18.5614 20.6732 1.33566 41.381 84.1392 10.8646 24.186 69.388 17.0865 11.5135 12.974 13.8027 27.7705 4.45596 1.89805 
97.2076 52.8268 38.3946 121.925 27.6906 243.58 0 3.08286 0.338106 506.24 303.85 56.8008 47.7971 94.3046 23.3257 54.4728 66.0443 85.1159 157.614 90.6406 34.1589 12.5778 60.4922 1.70515 64.8162 99.3735 4.71269 14.4235 
122.397 278.373 216.122 124.9 18.3963 187.34 2.06559 0 537.994 0.733434 373.548 124.045 148.191 33.0983 127.807 160.972 65.8506 2.74926 49.7693 117.311 25.4209 66.0788 51.9211 129.388 85.7542 221.359 2.78388 93.1163 
255.893 138.059 473.332 159.792 72.7392 13.2311 549.28 35.1872 0 146.07 1194.72 214.452 61.2264 39.2572 75.2667 89.7868 6.85398 179.517 36.0432 49.7203 81.8818 35.4944 90.991 86.647 11.4555 98.5402 29.1642 87.1241 
29.7852 235.427 16.6328 0.503896 315.803 57.0585 1.92884 106.833 2.69215 0 62.3271 147.852 63.0846 77.9393 130.125 76.5484 42.1838 30.0709 23.4131 12.3515 27.8806 25.6141 37.1475 5.09507 8.27506 3.05296 19.5557 5.07413 
186.146 170.683 8.05266 156.125 250.131 65.9628 189.424 1.19666 762.786 597.462 0 430.449 175.395 36.8337 408.019 205.077 16.46 65.8669 126.418 85.9187 1.30464 29.5292 117.935 125.143 13.5089 162.404 63.7156 82.6509 
227.189 204.053 127.691 230.505 162.773 158.858 269.174 0.0598986 186.439 19.0932 474.724 0 150.392 51.0128 118.461 18.4145 71.0521 65.3912 29.4622 70.7995 168.002 20.5471 46.6165 184.969 46.1079 2.59497 72.8746 116.671 
0.691096 54.5982 0.0887354 71.122 74.9928 28.6029 56.8945 0.706165 102.875 300.797 252.176 37.0992 0 121.464 90.4627 68.1317 27.1374 106.182 67.8387 31.0204 0.170743 27.5908 31.5388 69.8806 22.9936 0.822877 29.5543 33.4883 
36.4979 0.603325 1.27115 20.911 1.23725 15.8957 5.8425 52.9048 37.6383 0.927675 181.489 81.7657 93.3456 0 37.328 18.9917 1.9153 12.9862 23.9988 0.0540288 11.5016 1.83807 5.71607 7.86911 14.0631 3.77967 10.8254 9.62413 
56.1576 82.1827 10.5268 31.5945 93.624 26.1436 6.10091 8.68507 218.393 12.4344 393.585 9.93038 114.923 60.0553 0 72.6687 19.1213 47.8697 38.3563 3.06831 44.1063 0.124908 19.3225 2.31717 7.92359 9.06961 16.5751 18.4739 
4.29723 79.466 5.73475 12.9937 37.5808 14.6754 85.982 31.3367 49.4483 68.3609 206.755 50.08 24.7822 9.12542 35.1435 0 0.941762 60.7803 30.2378 9.64816 46.3934 10.8651 11.3492 15.3097 37.891 8.71206 15.9704 7.62929 
14.3807 8.34057 54.1983 37.6406 136.064 39.0962 13.6452 74.7349 66.9628 44.2303 0.0419412 27.2873 63.276 21.8759 6.71213 3.22202 0 286.052 45.1958 30.6341 14.8858 20.1395 0.190108 9.52121 33.9523 27.3293 2.87784 22.4635 
49.5904 242.705 161.348 116.804 169.6 13.6732 111.364 4.00277 83.7861 36.462 23.1554 72.6485 31.433 49.1558 12.6107 18.9529 138.678 0 150.164 12.8068 23.8043 3.4515 28.5897 0.611748 15.1215 25.6808 43.4231 31.8646 
34.1219 120.926 5.98439 24.1165 288.36 11.427 136.14 0.000740376 141.935 88.9915 126.137 100.522 0.313015 15.5972 5.23518 7.2555 166.482 144.154 0 2.18771 54.2143 16.8072 2.60906 3.0211 30.8777 29.4236 8.25679 15.1626 
37.6919 14.2667 3.20837 47.6103 8.10358 21.0756 0.0075063 3.47653 75.0634 51.386 12.0804 26.0727 27.7287 3.43973 7.3466 9.2604 3.10218 7.61641 2.65659 0 114.321 5.79657 3.88043 5.06236 13.8072 9.30897 4.40488 6.57839 
22.0969 97.0519 60.4989 113 100.267 38.502 53.4464 106.1 80.4737 4.13106 119.795 0.868346 68.2307 40.3439 26.0426 62.3943 0.651764 37.7548 2.00226 325.95 0 12.6098 34.9972 25.6551 45.5429 33.1725 43.8702 6.09842 
30.1904 39.1415 12.1577 16.8428 53.6747 2.47601 14.0641 36.3692 37.9176 38.0904 77.4815 43.1111 1.7628 10.8285 17.5028 11.8942 12.5431 0.102969 15.2164 0.00509851 31.8577 0 1.83045 5.37443 23.2144 10.7766 1.69334 0.734982 
37.1749 3.32521 9.16912 1.78866 11.5771 4.47821 8.27199 8.49786 69.3191 59.8127 5.59813 70.4532 22.9995 6.66062 2.52907 9.64909 3.90854 43.7229 22.9892 3.74679 33.242 1.76073 0 20.6905 0.980629 0.174895 0.133348 9.02058 
35.9375 26.1422 4.36853 5.62927 44.8923 17.3825 52.0735 88.6667 94.5814 56.5495 45.6488 170.588 67.9708 3.94751 16.2499 17.2756 20.8986 45.6292 7.82746 0.34542 6.69125 2.86419 1.28336 0 43.0156 0.0217384 17.5708 0.54144 
80.8483 29.3717 7.5907 27.2215 27.04 32.7874 43.7717 184.517 133.27 10.7742 74.6487 228.726 0.567008 12.4215 10.184 75.0959 7.61126 19.3247 2.44766 0.337126 15.8058 90.4649 19.3522 20.1815 0 4.94273 78.0901 85.4654 
38.5068 12.7735 15.1417 13.9482 39.1046 18.5596 50.9742 131.273 141.556 61.3754 158.936 376.474 45.0979 5.41662 2.99186 13.323 25.3867 24.5329 4.32329 0.390694 0.995584 8.98722 6.75878 0.478219 28.7865 0 2.02454 58.2155 
31.4993 51.5785 13.5387 22.6216 47.6338 13.6878 22.1824 14.8367 53.9794 16.7689 18.3354 10.0025 35.3842 10.9946 3.03226 16.9064 21.4555 28.3269 0.00263282 1.01639 19.5076 1.82296 11.3032 18.8596 16.8203 16.0767 0 0.000351928 
6.56348 22.5123 0.682819 31.4762 18.2458 1.97632 2.51095 123.516 84.3491 3.10438 100.935 4.20315 17.3537 11.8632 23.2582 3.50584 23.0044 27.3337 3.32227 1.92132 11.8366 10.3816 2.37554 1.35115 28.4016 38.6408 43.0508 0 
