0 519.935 148.782 200.05 20.0685 216.052 210.814 215.233 166.721 75.9968 110.123 149.872 106.665 26.5098 0.594645 64.8165 182.834 236.392 14.2019 200.316 236.886 3.3204 3.91655 35.1453 116.051 59.6936 43.6699 9.87569 
579.034 0 136.693 114.046 11.3438 232.657 64.2432 11.3897 501.26 242.244 9.28197 194.52 126.199 70.7883 16.5667 10.0083 257.519 714.839 4.46968 141.953 57.2033 49.9656 5.87982 55.2465 185.789 45.0967 54.1786 6.2379 
192.904 334.195 0 48.0172 176.85 21.2983 188.887 15.9946 325 1.83333 239.944 138.738 26.1308 13.0762 0.111528 23.6657 10.9188 30.4101 54.3061 18.9758 69.3324 2.29184 12.4896 13.7902 2.21086 26.8177 13.4816 5.45609 
247.253 268.052 39.6171 0 120.817 126.582 12.7265 1066.21 242.555 105.221 160.51 78.5122 62.3793 0.495376 33.4241 38.4063 154.581 106.903 20.0593 47.0654 528.13 2.59115 17.921 4.33296 115.704 8.91596 0.0654173 4.52349 
46.2843 316.326 126.959 51.3126 0 100.246 255.557 16.3762 223.823 91.7676 200.294 28.743 131.206 49.6261 6.28973 45.9853 140.866 18.6758 292.532 25.7182 64.7247 52.5372 6.89181e-05 5.91201 17.6148 0.22396 35.164 4.80336 
245.287 130.199 62.4961 167.783 296.79 0 845.137 58.2288 170.141 905.387 199.225 120.792 210.155 18.1602 19.3439 1.05651 149.31 80.8504 8.95866 24.2523 68.4719 17.347 11.7953 12.6783 120.069 27.8092 4.2377 2.10709 
107.485 78.1927 49.6088 130.568 16.2233 126.914 0 7.73783 41.1499 508.967 274.919 65.0534 41.6559 95.0733 19.767 57.2533 63.8645 92.5437 157.38 89.6434 31.5905 11.7866 61.5418 1.31284 66.6229 99.1277 4.26674 13.4123 
134.643 273.18 228.047 120.363 21.9359 192.922 0.164763 0 574.111 0.151403 371.296 57.7014 147.926 36.2428 121.312 146.952 67.3367 1.83943 51.9031 117.039 29.2369 66.3256 49.6084 127.194 78.4751 225.996 2.17947 89.7181 
366.635 264.503 469.827 286.372 85.8012 113.821 760.469 16.4485 0 166.524 1085.1 196.226 55.9146 42.5108 41.4281 94.5846 113.495 184.026 39.3084 47.3411 77.3615 36.5074 89.4978 85.1298 117.059 94.6633 30.3507 88.393 
26.5947 238.171 13.9795 1.00496 307.301 70.5845 0.185777 113.835 7.25956 0 96.5655 156.107 79.7181 76.5477 131.704 74.3952 40.6345 27.3662 20.8583 13.236 29.3941 24.424 35.8463 4.41351 9.28021 3.81759 20.2098 5.6522 
188.072 162.051 12.6486 162.363 253.292 78.4492 161.153 0.0797044 730.227 582.195 0 406.724 166.955 29.5598 403.673 197.921 17.5685 69.4218 127.134 86.1527 0.818756 28.2886 120.398 126.303 16.0357 163.949 64.9647 84.7056 
225.902 207.403 134.082 222.31 160.343 158.503 273.429 15.5234 204.658 14.8084 489.983 0 148.676 56.7438 103.61 3.93604 70.0826 62.5625 30.9286 69.0378 168.28 19.4784 43.1956 182.967 46.1675 0.000250141 75.6192 110.788 
0.407718 58.0003 0.235397 70.6458 80.0001 42.2854 63.7007 1.1909 96.9933 288.023 253.454 34.1468 0 128.498 86.5795 66.219 28.0426 106.102 69.1215 31.573 0.280297 25.1812 34.4289 70.0954 22.0745 0.605679 29.1625 32.9515 
35.6599 0.884477 1.4881 21.1904 0.90727 15.4053 4.68115 49.445 41.6961 1.53316 174.003 75.6488 84.6468 0 30.5547 19.2252 1.77518 12.3198 23.7335 0.0681235 12.0471 2.04659 4.94875 7.4767 13.7714 3.48364 10.8895 9.45174 
54.9934 80.5049 11.4839 30.7745 93.0297 27.4209 4.24855 11.8429 216.247 9.39198 403.478 16.3509 113.093 56.9938 0 63.7578 18.7489 48.9366 38.2553 3.22362 44.8841 0.0720118 20.2849 1.70795 7.17247 10.0102 16.3287 18.0605 
5.17701 80.3289 5.17339 14.2949 36.1257 15.3554 88.035 41.207 44.9117 70.7742 199.807 23.3409 22.6441 8.03654 25.258 0 1.06492 61.0097 30.3298 9.62464 47.3929 10.9908 11.0586 17.2266 37.5353 10.0717 16.2257 7.07208 
120.012 114.333 54.5723 145.509 138.767 147.045 15.1402 76.0904 175.742 42.6816 0.124568 28.4228 63.5331 21.8214 7.03556 3.01418 0 287.392 415.294 30.9509 15.658 20.228 0.230044 9.30509 140.778 27.3045 3.00976 22.5936 
56.4723 220.609 159.77 120.384 176.423 15.9316 119.02 5.29246 89.6324 33.5564 20.7252 69.7897 29.8129 48.7137 11.7225 19.8691 153.831 0 150.389 14.2338 22.0523 3.70339 28.0508 0.480472 14.3924 26.6162 43.2494 31.2539 
31.6951 125.851 5.11457 22.8096 294.233 13.5319 132.918 0.0295872 143.984 85.9642 125.281 100.56 0.536191 15.9847 4.81024 7.63283 159.799 145.706 0 2.49102 55.1195 16.5309 2.43476 2.83598 30.8932 29.2569 8.47573 15.4531 
27.7833 11.3016 3.74978 47.1712 9.44939 21.4267 0.0227195 2.56157 77.2219 51.9711 11.0109 24.3457 27.1331 3.49615 7.17581 9.32548 2.79968 8.76599 2.34377 0 85.3723 5.83187 3.85726 5.13095 13.8207 9.47231 4.28787 6.4318 
17.0459 101.753 56.2946 103.671 98.0432 37.0194 50.5068 111.745 75.9642 4.82374 122.078 0.418628 68.8991 39.9587 26.956 62.6016 0.844186 35.6947 2.35904 331.792 0 12.3159 35.3227 24.9728 46.3648 34.2614 43.9627 6.55255 
29.7898 38.5565 12.0968 16.8381 53.2789 2.71147 13.2387 35.4309 38.9261 39.2567 77.7964 41.9017 2.57009 10.8685 17.5332 11.8566 12.3434 0.0631789 14.9308 0.00221575 31.7517 0 2.2061 5.73499 23.3176 10.7635 1.79752 0.794626 
37.7248 3.75628 9.37117 1.99169 12.2903 4.20494 7.37818 7.26456 67.1348 59.4738 7.29083 66.8866 25.6594 5.92523 3.27291 9.23688 3.75495 43.5262 22.9438 3.71848 33.6108 2.13054 0 20.8845 0.747224 0.235247 0.0905709 9.11809 
36.8972 25.1382 4.10005 6.10982 44.2026 17.4975 53.2856 84.6432 95.5389 55.9001 42.2376 174.659 67.3231 3.5195 15.0727 15.3594 20.9294 45.9119 7.56353 0.385445 6.22488 2.57323 0.515185 0 42.6385 0.066419 17.3267 0.443377 
187.291 134.801 8.15801 132.857 28.105 139.211 41.7749 187.379 240.628 11.8929 70.4552 110.719 0.770015 12.073 9.37001 72.3462 114.25 18.5381 2.65902 0.276229 16.6563 81.2452 18.9439 24.6968 0 25.1286 158.37 136.844 
36.7714 11.554 14.4443 12.7274 37.8691 17.9792 48.5212 120.115 140.714 62.8177 161.097 389.296 44.3424 5.74338 3.62056 14.8124 25.2155 25.462 4.61125 0.324168 1.28605 9.09297 6.54981 0.339269 27.3949 0 1.50297 55.8565 
32.1506 51.2537 13.2827 22.9486 47.823 13.4381 21.3654 16.2472 52.826 16.1383 19.5236 8.5041 35.1097 10.9383 2.80149 17.1213 21.3738 27.8732 0.009605 1.08673 19.0104 1.93035 11.4753 18.7302 14.7693 14.8556 0 0.437549 
5.96785 23.4697 0.826909 31.749 18.9739 1.77344 2.06335 125.495 85.734 3.56902 99.5554 6.28097 17.95 11.8188 23.3225 3.08674 22.8885 26.707 3.13152 1.81234 11.2598 10.4089 2.5107 1.51281 27.3356 42.369 49.6101 0 
