0 672.292 112.734 595.161 41.6364 512.162 235.912 176.938 453.914 89.3151 94.2328 128.49 108.281 23.6554 0.0591035 69.2982 498.101 235.4 20.3355 244.081 223.461 2.55718 5.21092 31.9948 426.661 64.3172 42.0759 12.3054 
740.755 0 20.0984 431.445 4.43335 581.436 164.171 1.90884 771.474 239.204 1.72832 206.522 133.66 69.7362 22.4637 6.48542 570.936 700.646 11.6918 139.216 71.7767 49.09 7.73846 57.1414 496.722 39.543 53.6952 4.47245 
208.023 452.214 0 22.6318 186.325 30.8141 144.605 1.2964 186.399 0.0344155 229.16 118.017 21.3069 14.0651 0.0526439 24.4242 14.248 47.5777 50.8573 21.3052 55.7984 2.69623 12.3163 14.3749 1.24579 27.3604 12.6466 6.59267 
645.346 642.648 161.857 0 103.594 441.87 2.54177 432.798 493.131 106.816 139.195 45.243 65.3806 0.148317 30.9196 40.7989 459.84 93.2431 24.2042 44.7952 429.479 3.07158 18.4596 5.79189 423.011 5.75576 5.92265e-05 3.16301 
23.4956 191.081 150.609 69.1959 0 158.588 334.309 28.1842 173.875 145.452 175.919 38.8052 144.768 53.4613 3.2282 50.4642 132.016 34.1911 301.193 32.6035 56.496 53.8516 0.133407 7.67834 20.7531 0 36.7623 6.27876 
550.259 424.264 65.943 481.965 230.931 0 411.304 35.2013 592.34 744.061 235.616 106.976 180.338 16.7577 15.1411 0.375761 461.639 69.9298 3.99073 24.31 65.2356 18.1256 12.6648 11.6969 427.235 27.7518 3.56432 2.84399 
141.311 183.366 91.882 156.526 0.000298679 147.073 0 36.2052 542.493 473.695 180.975 93.9792 24.2801 96.6507 10.1035 66.0457 56.7777 116.972 154.859 85.7713 23.8519 9.38225 64.6368 0.395547 72.1478 97.5296 2.97432 10.3632 
174.46 252.092 258.617 228.336 35.1161 206.874 8.42616 0 650.799 1.23942 355.419 17.8773 146.225 46.8673 99.5393 101.358 71.9885 0.146048 58.8065 115.206 42.9368 66.9458 42.2189 118.785 56.002 234.032 0.731234 78.4188 
684.12 639.11 406.703 656.608 132.1 453.899 1264.42 4.30114 0 233.178 1335.22 138.689 39.9645 53.5409 83.8423 109.393 422.28 196.962 50.3876 39.7988 63.1464 39.7508 84.1814 79.8246 423.062 81.7349 34.2198 92.0575 
17.3673 242.26 6.8671 3.74982 269.944 189.987 38.4688 136.159 36.153 0 240.237 181.406 140.526 71.2508 133.699 66.7889 35.6785 19.3729 13.4871 16.2146 34.4054 20.673 31.6045 2.53532 12.8303 6.80988 22.3287 7.6936 
192.65 133.655 33.6982 180.017 259.906 122.117 80.3903 5.39471 522.635 483.03 0 318.761 138.691 11.0916 354.642 170.018 21.3147 81.0128 128.722 86.5198 0.0195986 24.3882 127.001 128.719 25.3849 166.379 68.809 90.9111 
219.101 216.128 152.985 190.823 151.606 155.439 282.584 231.703 262.316 4.59865 517.197 0 142.256 75.9773 59.4979 29.7222 66.8334 53.6192 35.767 63.1588 168.072 16.1773 32.6902 172.673 98.2715 26.9312 84.1877 91.2796 
0.000312675 69.1446 1.17756 68.7719 96.2157 94.2835 86.9105 3.58794 78.31 235.759 253.259 25.2954 0 146.426 73.2029 59.5844 30.9718 105.44 72.987 33.2913 0.814119 17.9421 43.9843 70.2243 19.1705 0.131473 27.8706 31.1761 
32.9065 2.14336 2.28641 21.9747 0.190739 13.7625 1.79366 38.6665 55.4728 4.46659 146.266 56.4311 56.6906 0 10.529 19.1406 1.35814 10.2645 22.8271 0.12424 13.8522 2.77174 2.56038 6.11713 12.7528 2.58847 11.0662 8.86869 
51.0646 74.6441 14.6782 27.9552 90.4603 31.3234 0.536923 24.9431 204.025 2.39935 398.34 46.4467 105.272 39.7886 0 30.8826 17.5368 52.2484 37.7935 3.7382 47.2739 3.19078e-05 22.8984 0.361122 4.95037 13.1726 15.4913 16.6568 
8.50779 82.6006 3.5234 18.6554 31.4733 17.5045 93.9002 79.5008 31.2991 77.8522 172.445 6.85614 16.2249 4.74673 2.98337 0 1.50933 61.5376 30.5416 9.51165 50.4574 11.3464 9.9404 22.9266 35.7995 14.7435 16.9774 5.36866 
425.62 422.114 55.4122 457.698 146.084 459.463 20.372 80.2641 490.84 37.7087 0.686211 32.1492 64.1898 21.608 8.10966 2.38767 0 280.927 89.2776 31.8736 18.2296 20.4886 0.383781 8.61428 449.613 27.1731 3.45049 22.9837 
80.4547 198.955 151.611 130.556 196.505 24.1374 143.412 10.5994 108.741 24.8288 13.7271 60.6797 24.7935 47.1673 9.04831 22.8855 200.942 0 149.56 19.2124 16.79 4.56654 26.2972 0.165217 12.1354 29.6454 42.6301 29.2699 
24.3054 140.511 2.75187 18.7278 301.022 21.2238 121.392 0.658803 149.463 75.8008 121.852 100.34 1.65265 17.2164 3.55165 8.88707 129.55 149.222 0 3.58701 57.9203 15.63 1.91116 2.27593 30.8783 28.6553 9.18806 16.3798 
5.86164 3.9968 5.71786 44.9759 14.3752 22.4332 0.832445 0.556519 83.8138 53.6223 7.86816 19.0777 25.1903 3.6722 6.61992 9.49913 1.92479 12.9312 1.46408 0 16.6059 5.93868 3.77607 5.3415 13.8222 9.97185 3.91594 5.95806 
5.0782 116.569 43.09 104.374 90.5846 32.2807 41.3482 129.65 61.8066 7.38944 128.91 0.0728862 70.904 38.6321 29.9017 62.9885 1.6279 29.3214 3.69519 310.399 0 11.3813 36.3046 22.777 48.8933 37.7329 44.1841 8.10428 
28.4697 36.6194 11.8767 16.7908 51.8692 3.52783 10.7148 32.4096 42.1413 42.9039 78.5304 37.9963 6.14047 10.9054 17.5324 11.6805 11.6975 0.000767228 14.0055 0.000970701 31.3758 0 3.59683 6.91342 23.5044 10.6958 2.14967 1.00063 
39.4092 5.30423 9.99168 2.70801 14.6825 3.36718 4.82051 3.92012 59.9143 58.0092 14.1122 55.407 34.7366 3.47133 6.17015 7.80446 3.27742 42.8076 22.7529 3.6213 34.7391 3.50537 0 19.1261 0.349445 0.487511 0.00883628 9.4045 
39.9125 21.9594 3.27669 7.74225 41.8913 17.791 57.0014 71.4131 98.0333 53.5143 31.7949 184.049 64.7341 2.24269 11.2823 9.28416 20.9981 46.7226 6.73252 0.527793 4.82514 1.72485 0.409792 0 39.8332 0.372735 16.4469 0.193182 
494.565 439.372 10.0569 437.966 31.5628 446.684 35.4288 192.964 550.131 15.7749 57.1021 572.187 1.6278 10.8988 6.90024 37.3742 422.574 16.0741 3.39118 0.121028 19.4784 21.5469 17.6428 45.2285 0 88.8687 52.7907 41.8901 
31.2485 7.99501 12.2 9.05674 33.8845 16.0663 40.6858 84.58 136.439 67.0482 165.578 395.709 41.7802 6.80291 5.97415 19.6286 24.6218 28.4788 5.58728 0.15162 2.46314 9.41484 5.86398 0.0526304 22.813 0 0.342517 46.0697 
34.2115 50.1064 12.4409 23.9376 48.3489 12.621 18.7903 21.1169 49.0408 14.1543 23.513 4.4682 34.1733 10.7279 2.11298 17.7346 21.0906 26.3999 0.0615131 1.3268 17.4245 2.29229 11.988 18.2001 8.79419 11.0765 0 7.88944 
4.22816 26.5995 1.37847 32.4585 21.3597 1.19078 0.916622 130.71 89.7986 5.26338 94.5623 15.591 19.8869 11.626 23.3852 1.89886 22.4874 24.69 2.55208 1.48001 9.47834 10.4802 2.9613 2.08549 23.6185 53.0343 69.6311 0 
