0 484.596 101.121 483.902 49.6529 368.718 242.453 164.59 308.905 93.4119 89.2864 121.694 108.63 22.7735 0.00617091 70.5651 360.783 233.886 22.4214 242.57 217.995 2.33865 5.64658 31.0052 288.081 65.661 41.5556 13.1023 
551.82 0 4.31419 300.648 14.4297 453.852 200.863 0.571957 616.861 236.776 0.59576 209.658 135.711 69.299 24.4274 5.53185 432.652 604.513 14.583 137.588 76.4353 48.7839 8.3606 57.6721 358.033 37.8188 53.5089 3.97858 
210.184 468.604 0 47.6124 187.763 33.8582 129.941 0.0563629 144.588 0.0320871 223.703 111.241 19.8638 14.347 0.163647 24.5859 15.344 53.3971 49.6775 21.9787 51.6314 2.82695 12.2454 14.5367 0.999089 27.4559 12.3814 6.95918 
532.209 521.983 147.821 0 97.9655 304.806 0.945101 828.317 338.239 106.952 132.077 36.3419 66.2251 0.0815377 30.0758 41.3759 319.456 88.7979 25.5254 43.8597 108.969 3.22752 18.6046 6.27721 283.409 4.89203 0.00804411 2.78403 
17.8175 154.251 157.111 74.9371 0 202.529 355.74 32.415 158.211 162.938 167.883 42.1607 148.633 54.6002 2.475 51.8197 128.879 39.8099 300.04 34.8291 53.9604 54.2167 0.231683 8.26753 21.7594 0.0218831 37.2465 6.77306 
409.24 283.201 66.454 344.115 342.339 0 519.927 28.9747 494.886 1009.37 244.882 102.443 264.44 16.29 13.8746 0.233271 323.447 66.4624 2.83131 24.2795 64.1434 18.3485 12.9227 11.3836 287.505 27.6776 3.36412 3.09261 
151.84 220.867 106.3 163.809 1.64537 283.364 0 48.9264 753.681 450.066 153.017 103.56 19.7055 96.8584 7.70293 68.7074 54.5612 124.625 153.534 84.3697 21.621 8.68019 65.5073 0.218594 73.7668 96.7855 2.61723 9.48138 
186.696 244.292 265.304 295.084 39.7309 209.868 15.3696 0 660.472 2.49359 347.92 61.8547 145.434 50.2959 92.6243 87.6355 73.3915 0.00615726 60.9574 114.343 47.5991 67.0844 39.951 115.78 49.4462 234.312 0.437014 74.8232 
546.284 520.387 373.405 534.795 147.435 339.162 1306.54 15.7866 0 253.316 1602.42 121.648 35.4115 57.1151 127.895 113.74 283.179 200.458 53.9856 37.5022 58.8607 40.7527 82.379 78.0521 283.275 77.6172 35.4365 93.0622 
14.8459 242.033 5.13261 4.94659 255.675 245.771 62.898 142.949 49.1813 0 290.751 188.756 160.695 69.3686 133.345 64.242 34.1518 17.1237 11.4797 17.1787 36.0037 19.5358 30.2757 2.052 14.0269 7.89915 22.9912 8.38296 
193.56 124.762 41.9854 184.654 260.828 136.267 59.7551 9.77608 413.005 439.798 0 289.105 129.705 7.06079 329.995 160.109 22.5332 84.6464 128.991 86.5136 0.00964138 23.2066 128.621 129.053 28.6402 166.332 69.947 92.7042 
216.184 218.177 158.239 179.745 148.621 153.899 283.973 337.651 279.435 2.58589 518.453 0 139.992 82.0955 47.5151 58.9592 65.784 50.8975 37.3056 61.2734 167.664 15.1957 29.6122 168.346 85.244 45.4691 86.7534 85.1328 
0.0308278 72.6481 1.6151 68.0853 101.239 105.217 94.418 4.59008 72.6373 216.901 251.86 22.76 0 150.288 68.8474 57.3928 31.8864 105.108 74.103 33.8063 1.0363 15.8758 46.9923 70.0893 18.2862 0.0542827 27.4592 30.6097 
32.0347 2.6433 2.56418 22.1818 0.0760842 13.2352 1.1676 35.4581 59.9245 5.67408 136.774 50.7088 48.3961 0 5.94347 18.8557 1.23902 9.65416 22.5291 0.145019 14.4284 3.01236 1.91087 5.675 12.4135 2.33015 11.1119 8.67914 
49.7909 72.69 15.6955 27.0293 89.4622 32.4563 0.100351 29.8531 198.676 1.14595 385.408 58.333 102.285 33.0911 0 21.3837 17.1559 53.2379 37.6078 3.90254 47.9805 0.00827459 23.5367 0.14322 4.32682 14.1842 15.2178 16.1997 
9.69221 83.1461 3.06367 20.0464 30.0416 18.1554 95.4771 92.9314 27.4299 79.8124 162.659 24.1604 14.3921 3.83672 0.395274 0 1.66239 61.6361 30.581 9.46502 51.36 11.4415 9.54289 24.4439 35.0861 16.246 17.1886 4.87122 
285.558 283.04 55.5588 319.481 147.905 321.307 22.1224 81.5007 353.52 36.1709 0.952451 33.3291 64.3407 21.5299 8.45376 2.20615 0 275.646 470.857 32.1299 19.0553 20.5621 0.439426 8.40096 310.359 27.1162 3.59263 23.0962 
88.362 187.203 148.168 133.259 202.079 26.9555 150.816 12.5994 114.719 22.3254 11.8173 57.8851 23.2969 46.6488 8.27611 23.8426 214.507 0 148.824 20.8718 15.2758 4.85128 25.7462 0.100559 11.4623 30.5918 42.4189 28.6475 
22.1522 144.642 2.15813 17.5037 299.28 23.8652 117.487 1.02047 150.809 72.5378 120.581 100.165 2.12238 17.5942 3.19499 9.28894 117.039 149.845 0 3.96424 58.7552 15.3463 1.76001 2.11292 30.8536 28.448 9.41205 16.6654 
2.53997 2.461 6.39321 44.0619 16.0809 22.7063 1.31887 0.229398 85.7418 54.062 6.98718 17.5368 24.5789 3.72519 6.44538 9.54187 1.68395 14.3636 1.23067 0 5.60353 5.96979 3.74877 5.40374 13.8097 10.1187 3.80171 5.81025 
2.76169 121.04 39.1444 120.718 88.1801 30.8227 38.6079 135.087 57.5455 8.28994 130.867 0.308252 71.4816 38.193 30.8178 63.0215 1.92243 27.4258 4.16853 292.127 0 11.094 36.5895 22.095 49.6418 38.7991 44.2292 8.61438 
28.0497 36.0007 11.8008 16.7661 51.3893 3.79919 9.97263 31.4706 43.1303 44.0005 78.6712 36.7801 7.54077 10.8882 17.5016 11.6088 11.4956 0.00175529 13.716 0.00307938 31.248 0 4.07814 7.28248 23.5179 10.6668 2.26436 1.06905 
39.9058 5.83461 10.1748 2.94968 15.4552 3.12051 4.12753 3.08022 57.6227 57.44 16.6366 51.8723 37.6798 2.75103 7.20075 7.33504 3.1341 42.5577 22.6797 3.58921 35.0716 3.98275 0 17.9068 0.337509 0.583613 0.000871477 9.48489 
40.825 20.9894 3.03425 8.27391 41.1453 17.8582 58.0953 67.2588 98.6226 52.6839 28.7454 185.752 63.7778 1.88694 10.1318 7.54017 21.01 46.9436 6.47994 0.576221 4.42194 1.49055 1.11652 0 38.501 0.517628 16.1455 0.13597 
354.726 298.867 10.6668 297.594 32.6452 306.985 33.4907 193.541 410.758 17.0635 53.0374 174.653 1.95744 10.5197 6.18636 25.1956 283.189 15.3299 3.63488 0.085512 20.3806 17.4625 17.2457 52.2112 0 70.5988 68.7886 31.7157 
29.5595 7.00682 11.5075 8.00844 32.6464 15.4606 38.2856 73.996 134.638 68.227 166.183 386.685 40.9451 7.1323 6.79828 21.0899 24.4239 29.4236 5.90582 0.11099 2.90355 9.50912 5.64759 0.0141824 21.3778 0 0.147656 42.5046 
34.841 49.7182 12.174 24.225 48.4866 12.3628 18.0074 22.7281 47.843 13.5521 24.8021 3.46533 33.8657 10.6536 1.91619 17.9004 20.9961 25.9376 0.086817 1.4057 16.9357 2.40987 12.1342 18.0008 7.18814 9.96455 0 11.9196 
3.74337 27.5864 1.57674 32.6259 22.114 1.03183 0.652335 131.959 90.9356 5.85072 92.8465 19.2547 20.4943 11.5507 23.3597 1.58253 22.354 24.0631 2.38263 1.38246 8.94818 10.4972 3.10603 2.27924 22.3933 55.7619 75.0752 0 
