0 419.948 97.8064 440.573 52.0439 316.282 244.199 161.047 256.13 94.575 87.8763 119.746 108.717 22.5223 0.000993929 70.9151 310.106 233.35 23.0317 241.201 216.33 2.2779 5.77378 30.7219 237.06 66.036 41.4049 13.3333 
486.454 0 1.91419 252.314 18.3098 405.859 211.627 0.333384 560.998 235.957 0.380162 210.499 136.272 69.1647 24.9986 5.27242 381.665 643.159 15.4624 137.057 77.7735 48.6936 8.54203 57.8185 306.963 37.3273 53.4525 3.84243 
210.569 471.184 0 57.175 188.038 34.7283 125.729 0.000412251 133.163 0.0802484 221.972 109.286 19.4574 14.4252 0.206567 24.6255 15.6617 55.0924 49.3318 22.1661 50.4493 2.8647 12.2237 14.5811 0.933423 27.4767 12.3052 7.06491 
488.106 475.811 150.931 0 96.3414 254.222 0.63046 1211.89 282.83 106.959 130.011 33.948 66.4582 0.0660897 29.8296 41.5255 267.908 87.5156 25.905 43.5736 541.532 3.27262 18.644 6.41836 232.098 4.65652 0.0127946 2.67976 
16.3291 144.143 158.88 76.5851 0 216.819 361.504 33.6691 153.758 167.949 165.557 43.1372 149.703 54.9205 2.27769 52.2032 127.951 41.478 299.375 35.4708 53.239 54.3171 0.264689 8.43923 22.0492 0.0361197 37.3837 6.91725 
357.465 231.712 66.5494 293.269 128.374 0 21.9943 27.2893 455.819 907.457 247.321 101.132 102.615 16.1539 13.5178 0.198722 272.525 65.4687 2.53535 24.2666 63.8244 18.4105 12.9951 11.2934 236.149 27.6515 3.30778 3.16524 
154.831 231.784 110.476 165.805 2.70136 330.265 0 52.8651 813.057 442.351 145.256 106.335 18.4772 96.8928 7.07318 69.4594 53.9278 126.807 153.109 83.953 21.0001 8.4838 65.7475 0.177574 74.2198 96.5519 2.51919 9.23557 
190.156 241.966 266.944 313.367 41.0906 210.6 17.719 0 661.909 2.93081 345.567 78.9723 145.186 51.2833 90.6472 83.8009 73.7881 7.03378e-05 61.5714 114.071 48.9626 67.1193 39.3071 114.891 47.6219 234.195 0.366738 73.7916 
495.352 474.977 362.974 488.337 151.864 296.058 1306.06 20.3606 0 258.952 975.944 116.893 34.1507 58.1462 137.532 114.954 232.014 201.408 55.0243 36.8517 57.651 41.0381 81.8521 77.5359 231.93 76.4363 35.7851 93.3371 
14.1578 241.837 4.68108 5.31741 251.408 262.655 70.823 144.867 53.2183 0 305.308 190.8 166.485 68.8122 133.159 63.5011 33.7174 16.5032 10.9329 17.4571 36.4633 19.2139 29.896 1.92292 14.3761 8.2235 23.1807 8.5844 
193.775 122.226 44.486 185.897 260.991 140.317 54.3413 11.2591 380.51 426.674 0 280.541 127.134 6.06994 322.295 157.196 22.8857 85.6853 129.049 86.5013 0.0276383 22.8721 129.045 129.112 29.5977 166.249 70.2667 93.2036 
215.284 218.703 159.677 176.494 147.746 153.41 284.24 369.911 284.217 2.11543 518.17 0 139.323 83.8467 44.2857 68.8954 65.481 50.1264 37.7476 60.7307 167.518 14.9194 28.7521 167.019 78.0631 51.5414 87.4761 83.3779 
0.0532589 73.6503 1.75247 67.8804 102.667 107.459 96.5783 4.89831 71.0336 211.361 251.346 22.0559 0 151.227 67.5926 56.7575 32.148 105.003 74.4139 33.9516 1.10464 15.3036 47.8511 70.0356 18.0356 0.0383953 27.3409 30.4467 
31.7846 2.79539 2.64594 22.2376 0.0528286 13.0834 1.01302 34.5567 61.206 6.04376 134.009 49.1051 46.0909 0 4.84667 18.7524 1.20594 9.48244 22.4427 0.151242 14.5941 3.08225 1.73831 5.54789 12.3147 2.25829 11.1241 8.62435 
49.4231 72.1215 15.9872 26.7612 89.1602 32.7716 0.0391389 31.3216 197.024 0.871242 380.794 61.9124 101.387 31.1445 0 18.8835 17.0468 53.5167 37.5511 3.94983 48.179 0.0133014 23.7022 0.0990638 4.15512 14.4744 15.1386 16.0676 
10.0428 83.2877 2.93738 20.4452 29.6345 18.3394 95.9049 96.8583 26.3609 80.3494 159.776 30.9441 13.8844 3.58999 0.0977233 0 1.70739 61.6585 30.59 9.45071 51.613 11.4672 9.42559 24.8473 34.8681 16.6761 17.2469 4.73236 
234.121 231.912 55.5906 268.553 148.385 270.396 22.6323 81.8484 302.847 35.7329 1.03645 33.6677 64.3791 21.5066 8.55288 2.15549 0 273.865 443.908 32.2004 19.2933 20.5825 0.455998 8.34016 259.135 27.0985 3.63369 23.1276 
90.6499 182.042 147.11 133.988 203.607 27.7815 152.907 13.2003 116.426 21.6303 11.296 57.091 22.8754 46.4975 8.0609 24.1175 218.245 0 148.572 21.3547 14.8543 4.93401 25.5885 0.0850113 11.2727 30.8622 42.3569 28.4693 
21.5509 145.78 2.00131 17.1585 298.448 24.6383 116.347 1.13818 151.161 71.5993 120.201 100.105 2.26711 17.7016 3.09625 9.40468 113.218 149.982 0 4.07506 58.9903 15.265 1.71788 2.06734 30.8448 28.3871 9.47625 16.7467 
1.91652 2.08909 6.59105 43.7818 16.5823 22.7806 1.47802 0.162068 86.2808 54.181 6.74418 17.1057 24.4037 3.74016 6.39542 9.55308 1.61793 14.784 1.16757 0 3.51419 5.97849 3.74079 5.42123 13.8049 10.1599 3.76924 5.76801 
2.22698 122.302 38.0359 126.524 87.4869 30.4081 37.8356 136.624 56.3435 8.5558 131.41 0.405323 71.6425 38.0653 31.0793 63.0232 2.01096 26.8923 4.30869 286.038 0 11.0123 36.669 21.9005 49.8521 39.1023 44.2401 8.76242 
27.929 35.8226 11.7785 16.7582 51.2487 3.87816 9.76453 31.2026 43.4116 44.31 78.7038 36.4327 7.96483 10.8808 17.4901 11.5869 11.4379 0.00381721 13.6332 0.00389938 31.2106 0 4.21921 7.38783 23.518 10.6579 2.29757 1.08897 
40.0452 5.99027 10.2262 3.0203 15.6783 3.05135 3.93878 2.85825 56.9653 57.2678 17.3907 50.869 38.5275 2.55421 7.50415 7.19959 3.09362 42.484 22.6576 3.57988 35.165 4.12278 0 17.5093 0.343916 0.612561 0.000123117 9.50708 
41.0831 20.7141 2.96627 8.42761 40.93 17.8753 58.4021 66.0726 98.7743 52.4394 27.8942 186.128 63.492 1.78966 9.80784 7.06328 21.0126 47.004 6.40831 0.59041 4.30961 1.42636 1.37863 0 38.084 0.563249 16.0572 0.121445 
303.326 247.294 10.8424 246.056 32.9546 255.634 32.9412 193.603 359.472 17.4382 51.8875 357.65 2.057 10.4105 5.98776 22.2078 231.931 15.1194 3.70585 0.0764883 20.6403 18.6622 17.1333 54.1489 0 62.4602 88.2231 38.8688 
29.0804 6.7354 11.3107 7.71806 32.2932 15.2869 37.6047 71.0398 134.084 68.551 166.285 383.184 40.7035 7.22616 7.04079 21.5007 24.3663 29.6938 5.99805 0.10053 3.03571 9.53553 5.58558 0.00766649 20.9686 0 0.106763 41.4544 
35.0196 49.6047 12.0974 24.3052 48.5236 12.2888 17.7854 23.1962 47.4994 13.3815 25.1742 3.20151 33.7764 10.6316 1.86153 17.9455 20.9686 25.8052 0.0948433 1.4286 16.7966 2.44388 12.1748 17.941 6.75564 9.65374 0 13.2015 
3.60993 27.8692 1.63566 32.669 22.3304 0.988395 0.584993 132.282 91.2488 6.02359 92.343 20.3639 20.6681 11.5278 23.3485 1.49705 22.3151 23.8842 2.33518 1.35512 8.79893 10.5015 3.14773 2.3359 22.0389 56.4778 76.5308 0 
