0 387.411 96.1518 418.576 53.2559 289.758 245.052 159.273 229.454 95.155 87.1726 118.772 108.758 22.3969 6.41245e-05 71.0881 284.462 233.064 23.3391 240.398 215.48 2.24781 5.83789 30.5802 211.247 66.2219 41.3293 13.4494 
453.495 0 1.0739 227.918 20.4165 381.538 217.046 0.238082 532.723 235.526 0.290424 210.911 136.548 69.096 25.2857 5.14477 355.86 374.808 15.9108 136.781 78.4438 48.6479 8.63333 57.8908 281.123 37.0816 53.4238 3.77513 
210.723 472.115 0 62.3067 188.152 35.163 123.622 0.0222368 127.557 0.112468 221.079 108.306 19.2551 14.4638 0.229887 24.6442 15.8214 55.9446 49.1576 22.2589 49.8603 2.88363 12.2126 14.603 0.90139 27.486 12.267 7.11796 
465.683 452.373 154.329 0 95.5272 228.627 0.496874 833.266 254.872 106.957 128.973 32.7774 66.5734 0.0589692 29.7057 41.5977 241.83 86.8726 26.0951 43.4275 670.012 3.29525 18.6633 6.48934 206.14 4.54067 0.0155807 2.62834 
15.6076 139.169 159.748 77.41 0 224.165 364.322 34.3036 151.537 170.455 164.389 43.6286 150.232 55.0796 2.18202 52.3942 127.482 42.322 298.987 35.7926 52.8791 54.3666 0.282005 8.52562 22.1946 0.0445697 37.4521 6.9898 
331.265 205.706 66.5886 267.537 343.763 0 41.3683 26.463 435.997 744.956 248.504 100.474 170.776 16.0855 13.3403 0.182475 246.759 64.9715 2.39327 24.2594 63.6636 18.4411 13.0311 11.2483 210.168 27.6376 3.27974 3.20185 
156.322 237.265 112.57 166.788 3.32652 354.698 0 54.8831 842.262 438.342 141.418 107.728 17.8766 96.9059 6.76797 69.8337 53.6112 127.897 152.889 83.742 20.6925 8.38636 65.8662 0.15866 74.4448 96.4315 2.47087 9.11365 
191.88 240.788 267.717 322.131 41.7773 210.945 18.9532 0 662.405 3.16238 344.356 88.2474 145.058 51.7782 89.6587 81.9009 73.9857 0.00267284 61.8782 113.932 49.649 67.1359 38.9858 114.441 46.7186 234.104 0.33389 73.2754 
469.562 451.955 357.624 464.765 154.086 274.375 1303.72 22.8593 0 261.747 731.143 114.537 33.527 58.6632 141.578 115.556 206.129 201.875 55.5453 36.5273 57.0488 41.1806 81.5866 77.2762 205.958 75.8454 35.9593 93.4724 
13.8193 241.717 4.46279 5.50763 249.245 271.204 74.933 145.823 55.287 0 312.585 191.812 169.381 68.5311 133.052 63.1287 33.5006 16.1966 10.6641 17.5968 36.6936 19.0536 29.7061 1.85994 14.5519 8.38783 23.2754 8.68587 
193.874 120.96 45.757 186.504 261.056 142.342 51.7187 12.0385 364.346 420.004 0 276.249 125.848 5.60178 318.346 155.727 23.0626 86.2045 129.074 86.4934 0.0401138 22.7054 129.25 129.135 30.0808 166.195 70.4256 93.451 
214.823 218.956 160.385 174.856 147.305 153.157 284.352 386.287 286.587 1.89775 517.921 0 138.985 84.7219 42.7056 74.1061 65.329 49.7419 37.9691 60.4587 167.44 14.7821 28.3254 166.341 74.0289 54.6983 87.8356 82.5013 
0.0667626 74.1513 1.82322 67.7765 103.381 108.425 97.6603 5.05605 70.2352 208.569 251.069 21.7076 0 151.668 66.9638 56.4383 32.2787 104.948 74.5681 34.024 1.13961 15.0205 48.2804 70.0061 17.9106 0.0314771 27.2817 30.365 
31.6593 2.87299 2.6872 22.265 0.042788 13.0074 0.939818 34.1087 61.8481 6.23255 132.619 48.3089 44.9503 0 4.33673 18.6972 1.18955 9.39702 22.3993 0.154403 14.6772 3.11738 1.65442 5.48424 12.2651 2.2227 11.13 8.59685 
49.2385 71.8357 16.1332 26.6265 89.0065 32.9278 0.0191468 32.0662 196.177 0.747874 378.338 63.73 100.932 30.1705 0 17.676 16.9923 53.6554 37.5221 3.97352 48.2776 0.0162594 23.782 0.0800132 4.07039 14.6196 15.0988 16.0013 
10.2203 83.356 2.87511 20.6447 29.4312 18.4311 96.1148 98.8338 25.8328 80.6139 158.321 34.6293 13.6333 3.46898 0.0238348 0 1.73009 61.6687 30.5941 9.44339 51.7388 11.4799 9.36638 25.0437 34.7568 16.8912 17.2757 4.66345 
208.101 206.051 55.6048 242.785 148.617 244.635 22.8891 82.0211 277.206 35.5142 1.07975 33.8373 64.3975 21.4947 8.60257 2.13034 0 272.93 386.041 32.2351 19.4126 20.5926 0.464401 8.30981 233.219 27.0895 3.65427 23.1431 
91.7979 179.133 146.57 134.346 204.359 28.1977 153.948 13.5056 117.278 21.2861 11.0395 56.6949 22.6657 46.4213 7.95425 24.2551 220.088 0 148.439 21.5975 14.6456 4.9756 25.5095 0.0777281 11.1783 30.9975 42.3257 28.3802 
21.2528 146.341 1.925 16.9868 297.977 25.0279 115.773 1.19942 151.332 71.1295 120.008 100.074 2.3412 17.7551 3.04738 9.46272 111.269 150.043 0 4.13096 59.1073 15.2242 1.69699 2.04473 30.8401 28.3563 9.50837 16.7873 
1.65978 1.91439 6.69077 43.6387 16.8352 22.8172 1.56094 0.132787 86.5485 54.2393 6.62416 16.8918 24.3161 3.74762 6.37043 9.55852 1.5854 14.996 1.13664 0 2.64949 5.98281 3.73678 5.42992 13.8024 10.1804 3.75301 5.74689 
1.98104 122.93 37.4853 129.568 87.1394 30.2012 37.4515 137.389 55.7452 8.69027 131.68 0.458822 71.7223 38.0012 31.21 63.0229 2.05594 26.6271 4.37955 282.858 0 10.9715 36.7084 21.8032 49.9567 39.2536 44.2451 8.83682 
27.8685 35.7333 11.7672 16.7541 51.1777 3.91787 9.6612 31.0687 43.552 44.4641 78.7188 36.2593 8.18089 10.8767 17.4839 11.5757 11.409 0.00514346 13.5918 0.00434558 31.1917 0 4.29032 7.44051 23.5174 10.6533 2.31423 1.09899 
40.1144 6.06877 10.2517 3.05585 15.7901 3.01701 3.846 2.75031 56.6363 57.1801 17.773 50.3681 38.9525 2.45757 7.65722 7.13171 3.07347 42.4468 22.6463 3.57519 35.2113 4.19338 0 17.303 0.348756 0.627281 3.6211e-06 9.51804 
41.2118 20.5769 2.9325 8.50475 40.822 17.8834 58.5544 65.4797 98.8474 52.3159 27.4721 186.298 63.3471 1.74179 9.64675 6.82878 21.0138 47.0338 6.37261 0.597562 4.25398 1.39475 1.51928 0 37.8697 0.58675 16.0126 0.114493 
277.321 221.204 10.9304 219.983 33.1094 229.653 32.6671 193.617 333.52 17.6264 51.3147 789.219 2.10767 10.3557 5.88939 20.8238 205.998 15.0145 3.74157 0.0721628 20.7704 19.6494 17.0772 55.1024 0 58.0953 99.4039 43.9409 
28.8415 6.60152 11.2124 7.57453 32.1167 15.2 37.2652 69.5749 133.8 68.7108 166.325 381.284 40.5822 7.27302 7.16319 21.7049 24.3373 29.8289 6.04439 0.0954962 3.10284 9.54863 5.55457 0.00515281 20.7643 0 0.0888005 40.925 
35.1088 49.5475 12.059 24.345 48.5418 12.2517 17.6747 23.4315 47.3274 13.2964 25.3609 3.07341 33.7316 10.6204 1.83448 17.9677 20.9548 25.739 0.0989865 1.44011 16.7271 2.46095 12.1949 17.9106 6.54397 9.49957 0 13.8629 
3.54408 28.0108 1.66549 32.6897 22.4388 0.967023 0.552698 132.438 91.4035 6.11083 92.089 20.9285 20.7551 11.5162 23.3422 1.45513 22.2956 23.7947 2.31162 1.34153 8.72466 10.5037 3.16864 2.36443 21.8612 56.8245 77.2404 0 
