0 371.24 95.3255 407.645 53.8654 276.57 245.472 158.386 216.195 95.4451 86.8205 118.285 108.777 22.3343 1.49624e-05 71.1741 271.715 232.917 23.4935 239.973 215.051 2.23284 5.87001 30.5094 198.417 66.3146 41.2914 13.5075 
437.102 0 0.74386 215.814 21.5112 369.449 219.762 0.196418 518.651 235.306 0.250075 211.114 136.685 69.0612 25.4297 5.08158 343.032 230.247 16.1371 136.64 78.779 48.625 8.67913 57.9267 268.277 36.9589 53.4094 3.74175 
210.79 472.49 0 64.9561 188.204 35.3803 122.57 0.0456114 124.783 0.130602 220.625 107.815 19.1543 14.4831 0.242022 24.6532 15.9014 56.372 49.0701 22.305 49.5662 2.89311 12.207 14.6138 0.885586 27.4904 12.2479 7.1445 
454.531 440.716 156.522 0 95.1195 215.905 0.436045 612.084 240.981 106.955 128.454 32.1984 66.6306 0.0555629 29.6435 41.6331 228.866 86.5508 26.1902 43.3537 673.619 3.3066 18.6729 6.52493 193.237 4.48325 0.017077 2.60276 
15.2525 136.702 160.179 77.8226 0 227.878 365.714 34.6222 150.428 171.707 163.804 43.8747 150.495 55.159 2.13494 52.4895 127.247 42.7468 298.778 35.9536 52.6992 54.3912 0.290875 8.56892 22.2673 0.0491227 37.4862 7.02623 
318.239 192.789 66.6061 254.745 490.274 0 136.821 26.0538 426.163 659.424 249.086 100.144 236.917 16.0512 13.2518 0.174613 233.951 64.7229 2.32375 24.2556 63.5831 18.4564 13.0491 11.2257 197.253 27.6305 3.26577 3.22019 
157.067 240.009 113.619 167.275 3.66328 367.126 0 55.9043 856.716 436.301 139.511 108.426 17.5797 96.9113 6.61776 70.0205 53.4529 128.441 152.777 83.6358 20.5393 8.33777 65.9252 0.149601 74.5568 96.3705 2.44686 9.053 
192.739 240.195 268.092 326.4 42.1217 211.112 19.5857 0 662.597 3.28147 343.742 93.0609 144.993 52.026 89.1647 80.9553 74.0843 0.00538896 62.0317 113.861 49.9938 67.144 38.8253 114.215 46.2687 234.05 0.318041 73.0172 
456.738 440.517 354.916 453.043 155.199 263.651 1302.02 24.1604 0 263.138 773.186 113.365 33.217 58.9218 143.39 115.856 193.263 202.106 55.8065 36.3655 56.7484 41.2519 81.4535 77.1461 193.049 75.5496 36.0465 93.5396 
13.6516 241.652 4.3556 5.60387 248.157 275.499 77.024 146.299 56.3334 0 316.223 192.316 170.827 68.3897 132.995 62.9419 33.3923 16.0443 10.5307 17.6667 36.8087 18.9736 29.6111 1.82879 14.6402 8.47053 23.3228 8.73678 
193.922 120.328 46.3977 186.804 261.084 143.353 50.4286 12.4375 356.311 416.641 0 274.102 125.205 5.3745 316.348 154.989 23.1512 86.4643 129.086 86.489 0.0472147 22.6221 129.35 129.145 30.3234 166.165 70.5049 93.5742 
214.59 219.08 160.736 174.033 147.083 153.028 284.403 394.53 287.766 1.79329 517.77 0 138.815 85.1595 41.924 76.7687 65.2529 49.5499 38.0799 60.3226 167.4 14.7136 28.113 165.998 71.9187 56.3063 88.015 82.0632 
0.0740811 74.4018 1.85913 67.7242 103.737 108.868 98.2018 5.13583 69.8369 207.169 250.926 21.5343 0 151.882 66.6491 56.2784 32.344 104.92 74.6448 34.0601 1.15731 14.8799 48.4948 69.9908 17.8481 0.0282763 27.252 30.3242 
31.5967 2.91217 2.70794 22.2785 0.0381615 12.9694 0.904234 33.8854 62.1694 6.32795 131.922 47.912 44.3832 0 4.09172 18.6687 1.1814 9.35444 22.3775 0.155994 14.7188 3.135 1.61308 5.45241 12.2402 2.20498 11.133 8.58308 
49.146 71.6922 16.2062 26.5591 88.9289 33.0056 0.011799 32.4413 195.749 0.689741 377.075 64.6461 100.702 29.6838 0 17.0837 16.965 53.7247 37.5075 3.98538 48.3267 0.0178495 23.8212 0.071248 4.0283 14.6924 15.0789 15.968 
10.3094 83.3896 2.84418 20.7445 29.3297 18.4768 96.2188 99.8244 25.5702 80.7451 157.591 36.5426 13.5085 3.40911 0.00566667 0 1.7415 61.6735 30.596 9.43969 51.8015 11.4861 9.33664 25.1405 34.7006 16.9987 17.29 4.62915 
195.167 193.198 55.6115 229.976 148.732 231.831 23.0178 82.1073 264.461 35.4049 1.10177 33.9221 64.4065 21.4888 8.62744 2.11783 0 272.452 349.969 32.2524 19.4724 20.5976 0.468626 8.2946 220.336 27.0849 3.66458 23.1509 
92.3733 177.596 146.296 134.522 204.732 28.4066 154.467 13.6594 117.704 21.1148 10.9122 56.4971 22.5611 46.3831 7.90119 24.324 221.004 0 148.371 21.7192 14.5417 4.99646 25.47 0.0742048 11.1312 31.0651 42.31 28.3356 
21.1043 146.62 1.88738 16.9011 297.727 25.2233 115.485 1.23064 151.416 70.8941 119.91 100.058 2.37866 17.7819 3.0231 9.49177 110.286 150.072 0 4.15904 59.1657 15.2039 1.68658 2.03345 30.8377 28.3409 9.52443 16.8076 
1.54523 1.82986 6.7408 43.5663 16.9623 22.8353 1.60323 0.119237 86.6816 54.2683 6.56452 16.7852 24.2722 3.75135 6.35793 9.5612 1.56926 15.1025 1.12132 0 2.26272 5.98495 3.73476 5.43426 13.8011 10.1906 3.74491 5.73632 
1.86338 123.244 37.2107 131.121 86.965 30.0979 37.2597 137.772 55.4466 8.75775 131.814 0.486832 71.7621 37.969 31.2753 63.0223 2.0786 26.4948 4.4152 281.237 0 10.9511 36.7281 21.7546 50.0088 39.3291 44.2476 8.87411 
27.8382 35.6887 11.7616 16.752 51.1422 3.9378 9.60966 31.0017 43.6222 44.541 78.726 36.1724 8.28984 10.8745 17.4807 11.57 11.3946 0.00588292 13.571 0.00457801 31.1823 0 4.32602 7.46681 23.5169 10.6509 2.32259 1.10401 
40.149 6.10819 10.2644 3.07369 15.8462 2.99988 3.79997 2.69707 56.4717 57.1358 17.9654 50.1183 39.165 2.40969 7.73408 7.09773 3.0634 42.4281 22.6406 3.57283 35.2344 4.22881 0 17.1981 0.351586 0.634708 7.24219e-06 9.52349 
41.276 20.5084 2.91568 8.54339 40.7679 17.8874 58.6303 65.1835 98.8833 52.2539 27.2618 186.378 63.2741 1.71805 9.56649 6.71257 21.0143 47.0485 6.35478 0.601151 4.22624 1.37906 1.59199 0 37.7611 0.59868 15.9902 0.11109 
264.393 208.234 10.9744 207.022 33.1868 216.738 32.5304 193.62 320.618 17.7208 51.0289 913.872 2.13322 10.3282 5.84042 20.1615 193.107 14.9621 3.75948 0.0700501 20.8356 20.2371 17.0492 55.5748 0 55.8581 105.232 46.8122 
28.7223 6.535 11.1633 7.50316 32.0285 15.1565 37.0955 68.8449 133.657 68.7902 166.342 380.297 40.5214 7.29648 7.22467 21.8066 24.3227 29.8965 6.06758 0.0930238 3.13663 9.55517 5.53907 0.00408242 20.6623 0 0.0804318 40.6592 
35.1533 49.5187 12.0398 24.3648 48.5507 12.2331 17.6194 23.5495 47.2413 13.254 25.4543 3.01029 33.7091 10.6148 1.82101 17.9787 20.9478 25.7059 0.101097 1.44588 16.6923 2.4695 12.2049 17.8953 6.43932 9.4228 0 14.1986 
3.51137 28.0815 1.6805 32.6999 22.493 0.956412 0.53689 132.515 91.4802 6.15473 91.9616 21.2133 20.7986 11.5103 23.3389 1.43438 22.2858 23.7499 2.29988 1.33476 8.68761 10.5047 3.17911 2.37875 21.7722 56.9951 77.5905 0 
