0 355.194 94.4995 396.816 54.4775 263.49 245.89 157.499 203.047 95.7344 86.4686 117.797 108.797 22.2716 0.000239398 71.2598 259.075 232.768 23.6482 239.531 214.619 2.2179 5.90225 30.4384 185.694 66.4069 41.2534 13.5658 
420.822 0 0.474176 203.831 22.6332 357.463 222.482 0.158771 504.68 235.082 0.212741 211.315 136.822 69.0262 25.574 5.01874 330.309 111.712 16.3649 136.498 79.1145 48.6019 8.72507 57.9625 255.539 36.8363 53.3948 3.70851 
210.85 472.805 0 67.6586 188.251 35.5975 121.516 0.077264 122.028 0.150095 220.167 107.324 19.0536 14.5022 0.254445 24.6621 15.9815 56.8002 48.9825 22.351 49.2725 2.90263 12.2014 14.6247 0.869898 27.4947 12.2288 7.17107 
443.471 429.158 159.05 0 94.7115 203.292 0.379144 446.847 227.206 106.952 127.933 31.6241 66.6876 0.0522562 29.5813 41.6681 216.01 86.2285 26.2854 43.2794 634.327 3.31794 18.6825 6.56058 180.442 4.42616 0.0186415 2.57734 
14.9015 134.252 160.606 78.2354 0 231.617 367.096 34.9426 149.321 172.959 163.219 44.1213 150.757 55.2382 2.08836 52.5847 127.01 43.1729 298.561 36.1149 52.5193 54.4157 0.299883 8.61234 22.34 0.0539054 37.5203 7.06275 
305.319 179.986 66.6222 242.06 630.111 0 271.099 25.6474 416.437 582.006 249.663 99.8143 316.45 16.0169 13.1634 0.166923 221.25 64.4741 2.25523 24.2518 63.5022 18.4716 13.067 11.2031 184.445 27.6232 3.2518 3.2386 
157.812 242.756 114.668 167.76 4.01613 379.68 0 56.9335 871.062 434.236 137.611 109.125 17.2851 96.9162 6.46915 70.207 53.2947 128.986 152.664 83.5292 20.3868 8.28935 65.984 0.140809 74.6686 96.3089 2.42299 8.99252 
193.598 239.599 268.46 330.587 42.4679 211.276 20.2274 0 662.752 3.40273 343.123 97.9868 144.928 52.2737 88.6705 80.0127 74.1828 0.00904652 62.185 113.789 50.339 67.152 38.6651 113.988 45.821 233.991 0.302576 72.7587 
444.018 429.184 352.188 441.422 156.311 253.062 1299.97 25.4961 0 264.526 921.796 112.195 32.9082 59.1812 145.055 116.155 180.504 202.336 56.0676 36.2038 56.4484 41.3231 81.32 77.0156 180.248 75.2538 36.1338 93.6064 
13.4846 241.583 4.24958 5.70091 247.064 279.808 79.1385 146.776 57.3884 0 319.858 192.819 172.275 68.2479 132.936 62.7549 33.284 15.8926 10.3982 17.7368 36.9241 18.8936 29.5163 1.79794 14.7286 8.55358 23.3702 8.78784 
193.969 119.695 47.0418 187.102 261.11 144.365 49.153 12.8431 348.316 413.263 0 271.953 124.562 5.15194 314.334 154.249 23.2401 86.7241 129.097 86.4843 0.0548984 22.539 129.45 129.155 30.5668 166.134 70.5839 93.697 
214.354 219.202 161.086 173.209 146.861 152.898 284.449 402.802 288.942 1.69176 517.601 0 138.645 85.597 41.1486 79.4696 65.1767 49.3582 38.1908 60.1863 167.359 14.6452 27.901 165.653 69.75 57.9338 88.1941 81.6252 
0.0817938 74.6523 1.89534 67.6716 104.093 109.285 98.7435 5.2162 69.4387 205.765 250.78 21.3614 0 152.09 66.3341 56.1183 32.4094 104.892 74.7213 34.0961 1.17512 14.7397 48.7093 69.975 17.7858 0.0252514 27.2223 30.2833 
31.534 2.95158 2.72873 22.292 0.0337991 12.9313 0.869312 33.6627 62.491 6.42401 131.224 47.5163 43.8188 0 3.85334 18.6397 1.17327 9.31193 22.3557 0.157592 14.7604 3.15262 1.57216 5.42056 12.2153 2.18733 11.1359 8.56926 
49.0535 71.5488 16.2792 26.4915 88.8509 33.0831 0.0062223 32.8178 195.318 0.633907 375.786 65.5658 100.471 29.1976 0 16.4991 16.9376 53.7938 37.4928 3.99725 48.3759 0.019514 23.8599 0.062995 3.98639 14.765 15.0589 15.9348 
10.3989 83.4227 2.81341 20.8444 29.2283 18.5224 96.3222 100.817 25.3088 80.8756 156.858 38.5043 13.384 3.34965 1.60377e-05 0 1.75294 61.6782 30.5979 9.43597 51.864 11.4923 9.30678 25.2364 34.644 17.1062 17.3043 4.59491 
182.341 180.454 55.6179 217.274 148.845 219.133 23.1467 82.1933 251.823 35.2956 1.12396 34.007 64.4154 21.4828 8.65235 2.10536 0 271.966 311.368 32.2696 19.5322 20.6025 0.472869 8.27943 207.561 27.0802 3.6749 23.1586 
92.9489 176.005 146.021 134.698 205.103 28.6162 154.985 13.814 118.13 20.9442 10.7856 56.2994 22.4567 46.3448 7.84821 24.3928 221.915 0 148.302 21.8412 14.4381 5.01735 25.4305 0.070768 11.0842 31.1327 42.2942 28.291 
20.9562 146.898 1.85013 16.8156 297.468 25.4192 115.196 1.26225 151.499 70.6588 119.813 100.042 2.41643 17.8086 2.99891 9.52085 109.297 150.1 0 4.1872 59.2239 15.1835 1.67621 2.02223 30.8352 28.3254 9.5405 16.8278 
1.43976 1.74722 6.79095 43.4935 17.0897 22.8534 1.64608 0.106405 86.8146 54.297 6.50521 16.6789 24.2283 3.75506 6.34542 9.56384 1.5532 15.2092 1.1061 0 1.90607 5.9871 3.73274 5.43858 13.7997 10.2007 3.73681 5.72576 
1.7493 123.557 36.9368 132.692 86.791 29.9945 37.0685 138.153 55.1486 8.82558 131.947 0.515629 71.8016 37.9367 31.3407 63.0216 2.10141 26.3628 4.45098 279.594 0 10.9307 36.7477 21.706 50.0608 39.4047 44.2499 8.91143 
27.8079 35.644 11.7559 16.7499 51.1064 3.95776 9.55828 30.9347 43.6923 44.6177 78.7329 36.0857 8.39945 10.8723 17.4774 11.5643 11.3801 0.00666908 13.5503 0.00481597 31.1728 0 4.36178 7.49311 23.5163 10.6486 2.33096 1.10905 
40.1834 6.14773 10.2771 3.09157 15.9023 2.98279 3.75427 2.64434 56.307 57.0913 18.1589 49.8687 39.3781 2.36214 7.81115 7.06369 3.05336 42.4094 22.6349 3.57048 35.2575 4.26433 0 17.0919 0.354687 0.642175 5.35118e-05 9.52891 
41.3401 20.4399 2.8989 8.58208 40.7138 17.8914 58.7061 64.8873 98.9186 52.1917 27.0523 186.455 63.2008 1.69444 9.48634 6.59705 21.0148 47.0632 6.33697 0.604752 4.19863 1.36345 1.66621 0 37.6515 0.610726 15.9678 0.107739 
251.573 195.373 11.0185 194.169 33.2643 203.93 32.3936 193.619 307.823 17.8154 50.7435 927.468 2.15893 10.3008 5.79165 19.5197 180.323 14.9098 3.77742 0.0679646 20.9008 20.8861 17.0213 56.0442 0 53.594 111.162 49.8887 
28.6029 6.46883 11.1143 7.43207 31.9403 15.113 36.9261 68.118 133.512 68.8692 166.357 379.286 40.4607 7.31987 7.28633 21.9082 24.3082 29.9641 6.09086 0.0905871 3.17061 9.56169 5.52355 0.00313749 20.5602 0 0.0724754 40.3928 
35.1978 49.4899 12.0206 24.3846 48.5596 12.2146 17.5643 23.6676 47.1552 13.2115 25.548 2.94782 33.6865 10.6092 1.80759 17.9896 20.9408 25.6728 0.103223 1.45166 16.6576 2.47807 12.2148 17.8799 6.33544 9.3462 0 14.5376 
3.47878 28.1524 1.69557 32.7099 22.5472 0.945866 0.521288 132.59 91.5568 6.19869 91.8337 21.5 20.8421 11.5044 23.3355 1.41378 22.276 23.7053 2.28817 1.32801 8.65063 10.5057 3.18959 2.3931 21.683 57.1637 77.9375 0 
