0 249.881 88.7409 327.329 58.835 178.415 248.71 151.289 117.581 97.7538 84.0106 114.384 108.923 21.8338 0.00956523 71.8498 177.088 231.64 24.7413 236.108 211.52 2.11473 6.12998 29.9421 103.138 67.046 40.9861 13.9761 
313.598 0 0.27959 126.783 31.2413 279.96 241.641 0.0072595 413.208 233.419 0.0358412 212.683 137.757 68.7739 26.591 4.58892 247.717 599.123 17.9991 135.45 81.4667 48.4385 9.04916 58.2087 172.863 35.9788 53.2906 3.4795 
211.092 473.318 0 87.9224 188.479 37.1144 114.156 0.531168 103.336 0.324403 216.834 103.878 18.3536 14.6343 0.350134 24.719 16.5457 59.8173 48.3625 22.6688 47.2254 2.96941 12.1607 14.6989 0.763982 27.5191 12.0948 7.35779 
372.207 354.507 186.155 0 91.8476 121.5 0.0921342 1288.65 137.525 106.906 124.268 27.7294 67.0802 0.031947 29.1418 41.901 132.511 83.9662 26.9529 42.7453 36.317 3.39785 18.7477 6.81198 97.3795 4.03566 0.0315118 2.40248 
12.5519 117.522 163.523 81.1263 0 258.222 376.445 37.217 141.601 181.709 159.1 45.8615 152.563 55.7886 1.77638 53.2481 125.333 46.2019 296.783 37.2473 51.2641 54.5842 0.366718 8.91873 22.8512 0.0935511 37.758 7.32048 
221.338 97.0589 66.6951 159.742 332.866 0 555.513 22.8808 354.83 647.041 253.522 97.4945 620.943 15.7746 12.5495 0.117892 138.842 62.7323 1.80365 24.2214 62.9314 18.5767 13.1915 11.0444 101.291 27.5685 3.1548 3.36867 
162.997 262.034 122.03 171.082 6.93426 470.226 0 64.353 967.775 419.127 124.543 114.039 15.2869 96.9303 5.47396 71.505 52.187 132.789 151.836 82.7706 19.3319 7.95367 66.3885 0.0866996 75.4429 95.8615 2.2589 8.57391 
199.57 235.36 270.811 357.209 44.9194 212.324 24.9934 0 662.788 4.3119 338.631 135.575 144.452 54.0136 85.2165 73.5031 74.8688 0.0609937 63.2578 113.268 52.7788 67.2041 37.5466 112.377 42.7275 233.426 0.205109 70.9486 
361.387 356.278 332.551 366.372 164.124 186.175 1276.01 35.8035 0 274.115 1289.21 104.119 30.7791 61.0013 152.38 118.224 97.7036 203.905 57.9034 35.0769 54.3613 41.8208 80.3767 76.0951 97.1626 73.1823 36.7448 94.0644 
12.3424 240.998 3.54292 6.40234 239.288 310.192 94.5781 150.089 64.9939 0 345.203 196.286 182.383 67.2416 132.455 61.4366 32.5279 14.8486 9.49187 18.2289 37.7332 18.3366 28.8522 1.589 15.3531 9.14481 23.7018 9.14852 
194.259 115.279 51.6426 189.119 261.208 151.43 40.6369 15.8562 294.076 389.193 0 256.896 120.065 3.72276 299.825 149.022 23.8645 88.5414 129.161 86.4435 0.124871 21.9597 130.117 129.19 32.2901 165.858 71.1331 94.546 
212.657 220.009 163.479 167.386 145.292 151.951 284.676 461.453 297.07 1.06358 515.921 0 137.434 88.6575 35.8906 99.4044 64.641 48.0212 38.9686 59.23 167.049 14.1699 26.434 163.17 53.4549 69.8525 89.4384 78.5644 
0.146361 76.4059 2.15841 67.2971 106.578 111.474 102.543 5.79569 66.6693 195.86 249.669 20.1685 0 153.418 64.125 54.991 32.867 104.688 75.2502 34.347 1.30361 13.7738 50.2082 69.853 17.351 0.00884425 27.014 29.9962 
31.0946 3.23463 2.87609 22.3835 0.0106797 12.6641 0.644047 32.1162 64.7467 7.1151 126.309 44.7745 39.9289 0 2.37446 18.4197 1.11713 9.01649 22.202 0.169008 15.0525 3.27692 1.29799 5.19749 12.0395 2.06532 11.1557 8.47225 
48.403 70.5359 16.7908 26.0162 88.292 33.6183 0.0167216 35.5018 192.207 0.30891 366.118 72.1286 98.8237 25.8119 0 12.6372 16.7463 54.2743 37.3869 4.08058 48.7167 0.0332391 24.117 0.0194145 3.69834 15.2741 14.9184 15.7009 
11.0344 83.6436 2.60209 21.5434 28.52 18.8404 97.0271 107.812 23.5093 81.7707 151.676 53.521 12.5265 2.94514 0.310718 0 1.83399 61.7067 30.6093 9.40912 52.2978 11.5348 9.0953 25.8808 34.2374 17.8574 17.4024 4.35814 
99.0703 97.7728 55.6548 134.859 149.606 136.745 24.0571 82.7907 169.853 34.5322 1.2855 34.6023 64.4739 21.4401 8.82723 2.0189 0 268.363 116.18 32.3878 19.9524 20.6369 0.503114 8.17338 124.631 27.0468 3.74751 23.212 
96.9954 163.36 144.04 135.891 207.649 30.0975 158.59 14.9187 121.108 19.7658 9.91909 54.9194 21.7308 46.0743 7.48198 24.8761 228.164 0 147.786 22.7014 13.7221 5.16465 25.1538 0.0489759 10.7575 31.606 42.1829 27.9787 
19.9312 148.807 1.59952 16.2207 295.402 26.8032 113.16 1.49457 152.055 69.0076 119.116 99.9205 2.68892 17.9955 2.83199 9.72502 102.223 150.261 0 4.38667 59.629 15.0408 1.60444 1.94436 30.8166 28.2156 9.65317 16.9696 
0.959975 1.2216 7.14554 42.9695 17.9919 22.9767 1.96153 0.0370551 87.7352 54.4928 6.09642 15.9424 23.921 3.78095 6.25785 9.58161 1.44291 15.9647 1.00238 0 0.264123 6.00197 3.71847 5.46863 13.7893 10.2713 3.68024 5.65185 
1.05119 125.733 35.0366 144.079 85.5669 29.2733 35.7387 140.809 53.0759 9.30661 132.869 0.740456 72.0754 37.7093 31.7975 63.0106 2.26433 25.4454 4.70521 267.522 0 10.7883 36.8835 21.3661 50.4221 39.9319 44.265 9.1746 
27.5952 35.33 11.7157 16.7345 50.854 4.09851 9.20169 30.4665 44.1822 45.1519 78.7757 35.4787 9.18463 10.8547 17.4525 11.5232 11.279 0.0135628 13.4052 0.00665259 31.1056 0 4.61459 7.67718 23.5094 10.6317 2.38984 1.14458 
40.4226 6.42759 10.3653 3.21795 16.2966 2.86428 3.44143 2.28954 55.1529 56.7724 19.5367 48.1267 40.8712 2.03863 8.35637 6.82495 2.98342 42.2763 22.594 3.55387 35.4177 4.51552 0 16.3173 0.384014 0.695552 0.00156592 9.56627 
41.787 19.962 2.78244 8.85413 40.3332 17.9173 59.2315 62.8165 99.1533 51.7506 25.602 186.908 62.6781 1.53291 8.93024 5.80908 21.0178 47.1638 6.21271 0.630221 4.00752 1.25641 2.22828 0 36.8588 0.698239 15.8091 0.0857114 
168.32 111.844 11.328 110.697 33.806 120.773 31.4406 193.538 224.731 18.4822 48.7559 125.723 2.34298 10.108 5.45461 15.6455 97.337 14.5454 3.90408 0.0542556 21.3584 27.037 16.8265 59.2315 0 37.4556 152.189 75.8235 
27.7717 6.01428 10.7721 6.94194 31.3236 14.8083 35.7449 63.0946 132.47 69.4119 166.406 371.535 40.0324 7.48346 7.72289 22.6119 24.2052 30.4373 6.2545 0.0744237 3.41346 9.6069 5.41487 4.97856e-07 19.8476 0 0.0283827 38.5106 
35.5083 49.2864 11.8858 24.5216 48.6202 12.0845 17.1792 24.5005 46.5514 12.9158 26.2058 2.52856 33.5278 10.5693 1.71492 18.0643 20.8917 25.4406 0.118733 1.49239 16.415 2.53834 12.2835 17.77 5.6308 8.81621 0 16.9991 
3.25474 28.6487 1.80277 32.7765 22.9274 0.873593 0.418601 133.093 92.083 6.51035 90.9288 23.5513 21.1467 11.4621 23.3087 1.27343 22.2066 23.3925 2.20693 1.28115 8.39355 10.5126 3.2632 2.49455 21.0567 58.2898 80.2743 0 
