0 187.193 84.6579 289.395 62.0211 129.565 250.615 146.855 68.5437 99.1879 82.2597 111.946 109.001 21.5218 0.0245169 72.2608 130.447 230.75 25.5333 233.458 209.227 2.04245 6.2949 29.5875 56.1046 67.4944 40.7935 14.2717 
249.258 0 1.95325 84.0318 38.1802 236.417 255.402 0.0192096 359.621 232.13 2.39367e-05 213.613 138.403 68.586 27.3249 4.29309 200.616 553.031 19.208 134.649 83.1505 48.3195 9.28356 58.3801 125.73 35.3679 53.2135 3.32013 
211.069 471.872 0 103.616 188.527 38.1934 108.921 1.10351 90.6788 0.489406 214.322 101.408 17.859 14.7265 0.427713 24.7541 16.9521 61.9926 47.9131 22.8911 45.774 3.01745 12.1305 14.7504 0.692414 27.5311 11.9987 7.49192 
332.822 312.833 214.78 0 89.7938 75.0139 0.00646715 490.819 85.67 106.846 121.631 25.0862 67.3536 0.0204794 28.824 42.0541 84.7959 82.3435 27.4309 42.3493 438.78 3.45538 18.7925 6.99344 49.9864 3.76669 0.042759 2.28105 
10.9912 106.065 165.523 83.1922 0 277.319 382.768 38.8766 136.128 187.935 156.14 47.1178 153.822 56.1771 1.56873 53.7183 124.111 48.4125 295.239 38.06 50.3708 54.7012 0.41855 9.14026 23.2181 0.128505 37.9268 7.50701 
173.242 49.9638 66.7046 112.848 171.506 0 43.6552 20.9903 322.664 983.413 256.088 95.8273 257.938 15.5998 12.1161 0.088062 91.9027 61.4877 1.51137 24.1962 62.5181 18.6502 13.2793 10.9306 53.8261 27.5254 3.08625 3.46284 
166.673 275.813 127.296 173.373 9.4941 536.333 0 69.8773 1031.94 407.672 115.474 117.571 13.9294 96.9196 4.81218 72.4236 51.3966 135.495 151.208 82.2158 18.5928 7.71748 66.6701 0.0560358 75.9874 95.5248 2.14509 8.28016 
203.791 232.26 272.253 372.873 46.7019 212.966 28.6847 0 661.695 5.0256 335.259 165.549 144.094 55.2608 82.7554 68.9561 75.3549 0.126332 64.0231 112.876 54.5452 67.2373 36.7518 111.202 40.5657 232.86 0.147038 69.6539 
314.197 316.046 318.01 324.466 169.722 151.07 1248.82 44.1675 0 280.822 933.315 98.4714 29.2941 62.308 152.84 119.675 50.4995 204.984 59.2218 34.2774 52.8845 42.1753 79.6938 75.4301 49.7688 71.7016 37.1818 94.3811 
11.5549 240.473 3.07619 6.92653 233.609 331.934 106.25 152.432 70.6566 0 363.129 198.711 189.568 66.5087 132.042 60.4859 31.9898 14.1223 8.86762 18.5826 38.3134 17.9417 28.3782 1.44749 15.8048 9.57754 23.9387 9.40974 
194.428 112.137 55.0243 190.487 261.195 156.454 35.0069 18.1934 258.034 371.614 0 246.143 116.858 2.84143 289.058 145.238 24.314 89.8385 129.19 86.4055 0.192191 21.5487 130.559 129.184 33.5418 165.603 71.5207 95.1413 
211.391 220.535 165.131 163.176 144.153 151.234 284.729 503.829 302.757 0.703401 514.19 0 136.553 90.8395 32.3224 114.652 64.2558 47.0724 39.5259 58.544 166.803 13.8341 25.404 161.326 41.3771 78.8976 90.3177 76.3849 
0.203897 77.6579 2.35647 67.0224 108.344 112.269 105.262 6.22747 64.7089 188.713 248.78 19.3346 0 154.221 62.5433 54.1797 33.1937 104.533 75.621 34.5245 1.3994 13.1004 51.276 69.7532 17.0422 0.00227809 26.8645 29.7902 
30.78 3.44436 2.98321 22.4461 0.00209948 12.4726 0.503671 31.0265 66.3626 7.62835 122.772 42.8478 37.2238 0 1.52912 18.2454 1.07782 8.8078 22.0913 0.177396 15.262 3.36653 1.11585 5.03811 11.9126 1.97992 11.1692 8.40247 
47.9354 69.8051 17.1563 25.6742 87.8793 33.9928 0.0772839 37.4678 189.892 0.147401 358.536 76.9397 97.6137 23.4299 0 10.1453 16.6095 54.614 37.3083 4.14034 48.9571 0.045261 24.2857 0.003545 3.49832 15.6378 14.8172 15.5327 
11.4982 83.7892 2.45562 22.0428 28.0163 19.0655 97.5108 112.851 22.2572 82.3891 147.921 65.5611 11.9283 2.66933 0.905916 0 1.89293 61.7222 30.6155 9.38913 52.6035 11.5639 8.94164 26.3115 33.936 18.3921 17.4707 4.19195 
51.5332 50.6789 55.6727 87.9177 150.114 89.8211 24.715 83.2124 123.228 33.9885 1.40744 35.0286 64.5118 21.4087 8.95278 1.95819 0 265.577 192.859 32.4698 20.2541 20.6609 0.525284 8.09776 77.3229 27.0217 3.7997 23.2495 
99.9021 152.813 142.568 136.706 209.408 31.171 161.138 15.7313 123.23 18.9417 9.32089 53.9382 21.2178 45.8785 7.2251 25.2221 232.486 0 147.383 23.3224 13.2204 5.27098 24.9558 0.035858 10.5264 31.9439 42.102 27.7553 
19.2116 150.133 1.43137 15.8001 293.655 27.8046 111.687 1.67234 152.425 67.8247 118.604 99.8263 2.89216 18.1283 2.71548 9.87161 97.0262 150.341 0 4.53159 59.9155 14.9386 1.55405 1.88959 30.8018 28.1359 9.73377 17.0705 
0.894512 0.903178 7.40242 42.5804 18.6473 23.0616 2.20343 0.00940553 88.3822 54.627 5.81202 15.4244 23.7013 3.7993 6.19524 9.59346 1.36652 16.513 0.931336 0 0.0112264 6.01244 3.70814 5.48983 13.781 10.321 3.63996 5.59905 
0.660348 127.272 33.6984 152.422 84.6881 28.7602 34.7986 142.69 51.61 9.65721 133.513 0.925775 72.2675 37.5451 32.1234 62.9963 2.38431 24.7975 4.89085 258.331 0 10.6868 36.9789 21.1237 50.6771 40.3071 44.2741 9.36444 
27.4428 35.1049 11.6864 16.7227 50.6707 4.20017 8.95037 30.1324 44.5309 45.5299 78.7998 35.0456 9.76446 10.8401 17.4324 11.4927 11.2067 0.0199694 13.3016 0.00814474 31.0568 0 4.79764 7.80834 23.5014 10.619 2.43224 1.17026 
40.5913 6.6308 10.4274 3.30945 16.5801 2.7808 3.22584 2.05144 54.3272 56.5369 20.5463 46.89 41.9411 1.81836 8.7515 6.65387 2.93386 42.1794 22.5638 3.54188 35.5306 4.69748 0 15.7326 0.413114 0.734879 0.00391843 9.59229 
42.1039 19.6226 2.7004 9.04976 40.0597 17.934 59.6017 61.3409 99.3068 51.4299 24.5845 187.139 62.2948 1.42164 8.53857 5.26955 21.0193 47.2333 6.12444 0.6487 3.8735 1.18237 2.67333 0 36.2656 0.764179 15.6939 0.0715064 
120.774 64.1133 11.5499 63.0057 34.193 73.3004 30.764 193.394 177.283 18.9634 47.3483 925.107 2.47886 9.96966 5.21873 13.5985 49.9905 14.2871 3.99563 0.0454043 21.6866 32.9356 16.6884 61.3863 0 26.4116 175.867 96.6917 
27.1813 5.69892 10.5288 6.60032 30.8838 14.5904 34.9064 59.581 131.695 69.7885 166.383 365.299 39.7242 7.59993 8.03988 23.1067 24.1308 30.7754 6.3724 0.0638426 3.59205 9.63874 5.33717 0.00149257 19.3407 0 0.00930909 37.1506 
35.7291 49.1388 11.7892 24.6178 48.6616 11.9914 16.9058 25.1012 46.1192 12.7058 26.6785 2.24834 33.4134 10.5402 1.65009 18.1158 20.8561 25.2746 0.130474 1.52177 16.2423 2.58172 12.3316 17.6891 5.15226 8.44428 0 18.848 
3.09903 29.0038 1.88118 32.8201 23.1997 0.823665 0.352081 133.423 92.4489 6.73705 90.272 25.0647 21.3644 11.4307 23.2863 1.17742 22.1565 23.1693 2.14973 1.24813 8.21189 10.5171 3.31605 2.56802 20.6071 59.0342 81.8413 0 
