0 963.049 199.603 687.257 173.484 515.653 252.928 73.0739 640.66 96.4349 127.154 48.4839 76.4649 14.7395 8.90035 13.6403 450.736 52.8419 9.69302 148.072 19.8398 11.093 29.5312 3.16479 406.839 38.9115 43.7004 55.6759 
959.856 0 74.5438 690.525 70.984 412.716 62.4491 286.334 616.851 64.3856 121.245 124.12 20.212 53.5207 14.4901 31.0452 448.908 352.873 1.44368 0.474756 132.98 35.5262 50.7519 17.4815 449.505 39.0499 38.5778 61.1215 
42.0815 400.997 0 228.119 45.5719 17.5176 1.59102 144.687 127.557 73.8407 0.0942682 37.3934 46.6234 1.34778 4.06355 6.90397 0.174912 160.261 31.9974 27.622 121.574 0.396036 4.77007 15.3655 12.0209 0.13916 13.872 21.7319 
714.286 486.85 156.281 0 107.124 425.6 111.095 863.144 392.467 54.4047 27.397 179.366 72.6092 0.148316 12.4352 26.7119 403.333 108.058 10.48 8.00573 280.132 0.00575864 11.1909 0.744258 425.802 0.000155796 27.5908 0.386259 
13.7157 425.907 4.62128 48.2452 0 82.0557 434.525 215.695 355.307 59.385 251.32 0.0127113 152.551 70.1068 63.8017 71.6592 16.2388 4.05551 76.4588 22.6865 14.0311 0.650063 56.1589 41.3273 55.4331 47.9296 21.6201 20.8275 
495.06 480.363 2.09892 387.518 1082.8 0 1439.36 7.66221 856.111 814.061 234.912 59.9453 161.698 13.073 24.2709 26.6999 412.439 0.332943 66.0409 22.2505 32.8543 12.0624 16.3779 0.401546 383.443 24.9025 18.5227 22.2455 
260.659 76.2424 249.605 23.9788 82.9448 733.73 0 113.133 1268.48 185.033 11.4807 114.261 216.573 5.06353 139.426 67.8875 38.6587 21.2874 78.433 46.259 42.8535 48.0586 71.9596 12.0417 44.0868 24.4502 57.5268 21.7893 
268.388 26.4344 81.2434 503.358 218.828 214.739 60.7637 0 402.574 0.143832 372.894 102.794 145.673 126.057 29.4711 259.323 35.0068 54.9067 115.621 27.7151 206.478 10.1925 93.791 76.5613 38.0734 32.6586 9.42072 24.741 
426.83 720.068 357.624 711.649 10.2988 813.096 554.033 131.017 0 23.6342 12.3637 387.663 16.1067 27.5767 134.99 58.8148 450.022 99.0368 42.9778 90.347 181.337 10.5237 99.8474 96.5341 508.755 8.74863 41.9105 99.4815 
117.226 91.3994 96.4192 75.8938 323.885 245.118 329.824 125.311 40.2532 0 40.153 0.158736 244.3 52.0774 133.318 57.3986 0.00398262 120.956 76.2855 47.8362 93.663 7.0393 51.4042 4.4607 3.59723 35.2804 4.75283 55.89 
0.224055 263.337 233.779 59.9105 204.835 121.11 3.3469 0.646777 865.236 603.607 0 53.5554 178.861 184.802 306.128 0.0241528 64.2946 54.2292 129.137 45.3102 18.4241 36.0012 127.521 48.5311 121.469 68.7503 44.5922 58.3777 
161.075 102.541 67.5869 36.058 178.633 128.9 9.71948 1.69798 16.7069 204.074 75.7856 0 157.161 116.024 273.519 4.62189 62.9769 0.810098 75.1186 52.1514 149.425 53.716 15.198 129.379 357.717 163.161 4.50028 152.483 
42.6157 2.0952 3.69426 46.4262 176.914 41.1354 39.6288 4.29157 1.15821 131.137 24.5129 92.6814 0 0.0265841 17.3318 1.42004 9.06122 9.86269 81.833 0.758204 36.5682 0.445257 3.34943 16.358 16.8207 35.9363 37.1384 38.5913 
7.32732 19.3146 3.76266 21.9746 10.971 16.1445 87.7233 17.3915 34.0731 19.0365 40.4932 84.4301 132.351 0 30.9656 0.706094 6.72983 51.858 14.5509 1.87571 8.58476 5.2608 1.35301 9.76768 13.4906 11.9556 0.445442 0.385035 
23.9152 82.0031 25.0189 15.6997 68.9212 22.5854 125.215 184.952 148.518 5.26768 370.401 93.8583 0.592832 4.75113 0 89.6352 30.0851 44.0559 0.48728 5.80011 14.1805 0.207636 1.01077 2.85458 7.90491 0.701897 0.999735 20.365 
14.1509 63.1137 11.9001 3.39312 6.90234 3.62157 33.9241 32.1261 80.063 84.2492 0.000866009 24.9373 13.6617 15.9961 71.4165 0 2.83602 2.26378 2.7428 0.941454 57.2225 10.3103 0.578873 0.0341727 5.20094 10.3145 18.3172 15.8832 
390.457 490.598 40.7393 433.506 101.764 410.12 36.2958 26.0388 493.923 0.0818934 91.8281 14.7252 6.92934 21.3767 1.10614 15.6668 0 282.301 352.35 3.64976 11.6143 21.179 1.1215 8.49228 407.817 23.6773 13.8493 24.1003 
60.7243 111.289 29.0445 119.379 81.5239 118.489 38.945 16.8829 190.731 126.491 32.1114 2.21646 41.1631 18.3764 34.8312 46.5085 120.372 0 27.1676 0.389368 16.8356 2.2429 44.7027 25.7453 59.5737 27.9833 43.0398 50.2255 
101.166 114.762 60.0921 33.9839 81.1656 8.26479 25.7373 55.7179 7.21601 13.7995 115.988 0.423132 39.4743 1.92765 27.6019 11.0951 66.1499 48.4583 0 36.1173 1.06205 22.5022 12.306 11.0865 21.0321 19.8873 15.7575 11.818 
80.8023 133.201 17.9901 7.74178 42.9057 16.6561 68.5925 107.224 31.8101 48.6286 17.2264 10.9993 33.1301 0.244748 7.44931 3.01101 30.7457 2.21653 23.8279 0 178.989 6.37827 4.02918 0.245947 0.519665 4.45674 5.58595 11.5112 
135.893 89.5476 115.021 120.163 41.4842 4.63633 63.095 155.816 181.818 98.1776 149.28 21.5248 12.311 28.3579 32.2622 33.8885 36.0455 7.37441 51.256 295.966 0 2.57329 14.873 41.7905 16.518 55.821 39.2977 13.4548 
37.3719 48.541 10.5676 14.2432 20.859 20.3288 46.4841 62.0256 8.84895 55.6612 6.97641 30.9244 46.1264 0.915931 17.2065 6.24681 6.53652 0.479646 21.3691 0.344901 23.6124 0 12.1306 8.2196 14.2822 5.32439 0.00971112 0.226847 
0.448824 52.9535 11.5737 18.2413 40.8639 0.159358 0.00476041 50.458 101.05 59.247 65.1955 3.38009 0.741698 0.745975 16.5684 0.00866819 1.94235 38.7339 19.622 4.08823 12.5322 12.2175 0 17.303 15.0045 0.249318 8.73595 0.80591 
45.3291 22.9884 0.0279196 1.65905 23.3294 10.9937 71.7881 26.8759 83.3059 55.948 24.6907 181.855 33.4086 6.68744 17.1645 28.6906 21.0055 16.5323 16.8247 2.44705 47.7461 11.681 1.51928 0 42.3361 16.1113 19.034 3.21743 
438.976 384.636 0.552521 412.191 45.846 399.754 64.5282 62.0463 389.172 5.37571 0.262143 959.09 53.8868 14.9216 5.84311 66.4953 386.788 58.7659 2.50762 13.7445 46.2332 43.881 21.7141 26.3796 0 56.2285 7.01091 10.2727 
57.8108 7.70668 19.374 0.428098 2.85899 24.9364 89.8539 70.4029 66.5947 2.00692 59.3992 297.4 0.251665 4.07499 0.338068 6.09702 26.8547 29.1487 5.88965 10.7697 56.0209 1.05651 6.50472 14.2222 43.5883 0 11.6933 22.8937 
0.80262 45.8855 14.0651 4.06963 39.8999 19.5393 59.3593 58.9876 34.1916 47.4216 82.3703 84.1096 39.2642 3.38731 13.6334 17.7455 12.046 27.3518 2.45898 0.437978 30.1354 0.00211006 8.95555 19.2369 49.9316 29.0272 0 54.8219 
50.3739 36.4178 17.6265 32.9268 5.93787 19.2241 41.4021 26.0609 99.6079 54.4186 109.825 98.3894 2.68792 3.2039 22.6105 19.8271 20.4578 48.5302 5.82066 9.326 49.566 9.92411 7.29124 10.1955 28.3552 63.5203 92.7012 0 
