0 99.1689 71.8397 274.811 72.5962 81.6714 256.082 132.725 20.5662 103.725 76.6943 104.157 109.189 20.5291 0.11875 73.5164 89.6265 227.437 28.1266 225.585 201.459 1.81919 6.83488 28.452 14.1123 68.8837 40.1685 15.2321 
154.427 0 17.2727 57.5523 64.5589 204.85 299.396 0.729816 295.727 227.447 0.392442 216.317 140.348 67.9421 29.713 3.40947 158.164 446.351 23.3044 131.797 88.551 47.9254 10.0498 58.9029 83.3312 33.4229 52.9528 2.83404 
209.9 457.257 0 157.681 188.04 41.6057 92.403 4.3126 54.7376 1.24277 205.578 93.4778 16.3078 15.0094 0.727107 24.8348 18.2706 69.046 46.4401 23.5747 41.2011 3.1729 12.0272 14.9064 0.48657 27.5392 11.6898 7.925 
312.63 286.229 330.406 0 83.1947 34.7643 0.401091 752.651 29.842 106.509 113.112 17.4406 68.1886 0.000843969 27.7875 42.4694 40.572 77.1232 28.9665 41.0031 325.596 3.64179 18.9263 7.58412 6.8498 2.96334 0.0902307 1.91225 
6.67118 72.5547 171.428 89.7913 0 334.426 400.867 44.3756 118.923 207.606 146.582 51.2104 157.67 57.3933 0.989786 55.2014 120.075 55.7368 288.799 40.6789 47.5335 55.0569 0.607194 9.86368 24.4012 0.277488 38.4609 8.11719 
127.594 8.90175 66.4966 71.1304 251.515 0 194.568 15.4386 326.919 677.164 263.185 90.4454 566.826 15.0309 10.761 0.021753 50.1497 57.5088 0.747587 24.096 61.1657 18.8768 13.5542 10.5644 10.425 27.3651 2.87105 3.77136 
178.25 319.491 144.071 180.224 20.287 737.965 0 88.7245 1199.35 367.797 88.1376 128.968 9.98548 96.769 2.97307 75.3106 48.8731 144.082 148.991 80.3707 16.3114 6.98258 67.5298 0.00269732 77.6806 94.3524 1.80001 7.3707 
217.005 221.961 275.506 401.85 52.5733 214.42 42.0439 0 651.982 7.66631 323.59 276.32 142.847 59.2705 74.9359 55.0703 76.8885 0.493209 66.4646 111.508 60.3181 67.3213 34.2351 107.318 33.9342 230.147 0.0259629 65.5091 
271.12 295.183 269.399 297.442 187.662 150.718 1110.6 76.2419 0 301.368 1703.72 81.1504 24.7519 66.5206 131.822 124.16 7.98129 208.189 63.4774 31.7532 48.2448 43.3048 77.4589 73.2625 6.72044 66.9652 38.5818 95.3349 
9.19732 238.189 1.79982 8.73176 214.833 399.101 146.706 159.792 89.9561 0 418.704 206.156 212.19 64.0887 130.334 57.3987 30.2802 11.9084 7.00325 19.7257 40.1803 16.6952 26.8654 1.03805 17.2812 11.019 24.6967 10.2652 
194.754 102.172 66.3285 194.446 260.681 172.316 19.655 26.6823 165.859 313.994 0 211.975 106.649 0.814876 252.82 132.904 25.7706 93.9817 129.19 86.2352 0.504564 20.2503 131.781 128.994 37.6559 164.462 72.7336 96.9796 
207.046 221.929 170.081 149.473 140.42 148.72 284.289 638.527 320.221 0.0491237 505.72 0 133.636 97.7794 22.0259 168.009 63.01 44.0721 41.3185 56.3352 165.879 12.7809 22.214 155.056 9.66303 110.433 93.0744 69.4669 
0.451711 81.6562 3.04638 66.1045 113.941 111.003 113.973 7.70819 58.5472 165.622 245.418 16.7689 0 155.963 57.4733 51.5517 34.2387 103.986 76.7682 35.0835 1.72829 11.0412 54.6684 69.3638 16.0648 0.0101042 26.3832 29.1266 
29.77 4.15719 3.33611 22.6302 0.0191028 11.8571 0.169954 27.6268 71.5481 9.37704 111.349 36.8761 29.0321 0 0.0635736 17.5947 0.956551 8.15332 21.7309 0.205548 15.937 3.6576 0.616899 4.5299 11.4998 1.71675 11.2083 8.17652 
46.4239 67.4258 18.3248 24.567 86.4842 35.1449 0.567601 44.0161 181.982 0.0276958 330.822 92.9217 93.5662 16.1911 0 3.87294 16.1708 55.6815 37.0404 4.33289 49.7095 0.0961309 24.7392 0.0383326 2.89148 16.8004 14.489 14.9887 
13.0346 84.1866 2.01266 23.6374 26.4167 19.7739 98.9447 129.114 18.4455 84.2492 135.657 110.575 10.0978 1.8661 4.83654 0 2.08727 61.7448 30.6246 9.32065 53.5576 11.6505 8.43673 27.5122 32.9128 20.0867 17.6793 3.67728 
7.96518 8.64959 55.6827 46.1642 151.539 48.1205 26.8617 84.5331 82.4812 32.2584 1.83411 36.3984 64.6109 21.3038 9.35789 1.76964 0 255.521 384.638 32.7192 21.2282 20.7346 0.599308 7.85671 34.4032 26.9351 3.96869 23.3657 
109.271 112.792 137.551 139.094 214.696 34.6877 169.124 18.4613 129.982 16.4066 7.52557 50.8262 19.6074 45.2383 6.42992 26.3344 245.439 0 145.907 25.3447 11.6707 5.61745 24.3213 0.00759058 9.80042 33.0244 41.836 27.0397 
16.9811 154.153 0.954864 14.4793 286.584 31.0748 106.884 2.30726 153.453 64.0266 116.889 99.4821 3.59025 18.5504 2.35794 10.3444 79.8451 150.402 0 5.00874 60.8152 14.6108 1.39787 1.71916 30.7464 27.8728 9.99241 17.3922 
2.23737 0.205853 8.24301 41.2557 20.8026 23.3156 3.06915 0.0435588 90.3918 55.0247 4.94446 13.8143 22.9965 3.85717 5.99469 9.62664 1.13549 18.3146 0.721146 0 4.34818 6.04503 3.67428 5.55621 13.749 10.4762 3.51185 5.43024 
0.0172639 132.105 29.5326 177.762 81.8524 27.1312 31.8495 148.607 47.0073 10.8177 135.5 1.65659 72.8623 37.01 33.1636 62.9151 2.78817 22.7669 5.50716 226.281 0 10.3638 37.2753 20.3499 51.4754 41.498 44.2933 9.98186 
26.9517 34.3788 11.5899 16.6811 50.0689 4.53162 8.16599 29.0658 45.6398 46.7191 78.841 33.6628 11.7233 10.7819 17.356 11.3885 10.9752 0.0487644 12.9695 0.0139337 30.8966 0 5.39562 8.22625 23.4582 10.5753 2.56984 1.2541 
41.1187 7.29941 10.6214 3.60904 17.4964 2.52036 2.58103 1.37583 51.6804 55.7402 23.9138 42.9801 45.3754 1.1827 10.0423 6.1049 2.77758 41.8591 22.4616 3.5028 35.884 5.29238 0 13.7189 0.551672 0.867421 0.0185686 9.67178 
43.1043 18.5471 2.44449 9.68246 39.1754 17.9774 60.7563 56.6468 99.7191 50.3717 21.437 187.352 61.0135 1.08994 7.32053 3.68803 21.0201 47.4427 5.8448 0.709409 3.45872 0.959339 4.31626 0 34.2272 0.994022 15.3159 0.0346713 
77.0553 19.8796 12.2642 18.8859 35.431 29.8498 28.6244 192.455 133.786 20.5289 42.9198 254.373 2.93807 9.52392 4.4927 11.4967 6.9603 13.4711 4.29465 0.0223605 22.7443 56.7161 16.2524 67.4075 0 2.32307 180.003 146.725 
25.3137 4.74321 9.75782 5.55575 29.4817 13.8921 32.2553 48.8077 129.04 70.9296 165.982 341.695 38.7256 7.97005 9.08102 24.6395 23.8876 31.8571 6.75504 0.0354131 4.19219 9.73805 5.08845 0.0271541 17.734 0 0.0179362 32.7435 
36.4294 48.6546 11.4789 24.9166 48.7832 11.6923 16.04 27.0557 44.7312 12.0413 28.2066 1.46057 33.0409 10.4435 1.45029 18.2695 20.7397 24.7424 0.171746 1.6174 15.6919 2.72237 12.4793 17.4175 3.76657 7.29376 0 25.213 
2.62512 30.1426 2.14217 32.9371 24.0741 0.673418 0.177782 134.318 93.5627 7.48494 88.1139 30.1662 22.0618 11.3245 23.1965 0.894287 21.9927 22.4564 1.97129 1.14502 7.64136 10.5294 3.4866 2.80868 19.1597 61.0642 86.2336 0 
