0 942.969 200.345 670.355 174.945 496.148 252.225 71.5705 620.75 95.8569 127.827 47.6889 76.1999 14.853 9.03207 13.8415 431.555 53.8275 9.48146 150.919 19.1184 11.0346 29.437 3.22967 387.548 39.1597 43.7683 55.5963 
941.449 0 80.1397 670.205 67.2018 394.446 66.0581 286.822 594.433 63.2145 119.98 123.239 20.5566 53.3485 14.2572 30.7895 428.825 522.882 1.58922 0.564165 132.387 35.6158 50.6715 17.3506 429.867 38.8035 38.6678 61.1869 
43.4158 395.463 0 221.98 46.6034 17.1359 1.94373 142.545 122.028 73.3068 0.169691 38.1883 46.4022 1.37862 4.1588 6.81732 0.195305 160.496 32.2144 27.6293 121.323 0.388199 4.7383 15.3534 11.9315 0.153688 13.9078 21.7482 
696.378 464.533 140.643 0 107.909 405.779 109.827 446.916 373.947 53.9708 28.1362 180.98 72.5784 0.13757 12.5691 26.9055 383.692 107.482 10.6243 8.18986 89.6634 0.00475068 11.1425 0.771801 406.347 0.00168047 27.5931 0.366175 
14.3951 421.378 4.9997 47.4936 0 78.3545 434.89 216.007 355.427 61.3164 250.853 0.00488936 152.04 70.1268 63.5043 71.7443 15.8587 3.77337 78.5375 22.4039 13.8056 0.675204 56.1422 41.2201 55.3139 48.0951 21.6997 20.7207 
476.025 459.086 2.25354 367.861 1003.63 0 1589.15 7.20567 835.735 645.983 236.314 59.2839 283.403 13.1489 24.0831 26.6701 393.127 0.386454 65.6524 22.2924 32.6449 12.0125 16.3718 0.387891 363.939 24.9558 18.5016 22.2272 
261.143 80.1636 249.48 24.8059 85.9301 709.912 0 115.813 1257.57 179.407 10.2379 112.853 216.327 4.9016 139.215 67.508 38.3566 21.9201 77.7818 46.5891 42.4543 48.1801 71.9925 12.1884 44.3726 24.7526 57.4735 21.9579 
269.573 27.3191 83.2026 505.502 219.065 214.653 62.9013 0 409.43 0.198966 372.585 92.8371 145.555 126.005 30.198 259.506 34.792 54.3703 115.677 28.0675 206.336 10.289 93.6087 75.9706 38.9135 31.5591 9.58381 25.1427 
408.319 702.818 352.188 691.678 9.55973 797.126 524.202 125.458 0 25.0812 147.05 388.656 16.5614 28.1535 129.719 59.4981 430.822 98.1869 42.4918 90.1008 181.561 10.4204 99.9474 96.4166 489.144 8.46652 41.7355 99.4606 
117.741 90.112 96.0119 76.2869 323.066 252.748 335.408 126.304 38.4523 0 43.8535 0.226162 246.839 51.7244 133.4 57.0084 0.00151826 120.585 76.7475 47.9443 93.5512 6.9293 51.2673 4.36656 3.69352 35.0172 4.69623 55.935 
0.274614 263.008 233.204 58.9309 205.828 123.124 4.07841 0.473729 865.253 602.88 0 56.2032 180.033 185.772 301.939 0.0675146 64.0999 54.7131 129.118 45.0856 18.6985 36.1844 127.281 48.0334 121.916 69.5448 44.3873 58.7202 
160.183 101.659 66.6365 37.2766 178.726 128.364 10.2485 3.35521 15.6844 203.153 72.7705 0 157.282 115.217 273.346 3.30553 63.1337 0.751573 74.9197 51.8711 149.758 53.875 15.5313 128.376 354.342 167.742 4.65406 153.082 
42.8975 1.97876 3.59456 46.2314 176.775 43.4125 38.794 4.43962 1.28747 128.311 25.2772 92.1813 0 0.00393027 17.7808 1.33392 8.97069 9.71491 81.7381 0.735158 36.4217 0.499848 3.51291 16.5649 16.9436 36.0675 37.1088 38.6521 
7.41474 19.4913 3.71569 22.0053 11.1114 16.2127 87.9372 17.7399 34.6183 19.3412 41.6248 85.3054 133.25 0 31.9395 0.766015 6.69654 51.8975 14.6068 1.86693 8.5152 5.22189 1.43043 9.73685 13.5347 11.9815 0.454535 0.374312 
23.7276 82.2379 25.1478 15.8407 69.2031 22.7749 124.749 184.871 149.899 4.96246 367.569 91.8116 0.685302 5.28215 0 89.5365 30.0889 43.8957 0.467342 5.77503 14.0682 0.218821 0.946337 2.75314 8.01417 0.745889 1.0202 20.3169 
13.9479 63.3449 11.9969 3.50158 6.78257 3.55561 33.551 30.796 79.3626 84.4686 0.00561883 21.7953 13.913 16.1138 70.1946 0 2.80758 2.2111 2.7788 0.92754 57.1276 10.2882 0.550336 0.0179421 5.25784 10.1154 18.2996 15.9614 
370.809 471.659 40.8961 414.125 101.174 390.807 36.594 25.8413 474.347 0.0686732 91.7456 14.5952 7.01038 21.3895 1.08553 15.6218 0 282.861 274.365 3.60236 11.515 21.1757 1.13441 8.46183 388.358 23.7089 13.8764 24.1083 
59.6972 116.402 28.3596 119.883 82.5757 118.693 39.7626 16.5448 190.152 126.155 31.7067 2.11938 41.4121 18.4829 34.9977 46.3868 122.512 0 26.7129 0.352723 17.0571 2.27197 44.6882 25.6565 59.5851 27.8487 43.0128 50.1998 
100.903 115.496 60.0232 33.7916 83.284 8.0151 25.2577 56.0251 7.44683 14.1008 115.759 0.394061 39.7027 1.89915 27.6832 11.0347 67.6243 47.905 0 36.1366 1.02648 22.4756 12.2662 11.0463 21.0832 19.943 15.789 11.8596 
78.8507 133.556 18.1012 7.92347 42.5751 16.7262 68.2967 106.99 32.1228 48.5242 17.4063 10.8215 33.2047 0.248721 7.47349 2.98921 30.7912 2.12875 23.9123 0 174.477 6.3791 4.03118 0.250709 0.53097 4.42967 5.56885 11.5105 
137.214 88.8716 114.664 122.66 41.1437 4.53617 62.6612 155.115 182.033 98.2293 149.286 21.1726 12.4183 28.4434 32.132 33.7253 35.9131 7.52766 51.1193 298.745 0 2.5501 14.9414 41.8559 16.396 55.7213 39.343 13.3681 
37.3373 48.5874 10.5843 14.2639 20.9721 20.3385 46.6098 62.098 8.75292 55.7591 6.87232 31.0951 46.505 0.937646 17.1922 6.21487 6.5098 0.466043 21.3386 0.348884 23.5734 0 12.0664 8.16757 14.2078 5.34487 0.00855391 0.231637 
0.430081 52.8872 11.5558 18.2647 40.7524 0.168151 0.00200779 50.1276 100.976 59.3036 65.761 3.54656 0.820871 0.80589 16.4093 0.00542785 1.92583 38.7892 19.6506 4.08939 12.5978 12.1539 0 17.0919 14.8955 0.258917 8.76827 0.793741 
45.212 23.1291 0.0243953 1.69931 23.4485 10.9482 71.7779 26.4083 83.5372 55.852 25.0964 181.483 33.6525 6.62623 16.9991 28.7677 21.0071 16.6167 16.7877 2.4351 47.7322 11.7207 1.6662 0 42.5171 16.135 19.0206 3.24966 
419.308 365.21 0.577821 392.853 45.7012 380.189 64.2663 61.0661 369.884 5.49171 0.315307 1149.17 53.9371 14.9556 5.94118 66.2001 367.272 58.7958 2.47775 13.7398 46.1164 46.9809 21.807 25.918 0 51.5635 3.16642 14.1222 
57.5891 7.56433 19.4651 0.391762 2.92916 24.883 90.0604 71.873 66.0039 2.09221 60.1728 293.315 0.233452 4.03132 0.30848 5.93069 26.8671 29.0137 5.84376 10.7871 56.1187 1.06872 6.47459 14.2679 43.6266 0 11.5298 22.3633 
0.826606 45.9579 14.1005 4.02609 39.9625 19.5529 59.393 59.262 34.3651 47.4364 82.2851 83.7385 39.2592 3.40863 13.6766 17.721 12.0182 27.2864 2.47886 0.444687 30.0685 0.00159001 8.92353 19.2419 50.1623 28.8758 0 55.7428 
50.4801 36.276 17.6725 32.9136 5.87027 19.263 41.585 25.6537 99.6096 54.4811 109.781 97.5165 2.64672 3.17685 22.636 19.8842 20.4322 48.4895 5.78616 9.3094 49.5314 9.93183 7.2709 10.2307 28.3844 63.5671 92.5889 0 
