0 421.44 43.2153 726.195 100.33 467.199 265.173 99.2835 409.183 114.359 63.459 85.4414 109.238 18.1504 0.643215 76.1776 492.245 216.511 34.7859 226.855 180.123 1.32697 8.22658 25.691 414.42 71.9596 38.5916 17.6568 
451.98 0 110.402 505.022 151.087 624.991 399.987 6.70876 638.231 212.689 4.56165 221.128 144.276 66.107 35.7486 1.66987 555.824 597.56 34.621 123.118 101.691 46.883 12.0146 60.0104 482.116 28.769 52.2275 1.80472 
200.236 365.476 0 271.562 182.812 49.4745 55.1927 20.5816 3.69716 4.48829 180.34 74.2802 12.7479 15.6163 1.77532 24.8293 21.5817 86.5355 42.6513 25.0494 30.6446 3.56233 11.7341 15.2283 0.135286 27.3648 10.9287 9.00151 
745.357 710.955 344.971 0 67.1619 439.195 5.58332 1267.2 407.745 104.757 92.1343 4.41566 69.9601 0.0619424 25.1534 42.9939 435.154 64.3631 32.726 37.2686 705.816 4.11061 19.1895 9.08049 404.433 1.38973 0.278865 1.14323 
0.60583 15.5876 182.366 105.577 0 405.217 429.719 58.8596 79.8332 252.492 123.025 61.5865 165.822 60.1736 0.13278 58.6649 109.52 74.9632 264.163 47.1359 40.782 55.8027 1.2112 11.7156 27.3346 0.876019 39.7224 9.68591 
517.478 418.472 64.4911 470.975 346.554 0 1248.22 5.31984 821.482 429.412 272.927 77.1616 597.034 13.5941 7.69644 0.0469145 450.64 47.9204 0.000822627 23.7289 57.6924 19.3724 14.1817 9.66207 407.142 26.8331 2.37425 4.56639 
204.775 417.006 182.904 193.506 61.9087 949.642 0 140.719 1273.44 257.491 34.8613 156.966 3.04894 95.6634 0.325122 81.9568 42.7868 164.292 142.326 75.4563 11.3111 5.32878 69.3513 0.15875 81.47 90.91 1.08269 5.35488 
246.772 194.824 274.589 400.01 67.8247 214.086 83.4421 0 590.828 16.2992 290.136 597.741 139.17 69.0779 56.5274 26.5584 80.4756 2.38815 72.3466 107.481 75.0498 67.3825 28.3025 97.1435 19.8541 218.002 0.145082 55.4724 
665.098 741.447 149.27 723.625 230.606 664.837 569.037 182.868 0 344.024 1578.34 44.6565 15.1164 76.9228 94.2428 133.961 407.15 214.382 74.0088 25.8502 37.5556 46.017 71.7281 67.753 405.092 55.5423 41.9975 97.2705 
4.52948 228.896 0.108391 13.9042 166.685 510.13 257.619 176.64 142.931 0 532.39 222.079 262.712 57.7745 123.805 49.6671 26.2064 7.24977 3.3433 22.5728 44.7841 13.7808 23.2217 0.321985 21.0586 14.8711 26.5392 12.4686 
194.169 78.762 96.2572 201.28 256.45 208.469 0.553011 53.3737 96.8966 176.046 0 133.352 82.4572 1.02436 159.976 102.202 29.4283 103.978 128.6 85.5102 1.88074 17.2006 133.505 127.439 48.2855 159.658 75.5071 101.018 
194.692 223.464 179.823 115.448 130.788 141.247 279.353 913.772 357.148 1.64337 467.359 0 125.959 114.171 4.86028 310.49 59.8954 37.0179 45.7326 50.8892 162.767 10.3574 15.1801 137.698 45.4639 197.831 99.3895 53.1881 
1.4599 91.2899 5.07678 63.6278 127.103 96.9166 134.982 11.9315 44.3721 110.261 234.032 11.2085 0 154.839 45.2551 45.0048 36.7752 102.34 79.3 36.3843 2.67094 6.68183 62.6851 67.9746 13.7584 0.213045 25.1913 27.4838 
27.2941 6.15351 4.25539 22.9748 0.343814 10.349 0.0984718 19.9718 84.141 14.2736 83.5448 23.7737 12.6968 0 4.54896 15.4793 0.690132 6.6469 20.8179 0.282378 17.6084 4.38973 0.010483 3.32781 10.4562 1.14438 11.2785 7.61122 
42.6584 61.4072 21.1366 21.8069 82.6311 37.6272 3.63142 61.3605 159.968 2.2614 246.824 134.282 82.7385 3.22378 0 1.21237 15.0983 58.148 36.2837 4.80937 51.4294 0.298564 25.272 0.664353 1.63649 19.5894 13.6632 13.6324 
17.0926 84.7136 1.10581 27.4575 22.6154 21.4127 101.688 168.296 10.5024 87.9747 104.986 246.978 6.20831 0.478425 25.3239 0 2.5968 61.6273 30.5775 9.12558 55.7207 11.8177 7.1429 29.1816 30.0823 24.0129 18.1213 2.54175 
404.686 409.861 55.405 446.71 153.7 448.758 32.3351 87.5601 485.437 28.1203 3.10405 39.7661 64.7112 21.0188 10.3651 1.34753 0 224.558 167.299 33.2408 23.6532 20.8939 0.799412 7.27564 432.165 26.6832 4.39246 23.6247 
132.231 24.7695 123.589 143.465 225.25 43.7018 187.296 25.9048 146.06 10.9137 3.92786 43.4475 15.8947 43.5927 4.66921 29.0679 270.501 0 141.146 30.4683 8.26345 6.50048 22.7697 0.026285 8.1202 35.6445 41.1417 25.2919 
12.04 162.425 0.193537 11.4372 260.575 39.3585 94.7061 4.26933 154.953 54.7614 112.239 98.3716 5.58978 19.5571 1.5866 11.5181 38.8075 149.299 0 6.2539 62.8956 13.8068 1.04994 1.33527 30.5599 27.1834 10.627 18.1654 
15.1459 0.575255 10.3907 37.5662 26.3925 23.8182 5.74956 0.907481 94.8724 55.787 3.10988 10.2092 21.274 3.99265 5.50587 9.6771 0.659683 22.9795 0.319863 0 45.6988 6.11866 3.58687 5.70838 13.6375 10.8284 3.20489 5.0202 
2.33329 143.203 20.244 204.414 74.8209 23.2595 25.0714 162.266 36.4242 13.8835 139.827 4.30655 74.1819 35.6464 35.6742 62.4905 3.89809 18.1084 7.14787 139.613 0 9.58819 37.9398 18.4816 53.3027 44.3319 44.2779 11.5477 
25.7365 32.5787 11.3367 16.5543 48.5052 5.37585 6.38515 26.4878 48.2913 49.4741 78.7115 30.3213 17.1083 10.5676 17.0922 11.0934 10.4106 0.171791 12.16 0.0344907 30.4791 0 6.9092 9.22444 23.2454 10.4489 2.91683 1.46881 
42.3222 9.04136 11.0624 4.37982 19.7838 1.93076 1.30273 0.289393 45.2372 53.5357 32.9134 33.8383 53.7136 0.174813 13.2803 4.77976 2.41176 41.0142 22.1778 3.4032 36.692 6.80159 0 8.39024 1.17404 1.23134 0.0995733 9.84095 
45.4485 16.0021 1.8656 11.2592 36.9682 18.0186 63.3685 45.4986 100.215 47.6046 14.523 184.536 57.564 0.452494 4.63477 0.931111 20.9975 47.8687 5.1823 0.867161 2.53965 0.508318 9.29646 0 28.5326 1.66982 14.3381 0.000144426 
472.635 414.68 14.0223 413.905 38.4361 426.282 23.5995 187.163 529.309 24.4903 32.7055 9.3295 4.20958 8.42492 2.92063 31.266 404.528 11.5556 5.06069 3.04992e-05 25.361 91.1861 15.2343 74.6439 0 50.3574 65.9307 47.096 
20.9214 2.76465 7.9404 3.34611 26.1082 12.1939 26.0423 26.1918 121.527 73.2861 162.933 265.633 36.2204 8.84938 11.758 27.9674 23.2637 34.4864 7.72026 0.000947064 5.83226 9.96316 4.4844 0.222194 13.9648 0 0.481774 22.0993 
38.0948 47.4001 10.715 25.5849 49.0105 10.9578 13.9929 32.0033 41.3263 10.473 32.0173 0.246303 32.095 10.1864 1.01382 18.5735 20.4404 23.4404 0.29582 1.86043 14.3693 3.07635 12.8005 16.6771 1.40869 4.77554 0 42.6804 
1.62904 32.9273 2.84043 33.078 26.2218 0.369181 6.57658e-06 135.452 95.9027 9.4444 82.5222 44.0728 23.7621 11.0286 22.8632 0.363056 21.5726 20.7302 1.56649 0.910504 6.32312 10.5456 3.91031 3.42829 15.6313 63.5869 92.4446 0 
