0 443.299 40.5672 756.452 103.293 492.27 265.753 95.9815 434.833 115.41 62.1357 83.5582 109.21 17.9103 0.720483 76.4172 519.044 215.173 35.4929 229.032 177.769 1.28071 8.37513 25.409 441.026 72.2488 38.4258 17.9116 
470.807 0 123.455 537.019 161.335 653.127 409.287 7.65598 658.68 210.926 5.24316 221.475 144.611 65.8982 36.3819 1.52543 582.037 793.425 35.8783 122.099 103.028 46.7697 12.2235 60.1104 508.523 28.3003 52.146 1.71179 
198.722 352.516 0 278.761 181.96 50.2309 51.7368 22.8877 1.8161 4.93095 177.486 72.3448 12.4021 15.6716 1.90754 24.8125 21.9276 88.3303 42.2489 25.1841 29.6195 3.60305 11.7008 15.2566 0.111479 27.3315 10.8501 9.11326 
773.408 738.902 323.613 0 65.5392 466.207 6.44533 926.545 433.029 104.504 89.9913 3.55649 70.1201 0.0769284 24.8761 43.0081 461.152 63.0628 33.1113 36.8535 376.208 4.1598 19.2114 9.23786 430.766 1.2604 0.30402 1.07506 
0.35086 12.0171 183.191 107.154 0 406.048 431.354 60.4216 76.121 256.738 120.61 62.6783 166.554 60.4431 0.0897601 59.0068 108.387 77.0275 260.984 47.8007 40.1048 55.8694 1.28458 11.9123 27.6388 0.956097 39.8484 9.85308 
542.903 446.562 64.1687 497.442 4.69283 0 760.564 4.57107 855.562 719.786 273.295 75.7963 321.009 13.4435 7.40402 0.0644727 477.233 46.9525 0.0145106 23.6816 57.3231 19.4185 14.2425 9.56899 433.369 26.7675 2.3256 4.65117 
207.323 425.82 186.601 194.571 67.2742 937.888 0 146.419 1251.62 245.757 30.6458 159.824 2.55981 95.4914 0.203701 82.6027 42.17 166.288 141.546 74.9214 10.8452 5.17054 69.5155 0.197649 81.8299 90.5119 1.01918 5.16481 
249.586 191.91 273.786 402.336 69.4537 213.741 88.3034 0 581.832 17.3537 286.355 631.074 138.743 70.0798 54.7144 24.1392 80.8306 2.66194 72.9426 107.014 76.6042 67.3772 27.7131 96.0516 18.5955 216.336 0.190492 54.4546 
690.764 772.211 137.736 751.941 234.872 703.277 509.386 195.579 0 347.691 857.527 41.4405 14.2502 77.9953 101.846 134.866 433.651 214.883 75.0958 25.2675 36.5148 46.2914 71.1203 67.172 431.552 54.3893 42.3473 97.4371 
4.14015 227.655 0.0506602 14.493 161.674 514.615 269.346 178.266 148.705 0 541.572 223.516 267.354 57.0986 122.955 48.864 25.7973 6.8334 3.04125 22.8688 45.2593 13.4928 22.8531 0.271451 21.4588 15.2914 26.7275 12.7035 
193.999 76.4545 99.4582 201.747 255.78 211.889 0.131232 56.5513 96.401 162.969 0 125.898 80.0584 1.45944 150.648 99.0653 29.8114 104.991 128.492 85.4111 2.07078 16.8979 133.58 127.193 49.416 159.008 75.7762 101.395 
193.293 223.471 180.623 111.975 129.762 140.378 278.542 934.403 360.415 2.06132 462.112 0 125.13 115.79 3.7846 324.723 59.5702 36.3173 46.188 50.3276 162.381 10.1209 14.5232 135.776 56.4644 207.13 100.002 51.5828 
1.59539 92.2644 5.31212 63.3554 128.406 95.8932 137.097 12.4123 42.9964 104.84 232.62 10.6963 0 154.294 44.0282 44.3266 37.0341 102.147 79.5377 36.5125 2.7788 6.29099 63.4793 67.7975 13.5285 0.248545 25.0677 27.3136 
27.0397 6.37834 4.35396 23.0017 0.399736 10.1946 0.150729 19.2426 85.4176 14.8228 80.751 22.5624 11.3596 0 5.6161 15.2257 0.66518 6.49981 20.7217 0.290906 17.7816 4.46624 0.000990063 3.20942 10.3467 1.09154 11.2837 7.55224 
42.267 60.7752 21.4199 21.5205 82.2014 37.8534 4.09236 63.2292 157.529 2.69007 237.384 138.606 81.564 2.41426 0 2.00156 14.9882 58.3895 36.198 4.85871 51.5962 0.325544 25.2796 0.771055 1.52663 19.8692 13.5766 13.4914 
17.532 84.732 1.02727 27.8404 22.2346 21.5728 101.907 172.174 9.80326 88.2889 101.841 261.803 5.85805 0.38596 28.0641 0 2.65186 61.6015 30.5671 9.10336 55.9289 11.8313 7.0068 29.2451 29.7684 24.3919 18.1611 2.43555 
430.947 436.638 55.3524 473.313 153.815 475.368 32.9138 87.8545 512.283 27.7035 3.25251 40.1133 64.7101 20.9872 10.4698 1.30729 0 220.94 259.332 33.2873 23.9056 20.9086 0.821492 7.21661 458.488 26.6541 4.43684 23.6493 
134.57 20.3344 122.035 143.793 226.135 44.6556 189.039 26.7279 147.667 10.408 3.62273 42.7097 15.5319 43.4173 4.50332 29.3494 272.485 0 140.568 31.0071 7.94471 6.59405 22.6104 0.0352275 7.95539 35.9116 41.0669 25.1126 
11.5753 163.143 0.147967 11.1407 257.272 40.225 93.4284 4.50326 155.026 53.8164 111.726 98.2362 5.81817 19.6584 1.51573 11.64 35.0418 149.087 0 6.38787 63.0996 13.724 1.01692 1.29845 30.5366 27.109 10.6923 18.2438 
17.2006 0.77889 10.6172 37.1551 26.9899 23.8602 6.06881 1.05831 95.2965 55.8484 2.94474 9.86634 21.0972 4.00608 5.45583 9.67982 0.617984 23.4779 0.287714 0 52.1024 6.12574 3.57753 5.72319 13.6235 10.8623 3.17386 4.97833 
2.87979 144.279 19.3699 203.458 74.0925 22.8717 24.4119 163.597 35.3955 14.216 140.228 4.64688 74.3067 35.5021 35.9291 62.429 4.02181 17.6554 7.32693 130.729 0 9.50961 38.0032 18.2918 53.4802 44.6162 44.2714 11.7129 
25.6105 32.3919 11.3093 16.5392 48.3374 5.46512 6.2134 26.2256 48.5586 49.7442 78.6798 29.9817 17.7055 10.5399 17.059 11.06 10.3526 0.188631 12.077 0.0371145 30.4342 0 7.06718 9.32456 23.2153 10.4344 2.95332 1.49164 
42.4388 9.22864 11.1049 4.46193 20.0222 1.87412 1.19563 0.223404 44.5799 53.2894 33.893 32.9383 54.5582 0.1209 13.6136 4.6466 2.37549 40.9225 22.1459 3.39264 36.7705 6.95934 0 7.85047 1.26011 1.2718 0.111495 9.85629 
45.6806 15.7479 1.81001 11.423 36.7381 18.0177 63.6194 44.3875 100.225 47.3068 13.8794 183.983 57.1858 0.401901 4.38632 0.747437 20.9932 47.9055 5.11595 0.884098 2.45291 0.469762 9.84817 0 27.9046 1.74797 14.2337 0.00104763 
498.717 440.719 14.2032 439.963 38.7427 452.467 23.1015 186.386 555.337 24.9067 31.7121 730.841 4.35187 8.31179 2.77635 34.4064 430.837 11.3653 5.14214 0.000458725 25.6318 89.7552 15.1339 74.7107 0 59.4431 84.1767 37.0162 
20.4856 2.59063 7.75998 3.14821 25.7666 12.0207 25.4286 24.2114 120.678 73.4925 162.457 256.783 35.9585 8.93723 12.0412 28.2697 23.1973 34.7549 7.82174 0.000213737 6.01427 9.98486 4.42284 0.252706 13.5939 0 0.564473 21.0504 
38.262 47.2657 10.6362 25.6485 49.0282 10.8821 13.7884 32.5239 40.976 10.3165 32.414 0.178991 31.9951 10.1584 0.973213 18.5989 20.4084 23.3066 0.310421 1.88613 14.2353 3.1135 12.8302 16.5952 1.25459 4.54261 0 44.5523 
1.53986 33.213 2.91682 33.0808 26.443 0.343021 0.00164195 135.484 96.1118 9.65574 81.9245 45.6022 23.9362 10.9953 22.8199 0.321644 21.5279 20.5543 1.52744 0.887836 6.19396 10.5462 3.95431 3.4943 15.2737 63.642 92.6915 0 
