0 453.037 38.6234 771.837 105.526 503.982 266.143 93.526 447.012 116.192 61.148 82.1516 109.185 17.7307 0.781277 76.5927 532.047 214.145 36.0257 230.858 175.986 1.24654 8.48721 25.1978 453.891 72.4625 38.301 18.1034 
478.226 0 133.55 553.974 169.145 667.072 416.096 8.40629 666.911 209.576 5.78475 221.717 144.855 65.739 36.8584 1.42133 594.592 423.696 36.8323 121.321 104.03 46.6839 12.381 60.1836 521.234 27.9501 52.0841 1.64371 
197.526 342.482 0 283.387 181.284 50.7908 49.1997 24.6897 0.838265 5.276 175.318 70.8998 12.1452 15.7123 2.00967 24.7979 22.1877 89.6741 41.9456 25.283 28.8586 3.6337 11.6755 15.2772 0.095133 27.3046 10.7911 9.19725 
787.114 752.623 307.98 0 64.3269 479.374 7.13086 441.153 445.026 104.305 88.3875 2.97234 70.2374 0.0892248 24.6674 43.0138 473.558 62.0896 33.4002 36.5387 96.1497 4.19682 19.2272 9.35631 443.427 1.16748 0.323592 1.02524 
0.205037 9.63748 183.772 108.331 0 406.045 432.413 61.602 73.3784 259.869 118.801 63.4999 167.09 60.6432 0.0629978 59.2615 107.532 78.5845 258.527 48.2992 39.5993 55.9181 1.34099 12.0605 27.8673 1.01846 39.9425 9.97927 
554.868 460.601 63.913 510.19 295.533 0 782.099 4.04601 873.709 752.265 273.492 74.7731 107.598 13.3302 7.18762 0.0794616 490.083 46.229 0.035818 23.6449 57.0446 19.4526 14.2876 9.49914 445.948 26.7169 2.28939 4.71517 
209.21 432.244 189.327 195.332 71.4183 924.759 0 150.727 1231.88 236.967 27.6507 161.963 2.22075 95.3554 0.131152 83.0826 41.7086 167.774 140.95 74.5167 10.5017 5.05331 69.6358 0.229619 82.0963 90.208 0.972775 5.02432 
251.663 189.711 273.098 405.03 70.6828 213.444 92.015 0 574.786 18.1641 283.481 655.752 138.417 70.83 53.366 22.3929 81.0952 2.8769 73.3884 106.658 77.7742 67.3719 27.2734 95.2273 17.6755 215.038 0.228588 53.6932 
702.889 788.117 129.267 765.966 238.05 724.955 465.438 205.273 0 350.347 1216.48 39.0979 13.6161 78.7995 109.022 135.532 446.439 215.242 75.9118 24.8334 35.7414 46.4967 70.6622 66.7346 444.313 53.5274 42.6096 97.5581 
3.85942 226.691 0.0215903 14.9413 157.918 516.94 278.123 179.472 153.064 0 548.095 224.569 270.756 56.5887 122.297 48.2611 25.4917 6.52875 2.82384 23.0912 45.616 13.2782 22.5774 0.236364 21.7603 15.6095 26.8685 12.8807 
193.858 74.7374 101.869 202.067 255.25 214.411 0.0057935 58.9842 96.0222 153.373 0 120.404 78.2722 1.83572 143.73 96.7204 30.0994 105.749 128.406 85.3339 2.21918 16.672 133.624 126.998 50.2684 158.501 75.9761 101.673 
192.229 223.458 181.198 109.379 128.988 139.715 277.898 948.684 362.795 2.40549 458.031 0 124.503 116.995 3.06498 335.217 59.3256 35.795 46.5297 49.9063 162.083 9.94504 14.0389 134.319 64.8438 214.096 100.456 50.3885 
1.70096 92.9929 5.49188 63.1489 129.376 95.2981 138.675 12.7786 41.9748 100.824 231.534 10.3193 0 153.834 43.1126 43.8176 37.2281 101.998 79.7132 36.608 2.86104 6.00494 64.0709 67.6606 13.357 0.27697 24.9749 27.1857 
26.8488 6.54941 4.42836 23.0208 0.44443 10.0788 0.197183 18.7032 86.3723 15.24 78.6681 21.6713 10.4016 0 6.4828 15.0317 0.646756 6.39042 20.6492 0.297376 17.9117 4.52376 0.000471967 3.12142 10.2644 1.05266 11.2873 7.50787 
41.9728 60.3 21.6314 21.3055 81.8751 38.0195 4.45567 64.6394 155.682 3.0353 230.257 141.847 80.6766 1.88094 0 2.71928 14.9056 58.5691 36.1328 4.89577 51.7202 0.346534 25.2795 0.856167 1.44663 20.078 13.5115 13.3854 
17.8641 84.7414 0.970178 28.1262 21.9503 21.6918 102.063 175.055 9.2936 88.5159 99.4884 272.893 5.60158 0.322994 30.1691 0 2.6935 61.5804 30.5587 9.08643 56.0833 11.841 6.90449 29.2791 29.5303 24.6726 18.1903 2.35719 
443.555 449.64 55.3101 486.172 153.888 488.231 33.3497 88.0733 525.324 27.3919 3.366 40.3738 64.7079 20.9633 10.5486 1.27749 0 218.18 377.724 33.3212 24.0953 20.9195 0.838244 7.1724 471.138 26.6319 4.47023 23.6676 
136.322 17.7968 120.858 144.024 226.774 45.3739 190.329 27.3524 148.867 10.036 3.40183 42.1588 15.2621 43.2851 4.38069 29.5607 273.897 0 140.123 31.4126 7.70943 6.66457 22.4909 0.0427877 7.83263 36.1116 41.0104 24.9781 
11.2321 163.666 0.117783 10.9203 254.725 40.876 92.4675 4.68255 155.07 53.1089 111.337 98.132 5.99216 19.7341 1.46359 11.7316 32.3078 148.915 0 6.48909 63.2513 13.6619 0.992495 1.27118 30.5187 27.0527 10.7414 18.3025 
18.8253 0.951705 10.7878 36.8431 27.4405 23.8905 6.31351 1.17894 95.61 55.8923 2.8237 9.61268 20.9647 4.01609 5.41833 9.68156 0.587595 23.8539 0.26471 0 57.1265 6.13099 3.57047 5.7342 13.6126 10.8875 3.15066 4.94694 
3.32697 145.079 18.7247 202.345 73.5454 22.5819 23.9218 164.586 34.6312 14.4677 140.524 4.91043 74.399 35.3932 36.12 62.3806 4.1158 17.3187 7.46254 124.135 0 9.4508 38.0502 18.1497 53.6121 44.8287 44.2659 11.8374 
25.5158 32.2516 11.2886 16.5277 48.2106 5.53238 6.08598 26.0292 48.7585 49.9451 78.6538 29.7274 18.1584 10.5185 17.0334 11.0345 10.3092 0.201781 12.0148 0.039146 30.4003 0 7.18582 9.39934 23.1916 10.4233 2.98078 1.50885 
42.5255 9.37012 11.1365 4.52384 20.2015 1.8321 1.11825 0.179499 44.0876 53.1023 34.6338 32.2685 55.1895 0.0869044 13.8632 4.54724 2.34843 40.8531 22.1217 3.38469 36.8288 7.07788 0 7.45031 1.32729 1.30252 0.120871 9.86755 
45.8538 15.558 1.76881 11.5461 36.5651 18.0163 63.8054 43.559 100.227 47.0818 13.4052 183.536 56.8993 0.365855 4.20364 0.622622 20.9897 47.9323 5.06642 0.896892 2.38881 0.441811 10.2631 0 27.4297 1.80761 14.155 0.00226727 
511.183 453.159 14.3388 452.417 38.9722 465.012 22.7303 185.775 567.758 25.2201 30.974 810.867 4.46001 8.2269 2.67036 36.7742 443.477 11.2234 5.20356 0.00111199 25.8353 88.0138 15.0591 74.6777 0 65.893 100.597 32.0734 
20.1607 2.46373 7.6255 3.00349 25.5111 11.8911 24.9713 22.771 120.033 73.6428 162.08 250.062 35.7614 9.00278 12.2544 28.4911 23.1473 34.9561 7.89811 6.11705e-06 6.15239 10.001 4.37675 0.276864 13.3179 0 0.63072 20.2722 
38.3869 47.1641 10.5771 25.6956 49.0409 10.8253 13.6357 32.9156 40.7132 10.1998 32.7123 0.135535 31.9198 10.1371 0.943275 18.6172 20.3843 23.2062 0.321603 1.90549 14.135 3.14146 12.8521 16.5331 1.15017 4.37122 0 45.9585 
1.47459 33.4273 2.97469 33.0815 26.609 0.324025 0.00529634 135.497 96.2647 9.81556 81.4735 46.7606 24.0667 10.97 22.7864 0.292216 21.4941 20.4226 1.49845 0.871008 6.09785 10.5465 3.98738 3.54408 15.0065 63.6581 92.8274 0 
