0 196.312 19.438 538.346 131.264 242.852 267.909 67.1254 193.03 124.69 50.2831 66.6351 108.665 15.7305 1.63921 78.3269 285.216 201.05 42.2056 254.866 154.887 0.890727 9.79703 22.8207 205.825 74.6788 36.8595 20.3166 
193.647 0 258.622 353.937 262.506 427.081 481.227 19.2348 366.075 192.686 13.7091 223.37 147.104 63.7918 42.3288 0.496215 342.142 171.327 48.2359 111.683 115.218 45.6671 14.2155 60.9116 271.123 24.0638 51.3312 0.966671 
180.577 217.692 0 284.573 171.472 56.6189 24.1939 49.1471 15.7184 9.94163 149.401 55.0132 9.38996 16.1192 3.33646 24.5154 25.1655 104.663 38.4293 26.272 20.7629 3.98611 11.3657 15.4748 0.0003865 26.8888 10.1201 10.1556 
533.796 505.081 264.036 0 50.9319 234.533 17.163 802.26 194.609 101.536 70.5463 0.0139883 71.4019 0.29178 22.2671 42.7875 220.163 51.2402 36.656 32.7842 115.268 4.62379 19.3678 10.7203 193.102 0.359696 0.587316 0.541601 
1.27368 1.06653 188.032 121.178 0 387.809 434.181 75.4284 45.1404 291.652 98.5393 72.9646 172.341 62.7873 0.0900179 62.0386 97.5614 96.7012 226.809 53.9303 34.0053 56.3973 2.06243 13.7862 30.4738 1.85965 40.9825 11.4517 
295.88 229.277 60.2248 260.123 727.554 0 1446.82 0.323771 663.742 338.075 271.028 63.2729 537.077 12.0311 4.92284 0.357843 241.618 38.216 0.935917 23.1602 53.8059 19.8025 14.7706 8.70641 194.571 26.0656 1.89668 5.46222 
228.96 492.01 216.951 201.59 124.576 569.562 0 200.865 845.528 141.305 4.25751 185.771 0.0587265 93.3962 0.420797 88.2164 36.5555 183.853 133.549 69.7343 6.97155 3.81173 70.8278 0.758015 84.8893 86.4567 0.521658 3.55974 
273.037 164.193 260.331 482.822 84.9704 207.858 137.406 0 479.613 28.49 248.968 897.716 134.377 79.2309 38.8689 6.97438 83.9913 5.88088 78.3694 102.255 91.2446 67.2274 22.4577 85.6226 8.77589 197.606 0.901512 45.2189 
444.39 569.398 48.1267 523.489 272.278 568.961 77.0751 321.632 0 374.281 757.043 17.0086 7.39027 87.9021 214.496 142.261 197.591 218.294 85.1481 20.1069 27.4391 48.7905 65.352 61.6866 195.452 43.9846 45.5707 98.6904 
1.35722 213.836 0.544751 20.4047 116.11 477.77 373.133 192.242 203.403 0 597.942 234.916 303.76 50.6612 113.659 41.4241 22.1046 3.54652 0.91696 25.6313 49.6696 10.9375 19.5064 0.00825321 25.2544 19.3756 28.4587 14.9472 
191.463 56.1982 129.494 203.93 247.586 240.038 9.96093 89.2574 74.7295 60.9759 0 64.9299 58.9089 9.03457 72.5579 70.9143 33.4147 114.206 127.087 84.2811 4.25178 14.1932 133.366 124.175 60.1364 151.678 78.1221 104.534 
179.319 222.205 186.166 80.7934 119.985 131.528 268.459 1030.15 385.358 8.12081 403.828 0 117.129 129.999 0.21779 437.129 56.5182 30.0662 50.411 45.1305 158.228 8.04564 9.06928 117.07 122.58 289.811 105.318 37.5042 
3.12733 101.1 7.71693 60.6839 139.923 102.791 156.033 17.2592 31.0755 59.0508 217.598 6.49603 0 145.643 33.0845 38.0493 39.412 100.143 81.5339 37.6499 3.87293 3.20649 70.4893 65.8654 11.4674 0.705482 23.9142 25.7262 
24.6887 8.62649 5.29787 23.1739 1.1144 8.7771 1.15602 13.0502 96.964 20.2653 56.0569 12.6938 2.40807 0 19.5553 12.6409 0.455604 5.2079 19.8102 0.375333 19.3964 5.18136 0.385006 2.1801 9.31857 0.658055 11.3134 6.99963 
38.6149 54.8379 23.9676 18.8611 77.9466 39.6717 9.59368 81.0351 133.872 8.33844 149.348 177.959 70.3018 0.523086 0 17.6124 13.9706 60.5151 35.336 5.31825 53.0515 0.628826 24.9329 2.11377 0.685809 22.3707 12.7617 12.1773 
21.7757 84.5866 0.434447 31.2616 18.8074 22.9732 103.37 205.588 4.42965 90.5641 73.5137 389.821 3.07622 0.00126033 55.2763 0 3.18516 61.2412 30.4227 8.87901 57.7269 11.9251 5.73915 28.8522 26.6983 27.6065 18.4801 1.55078 
192.75 203.683 54.6559 237.839 153.925 239.92 38.3955 90.428 279.013 23.9292 4.7824 43.333 64.6002 20.6754 11.4496 0.962831 0 184.597 549.128 33.6538 26.2673 21.0301 1.03926 6.67635 220.486 26.3572 4.85524 23.8594 
155.789 31.7374 106.84 145.733 232.482 53.6568 203.898 34.8292 162.054 6.26743 1.37826 36.0784 12.345 41.7423 3.10312 31.9565 285.106 0 134.467 36.0801 5.27745 7.48488 21.1375 0.179717 6.49974 38.3614 40.3439 23.4564 
7.67343 168.571 0.0161452 8.54878 222.144 48.2858 81.4661 6.94662 154.974 45.1944 106.686 96.7974 8.12749 20.5758 0.934502 12.7782 8.37846 146.257 0 7.67834 64.8987 12.9568 0.73561 0.981241 30.2858 26.3886 11.2987 18.9594 
41.816 4.09696 12.7475 33.1163 32.6902 24.162 9.39359 2.99218 98.8843 56.2649 1.62536 6.94756 19.4654 4.12591 4.99494 9.68327 0.296078 28.2365 0.0707691 0 124.534 6.187 3.48786 5.85285 13.47 11.1561 2.89132 4.59325 
10.5791 153.617 12.0763 176.944 67.319 19.3793 18.6558 175.184 26.4416 17.4442 143.547 8.38298 75.3644 34.1294 38.2583 61.7022 5.25104 13.6979 9.07502 56.816 0 8.79223 38.5471 16.5552 55.0301 47.1821 44.1669 13.279 
24.4351 30.6481 11.0441 16.3826 46.7229 6.31192 4.72564 23.8248 50.985 52.1213 78.2251 26.8764 23.573 10.2357 16.6997 10.7235 9.81759 0.381499 11.3115 0.0659067 30.0003 0 8.53091 10.2241 22.8665 10.2862 3.29803 1.70965 
43.4553 11.0323 11.473 5.24554 22.2556 1.38582 0.420667 0.0173939 38.5667 50.8461 43.3635 25.0186 62.1809 0.0943801 16.6349 3.4599 2.0513 40.0314 21.8275 3.29222 37.4565 8.42339 0 3.39121 2.24218 1.67193 0.253218 9.98011 
47.7494 13.4626 1.33143 12.9491 34.5823 17.963 65.7799 34.4991 99.9537 44.4419 8.55627 176.633 53.4952 0.0740154 2.37136 0.00545303 20.9362 48.1855 4.51751 1.04714 1.71909 0.183836 14.8289 0 21.8937 2.54288 13.2368 0.0485642 
258.326 200.283 15.8723 199.67 41.5551 213.165 18.6727 177.246 314.048 28.827 23.0826 802.737 5.76892 7.26763 1.60318 57.4708 192.76 9.66474 5.9196 0.0283894 28.1528 43.0503 14.2446 69.7628 0 82.1058 160.733 117.912 
16.6058 1.24369 6.15604 1.58953 22.6574 10.4367 19.9946 9.3435 112.216 75.0776 156.671 171.641 33.4993 9.72349 14.7048 30.6566 22.5628 37.222 8.78002 0.0181644 7.81374 10.1728 3.85998 0.625336 10.3443 0 1.63004 12.1269 
39.7738 45.9734 9.90513 26.1914 49.143 10.1808 11.9488 37.4336 37.7355 8.91103 36.1254 0.064863 31.0461 9.88479 0.635387 18.7818 20.1023 22.0681 0.461858 2.13032 13.0123 3.46413 13.0757 15.7887 0.653049 2.63742 0 61.6198 
0.83187 35.8499 3.66311 33.004 28.4937 0.146189 0.19197 135.023 97.7653 11.6968 76.211 60.4703 25.5415 10.6635 22.3423 0.0568399 21.1001 18.9403 1.18833 0.690726 5.05463 10.5417 4.36514 4.12412 12.0558 62.3329 91.4043 0 
