0 41.2073 12.0708 366.281 144.242 67.1041 266.948 55.1127 22.1065 128.66 45.1101 59.2323 108.241 14.7566 2.18305 79.0136 116.328 193.589 45.3768 260.508 143.867 0.734728 10.4779 21.647 36.5534 75.6411 36.1214 21.4474 
24.483 0 321.104 208.754 310.118 258.846 503.926 26.1808 170.848 183.269 18.8598 223.438 147.873 62.7226 45.0986 0.211322 170.089 331.165 54.2913 106.364 120.665 45.1286 15.1644 61.2042 100.626 22.1852 50.9204 0.694251 
170.011 155.042 0 250.817 165.179 59.1212 14.6716 63.8061 40.2563 12.7687 135.786 47.5091 8.12616 16.2847 4.11105 24.2942 26.6683 111.886 36.6271 26.6717 17.119 4.16561 11.1958 15.5486 0.015579 26.6056 9.7837 10.6379 
351.889 329.725 269.544 0 44.552 66.7089 23.644 619.677 29.2972 99.8046 61.9701 1.08236 71.8689 0.436152 21.0501 42.4749 48.1466 45.9897 38.2642 30.8015 124.932 4.84211 19.4117 11.4142 22.7431 0.128176 0.747745 0.356328 
3.67196 9.59272 188.526 127.193 0 382.404 428.018 82.6026 33.2304 304.586 88.6761 77.7789 174.384 63.7704 0.330952 63.3469 92.4192 105.989 208.745 56.717 31.3128 56.5859 2.47884 14.6782 31.7855 2.37177 41.4839 12.2164 
120.696 70.4781 57.8729 89.3817 699.279 0 1536.82 0.0240869 497.158 73.2061 266.596 57.6369 583.875 11.3747 3.93029 0.570924 71.9836 34.3663 1.83446 22.8714 52.135 19.9524 14.9918 8.31053 23.603 25.6876 1.71278 5.84994 
237.571 511.469 228.063 203.04 154.487 329.182 0 226.228 590.919 99.0844 0.197894 197.239 0.146542 92.1358 1.32898 90.5567 34.042 191.291 129.435 67.2213 5.46391 3.25241 71.3035 1.13578 86.1242 84.3802 0.347982 2.91727 
282.068 151.181 250.713 520.215 92.3109 203.579 161.837 0 423.989 34.3901 230.659 978.189 132.127 83.3305 32.255 2.48184 85.3652 7.7669 80.8019 99.8157 98.0775 67.0973 20.1761 80.6787 5.43522 187.206 1.40291 41.1155 
268.544 410.908 20.9288 351.696 287.86 436.831 3.03602 381.251 0 381.697 1505 9.23878 4.96183 92.4185 225.659 145.03 27.9939 219.11 89.7344 17.8877 23.6299 49.9124 62.6283 59.1114 26.0448 39.4058 47.0405 99.0897 
0.582485 206.168 1.39018 23.379 96.2703 415.863 414.708 197.953 228.534 0 604.766 238.94 315.885 47.6201 108.598 38.0333 20.4692 2.38664 0.353335 26.9107 51.698 9.8338 18.0146 0.0114431 27.0466 21.3593 29.2463 16.0178 
189.724 47.6583 143.223 203.629 242.653 250.501 22.5719 106.001 67.392 29.0112 0 42.7271 49.9482 14.5755 44.1712 58.8217 35.1028 118.326 126.195 83.6342 5.50602 13.0124 132.72 122.351 65.1767 147.558 79.1102 105.76 
172.334 220.824 187.55 67.3734 115.343 127.006 262.326 1011.39 393.385 12.1953 372.13 0 113.272 135.968 2.47963 471.314 55.0922 27.3433 52.3528 42.7516 155.981 7.16272 6.96103 108.065 110.152 323.124 107.536 31.5839 
3.99708 105.029 8.95388 59.3697 144.85 117.15 164.247 19.7174 26.1326 41.4661 209.6 4.90181 0 139.624 28.3755 35.1872 40.4922 99.0967 82.3252 38.142 4.43308 2.12324 73.4696 64.8053 10.5628 0.992479 23.3787 24.9908 
23.6132 9.75706 5.74843 23.2066 1.56086 8.13694 1.93 10.5624 102.053 22.9606 45.6715 9.03256 0.493209 0 27.5638 11.3497 0.372308 4.65722 19.3796 0.417414 20.1444 5.5123 0.832712 1.75611 8.83976 0.493661 11.3161 6.74239 
36.9247 52.0702 25.0834 17.6416 75.8335 40.3325 12.836 89.4095 122.57 11.9025 111.369 195.069 64.9632 3.09986 0 28.6899 13.5046 61.4232 34.8992 5.53077 53.6649 0.800038 24.5257 2.93374 0.408678 23.4546 12.3797 11.5704 
23.823 84.3293 0.245053 32.7429 17.2964 23.5635 103.695 218.971 2.64891 91.2181 61.2824 436.379 2.08576 0.114165 67.0823 0 3.44425 61.0028 30.327 8.76485 58.4729 11.9488 5.16047 28.0903 25.2074 28.8749 18.596 1.20633 
22.2317 35.8317 54.2105 68.2945 153.401 70.3695 40.9811 91.5168 110.454 22.2506 5.57863 44.8145 64.4892 20.5202 11.9055 0.82153 0 166.66 200.701 33.7836 27.3667 21.0771 1.14739 6.43187 49.8228 26.2039 5.05207 23.9452 
165.155 54.6763 99.4674 145.953 234.253 57.8664 209.886 38.8248 168.317 4.70073 0.701408 33.1606 10.9874 40.9421 2.54309 33.153 287.274 0 131.233 38.4522 4.22658 7.90903 20.4623 0.283375 5.8743 39.4716 39.9934 22.698 
6.13083 170.301 0.131141 7.45498 203.77 51.9726 75.9322 8.2346 154.513 41.3353 104.202 96.0255 9.30374 20.9847 0.713276 13.3064 2.43616 144.447 0 8.30046 65.6706 12.6038 0.621116 0.849751 30.149 26.0391 11.5782 19.2822 
56.0202 6.46632 13.7383 31.1437 35.3984 24.2477 11.1362 4.20089 100.321 56.3644 1.14743 5.76502 18.7191 4.17822 4.78485 9.67171 0.187149 30.5012 0.0200499 0 162.519 6.21256 3.44478 5.90788 13.3857 11.2785 2.76433 4.41801 
15.6588 157.5 9.24303 167.094 64.198 17.839 16.2324 180.03 22.6943 19.0145 144.829 10.4462 75.7915 33.4777 39.3082 61.2744 5.86603 12.0273 9.9318 31.0503 0 8.46859 38.7707 15.7708 55.6847 48.3184 44.0925 14.02 
23.8897 29.8388 10.9152 16.3 45.945 6.71247 4.10486 22.739 52.0692 53.1357 77.9191 25.4754 26.4519 10.0676 16.5036 10.5531 9.57236 0.492423 10.9613 0.0818557 29.7901 0 9.19546 10.6182 22.666 10.2101 3.4606 1.81383 
43.8835 11.902 11.6262 5.619 23.296 1.18394 0.196703 0.167794 35.8591 49.6292 47.9221 21.6554 65.5285 0.366394 17.9538 2.9503 1.90936 39.5966 21.667 3.24445 37.747 9.08943 0 1.84845 2.80032 1.87054 0.337165 10.0259 
48.6489 12.456 1.13392 13.6531 33.5776 17.9104 66.672 30.2339 99.6104 43.0651 6.51156 171.964 51.6942 0.0108831 1.63424 0.256016 20.8995 48.2771 4.25214 1.12575 1.42403 0.096151 16.8355 0 19.0947 2.94882 12.7622 0.0940036 
86.4793 28.6186 16.6325 28.0591 42.8298 41.8978 16.7556 171.932 141.547 30.6611 19.4917 352.255 6.47901 6.79244 1.16618 58.8274 22.0941 8.92072 6.29079 0.0556899 29.3173 22.6011 13.8616 64.8396 0 49.0489 66.6368 149.768 
14.9237 0.786535 5.46334 1.04446 21.264 9.72329 17.6619 4.762 107.992 75.6055 153.21 133.312 32.3513 10.0663 15.9414 31.4817 22.2593 38.3427 9.2315 0.0413506 8.70796 10.2514 3.60648 0.849873 8.97888 0 2.29575 8.65729 
40.4461 45.3512 9.56857 26.4128 49.1658 9.85819 11.1369 39.7378 36.2499 8.29183 37.8505 0.320271 30.5959 9.75081 0.503484 18.834 19.9553 21.4993 0.541292 2.2463 12.4611 3.62919 13.1704 15.3905 0.887277 1.92271 0 68.8981 
0.578204 37.0547 4.02882 32.9068 29.4366 0.08333 0.385122 134.359 98.3521 12.6834 73.4875 67.6479 26.2744 10.4968 22.077 0.0075513 20.8953 18.2077 1.04613 0.607932 4.56576 10.5338 4.55568 4.42406 10.6536 60.6597 88.6968 0 
