0 29.7465 10.5755 348.12 147.287 49.0729 266.544 52.4199 5.32699 129.565 43.9211 57.5315 108.126 14.5303 2.32194 79.1574 99.8764 191.753 46.1293 260.439 141.243 0.70015 10.6405 21.3727 20.0351 75.853 35.9461 21.7156 
9.79654 0 335.067 197.804 321.17 242.272 508.183 27.9556 148.323 180.972 20.182 223.38 148.019 62.4622 45.7523 0.161654 152.86 867.529 55.7449 105.071 121.929 44.999 15.3906 61.266 83.7998 21.7501 50.8205 0.636621 
167.351 141.009 0 240.165 163.575 59.6649 12.7534 67.4529 47.5294 13.479 132.546 45.7955 7.84037 16.3199 4.30345 24.2345 27.0226 113.55 36.1998 26.7562 16.3047 4.20815 11.1544 15.5635 0.0252195 26.5318 9.70447 10.7515 
331.48 311.172 259.498 0 43.0889 50.512 25.3 1286.61 14.1959 99.3649 59.9966 1.57995 71.9674 0.474242 20.7628 42.3823 30.9753 44.776 38.6401 30.3271 252.251 4.8939 19.4194 11.5783 5.97305 0.0906441 0.788228 0.318297 
4.41427 12.8161 188.481 128.561 0 382.46 425.899 84.3104 30.6653 307.307 86.3907 78.9173 174.806 63.9927 0.409592 63.6464 91.1979 108.187 204.331 57.3684 30.6903 56.6253 2.58212 14.8908 32.0946 2.50101 41.6 12.399 
102.747 56.5982 57.2745 72.4726 179.156 0 1205.35 0.106021 479.62 365.641 265.252 56.3267 465.9 11.2199 3.71126 0.628119 55.364 33.4786 2.0885 22.7991 51.7373 19.9852 15.0418 8.21758 6.68194 25.5938 1.67075 5.94241 
239.461 514.925 230.377 203.215 161.75 276.131 0 232.163 530.944 89.9591 0.00402205 199.881 0.280732 91.8128 1.61588 91.0838 33.4578 192.975 128.43 66.6196 5.13475 3.12692 71.4036 1.23555 86.3986 83.8735 0.312172 2.775 
284.018 148.111 248.161 524.663 94.0515 202.435 167.696 0 410.394 35.8445 226.279 992.046 131.576 84.2824 30.7689 1.75152 85.681 8.24706 81.368 99.2199 99.6904 67.0611 19.6525 79.5057 4.76158 184.618 1.53673 40.1657 
250.353 396.518 16.0755 334.069 291.349 427.88 0.00444056 395.117 0 382.977 1158.46 7.74428 4.4588 93.4755 221.847 145.621 11.4055 219.232 90.8077 17.3805 22.769 50.1738 61.9821 58.5015 9.51959 38.3508 47.3849 99.1673 
0.446917 204.254 1.64493 24.1001 91.757 398.057 423.652 199.227 234.375 0 604.538 239.771 318.268 46.8996 107.344 37.2412 20.0906 2.14643 0.258942 27.2122 52.175 9.581 17.6685 0.0235659 27.4718 21.8348 29.4308 16.273 
189.264 45.7284 146.417 203.439 241.39 252.707 26.2434 110.07 69.6014 23.1084 0 38.1133 47.9202 16.0571 38.3824 56.0816 35.5025 119.284 125.963 83.4705 5.82377 12.7405 132.518 121.883 66.3692 146.524 79.3342 106.027 
170.645 220.427 187.767 64.3283 114.24 125.905 260.753 1001.23 394.941 13.2679 364.32 0 112.351 137.314 3.36559 477.333 54.7547 26.7171 52.8094 42.1936 155.422 6.96162 6.50306 105.923 104.777 330.308 108.036 30.2485 
4.21659 105.939 9.25641 59.053 145.971 121.354 166.125 20.316 25.0224 37.7129 207.627 4.55825 0 138.038 27.3032 34.518 40.745 98.8393 82.4996 38.2549 4.57005 1.89993 74.1455 64.5407 10.3541 1.06699 23.2522 24.8174 
23.3609 10.0316 5.85574 23.2101 1.67656 7.98768 2.14021 10.0117 103.226 23.6105 43.3389 8.25626 0.251798 0 29.5054 11.0403 0.35391 4.53168 19.2773 0.427611 20.3208 5.59019 0.960608 1.66162 8.72678 0.458274 11.3158 6.68165 
36.5266 51.4169 25.34 17.3557 75.3229 40.4712 13.6607 91.3866 119.893 12.8242 102.918 198.955 63.6992 4.00336 0 31.5201 13.3951 61.6303 34.7927 5.58085 53.804 0.843171 24.4078 3.14391 0.353697 23.7025 12.2893 11.4276 
24.3126 84.2514 0.208239 33.0816 16.9474 23.6972 103.74 221.899 2.29491 91.3354 58.5046 445.668 1.87988 0.167159 69.6337 0 3.50647 60.9401 30.3019 8.73701 58.6409 11.9526 5.02548 27.8603 24.8511 29.1514 18.6205 1.13121 
5.4324 19.6815 54.0945 51.6986 153.225 53.7702 41.5944 91.7642 94.0866 21.8612 5.77425 45.1629 64.4575 20.4826 12.0133 0.789866 0 162.374 277.904 33.8105 27.6266 21.0874 1.17356 6.3747 32.9678 26.1663 5.09877 23.9644 
167.313 59.8093 97.7077 145.944 234.563 58.8604 211.212 39.788 169.755 4.36367 0.574919 32.4869 10.6781 40.7512 2.41908 33.4341 287.443 0 130.435 39.0128 3.9956 8.01016 20.3037 0.31116 5.7312 39.7311 39.9093 22.52 
5.79162 170.637 0.174224 7.20701 199.296 52.8344 74.6312 8.55239 154.364 40.4393 103.603 95.8338 9.59066 21.0796 0.665473 13.4311 1.69443 143.975 0 8.44934 65.8471 12.5208 0.595545 0.820141 30.1148 25.9552 11.644 19.3575 
59.5745 7.09837 13.9716 30.6713 36.0422 24.263 11.565 4.51391 100.639 56.3794 1.04685 5.50176 18.544 4.19027 4.73564 9.66779 0.165119 31.0402 0.0126128 0 171.56 6.21833 3.43447 5.9204 13.3646 11.3061 2.73473 4.37697 
16.9886 158.374 8.627 166.09 63.464 17.483 15.6836 181.123 21.8482 19.3914 145.108 10.9625 75.8865 33.3225 39.5531 61.1653 6.01522 11.6482 10.1381 25.9903 0 8.39301 38.8209 15.5876 55.8333 48.5815 44.0726 14.1962 
23.761 29.6477 10.8843 16.2797 45.7589 6.80766 3.96472 22.4853 52.3213 53.3668 77.8383 25.1484 27.1435 10.0256 16.4547 10.5116 9.51474 0.52055 10.879 0.0858565 29.7397 0 9.35023 10.7089 22.6153 10.1914 3.49921 1.8387 
43.9807 12.1102 11.6608 5.708 23.5419 1.13856 0.156204 0.225569 35.2285 49.3348 49.0099 20.8921 66.2983 0.455246 18.255 2.83443 1.87663 39.4921 21.628 3.23307 37.813 9.24469 0 1.54618 2.94082 1.91854 0.358614 10.0356 
48.8557 12.2233 1.08957 13.8187 33.3401 17.8955 66.8725 29.2596 99.5098 42.7362 6.06881 170.754 51.2618 0.00419948 1.47943 0.368791 20.8899 48.2952 4.19062 1.14458 1.35849 0.0795884 17.264 0 18.4406 3.04781 12.6492 0.106845 
69.3383 11.5393 16.8105 10.9913 43.1278 24.9003 16.3162 170.587 124.231 31.095 18.6839 120.68 6.6513 6.6813 1.07304 58.034 5.24153 8.74918 6.37935 0.0634347 29.5916 19.8583 13.7739 63.5291 0 40.0035 52.9001 145.892 
14.538 0.693993 5.30485 0.932371 20.9397 9.55714 17.1295 3.90185 106.971 75.7111 152.325 124.617 32.0798 10.145 16.2321 31.6491 22.1869 38.6049 9.33868 0.0481668 8.92432 10.2691 3.54739 0.907421 8.67086 0 2.46785 7.91199 
40.6021 45.2023 9.4894 26.4623 49.1684 9.78234 10.949 40.2836 35.9011 8.14872 38.2578 0.408443 30.4888 9.71855 0.474622 18.8434 19.9202 21.3655 0.560879 2.27392 12.3325 3.66837 13.1909 15.2945 0.9896 1.77004 0 70.5228 
0.525137 37.3373 4.11683 32.8783 29.6583 0.0710792 0.44017 134.162 98.4741 12.9197 72.8389 69.3602 26.4462 10.4564 22.0105 0.002624 20.8463 18.0362 1.01394 0.589177 4.45398 10.5314 4.60063 4.49552 10.3326 60.1729 87.8762 0 
