0 614.686 0.00113244 735.638 189.933 477.901 253.274 20.09 456.933 141.259 28.0739 34.9628 105.79 11.3828 4.79131 80.4614 549.807 162.246 57.2136 191.731 102.809 0.291565 13.0913 17.489 469.989 78.2779 33.345 25.6755 
556.895 0 468.017 717.991 460.853 678.654 519.468 59.0872 518.97 145.008 43.6918 219.409 148.624 58.3291 55.2238 0.188583 590.238 633.663 77.696 84.9466 139.288 43.0042 18.7787 61.8594 528.495 15.7873 49.2358 0.0807412 
123.345 6.0849 0 51.8098 135.847 65.3756 0.0691811 126.089 199.647 25.4927 85.8 23.7274 4.225 16.6649 7.48418 23.056 32.1454 135.534 29.9268 27.5577 6.53978 4.83584 10.4976 15.6733 0.422674 25.1693 8.5588 12.3976 
692.698 708.34 34.8108 0 23.9384 504.147 54.1092 726.35 503.595 91.698 33.9136 18.9399 72.902 1.19877 16.6034 40.2513 471.23 28.3921 43.9373 23.2582 736.26 5.66215 19.4209 13.9752 452.479 0.275795 1.48975 0.00767724 
22.4455 105.931 181.073 146.009 0 387.287 368.981 109.627 4.69019 331.38 55.3464 95.5331 178.375 66.8136 2.47636 67.6111 73.236 140.052 136.611 66.5344 22.1928 56.9813 4.30061 18.0747 36.5806 4.73835 43.1995 15.1498 
530.623 550.118 46.9953 514.896 655.998 0 833.665 7.72835 848.493 225.502 233.911 38.2876 553.776 8.98647 1.20672 1.74945 503.177 21.5446 7.51676 21.572 45.8193 20.3531 15.6753 6.88399 450.687 24.0339 1.11583 7.3325 
260.411 514.009 249.411 198.629 270.11 91.9772 0 313.173 0.456833 5.02808 29.302 235.037 7.01532 86.0559 8.80403 97.631 25.3447 214.153 112.479 57.5363 1.49151 1.57516 72.3389 3.13852 89.6528 75.8163 0.0112393 1.10301 
304.128 104.221 200.728 392.86 119.566 180.439 253.68 0 209.994 59.4157 161.532 948.924 122.73 97.3636 12.7044 5.44968 89.9199 16.7031 89.2558 89.7383 122.995 66.2994 12.6947 62.3405 5.77032e-06 142.476 4.1405 27.2283 
671.11 858.621 18.512 746.98 332.795 924.731 504.69 571.299 0 381.084 1231.87 0.938872 0.175189 108.4 190.529 151.465 460.632 218.023 105.974 10.7284 11.9147 53.8376 52.4629 49.5625 460.427 24.2161 52.3002 99.588 
0.498088 172.505 7.64308 35.3259 35.8499 103.831 505.103 214.383 312.015 0 526.125 246.642 330.972 36.3991 86.9579 26.1751 14.8946 0.0915029 0.536657 31.5793 59.0426 6.23271 12.9001 0.683743 33.746 29.0334 32.0604 20.0976 
180.463 21.647 189.465 195.674 219.046 272.503 105.839 172.828 371.725 13.9249 0 0.594197 22.5496 44.2784 0.357106 22.3268 41.3883 132.533 121.679 80.619 11.3687 9.07052 127.521 113.531 83.6987 129.075 82.204 109.007 
144.567 211.661 186.226 26.566 97.8882 108.561 232.876 656.18 402.674 33.3564 242.644 0 98.4697 153.862 30.4575 467.762 49.7956 18.3167 59.3869 34.2349 146.105 4.34409 1.57408 74.7095 143.949 396.288 114.297 13.7132 
8.01887 118.413 14.1006 54.1702 160.433 183.011 190.498 29.7954 11.4044 2.72821 175.75 0.963165 0 109.056 13.6265 25.1242 44.3408 94.6431 84.5091 39.7625 6.77143 0.0521019 82.6965 60.0934 7.51846 2.43967 21.4044 22.2919 
19.7494 14.3517 7.45295 23.0774 3.79939 5.90544 6.35067 3.60776 118.896 33.548 15.449 0.865248 5.73058 0 54.5543 6.5588 0.13904 2.89084 17.7558 0.587601 22.8886 6.70834 3.55499 0.55646 7.09033 0.0910217 11.2675 5.79579 
30.769 41.9423 28.7481 13.2967 67.4147 41.7396 28.0062 119.661 81.5918 29.3296 13.7828 246.531 45.4559 26.4958 0 72.6059 11.8207 64.3408 33.1023 6.30775 55.5908 1.58607 21.8291 6.83427 0.00292836 26.9271 10.9586 9.37219 
31.6834 82.3912 0.0113851 37.4882 12.1903 25.3927 103.015 252.923 0.0164171 91.4543 24.0138 489.731 0.0918855 2.00653 89.6839 0 4.45982 59.7522 29.8246 8.29329 60.7388 11.9307 3.16673 22.6424 19.566 32.0998 18.8508 0.306998 
451.867 476.325 51.9444 499.964 148.476 501.905 50.6477 94.9584 545.534 16.4887 8.9582 50.196 63.7647 19.893 13.5909 0.399205 0 100.307 276.388 34.0469 31.4309 21.2008 1.58355 5.56313 477.682 25.5579 5.7926 24.1999 
195.994 67.3103 71.7489 143.171 234.42 73.2348 226.55 54.6219 188.795 0.869332 0.154236 23.3232 6.64889 37.88 0.962319 37.4738 275.397 0 117.428 47.186 1.36374 9.52957 18.0206 0.858144 3.83862 43.4088 38.6215 19.9595 
1.929 172.362 1.47651 4.04028 131.29 64.8542 56.0731 13.7621 150.538 28.1219 94.3655 92.6414 14.1606 22.3987 0.15731 15.2487 17.8076 135.285 0 10.7046 68.1761 11.3194 0.284165 0.448323 29.5378 24.6726 12.5989 20.4227 
116.606 19.2293 17.3174 23.615 45.566 24.2737 18.5184 10.2289 104.356 56.2336 0.105303 2.35147 16.0337 4.35334 4.03305 9.55988 0.000616167 39.0472 0.0975488 0 287.875 6.29172 3.27827 6.0832 13.0067 11.6543 2.31806 3.79121 
41.5192 169.19 2.01029 212.569 52.9025 12.6283 8.69698 194.758 11.2303 25.1538 148.152 19.7029 77.0262 31.002 42.9987 59.2304 8.36383 6.78405 13.322 4.08173 0 7.32324 39.4423 13.0004 57.7466 52.1962 43.681 16.8216 
21.8801 26.8593 10.41 15.9441 42.935 8.22075 2.19336 18.8946 55.8344 56.3758 76.2949 20.5428 37.6422 9.31601 15.6323 9.85465 8.68378 1.01458 9.69756 0.154377 28.9675 0 11.4778 11.9228 21.7431 9.89039 4.07319 2.21379 
45.228 15.2679 12.0947 7.03958 27.1382 0.575453 0.0934379 2.01176 26.4364 44.7552 65.1955 11.1572 76.5056 2.63749 22.0819 1.36606 1.43084 37.8837 21.0091 3.06226 38.6698 11.384 0 0.24647 5.33066 2.6637 0.740659 10.1325 
51.6278 9.04671 0.541133 16.1982 29.8631 17.5733 69.3533 16.5886 97.213 37.7906 1.36579 148.96 44.6849 0.256441 0.0908008 4.13806 20.7106 48.4116 3.33963 1.43059 0.578899 0.015494 20.8425 0 9.59294 4.61234 10.9681 0.383662 
509.613 453.498 19.327 453.091 47.3489 467.543 10.4935 147.516 561.097 37.4306 8.71758 177.089 9.36057 5.11396 0.153347 16.0104 450.117 6.42313 7.71262 0.231687 33.5633 72.8035 12.6137 44.3997 0 50.2419 138.514 69.2854 
9.41519 0.00254715 3.22314 0.0201949 16.417 7.23734 10.1873 1.09611 91.2047 76.4297 136.772 25.4308 28.1075 11.1936 20.3669 32.8617 21.0943 42.3313 10.9285 0.204813 12.2989 10.4944 2.72153 1.93366 4.85082 0 5.57804 0.738487 
42.7661 42.9418 8.34546 27.0646 49.0889 8.6864 8.37162 48.3008 30.8903 6.18906 44.1939 2.87403 28.8851 9.2211 0.150665 18.8533 19.3866 19.4327 0.882703 2.68792 10.5159 4.24969 13.4157 13.8123 4.45231 0.255169 0 88.5023 
0.0421039 41.3805 5.47066 32.2264 32.8592 0.00287861 1.64584 129.587 99.5453 16.5075 63.1781 94.6787 28.9064 9.81935 20.8784 0.21649 20.1063 15.5963 0.602077 0.348968 2.97751 10.4737 5.25483 5.56242 6.16316 49.6347 69.2996 0 
