0 749.45 205.15 503.74 185.721 312.222 246.479 60.6549 433.588 91.4918 132.823 41.8855 74.1943 15.713 10.0461 15.3867 250.231 61.4165 7.96313 168.096 14.104 10.6001 28.7269 3.73575 205.424 41.0217 44.269 54.9823 
760.438 0 126.792 478.598 41.7784 220.608 95.7694 289.988 388.704 54.6633 110.539 116.614 23.2183 52.04 12.5611 28.887 240.771 524.053 2.90031 1.47852 127.869 36.2831 50.055 16.3785 245.106 36.959 39.3379 61.6596 
53.8888 349.2 0 171.983 54.5746 14.3657 5.69533 126.485 83.3884 69.2578 1.43483 44.3418 44.732 1.61997 4.90298 6.17872 0.383932 161.955 33.8395 27.6526 119.281 0.331842 4.50151 15.2553 11.2644 0.285427 14.1732 21.862 
521.804 260.428 56.906 0 113.707 219.643 100.29 444.1 199.026 50.7181 33.9371 192.771 72.3126 0.0698003 13.5849 28.3415 198.946 103.075 11.7317 9.62225 289.332 0.000279599 10.7782 0.993753 222.951 0.0649071 27.6015 0.232519 
19.9777 385.338 8.29449 41.9739 0 60.5288 435.55 218.136 355.426 76.5304 247.022 0.0630202 148.08 70.2432 61.2521 72.349 13.1367 1.97796 94.6633 20.3238 12.1664 0.878756 56 40.4092 54.4055 49.3261 22.2976 19.9238 
295.677 262.264 3.57996 183.079 1029.38 0 1608.64 4.21753 640.58 996.909 246.114 54.3744 151.217 13.7147 22.6674 26.4259 210.831 0.914154 62.6802 22.5945 31.0804 11.6373 16.3187 0.292864 180.214 25.3415 18.3397 22.0828 
264.253 112.009 247.417 31.3828 109.518 515.224 0 136.479 1136.41 138.685 3.16237 102.396 214.146 3.76723 137.425 64.6339 36.1086 26.926 72.9035 49.065 39.496 49.0801 72.2021 13.3103 46.5171 27.0591 57.0598 23.234 
277.965 34.3629 98.2849 505.788 220.629 213.546 79.8638 0 459.524 0.89613 369.426 33.4606 144.591 125.485 35.8708 259.86 33.191 50.3973 116.048 30.7583 205.076 11.024 92.1854 71.5284 45.4245 23.8351 10.8466 28.2327 
232.297 535.055 309.109 502.931 4.87783 635.627 313.624 86.895 0 37.1809 764.579 395.097 20.1541 32.6117 81.5087 64.6642 249.364 91.8381 38.9028 88.2066 183.102 9.65909 100.632 95.479 304.509 6.49021 40.422 99.2541 
121.524 80.5898 92.8418 79.1861 315.803 308.917 375.721 133.71 26.1455 0 76.2196 1.1103 265.048 49.0559 133.713 54.0567 0.0201515 117.736 80.1829 48.7364 92.6812 6.12845 50.2145 3.69019 4.45362 33.0493 4.28137 56.2507 
0.817066 260.173 228.242 51.7463 213.061 138.292 11.8268 0.0330381 861.679 591.923 0 77.7911 188.64 192.584 268.963 1.08646 62.6298 58.3773 128.908 43.4006 20.8111 37.5605 125.348 44.3361 125.162 75.5396 42.8496 61.2835 
153.393 95.0632 59.6126 46.9354 179.315 124.227 14.6419 33.3043 9.01473 196.001 51.8492 0 158.087 109.059 270.969 0.459647 64.3004 0.382355 73.4117 49.7658 152.174 55.0572 18.1289 120.717 323.132 202.482 5.88594 157.359 
45.0203 1.21035 2.8884 44.7617 175.554 61.2986 32.7619 5.62711 2.47282 107.542 31.3369 88.4165 0 0.475721 21.296 0.772907 8.30385 8.63866 80.9909 0.573485 35.3243 1.00897 4.85732 18.1443 17.873 37.0439 36.8812 39.1005 
8.08405 20.8324 3.3703 22.2238 12.187 16.7156 89.4685 20.4431 38.8046 21.6786 50.4734 91.8561 139.526 0 39.148 1.2887 6.4484 52.1796 15.0254 1.80136 8.00052 4.93053 2.06466 9.4842 13.8573 12.1661 0.525496 0.298567 
22.3331 83.9484 26.0946 16.904 71.2857 24.1897 121.084 183.933 160.066 2.95585 343.559 76.8552 1.59012 10.0338 0 87.2215 30.1111 42.688 0.330907 5.58704 13.2355 0.311914 0.528919 2.0456 8.84886 1.11703 1.17989 19.9461 
12.4635 65.052 12.7238 4.36396 5.91483 3.07769 30.7878 21.6203 74.1055 86.0182 0.735876 4.84755 15.8551 16.9407 60.2267 0 2.59839 1.83506 3.05544 0.826168 56.3936 10.1185 0.358487 0.0614493 5.73812 8.65903 18.1592 16.5393 
186.052 292.09 42.0551 231.287 96.701 208.514 38.849 24.3755 290.031 0.00658751 91.1006 13.6351 7.63144 21.4827 0.936887 15.2839 0 286.052 458.883 3.25564 10.7813 21.1479 1.23346 8.23395 204.96 23.9422 14.0794 24.1651 
52.1847 150.825 23.4344 123.54 90.556 120.102 46.1046 14.1084 185.658 123.56 28.7366 1.45982 43.2884 19.2861 36.2459 45.4638 138.679 0 23.4008 0.135479 18.7568 2.4956 44.5703 24.9902 59.6556 26.8412 42.8043 49.9974 
98.8705 120.926 59.4598 32.3468 99.6692 6.25428 21.7798 58.3299 9.28741 16.4498 113.982 0.208926 41.4175 1.69178 28.2867 10.5843 80.0982 43.8118 0 36.2685 0.778682 22.2728 11.9669 10.7446 21.4642 20.3583 16.0242 12.1722 
64.624 135.996 18.9244 9.33844 40.104 17.2463 66.0467 105.153 34.4952 47.7234 18.777 9.52872 33.7578 0.279479 7.6539 2.82723 31.1228 1.52584 24.5405 0 140.669 6.38452 4.0455 0.287805 0.619485 4.22779 5.44059 11.503 
147.056 83.8075 111.842 144.764 38.6153 3.8178 59.4205 149.757 183.503 98.5819 149.253 18.6126 13.2346 29.0822 31.1532 32.4998 34.9199 8.72388 50.0867 316.334 0 2.37918 15.4561 42.3361 15.49 54.9553 39.6766 12.7237 
37.0726 48.9252 10.7072 14.4163 21.8239 20.4032 47.5421 62.6271 8.04712 56.4675 6.11437 32.3791 49.3394 1.10779 17.0758 5.97518 6.31041 0.370242 21.1069 0.379441 23.28 0 11.5702 7.77547 13.6479 5.49847 0.002213 0.269136 
0.302172 52.3746 11.4169 18.4341 39.9078 0.241523 0.0186336 47.652 100.36 59.6916 70.0023 4.91802 1.54085 1.31977 15.1971 0.00519615 1.80389 39.1974 19.8618 4.09735 13.0929 11.6624 0 15.3705 14.0698 0.336523 9.00904 0.705191 
44.3214 24.1902 0.00553572 2.01546 24.3441 10.6051 71.6682 23.0042 85.231 55.1029 28.2177 178.325 35.4838 6.161 15.7468 29.1846 21.0163 17.2529 16.5087 2.34582 47.6161 12.0105 2.95689 0 43.7372 16.2974 18.9089 3.49493 
234.328 182.091 0.785157 210.356 44.6074 195.997 62.2801 53.8579 187.865 6.39744 0.869738 731.397 54.2956 15.2008 6.69616 60.8929 183.45 59.0054 2.25895 13.7007 45.2301 68.2807 22.4953 22.5261 0 23.7756 34.2753 67.0331 
55.9053 6.53501 20.1386 0.170342 3.48144 24.4684 91.5451 83.1488 61.5863 2.78657 66.0383 261.223 0.118619 3.70808 0.129518 4.7425 26.9551 28.0025 5.50416 10.9141 56.8331 1.16222 6.24728 14.5992 43.8506 0 10.3246 18.4883 
1.01755 46.4926 14.3629 3.70579 40.427 19.6505 59.6309 61.3104 35.6695 47.5356 81.6184 80.9235 39.215 3.56974 13.9981 17.5289 11.8092 26.7948 2.63016 0.496537 29.5644 3.09966e-05 8.6817 19.2674 51.8423 27.7143 0 62.5033 
51.2636 35.2102 18.0114 32.7976 5.37438 19.5496 42.9526 22.6794 99.5719 54.9302 109.38 90.9462 2.3473 2.97629 22.8137 20.2972 20.2379 48.1762 5.5298 9.18342 49.2608 9.9883 7.117 10.4922 28.6201 63.6111 91.1529 0 
