0 696.006 206.199 458.317 188.535 262.882 244.809 57.8582 383.328 90.3201 134.138 40.3869 73.6541 15.9448 10.3241 15.8093 201.636 63.4958 7.57896 171.372 12.8874 10.4851 28.5367 3.87649 156.624 41.518 44.4 54.8137 
710.285 0 140.416 426.757 35.9267 174.194 104.421 290.686 333.586 52.4567 108.039 114.843 23.9505 51.686 12.1242 28.3845 190.395 1049.93 3.31494 1.79456 126.643 36.4597 49.8865 16.1223 195.592 36.4685 39.5151 61.7803 
56.8091 335.657 0 157.994 56.7644 13.6566 7.02067 122.22 74.0466 68.1663 1.97957 46.0368 44.2835 1.68727 5.11006 6.01193 0.444822 162.252 34.2717 27.6495 118.688 0.31754 4.4388 15.227 11.0875 0.327319 14.2433 21.8896 
474.155 206.014 48.4866 0 115.224 169.763 97.7451 1186.17 152.559 49.852 35.5577 195.812 72.2313 0.0555629 13.859 28.7191 149.446 101.876 12.0341 10.0189 45.1531 7.5296e-06 10.6808 1.05749 173.797 0.0971848 27.6012 0.201945 
21.6082 375.181 9.30685 40.5392 0 58.528 435.104 218.641 355.157 80.7894 245.905 0.113313 146.987 70.2642 60.6456 72.5001 12.45 1.59546 99.1052 19.7815 11.7449 0.937487 55.9569 40.1908 54.1591 49.6511 22.4572 19.7125 
247.306 209.615 3.98239 133.598 499.874 0 1263.2 3.55238 586.882 719.542 248.504 53.0819 205.326 13.8644 22.2882 26.3545 161.982 1.09238 61.8714 22.6712 30.6653 11.5369 16.3023 0.269737 130.988 25.4401 18.2954 22.0421 
264.926 121.165 246.533 33.2437 116.135 461.654 0 142.138 1093.56 128.362 1.95373 99.6442 213.466 3.48889 136.885 63.86 35.5148 28.3367 71.6057 49.7247 38.7182 49.3167 72.247 13.616 47.0889 27.6851 56.9454 23.5776 
280.05 36.3597 102.407 500.556 220.981 213.115 84.6483 0 472.387 1.16633 368.334 22.4701 144.311 125.309 37.4465 259.651 32.7673 49.3534 116.131 31.4893 204.682 11.2235 91.7894 70.3416 47.2204 21.937 11.1949 29.0791 
185.196 489.787 297.065 451.917 3.88931 590.986 263.394 77.6191 0 40.7665 650.321 396.511 21.1653 33.8377 68.4095 66.0521 200.735 90.1546 37.9634 87.6877 183.471 9.46019 100.794 95.2124 255.006 6.00537 40.0715 99.1841 
122.509 78.0942 91.9636 79.9436 313.539 323.346 385.908 135.67 23.2342 0 86.1422 1.45846 269.63 48.3389 133.706 53.263 0.0361723 116.958 81.0889 48.942 92.4397 5.92225 49.9263 3.51879 4.66751 32.5266 4.17366 56.3285 
1.01026 259.308 226.73 49.8819 214.924 142.342 14.557 0.171218 860.855 587.389 0 84.0373 190.877 194.255 259.785 1.56403 62.2351 59.3641 128.831 42.9511 21.3905 37.928 124.792 43.3617 125.994 77.1464 42.4395 61.965 
151.554 93.3138 57.7742 49.6583 179.437 123.091 15.9384 46.363 7.539 194.026 46.8001 0 158.272 107.388 270.017 1.80476 64.6085 0.304719 73.0049 49.2037 152.793 55.3693 18.8499 118.638 314.641 211.776 6.23762 158.436 
45.5891 1.03691 2.71258 44.3673 175.174 66.083 31.2241 5.96658 2.85289 102.158 33.0474 87.4088 0 0.792185 22.2754 0.648766 8.12974 8.36142 80.7812 0.533712 35.0321 1.17429 5.25045 18.5735 18.1231 37.3022 36.8187 39.2177 
8.26657 21.1945 3.28032 22.2785 12.4804 16.8471 89.8548 21.1901 39.9482 22.3167 52.9334 93.5958 141.054 0 41.0103 1.4493 6.3827 52.2506 15.1368 1.78395 7.8654 4.85306 2.24828 9.41062 13.9409 12.2126 0.545249 0.279775 
21.9651 84.3892 26.3409 17.1891 71.8313 24.5647 120.059 183.583 162.712 2.5061 336.391 73.0007 1.89394 11.509 0 86.1469 30.1151 42.3641 0.298457 5.53696 13.0164 0.339469 0.437537 1.87323 9.07574 1.22814 1.22431 19.8442 
12.0791 65.4989 12.9175 4.60815 5.69259 2.95532 30.0624 19.4217 72.7042 86.4023 1.13697 2.36514 16.3895 17.1436 57.3788 0 2.54382 1.74051 3.13119 0.800033 56.1914 10.0721 0.314042 0.122209 5.88192 8.28273 18.1193 16.6907 
136.562 243.947 42.3588 182.286 95.4952 159.665 39.4557 23.9896 240.63 0.00108412 90.9209 13.3836 7.80092 21.5065 0.899037 15.1935 0 286.597 537.963 3.16583 10.589 21.1397 1.26052 8.17336 155.816 24.0033 14.1333 24.1793 
50.2422 158.38 22.1867 124.478 92.7084 120.442 47.8559 13.4887 184.415 122.846 27.9642 1.30444 43.791 19.5016 36.5785 45.2148 143.01 0 22.5477 0.0947486 19.2212 2.5569 44.5362 24.8124 59.6698 26.5733 42.7469 49.9406 
98.3114 122.348 59.296 31.9611 104.169 5.8188 20.8888 58.9447 9.81033 17.102 113.492 0.16938 41.8752 1.63837 28.4458 10.4649 83.8323 42.7382 0 36.2996 0.718326 22.2177 11.8871 10.6643 21.5651 20.4683 16.0867 12.2557 
60.9736 136.58 19.1406 9.73076 39.4482 17.3832 65.4379 104.642 35.1353 47.5045 19.1488 9.19635 33.9034 0.287965 7.70171 2.78448 31.2085 1.38168 24.7066 0 131.776 6.38573 4.0491 0.298109 0.644186 4.17432 5.40638 11.5003 
149.655 82.4597 111.048 151.297 37.9488 3.63615 58.5604 148.302 183.853 98.6652 149.223 17.9543 13.4558 29.2516 30.8918 32.1726 34.6549 9.05665 49.8091 319.997 0 2.33453 15.5939 42.4614 15.2512 54.7456 39.7638 12.5537 
37.0003 49.0122 10.7394 14.4563 22.0522 20.4181 47.7876 62.7638 7.86328 56.6486 5.91908 32.7228 50.0929 1.15528 17.042 5.91124 6.25754 0.346532 21.0442 0.38779 23.2013 0 11.4337 7.67047 13.498 5.53943 0.00121958 0.279597 
0.271839 52.2334 11.3785 18.4771 39.6804 0.26329 0.034167 46.993 100.176 59.7841 71.1318 5.32003 1.77015 1.47483 14.8691 0.012308 1.77198 39.3043 19.9172 4.09926 13.2257 11.527 0 14.8757 13.8475 0.358874 9.07273 0.682396 
44.0803 24.4747 0.00276529 2.10395 24.5837 10.5132 71.6289 22.1281 85.67 54.8947 29.0725 177.375 35.9722 6.03541 15.4101 29.2472 21.0178 17.4235 16.4338 2.32213 47.5814 12.0851 3.35328 0 44.0202 16.3363 18.8758 3.56137 
184.757 133.033 0.845652 161.449 44.3136 146.641 61.7442 51.9819 139.117 6.64949 1.06382 308.345 54.3855 15.2631 6.90306 58.6734 134.195 59.0568 2.20218 13.6891 44.9908 72.6935 22.6759 21.6777 0 19.7334 56.1667 83.745 
55.4501 6.27217 20.3151 0.126588 3.63635 24.3539 91.9215 86.2208 60.4139 2.98788 67.6189 252.309 0.0944839 3.62324 0.0946537 4.44422 26.9772 27.7333 5.41493 10.9469 57.0177 1.18774 6.18629 14.6841 43.8914 0 10.0102 17.4906 
1.07175 46.6328 14.4322 3.62227 40.5492 19.6753 59.6898 61.8536 36.0182 47.5585 81.4323 80.1638 39.2013 3.61305 14.083 17.4754 11.7534 26.6633 2.67118 0.510828 29.4292 0.00031341 8.61674 19.2707 52.2736 27.397 0 64.2506 
51.4683 34.9254 18.1001 32.7616 5.24544 19.6244 43.3159 21.911 99.5469 55.0438 109.253 89.19 2.27031 2.92354 22.8571 20.4027 20.1855 48.09 5.46217 9.14938 49.1853 10.0029 7.07557 10.5611 28.6878 63.5313 90.5958 0 
