0 359.012 10.2798 183.458 225.535 15.6361 228.43 2.89099 23.6558 149.687 15.6779 17.7457 102.396 8.61948 7.93925 80.312 103.877 130.272 67.9609 106.336 67.4667 0.0636485 15.6009 13.9578 25.8531 79.4255 30.7471 29.5812 
291.016 0 420.8 309.256 528.623 200.56 443.172 96.7745 20.0784 107.966 72.8659 210.194 146.526 53.7778 64.1237 1.53372 130.288 413.04 99.4613 64.2935 153.809 40.8875 22.2063 61.8885 77.9605 10.7518 47.4763 0.0453751 
77.2971 50.8975 0 21.3651 103.71 66.5934 15.6236 185.145 367.411 39.4892 45.603 8.59667 1.74366 16.6978 11.1163 21.4043 36.9548 151.595 23.903 27.5551 1.17004 5.45701 9.77262 15.5899 1.25279 23.3759 7.46752 13.9603 
132.924 183.193 136.079 0 10.1076 61.4291 87.8561 314.838 122.991 82.2916 14.7271 51.6176 72.9156 2.18887 12.7177 36.9088 17.4794 15.417 48.6743 16.4959 260.248 6.4293 19.2264 16.2703 5.40513 1.73032 2.36234 0.139206 
51.3062 251.776 162.793 157.703 0 225.136 278.316 134.179 1.34513 325.191 30.4781 111.401 177.192 68.7785 6.05813 70.7026 56.0802 169.292 73.81 74.6509 15.0657 56.9408 6.33286 21.2977 40.8664 7.5114 44.5862 17.9673 
63.7158 151.165 35.2202 60.4401 902.278 0 517.68 25.7629 243.864 286.513 186.85 23.2746 445.085 6.90787 0.0788902 3.31651 55.8143 12.0881 15.5469 20.0973 39.93 20.5127 16.1152 5.64143 0.711877 22.2098 0.681041 8.7451 
267.927 427.74 240.067 182.195 362.747 752.37 0 373.525 454.265 24.9499 107.815 261.517 21.5557 78.7837 20.6696 101.813 18.2918 227.926 95.2424 48.3706 0.0414137 0.568974 72.3139 5.75232 91.4482 67.0049 0.10985 0.203015 
307.857 65.5005 143.051 341.671 143.815 151.373 328.776 0 58.118 85.5242 101.857 555.202 112.838 108.277 2.46067 33.1094 93.3643 27.3166 96.1888 79.3526 144.6 65.1508 7.25245 46.1652 4.45883 97.9998 7.78499 16.6147 
191.467 392.017 137.94 236.279 353.381 405.934 1226.34 658.346 0 344.265 133.682 20.8003 1.4931 121.654 278.113 152.056 16.3286 211.636 119.514 5.69206 4.59533 57.118 43.2242 40.9453 18.9843 13.142 56.8551 98.7409 
4.09957 136.914 17.1698 47.1209 5.05208 17.5642 481.335 222.56 365.04 0 350.224 243.848 303.91 26.5888 64.9972 16.688 10.4758 0.676927 3.69663 35.7201 65.5029 3.61918 8.83819 2.16436 39.867 36.3356 34.4966 23.9586 
168.471 6.40937 221.187 179.875 191.427 268.266 215.147 235.147 667.54 133.628 0 20.1717 6.51506 80.4867 50.4029 3.52067 47.1689 143.952 115.991 77.062 18.2876 6.05267 119.241 102.995 99.8715 108.795 84.2707 110.223 
117.622 198.201 176.624 4.83835 81.8364 90.0958 198.612 204.99 383.68 59.6655 128.436 0 84.4615 163.685 77.5253 309.978 44.933 11.5366 65.589 26.9284 135.16 2.37323 0.000159092 46.5376 247.153 378.286 118.438 3.59027 
12.7272 128.87 19.4829 49.0231 170.705 176.044 207.725 40.1834 3.10661 7.76093 140.992 0.0197106 0 74.7678 4.52462 16.9278 47.6572 89.8246 85.5004 40.9755 9.26138 0.784262 88.3492 54.8384 5.1531 4.26417 19.6052 19.8556 
16.3897 19.0504 9.02856 22.6293 6.60157 4.09467 12.3348 0.427815 130.992 43.6537 1.5047 0.934986 25.6933 0 61.5521 2.86187 0.0248721 1.63979 16.2336 0.762411 25.3634 7.73761 6.58771 0.039648 5.55443 0.00407248 11.1454 4.94423 
25.3333 33.0253 31.3556 9.64784 59.0769 41.6008 45.2763 144.546 48.836 49.491 8.48395 271.12 29.0945 51.7651 0 89.6659 10.3349 66.4047 31.2287 7.00374 56.8877 2.49734 18.0688 11.2309 0.46237 29.2388 9.65573 7.4559 
39.1047 79.3432 0.421335 40.6522 8.21581 26.5545 99.9194 259.17 2.93325 88.7822 4.24216 369.366 0.535989 5.36497 72.0164 0 5.46472 58.1251 29.1688 7.79971 62.1371 11.7741 1.66464 15.3817 14.5569 32.8318 18.8504 0.00312611 
5.36482 40.7072 49.0903 53.2262 140.185 54.8892 59.5058 97.3123 101.593 11.8641 12.6137 54.9774 62.6868 19.2481 15.13 0.146083 0 48.0061 213.36 33.9991 35.138 21.2476 2.03172 4.8139 27.9376 24.8614 6.48931 24.3504 
217.599 107.615 47.6053 135.995 226.155 86.5467 233.823 70.1433 203.379 0.0370975 2.25373 15.6902 3.61444 34.9528 0.177934 41.2653 240.227 0 102.777 54.9696 0.12886 11.0834 15.8609 1.63767 2.35029 46.7696 37.2636 17.5424 
0.155331 168.442 3.89426 1.80507 69.2535 75.0236 39.3769 19.7796 143.988 17.811 84.6348 88.8611 19.227 23.5582 9.65225e-05 17.0048 63.2968 123.921 0 13.0243 69.9966 10.1713 0.0908279 0.193721 28.839 23.3264 13.5187 21.397 
171.132 35.4252 20.3524 16.8354 54.8429 23.9116 26.35 17.668 106.281 55.4538 0.123805 0.546029 13.6838 4.48894 3.38145 9.36672 0.11809 46.9389 0.519671 0 332.465 6.3439 3.11636 6.20581 12.5722 11.8938 1.94025 3.24667 
72.8162 176.037 0.00559163 230.801 43.0257 8.56282 3.80637 203.586 4.16582 31.1702 149.277 30.172 77.6962 28.6561 46.1013 56.7664 10.9407 3.27622 16.7075 74.1448 0 6.34064 39.8499 10.647 59.1455 55.2839 43.1232 19.4605 
20.0498 24.1556 9.90998 15.551 40.0134 9.62503 0.964922 15.6147 58.9421 58.6226 74.165 16.3865 48.207 8.47397 14.6531 9.13198 7.8929 1.64172 8.58237 0.238894 28.1525 0 13.2042 12.88 20.6919 9.54811 4.64885 2.59967 
46.136 18.5291 12.3887 8.3798 30.6277 0.208271 0.961374 5.37093 18.7683 39.8816 80.9277 4.44722 84.1947 5.63878 24.4818 0.413995 1.05367 36.1776 20.3215 2.88821 39.3123 13.1299 0 4.45361 8.13569 3.45562 1.23002 10.1462 
53.8694 6.36524 0.187984 18.4081 26.4814 17.0793 70.9578 7.41519 93.5635 32.799 0.00930588 122.055 37.9649 1.08775 0.349412 10.6948 20.4664 48.2635 2.59617 1.72761 0.135117 0.265954 18.7413 0 3.25617 6.30096 9.30381 0.807021 
55.1411 2.01434 21.5897 1.73355 51.1988 15.8286 5.96292 120.47 101.952 43.5011 2.52833 990.59 12.3166 3.71787 0.055492 6.01272 0.752959 4.4825 9.07779 0.491617 37.3454 62.6168 11.7036 38.6862 0 65.4531 174.968 62.6383 
5.40902 0.49783 1.65382 0.429281 12.4281 5.20602 5.04319 15.4256 74.8831 75.6729 117.753 1.99962 24.261 12.0115 24.0186 31.8118 19.9712 45.7554 12.5146 0.456549 15.9327 10.6534 1.99443 3.22912 2.48315 0 9.51378 1.16601 
44.6643 40.5954 7.25874 27.4361 48.8044 7.64413 6.16442 56.092 26.1895 4.51892 49.9069 7.29085 27.2577 8.69276 0.00922288 18.6401 18.8311 17.5878 1.25932 3.10936 8.85886 4.83084 13.4993 12.2535 10.9911 0.0903877 0 92.6356 
0.0883587 45.1451 6.89584 31.1875 35.898 0.131523 3.51402 122.291 99.3276 20.2099 53.5988 118.638 31.2052 9.1243 19.5124 0.919442 19.3411 13.3382 0.304017 0.175058 1.81925 10.3777 5.88376 6.63088 3.22824 35.2071 44.0741 0 
