0 870.642 29.0117 491.922 245.579 395.664 204.78 0.101118 427.429 153.766 8.86393 8.76062 99.3291 6.83887 10.6053 79.3588 492.576 106.721 75.4591 98.6291 45.1379 0.00215749 17.4606 11.6046 416.885 79.5061 28.8553 32.3843 
814.41 0 295.573 699.121 522.381 557.647 349.446 126.51 389.904 82.062 96.4637 200.616 143.451 50.2513 70.1538 3.26659 508.172 1098.94 114.572 49.7885 162.467 39.2737 24.7185 61.5814 463.713 7.66747 46.0914 0.322313 
47.2185 175.147 0 133.36 79.7804 64.7625 41.8016 222.61 449.236 50.3532 23.109 2.26622 0.622456 16.5396 13.9321 19.9585 40.2219 159.083 19.7515 27.0844 0.000212292 5.90629 9.2087 15.4171 2.09994 21.8481 6.70504 15.0424 
448.803 510.236 319.299 0 3.66572 451.941 113.243 193.079 566.199 74.6351 5.59381 82.0362 72.3896 3.05598 10.1117 33.8711 401.627 8.32743 51.7514 12.0136 410.127 6.98866 18.9716 17.8591 394.591 3.49334 3.09555 0.491269 
77.2319 362.054 144.279 162.418 0 108.766 203.604 151.106 12.3837 303.448 16.7388 122.345 173.586 69.699 9.50349 72.4251 44.4303 188.128 37.3776 79.8317 10.7209 56.6807 7.9916 23.6634 43.8607 9.8309 45.4754 20.0586 
438.357 571.229 26.5646 442.561 350.124 0 692.373 44.0472 513.364 435.651 147.514 14.4908 435.78 5.51547 0.0940689 4.69291 443.881 6.84883 22.6413 18.8942 35.6957 20.5072 16.3202 4.79571 387.597 20.7468 0.433971 9.7833 
265.174 329.915 217.603 164.296 409.415 897.887 0 400.151 1031.94 97.829 184.383 274.727 36.1742 72.7379 31.6071 103.402 13.8275 233.202 82.3389 41.7806 0.275407 0.155736 71.7371 8.05302 91.8882 60.2806 0.413894 0.000427478 
300.796 41.909 100.665 228.329 160.236 127.587 370.619 0 5.15706 105.284 64.7178 232.078 105.109 114.73 0.0141864 64.586 95.4035 36.181 100.645 71.4185 158.919 64.0896 4.23415 35.3719 12.8973 67.5555 11.0201 10.4399 
554.075 747.828 260.278 568.859 354.853 688.554 1248.82 652.129 0 300.45 756.461 49.5882 5.68905 130.049 213.084 149.404 407.576 204.094 128.227 3.02144 1.4305 59.2818 36.7666 34.943 412.9 7.1214 59.9549 97.3924 
8.72495 110.384 25.8371 55.7822 0.244527 137.147 406.298 224.212 384.033 0 206.517 236.267 264.102 20.1006 49.2936 10.9559 7.73335 2.63325 7.61672 38.58 69.9492 2.16239 6.33367 3.7069 44.1762 41.6105 36.1579 26.7765 
158.076 0.97447 235.325 164.339 169.085 251.419 298.814 276.776 809.912 269.01 0 65.9056 0.902168 108.924 128.017 0.0431095 51.3092 151.096 111.079 74.0792 24.0784 4.24242 111.5 94.271 110.609 93.0713 85.3022 110.07 
98.1705 185.941 165.321 0.00123927 70.4993 76.4675 171.225 17.9946 355.431 81.5244 62.6271 0 74.3392 166.5 118.773 164.01 41.4485 7.582 69.8732 22.0456 126.358 1.31845 0.843697 29.2547 221.026 318.926 120.168 0.334728 
16.6575 135.175 23.66 45.1551 175.519 151.386 215.47 48.1884 0.352815 34.4494 115.319 0.886434 0 50.2901 0.958356 11.8344 49.9086 85.9699 85.6241 41.6869 11.2438 2.80432 90.5925 50.6167 3.71176 5.84806 18.3194 18.1328 
14.0994 22.6604 10.1427 22.1232 9.01953 2.9612 17.6168 0.0582417 137.366 50.8499 0.543056 5.34364 46.6617 0 52.6068 1.03017 1.44954e-05 0.956455 15.1254 0.898425 27.1117 8.41939 8.39489 0.0384239 4.51536 0.105441 11.0135 4.34802 
21.5988 26.9749 32.7209 7.28984 52.8599 40.6827 58.928 159.615 30.3388 65.2017 56.1648 272.974 18.9766 61.3343 0 79.1164 9.30306 67.5248 29.763 7.49181 57.5447 3.25162 14.8986 14.5976 1.25948 30.3156 8.7268 6.15966 
44.4455 76.4639 1.0654 42.1331 5.80325 27.0716 96.343 248.494 8.00111 85.2802 0.000518242 226.547 2.15102 8.34512 44.0589 0 6.22796 56.6887 28.5879 7.41304 62.7413 11.5827 0.848747 9.95226 11.269 32.0148 18.7159 0.0903703 
395.356 438.756 46.6332 441.85 132.263 443.221 65.7741 98.5328 492.022 8.9561 15.5448 58.3125 61.6784 18.745 16.2299 0.041339 0 20.496 534.398 33.7991 37.7821 21.2431 2.38171 4.30232 414.708 24.3019 7.00123 24.411 
228.406 226.438 32.2045 128.405 215.655 95.3358 234.184 81.6705 211.115 0.99147 5.22971 11.0673 1.99338 32.791 0.000446321 43.8732 204.254 0 91.4479 60.3223 0.0484809 12.2392 14.357 2.34119 1.50201 49.0274 36.2301 15.8621 
0.101764 162.406 6.26846 0.741411 33.919 81.0034 28.6895 24.5993 137.729 11.6697 77.3417 85.7748 23.1762 24.3092 0.0901187 18.2468 95.6214 114.32 0 14.743 71.0256 9.36363 0.0183385 0.0759734 28.2585 22.3085 14.1712 22.0562 
201.92 48.9331 22.3074 12.3238 61.3194 23.4345 32.4513 23.9779 106.618 54.5216 0.695619 0.02827 12.067 4.57181 2.93731 9.17717 0.367342 52.5291 1.0217 0 307.47 6.36976 2.99485 6.27176 12.2118 12.0043 1.68672 2.8736 
98.1477 178.587 1.30339 182.104 36.2983 6.08751 1.51054 207.038 1.19367 35.6787 148.97 38.692 77.9114 26.933 48.1546 54.6765 12.9506 1.5285 19.2879 159.068 0 5.67205 40.023 9.07037 59.8622 57.2137 42.6192 21.3908 
18.7424 22.2342 9.53041 15.2306 37.8307 10.6371 0.388804 13.4075 60.9674 59.799 72.2788 13.6304 55.6861 7.79672 13.8568 8.57164 7.33747 2.17752 7.80648 0.310025 27.531 0 14.1572 13.4106 19.8447 9.2747 5.07007 2.88793 
46.5993 20.9577 12.5198 9.35503 33.1005 0.0570293 2.12858 8.69419 13.9273 36.212 91.7331 1.46896 88.0775 7.65796 25.2255 0.0666106 0.817676 34.8762 19.7798 2.75928 39.6566 14.1007 0 9.60216 10.3246 4.05249 1.64672 10.1079 
55.185 4.70807 0.0467119 19.8961 24.0783 16.622 71.6062 3.0063 90.1547 29.1816 1.00062 100.859 33.0846 1.98339 1.48784 16.1568 20.2502 48.0017 2.11589 1.95037 0.00737277 0.627217 14.3964 0 0.730948 7.57035 8.11821 1.19814 
438.336 388.121 23.0647 387.944 53.7776 401.239 3.4618 99.6636 481.124 47.7091 0.363594 592.98 14.6031 2.81983 0.465371 37.1343 387.928 3.29408 10.0922 0.733885 39.9811 16.6141 11.1885 44.1917 0 13.3191 33.7913 88.5806 
3.18279 1.5449 0.835021 1.48748 9.85054 3.91598 2.42132 34.8524 63.0554 74.2731 102.531 35.6998 21.549 12.4597 26.2794 29.7917 19.1337 48.0678 13.668 0.694477 18.7154 10.7308 1.52887 4.30439 1.68315 0 12.7381 5.9169 
45.8934 38.8344 6.5012 27.5717 48.4775 6.91561 4.77287 61.5821 22.9544 3.47119 53.9197 11.5875 26.0554 8.29034 0.0127562 18.3562 18.4116 16.2901 1.56675 3.42167 7.74118 5.25497 13.4777 11.0893 17.1597 0.763625 0 86.7072 
0.429696 47.718 7.96848 30.2135 38.0171 0.339347 5.252 115.529 98.4207 22.9582 46.768 134.415 32.786 8.58765 18.3944 1.7039 18.7667 11.7962 0.152343 0.0867893 1.1604 10.2853 6.32588 7.40372 1.91871 24.2085 26.0423 0 
