0 943.22 33.7327 529.751 248.934 446.798 199.577 0.52129 483.523 154.377 7.72116 7.32457 98.6546 6.50377 11.177 79.0849 545.113 102.036 76.9272 99.3244 41.0781 2.76911e-05 17.8379 11.1532 469.991 79.4478 28.4744 32.9437 
891.073 0 265.844 749.204 515.523 603.274 328.33 132.607 440.756 77.0677 101.373 198.425 142.684 49.5228 71.3155 3.68785 558.492 490.301 117.499 46.9786 164.005 38.9416 25.2253 61.4874 515.7 7.10649 45.8024 0.407752 
41.8033 204.807 0 160.978 75.0578 64.1344 48.2763 229.242 459.059 52.5705 19.4154 1.48246 0.465423 16.4901 14.5089 19.6462 40.853 160.139 18.945 26.9444 0.0397063 5.99646 9.09194 15.3714 2.29347 21.521 6.5548 15.2543 
489.306 550.852 369.64 0 2.75206 504.779 118.285 382.453 629.754 73.0304 4.2721 88.6102 72.2313 3.24417 9.61325 33.2089 453.364 7.15309 52.3312 11.1719 616.27 7.10143 18.9092 18.1692 447.353 3.91358 3.2526 0.587098 
82.8163 382.666 140.147 162.973 0 98.1346 188.576 154.386 15.8833 297.532 14.4464 124.476 172.596 69.8335 10.2753 72.7187 42.1928 191.619 31.3365 80.7953 9.93232 56.6058 8.34274 24.1411 44.4503 10.3262 45.6427 20.4833 
488.224 629.488 24.8701 493.757 1063.16 0 1394.7 48.1488 544.731 928.082 139.423 12.9565 277.053 5.24917 0.179836 4.99106 496.332 5.96769 24.1699 18.6405 34.8515 20.4941 16.35 4.63169 439.881 20.4405 0.391065 9.99299 
263.815 308.37 211.752 160.208 416.146 862.761 0 403.554 1123.71 116.967 200.848 276.737 39.4655 71.4575 33.9982 103.575 12.9984 233.778 79.7354 40.4717 0.44931 0.104057 71.5665 8.55385 91.8909 58.9063 0.497894 0.00426601 
298.437 37.709 92.4932 190.91 163.386 122.658 377.41 0 1.39316 109.282 58.0701 177.921 103.508 115.869 0.0294161 71.7588 95.7673 38.0674 101.481 69.7962 161.635 63.8539 3.72311 33.3229 15.0753 61.8387 11.7264 9.36143 
601.292 792.211 285.072 609.829 353.792 717.01 1188.89 643.835 0 290.326 7.60679 56.6305 6.84416 131.593 222.346 148.573 460.76 202.304 129.856 2.5849 1.01138 59.695 35.5005 33.7674 466.671 6.12491 60.557 97.0499 
9.84555 105.099 27.7241 57.5146 1.0891 171.503 386.84 224.114 385.706 0 179.388 234.217 254.536 18.8754 46.244 9.93317 7.22952 3.17544 8.55836 39.1387 70.8173 1.91411 5.8767 4.0618 45.025 42.6609 36.4812 27.3431 
155.836 0.457949 237.175 160.873 164.433 246.791 315.074 284.559 845.972 298.059 0 77.7907 0.393903 114.659 146.156 0.390911 52.1352 152.412 110.018 73.4416 25.3143 3.91664 109.791 92.4287 112.644 89.8627 85.463 109.937 
94.3183 183.255 162.664 0.159239 68.264 73.7395 165.57 4.56059 348.484 86.1179 51.8495 0 72.3201 166.625 127.375 136.759 40.7527 6.88495 70.7117 21.1096 124.513 1.14376 1.20825 26.1821 231.157 303.493 120.388 0.0987286 
17.4959 136.307 24.5221 44.3673 176.214 149.2 216.526 49.8366 0.129261 41.8292 110.208 1.21307 0 45.6604 0.558861 10.9061 50.3456 85.1612 85.5901 41.8131 11.6596 3.35327 90.8518 49.7338 3.44973 6.19134 18.0628 17.7911 
13.6545 23.4032 10.3623 22.004 9.5419 2.75294 18.7619 0.176744 138.39 52.2645 1.27505 6.64592 51.3185 0 49.6491 0.767113 0.000728724 0.841348 14.9024 0.92666 27.4582 8.54895 8.67866 0.0755634 4.31537 0.141932 10.9828 4.23063 
20.8715 25.8083 32.9397 6.84844 51.6016 40.4196 61.7346 162.284 27.2635 68.3838 70.0373 271.713 17.1594 61.9004 0 74.9557 9.10019 67.7122 29.4585 7.58815 57.6485 3.41179 14.2384 15.2735 1.46398 30.4689 8.54204 5.9097 
45.5079 75.8223 1.22793 42.3454 5.36661 27.1424 95.499 244.916 9.29791 84.4305 0.194007 197.214 2.6003 8.96816 38.0897 0 6.38474 56.3752 28.4608 7.33267 62.8219 11.5366 0.715729 8.92213 10.6553 31.7209 18.6757 0.138223 
448.32 493.336 46.1041 494.423 130.499 495.726 67.0132 98.7297 544.935 8.41747 16.1607 58.9693 61.4535 18.6404 16.4493 0.0280555 0 16.2639 437.266 33.7426 38.3089 21.2385 2.45457 4.20253 466.942 24.184 7.10487 24.4184 
230.055 247.147 29.3895 126.664 213.13 96.9974 233.767 84.0003 212.372 1.33619 5.96859 10.2315 1.72548 32.3532 0.00349035 44.3825 196.29 0 89.1247 61.3628 0.112896 12.4745 14.0609 2.4962 1.35445 49.4629 36.0174 15.5315 
0.213023 160.893 6.80341 0.583858 28.1428 82.0466 26.7073 25.6099 136.331 10.5798 75.859 85.1216 23.9945 24.4512 0.128317 18.4931 101.218 112.275 0 15.0912 71.2035 9.20374 0.0104454 0.0588962 28.1345 22.0999 14.3011 22.1841 
206.807 51.7694 22.6711 11.4746 62.5864 23.3179 33.7101 25.3271 106.58 54.2986 0.865349 0.00290111 11.751 4.58693 2.85093 9.13428 0.433545 53.6328 1.14171 0 297.114 6.37378 2.97003 6.28275 12.135 12.0203 1.63775 2.80079 
103.389 178.856 1.83363 173.504 34.9944 5.63855 1.17513 207.433 0.813728 36.5975 148.798 40.4865 77.928 26.5848 48.5473 54.2278 13.3683 1.25693 19.8184 177.145 0 5.54184 40.0457 8.76657 59.9766 57.5701 42.508 21.7803 
18.4814 21.852 9.45244 15.1627 37.3861 10.8394 0.304275 12.981 61.3515 59.9898 71.8667 13.1028 57.1531 7.65511 13.6889 8.4558 7.22752 2.29323 7.65368 0.325308 27.4029 0 14.3151 13.5001 19.6677 9.21729 5.15511 2.94673 
46.673 21.4513 12.538 9.55082 33.5911 0.038099 2.41531 9.44575 13.0314 35.4651 93.8184 1.06405 88.6773 8.0042 25.27 0.0325808 0.773895 34.6084 19.6667 2.73309 39.7137 14.2625 0 10.7086 10.7725 4.17412 1.73636 10.0954 
55.4181 4.40402 0.0297712 20.1822 23.6008 16.5206 71.6852 2.35406 89.3979 28.4584 1.39359 96.5372 32.1103 2.18754 1.80544 17.2485 20.2029 47.9339 2.02515 1.99585 0.000869404 0.716965 13.3512 0 0.456243 7.82744 7.88331 1.2848 
489.84 440.281 23.343 440.127 54.2739 453.208 3.03943 95.4544 531.766 48.5313 0.163919 980.144 15.0758 2.65192 0.594562 43.3258 440.256 3.07701 10.2985 0.787827 40.4994 17.2355 11.0996 45.7452 0 21.68 37.133 119.698 
2.80493 1.82235 0.703435 1.77307 9.36495 3.67622 2.00816 39.5231 60.7068 73.9096 99.3806 47.0061 21.013 12.5346 26.6881 29.2729 18.963 48.5151 13.9001 0.747676 19.2879 10.7426 1.44185 4.53187 1.61593 0 13.4129 7.26545 
46.1259 38.4746 6.35208 27.5857 48.3999 6.77198 4.51403 62.6656 22.3223 3.2769 54.7118 12.5535 25.8115 8.20763 0.0239404 18.2866 18.3255 16.0331 1.632 3.48514 7.52479 5.3405 13.4652 10.8533 18.5043 0.975641 0 84.6965 
0.528552 48.2189 8.18732 29.9968 38.4345 0.392342 5.63822 114.038 98.1651 23.5154 45.4141 137.37 33.095 8.47688 18.1583 1.88736 18.6493 11.4957 0.128199 0.0727842 1.04593 10.2645 6.41323 7.55834 1.74043 22.0772 22.7439 0 
