0 624.715 207.587 399.655 192.705 198.931 242.199 53.7597 317.952 88.5574 136.096 38.1798 72.8399 16.2942 10.747 16.4514 138.84 66.6552 7.01933 175.27 11.1602 10.3134 28.2507 4.09214 93.5302 42.2618 44.5946 54.5568 
643.863 0 161.572 358.712 27.924 114.809 117.917 291.614 261.017 49.2091 104.307 112.186 25.0657 51.1516 11.4813 27.635 124.941 599.64 3.98761 2.32515 124.788 36.7234 49.6305 15.7405 131.419 35.7343 39.7798 61.957 
61.2792 314.601 0 137 60.0943 12.6182 9.25971 115.853 60.8993 66.5214 2.95904 48.6193 43.6086 1.79049 5.42721 5.76472 0.544487 162.623 34.9185 27.6374 117.762 0.296663 4.34514 15.1829 10.8232 0.395463 14.3479 21.929 
412.092 134.726 47.5236 0 117.474 105.042 93.9333 320.717 93.276 48.5546 38.0439 200.284 72.1011 0.0372425 14.2725 29.2808 85.3019 100.06 12.4933 10.6249 594.022 0.000327287 10.5345 1.15665 110.161 0.157735 27.5986 0.160099 
24.163 359.585 10.9283 38.4191 0 57.3487 433.947 219.348 354.542 87.322 244.155 0.216188 145.319 70.2878 59.7314 72.7187 11.4516 1.09828 105.863 18.9783 11.1254 1.02909 55.8882 39.8616 53.7863 50.1359 22.6969 19.3966 
184.82 140.817 4.62345 69.503 770.195 0 983.122 2.66006 515.359 472.775 251.906 51.158 639.662 14.0878 21.7186 26.2427 98.8091 1.38915 60.647 22.7833 30.0444 11.3861 16.2759 0.236804 67.255 25.5846 18.2281 21.9794 
265.81 135.361 244.95 36.1153 126.285 382.925 0 150.727 1022.31 113.385 0.682617 95.5485 212.37 3.09071 136.026 62.6938 34.6292 30.5105 69.6627 50.7134 37.5608 49.6688 72.3056 14.0794 47.9463 28.6323 56.7705 24.0955 
283.052 39.4452 108.653 488.465 221.457 212.361 92.0154 0 491.197 1.6379 366.5 10.0147 143.872 125.015 39.8571 259.097 32.1343 47.8004 116.245 32.596 204.045 11.5254 91.1826 68.5609 49.9578 19.2235 11.7264 30.3657 
124.705 431.745 278.693 385.158 2.61422 533.023 194.461 64.5692 0 46.4153 311.374 398.387 22.7229 35.7038 50.8178 68.1402 137.892 87.6383 36.5691 86.8989 183.992 9.16505 101.023 94.7997 190.831 5.31196 39.5459 99.0675 
123.969 74.3901 90.6217 81.0667 309.894 344.352 400.657 138.596 19.1707 0 101.958 2.06894 276.263 47.2599 133.626 52.0684 0.0689292 115.776 82.4394 49.2462 92.0701 5.6189 49.4881 3.2689 4.9971 31.7447 4.01442 56.4401 
1.33822 257.925 224.317 47.129 217.664 148.406 19.1642 0.580187 860.53 579.354 0 93.7664 194.184 196.643 245.793 2.44164 61.6411 60.8518 128.699 42.277 22.2719 38.4794 123.927 41.9105 127.217 79.5606 41.8246 62.9853 
148.776 90.698 55.0472 53.8514 179.593 121.364 17.9797 69.7534 5.5686 191.012 39.6676 0 158.526 104.862 268.339 5.47173 65.0682 0.204739 72.3913 48.3605 153.702 55.8347 19.953 115.494 303.242 225.662 6.78315 159.999 
46.4442 0.801768 2.45883 43.7738 174.563 73.0606 28.9755 6.49364 3.47311 94.2291 35.6852 85.8952 0 1.41634 23.7761 0.482783 7.87156 7.95322 80.4585 0.476703 34.5943 1.44542 5.86704 19.2232 18.5 37.6876 36.7237 39.3917 
8.54346 21.741 3.14707 22.3578 12.9257 17.0421 90.4163 22.3307 41.6838 23.2848 56.6958 96.1964 143.223 0 43.7274 1.70633 6.28451 52.3538 15.3038 1.7579 7.66441 4.73707 2.53368 9.29553 14.0643 12.28 0.57552 0.252709 
21.4163 85.0381 26.7052 17.6178 72.6417 25.125 118.485 182.982 166.623 1.89988 325.094 67.3394 2.39852 13.8643 0 84.1907 30.1195 41.8768 0.252904 5.46188 12.6903 0.38294 0.316467 1.62797 9.4192 1.40425 1.29238 19.6892 
11.5119 66.1624 13.2079 4.98536 5.3666 2.77586 28.984 16.3286 70.6047 86.955 1.90049 0.291396 17.2037 17.4331 53.006 0 2.46294 1.60325 3.24633 0.761548 55.8833 10.0016 0.252759 0.251883 6.10979 7.72881 18.0575 16.9157 
72.4439 181.818 42.8099 118.883 93.6776 96.4952 40.3694 23.4145 176.62 0.00155842 90.6453 13.0099 8.05811 21.5413 0.843684 15.0578 0 287.172 420.935 3.03324 10.3031 21.1269 1.30162 8.08265 92.2026 24.094 14.2141 24.1999 
47.3791 168.149 20.3697 125.852 95.9532 120.924 50.5281 12.5832 182.518 121.76 26.8215 1.08763 44.5464 19.8258 37.0769 44.8389 149.506 0 21.2926 0.0472607 19.9265 2.65015 44.483 24.5456 59.6874 26.172 42.6596 49.8531 
97.4599 124.459 59.0397 31.3823 111.004 5.19315 19.5821 59.8667 10.6196 18.1003 112.745 0.117811 42.562 1.55976 28.6829 10.2864 89.7346 41.143 0 36.3432 0.632293 22.1343 11.7673 10.544 21.7158 20.6329 16.1802 12.381 
55.63 137.402 19.462 10.3304 38.4675 17.587 64.5181 103.857 36.1011 47.172 19.7115 8.70772 34.1202 0.300917 7.77319 2.72071 31.3349 1.17865 24.9548 0 118.635 6.38738 4.05434 0.313889 0.682096 4.09441 5.3551 11.4957 
153.528 80.4409 109.825 161.214 36.9559 3.37159 57.2742 146.098 184.346 98.7817 149.159 16.9865 13.7903 29.5049 30.4993 31.6818 34.2574 9.5665 49.391 324.636 0 2.26828 15.8011 42.6469 14.8954 54.4267 39.8933 12.3001 
36.8905 49.1403 10.7873 14.5158 22.3954 20.4386 48.1533 62.9655 7.59097 56.9139 5.63165 33.2391 51.2206 1.22817 16.9893 5.81536 6.17847 0.312432 20.9496 0.400477 23.0829 0 11.2258 7.51274 13.2728 5.60084 0.0002805 0.295653 
0.229337 52.018 11.3199 18.5401 39.3376 0.297678 0.0662312 46.0058 99.8844 59.9143 72.8238 5.95126 2.1433 1.72044 14.3742 0.0286298 1.72459 39.4631 19.9996 4.10194 13.4256 11.3208 0 14.1105 13.5128 0.3937 9.16781 0.648856 
43.7159 24.9024 0.00039424 2.23993 24.9435 10.3751 71.5619 20.84 86.3184 54.5757 30.3714 175.866 36.7044 5.8461 14.9037 29.3024 21.0195 17.6801 16.3211 2.28669 47.5264 12.195 3.98487 0 44.4103 16.391 18.8234 3.6618 
120.501 69.5558 0.940465 98.1875 43.8711 82.711 60.9359 49.2079 76.1198 7.03575 1.39124 1132.8 54.5159 15.3543 7.21765 54.8553 70.4158 59.1302 2.11828 13.6708 44.6296 77.7691 22.9443 20.4819 0 17.0817 91.6252 106.036 
54.7629 5.8872 20.5773 0.0730884 3.87465 24.179 92.4704 90.8713 58.6614 3.30243 70.0008 238.73 0.0634213 3.49713 0.0525627 4.01225 27.0091 27.33 5.28216 10.9954 57.29 1.22648 6.09455 14.8085 43.9373 0 9.54452 16.0271 
1.15562 46.8412 14.5355 3.4985 40.7313 19.7115 59.7747 62.6656 36.5418 47.5901 81.1467 79.0178 39.179 3.67826 14.2097 17.3934 11.6698 26.4658 2.73324 0.532618 29.2259 0.00128732 8.51894 19.2729 52.9062 26.9158 0 66.8165 
51.7722 34.4978 18.2318 32.7036 5.05468 19.7353 43.8596 20.7784 99.4976 55.2095 109.048 86.5553 2.15712 2.84502 22.9192 20.5571 20.1064 47.9586 5.3613 9.09798 49.0694 10.0245 7.01313 10.6637 28.7932 63.3397 89.6259 0 
