0 968.596 39.3823 519.341 252.428 450.591 193.565 1.38309 492.962 154.98 6.52642 5.85805 97.8724 6.13554 11.8346 78.7441 550.349 96.7976 78.5633 99.451 36.6959 0.00168675 18.2643 10.6536 475.907 79.3528 28.0452 33.5721 
921.637 0 231.854 750.632 505.675 600.57 304.034 139.495 444.949 71.5509 106.951 195.855 141.761 48.6951 72.6022 4.19078 561.217 900.457 120.742 43.8677 165.655 38.5646 25.7967 61.3687 520.331 6.49861 45.4727 0.515788 
36.0139 238.773 0 191.27 69.8048 63.3279 55.976 236.285 467.119 55.0733 15.6147 0.79762 0.315856 16.4272 15.1613 19.2866 41.5527 161.145 18.049 26.7691 0.193288 6.098 8.95911 15.3157 2.52046 21.1453 6.38674 15.4905 
482.32 543.039 400.262 0 1.87826 510.325 123.906 919.911 647.28 71.2005 2.99411 96.1487 72.0323 3.4615 9.06289 32.4447 457.744 5.93357 52.9682 10.2508 412.436 7.22856 18.8347 18.5144 452.893 4.41197 3.4333 0.704895 
89.2255 404.848 135.357 163.44 0 90.9921 171.844 158.024 20.3129 290.308 12.0582 126.847 171.379 69.9648 11.1752 73.0282 39.7193 195.423 25.1095 81.8483 9.07847 56.5123 8.74523 24.6799 45.1092 10.8956 45.8266 20.9636 
490.522 640.875 22.9916 497.478 506.972 0 794.84 52.9158 527.872 606.833 130.311 11.3244 186.961 4.95502 0.309067 5.33501 501.486 5.04547 25.9268 18.3503 33.9039 20.4746 16.379 4.44942 444.877 20.0909 0.34541 10.2294 
261.97 283.762 204.698 155.433 422.579 801.345 0 406.578 1207.53 139.884 219.614 278.735 43.3001 69.992 36.7587 103.711 12.0923 234.231 76.8052 39.0056 0.695378 0.0583182 71.3527 9.13277 91.8599 57.3516 0.601595 0.0262669 
295.418 33.2125 83.5119 150.2 166.868 117.074 384.35 0 0.00241059 113.785 50.947 124.044 101.688 117.086 0.248328 80.1014 96.1589 40.2313 102.399 67.9608 164.624 63.5796 3.18599 31.0682 17.7098 55.6052 12.5435 8.21346 
600.524 787.715 312.302 602.063 352.063 694.705 1099.65 631.817 0 278.5 420.803 65.0143 8.26661 133.27 242.671 147.521 466.777 200.184 131.638 2.13358 0.626097 60.1518 34.0889 32.4569 473.366 5.08988 61.2265 96.636 
11.1812 99.1906 29.9007 59.4583 2.7561 211.635 363.615 223.834 386.718 0 150.243 231.707 243.261 17.5301 42.8693 8.8356 6.68121 3.84455 9.67803 39.7614 71.7846 1.65235 5.38095 4.47897 45.9734 43.8385 36.8411 27.9813 
153.256 0.107061 238.851 156.85 159.145 241.124 332.954 293.046 884.965 330.775 0 92.1156 0.0701236 121.081 167.168 1.19779 53.063 153.845 108.795 72.7088 26.7338 3.56488 107.81 90.3224 114.882 86.2416 85.6255 109.746 
90.0128 180.147 159.528 0.787186 65.7662 70.6786 159.163 0.0598986 340.202 91.3539 40.8188 0 70.0541 166.589 137.095 108.024 39.971 6.13917 71.647 20.0742 122.407 0.961871 1.69548 22.8985 250.585 285.067 120.584 0.000278642 
18.4589 137.527 25.5009 43.4764 176.888 148.524 217.512 51.707 0.00915114 50.8521 104.493 1.64109 0 40.6134 0.237045 9.9008 50.8316 84.2374 85.5285 41.9486 12.1347 4.02696 91.0667 48.7271 3.1657 6.58772 17.7744 17.4079 
13.1596 24.2461 10.6076 21.863 10.1442 2.52647 20.0827 0.386563 139.439 53.8415 2.4632 8.27284 56.6884 0 45.9728 0.515888 0.00379977 0.720541 14.6512 0.958834 27.8466 8.69165 8.95956 0.132065 4.09394 0.189368 10.9465 4.09944 
20.0623 24.5157 33.1634 6.36499 50.1826 40.0929 64.91 165.133 24.0765 71.9592 87.0562 269.653 15.2069 61.9547 0 69.6366 8.87354 67.9082 29.1115 7.69595 57.7543 3.59543 13.4904 16.0306 1.71146 30.6161 8.33477 5.63264 
46.6986 75.0753 1.42379 42.5497 4.89428 27.209 94.5006 240.35 10.865 83.4178 0.828034 165.102 3.15483 9.67238 31.5234 0 6.56271 56.0123 28.3137 7.24112 62.8965 11.4818 0.578876 7.80217 9.98516 31.3401 18.6252 0.204065 
454.102 500.932 45.4945 499.718 128.448 500.942 68.3994 98.9322 550.604 7.82934 16.8651 59.7036 61.1915 18.5211 16.6958 0.0161787 0 12.0571 173.655 33.6726 38.9003 21.2317 2.53767 4.09136 471.87 24.0491 7.222 24.4249 
231.698 266.308 26.3438 124.623 210.13 98.8237 233.104 86.6264 213.668 1.7847 6.85581 9.32776 1.44688 31.8587 0.0222831 44.95 187.106 0 86.4945 62.5194 0.217375 12.7408 13.7298 2.67618 1.19737 49.946 35.7758 15.162 
0.386672 159.075 7.42805 0.4289 22.2292 83.1546 24.5453 26.7642 134.703 9.41198 74.1838 84.3729 24.9253 24.6074 0.179309 18.7692 107.117 109.931 0 15.4845 71.3923 9.02452 0.00420255 0.0422763 27.992 21.8633 14.447 22.3263 
211.722 55 23.0682 10.5445 63.9977 23.1786 35.1391 26.8764 106.497 54.0335 1.07818 0.00558594 11.3986 4.60336 2.75483 9.08408 0.514493 54.8665 1.28441 0 283.62 6.37785 2.94189 6.29422 12.0468 12.0357 1.58338 2.71964 
109.328 179.061 2.5362 166.258 33.5456 5.15248 0.847686 207.758 0.472748 37.6366 148.56 42.5385 77.9361 26.1917 48.9814 53.7114 13.8441 0.982872 20.4206 197.317 0 5.39682 40.0665 8.42957 60.0936 57.9588 42.3789 22.2194 
18.1882 21.4231 9.36397 15.0849 36.883 11.0667 0.221501 12.5077 61.775 60.1863 71.3896 12.5192 58.7878 7.49363 13.4969 8.32415 7.10427 2.42681 7.48286 0.342918 27.2574 0 14.479 13.5939 19.4661 9.15164 5.25106 3.01331 
46.7485 22.0093 12.5553 9.77117 34.141 0.0213447 2.75881 10.3246 12.0541 34.6211 96.1274 0.685809 89.279 8.36208 25.2778 0.00866893 0.726028 34.3041 19.5376 2.70348 39.7734 14.4309 0 11.9492 11.2786 4.31166 1.83962 10.0795 
55.6682 4.07321 0.0152474 20.4991 23.0651 16.4026 71.7538 1.714 88.5176 27.6459 1.9123 91.6684 31.0172 2.42587 2.19668 18.459 20.148 47.8514 1.92522 2.04735 0.0011511 0.824696 12.1369 0 0.242768 8.11727 7.62032 1.38553 
493.941 445.15 23.6489 445.023 54.824 457.84 2.59606 90.7229 534.879 49.447 0.0330738 340.369 15.6132 2.46805 0.75837 49.1296 445.294 2.8412 10.5319 0.850659 41.0785 22.8348 11.0052 47.4963 0 38.183 73.708 142.086 
2.40742 2.16122 0.568561 2.123 8.8312 3.41421 1.58863 45.0539 58.0787 73.4681 95.8084 61.3011 20.4131 12.6129 27.1289 28.6471 18.77 49.0118 14.1616 0.809707 19.9376 10.7544 1.34653 4.7921 1.57757 0 14.1813 8.92452 
46.3818 38.0671 6.1854 27.5962 48.3077 6.61125 4.23079 63.8772 21.6176 3.06449 55.5976 13.6811 25.5359 8.11377 0.0406873 18.2033 18.2278 15.745 1.70687 3.55692 7.2842 5.43696 13.448 10.5868 20.0516 1.24424 0 82.138 
0.651877 48.7765 8.43499 29.7445 38.9011 0.456473 6.08766 112.308 97.8483 24.1448 43.8981 140.601 33.4396 8.35101 17.8881 2.1039 18.5161 11.1609 0.103514 0.0584936 0.924082 10.2401 6.51099 7.73211 1.57368 19.7365 19.2188 0 
