0 965.738 40.6838 509.047 253.163 443.327 192.207 1.63029 486.962 155.103 6.27409 5.55386 97.6952 6.0549 11.9828 78.6637 543.385 95.6387 78.9246 99.315 35.7494 0.00263787 18.3593 10.5438 469.101 79.3274 27.9497 33.7116 
920.013 0 224.291 742.675 503.188 591.822 298.581 141.029 437.877 70.3409 108.198 195.269 141.548 48.51 72.8851 4.30669 553.694 609.92 121.455 43.1843 166.01 38.4803 25.9238 61.3405 513.236 6.36692 45.3987 0.541504 
34.7736 246.34 0 197.752 68.6477 63.1344 57.7426 237.787 468.468 55.6301 14.8223 0.673916 0.286526 16.4122 15.3067 19.2055 41.7067 161.342 17.8516 26.7276 0.243082 6.12056 8.9294 15.3027 2.57218 21.0607 6.34957 15.5427 
472.844 533.237 402.506 0 1.7064 503.427 125.146 639.243 643.026 70.7905 2.74037 97.8419 71.985 3.51059 8.94212 32.2722 450.598 5.67734 53.1075 10.05 643.503 7.25684 18.8175 18.5906 446.005 4.52631 3.47402 0.732508 
90.6664 409.614 134.273 163.521 0 89.9886 168.16 158.825 21.3662 288.624 11.5554 127.37 171.094 69.9911 11.3796 73.094 39.1761 196.249 23.8109 82.0778 8.8935 56.4903 8.83572 24.7998 45.255 11.0238 45.8668 21.0706 
482.916 635.234 22.5789 490.178 792.252 0 960.943 53.9959 516.275 494.329 128.289 10.9756 355.972 4.89047 0.342475 5.41259 494.507 4.85058 26.3222 18.2851 33.6937 20.4696 16.3848 4.40925 437.867 20.0126 0.33564 10.2821 
261.515 278.261 203.066 154.349 423.841 784.955 0 407.133 1223 145.154 223.807 279.141 44.1705 69.6628 37.3817 103.733 11.8947 234.304 76.1544 38.6808 0.757286 0.0499334 71.302 9.26361 91.8481 57.0051 0.625947 0.0337006 
294.696 32.247 81.5506 141.786 167.633 115.829 385.789 0 0.103932 114.785 49.417 113.201 101.28 117.347 0.325956 81.9902 96.2433 40.7179 102.6 67.5515 165.278 63.5173 3.0721 30.5747 18.3213 54.251 12.7284 7.96802 
592.226 778.513 318.22 592.22 351.603 681.593 1077.03 628.769 0 275.815 57.9539 66.9415 8.60004 133.634 248.184 147.27 459.995 199.698 132.027 2.03906 0.55293 60.2521 33.777 32.1674 466.737 4.87242 61.3743 96.54 
11.4887 97.8849 30.3914 59.8891 3.22898 220.637 358.284 223.747 386.816 0 143.995 231.12 240.687 17.2362 42.1283 8.59952 6.56198 4.00168 9.93554 39.8989 71.9982 1.59673 5.27346 4.57425 46.1832 44.0995 36.9205 28.1232 
152.675 0.0622513 239.164 155.938 157.962 239.801 336.858 294.892 892.976 338.015 0 95.4278 0.0339142 122.502 171.902 1.43658 53.2688 154.157 108.519 72.5438 27.0534 3.48888 107.361 89.8496 115.372 85.4359 85.659 109.698 
89.0609 179.445 158.811 0.991208 65.2141 70.0005 157.734 0.599048 338.297 92.5263 38.5314 0 69.5518 166.556 139.257 101.964 39.7974 5.97895 71.8537 19.8468 121.935 0.923554 1.81479 22.1944 255.854 280.837 120.62 0.00244469 
18.6757 137.79 25.7197 43.2778 177.022 148.64 217.702 52.1249 0.00137206 52.956 103.228 1.74484 0 39.5176 0.183964 9.6831 50.9387 84.0301 85.5114 41.9778 12.2413 4.18463 91.1034 48.5015 3.10414 6.67727 17.7104 17.3231 
13.0504 24.4344 10.6618 21.8307 10.2802 2.47728 20.3807 0.444168 139.657 54.1895 2.7793 8.65736 57.8977 0 45.113 0.46662 0.00480721 0.694951 14.5954 0.966035 27.9327 8.72292 9.0162 0.146724 4.04525 0.200823 10.9382 4.07043 
19.8837 24.2314 33.2099 6.25948 49.8669 40.0159 65.6175 165.744 23.4087 72.752 91.0227 269.103 14.7867 61.8827 0 68.3742 8.82335 67.9496 29.0339 7.71981 57.7762 3.63674 13.3237 16.1981 1.76893 30.6451 8.2888 5.57171 
46.9624 74.9057 1.46916 42.5902 4.79205 27.2219 94.2718 239.26 11.2285 83.1848 1.02859 158.149 3.28505 9.82905 30.1002 0 6.6025 55.9303 28.2804 7.22062 62.9107 11.4691 0.550344 7.55966 9.8393 31.2485 18.6133 0.220424 
447.27 494.502 45.357 492.771 127.983 493.977 68.7064 98.9745 543.739 7.70127 17.0232 59.8661 61.1319 18.4944 16.7505 0.0139818 0 11.2038 187.87 33.6561 39.0316 21.23 2.55628 4.06678 464.843 24.0188 7.24813 24.426 
232.033 269.908 25.6852 124.157 209.44 99.2231 232.929 87.2104 213.938 1.89305 7.06093 9.13224 1.38823 31.7486 0.0286674 45.0753 185.035 0 85.9081 62.7744 0.245199 12.8001 13.6565 2.71696 1.16372 50.0523 35.7218 15.0802 
0.432206 158.654 7.57003 0.397676 21.0022 83.3912 24.075 27.0232 134.333 9.16082 73.8105 84.2046 25.1336 24.6417 0.191791 18.8304 108.372 109.404 0 15.572 71.4327 8.98484 0.00319446 0.0389555 27.9599 21.8105 14.4793 22.3577 
212.726 55.723 23.1547 10.3416 64.3091 23.1464 35.4583 27.2252 106.472 53.9725 1.12858 0.0106759 11.3208 4.60693 2.73364 9.07265 0.533393 55.1394 1.31722 0 280.375 6.37868 2.93561 6.29664 12.0269 12.0388 1.5714 2.70172 
110.653 179.092 2.70743 165.057 33.2266 5.04724 0.782149 207.813 0.40944 37.8685 148.501 42.999 77.9363 26.1043 49.0768 53.5949 13.9507 0.92649 20.5552 201.746 0 5.3648 40.0704 8.35541 60.1179 58.0434 42.3496 22.3172 
18.1231 21.328 9.3442 15.0673 36.7709 11.1171 0.204872 12.4034 61.8678 60.2274 71.2817 12.391 59.1485 7.45745 13.4538 8.29469 7.07696 2.45697 7.44503 0.34689 27.2249 0 14.5134 13.6138 19.4209 9.13691 5.27243 3.02817 
46.7641 22.1337 12.5586 9.82016 34.2629 0.0182762 2.83811 10.5247 11.8414 34.4331 96.6348 0.612937 89.402 8.43671 25.2735 0.00542785 0.715591 34.2361 19.5086 2.69688 39.786 14.4663 0 12.2226 11.3912 4.34231 1.8629 10.0757 
55.722 4.00136 0.0126727 20.5687 22.9464 16.3759 71.7661 1.58538 88.3181 27.4655 2.03852 90.5866 30.7747 2.48 2.28842 18.7246 20.1356 47.8322 1.90333 2.05884 0.00230649 0.849592 11.8631 0 0.209185 8.18171 7.56208 1.40839 
486.73 438.113 23.7158 437.992 54.945 450.748 2.50211 89.6728 527.445 49.6492 0.0174992 782.19 15.7334 2.42794 0.797411 50.2072 438.293 2.79 10.5839 0.864923 41.2065 24.7161 10.9851 47.8768 0 42.5715 84.836 144.305 
2.3231 2.24035 0.540495 2.20482 8.7144 3.35713 1.502 46.3204 57.4971 73.3653 95.011 64.6909 20.2802 12.6294 27.224 28.5022 18.7268 49.1213 14.2198 0.823806 20.0828 10.7568 1.32572 4.85054 1.5744 0 14.3533 9.31259 
46.4379 37.9761 6.1485 27.5977 48.2865 6.57564 4.16901 64.1453 21.462 3.0182 55.7939 13.9373 25.4744 8.09279 0.0450087 18.184 18.206 15.6811 1.72373 3.57291 7.23116 5.45843 13.4437 10.5275 20.3999 1.30822 0 81.5288 
0.681019 48.8995 8.4902 29.6872 39.0043 0.471367 6.18971 111.916 97.7738 24.285 43.5623 141.305 33.5157 8.32287 17.8274 2.15347 18.4864 11.087 0.0983852 0.0555282 0.898023 10.2346 6.53263 7.77068 1.54149 19.226 18.4649 0 
