0 951.253 43.3347 480.283 254.587 420.473 189.471 2.18544 466.641 155.334 5.78376 4.9691 97.3373 5.89517 12.2814 78.4977 521.111 93.3285 79.6443 98.8135 33.8877 0.00517702 18.5496 10.3256 447.146 79.272 27.7586 33.9904 
908.073 0 209.205 718.252 497.898 565.959 287.624 144.098 415.519 67.9395 110.698 194.082 141.112 48.1387 73.4477 4.54299 530.298 482.439 122.873 41.8266 166.706 38.3112 26.1782 61.2821 490.701 6.10726 45.2501 0.594793 
32.3459 261.439 0 210.325 66.3463 62.7325 61.3326 240.717 470.677 56.7442 13.2952 0.457663 0.232135 16.3812 15.5979 19.0421 42.0131 161.707 17.4587 26.6418 0.359764 6.1657 8.86976 15.276 2.67712 20.8905 6.27536 15.6467 
445.773 505.361 401.948 0 1.38718 481.277 127.615 21.9513 626.139 69.9674 2.26625 101.245 71.8873 3.6096 8.7023 31.9245 427.963 5.18129 53.3837 9.6528 785.041 7.31347 18.7824 18.7424 423.888 4.75893 3.55609 0.78929 
93.565 418.948 132.087 163.658 0 88.5029 160.839 160.418 23.5486 285.174 10.5803 128.411 170.507 70.0405 11.7931 73.2223 38.0974 197.882 21.3087 82.5316 8.52898 56.4447 9.01783 25.0399 45.5459 11.2821 45.9466 21.2849 
459.368 615.555 21.7588 467.229 1084.19 0 1510.54 56.1776 485.056 560.287 124.249 10.293 548.125 4.76228 0.414385 5.56908 472.203 4.47187 27.1184 18.1541 33.2736 20.4588 16.3957 4.32928 415.506 19.8552 0.316518 10.3874 
260.557 267.241 199.737 152.155 426.178 749.599 0 408.115 1250.24 155.864 232.212 279.911 45.9309 69.001 38.6376 103.767 11.5041 234.419 74.8531 38.0327 0.888997 0.035123 71.1974 9.52771 91.8192 56.3107 0.6761 0.0513258 
293.195 30.3537 77.6693 125.988 169.151 113.336 388.552 0 0.754692 116.785 46.4176 92.8381 100.463 117.859 0.51277 85.8036 96.4093 41.6975 102.997 66.7319 166.575 63.3914 2.85047 29.5964 19.5718 51.5781 13.1015 7.4874 
567.279 751.681 329.88 564.202 350.598 647.015 1029.12 622.274 0 270.386 486.862 70.8629 9.2861 134.352 259.816 146.751 438.092 198.709 132.797 1.85631 0.420197 60.4515 33.1557 31.5906 445.143 4.45117 61.6683 96.3434 
12.1152 95.2813 31.3808 60.7498 4.28569 238.625 347.462 223.547 386.876 0 131.783 229.915 235.474 16.6538 40.6571 8.13591 6.32664 4.32515 10.4595 40.1727 72.4237 1.48825 5.06144 4.76749 46.6013 44.6207 37.0787 28.407 
151.504 0.00885657 239.725 154.098 155.591 237.088 344.581 298.535 907.895 352.424 0 102.188 0.000522689 125.336 181.421 1.97875 53.6803 154.772 107.963 72.2114 27.697 3.33918 106.456 88.8996 116.343 83.8241 85.7231 109.596 
87.1622 178.027 157.356 1.4695 64.1124 68.6454 154.872 3.355 334.419 94.8802 34.1386 0 68.5478 166.462 143.578 90.2405 39.4505 5.66472 72.2656 19.3948 120.986 0.849247 2.06539 20.8148 267.167 272.25 120.684 0.0330164 
19.1122 138.307 26.1585 42.88 177.273 149.161 218.05 52.9628 0.00644377 57.2654 100.708 1.96182 0 37.3561 0.0979119 9.25403 51.1522 83.6133 85.4736 42.0352 12.4557 4.50861 91.1646 48.0484 2.98272 6.85784 17.5824 17.1534 
12.8331 24.8121 10.77 21.7649 10.5543 2.38022 20.9816 0.571329 140.076 54.883 3.46785 9.45083 60.3321 0 43.3516 0.375339 0.00717984 0.645137 14.4836 0.980504 28.1047 8.78496 9.1229 0.178317 3.94851 0.224728 10.9213 4.01255 
19.5282 23.6661 33.2993 6.05066 49.2354 39.8573 67.0344 166.941 22.1177 74.3354 99.1426 267.906 13.9615 61.6473 0 65.7715 8.72332 68.0302 28.8779 7.76744 57.8182 3.71987 12.9899 16.5322 1.88654 30.6992 8.19699 5.45046 
47.4892 74.5628 1.5619 42.6656 4.59068 27.2457 93.8067 237 11.972 82.7101 1.49451 144.492 3.55307 10.1421 27.3041 0 6.68227 55.7645 28.2131 7.17945 62.9367 11.4434 0.495331 7.08236 9.55109 31.0575 18.5885 0.255005 
425.268 473.303 45.08 470.532 127.043 471.701 69.3187 99.056 521.663 7.4479 17.3412 60.1904 61.0114 18.4407 16.8599 0.0100657 0 9.58755 301.541 33.6221 39.2938 21.2263 2.59372 4.01786 442.446 23.9579 7.30038 24.4281 
232.667 276.374 24.3886 123.215 208.038 100.015 232.549 88.3795 214.461 2.11923 7.47996 8.74696 1.27458 31.5281 0.0438443 45.325 180.868 0 84.7329 63.2819 0.30585 12.9192 13.5103 2.79943 1.09791 50.264 35.6134 14.9171 
0.530852 157.795 7.85754 0.338765 18.645 83.8537 23.1454 27.5436 133.585 8.66813 73.0632 83.8658 25.5516 24.7096 0.21801 18.9525 110.824 108.343 0 15.7473 71.5116 8.9055 0.00159241 0.0327218 27.8952 21.7046 14.544 22.4201 
214.638 57.1738 23.3256 9.94016 64.9296 23.0808 36.0985 27.9273 106.416 53.8484 1.23286 0.0257467 11.1656 4.61397 2.69142 9.04948 0.572233 55.6839 1.38404 0 273.634 6.38029 2.92302 6.30135 11.9869 12.0446 1.54756 2.66599 
113.305 179.14 3.06635 163.136 32.5913 4.83975 0.658874 207.904 0.296453 38.3326 148.376 43.9251 77.9352 25.9291 49.2663 53.3603 14.1648 0.818704 20.8251 210.525 0 5.30099 40.0775 8.20784 60.1648 58.2107 42.2904 22.5128 
17.993 21.1379 9.30454 15.0321 36.5462 11.218 0.173573 12.1958 62.0522 60.3067 71.0637 12.1362 59.8668 7.3848 13.3671 8.23562 7.02242 2.51781 7.36958 0.3549 27.1596 0 14.5799 13.6524 19.3302 9.10728 5.31519 3.05795 
46.7942 22.3828 12.5648 9.91807 34.5063 0.0128482 2.99998 10.9297 11.421 34.0564 97.6434 0.479413 89.6366 8.58029 25.2582 0.00121164 0.694934 34.0996 19.4504 2.68366 39.8104 14.5348 0 12.7653 11.6167 4.40369 1.90984 10.0678 
55.8277 3.85937 0.00823841 20.7071 22.7092 16.3217 71.7875 1.343 87.9144 27.1053 2.30286 88.4249 30.2904 2.58947 2.47693 19.2513 20.1105 47.7929 1.85989 2.08187 0.00580842 0.900436 11.3129 0 0.157199 8.31065 7.44585 1.45459 
463.964 415.7 23.8485 415.592 55.1858 428.222 2.31932 87.5757 504.231 50.0519 0.00109724 913.374 15.9746 2.34852 0.878353 52.0986 415.947 2.68894 10.6881 0.89379 41.462 29.0787 10.9458 48.6206 0 51.8126 108.157 145.314 
2.15874 2.40274 0.486468 2.3729 8.48281 3.24419 1.33586 48.8933 56.3369 73.1548 93.4128 71.687 20.0151 12.6615 27.4112 28.2063 18.6405 49.3391 14.3362 0.852332 20.374 10.7614 1.28452 4.96802 1.57395 0 14.6984 10.1091 
46.5492 37.7938 6.07492 27.6001 48.2434 6.50464 4.0467 64.6802 21.1518 2.92658 56.1852 14.4561 25.3514 8.05071 0.0542997 18.1448 18.1622 15.5536 1.75766 3.60497 7.12555 5.50139 13.4346 10.4087 21.1009 1.44077 0 80.2678 
0.741194 49.1446 8.60088 29.5715 39.2104 0.501867 6.39604 111.125 97.6201 24.5657 42.8922 142.697 33.6675 8.26639 17.7053 2.2541 18.4268 10.9397 0.0885148 0.0498288 0.846993 10.2234 6.57584 7.8478 1.48242 18.2165 16.9916 0 
