0 588.315 72.7677 24.1124 265.331 9.72443 160.785 12.0957 81.6033 156.665 1.96076 0.896193 93.5028 4.40326 15.4212 76.4737 114.511 70.9195 86.6177 71.1563 17.7125 0.0771533 20.4689 8.24454 44.1967 78.3815 25.8432 36.7579 
575.158 0 74.3213 279.305 424.066 122.8 178.9 174.639 17.8741 45.5192 136.011 181.123 136.098 44.3481 78.8036 7.22633 112.403 813.603 136.317 29.044 172.682 36.584 28.7293 60.5512 81.6878 3.79028 43.7136 1.26315 
12.4117 397.072 0 286.073 44.5671 57.664 100.497 264.205 456.49 67.8255 2.49362 0.591639 0.002875 15.9915 18.5187 17.3264 44.9418 163.194 13.6889 25.5878 2.76504 6.61718 8.25908 14.9597 3.82638 19.1111 5.54655 16.6589 
9.96602 49.8847 260.741 0 0.0124539 75.5915 151.165 589.56 269.885 61.5326 0 136.008 70.6737 4.65906 6.44141 28.27 18.3009 1.44662 55.9554 6.03921 217.679 7.88204 18.3814 20.21 19.4294 7.35463 4.42041 1.46921 
123.465 494.748 109.118 163.197 0 82.2745 92.7888 175.605 50.5119 245.293 3.14621 138.448 163.499 70.3032 16.2642 74.2611 27.9138 212.572 3.719 86.6797 5.28169 55.8856 10.9192 27.4502 48.3964 13.9935 46.6943 23.451 
40.9534 230.721 14.082 53.9298 594.567 0 823.718 79.3181 17.0741 517.474 85.0456 4.62151 548.763 3.55237 1.50095 7.2194 65.5008 1.51511 35.402 16.7964 29.1174 20.2966 16.4524 3.55856 8.55554 18.2338 0.155832 11.4442 
247.526 159.832 162.431 128.713 435.474 314.129 0 408.402 1224.67 270.562 315.343 284.483 64.7964 62.1491 51.8269 103.442 7.92326 233.328 61.9591 31.6712 2.77855 0.0299979 69.905 12.3357 91.1406 49.32 1.28211 0.430362 
274.287 14.3429 42.6463 74.1687 183.48 88.4521 407.306 0 39.3236 136.598 21.1355 0.639912 92.1069 122.194 4.66676 125.687 97.8591 51.9141 106.693 58.4742 178.671 62.0295 1.08303 20.4993 33.9794 27.8379 17.0758 3.47369 
134.128 294.489 427.104 102.742 334.645 123.922 450.972 530.893 0 212.962 1033.75 114.414 17.4882 140.734 312.255 140.281 35.8112 187.674 139.874 0.496854 0.0939162 62.3468 27.1245 25.9929 46.1289 1.27069 64.5131 94.0589 
19.1905 70.1329 41.7503 69.2131 22.721 397.063 232.331 219.609 377.461 0 35.5619 215.691 179.769 11.2737 26.8942 4.16113 4.19433 8.21864 16.3478 42.8315 76.5578 0.610342 3.16419 6.89603 50.6847 49.7485 38.6134 31.2418 
139.202 2.12617 240.518 134.551 131.539 205.551 413.73 331.124 914.538 484.837 0 177.991 2.52053 152.591 275.879 12.0164 57.7661 160.354 102.087 68.7211 34.4397 2.01692 96.82 79.1003 125.371 67.7906 86.1508 108.11 
68.7006 162.993 141.368 11.2887 53.3549 55.3375 126.161 146.684 291.222 118.872 4.51941 0 58.6361 163.519 185.721 9.87234 36.0002 2.97672 76.2795 15.0993 111.203 0.276566 5.43411 9.26993 361.006 180.953 120.737 2.25313 
23.6879 142.831 30.6257 38.8672 178.507 170.932 219.162 61.4858 1.56639 106.701 76.2598 4.8152 0 18.4005 0.716932 5.45069 53.2168 79.2969 84.8286 42.5325 14.6805 8.36028 90.8874 43.3956 1.89619 8.77446 16.3082 15.4765 
10.732 28.6548 11.8242 21.031 13.4529 1.50632 27.3128 2.71026 143.025 61.5738 14.3552 19.1156 85.27 0 24.2773 0.00952746 0.0569222 0.248194 13.3644 1.12944 29.8031 9.36587 9.67252 0.656263 3.02831 0.535327 10.733 3.44603 
16.0904 18.2797 33.9254 4.12935 42.9208 37.9363 81.2015 176.959 12.6462 89.7879 189.94 249.015 6.90091 53.0259 0 36.6874 7.74236 68.6625 27.2739 8.23573 58.11 4.58678 9.67735 19.763 3.25165 30.9409 7.28852 4.2924 
52.6725 70.8647 2.63063 43.0151 2.80308 27.3299 88.6314 209.015 20.5585 77.3652 10.7994 35.5479 6.7722 13.1924 5.50065 0 7.49667 53.9953 27.4934 6.75624 63.0093 11.1525 0.102012 3.00174 6.94684 28.6215 18.2817 0.736106 
22.144 78.0821 42.1639 64.5213 116.965 65.2773 75.3243 99.6501 117.17 5.12968 20.6427 63.3733 59.7051 17.8867 17.9473 0.00621896 0 0.312447 494.554 33.2084 41.8973 21.1722 2.98032 3.54115 35.0156 23.3227 7.82817 24.4268 
236.485 300.986 13.0487 112.948 192.354 107.359 226.567 100.056 218.27 5.06414 12.292 5.33073 0.403266 29.3073 0.371814 47.7528 137.979 0 72.901 68.1655 1.2781 14.1255 12.0742 3.68688 0.543734 52.2959 34.5047 13.3158 
2.06815 147.97 10.9739 0.00907253 2.62951 87.6635 14.7266 32.9271 125.53 4.45308 65.5424 80.3305 29.8328 25.3483 0.571504 20.1597 132.063 97.3312 0 17.5109 72.1692 8.12198 0.0159303 0.000255064 27.2145 20.626 15.1866 23.0253 
226.157 71.909 24.8784 6.27759 70.9279 22.3341 42.6001 35.2619 105.382 52.4483 2.52299 0.534771 9.65416 4.67745 2.28239 8.79632 1.03372 61.0057 2.13836 0 192.457 6.39101 2.79507 6.33807 11.5668 12.0737 1.31765 2.31824 
139.851 178.498 7.82623 175.998 26.4784 2.99264 0.00703187 207.44 0.168338 43.0256 146.624 53.5101 77.8025 24.1676 51.0691 50.8886 16.3697 0.106636 23.5793 287.061 0 4.68016 40.0939 6.79115 60.4978 59.7371 41.6527 24.4771 
16.6976 19.2532 8.89986 14.6631 34.2709 12.2198 0.00315649 10.1977 63.7913 60.8882 68.7358 9.7093 66.7914 6.63909 12.4678 7.63171 6.48311 3.16432 6.62809 0.439674 26.4904 0 15.076 13.9563 18.4017 8.79945 5.74525 3.36027 
47.0075 24.8979 12.5896 10.8947 36.9101 0.0110257 4.85052 15.3388 7.59396 30.2683 107.196 0.0458565 91.1115 9.54704 24.6257 0.124827 0.504482 32.7042 18.8482 2.54997 40.0004 15.0522 0 17.5951 13.8653 5.02244 2.40524 9.96691 
56.7404 2.57346 0.0162335 22.0255 20.3617 15.7385 71.7668 0.0234131 83.5711 23.5354 5.80231 67.1489 25.5149 3.75933 4.71181 24.0437 19.8411 47.3297 1.45107 2.31557 0.128116 1.48238 5.93071 0 0.752357 9.5955 6.30487 1.95197 
52.8026 8.385 25.0848 8.41308 57.4915 19.5364 0.867314 67.0062 88.4057 53.9517 0.916431 271.424 18.444 1.61748 1.89245 48.8282 9.09149 1.7772 11.7427 1.20632 43.9631 83.6318 10.6207 53.1892 0 104.899 77.0279 25.5667 
0.841979 4.32536 0.101489 4.36415 6.31913 2.21011 0.207518 77.0834 45.0128 70.6897 77.3205 154.136 17.4098 12.9106 29.0403 24.8391 17.7653 51.437 15.5018 1.16188 23.3411 10.7902 0.904272 6.18244 1.99637 0 18.2125 19.3485 
47.5967 35.9419 5.35315 27.5631 47.7573 5.80632 2.91787 69.9213 18.1333 2.08405 60.028 20.0774 24.1084 7.62158 0.19484 17.6962 17.7151 14.2925 2.11351 3.9294 6.10489 5.93303 13.3068 9.21782 28.341 3.09512 0 65.0157 
1.48026 51.5206 9.72005 28.3222 41.2334 0.857721 8.6238 102.688 95.7541 27.3898 36.3125 155.341 35.1468 7.68959 16.4384 3.36904 17.82 9.50768 0.0184741 0.00977593 0.417842 10.1005 7.00081 8.61357 1.27762 9.21853 5.25367 0 
