0 963.323 114.537 427.446 269.288 425.187 122.443 35.488 529.697 155.762 0.0119473 0.486072 87.9918 2.79381 19.7843 72.9753 530.804 45.1831 94.7812 7.91806 4.33672 0.291318 22.9447 5.88229 466.271 76.3773 23.4007 40.2071 
991.875 0 5.64428e-05 632.031 291.792 494.608 63.7044 211.673 470.008 22.3202 168.051 162.124 128.097 39.3657 84.8137 11.4409 514.407 452.04 151.038 15.4546 177.551 34.2964 31.977 59.2415 495.455 1.6094 41.631 2.46577 
0.415713 473.461 0 206.731 21.6127 48.8718 153.791 276.584 353.247 81.3165 1.19513 6.74915 0.541278 15.2949 22.1681 14.9727 48.2687 159.375 9.38453 23.7642 8.97196 7.19019 7.45054 14.4316 5.53322 16.685 4.65807 17.8636 
442.966 430.148 205.01 0 3.07025 492.106 176.541 938.524 734.595 50.5015 3.6849 179.366 68.5215 6.13604 3.97389 23.2908 432.143 0.0319794 58.6898 2.53841 222.3 8.61025 17.7434 21.9242 439.881 11.2838 5.6296 2.62093 
162.215 531.833 78.6491 157.848 0 31.734 28.5061 192.598 96.2995 184.675 0.0175078 150.08 151.784 70.0248 22.7542 74.9293 16.8163 226.431 2.42974 90.8525 2.23437 54.9046 13.5373 30.5292 51.8503 17.7575 47.511 26.2553 
445.075 661.602 6.24714 462.099 1032.69 0 899.518 110.845 442.44 631.381 42.0117 0.605639 17.5779 2.22638 3.80693 9.50931 482.155 0.0087145 46.4507 14.9645 23.99 19.9486 16.3866 2.66164 425.764 16.0712 0.0323937 12.7907 
222.685 51.0006 109.346 96.5891 409.97 83.3549 0 384.107 575.858 408.745 407.81 281.928 91.3024 52.9813 69.6858 101.272 4.26814 226.113 46.2308 24.0181 6.66061 0.399893 67.6299 16.3173 89.2637 40.4379 2.3253 1.44254 
241.165 2.35359 11.5659 76.1802 199.097 58.3826 406.481 0 161.781 160.65 2.82562 191.248 81.1064 125.541 15.7116 176.618 99.1405 65.8507 110.621 47.9749 191.455 60.0332 0.0436674 11.0018 56.5335 7.33973 22.7276 0.541964 
518.177 638.104 473.16 462.936 300.101 441.732 1.75239 365.938 0 137.828 949.794 177.912 31.2145 146.463 216.134 128.932 459.158 170.91 147.106 0.0188719 2.31319 64.49 20.0308 19.3998 473.963 0.0184549 67.861 90.3399 
30.1524 41.7668 55.7641 79.3761 64.6428 476.879 95.4281 209.661 340.636 0 2.32193 192.492 107.248 5.7598 12.704 0.964475 2.08574 14.8348 25.3959 45.9749 81.4647 0.0477299 1.36542 10.09 55.5601 55.9551 40.434 34.8163 
122.276 11.6713 228.969 107.648 100.936 157.099 471.859 360.535 651.804 590.435 0 286.289 13.0698 182.314 371.257 35.9026 62.8642 165.863 93.8658 63.8782 43.7478 0.804061 83.3317 66.1074 134.816 48.2628 86.1317 105.031 
47.1514 142.012 118.054 36.0583 40.5254 39.4522 90.664 537.799 227.959 149.591 7.2047 0 46.5132 154.683 231.951 27.987 31.6765 0.780566 81.0817 10.2807 98.1343 0.000399771 11.8909 1.10986 293.42 72.9333 119.254 9.98508 
30.0154 146.79 36.4496 33.7155 176.704 192.633 214.344 72.593 7.4626 179.186 48.2215 10.1957 0 3.28583 5.33464 1.9921 55.65 73.4476 83.3115 42.9627 17.7151 14.75 88.2183 37.2445 0.857964 11.4868 14.7051 13.401 
8.26491 33.6738 13.0748 19.9054 17.5223 0.666636 36.0655 7.649 143.425 69.2389 37.7168 35.4643 115.686 0 4.58852 0.994029 0.188664 0.0116857 11.942 1.32958 31.9015 9.98965 8.9465 1.6543 1.99901 1.11171 10.4433 2.76296 
12.0659 12.2228 34.0026 2.16491 35.003 34.6849 98.6207 184.134 10.2066 107.506 307.411 209.23 1.3713 30.6576 0 6.28072 6.54895 69.0072 25.1291 8.80777 58.1407 5.77261 5.78137 23.3829 5.44776 30.4583 6.16505 2.97786 
58.9534 65.5098 4.33409 42.3888 1.14451 27.0339 80.798 162.591 34.1853 69.1726 33.892 6.0171 12.1932 16.5123 2.74558 0 8.57421 51.4623 26.4576 6.19095 62.6101 10.6965 0.0308735 0.215665 4.4733 24.3392 17.7389 1.69215 
444.786 510.173 38.1164 482.165 102.647 482.292 82.5794 99.8204 536.459 2.7692 25.1443 67.2511 57.7819 17.1382 19.3106 0.0943459 0 7.21914 354.201 32.4904 45.1483 21.0578 3.50442 2.96882 451.28 22.4489 8.51306 24.3681 
234.57 364.535 3.45965 98.0413 168.653 115.007 213.479 114.696 219.312 10.5536 19.9807 2.16764 9.49525e-06 26.4524 1.25006 50.6415 84.5622 0 57.9371 73.7972 3.46777 15.7011 10.3198 4.9783 0.11554 54.6474 33.0296 11.3624 
5.44406 132.573 15.5091 0.276332 3.48109 90.227 6.5501 40.1916 113.918 1.05974 55.9489 75.4674 35.5 26.0506 1.25901 21.6505 158.556 82.5327 0 19.7678 72.6563 7.15179 0.114092 0.0377488 26.2612 19.2073 15.993 23.7424 
219.746 90.5549 26.3976 2.70023 77.8999 21.1562 51.0075 45.2689 102.831 50.2636 4.80275 2.11776 7.84426 4.73981 1.79917 8.41966 1.81031 67.3669 3.31869 0 81.4519 6.39066 2.62715 6.35751 10.9823 12.0352 1.04806 1.90194 
172.306 174.757 16.7618 193.954 19.4028 1.26176 0.712784 203.248 2.63762 49.0926 143.101 66.412 77.3139 21.9084 53.1073 47.4381 19.3344 0.169602 27.2138 332.141 0 3.9361 39.9701 5.15125 60.5632 61.2813 40.7216 26.9896 
15.0681 16.9051 8.3649 14.1512 31.3154 13.4683 0.162796 7.86814 65.721 61.0657 65.4009 6.95885 74.7194 5.65541 11.2505 6.83535 5.81354 4.08573 5.72077 0.55983 25.5969 0 15.2419 14.1206 17.1828 8.3788 6.29779 3.75635 
47.0461 28.1441 12.5224 12.1213 39.8738 0.146607 7.793 21.8157 3.77916 25.4476 117.672 1.86926 90.6567 9.37787 22.6244 0.707876 0.304883 30.8524 18.0303 2.37637 40.0986 15.2465 0 20.7824 16.6189 5.8139 3.09947 9.78232 
57.5151 1.29903 0.163969 23.5089 17.4546 14.8913 71.1234 1.27714 77.3034 19.1298 12.4067 42.2095 19.7073 5.366 8.32307 28.1791 19.4506 46.5585 0.99941 2.62084 0.51296 2.40243 1.03044 0 4.32954 11.1868 4.92618 2.67285 
464.265 425.517 26.4004 425.749 60.1409 434.335 0.0295964 42.9374 493.588 58.5227 4.88379 353.26 21.7158 0.866827 3.69251 11.8099 426.241 0.881739 13.1137 1.66502 46.9868 51.4654 10.3953 45.7665 0 22.6124 160.553 141.365 
0.0438158 7.53118 0.027781 7.6507 3.98558 1.16057 0.193667 117.024 31.6649 66.6567 57.2021 270.737 14.2384 13.0338 30.4171 19.75 16.6227 53.8821 16.9858 1.61722 27.2365 10.7819 0.509062 7.80171 3.62895 0 22.7168 33.1306 
48.7532 33.5163 4.47551 27.3574 46.995 4.95161 1.73537 76.2452 14.5311 1.20962 64.7013 28.2685 22.4966 7.05557 0.497911 16.9828 17.1219 12.7273 2.60976 4.35169 4.90134 6.48634 13.0486 7.71107 37.6347 5.99804 0 41.6404 
2.7769 54.3315 11.1665 26.5079 43.6998 1.44189 11.8714 90.7766 92.5371 31.0056 28.3588 167.559 36.9214 6.92917 14.7232 5.04639 17.0205 7.79698 0.00493919 0.00358096 0.0875215 9.91679 7.52012 9.56591 1.9914 1.78973 0.0274421 0 
