0 973.883 117.84 447.196 269.123 443.502 119.434 37.7846 550.51 155.568 6.38582e-05 0.682322 87.5326 2.68209 20.1412 72.6598 548.97 43.3435 95.3808 5.08518 3.66154 0.313877 23.1395 5.71185 484.941 76.1802 23.2097 40.4726 
1005.44 0 0.49379 644.534 280.575 509.569 56.6895 214.418 492.031 20.8062 170.503 160.536 127.4 38.9703 85.2414 11.8064 531.473 979.857 152.056 14.5435 177.797 34.1134 32.2304 59.1213 513.45 1.47641 41.4622 2.57633 
0.173408 473.15 0 193.991 20.107 48.0961 157.872 276.657 342.166 82.3222 1.69641 7.50639 0.62264 15.2313 22.4462 14.7826 48.5079 158.81 9.0745 23.6006 9.59897 7.23488 7.38608 14.3846 5.6774 16.4894 4.59058 17.9535 
464.947 447 175.604 0 3.5344 510.244 178.241 323.672 755.551 49.6357 4.28111 182.585 68.3251 6.2576 3.80235 22.8924 450.188 0.0825627 58.8766 2.32295 303.021 8.66738 17.6876 22.05 458.438 11.6167 5.72911 2.72412 
165.199 531.539 76.287 157.211 0 29.3739 24.8853 193.801 100.312 179.686 0.079591 150.929 150.745 69.974 23.2958 74.9502 16.0482 227.265 3.35405 91.1233 2.04885 54.8153 13.751 30.7699 52.1114 18.0657 47.5684 26.4767 
462.443 680.219 5.74919 479.663 537.92 0 666.646 113.341 465.558 295.439 39.1332 0.448974 269.092 2.1338 4.02841 9.69572 500.373 1.47829e-05 47.3229 14.8172 23.5987 19.9147 16.3749 2.59577 444.067 15.8986 0.0266043 12.8958 
220.397 44.6653 105.175 94.0484 406.292 96.9685 0 381.102 516.099 417.912 413.932 281.332 93.4535 52.2507 71.1057 101.02 4.02678 225.281 45.0494 23.446 7.03267 0.446638 67.4229 16.6466 89.0696 39.7501 2.41969 1.54656 
238.211 1.83806 9.91102 68.7323 200.179 56.1731 405.229 0 174.021 162.446 2.10149 218.355 80.2337 125.697 16.8309 180.4 99.2136 66.9771 110.89 47.1617 192.319 59.8647 0.0206248 10.3689 58.4571 6.2671 23.1957 0.419008 
533.945 650.44 472.323 477.658 296.806 455.797 0.12418 351.912 0 132.149 469.192 183.092 32.4309 146.784 220.085 127.91 477.948 169.484 147.582 0.0413981 2.61073 64.6445 19.5078 18.9129 493.113 0.0552455 68.1091 90.0119 
31.0934 39.7775 56.8782 80.1318 68.6547 476.211 86.4383 208.66 336.701 0 4.46984 190.469 101.867 5.39849 11.7863 0.80715 1.95032 15.4272 26.1696 46.2082 81.8304 0.03036 1.25501 10.3614 55.9236 56.421 40.5698 35.0933 
120.905 12.7316 227.496 105.495 98.5837 153.085 474.665 362.188 634.379 594.53 0 294.832 14.2291 184.311 376.585 38.2307 63.2571 166.216 93.1912 63.4818 44.5067 0.731832 82.233 65.0788 135.447 46.8062 86.1033 104.735 
45.5828 140.303 116.129 38.5116 39.5702 38.2777 87.995 571.669 222.785 151.956 9.35818 0 45.5952 153.764 235.017 35.2219 31.3421 0.667876 81.4417 9.93676 97.0898 0.000388349 12.4931 0.802435 290.31 65.8878 119.065 10.8123 
30.5322 147.012 36.9086 33.3124 176.404 191.752 213.676 73.4689 8.10451 184.949 46.2211 10.6967 0 2.60452 5.87081 1.79091 55.8307 72.9747 83.1602 42.9866 17.9617 15.3139 87.9026 36.7567 0.793423 11.7112 14.5807 13.2417 
8.08241 34.0705 13.1674 19.8088 17.8571 0.614538 36.7759 8.13626 143.295 69.7891 39.9318 36.9081 117.87 0 3.6214 1.13688 0.202213 0.00600256 11.8311 1.34572 32.0623 10.0325 8.82588 1.74864 1.92596 1.16498 10.4183 2.71156 
11.7694 11.791 33.9742 2.03573 34.3943 34.3962 99.9266 184.415 10.4844 108.758 315.578 205.522 1.11425 28.7116 0 4.8381 6.45836 69.0122 24.9571 8.85127 58.1268 5.86877 5.50323 23.634 5.63929 30.3835 6.07902 2.88331 
59.4256 65.063 4.48215 42.2895 1.0448 26.9917 80.1327 158.629 35.3621 68.4752 36.1671 9.69622 12.6751 16.7302 3.87154 0 8.66037 51.2514 26.371 6.14563 62.5556 10.6569 0.0460212 0.131678 4.32396 23.9595 17.6894 1.78252 
463.537 529.622 37.786 500.465 101.47 500.538 83.1253 99.8059 554.873 2.6135 25.5098 67.5457 57.6193 17.0776 19.4161 0.105658 0 8.63648 455.488 32.4253 45.3991 21.0467 3.54693 2.92573 469.493 22.3775 8.5673 24.3608 
234.099 374.473 2.96039 96.806 166.653 115.517 212.211 115.822 219.211 11.0625 20.6525 1.97778 0.00214276 26.2283 1.34044 50.8572 80.642 0 56.7852 74.2066 3.68359 15.8262 10.1862 5.08686 0.0952829 54.8197 32.9112 11.2139 
5.77362 131.25 15.8878 0.329795 4.57074 90.3145 6.04014 40.777 112.953 0.891339 55.2017 75.0708 35.9516 26.1001 1.32392 21.7646 160.974 81.3517 0 19.9443 72.6777 7.07725 0.125562 0.0444276 26.1825 19.0943 16.0555 23.7959 
218.258 91.9758 26.4929 2.47824 78.4087 21.0538 51.6655 46.0763 102.574 50.0743 5.01069 2.28538 7.70841 4.74381 1.76324 8.38771 1.87989 67.8412 3.42116 0 73.8027 6.38997 2.61378 6.35773 10.9343 12.0286 1.02807 1.87066 
174.719 174.328 17.5857 191.299 18.8858 1.15656 0.840723 202.753 2.95449 49.5699 142.765 67.4475 77.2606 21.7311 53.2541 47.1548 19.5735 0.220616 27.5037 332.469 0 3.88008 39.9535 5.03098 60.5512 61.3826 40.6431 27.1864 
14.9416 16.7241 8.32215 14.1092 31.0819 13.5643 0.19315 7.69635 65.8582 61.0527 65.1233 6.76037 75.2887 5.57756 11.1523 6.77203 5.76197 4.1625 5.65156 0.56981 25.525 0 15.2323 14.1227 17.0866 8.34458 6.34122 3.78785 
47.038 28.3994 12.5124 12.2161 40.1004 0.163726 8.0499 22.3598 3.5333 25.0731 118.399 2.12341 90.5103 9.29714 22.4161 0.772736 0.291307 30.7041 17.9639 2.36264 40.0994 15.2392 0 20.8452 16.825 5.87561 3.1566 9.76524 
57.5571 1.21689 0.182016 23.6148 17.2315 14.8203 71.044 1.51382 76.781 18.7939 13.0195 40.4151 19.27 5.49337 8.63384 28.3822 19.4178 46.4897 0.96737 2.64505 0.553908 2.48218 0.803942 0 4.73178 11.3077 4.82256 2.73315 
482.101 443.832 26.4902 444.081 60.334 452.44 0.0126306 41.2013 510.923 58.8592 5.32371 1123.08 21.9771 0.817174 3.85583 9.79405 444.53 0.824413 13.2222 1.7037 47.215 45.1499 10.387 44.4894 0 22.1299 161.296 137.355 
0.0236054 7.81657 0.0419144 7.94003 3.82374 1.09176 0.260369 120.221 30.6858 66.3014 55.6755 279.354 13.9982 13.0341 30.4896 19.3276 16.5321 54.0622 17.1017 1.65564 27.5457 10.7791 0.482568 7.93047 3.80639 0 23.0644 34.2365 
48.8351 33.3236 4.40896 27.3338 46.9286 4.88645 1.65513 76.7208 14.2615 1.15075 65.0553 28.9536 22.3692 7.01045 0.527443 16.9205 17.0744 12.6068 2.65064 4.38516 4.81185 6.52978 13.0239 7.59445 38.3411 6.25924 0 39.7798 
2.89495 54.5407 11.2802 26.3561 43.8872 1.49369 12.144 89.7992 92.2468 31.2884 27.7609 168.31 37.0548 6.86868 14.5851 5.18855 16.9567 7.66873 0.00747485 0.00522561 0.0719882 9.90113 7.5596 9.639 2.09037 1.44175 0.129645 0 
