0 731.918 140.44 294.407 266.045 271.35 98.6687 55.513 395.405 153.719 0.492672 2.97801 84.2186 1.96112 22.692 70.2954 374.906 31.341 99.3919 4.00895 0.52604 0.495155 24.5033 4.58195 314.598 74.6431 21.8771 42.3064 
782.043 0 30.3881 429.669 202.442 314.833 18.3361 232.743 348.653 11.5993 187.251 149.102 122.252 36.1949 88.0423 14.4956 349.852 624.394 158.566 8.87571 178.955 32.8207 33.9945 58.2111 338.305 0.704145 40.2607 3.41482 
1.39668 444.47 0 98.9076 10.964 42.4156 185.136 273.457 258.141 89.0746 7.60892 13.8644 1.34928 14.752 24.3435 13.4387 50.0869 153.822 7.02851 22.3797 14.5184 7.54626 6.93196 14.0332 6.72393 15.1064 4.12786 18.562 
326.438 270.388 17.0283 0 7.66465 335.806 188.737 200.883 596.244 43.6152 9.65865 203.922 66.8424 7.12855 2.69842 20.0977 275.561 1.09343 60.0661 1.07376 408.324 9.06679 17.2749 22.892 287.354 14.0283 6.44325 3.49657 
185.561 516.306 60.1653 151.907 0 45.0449 6.24286 201.62 129.639 144.682 1.76636 156.585 143.044 69.5012 27.202 74.9672 11.1273 232.01 13.8648 92.7771 0.973338 54.14 15.2774 32.4493 53.8949 20.2699 47.9428 28.0282 
283.492 506.395 2.80759 301.58 812.041 0 715.9 130.652 341.395 411.201 21.5126 0.00777286 463.674 1.53604 5.73081 11.0215 326.763 0.386457 53.3888 13.7762 20.9126 19.6516 16.2667 2.15437 271.214 14.6826 0.00202257 13.6275 
203.22 11.593 76.8708 76.4879 374.489 312.505 0 356.057 157.812 471.362 450.705 275.587 108.643 47.1214 81.0167 98.939 2.52841 218.416 37.056 19.5774 9.90177 0.845448 65.8629 19.0138 87.5258 35 3.13026 2.37363 
216.378 0.0108279 1.8542 21.9109 207.117 41.5488 391.791 0 266.34 174.537 0.0300468 437.007 74.1081 126.336 25.6036 205.288 99.6129 74.9625 112.607 41.543 197.759 58.6403 0.0985714 6.43212 72.376 1.10619 26.5621 0.00059766 
343.814 435.984 448.283 284.218 271.737 270.301 140.739 254.133 0 94.3168 1317.64 219.51 41.4546 148.456 281.341 120.29 308.522 159.118 150.524 0.4432 5.18649 65.6684 16.0004 15.6418 326.22 0.862111 69.7844 87.5761 
37.9744 27.0005 64.6573 85.2147 99.0064 444.955 34.4923 200.807 305.578 0 38.3599 175.629 66.745 3.18082 6.26235 0.0968621 1.12757 19.8546 31.8124 47.782 84.3048 0.0183365 0.61077 12.3385 58.381 59.5806 41.4907 37.0131 
111.183 21.3554 215.069 90.4327 82.4715 124.781 486.426 370.895 531.345 603.905 0 353.018 23.6088 196.643 402.638 56.0492 65.9737 168.346 88.3648 60.6493 49.9183 0.32091 74.4366 57.8893 139.389 37.0228 85.7965 102.452 
35.1879 128.162 102.434 57.4409 33.1222 30.4174 69.9923 793.835 186.371 168.15 31.9739 0 39.3314 146.483 253.581 105.41 29.0247 0.124545 83.8877 7.67736 89.7301 0.0885572 17.0694 0.0442099 313.955 25.4693 117.453 17.4427 
34.2211 148.191 40.1166 30.505 173.669 173.339 207.871 79.5963 13.296 224.252 33.1897 14.5116 0 0.0454615 10.2892 0.678805 57.0521 69.6155 81.9734 43.1139 19.721 19.4872 85.2791 33.3389 0.411615 13.3246 13.7162 12.1428 
6.85288 36.8498 13.7906 19.101 20.2569 0.30814 41.8138 11.9315 141.74 73.4 56.6956 47.5508 131.896 0 0.0362274 2.37803 0.310056 0.018736 11.0585 1.46027 33.1711 10.3056 7.76541 2.4637 1.44843 1.56863 10.2346 2.36159 
9.77919 8.96065 33.6363 1.23819 30.2044 32.2565 108.72 185.206 14.3179 116.817 364.912 177.87 0.0599495 15.7652 0 1.87107e-05 5.83725 68.9571 23.7391 9.14961 57.9642 6.55209 3.70601 25.2281 7.04933 29.7137 5.48665 2.25893 
62.6324 61.8394 5.57062 41.3956 0.472864 26.621 75.2987 130.32 43.964 63.4107 53.6615 58.21 16.2553 18.0365 16.4965 0 9.26923 49.7282 25.7445 5.82512 62.0807 10.3651 0.235436 0.122196 3.47213 21.172 17.3157 2.47409 
293.909 364.662 35.4316 327.447 93.0694 327.124 86.8374 99.5901 382.595 1.64647 28.1136 69.5647 56.4361 16.6466 20.1479 0.202605 0 21.9066 410.574 31.9349 47.1359 20.9603 3.84999 2.63137 295.952 21.8667 8.94855 24.2988 
229.529 445.729 0.547001 87.9667 152.212 118.693 202.44 123.577 217.763 14.927 25.6189 0.890386 0.154637 24.6611 2.0591 52.3197 54.9984 0 48.8658 76.9277 5.36983 16.7072 9.26879 5.87549 0.0080973 55.9738 32.0723 10.1938 
8.33399 121.603 18.6166 0.835125 16.1951 90.4567 3.03422 44.9252 106.014 0.119396 50.0139 72.2391 39.132 26.424 1.82194 22.5514 179.843 73.0582 0 21.1745 72.7587 6.56233 0.2211 0.10632 25.6172 18.2978 16.4899 24.1593 
204.166 101.632 27.0581 1.18167 81.7964 20.2998 56.2415 51.7904 100.552 48.6805 6.58032 3.63165 6.78389 4.76807 1.52023 8.15486 2.40113 71.045 4.17702 0 29.0717 6.38242 2.51955 6.35395 10.5904 11.9679 0.893068 1.65772 
190.843 170.792 23.7983 155.881 15.4329 0.547087 2.02885 198.623 5.66306 52.9097 140.181 74.7615 76.8264 20.4924 54.2261 45.1266 21.2706 0.764575 29.5484 321.127 0 3.49777 39.81 4.22472 60.3982 62.0099 40.0724 28.5607 
14.0627 15.472 8.0202 13.8079 29.4432 14.2269 0.47788 6.54119 66.7584 60.8526 63.1179 5.44486 79.0291 5.03274 10.4571 6.32662 5.4051 4.71723 5.17581 0.641872 25.0149 0 15.0736 14.0934 16.4143 8.10035 6.6452 4.00991 
46.9364 30.1862 12.4241 12.872 41.6599 0.309595 9.94778 26.2974 2.03798 22.4785 123.067 4.34352 89.0431 8.48405 20.7755 1.29898 0.204816 29.655 17.491 2.26616 40.0774 15.096 0 20.4666 18.2128 6.30438 3.56627 9.6354 
57.7735 0.715925 0.33423 24.3112 15.6938 14.3064 70.3716 3.72216 73.016 16.4913 17.6666 28.7027 16.2992 6.37588 10.887 29.2472 19.1796 45.974 0.757195 2.81533 0.883759 3.06807 0.00295897 0 7.97577 12.1331 4.11873 3.16932 
305.94 271.141 27.0621 271.513 61.6222 278.179 0.0931573 29.8304 331.247 61.1154 8.90669 785.3 23.8195 0.509025 5.08179 6.76052 271.553 0.476626 13.9844 1.98505 48.7729 15.09 10.3689 33.472 0 64.1143 31.1047 38.8568 
0.0557264 9.94486 0.221539 10.0778 2.7804 0.667127 1.00135 142.404 24.1599 63.6676 45.3106 333.853 12.3556 12.998 30.8471 16.3317 15.894 55.2722 17.91 1.93504 29.7194 10.7509 0.316175 8.83263 5.23684 0 25.4517 41.8229 
49.372 31.9661 3.95315 27.1386 46.4373 4.43894 1.14548 79.9558 12.4306 0.779008 67.4758 33.8977 21.4746 6.69221 0.757224 16.4598 16.7374 11.7734 2.94452 4.62055 4.20564 6.83353 12.8337 6.78775 43.1083 8.20697 0 27.2263 
3.786 55.9554 12.075 25.2586 45.1726 1.8798 14.1203 82.8264 90.066 33.2592 23.6998 172.663 37.964 6.44304 13.607 6.22043 16.5057 6.79526 0.0398514 0.0254034 0.00569324 9.78647 7.83031 10.1424 2.9413 0.0543712 2.93266 0 
