0 530.388 150.424 147.136 263.484 109.963 89.2957 64.6441 241.612 152.571 1.06287 4.58589 82.6238 1.66332 23.9043 69.1083 212.119 26.3301 101.137 14.7126 0.0295028 0.593115 25.1356 4.09617 153.65 73.8381 21.2617 43.1417 
587.264 0 58.7729 247.807 167.643 143.676 7.50134 240.653 202.074 8.19094 194.723 143.628 119.715 34.9042 89.2232 15.8185 183.659 358.37 161.201 6.68807 179.155 32.2138 34.8067 57.7481 175.086 0.440961 39.6913 3.84183 
3.68699 416.57 0 59.2584 7.60179 39.6639 196.743 269.798 217.407 92.0157 11.743 17.4192 1.77909 14.5097 25.1902 12.8097 50.7608 150.915 6.15617 21.7712 17.1014 7.68981 6.71979 13.8573 7.23056 14.4589 3.91916 18.8317 
184.731 110.405 35.8011 0 10.0911 172.744 192.721 375.809 437.331 40.8584 12.8498 212.98 66.0915 7.54374 2.24558 18.8054 112.686 1.95031 60.5464 0.65247 793.868 9.25179 17.0704 23.2587 126.092 15.1904 6.78471 3.884 
194.61 501.667 53.0177 148.963 0 74.1416 1.76302 204.881 143.823 128.66 3.28879 159.033 139.227 69.2126 29.0775 74.8983 9.12541 233.55 21.0497 93.3987 0.607655 53.7975 16.0033 33.2242 54.6952 21.3191 48.1002 28.7493 
118.87 341.991 1.78265 137.062 955.181 0 668.878 138.508 209.637 85.8957 14.9703 0.193815 360.634 1.28942 6.60649 11.6467 164.242 0.830952 56.1614 13.2882 19.7001 19.5141 16.2008 1.96152 109.141 14.1154 9.76041e-05 13.9643 
194.631 3.43558 64.5447 68.5653 356.469 461.901 0 342.232 53.7347 488.818 463.781 272.006 115.719 44.7415 85.5652 97.7866 1.9482 214.635 33.5282 17.869 11.3877 1.07288 65.0742 20.1472 86.701 32.8404 3.48948 2.81549 
205.658 0.228209 0.276175 24.6051 209.944 35.3296 382.88 0 311.664 179.831 0.859627 547.112 71.2617 126.366 30.198 215.679 99.7309 78.7176 113.305 38.9879 199.912 58.045 0.276929 4.90796 79.0505 0.139693 28.175 0.0701725 
174.053 255.005 426.972 115.457 259.053 112.718 284.128 210.533 0 78.2132 1511.49 236.294 45.9248 148.878 296.824 116.496 148.047 154.098 151.652 0.774327 6.67079 66.1089 14.4684 14.2093 166.918 1.5614 70.5241 86.3648 
41.328 21.806 68.2307 87.4395 114.2 415.852 17.8561 196.683 289.265 0 64.5572 168.386 52.3258 2.34229 4.26043 0.0014495 0.820771 22.0695 34.5546 48.4759 85.4011 0.0779187 0.388991 13.3 59.4667 60.9814 41.8998 37.8915 
106.614 26.0453 208.122 83.5056 75.2492 111.743 487.087 373.192 477.499 596.645 0 378.501 28.6812 201.31 407.562 65.1048 67.2131 169.133 86.068 59.3019 52.4841 0.186707 70.7739 54.5743 140.925 32.7585 85.5896 101.269 
30.7368 122.446 95.9955 67.1475 30.2795 27.0025 62.1045 879.604 169.561 175.399 46.7274 0 36.5288 142.629 260.315 147.295 27.9639 0.0187991 84.9777 6.71905 86.2952 0.181916 19.3981 0.523851 340.11 12.749 116.535 20.9967 
35.9729 148.515 41.5987 29.2127 172.03 159.263 204.523 82.4312 16.1099 241.457 27.7645 16.4601 0 0.192788 12.7181 0.341162 57.5925 68.0294 81.3473 43.149 20.5563 21.5486 83.8237 31.7559 0.276279 14.0979 13.3189 11.6429 
6.31156 38.1389 14.0639 18.7545 21.4019 0.201048 44.1817 13.9133 140.637 74.9242 65.1189 52.7696 137.529 0 0.375822 3.08579 0.367813 0.0558759 10.7026 1.51435 33.6751 10.4161 7.16467 2.82441 1.24766 1.77358 10.144 2.20532 
8.90801 7.76539 33.3976 0.932962 28.3081 31.1986 112.565 184.871 17.1978 120.101 382.195 164.269 0.017505 10.6064 0 1.04537 5.55701 68.8781 23.1667 9.28426 57.8497 6.87463 2.97191 25.8631 7.74194 29.3179 5.21799 1.99223 
64.0575 60.2903 6.10456 40.8653 0.282998 26.4046 72.9588 117.087 48.1483 60.9648 62.5962 92.6275 18.0323 18.5008 24.6519 0 9.55511 48.9945 25.4419 5.67468 61.8051 10.2211 0.37212 0.461108 3.19446 19.8178 17.1265 2.82883 
133.377 206.155 34.317 165.21 89.0933 164.694 88.4917 99.4226 220.665 1.27172 29.3479 70.4756 55.8602 16.4424 20.4832 0.258164 0 29.9492 128.497 31.6868 47.9296 20.915 3.99387 2.49928 133.524 21.6233 9.12657 24.2635 
226.666 469.825 0.0796802 83.7735 145.291 119.926 197.399 127.091 216.654 16.8949 28.074 0.530371 0.307146 23.9356 2.44329 52.9692 44.366 0 45.2923 78.1009 6.25532 17.1192 8.85373 6.25826 0.000135252 56.4779 31.6771 9.73269 
9.66938 116.922 19.9257 1.14699 23.8616 90.2426 1.9809 46.8772 102.696 0.00451489 47.6362 70.8935 40.6167 26.5604 2.07877 22.9088 189.623 69.2104 0 21.7415 72.7553 6.32756 0.274492 0.144046 25.3462 17.9249 16.6896 24.321 
195.612 105.906 27.2581 0.737559 83.2598 19.9284 58.34 54.4698 99.4837 47.9939 7.37557 4.35786 6.37101 4.77712 1.41263 8.04145 2.66309 72.4588 4.55022 0 14.6914 6.37731 2.47544 6.34903 10.4261 11.9312 0.833341 1.5625 
197.807 168.84 26.9276 134.126 13.9328 0.340309 2.75283 196.323 7.20764 54.4562 138.844 78.1855 76.589 19.9191 54.6437 44.1599 22.0717 1.12769 30.5057 308.094 0 3.32622 39.727 3.87204 60.2859 62.2516 39.7949 29.1961 
13.6589 14.9 7.87849 13.6638 28.6809 14.5284 0.652818 6.03332 67.1402 60.6948 62.1519 4.87883 80.6104 4.7809 10.1303 6.11901 5.24195 4.98508 4.96023 0.67663 24.774 0 14.946 14.0537 16.104 7.98433 6.78621 4.11386 
46.8625 31.0139 12.3721 13.1714 42.3668 0.392663 10.8862 28.1966 1.48014 21.2932 124.97 5.63138 88.1036 7.97474 19.9156 1.58395 0.169774 29.1618 17.2667 2.22119 40.0506 14.9756 0 19.8165 18.8197 6.50102 3.76194 9.56907 
57.8277 0.527781 0.420141 24.6066 14.9948 14.0582 69.9909 5.06966 71.2082 15.454 20.026 23.8241 14.9788 6.77541 11.9677 29.3078 19.0639 45.715 0.668088 2.89478 1.06247 3.35532 0.114959 0 9.70922 12.5019 3.8057 3.37969 
142.306 109.19 27.2928 109.619 62.1818 115.437 0.248958 25.0626 165.985 62.1007 10.8608 603.777 24.6817 0.389922 5.69716 12.381 109.404 0.347096 14.3396 2.12174 49.4714 16.3856 10.3848 27.5753 0 93.9172 17.2305 18.6234 
0.173798 11.008 0.352586 11.1316 2.35017 0.504536 1.50707 152.439 21.3415 62.3624 40.7242 354.662 11.6177 12.9585 30.9228 14.9357 15.596 55.8031 18.2828 2.07075 30.7322 10.7327 0.250491 9.25022 6.00794 0 26.525 45.1704 
49.5992 31.3315 3.74781 27.0303 46.1936 4.23643 0.940066 81.3982 11.6154 0.6306 68.5635 36.2743 21.0578 6.54321 0.877407 16.2319 16.5787 11.3927 3.08549 4.73043 3.93659 6.97429 12.7352 6.42009 45.19 9.17614 0 21.8599 
4.23754 56.582 12.4427 24.7296 45.7529 2.07277 15.0765 79.5254 88.9679 34.1672 21.8936 174.131 38.3707 6.24449 13.1476 6.71951 16.294 6.40503 0.0635762 0.0399149 0.000198264 9.73031 7.95241 10.3708 3.42423 0.0475546 5.43123 0 
