0 355.806 166.878 83.2595 257.252 14.4789 73.3316 81.9915 158.939 150.101 2.59718 8.2535 79.7228 1.19485 26.0861 66.8781 113.38 18.4228 104.031 45.4934 0.652327 0.787693 26.2512 3.29875 58.3255 72.2775 20.1794 44.5914 
421.032 0 126.79 116.338 111.014 32.3919 0.000329521 253.571 134.501 3.57744 207.358 133.745 115.016 32.6241 91.1177 18.2654 79.0891 945.675 165.223 3.54838 178.981 31.1312 36.2303 56.8681 75.6912 0.125142 38.6674 4.65475 
10.323 349.201 0 11.8729 3.11848 34.6966 215.084 260.092 147.487 96.8702 21.0895 24.579 2.6803 14.0526 26.6244 11.6955 51.856 144.909 4.74068 20.6373 22.0969 7.94193 6.34341 13.5275 8.15557 13.3103 3.55992 19.2877 
128.526 22.6871 135.284 0 15.1323 73.3683 198.279 215.953 340.639 36.0721 19.5152 227.407 64.6697 8.29262 1.5412 16.5461 14.0595 4.05698 61.2814 0.161217 216.578 9.57804 16.6895 23.8673 30.2593 17.2979 7.40313 4.61202 
209.793 465.088 41.093 143.059 0 150.231 0.564945 210.039 169.415 101.295 7.1091 163.07 132.144 68.5961 32.4781 74.6574 6.04504 235.22 37.0443 94.2661 0.17022 53.1473 17.3119 34.5853 56.0656 23.2114 48.3526 30.0245 
17.5868 237.782 0.529119 35.5055 192.375 0 229.936 151.947 174.652 34.1042 6.18958 1.12816 554.159 0.903216 8.27607 12.7628 66.0567 2.02443 60.955 12.4208 17.6146 19.2476 16.0605 1.64004 11.8985 13.1117 0.0114371 14.5546 
178.668 0.823567 44.5997 55.1172 320.439 730.612 0 314.852 5.09154 506.653 480.031 264.313 128.159 40.5567 93.4538 95.4699 1.10417 207.078 27.6129 14.997 14.2462 1.54012 63.5832 22.1999 85.0794 29.1097 4.16962 3.68535 
186.025 2.26559 0.913547 84.9985 214.304 25.3551 363.276 0 392.23 188.628 5.09253 735.189 66.2388 126.005 39.0474 231.821 99.8348 85.4086 114.38 34.5722 203.121 56.9523 0.812168 2.70219 91.0547 0.683574 31.0973 0.602595 
63.8506 125.611 375.954 11.1699 235.331 39.0576 609.468 139.523 0 52.6418 1366.94 265.317 54.2194 149.048 261.242 109.439 53.631 144.947 153.27 1.58254 9.73319 66.833 11.9186 11.818 74.5576 3.29485 71.7709 84.1031 
47.4766 13.8682 74.4355 91.1404 142.21 345.422 1.58503 188.698 258.162 0 124.656 155.141 30.4967 1.16628 1.64184 0.198147 0.3963 26.2196 39.5693 49.6431 87.2549 0.284262 0.118238 15.063 61.2948 63.3455 42.5942 39.4216 
98.4871 35.3372 194.215 71.483 62.9803 89.3178 480.754 374.486 344.089 566.402 0 420.011 38.683 207.775 404.629 82.0508 69.3676 170.206 81.9308 56.8746 57.0923 0.0376727 64.2716 48.7804 143.166 25.7142 85.1242 98.9925 
23.499 112.275 84.6017 85.4502 25.5049 21.3684 49.0161 988.446 140.45 187.688 78.7602 0 31.7536 135.143 269.015 229.614 26.1136 0.0598917 86.8315 5.16983 80.2128 0.428198 23.8099 2.65467 363.302 0.836139 114.653 27.964 
39.125 148.741 44.1995 26.9507 168.572 132.159 197.64 87.4144 21.6826 269.385 19.2314 20.1693 0 2.52516 17.5556 0.0252643 58.5058 65.1886 80.1262 43.1736 22.0609 25.3634 80.9019 28.974 0.102523 15.5001 12.6232 10.7753 
5.40169 40.4105 14.5201 18.1161 23.4695 0.0670824 48.3928 17.7399 138.108 77.3648 80.7576 62.3354 145.88 0 4.0542 4.51122 0.481837 0.16999 10.0784 1.61132 34.5486 10.5853 5.98567 3.498 0.926601 2.16159 9.97608 1.93914 
7.45338 5.84446 32.8511 0.496775 25.0431 29.2414 118.934 183.193 23.9254 125.119 402.391 139.593 0.638229 3.66988 0 7.85023 5.07447 68.6554 22.1457 9.51608 57.5866 7.45165 1.85077 26.8078 9.01884 28.4921 4.75358 1.55804 
66.4685 57.4785 7.08816 39.7557 0.0656094 25.9549 68.6947 94.0889 55.7874 56.5221 79.3784 166.911 21.3355 19.0802 41.1387 0 10.0653 47.6576 24.8888 5.40657 61.2333 9.95407 0.686904 1.57496 2.89027 17.3683 16.7682 3.50541 
38.9198 115.024 32.3188 67.5399 81.9842 66.6663 91.3022 99.0219 123.477 0.725735 31.5667 72.0435 54.8019 16.0752 21.0689 0.372741 0 46.7947 344.791 31.2172 49.3124 20.8271 4.25309 2.2728 35.5982 21.1831 9.44278 24.191 
220.496 483.422 0.278078 76.2738 132.813 121.719 187.771 133.148 214.022 20.6317 32.6344 0.120254 0.703301 22.6576 3.20009 54.0704 27.9486 0 39.168 80.0281 7.97733 17.8518 8.13729 6.9604 0.0365909 57.3189 30.9695 8.9371 
12.25 108.391 22.296 1.81675 40.6327 89.4317 0.661615 50.3626 96.701 0.180868 43.4915 68.4695 43.249 26.7796 2.57194 23.5275 207.677 62.4477 0 22.7359 72.6857 5.91932 0.382876 0.224701 24.8537 17.2616 17.0394 24.5963 
177.831 113.061 27.5127 0.205072 85.6665 19.2407 61.9953 59.2288 97.3985 46.721 8.88218 5.79578 5.66713 4.78968 1.23072 7.83305 3.15672 74.8357 5.24362 0 1.01902 6.36577 2.39693 6.33543 10.129 11.8531 0.732331 1.39991 
209.172 164.923 32.7971 100.804 11.4468 0.0938788 4.297 191.682 10.3737 57.18 136.275 84.2644 76.1138 18.9093 55.3286 42.4148 23.5077 1.94026 32.2095 274.54 0 3.03214 39.5548 3.28269 60.0238 62.6012 39.2848 30.3144 
12.9516 13.9043 7.62574 13.4027 27.3325 15.0507 1.02813 5.18065 67.7586 60.316 60.3923 3.94879 83.1485 4.33923 9.54759 5.75147 4.95749 5.47458 4.58744 0.74008 24.342 0 14.639 13.9432 15.5601 7.77524 7.03521 4.29889 
46.6904 32.4729 12.2629 13.6919 43.5884 0.563073 12.6302 31.6537 0.709122 19.2338 127.903 8.29536 86.0539 6.91295 18.2671 2.14546 0.115765 28.2809 16.8628 2.14146 39.9773 14.6808 0 18.003 19.8255 6.8439 4.11575 9.44254 
57.8516 0.264605 0.595388 25.0837 13.7836 13.6052 69.2129 7.93783 67.9278 13.6747 24.4887 16.1726 12.7452 7.45624 13.9071 28.8805 18.8515 45.2267 0.523734 3.03576 1.41787 3.88446 1.05506 0 13.0617 13.1282 3.27525 3.76317 
42.2686 12.2288 27.6453 12.7601 63.1099 16.9911 0.707553 17.5186 63.092 63.7411 14.7471 920.761 26.2146 0.217337 6.85109 30.4505 11.9956 0.167949 14.9694 2.3726 50.666 41.8318 10.4518 17.1261 0 116.394 129.18 83.4267 
0.542207 12.9994 0.657296 13.0783 1.67502 0.271698 2.6487 169.467 16.7168 59.9354 33.0326 382.565 10.354 12.8539 30.9152 12.4987 15.0665 56.693 18.938 2.31962 32.5253 10.6925 0.152637 9.98287 7.52583 0 28.3537 50.6498 
49.9663 30.2036 3.39488 26.8115 45.7388 3.88675 0.625703 83.8497 10.2301 0.40602 70.4276 40.5873 20.3189 6.27815 1.11057 15.8079 16.2945 10.7294 3.34174 4.92558 3.48043 7.22262 12.5453 5.78271 48.616 10.9773 0 13.4553 
5.09358 57.6413 13.0891 23.7664 46.7523 2.43476 16.824 73.6189 86.8979 35.7595 18.833 175.844 39.0656 5.89266 12.3298 7.62873 15.9161 5.73897 0.119019 0.0735494 0.0297732 9.62648 8.16251 10.7654 4.39959 1.02787 11.5437 0 
