0 530.211 183.043 396.112 247.707 284.06 56.5261 103.107 441.859 146.655 5.1278 13.6255 76.3325 0.756711 28.6002 64.171 378.119 11.0676 106.984 83.5693 3.65118 1.04007 27.5048 2.49576 327.156 70.3122 18.9681 46.1827 
598.687 0 220.819 347.419 58.1381 286.869 9.80899 266.32 437.379 0.616856 220.579 122.358 109.412 30.0621 92.9474 21.1816 337.595 734.308 168.742 1.16995 177.976 29.8957 37.8148 55.7822 339.856 7.46966e-06 37.4863 5.65951 
21.5501 255.499 0 7.52504 0.402327 29.051 231.712 244.498 78.6619 101.756 34.5294 33.8958 3.91048 13.4948 28.1326 10.4436 52.939 136.903 3.34726 19.2788 28.334 8.22357 5.91782 13.1272 9.23995 12.0161 3.17017 19.7689 
446.152 308.621 133.942 0 21.9082 337.179 202.153 548.234 600.287 30.8456 28.5088 240.89 62.9252 9.1575 0.899178 14.0615 279.336 7.32163 61.9316 0.00351802 776.069 9.94472 16.2307 24.4903 298.582 19.7376 8.12238 5.49707 
225.407 409.755 28.995 135.4 0 240.407 9.56135 214.886 198.529 72.7457 13.1124 167.159 123.694 67.739 36.4271 74.2033 3.30098 235.466 59.5873 94.8832 7.8727e-06 52.346 18.8249 36.1051 57.5401 25.3988 48.5977 31.4623 
280.572 492.554 0.00126833 297.489 462.975 0 1100.42 166.17 519.073 468.553 0.819458 3.10456 333.197 0.546435 10.3285 14.0315 331.546 3.98829 66.1384 11.4389 15.3583 18.9116 15.8658 1.30814 278.677 11.9824 0.0469156 15.2113 
159.732 16.0868 25.714 41.0885 274.9 918.995 0 280.251 165.54 505.576 487.169 253.645 141.923 35.8997 102.016 92.4434 0.434893 197.297 21.4846 12.0013 17.8156 2.16671 61.7575 24.5849 83.0053 25.0564 5.00544 4.80099 
163.18 7.07538 6.86767 189.068 218.206 15.8531 335.824 0 478.724 197.598 14.0351 908.877 60.6061 124.962 50.015 246.063 99.7904 93.0061 115.348 29.7733 205.797 55.6581 1.75172 0.986051 104.724 4.74147 34.4941 1.82923 
317.143 358.992 303.111 277.599 207.085 354.052 986.905 73.1529 0 29.0755 1705.79 296.405 64.1086 148.321 182.018 101.018 323.598 134.265 154.507 2.83324 13.8439 67.5646 9.2986 9.34808 346.788 6.00021 73.082 81.3742 
54.7061 6.95536 81.1853 94.9282 174.698 245.483 4.48832 178.706 220.618 0 208.608 139.69 12.404 0.322095 0.151681 0.979976 0.100067 31.2402 45.4453 50.8647 89.2121 0.671773 0.000730268 17.1422 63.2089 65.8264 43.332 41.1093 
89.294 47.2481 176.378 58.4432 50.0421 65.6551 462.376 371.669 162.006 508.188 0 459.831 51.4211 212.169 383.795 102.164 71.7387 170.922 77.161 54.0723 62.3874 0.00563927 56.9539 42.3929 144.949 18.6136 84.4469 96.1487 
16.3724 100.776 71.8989 107.398 20.5262 15.685 35.7453 1030.03 109.198 200.585 122.796 0 26.6652 125.777 273.612 324.723 24.0669 0.457076 88.8066 3.65109 73.364 0.830664 29.2041 6.9914 317.732 4.4326 112.143 36.785 
42.7565 148.458 47.0922 24.4407 163.84 108.581 188.483 92.9729 28.8432 295.899 11.3472 24.7434 0 8.25003 23.776 0.103687 59.4702 61.9331 78.5762 43.1438 23.7998 29.8956 77.103 25.8777 0.00768743 17.1331 11.8488 9.82268 
4.44971 42.9545 14.9912 17.3582 25.8624 0.0019749 53.1521 22.523 134.393 79.7041 99.1621 73.5103 152.542 0 12.3581 6.33463 0.628773 0.373157 9.3825 1.72268 35.5061 10.7349 4.56277 4.29943 0.618281 2.63638 9.77462 1.65515 
5.94881 3.98351 32.0482 0.16665 21.5116 26.921 125.376 179.655 33.8801 129.477 407.807 111.636 2.39851 0.106938 0 21.9568 4.5502 68.2772 20.9816 9.76766 57.1973 8.11094 0.883951 27.5813 10.5298 27.3759 4.24677 1.1275 
69.0098 54.2061 8.25131 38.2517 0.00313319 25.3468 63.7185 69.5315 64.6935 51.3724 99.3879 261.804 25.2831 19.3429 60.2953 0 10.6478 46.0909 24.2381 5.10141 60.4594 9.63413 1.14936 3.56452 2.83649 14.5767 16.3286 4.34009 
308.923 388.354 30.0318 333.628 73.8998 332.331 94.2866 98.4098 390.019 0.290744 34.1233 73.7451 53.5475 15.6516 21.7182 0.527077 0 69.3043 394.061 30.6404 50.8395 20.7155 4.55306 2.02828 301.523 20.6719 9.80195 24.0938 
211.914 458.46 2.07311 67.7579 118.505 123.133 175.917 139.714 210.042 25.2246 38.0991 0.00720185 1.34412 21.2247 4.17148 55.2381 13.5864 0 32.6038 81.9672 10.1563 18.6849 7.35611 7.79114 0.155459 58.1889 30.1576 8.07034 
15.4862 98.4647 25.0422 2.75173 63.9103 87.8621 0.0195196 54.3368 89.7766 0.962186 38.9218 65.6697 46.222 26.9931 3.18757 24.2049 227.123 54.932 0 23.8432 72.5093 5.46942 0.526636 0.33712 24.2782 16.5074 17.4292 24.8901 
154.528 120.417 27.6454 6.17701e-05 88.0902 18.4199 66.0134 64.6025 94.7542 45.198 10.7326 7.64977 4.91399 4.79854 1.03854 7.58625 3.75958 77.3172 6.07609 0 4.87676 6.34892 2.30756 6.31256 9.7838 11.7448 0.625491 1.22546 
220.362 159.815 39.8687 85.9863 8.90545 4.83034e-05 6.43932 185.598 14.5968 60.2313 133.066 91.134 75.4928 17.7767 56.0179 40.3957 25.1565 3.11738 34.1464 224.168 0 2.7145 39.3214 2.67114 59.6304 62.8752 38.6798 31.5673 
12.1643 12.8053 7.33737 13.0985 25.8114 15.6225 1.55248 4.28891 68.3682 59.7359 58.3308 3.01022 85.5927 3.84912 8.88487 5.33708 4.64264 6.05125 4.17982 0.814767 23.8448 0 14.1717 13.7572 14.9564 7.53344 7.31556 4.50957 
46.4326 34.1094 12.1139 14.2642 44.9212 0.791024 14.7225 35.6903 0.174185 16.9757 130.521 11.8747 83.1676 5.54593 16.2496 2.85851 0.0670685 27.2738 16.3962 2.0512 39.855 14.2266 0 15.1247 20.8448 7.22208 4.52621 9.28576 
57.7678 0.0751917 0.828468 25.5505 12.4567 13.0736 68.1761 11.8939 64.1124 11.7582 29.9362 9.17376 10.3932 8.17129 16.1011 27.6012 18.5999 44.6296 0.381291 3.19545 1.8791 4.5106 3.15251 0 17.1779 13.7906 2.71448 4.21237 
305.853 279.432 27.9561 280.074 64.0611 282.384 1.50478 10.4858 323.515 65.4285 19.7624 554.306 27.9536 0.0820673 8.24514 53.8658 278.544 0.0427804 15.6823 2.66936 51.9497 78.3633 10.5894 7.16163 0 77.0048 99.8128 133.935 
1.2019 15.4101 1.1115 15.3854 1.04653 0.0940784 4.31074 187.147 12.0903 57.028 25.0917 398.377 8.99383 12.6829 30.6893 9.85381 14.4655 57.6202 19.6703 2.61371 34.5481 10.6349 0.0707657 10.7954 9.45673 0 30.2901 55.9286 
50.3269 28.9225 3.01271 26.523 45.1889 3.50546 0.346531 86.456 8.75547 0.211071 72.4364 45.6019 19.4826 5.97686 1.40502 15.2986 15.9682 9.99619 3.64167 5.14707 2.99589 7.50186 12.3075 5.08588 52.0245 13.1238 0 6.10484 
6.14658 58.7604 13.8115 22.64 47.8381 2.87454 18.8789 66.8901 84.3716 37.5316 15.5978 176.397 39.8113 5.49537 11.4018 8.68965 15.4841 5.02484 0.202332 0.123748 0.123589 9.50237 8.39023 11.1953 5.66271 3.61295 20.6865 0 
