0 631.796 192.848 600.389 239.167 453.955 45.2775 119.286 620.611 143.717 7.49921 18.3379 73.7894 0.498785 30.462 62.0792 543.726 6.82403 108.917 103.455 7.3506 1.24603 28.4138 1.97674 495.897 68.748 18.0928 47.3107 
698.301 0 292.198 491.887 29.1919 447.865 28.8809 274.262 632.093 0.000657044 229.415 113.958 105.144 28.2077 94.0672 23.4027 498.93 897.8 170.595 0.242197 176.703 28.9867 38.9531 54.9299 505.158 0.0646275 36.6087 6.44956 
32.0001 184.051 0 38.954 0.0383578 24.9943 240.664 230.344 39.7365 104.879 46.0533 41.4291 4.94695 13.0621 29.1484 9.54089 53.6222 130.325 2.47415 18.2437 33.2355 8.42679 5.60777 12.8173 10.0543 11.0795 2.89694 20.0964 
651.054 494.909 131.514 0 27.5186 501.989 203.308 724.297 757.373 27.1822 35.9676 248.617 61.5633 9.79898 0.536699 12.3125 445.611 10.2759 62.2832 0.156828 778.108 10.2108 15.8778 24.8996 466.993 21.5424 8.66016 6.18278 
235.591 362.212 21.2659 129.214 0 286.68 22.8422 217.74 219.497 54.0886 18.5824 169.812 117.273 67.0076 39.3672 73.7507 1.80789 234.542 78.5375 95.0874 0.0937639 51.7171 19.9505 37.2005 58.5648 27.0245 48.7496 32.5085 
445.675 648.584 0.221252 461.409 81.9649 0 804.485 175.735 743.246 432.172 0.0662565 5.15298 425.773 0.340931 11.9234 14.9572 497.784 5.82434 69.7234 10.7239 13.7835 18.6435 15.6997 1.08756 446.003 11.1648 0.0880033 15.6828 
145.521 38.874 14.8737 31.8297 239.66 911.883 0 253.196 397.482 490.545 484.638 244.624 151.653 32.5709 107.954 89.9747 0.139027 189.397 17.4206 9.99429 20.6388 2.68945 60.3347 26.3644 81.3355 22.2234 5.65988 5.70246 
146.33 12.2248 14.6027 238.03 220.346 10.2194 312.75 0 535.231 203.432 23.2429 992.046 56.5386 123.78 58.5601 253.454 99.6495 98.5514 115.886 26.4179 207.099 54.6749 2.65925 0.265576 114.628 9.94959 37.0291 3.13841 
475.515 504.536 244.405 449.784 185.904 568.151 1194.75 36.782 0 15.9623 860.828 317.487 71.6185 147.154 169.138 94.6333 493.242 126.295 155.007 3.96884 17.265 68.0396 7.57035 7.70854 518.026 8.46045 73.9717 79.2726 
60.1384 3.36495 85.881 97.407 198.306 168.42 20.8026 170.83 192.408 0 276.222 128.217 4.12062 0.0368112 0.0697296 1.92136 0.00760638 35.1096 49.8463 51.6884 90.5453 1.05736 0.041853 18.7124 64.4987 67.4996 43.8384 42.3106 
82.6171 56.798 162.226 49.4193 41.3152 49.9779 441.915 366.775 64.3856 452.603 0 483.135 61.5699 213.349 357.845 117.149 73.4242 171.109 73.628 51.9927 66.2991 0.0738791 51.6769 37.8716 145.736 14.0663 83.8518 93.8998 
11.9214 92.4403 62.8662 123.914 17.1882 12.0313 27.1963 1001.23 87.9574 209.225 159.108 0 23.1736 118.423 273.346 387.725 22.6042 0.981693 90.1653 2.70207 68.4021 1.20725 33.387 11.4014 260.634 18.3669 110.062 43.7842 
45.4469 147.892 49.1639 22.6454 159.858 101.232 180.952 96.9666 34.6093 311.126 6.84364 28.3251 0 14.3721 28.7613 0.452896 60.1277 59.5315 77.3339 43.0835 25.0937 33.3252 74.0251 23.6616 0.00677341 18.3545 11.2918 9.14678 
3.80743 44.7902 15.3035 16.7826 27.6416 0.0126447 56.604 26.2972 131.131 81.1157 112.789 81.8042 155.383 0 20.4657 7.7652 0.748109 0.571077 8.88158 1.80508 36.1845 10.8155 3.53104 4.90072 0.430966 3.00532 9.61993 1.45964 
4.94741 2.84014 31.3427 0.0364294 19.0522 25.1706 129.516 176.006 42.5832 131.719 399.764 91.8121 4.37728 0.716239 0 35.1401 4.18203 67.9166 20.1267 9.94405 56.8517 8.59534 0.395033 27.9385 11.6702 26.4467 3.8897 0.854798 
70.7325 51.7639 9.12916 36.997 0.0806719 24.8384 60.0049 53.1159 71.3132 47.56 114.353 330.646 28.2873 19.2647 72.666 0 11.0768 44.9117 23.7463 4.87768 59.8103 9.3891 1.55369 5.44418 2.99105 12.5661 15.9854 4.9926 
478.645 560.188 28.3501 500.312 68.0085 498.694 96.329 97.8569 556.972 0.0962755 36.0194 74.9387 52.5936 15.3368 22.1832 0.656332 0 87.6073 120.118 30.1892 51.9291 20.626 4.7767 1.85746 468.172 20.2896 10.0654 24.0125 
204.641 431.797 4.41934 61.5731 108.03 123.746 166.699 144.297 206.481 28.8095 42.2812 0.160188 1.9406 20.1876 4.95708 56.0373 6.21529 0 28.0859 83.2159 11.899 19.2962 6.80541 8.422 0.294279 58.7691 29.5569 7.45979 
18.0523 91.0964 27.0809 3.55108 83.2836 86.2903 0.124583 57.254 84.6491 1.91959 35.6745 63.5893 48.3851 27.1257 3.67522 24.684 238.803 49.5699 0 24.6387 72.3151 5.14888 0.645783 0.433415 23.8457 15.9543 17.7099 25.0928 
136.069 125.225 27.6373 0.118791 89.6509 17.794 68.855 68.501 92.6394 44.0326 12.1792 9.15207 4.39338 4.80141 0.907462 7.3989 4.2292 78.9832 6.71524 0 20.4477 6.33405 2.24195 6.29083 9.52585 11.6524 0.552434 1.10447 
227.302 155.652 45.27 91.8746 7.23648 0.0557421 8.26384 180.623 18.0961 62.4358 130.527 96.1275 74.9834 16.9567 56.4634 38.8941 26.3761 4.14807 35.5663 182.427 0 2.49252 39.1253 2.26189 59.2786 62.9936 38.2191 32.4736 
11.5978 12.0215 7.12518 12.8703 24.7044 16.0266 2.00185 3.68707 68.7527 59.2119 56.78 2.40173 87.0775 3.49949 8.39996 5.03612 4.41728 6.48776 3.89164 0.87128 23.476 0 13.7542 13.5813 14.525 7.35342 7.51936 4.66432 
46.2023 35.2936 11.9881 14.6702 45.8604 0.980697 16.3263 38.7106 0.0113335 15.3806 131.949 14.8498 80.6999 4.50076 14.7045 3.42417 0.0398109 26.5313 16.049 1.98523 39.7393 13.818 0 12.651 21.5016 7.49088 4.83223 9.16225 
57.6324 0.00970447 1.0216 25.8413 11.5177 12.6734 67.3156 15.2372 61.2657 10.4279 34.1552 5.25444 8.80105 8.64717 17.676 26.1731 18.4084 44.1637 0.291259 3.31214 2.25538 4.98371 5.24576 0 20.3166 14.2405 2.33277 4.54998 
470.829 447.137 28.1231 447.855 64.6887 448.684 2.27162 6.42827 486.246 66.5438 23.814 1053.35 29.2248 0.0239517 9.31567 65.3427 445.674 0.00340976 16.203 2.89459 52.8406 86.8131 10.7326 2.32683 0 39.735 8.51462 71.4334 
1.84484 17.2712 1.51486 17.1269 0.67913 0.0223833 5.76709 198.708 9.14296 54.8059 19.8646 398.547 8.04909 12.5233 30.3802 8.03704 14.0253 58.2433 20.1988 2.83659 36.019 10.5848 0.030502 11.374 10.995 0 31.6015 59.0222 
50.5536 27.984 2.74525 26.2851 44.7636 3.23673 0.194073 88.2426 7.74181 0.108447 73.8337 49.339 18.8717 5.75607 1.64028 14.9077 15.7266 9.47216 3.86755 5.30932 2.66318 7.70463 12.1187 4.59495 54.1605 14.749 0 2.45801 
6.97129 59.5235 14.332 21.7952 48.6004 3.21555 20.4292 61.9742 82.408 38.804 13.3961 175.868 40.3285 5.20632 10.7245 9.4817 15.1656 4.52988 0.276988 0.168542 0.232543 9.40729 8.54968 11.4974 6.67368 6.42204 28.524 0 
