0 249.626 205.946 395.75 219.756 184.763 26.8512 150.924 365.832 137.234 13.1562 28.9664 68.8441 0.156244 34.0266 57.8851 264.788 1.54681 112.03 114.76 17.6906 1.6853 30.1142 1.15472 223.193 65.5099 16.4613 49.3582 
302.844 0 408.535 183.742 1.1286 167.326 89.4722 285.832 409.093 2.43514 243.973 98.0466 96.7264 24.7555 95.6682 27.7889 212.657 163.888 172.394 0.393047 173.072 27.2546 41.0567 53.1854 225.905 0.547481 34.9167 8.07027 
56.0745 66.9136 0 151.567 3.11271 17.7095 249.362 198.354 1.44867 109.658 71.0828 57.0849 7.21456 12.1907 30.8472 7.87808 54.6563 116.463 1.17105 16.2102 43.1631 8.80492 5.02555 12.1935 11.6362 9.34371 2.4076 20.658 
440.901 264.582 359.75 0 39.4722 221.323 201.565 930.636 452.218 20.6862 51.856 257.858 58.796 11.0284 0.103545 9.20533 168.565 17.1045 62.6589 1.06249 617.968 10.7097 15.171 25.5633 193.753 24.9669 9.70367 7.56432 
251.592 263.19 9.62586 116.355 0 322.382 62.0682 221.491 257.347 25.3088 31.2861 174.027 104.685 65.3862 45.0174 72.6184 0.197905 230.268 118.502 94.8999 0.775296 50.4291 22.1214 39.2338 60.3762 30.1536 48.9737 34.4746 
167.616 347.09 2.02362 180.124 666.64 0 1284.7 191.491 562.957 246.418 6.01311 10.3786 605.213 0.0829195 15.1191 16.6914 220.224 10.1889 75.9296 9.38502 10.9881 18.0856 15.332 0.722595 170.83 9.64486 0.200753 16.5533 
118.367 105.316 2.23367 17.0879 172.068 563.731 0 199.856 927.195 432.146 462.252 225.028 168.997 26.5023 118.263 84.7538 0.0291552 172.929 10.7754 6.64723 26.4484 3.8262 57.4499 29.8025 77.8374 17.2037 6.99742 7.60211 
114.825 25.563 36.4144 257.793 222.709 2.83929 263.787 0 618.044 212.657 46.4 1019.23 48.9941 120.596 75.6366 259.863 99.1322 108.961 116.509 20.4697 208.026 52.7306 4.87657 0.15318 132.789 24.6548 41.9274 6.54688 
185.755 195.722 134.895 195.065 145.702 397.251 1288.33 1.44663 0 1.68013 839.048 352.419 86.3248 143.444 231.324 82.1914 222.409 110.98 155.012 6.61672 24.6535 68.799 4.75246 5.00678 250.021 14.1801 75.493 75.0651 
70.6661 0.0907298 94.0735 101.378 240.858 50.0247 81.2768 154.799 139.511 0 405.135 106.446 0.683592 0.270721 2.24492 4.53542 0.120364 42.845 58.34 53.081 92.8361 2.02058 0.413113 21.7857 66.6733 70.3188 44.7194 44.5022 
70.1851 76.5442 133.733 33.8433 26.7287 25.2032 389.081 351.197 49.5514 328.523 0 511.687 82.3769 210.819 289.058 145.201 76.4971 170.684 66.8667 47.9983 73.7658 0.414792 41.9744 29.7449 146.016 7.08275 82.4975 89.2742 
5.35159 76.9837 46.6819 155.252 11.6061 6.3583 13.9615 822.81 52.6428 223.492 233.938 0 17.1319 103.591 264.502 472.896 19.9177 2.51278 92.5338 1.28748 59.1693 2.10901 41.7745 22.4187 224.885 68.0946 105.581 58.0809 
50.602 145.997 52.9627 19.3528 151.191 108.456 165.001 104.327 46.632 328.798 1.38078 35.6131 0 29.8902 39.0257 1.78191 61.2606 54.9485 74.7384 42.88 27.5928 40.0118 67.5917 19.607 0.163357 20.7235 10.2589 7.91654 
2.719 48.1943 15.8161 15.6486 31.0647 0.167457 63.0148 34.0091 123.78 83.0644 138.155 97.4921 155.835 0 37.7298 10.5708 1.00146 1.05936 7.95302 1.96321 37.4165 10.9004 1.78086 6.04444 0.167062 3.74839 9.31046 1.11884 
3.28798 1.19297 29.7496 0.0490163 14.7118 21.778 135.902 166.778 61.8792 133.683 358.536 57.375 9.6486 8.98143 0 61.6224 3.52083 67.0417 18.5037 10.2599 56.0583 9.51346 0.0010382 28.1166 13.8893 24.4526 3.24658 0.438776 
73.6597 47.0524 10.8381 34.298 0.511904 23.7363 52.8668 26.9539 83.9166 40.3263 142.499 438.766 34.1877 18.5012 87.687 0 11.8953 42.6069 22.7801 4.45397 58.3929 8.90124 2.45601 9.75399 3.72198 8.94467 15.2876 6.31452 
208.073 292.803 25.1638 223.612 57.0203 221.362 99.8542 96.5687 280.63 0.0153508 39.6646 77.0778 50.7055 14.7291 23.0403 0.938888 0 125.11 348.613 29.2687 53.9269 20.4381 5.21006 1.5526 191.599 19.5468 10.5662 23.8349 
188.8 414.004 11.1557 50.1183 88.4621 123.922 148.231 152.419 198.302 36.0756 50.5881 0.993847 3.36255 18.2527 6.61443 57.4206 0.0411678 0 20.2698 85.1741 15.5324 20.4585 5.81109 9.66942 0.676735 59.7356 28.4036 6.35852 
23.3403 77.0815 30.9824 5.32362 123.753 82.3811 1.6495 62.7829 74.8667 4.60742 29.7737 59.5827 52.4395 27.3218 4.68289 25.5522 250.014 39.8282 0 26.1076 71.797 4.56168 0.90367 0.648234 23.0005 14.9048 18.2317 25.4489 
99.948 132.84 27.379 0.960203 92.0942 16.556 73.9717 75.753 88.2403 41.7151 15.1246 12.3222 3.47888 4.79851 0.681633 7.02928 5.18262 81.7741 7.99227 0 75.139 6.30002 2.11716 6.23819 9.02566 11.4476 0.425882 0.890846 
237.301 146.854 55.8748 112.763 4.52746 0.448302 12.2967 170.079 25.6225 66.536 125.293 105.458 73.8925 15.4253 57.1695 36.0026 28.7149 6.48589 38.2581 102.72 0 2.09595 38.6951 1.57593 58.4655 63.027 37.3049 34.1644 
10.5473 10.585 6.72075 12.4256 22.6243 16.7567 3.00319 2.66546 69.3375 57.9931 53.7506 1.43247 89.1576 2.86297 7.48554 4.47317 4.00183 7.34851 3.36912 0.982662 22.7651 0 12.8032 13.159 13.736 7.00554 7.90221 4.95891 
45.6699 37.5022 11.7119 15.4077 47.5533 1.39161 19.5199 44.5516 0.232947 12.5077 133.496 21.2512 75.2725 2.60299 11.7081 4.57491 0.00753428 25.1129 15.3781 1.86049 39.4596 12.8821 0 7.71654 22.5213 7.9792 5.4234 8.9084 
57.205 0.0549668 1.43831 26.2718 9.81557 11.8915 65.4564 22.532 55.7748 8.08611 42.6062 0.773659 6.10443 9.41599 20.5144 22.5077 18.0287 43.2147 0.153588 3.53262 3.05682 5.90681 9.98641 0 26.3096 15.0043 1.67965 5.20793 
191.196 172.84 28.2982 173.678 65.7164 171.549 4.14063 1.40861 202.563 68.3691 32.2882 932.126 31.6243 0.00905012 11.4399 62.4594 170.067 0.049664 17.1868 3.33921 54.413 47.2873 11.1057 0.816482 0 60.4968 141.12 40.7529 
3.42662 21.0044 2.43692 20.511 0.198943 0.0219986 9.06053 216.721 4.63285 50.4079 11.4635 372.713 6.38098 12.1437 29.471 4.97143 13.1905 59.2935 21.1824 3.27567 38.7759 10.4713 1.55007e-06 12.4233 14.1522 0 33.8066 62.7969 
50.8964 26.2044 2.26753 25.7732 43.905 2.75179 0.0254333 91.3347 5.97617 0.00680681 76.3072 56.5293 17.7165 5.33759 2.13077 14.1276 15.262 8.50821 4.31047 5.61711 2.08345 8.08502 11.728 3.71388 57.2971 17.9097 0 0.0308754 
8.6555 60.8374 15.2963 20.154 49.9689 3.9046 23.4653 52.7648 78.4372 41.1514 9.63038 172.725 41.2417 4.66425 9.45195 11.0056 14.5565 3.65628 0.450094 0.27198 0.531954 9.21726 8.83453 12.0392 8.73547 13.5675 44.9237 0 
