0 575.801 211.024 417.235 211.199 201.719 228.43 36.2914 313.434 80.2765 144.974 28.5614 68.9833 17.9522 12.811 19.5682 147.624 81.9636 4.67735 180.632 4.69548 9.52499 26.9072 5.16883 101.044 45.7172 45.4707 53.2986 
615.905 0 266.149 337.387 3.66462 141.427 187.563 294.064 224.8 35.139 87.2575 99.8067 30.5294 48.6026 8.68654 24.2102 121.556 954.959 7.91766 5.6814 115.908 37.9359 48.3864 13.9998 133.778 32.3368 40.9947 62.7125 
83.2758 210.157 0 50.8045 76.2123 8.21711 23.5093 87.0034 15.3859 58.7626 10.0516 61.2295 40.4305 2.30699 7.00559 4.66138 1.14053 163.181 37.9085 27.4642 112.875 0.208437 3.91467 14.9506 9.60751 0.796645 14.8264 22.0787 
413.274 108.272 124.792 0 127.51 104.887 76.3762 649.008 123.19 42.5512 50.4544 219.518 71.3641 4.3582e-05 16.2336 31.8155 87.9171 91.3468 14.7184 13.6107 60.4009 0.013351 9.8498 1.67478 114.967 0.631528 27.5538 0.0288742 
37.7251 282.868 20.0599 29.0822 0 67.6966 420.915 221.837 348.348 119.717 234.851 1.13025 137.114 70.2718 55.4072 73.6088 7.31058 0.00176222 138.477 15.4016 8.43897 1.51166 55.5033 38.3005 51.998 52.3526 23.8175 17.9393 
194.569 123.1 8.17947 72.7065 463.376 0 609.484 0.194701 467.899 910.14 264.686 42.4489 258.59 15.1104 19.0597 25.6452 105.902 3.23581 54.7792 23.257 27.1801 10.6794 16.1252 0.111225 71.8021 26.2034 17.9006 21.6605 
267.927 207.326 233.581 50.6688 176.47 102.403 0 191.909 621.139 53.4872 3.39368 77.0659 206.064 1.54455 131.264 57.1862 30.5806 41.5247 60.6893 55.3013 32.3171 51.2663 72.4403 16.3173 51.9336 33.1705 55.904 26.5484 
294.977 55.1876 138.428 386.226 222.86 207.173 129.013 0 569.261 4.87866 354.922 17.8781 141.538 123.178 51.7804 252.771 29.2252 40.7747 116.583 37.9071 200.364 12.9754 88.1553 60.2772 63.3425 8.79576 14.3453 36.6184 
145.147 458.626 191.355 370.347 0.00217269 546.172 6.65146 18.7091 0 76.7124 1047.27 403.206 30.6133 44.7901 34.4994 77.9405 146.492 76.0769 30.3116 83.0586 185.898 7.8413 101.84 92.6731 192.9 2.62413 37.0949 98.3386 
130.457 57.8372 84.0012 86.0812 289.142 427.778 459.199 151.965 5.24358 0 188.107 6.30071 302.949 42.1906 132.129 46.4501 0.359866 110.044 88.5839 50.5923 90.2301 4.29959 47.3567 2.21897 6.67039 28.1379 3.30894 56.88 
3.46943 250.164 210.876 35.0546 229.529 176.213 48.4 5.66545 871.045 523.639 0 144.177 208.75 205.793 178.903 9.0443 58.8397 67.8943 127.824 39.1368 26.5746 41.0532 119.416 35.3224 132.476 90.8346 38.9601 67.7047 
135.542 78.672 42.8805 74.9451 179.887 112.955 28.9828 231.706 0.301881 176.216 13.8289 0 159.33 92.8335 256.694 47.4954 67.1727 0.000149378 69.4752 44.4297 157.608 57.9625 25.426 100.541 293.164 287.729 9.6089 166.422 
50.4582 0.103005 1.43528 40.9806 171.052 98.1806 19.4601 9.23115 7.15121 60.162 49.0666 78.8107 0 6.64823 31.2358 0.0314893 6.71482 6.17423 78.8261 0.2529 32.5592 3.07291 9.15548 22.3421 20.283 39.4554 36.2585 40.1728 
9.8835 24.3402 2.55433 22.6827 15.0815 17.9149 92.7469 27.9508 50.0668 27.9587 75.2284 108.122 151.282 0 54.5543 3.14334 5.83256 52.782 16.0796 1.63747 6.75434 4.20105 3.98522 8.68788 14.6078 12.5583 0.726941 0.14432 
18.9108 87.8624 28.3166 19.6283 76.2862 27.6914 110.605 178.96 183.798 0.17499 265.396 43.1791 5.51244 26.4957 0 70.2577 30.1165 39.5842 0.0899865 5.11264 11.2089 0.619374 0.00973252 0.702441 11.0666 2.37168 1.6324 18.9312 
9.01953 69.144 14.555 6.91019 3.96417 2.00585 24.1213 5.31721 60.8892 89.1525 7.98615 16.809 21.188 18.5325 32.2411 0 2.10114 1.03573 3.80762 0.593581 54.368 9.65939 0.0539155 1.45293 7.36057 5.33466 17.7389 17.927 
75.3442 193.487 44.8403 124.828 85.084 103.61 44.6869 20.7969 179.66 0.1422 89.2646 11.3248 9.30498 21.6905 0.608073 14.4216 0 285.976 440.671 2.44872 9.01235 21.0578 1.50148 7.66195 97.238 24.5031 14.5889 24.2847 
34.8975 190.344 12.8057 131.743 111.283 122.718 63.6542 8.74859 173.153 116.442 21.7526 0.3353 48.093 21.3522 39.3941 43.0515 179.451 0 15.8453 0.0418978 23.3505 3.10577 44.2024 23.3006 59.7114 24.311 42.2309 49.41 
93.2891 133.913 57.6789 28.6844 143.821 2.72447 13.9773 64.1606 14.7823 23.0586 109.066 0.000590405 45.7654 1.21716 29.7642 9.46412 121.253 33.9649 0 36.4959 0.30296 21.7335 11.2082 9.98455 22.4096 21.3913 16.613 12.9669 
33.2148 140.368 20.911 13.2905 33.9508 18.5119 60.1333 99.9331 40.6862 45.557 22.4108 6.58913 35.1066 0.364841 8.10249 2.42935 31.8899 0.442791 26.0932 0 62.8478 6.39218 4.07605 0.392582 0.872481 3.72676 5.11598 11.4647 
171.091 71.0981 103.639 199.928 32.433 2.2643 51.343 135.534 186.115 99.1902 148.589 12.791 15.3931 30.6734 28.6658 29.3925 32.4031 12.1125 47.4147 332.04 0 1.97087 16.7736 43.4754 13.2735 52.873 40.4752 11.1406 
36.3576 49.6993 11.0041 14.7849 24.0086 20.5048 49.8179 63.8507 6.37677 58.0503 4.37861 35.6595 56.4213 1.59337 16.7106 5.36888 5.81355 0.176531 20.4978 0.462185 22.525 0 10.213 6.77494 12.2189 5.88695 0.00463801 0.376304 
0.0786056 50.9573 11.0306 18.8069 37.7128 0.485332 0.35447 41.4299 98.2832 60.383 80.651 9.33412 4.33816 3.0391 12.0416 0.193793 1.51116 40.1785 20.3718 4.11169 14.368 10.3145 0 10.3147 11.938 0.576476 9.60394 0.502859 
41.9746 26.913 0.0176521 2.9247 26.6288 9.72652 71.1234 15.2646 89.1763 52.9851 36.679 167.551 40.1074 4.95526 12.5368 28.9445 21.0164 18.8872 15.7893 2.12296 47.2236 12.673 7.40098 0 45.6614 16.5889 18.5375 4.14226 
122.496 75.3676 1.44652 104.816 41.7827 86.2781 57.0992 36.9785 84.3801 8.96414 3.48904 443.001 55.0514 15.74 8.74725 33.9225 74.7074 59.4159 1.74685 13.5705 42.9101 71.5793 24.1473 16.8314 0 53.714 110.629 97.5687 
51.4898 4.2419 21.7561 0.0165756 5.07996 23.3158 94.7759 113.028 50.6034 4.96628 81.231 173.945 5.7569e-05 2.92836 0.0187424 2.25956 27.1397 25.4573 4.68019 11.2089 58.4848 1.41427 5.66307 15.3425 43.9114 0 7.47533 9.82776 
1.58763 47.783 15.0077 2.94565 41.5606 19.8639 60.114 66.4062 38.9912 47.6928 79.7122 73.579 39.0505 3.9864 14.7892 16.9827 11.2791 25.5402 3.03093 0.639992 28.2686 0.0145703 8.05763 19.2392 55.597 24.5939 0 77.6626 
53.1359 32.4989 18.8234 32.3703 4.20715 20.2316 46.3738 15.8295 99.0809 55.9049 107.84 74.317 1.66554 2.48865 23.1588 21.2157 19.7297 47.3134 4.90006 8.85287 48.4875 10.1198 6.71734 11.1303 29.3427 61.3244 83.0845 0 
