0 113.939 211.102 398.432 194.086 129.103 11.5669 186.182 322.074 128.757 21.1256 43.1194 63.2008 0.00239607 38.0073 52.9334 196.055 0.0830355 114.601 119.357 33.8582 2.24713 31.9603 0.495552 161.772 61.5331 14.6976 51.4817 
140.678 0 471.795 102.851 14.43 107.982 184.927 292.948 399.991 10.5454 256.367 80.7079 86.9939 21.0496 96.6247 32.8772 137.118 753.738 171.723 3.47231 167.24 25.3231 43.2981 51.0612 157.22 1.63088 32.999 10.0505 
87.3487 2.03767 0 270.676 12.1034 10.6384 245.672 157.488 20.5235 113.077 102.243 76.013 10.1703 11.157 32.3473 6.13687 55.3925 99.4808 0.282801 13.8884 54.8764 9.21286 4.39192 11.4505 13.432 7.50465 1.91016 21.1866 
428.391 258.487 306.939 0 54.372 150.47 193.72 424.719 341.879 14.2925 71.6027 259.343 55.4628 12.4015 0.0185505 6.1587 102.869 26.392 62.6263 2.97781 120.432 11.254 14.3335 26.1209 131.856 28.6958 10.8937 9.21042 
263.655 154.25 1.9019 100.76 0 361.846 123.079 223.045 294.534 5.48641 48.6172 177.409 90.3285 63.2398 51.3343 70.9508 0.310634 221.783 165.779 93.8145 2.29816 48.8574 24.5782 41.4158 62.1768 33.6791 49.1242 36.6245 
102.693 248.548 6.03666 110.233 7.4427 0 631.377 204.674 564.824 420.603 23.4078 18.1138 622.452 0.00177787 18.8477 18.5586 153.285 16.301 81.7368 7.93875 8.19911 17.3935 14.8453 0.401551 107.012 8.02063 0.379053 17.4793 
88.996 204.635 1.36396 5.74822 102.425 75.4063 0 141.179 1292.49 332.499 412.918 200.088 186.025 20.2411 127.936 78.2229 0.599324 152.817 5.15884 3.68064 33.5378 5.30583 53.9858 33.6901 73.4839 12.2423 8.62588 9.99061 
81.8506 45.3737 69.7929 359.462 222.693 0.000243432 204.85 0 661.265 219.862 79.7387 848.733 40.9484 115.679 95.3149 254.923 98.1772 120.235 116.587 14.5864 206.68 50.4559 8.07248 1.94853 151.328 47.4567 47.465 11.6888 
109.823 108.429 40.8105 168.969 103.054 450.054 910.187 18.0032 0 2.99178 1050.36 381.653 103.069 137.033 154.702 68.1902 163.303 93.9488 153.573 10.2834 34.1317 69.4226 2.36088 2.65961 193.67 22.0242 76.9213 70.0889 
82.5229 1.97432 101.84 104.591 281.623 28.642 182.337 135.715 85.7323 0 525.155 82.9063 15.7929 1.7102 8.11647 8.6437 0.6862 51.9447 67.8467 54.3577 95.0027 3.43722 1.27041 25.3138 68.6497 72.868 45.5732 46.7897 
56.9262 100.418 101.244 19.4415 13.9187 6.97318 314.26 325.009 134.777 186.044 0 517.129 107.199 200.898 195.654 174.079 79.707 169.021 59.3281 43.5129 82.0692 1.11575 31.8789 21.5602 144.466 2.03869 80.6547 83.635 
1.06432 60.651 30.72 188.26 6.61766 2.10789 4.23558 505.109 22.8779 235.666 319.414 0 11.3808 86.2879 242.735 492.356 17.0768 5.02276 94.8334 0.319673 49.2907 3.39352 51.6209 38.2349 252.079 149.547 99.8436 75.0771 
56.3708 142.659 56.9405 15.8956 140.035 118.734 145.231 112.103 61.4037 329.708 0.190895 44.3823 0 51.7624 51.2963 4.25156 62.3399 49.8415 71.5094 42.5183 30.4303 47.5725 59.7132 15.3895 0.578989 23.4197 9.14976 6.63314 
1.71495 51.8277 16.2568 14.3353 34.9136 0.543125 69.8169 43.2733 114.021 84.0702 164.124 114.306 148.81 0 54.2349 13.5892 1.32385 1.77281 6.95804 2.14123 38.6973 10.8894 0.441857 7.26484 0.0173415 4.62849 8.94325 0.788583 
1.82617 0.183734 27.6261 0.460037 10.4425 17.9856 140.558 153.341 86.5597 132.283 281.207 26.6995 17.6337 26.0146 0 83.7859 2.84478 65.7822 16.7074 10.5807 54.9691 10.5237 0.397526 27.5446 16.3969 21.9383 2.58805 0.136031 
76.3523 41.7503 12.7722 30.8844 1.42252 22.3176 44.9196 7.52461 97.6585 32.4589 171.675 494.668 40.9342 16.7842 86.68 0 12.81 39.9538 21.659 3.98682 56.5434 8.32772 3.63038 15.172 5.16942 5.41421 14.4467 7.88996 
149.405 236.316 21.6664 157.638 45.3167 154.66 103.204 94.7773 214.822 0.367164 43.7721 79.2557 48.4945 14.039 23.952 1.30937 0 168.254 154.756 28.1515 56.0342 20.2016 5.70515 1.24362 126.058 18.696 11.1242 23.6022 
168.573 428.443 21.8683 38.1026 67.7197 122.603 126.713 160.468 187.186 44.7675 60.3027 2.74598 5.37916 16.1601 8.70201 58.747 5.49598 0 12.8865 86.6979 20.0451 21.7523 4.78589 11.1298 1.28289 60.5997 27.1022 5.22462 
29.7917 61.8094 35.3115 7.66618 171.096 76.7347 5.33906 68.8766 64.055 8.87906 23.671 55.059 56.8385 27.4542 5.92349 26.4511 240.149 29.8463 0 27.6697 70.9941 3.94237 1.23849 0.935766 22.0253 13.7412 18.7947 25.7999 
62.0489 138.74 26.7265 2.80822 93.9822 15.1167 79.1643 83.4846 82.8119 38.9941 18.6844 16.305 2.57829 4.7825 0.466604 6.59909 6.33337 84.2762 9.50249 0 160.259 6.2533 1.97827 6.16235 8.45535 11.1756 0.303891 0.678409 
243.204 135.85 67.9072 92.0723 2.24052 1.32067 17.6104 156.863 35.2358 70.9431 118.883 115.501 72.4924 13.7658 57.7375 32.745 31.3444 9.65269 41.2363 32.3786 0 1.69312 38.1289 0.954892 57.3429 62.7714 36.229 35.9945 
9.41869 9.07017 6.26945 11.9141 20.3515 17.5077 4.33887 1.71789 69.7636 56.3056 50.2671 0.643932 90.2973 2.20627 6.48652 3.86427 3.55898 8.35387 2.82647 1.11278 21.9587 0 11.5362 12.5611 12.9116 6.61029 8.32111 5.28734 
44.9344 39.8874 11.3494 16.1721 49.29 1.92323 23.2716 51.1421 1.28869 9.58233 133.405 29.3959 68.2524 0.941639 8.44778 5.92776 0.00148344 23.5249 14.6156 1.72278 39.057 11.6287 0 2.99294 23.2785 8.48386 6.09274 8.59758 
56.4718 0.364688 1.97493 26.5599 8.05289 10.9937 63.0582 31.9295 49.5946 5.78657 52.5173 0.490726 3.64206 10.0291 23.3093 17.4111 17.582 42.0631 0.0516594 3.77555 4.07884 6.95612 15.325 0 32.5779 15.702 1.0698 5.96071 
122.457 110.232 28.2737 111.153 66.604 105.544 6.83082 0.105147 129.732 69.9336 42.7357 1029.6 34.258 0.13863 13.9017 34.1273 105.684 0.286224 18.2715 3.85797 55.9718 11.9326 11.6799 10.6105 0 123.643 3.6159 120.941 
5.72072 25.4262 3.68703 24.3182 0.000622099 0.22921 13.4834 229.692 1.36971 45.3036 4.69067 309.329 4.72864 11.6105 27.9928 2.31429 12.2653 60.2539 22.2429 3.78603 41.7709 10.3175 0.0366747 13.4964 17.9315 0 35.7646 63.4489 
51.1429 24.2329 1.7839 25.1142 42.8731 2.25244 0.0234244 94.2896 4.26356 0.0368032 78.7695 64.5793 16.4411 4.87478 2.74076 13.2083 14.7363 7.48435 4.82442 5.95867 1.51917 8.50037 11.2465 2.8213 59.2892 21.4539 0 4.42554 
10.7016 62.0863 16.3256 18.2862 51.3661 4.73114 26.965 42.8721 73.6835 43.6431 6.1172 166.064 42.1491 4.07525 8.0704 12.7059 13.8725 2.78794 0.690418 0.414939 1.00577 8.9916 9.1227 12.5887 11.1468 23.5554 63.2897 0 
