0 453.102 206.88 784.337 168.34 485.795 3.10002 216.525 685.383 120.133 29.6787 57.6381 58.0385 0.0690954 41.5686 48.2841 539.268 2.77171 116.079 158.618 52.0083 2.81724 33.5728 0.136104 511.832 57.6625 13.1622 53.2421 
450.437 0 449.256 455.215 64.5587 469.232 282.95 293.942 790.835 22.3983 263.763 65.7564 78.0338 17.8678 96.7314 37.5866 475.586 46.2293 168.734 8.75762 160.478 23.587 45.2149 48.9971 500.826 3.08609 31.2473 11.9818 
117.115 22.9808 0 289.822 24.7492 5.57821 230.665 119.032 88.9506 114.348 131.495 93.7587 13.1863 10.1828 33.3135 4.69926 55.674 83.4332 0.00116491 11.7954 65.6976 9.5673 3.83906 10.744 15.0592 5.96112 1.50679 21.5722 
795.05 658.89 293.783 0 68.7559 491.749 181.733 465.301 640.597 9.41412 90.5577 252.689 52.2632 13.6283 0.30015 3.86566 449.62 36.0424 62.1922 5.456 207.696 11.7328 13.5396 26.4538 481.578 31.8968 11.9848 10.7746 
268.874 72.5542 0.0368408 86.0531 0 428.831 187.869 222.06 321.739 0.0154539 66.6353 179.237 77.3724 61.0182 56.9655 69.0976 2.12118 211.021 207.179 92.0651 4.34289 47.3247 26.814 43.2972 63.5944 36.8676 49.1704 38.518 
451.841 563.133 11.2404 453.831 685.494 0 582.701 212.082 922.595 500.787 47.5624 26.6296 415.184 0.11502 22.2654 20.1549 498.33 22.8126 85.8113 6.69217 6.00114 16.711 14.3415 0.191378 455.254 6.63738 0.586439 18.2691 
64.4707 303.231 12.5169 0.643394 51.2814 61.5335 0 92.8472 1184.1 228.198 351.168 175.605 198.798 15.1536 134.732 71.8111 1.72948 133.64 1.81632 1.73369 40.4061 6.82269 50.6708 37.2129 69.1994 8.41018 10.2112 12.3713 
55.3906 67.0081 105.521 488.515 220.3 2.39194 151.687 0 650.111 223.422 115.067 572.112 34.1 110.112 112.946 240.005 96.9815 129.97 116.103 10.0379 203.355 48.3171 11.565 5.25071 165.842 72.4452 52.4801 17.4401 
451.195 449.556 1.66887 561.053 68.6491 879.579 380.466 80.7889 0 19.5363 723.451 397.794 118.144 129.288 96.4735 55.8074 515.644 78.9353 151.001 14.1877 43.6568 69.7822 0.905898 1.16504 548.05 30.251 77.962 65.3894 
93.12 8.56701 107.393 106.337 309.512 139.166 286.872 117.881 45.8719 0 590.426 63.0285 44.9697 4.03319 16.2459 13.3238 1.58697 60.4612 76.2853 55.2513 96.5959 5.00952 2.43158 28.5511 70.0091 74.5988 46.2246 48.6978 
45.7153 122.959 73.1413 9.60527 5.79709 0.200882 239.496 294.647 206.139 79.6022 0 497.898 130.262 186.141 112.574 196.257 82.3928 166.473 52.602 39.4725 89.4664 2.03166 23.6394 15.1202 141.428 0.0935621 78.7053 78.18 
0.0165245 47.0369 18.7372 214.434 3.28536 0.230126 0.279906 218.72 6.19282 242.938 390.979 0 7.144 70.5814 214.117 436.789 14.6641 7.98643 96.589 0.00263869 40.8666 4.7955 60.7533 55.0152 160.334 232.562 94.0782 90.837 
61.5482 138.593 60.2521 12.9989 128.852 99.2115 126.219 118.652 75.6549 313.587 3.55075 52.7659 0 73.8287 62.6783 7.31689 63.1442 45.2696 68.3216 42.0728 33.026 54.3265 52.188 11.9172 1.16752 25.8828 8.18985 5.55934 
1.00322 54.9279 16.5311 13.1202 38.3813 1.05857 75.526 52.0498 104.06 83.908 184.01 128.294 136.286 0 61.6196 15.9657 1.64973 2.56477 6.10087 2.30271 39.7643 10.7849 0.000990352 8.25958 0.0139746 5.45492 8.5937 0.537677 
0.868656 0.0290116 25.4467 1.18034 7.15816 14.6518 142.406 138.869 110.418 127.863 196.705 8.34521 26.4489 43.1873 0 89.5365 2.29206 64.3993 15.1094 10.8405 53.8091 11.413 1.48322 26.3633 18.6404 19.4778 2.05042 0.0106905 
78.2339 36.9844 14.5073 27.5328 2.62156 20.8891 37.9025 0.230362 109.42 25.7242 194.279 471.588 47.0379 14.5999 70.1944 0 13.6346 37.5006 20.6132 3.57319 54.6477 7.78843 4.79665 20.0083 6.98551 2.8728 13.6387 9.37579 
502.255 589.803 18.6027 503.547 35.4811 499.901 105.673 92.8522 560.667 1.07824 47.4959 81.0259 46.414 13.4069 24.7321 1.69228 0 205.303 10.2437 27.0684 57.8196 19.9644 6.16162 0.993136 472.611 17.9105 11.6266 23.3613 
148.645 378.92 34 28.238 50.5317 120.081 107.045 166.729 175.569 53.0249 69.3679 5.04984 7.57222 14.34 10.7868 59.7425 21.0962 0 7.55905 87.4623 24.4955 22.9149 3.93889 12.5046 1.98836 61.1833 25.9168 4.28932 
36.0273 48.732 39.1341 10.082 212.105 70.6478 10.3751 74.2625 54.5451 13.7994 18.653 50.9529 60.6619 27.4957 7.14027 27.1962 211.85 21.8183 0 29.0006 70.0712 3.41691 1.582 1.23747 21.1192 12.7017 19.285 26.0747 
33.9434 141.542 25.825 5.23186 94.9077 13.7816 83.314 90.0267 77.5109 36.4388 22.1161 20.2611 1.87655 4.75665 0.306633 6.19758 7.44375 85.9559 10.9326 0 239.087 6.20333 1.85357 6.07884 7.9323 10.8928 0.211239 0.510551 
243.607 125.04 78.6167 38.5819 0.85557 2.48995 23.0803 143.872 44.8643 74.743 112.643 124.123 71.0694 12.3184 58.0502 29.8008 33.7262 12.9877 43.8892 1.74796 0 1.36548 37.5424 0.526248 56.1427 62.2799 35.2103 37.5891 
8.44148 7.78666 5.86337 11.4399 18.3527 18.1235 5.73297 1.03864 69.9435 54.5041 47.0505 0.198958 90.2433 1.67144 5.61349 3.3367 3.17831 9.29969 2.37404 1.23529 21.2198 0 10.2503 11.918 12.2244 6.24851 8.69073 5.58294 
44.1469 41.9569 10.9762 16.8044 50.7123 2.4643 26.7924 57.0758 2.95328 7.22601 131.695 37.4872 61.2419 0.120901 5.75625 7.1601 0.0228855 22.0913 13.9167 1.60014 38.6138 10.3515 0 0.464137 23.5994 8.89817 6.70097 8.29394 
55.5851 0.874732 2.51893 26.6445 6.59262 10.1672 60.6232 41.3307 44.0366 4.01539 61.706 4.47411 1.94433 10.3347 25.3729 12.4727 17.1587 40.9439 0.00622585 3.99117 5.11157 7.90319 19.0191 0 37.4074 16.1809 0.632605 6.65089 
466.349 459.764 28.0547 460.693 67.1679 451.832 9.77091 2.82753 470.401 70.9055 52.843 1062.12 36.5799 0.384858 16.1584 21.8298 453.349 0.664544 19.2356 4.34406 57.1951 52.6421 12.3418 25.3597 0 63.1503 138.595 9.59635 
8.23986 29.6029 4.99424 27.6985 0.125424 0.59997 18.0815 234.261 0.0780792 40.5912 1.10264 231.866 3.4355 11.0391 26.2828 0.741505 11.438 60.9263 23.1634 4.26211 44.3813 10.1549 0.132768 14.3582 21.4635 0 37.0295 60.7856 
51.2426 22.472 1.39363 24.4441 41.8778 1.84081 0.18846 96.4873 2.95704 0.192282 80.7106 71.7656 15.3048 4.46267 3.34398 12.3423 14.2558 6.60828 5.30537 6.26461 1.08502 8.86611 10.7744 2.10668 59.7151 24.5743 0 14.1984 
12.6867 63.0127 17.2056 16.5849 52.5056 5.52427 30.1998 34.4591 69.1453 45.7614 3.60261 157.427 42.8649 3.56204 6.87263 14.2123 13.2524 2.1018 0.949179 0.568208 1.55703 8.77614 9.35471 13.0311 13.3188 33.4303 77.5904 0 
