0 451.76 205.64 782.952 164.629 482.545 2.34406 220.556 682.73 118.871 30.962 59.7683 57.318 0.0937165 42.0595 47.6277 534.036 3.44192 116.221 167.018 54.7592 2.90114 33.7925 0.103896 507.567 57.106 12.9533 53.4745 
444.92 0 440.247 452.752 74.0217 467.167 296.663 293.67 791.58 24.3609 264.494 63.747 76.7821 17.4394 96.6895 38.2468 469.806 487.836 168.144 9.67014 159.433 23.3465 45.4728 48.6998 495.674 3.32324 31.0026 12.2605 
121.23 31.7886 0 284.029 26.8106 4.99068 227.773 113.741 101.521 114.386 135.546 96.239 13.6297 10.045 33.4175 4.511 55.6842 81.1843 0.00122554 11.5073 67.203 9.61549 3.76387 10.6434 15.2847 5.75668 1.4542 21.6188 
790.763 661.277 299.81 0 70.7987 486.255 179.731 1165.9 628.92 8.8087 93.2385 251.183 51.8057 13.7972 0.365876 3.58479 444.937 37.465 62.1018 5.85212 709.741 11.7983 13.4267 26.4872 477.271 32.3253 12.1375 10.9971 
269.16 63.1748 0.168438 83.9887 0 436.03 197.245 221.745 324.961 0.218863 69.2906 179.399 75.5868 60.6892 57.7387 68.8149 2.49891 209.309 212.642 91.7657 4.67625 47.1035 27.1256 43.5517 63.7755 37.3102 49.1701 38.7773 
447.615 553.933 12.0666 448.764 408.398 0 732.441 212.755 915.427 595.736 51.4601 27.9171 638.19 0.144638 22.7393 20.3687 493.367 23.785 86.2832 6.52409 5.72055 16.6121 14.2669 0.16821 450.762 6.45224 0.618704 18.3752 
61.269 316.795 14.914 0.335534 45.3549 101.273 0 86.6726 1136.41 213.657 341.626 172.098 200.356 14.4938 135.519 70.8878 1.93204 130.928 1.4853 1.51944 41.3918 7.0467 50.1977 37.702 68.5798 7.9291 10.4399 12.7181 
52.0259 70.2543 110.75 495.759 219.792 3.09158 144.513 0 644.807 223.691 120.279 529.754 33.183 109.26 115.35 237.208 96.7908 131.283 115.995 9.46658 202.738 48.0139 12.0936 5.83163 167.66 76.1655 53.1761 18.3169 
446.065 445.164 0.326689 563.15 64.2767 883.474 313.626 92.6444 0 22.926 1250.41 399.215 120.219 128.072 102.986 54.1241 511.709 76.8911 150.55 14.7722 45.0457 69.8169 0.757374 1.00495 544.361 31.4707 78.0878 64.723 
94.5745 9.837 108.045 106.491 312.595 162.431 301.36 115.381 41.167 0 595.441 60.4032 50.0386 4.42983 17.5676 14.0408 1.74096 61.6613 77.4388 55.3557 96.7896 5.24926 2.62124 29.0031 70.1654 74.7952 46.3061 48.9507 
44.2239 126.13 69.423 8.49616 4.93923 0.0201959 228.978 290 225.189 67.7082 0 493.492 133.474 183.702 102.005 198.967 82.7497 166.042 51.6766 38.9132 90.4838 2.17988 22.5701 14.3032 140.887 0.0224011 78.4136 77.3979 
0.0839717 45.2441 17.2783 217.71 2.91214 0.118568 0.0998754 185.028 4.69366 243.657 400.129 0 6.62946 68.4232 209.594 424.269 14.3405 8.44927 96.8086 0.000403734 39.7379 5.00811 62.0306 57.4948 143.366 243.97 93.2372 93.0308 
62.2633 137.952 60.6894 12.6145 127.226 94.1018 123.522 119.523 77.688 310.151 4.34479 53.9608 0 76.9648 64.2598 7.80211 63.2431 44.6385 67.8596 42.0021 33.3889 55.2515 51.1231 11.4625 1.26507 26.2264 8.0596 5.41662 
0.91907 55.3438 16.5597 12.9498 38.8611 1.143 76.2815 53.2909 102.604 83.8054 186.438 130.12 134.137 0 61.9088 16.2579 1.69759 2.68573 5.98494 2.32518 39.9058 10.7634 0.0032709 8.38701 0.0233806 5.57145 8.54384 0.506437 
0.763111 0.0642846 25.1269 1.30597 6.74679 14.2 142.482 136.711 113.782 127.023 184.724 6.58799 27.7769 45.3867 0 89.0716 2.21962 64.1892 14.8896 10.8743 53.6349 11.5345 1.68553 26.1522 18.9482 19.1253 1.98011 0.00442022 
78.4529 36.3266 14.7458 27.0518 2.81584 20.6807 36.9462 0.026843 110.989 24.8249 197.059 462.986 47.8805 14.2589 67.0188 0 13.749 37.156 20.4655 3.51644 54.368 7.71209 4.96418 20.6439 7.27221 2.57632 13.5231 9.58565 
498.397 585.931 18.1859 498.704 34.1798 494.964 105.973 92.5622 555.798 1.20623 48.0138 81.257 46.1189 13.3184 24.8372 1.74906 0 210.151 120.764 26.9126 58.0587 19.9297 6.22575 0.960459 467.875 17.8001 11.6963 23.3255 
145.784 365.513 35.8445 26.9546 48.2851 119.634 104.323 167.519 173.848 54.1973 70.6446 5.4231 7.90421 14.0925 11.0909 59.8654 24.0062 0 6.92463 87.5223 25.1404 23.0761 3.82711 12.6998 2.09808 61.2495 25.7513 4.16602 
36.92 46.9865 39.656 10.4389 217.481 69.7376 11.1969 75.0002 53.2499 14.558 17.995 50.3817 61.1806 27.4956 7.31627 27.2946 206.829 20.7848 0 29.1793 69.9283 3.34643 1.6328 1.28253 20.9914 12.5582 19.3518 26.1098 
30.6796 141.735 25.6773 5.62096 94.9772 13.5942 83.8471 90.8979 76.7475 36.0773 22.6079 20.8358 1.78747 4.75221 0.286987 6.14093 7.60319 86.1449 11.1358 0 249.072 6.1958 1.8363 6.06612 7.85911 10.8508 0.19967 0.489036 
243.291 123.483 80.0767 32.1209 0.714582 2.68052 23.8876 142.001 46.2659 75.2566 111.744 125.282 70.8599 12.1212 58.0786 29.3925 34.0575 13.4855 44.2547 0.494398 0 1.32263 37.4553 0.476622 55.9623 62.1922 35.0652 37.8061 
8.30885 7.61476 5.80707 11.3731 18.0792 18.2043 5.94049 0.957543 69.9531 54.2338 46.5989 0.157192 90.1546 1.60193 5.49478 3.26525 3.12683 9.43397 2.314 1.25268 21.1162 0 10.0634 11.8214 12.1334 6.19791 8.74144 5.62393 
44.0284 42.2378 10.9211 16.8877 50.8988 2.54384 27.29 57.8954 3.23681 6.92129 131.337 38.658 60.2282 0.0673237 5.40985 7.32948 0.0278674 21.8922 13.8189 1.58322 38.5463 10.1656 0 0.282152 23.6162 8.95243 6.7856 8.25009 
55.4453 0.962709 2.59875 26.643 6.39977 10.0515 60.2656 42.6945 43.2692 3.79306 62.9912 5.33725 1.74903 10.3576 25.6196 11.7938 17.0984 40.7826 0.00339728 4.02084 5.26314 8.03393 19.3948 0 37.9949 16.2356 0.580591 6.7473 
461.262 455.466 28.0097 456.39 67.2284 447.071 10.216 3.49337 464.905 71.0071 54.2868 199.049 36.8977 0.428573 16.4721 22.6531 448.773 0.729373 19.3684 4.41285 57.351 60.1536 12.4446 27.4865 0 53.2387 144.823 12.4743 
8.62207 30.1951 5.18811 28.1599 0.165455 0.665013 18.7621 234.341 0.0241601 39.9321 0.799726 220.341 3.2711 10.9534 26.0196 0.590203 11.3237 61.0051 23.2884 4.3293 44.7363 10.1305 0.150785 14.4691 21.9576 0 37.1656 60.1834 
51.2472 22.2289 1.34294 24.3455 41.7348 1.7866 0.223844 96.7565 2.79365 0.223467 80.9587 72.7532 15.1482 4.4059 3.43158 12.2196 14.1885 6.49015 5.37348 6.30694 1.03033 8.91622 10.7061 2.01459 59.6742 24.9973 0 15.9254 
12.9723 63.1262 17.3238 16.3482 52.6547 5.6378 30.6539 33.3371 68.4983 46.0453 3.30383 156.045 42.9565 3.49229 6.71054 14.4181 13.166 2.01384 0.98825 0.5913 1.64279 8.74533 9.3848 13.0884 13.6152 34.8115 79.2926 0 
