0 427.746 203.948 756.753 160.144 454.866 1.5752 225.322 655.661 117.336 32.5307 62.3571 56.4528 0.128205 42.6471 46.8376 503.947 4.34028 116.369 177.692 58.1261 3.00333 34.0547 0.070954 478.642 56.4325 12.7041 53.7495 
415.932 0 427.728 426.452 86.0841 441.075 312.994 293.212 768.426 26.8117 265.274 61.3608 75.2791 16.9299 96.6209 39.0406 439.097 525.041 167.381 10.8202 158.146 23.0582 45.7795 48.3399 465.689 3.61897 30.7084 12.5982 
126.136 44.0797 0 274.534 29.3743 4.32557 224.061 107.442 117.384 114.387 140.385 99.2133 14.1691 9.87904 33.5322 4.28907 55.6872 78.4865 0.0139312 11.163 69.0066 9.67298 3.67421 10.522 15.5549 5.51484 1.39224 21.6725 
761.048 640.157 299.273 0 73.2597 455.857 177.229 626.619 591.063 8.10638 96.4637 249.195 51.2528 13.9992 0.45326 3.26053 415.526 39.1957 61.9838 6.34308 356.343 11.8767 13.2904 26.5229 448.299 32.8335 12.3209 11.2655 
269.361 52.6694 0.45213 81.5097 0 442.712 208.547 221.31 328.633 0.773826 72.5199 179.562 73.4511 60.2881 58.6629 68.4677 2.99231 207.188 219.069 91.3886 5.09185 46.8354 27.4996 43.8547 63.9876 37.8406 49.1676 39.0873 
418.792 519.114 13.088 418.911 154.899 0 56.3632 213.445 881.758 1012.37 56.2911 29.4937 242.399 0.184619 23.3067 20.6225 463.606 24.972 86.8179 6.3242 5.39198 16.4921 14.1759 0.142361 421.575 6.23243 0.65853 18.5014 
57.5028 332.874 18.0482 0.0971285 38.6727 159.984 0 79.47 1070.69 196.394 329.935 167.866 202.151 13.7181 136.411 69.7705 2.18962 127.663 1.13162 1.2807 42.5839 7.31961 49.6262 38.2883 67.8294 7.36907 10.7169 13.1392 
48.1003 74.2186 117.078 499.76 219.126 4.04739 136.01 0 637.28 223.941 126.611 478.821 32.0943 108.213 118.213 233.635 96.5539 132.845 115.852 8.80123 201.948 47.6481 12.7413 6.56705 169.774 80.6914 54.0105 19.3927 
416.215 416.448 0.0861372 541.98 59.1797 863.25 239.51 107.757 0 27.3266 454.893 400.648 122.699 126.57 114.008 52.1199 483.186 74.4547 149.979 15.4868 46.7316 69.8537 0.596574 0.828304 516.12 32.9566 78.2327 63.9193 
96.312 11.4714 108.789 106.647 316.021 192.035 318.538 112.38 35.8199 0 600.057 57.3031 56.4117 4.9289 19.2113 14.9214 1.93497 63.1057 78.8155 55.4746 97.0132 5.54357 2.85778 29.5459 70.3424 75.0166 46.401 49.25 
42.4574 129.941 65.039 7.25129 3.9988 0.0507017 216.394 284.303 252.91 54.5601 0 487.673 137.324 180.66 89.7912 202.086 83.1726 165.5 50.5698 38.2428 91.7005 2.36443 21.3133 13.3492 140.199 0.00142828 78.057 76.4523 
0.233489 43.1273 15.5981 221.509 2.49338 0.0330619 0.00364881 147.579 3.16583 244.424 410.787 0 6.03625 65.8474 204.017 407.947 13.9561 9.02088 97.0641 0.0111921 38.3981 5.26889 63.5643 60.5104 124.575 257.458 92.2159 95.6592 
63.1199 137.16 61.2064 12.1592 125.256 87.424 120.275 120.556 80.1413 305.665 5.40123 55.4032 0 80.7302 66.1534 8.40283 63.3576 43.8829 67.2992 41.9144 33.8251 56.3559 49.8411 10.9263 1.3872 26.639 7.90433 5.24748 
0.822879 55.8379 16.591 12.7449 39.4362 1.24832 77.1751 54.7854 100.836 83.6566 189.233 132.269 131.439 0 62.0041 16.5942 1.75586 2.83437 5.84693 2.35217 40.0733 10.7353 0.0267401 8.53599 0.0378421 5.71168 8.48362 0.470121 
0.645402 0.12486 24.7383 1.46482 6.26796 13.6625 142.516 134.081 117.82 125.944 170.438 4.74768 29.4 47.9075 0 88.1068 2.13409 63.9312 14.6266 10.9142 53.4219 11.6795 1.94407 25.8844 19.3159 18.6997 1.89718 0.000492142 
78.7019 35.5391 15.0308 26.4708 3.05784 20.4277 35.8057 0.0464426 112.847 23.7592 200.263 451.08 48.8884 13.8399 63.0057 0 13.8862 36.7414 20.2876 3.44861 54.0273 7.62009 5.16647 21.3889 7.62647 2.24022 13.3834 9.8383 
469.97 557.451 17.689 469.085 32.6415 465.234 106.319 92.207 526.144 1.36914 48.6354 81.5294 45.7629 13.212 24.9623 1.81837 0 215.844 343.78 26.724 58.3427 19.8874 6.30296 0.921938 438.392 17.6672 11.78 23.2819 
142.331 348.02 38.1034 25.4454 45.6394 119.066 101.067 168.442 171.752 55.6113 72.1816 5.88793 8.31121 13.7975 11.4603 60.008 27.7224 0 6.19828 87.5793 25.9226 23.2693 3.69495 12.9352 2.23354 61.3242 25.5525 4.02023 
37.9994 44.9186 40.2784 10.8737 223.794 68.6265 12.2213 75.8818 51.7058 15.4916 17.2185 49.6961 61.7989 27.4936 7.52962 27.4111 200.556 19.5725 0 29.3915 69.7521 3.26268 1.69473 1.33759 20.8376 12.3863 19.4315 26.1508 
26.9995 141.905 25.4933 6.1037 95.0415 13.3689 84.4722 91.9301 75.8237 35.6416 23.2029 21.5332 1.68332 4.74661 0.264255 6.07269 7.79601 86.3571 11.3812 0 260.545 6.18659 1.8156 6.0505 7.77115 10.7995 0.186215 0.463797 
242.794 121.597 81.8163 25.4312 0.562052 2.91813 24.8712 139.735 47.9668 75.8681 110.657 126.66 70.6049 11.886 58.1079 28.903 34.455 14.0937 44.6923 0.00165473 0 1.27209 37.349 0.420282 55.7414 62.0808 34.89 38.0652 
8.15074 7.41054 5.73958 11.2927 17.7525 18.2995 6.19379 0.864478 69.9598 53.9031 46.0558 0.113553 90.0222 1.52009 5.35322 3.18017 3.06552 9.59598 2.24286 1.27369 20.9917 0 9.83688 11.7034 12.0257 6.13709 8.80206 5.67309 
43.8832 42.5725 10.8539 16.9862 51.1189 2.64067 27.8894 58.8764 3.59358 6.5632 130.87 40.0764 59.001 0.0235018 5.00463 7.53166 0.0344927 21.6533 13.7012 1.56298 38.4633 9.94018 0 0.122721 23.6274 9.01645 6.88713 8.19695 
55.2723 1.07374 2.69583 26.637 6.17164 9.91235 59.8306 44.3466 42.3503 3.53404 64.5342 6.47007 1.52803 10.3788 25.9018 10.9876 17.0256 40.5871 0.00112528 4.05632 5.44757 8.19035 19.7936 0 38.6695 16.2974 0.521034 6.86315 
431.363 426.515 27.951 427.431 67.2952 417.562 10.7616 4.3834 434.529 71.1181 56.0296 1078.05 37.2775 0.484044 16.8481 24.5133 419.483 0.811107 19.5273 4.49577 57.5336 68.3902 12.5713 29.9909 0 43.7233 136.206 24.8403 
9.09059 30.9088 5.42453 28.71 0.220784 0.747391 19.5915 234.258 4.25129e-05 39.1405 0.500066 206.425 3.07881 10.8487 25.6961 0.43108 11.1868 61.0948 23.4375 4.41022 45.1595 10.1007 0.173892 14.5992 22.5503 0 37.3158 59.3899 
51.2498 21.9377 1.28324 24.2254 41.5617 1.72249 0.270305 97.0679 2.60355 0.263962 81.2493 73.9337 14.9605 4.33795 3.53786 12.0717 14.1077 6.34958 5.45566 6.35768 0.966531 8.97611 10.6234 1.90652 59.594 25.5005 0 18.0997 
13.3181 63.2575 17.4644 16.0641 52.8306 5.77506 31.2002 32.0072 67.7169 46.3825 2.96187 154.331 43.064 3.40913 6.51758 14.6638 13.0623 1.91064 1.03613 0.619586 1.74863 8.70807 9.4202 13.1558 13.9683 36.4613 81.2251 0 
