0 635.222 211.088 494.641 215.539 278.076 224.606 32.3856 387.806 78.1994 147.12 26.3428 68.0061 18.373 13.3492 20.3765 225.632 85.9132 4.16277 180.123 3.50144 9.33123 26.5694 5.45573 178.766 46.575 45.6814 52.9692 
679.922 0 292.2 406.571 1.12861 224.311 206.233 294.187 291.845 31.9262 83.1124 96.7288 31.9581 47.9524 8.04258 23.3748 196.592 516.199 9.09891 6.74152 113.638 38.234 48.063 13.5759 210.183 31.4966 41.2931 62.8834 
88.986 184.051 0 35.2871 80.3516 7.24246 27.9891 80.1157 8.5601 56.8127 12.4543 64.5049 39.6306 2.44473 7.42373 4.39951 1.32289 163.017 38.6463 27.391 111.515 0.188768 3.80893 14.8859 9.3089 0.918032 14.9435 22.1073 
486.577 178.776 130.277 0 129.885 180.682 72.0874 477.144 207.59 41.0693 53.744 223.855 71.147 0.00319186 16.7303 32.4235 164.418 89.1176 15.2946 14.3931 676.191 0.0195714 9.67841 1.81826 191.968 0.79867 27.5342 0.0126156 
41.5115 263.19 22.7232 26.9055 0 70.5677 415.752 222.249 345.959 128.197 232.245 1.46988 134.963 70.2354 54.3141 73.7975 6.41264 0.0439712 146.785 14.5542 7.82124 1.64636 55.3907 37.9043 51.5389 52.8941 24.0979 17.5797 
272.691 194.953 9.20467 149.448 1061.57 0 1227.46 0.0204675 528.371 520.339 267.043 40.3505 256.265 15.3601 18.398 25.4768 183.505 3.81452 53.2809 23.3624 26.4739 10.5023 16.0805 0.0871122 148.788 26.3435 17.8153 21.5741 
267.936 226.317 229.763 54.5699 189.514 67.4906 0 202.359 516.097 41.5585 6.28313 72.6346 204.191 1.23962 129.888 55.7974 29.5922 44.4878 58.4791 56.4382 31.0495 51.6534 72.4382 16.8951 52.9244 34.3319 55.6746 27.17 
297.399 59.4434 145.926 358.115 222.997 205.457 138.818 0 585.752 5.95262 351.276 36.683 140.881 122.602 54.9144 250.249 28.5104 39.0796 116.618 39.2686 199.264 13.3481 87.35 58.2221 66.8222 6.79304 15.0345 38.2402 
226.28 540.04 170.026 441.232 0.214354 620.513 0.124258 11.4225 0 85.1921 208.917 403.386 32.7378 47.1438 47.8626 80.3925 224.464 73.2437 28.8161 82.0599 186.237 7.52444 101.979 92.091 269.162 2.09601 36.4834 98.1091 
131.99 53.9178 82.2633 87.2716 283.061 443.712 470.723 155.218 3.1069 0 212.074 7.70837 308.4 40.9201 131.47 45.0409 0.468024 108.559 90.0739 50.9095 89.7412 3.9952 46.8028 1.98694 7.12257 27.2496 3.14242 56.9689 
4.15514 247.896 206.991 32.2549 232.242 182.946 57.5684 7.74326 871.277 505.508 0 157.861 212.147 207.543 162.324 11.3213 58.1327 69.6769 127.539 38.3545 27.697 41.696 118.17 33.7291 133.671 93.6393 38.2464 68.871 
132.179 75.7231 40.0031 80.5541 179.848 110.772 32.097 283.136 0.00913662 172.349 9.39212 0 159.433 89.7838 252.843 63.8445 67.6878 0.0165176 68.7335 43.4501 158.497 58.4824 26.8727 96.7593 302.609 302.04 10.3855 167.795 
51.4661 0.0313888 1.22134 40.2775 170.008 101.693 17.3469 9.98568 8.2688 52.5553 52.6674 77.0386 0 8.53278 33.2056 0.00230109 6.43829 5.76245 78.3861 0.207876 32.053 3.57128 10.079 23.1419 20.7345 39.8886 36.1367 40.36 
10.2304 25.0014 2.41402 22.7521 15.6394 18.1228 93.2529 29.4272 52.2251 29.1621 80.0621 111.03 152.735 0 56.6248 3.5581 5.72126 52.8751 16.2724 1.60768 6.53421 4.06879 4.3676 8.51918 14.7348 12.6183 0.767367 0.121879 
18.2998 88.5141 28.6949 20.132 77.1596 28.3174 108.51 177.649 187.774 0.0315373 249.169 37.8103 6.48104 29.8889 0 65.7719 30.1096 39.007 0.062095 5.02572 10.8495 0.687 0.00030965 0.529428 11.4884 2.64972 1.72306 18.7332 
8.43777 69.858 14.8885 7.4313 3.64483 1.8313 22.9535 3.48571 58.4938 89.601 10.1393 27.4538 22.2278 18.7382 27.3044 0 2.01479 0.912818 3.95395 0.554639 53.97 9.57053 0.0269882 1.90015 7.71955 4.79132 17.6516 18.1691 
151.959 272.155 45.3274 202.126 82.9152 181.221 45.7778 20.1602 256.214 0.212926 88.8956 10.9191 9.6284 21.7243 0.555061 14.262 0 284.683 179.105 2.31159 8.70107 21.0382 1.55348 7.55749 174.329 24.6016 14.682 24.3029 
32.0218 192.022 11.1641 133.074 115.143 123.048 67.0875 7.89293 170.69 115.053 20.556 0.214308 48.9839 21.737 39.9704 42.5966 186.741 0 14.5939 0.0962089 24.2392 3.22487 44.1239 22.9896 59.7024 23.8494 42.1183 49.2903 
92.1984 136.163 57.2973 28.0123 152.14 2.22681 12.7088 65.2299 15.9192 24.3709 108.099 0.0030779 46.5643 1.13783 30.0277 9.26147 129.868 32.2456 0 36.521 0.239265 21.6303 11.0685 9.84534 22.5804 21.5783 16.7202 13.1135 
28.3696 140.88 21.2586 14.0674 32.8404 18.7359 59.0166 98.8879 41.8498 45.1377 23.1034 6.10214 35.3464 0.381704 8.18364 2.35821 32.0194 0.313741 26.3724 0 50.942 6.39264 4.08078 0.41354 0.923492 3.63632 5.05629 11.4546 
175.318 68.7908 101.978 205.492 31.3331 2.02076 49.8818 132.83 186.42 99.2575 148.376 11.8272 15.8042 30.9618 28.2073 28.8215 31.9401 12.7908 46.9146 330.145 0 1.89958 17.0181 43.6727 12.8785 52.4683 40.6148 10.8572 
36.2191 49.829 11.0565 14.8499 24.4145 20.5137 50.2227 64.0574 6.08808 58.3077 4.08848 36.2667 57.7001 1.69085 16.6327 5.25768 5.72339 0.148549 20.3822 0.478249 22.3841 0 9.95039 6.59069 11.9553 5.9583 0.00797607 0.397931 
0.0532219 50.6782 10.9543 18.8666 37.3007 0.539163 0.462056 40.2969 97.8218 60.4642 82.5818 10.2891 5.00069 3.40289 11.4586 0.257686 1.45981 40.3506 20.4616 4.11341 14.6058 10.0532 0 9.34772 11.5431 0.627288 9.71086 0.469111 
41.5293 27.4187 0.0292476 3.1084 27.0513 9.56366 70.9817 13.989 89.846 52.5621 38.3132 165.162 40.9521 4.73265 11.9492 28.6985 21.0128 19.1913 15.655 2.0825 47.136 12.7831 8.33966 0 45.8232 16.6234 18.4555 4.26518 
198.817 152.687 1.58909 182.291 41.255 163.005 56.1257 34.1267 162.364 9.47753 4.15803 1147.27 55.1664 15.8259 9.14404 29.2671 151.619 59.4725 1.65925 13.5417 42.472 62.9936 24.4333 16.5848 0 69.1911 70.6941 69.8026 
50.6565 3.87034 22.0384 0.0522143 5.40481 23.0884 95.2848 118.623 48.6286 5.43147 84.0523 157.909 0.00524207 2.7917 0.0521727 1.89359 27.1676 24.9921 4.53435 11.2589 58.7635 1.46301 5.55458 15.4634 43.843 0 6.98749 8.4683 
1.70599 48.0103 15.1231 2.81396 41.7624 19.8979 60.1841 67.327 39.6044 47.707 79.3279 72.1995 39.012 4.06434 14.9309 16.8731 11.1814 25.3078 3.10742 0.668284 28.0272 0.0201367 7.9412 19.2195 56.194 23.997 0 80.018 
53.4624 31.9987 18.9652 32.2709 4.00644 20.35 46.9955 14.6831 98.9289 56.0585 107.475 71.2904 1.55218 2.40229 23.2056 21.3638 19.6336 47.1439 4.78727 8.79029 48.3315 10.1422 6.64235 11.2437 29.4942 60.5412 80.9705 0 
