0 91.9333 186.242 343.05 128.217 54.6527 0.465627 256.003 256.439 106.076 44.3305 81.3347 50.3959 0.519675 46.6979 41.2509 86.0314 13.4258 116.773 249.453 83.3983 3.76353 35.8427 0.0157384 68.9724 51.5682 11.0067 55.5479 
48.5135 0 299.232 48.2155 187.732 56.5385 418.332 286.036 390.909 46.6687 267.723 45.5287 64.7829 13.5174 95.587 44.6132 18.0211 716.45 160.404 20.4529 148.191 21.0521 47.8364 45.7279 48.739 6.01951 28.6401 15.0555 
158.597 171.5 0 153.453 49.7438 0.963389 191.579 65.9591 243.416 113.032 172.911 119.724 18.1561 8.7038 34.0259 2.86684 55.4242 59.8597 0.487451 8.81271 81.4288 10.0641 3.06564 9.65384 17.4269 3.9377 0.993965 21.9775 
323.106 277.517 53.6722 0 90.5811 35.9572 156.948 968.931 119.584 3.96388 119.012 230.046 47.2774 15.3888 1.32041 1.39995 2.88855 51.9247 60.8678 10.2195 391.836 12.4146 12.3156 26.6443 38.3415 36.18 13.6104 13.1838 
266.412 5.09161 6.22167 64.2952 0 407.275 286.65 216.552 348.033 13.9781 96.2382 179.784 58.8328 57.2955 64.9879 65.8029 7.64369 190.468 259.003 88.22 8.4694 44.883 30.1176 45.901 65.3109 41.5324 49.0844 41.214 
11.4251 69.9119 21.0129 3.77652 159.705 0 390.029 214.64 403.464 957.364 93.9855 41.3978 143.704 0.598373 27.2059 22.3029 48.1181 33.8433 89.5651 4.98553 3.34916 15.6155 13.4969 0.0216084 10.3379 4.77445 0.97054 19.3452 
33.8219 434.349 47.112 2.43174 6.29749 712.424 0 36.4808 472.02 87.7306 243.425 137.806 212.335 8.8104 140.985 61.7176 4.42944 104.728 0.000582535 0.178075 51.1798 9.35287 45.5261 42.3667 62.3771 3.99134 12.7335 16.2316 
24.4043 103.744 161.89 446.293 212.794 14.1757 81.0603 0 552.202 223.44 172.665 159.077 24.8619 100.2 137.361 202.695 94.6595 143.308 114.449 4.78495 194.964 45.0347 17.6652 12.8428 182.28 113.648 59.8092 27.604 
3.51709 19.0495 39.1893 188.441 28.6349 477.653 2.5901 235.081 0 67.4381 1053.8 402.25 139.641 114.833 145.968 38.6862 76.4521 58.0119 145.104 20.8633 59.0657 69.96 0.00733417 0.0685878 110.935 43.9728 79.0586 58.1946 
108.167 26.1253 112.729 106.855 331.122 409.301 425.834 91.4863 8.35438 0 588.595 37.3554 108.35 9.09862 32.2903 21.6507 3.56989 73.2975 88.1544 56.1089 98.3008 7.80083 4.77985 33.3421 71.2524 76.1188 46.975 51.2148 
30.8689 156.532 37.2905 1.26143 0.186709 7.74511 132.211 241.341 560.53 1.65267 0 432.059 163.807 156.293 23.2648 219.437 85.9618 160.976 42.9616 33.5943 100.065 3.8572 13.379 7.51845 134.276 1.81625 75.3655 69.6438 
3.36086 29.4605 6.11989 243.606 0.467373 0.912091 2.98024 1.80316 0.886673 246.824 473.521 0 2.64394 48.4413 161.507 266.135 11.3869 13.5027 98.6072 0.497394 29.5008 7.26282 74.2499 82.5246 95.6461 340.55 84.735 113.741 
69.0437 130.911 64.5744 9.16701 110.936 37.8962 97.4438 127.36 97.6122 264.355 15.868 65.7172 0 106.442 79.1179 13.1393 64.0309 38.6554 63.2081 41.2153 36.8936 63.8499 40.8301 7.48008 2.39389 29.5282 6.84997 4.13002 
0.297141 59.1318 16.7154 11.3041 43.4196 2.10468 82.991 65.3338 87.9435 81.8423 204.805 145.838 109.49 0 55.2234 18.4517 2.18854 3.97914 4.91488 2.54105 41.1759 10.4718 0.802032 9.44196 0.235262 6.70028 8.05044 0.25271 
0.0965501 1.10335 21.8896 2.81679 3.38592 10.0726 140.972 114.632 145.664 116.372 78.978 0.311238 41.5275 60.2899 0 70.2576 1.57949 61.9566 12.8138 11.1698 51.8082 12.6671 4.19836 23.6005 21.8196 15.6677 1.36208 0.082781 
80.0134 30.1099 16.9779 22.3208 5.0143 18.5763 28.0946 8.15822 124.996 16.7679 218.297 328.837 55.8008 10.6897 32.2409 0 14.8435 33.8124 19.0226 2.98284 51.4943 6.96551 6.6027 25.8808 10.3861 0.524817 12.3779 11.6218 
63.9556 150.027 14.324 54.5735 22.6515 49.9431 108.31 89.5073 111.227 2.79071 52.9761 83.285 43.219 12.462 25.8035 2.33788 0 250.958 142.93 25.3556 60.2375 19.5745 6.84981 0.673518 24.9984 16.7262 12.3645 22.954 
117.728 227.105 55.1052 15.9049 28.8277 114.186 78.7685 174.069 156.19 65.6736 83.0339 9.64683 11.4165 11.7917 14.1768 60.8516 59.8879 0 2.21459 87.5206 31.6324 24.6161 2.82979 14.6201 3.29433 61.7 24.1546 3.0672 
45.7542 31.3757 44.5019 14.1039 262.651 60.3554 20.4985 81.9173 41.2541 22.6887 12.203 44.9074 65.9805 27.4224 9.08554 28.1741 153.189 11.9935 0 30.8092 68.3784 2.70224 2.15753 1.75321 19.7442 11.1952 19.9759 26.4066 
9.25485 141.142 24.0023 9.9291 94.9069 11.7841 88.3804 98.7137 69.1433 32.5449 27.4953 26.6312 1.03914 4.69914 0.130977 5.5885 9.19134 87.3948 13.1363 0 319.587 6.1164 1.67149 5.93049 7.15222 10.4152 0.105002 0.305247 
235.735 107.998 93.5043 21.4619 0.00627848 4.84832 32.1752 123.41 60.3903 79.9889 102.78 135.857 68.7081 10.2826 58.164 25.5008 37.234 18.669 47.716 26.792 0 0.944891 36.5514 0.124691 54.066 61.1142 33.6309 39.8295 
7.07651 6.04732 5.26936 10.7218 15.5144 18.9161 8.09591 0.345319 69.8553 51.4056 42.2236 0.00637348 88.3095 0.9999 4.39393 2.60585 2.65074 10.7567 1.77341 1.42429 20.1127 0 8.20405 10.8154 11.3184 5.70916 9.21921 6.01605 
42.7806 44.8415 10.3533 17.6281 52.5445 3.35771 32.1439 65.6414 6.58481 4.29805 126.465 50.3407 50.167 0.345626 2.53716 8.89533 0.100545 19.9856 12.872 1.42277 37.8256 8.31187 0 0.837695 23.4317 9.42904 7.59574 7.80994 
53.9037 2.01615 3.4133 26.4658 4.6788 8.93426 56.613 56.3122 36.0102 1.96633 75.2873 17.24 0.39473 10.3301 27.4274 5.80914 16.5018 39.1646 0.0194992 4.30118 6.81453 9.26505 20.8373 0 42.3549 16.6094 0.193 7.67493 
15.2622 17.0708 27.3998 17.8527 67.5851 4.10831 14.9129 13.2989 15.5218 71.5602 68.4578 202.991 39.8776 0.962414 19.4501 56.4653 7.48941 1.50218 20.6258 5.08659 58.6689 71.9183 13.5608 43.9319 0 79.4723 23.8311 120.556 
12.6622 35.9888 7.1837 32.4238 0.829389 1.45282 25.7531 228.227 1.06843 33.6077 0.365515 111.885 1.88865 10.0614 23.2189 0.0168686 10.2362 61.5767 24.4507 4.98464 48.0333 9.8752 0.380454 15.4122 26.656 0 37.9596 51.8783 
51.1779 19.9191 0.90125 23.3341 40.3052 1.30401 0.717047 98.8801 1.45585 0.640849 83.0633 82.0194 13.6607 3.86851 4.31614 11.019 13.5375 5.40223 6.04279 6.71047 0.576138 9.38768 10.0208 1.22645 58.124 28.8583 0 35.741 
15.8267 64.0235 18.4047 14.0846 53.968 6.76488 35.0522 23.2626 62.1178 48.6295 1.08335 140.773 43.7373 2.84501 5.2191 16.3301 12.3349 1.26204 1.40151 0.834807 2.57788 8.43909 9.64598 13.5837 16.3311 47.4108 90.8573 0 
