0 100.166 184.062 338.587 125.168 53.6378 0.751358 258.642 255.218 104.963 45.5231 83.2071 49.8207 0.570567 47.0769 40.7162 83.267 14.5379 116.753 254.16 85.9326 3.83995 36.0084 0.0264905 66.9994 51.0932 10.8496 55.7072 
54.2098 0 284.512 50.309 198.554 57.3808 427.104 284.998 391.176 48.7836 267.679 44.1098 63.7899 13.2075 95.4385 45.1435 15.0663 417.939 159.595 21.5048 147.162 20.8624 48.0237 45.4713 46.0876 6.27746 28.4426 15.2976 
161.441 186.177 0 139.685 51.8737 0.76673 187.981 62.341 255.945 112.78 175.829 121.628 18.5536 8.59116 34.0443 2.74419 55.3734 58.131 0.567427 8.59598 82.5825 10.1003 3.00958 9.5697 17.6027 3.79888 0.959331 22 
316.495 279.153 36.4676 0 92.2229 33.026 154.794 1163.71 111.954 3.6426 121.133 227.777 46.8903 15.5184 1.42589 1.26165 0.673867 53.1832 60.7355 10.6249 714.061 12.4649 12.2211 26.6441 36.3448 36.4773 13.7335 13.3695 
265.737 3.13443 7.10754 62.6848 0 396.657 293.774 215.945 349.276 16.0582 98.5795 179.721 57.48 56.9945 65.5744 65.5285 8.1931 188.718 262.249 87.8714 8.83274 44.6905 30.3664 46.0887 65.4219 41.8811 49.0705 41.4122 
9.81319 64.4165 21.8255 1.38129 307.093 0 158.868 214.42 392.132 676.184 97.8508 42.6027 195.767 0.649802 27.5675 22.4534 45.596 34.7341 89.7335 4.86408 3.17865 15.5288 13.4286 0.0156337 8.24092 4.64352 1.00326 19.4219 
31.84 442.577 50.4518 3.01612 4.62211 758.448 0 33.1515 414.668 79.0463 235.005 134.932 213.079 8.39335 141.264 60.9341 4.68187 102.555 0.0163439 0.125474 52.0183 9.55735 45.1278 42.7516 61.8416 3.72088 12.9322 16.5386 
22.5225 106.687 166.102 442.041 212.042 15.4412 76.3552 0 541.504 223.187 177.146 135.314 24.2109 99.3789 139.082 199.28 94.4578 144.257 114.279 4.46287 194.17 44.7812 18.1678 13.5391 183.248 116.845 60.356 28.4435 
1.5716 19.2026 46.3801 191.82 26.2409 474.437 10.7687 248.633 0 72.0177 307.099 401.631 141.205 113.613 136.885 37.4725 74.7696 56.5112 144.561 21.4075 60.2836 69.9563 0.000405422 0.0400259 109.36 45.0706 79.1199 57.642 
109.261 27.7975 112.985 106.794 331.717 427.045 434.327 89.5232 6.71042 0 583.565 35.6339 113.815 9.55452 33.6619 22.3382 3.75043 74.2714 89.0115 56.1511 98.3978 8.03307 4.98648 33.702 71.3088 76.1825 47.0213 51.3896 
29.842 159.034 34.9638 0.945931 0.0797233 9.14497 124.789 237.026 591.727 0.481523 0 425.549 166.262 153.734 19.0124 220.649 86.2114 160.48 42.2522 33.1568 100.845 4.01743 12.7076 7.04401 133.614 2.16649 75.092 68.9804 
3.84651 28.2717 5.43565 245.261 0.357781 1.1301 3.59406 0.0809906 1.44165 246.779 478.246 0 2.39146 46.8592 157.242 251.318 11.1537 13.9722 98.7314 0.581027 28.7008 7.46769 75.2562 84.6763 100.914 347 83.9954 115.418 
69.5997 130.255 64.871 8.90068 109.533 34.2158 95.2814 127.967 99.2921 259.636 17.1351 66.7154 0 108.768 80.3121 13.636 64.0832 38.1644 62.8043 41.1411 37.1868 64.5372 39.9762 7.18149 2.5034 29.8027 6.75265 4.02983 
0.260655 59.4294 16.7185 11.1668 43.7941 2.19666 83.5017 66.34 86.6786 81.6002 205.896 146.981 107.173 0 53.9605 18.5786 2.23198 4.0975 4.82937 2.559 41.2744 10.4408 0.927869 9.51444 0.262767 6.79456 8.00821 0.23541 
0.0695537 1.24673 21.6086 2.96678 3.15551 9.74931 140.665 112.706 148.235 115.289 71.5295 0.670583 42.7394 60.871 0 67.733 1.53078 61.7535 12.6442 11.192 51.6437 12.7583 4.44992 23.3487 22.0502 15.3766 1.31537 0.100608 
80.0984 29.6024 17.1578 21.9214 5.22408 18.3936 27.3894 9.63977 126.065 16.15 219.58 314.68 56.4418 10.3776 29.3946 0 14.9342 33.5317 18.9006 2.93942 51.2401 6.9024 6.73968 26.2274 10.6713 0.422442 12.2799 11.7921 
62.3458 148.186 14.0152 52.1422 21.7773 47.4383 108.459 89.2312 108.743 2.95138 53.3879 83.4381 42.9724 12.3902 25.8804 2.39042 0 253.794 46.9549 25.2212 60.4092 19.5431 6.90244 0.651815 22.6889 16.6357 12.42 22.9207 
115.369 219.259 56.8131 15.0972 27.3965 113.641 76.7083 174.527 154.637 66.6428 84.0724 10.0499 11.7349 11.6065 14.4468 60.9177 63.4438 0 1.93805 87.4733 32.1961 24.7437 2.753 14.7836 3.4055 61.7223 24.021 2.98272 
46.5077 30.1816 44.89 14.4274 265.771 59.5298 21.3825 82.4781 40.2962 23.4306 11.7652 44.4533 66.3644 27.4104 9.23911 28.2418 148.722 11.3589 0 30.9376 68.235 2.65126 2.20423 1.79549 19.6388 11.0829 20.0264 26.428 
8.35312 140.893 23.8429 10.3304 94.8408 11.6331 88.7081 99.3162 68.4903 32.2465 27.9148 27.1348 0.985632 4.69387 0.120669 5.54189 9.32805 87.4523 13.3066 0 322.85 6.1092 1.65786 5.9181 7.09308 10.3764 0.0984583 0.291821 
234.745 106.674 94.5628 24.6563 0.000236181 5.05598 32.9062 121.821 61.615 80.3659 102.008 136.688 68.5175 10.1341 58.1558 25.1799 37.4979 19.1325 47.9999 31.9187 0 0.916183 36.4706 0.105601 53.895 61.0053 33.5081 39.9929 
6.97726 5.92372 5.22484 10.6668 15.3059 18.9701 8.28847 0.308001 69.8316 51.1517 41.8567 0.0142889 88.0758 0.95541 4.30575 2.55327 2.61259 10.8695 1.73136 1.43895 20.0283 0 8.04586 10.7257 11.2554 5.66825 9.25823 6.04858 
42.6679 45.0504 10.303 17.6847 52.6695 3.4294 32.5532 66.2735 6.91359 4.10522 125.945 51.3424 49.3108 0.432178 2.33996 9.01893 0.108627 19.8273 12.7926 1.40958 37.7598 8.15384 0 1.06838 23.3882 9.46497 7.66287 7.77178 
53.7593 2.12079 3.48488 26.4377 4.5464 8.84097 56.2917 57.4799 35.4169 1.83997 76.3005 18.5115 0.325082 10.3076 27.5295 5.37582 16.4507 39.0243 0.0243747 4.32414 6.95138 9.36497 20.7699 0 42.6033 16.6279 0.169987 7.75213 
12.714 15.1563 27.3347 15.9178 67.5965 1.8043 15.3371 14.3834 12.7384 71.5716 69.6545 561.208 40.1194 1.01597 19.6936 60.1458 5.31738 1.57876 20.729 5.1437 58.7637 66.9145 13.664 44.7829 0 88.678 43.9535 110.314 
13.0276 36.4784 7.35982 32.7625 0.907413 1.53148 26.3694 227.166 1.28239 33.084 0.532028 103.632 1.78984 9.98191 22.9656 0.0419737 10.1465 61.6091 24.5443 5.03995 48.2982 9.85222 0.40415 15.4803 27.0394 0 37.9832 51.0059 
51.1628 19.7289 0.868196 23.2447 40.1816 1.26696 0.770616 99.0187 1.36349 0.685207 83.2156 82.7698 13.5383 3.82444 4.39323 10.9174 13.4828 5.31542 6.09978 6.74384 0.544118 9.42613 9.96145 1.16889 57.9062 29.1603 0 37.5741 
16.0731 64.0823 18.49 13.8974 54.0675 6.86161 35.4208 22.4862 61.5744 48.8327 0.952149 139.353 43.7942 2.79308 5.10064 16.4832 12.2655 1.20705 1.43902 0.856848 2.66478 8.41275 9.66543 13.6204 16.5439 48.3672 91.3816 0 
