0 599.66 159.1 677.013 95.9248 443.52 7.05321 281.273 640.353 93.8259 57.6872 101.853 44.2496 1.1892 50.6923 35.5128 455.698 27.4668 116.025 265.736 111.35 4.62058 37.5768 0.276933 447.165 46.3792 9.36248 57.1476 
535.532 0 140.136 477.55 307.342 467.783 495.465 271.807 784.905 71.0682 264.732 31.2196 54.2368 10.3374 93.543 50.2777 386.693 482.59 150.503 32.8174 136.481 19.029 49.7657 42.9051 419.803 9.04726 26.5147 17.7252 
185.865 330.734 0 31.1676 73.8625 0.0261737 149.786 31.3869 370.014 109.233 201.859 139.421 22.5683 7.4937 33.9609 1.67604 54.6452 41.9996 1.65931 6.56978 93.4134 10.4425 2.48257 8.73986 19.2823 2.55931 0.652484 22.1595 
637.134 684.448 124.34 0 107.908 404.116 132.264 566.669 441.425 1.20878 141.222 202.216 43.0571 16.7508 2.65451 0.285464 378.866 65.7265 59.2155 14.8458 324.035 12.9444 11.2876 26.5336 416.306 39.1466 14.9323 15.1978 
255.693 8.85828 18.604 47.4936 0 275.252 357.197 208.685 355.583 43.1461 121.858 178.342 44.7764 53.9278 71.1107 62.6777 14.4674 170.448 287.628 84.0708 12.7392 42.7577 32.7807 47.8478 66.3639 45.2414 48.8803 43.3036 
394.722 413.579 30.0751 378.361 565.063 0 1227.19 209.281 664.041 610.298 136.8 54.8635 156.751 1.25709 30.9605 23.8221 420.481 43.7512 90.5006 3.74159 1.74264 14.6586 12.7321 0.00796318 387.433 3.44623 1.34879 20.1326 
15.382 504.377 86.8339 11.8809 1.88498 926.663 0 8.7108 27.7414 16.3599 154.976 107.251 218.147 4.82156 142.514 53.2111 7.48775 81.7497 1.29426 0.0941889 60.33 11.6431 41.1919 46.4543 56.5053 1.56934 14.9271 19.6332 
7.96831 136.109 205.168 463.261 203.422 30.2699 36.7723 0 420.605 218.888 220.746 2.50018 18.2428 90.9269 154.635 162.948 92.3042 153.024 112.3 1.8969 185.318 42.2768 23.3432 21.1513 190.486 147.665 65.6115 37.0794 
384.855 428.103 140.799 621.766 8.16196 811.101 348.971 384.729 0 121.996 51.9876 388.707 155.857 100.93 30.1841 26.3834 457.858 42.6106 138.599 26.9737 72.4581 69.7952 0.381752 0.162311 493.09 56.108 79.558 52.2133 
119.522 46.3255 114.363 105.467 329.627 525.845 494.721 70.8494 0.126264 0 502.821 20.721 169.38 14.4851 47.8981 29.3883 5.72973 83.7306 96.9982 56.3938 99.1069 10.4441 7.20426 37.1777 71.5785 76.4222 47.3961 52.9748 
20.609 182.816 15.8012 0.248132 1.38512 28.4274 61.1437 193.844 787.588 25.4221 0 353.654 189.202 127.289 0.0580962 228.107 88.4917 155.078 35.5098 28.9547 108.268 5.73863 7.00221 3.19979 126.336 7.15129 72.2772 62.4175 
10.2411 17.8279 0.86843 256.861 0.0558041 4.45565 12.4988 97.5001 13.7571 243.857 510.999 0 0.589724 32.3794 115.254 114.209 8.99071 18.9182 99.7311 1.73255 21.3781 9.59571 84.8715 105.73 114.707 391.378 76.5844 131.095 
74.9243 123.345 67.5252 6.4866 95.6319 20.5018 74.6252 133.479 115.652 208.569 31.761 76.5335 0 129.453 91.3881 18.8462 64.4841 33.4565 58.754 40.3494 40.0484 70.9242 31.8014 4.56161 3.69174 32.464 5.83321 3.11208 
0.0299597 62.1717 16.6695 9.834 47.3839 3.18231 88.0433 76.0689 74.1617 78.6355 212.68 156.584 83.3951 0 37.804 19.3107 2.67492 5.33341 4.02755 2.7335 42.1725 10.0855 2.53368 10.0795 0.608231 7.70784 7.58854 0.098533 
0.0379211 3.09248 18.8108 4.61088 1.32599 6.80634 136.242 93.5866 171.933 103.391 16.5042 11.178 54.8704 60.2218 0 39.6508 1.09398 59.6434 11.0227 11.3879 49.9458 13.618 7.17373 20.636 24.204 12.5566 0.900314 0.364541 
80.5574 24.772 18.845 18.0413 7.473 16.567 20.8409 30.0208 135.551 10.6334 227.764 172.129 62.4718 7.34679 7.02577 0 15.8135 30.786 17.6991 2.52613 48.6553 6.28261 8.05251 28.6842 13.6076 0.00644423 11.3088 13.4418 
446.168 528.872 11.1293 427.886 14.0426 422.478 109.539 86.3754 483.837 4.74196 57.3764 84.7991 40.5337 11.6874 26.5991 2.92996 0 275.857 309.462 23.8774 61.9995 19.2237 7.41985 0.458398 399.751 15.7468 12.9596 22.5788 
92.5769 187.191 73.9686 8.23726 15.178 107.657 57.4719 178.253 138.978 76.1275 94.1859 14.3733 15.0358 9.85817 17.1738 61.4299 101.412 0 0.204618 86.6337 37.8517 25.9801 2.05652 16.4041 4.57875 61.8156 22.7166 2.21758 
53.9434 19.5567 48.5156 17.7085 289.763 51.2506 30.7847 87.7965 31.37 31.1137 7.88387 40.0559 69.9592 27.246 10.7802 28.8562 109.945 6.02621 0 32.1263 66.7251 2.17721 2.68259 2.23175 18.6002 10.003 20.5072 26.6107 
7.2033 136.887 22.1461 14.5172 93.7144 10.1684 91.4742 104.751 62.0092 29.3181 32.0839 32.1848 0.536938 4.6358 0.0421863 5.08476 10.6926 87.6326 14.9883 0 329.534 6.03445 1.52598 5.78886 6.5166 9.97864 0.0456386 0.17644 
222.358 93.6004 104.244 60.0801 0.368958 7.28832 40.3218 106.166 73.8445 83.8885 94.3177 144.341 66.5734 8.72781 57.9522 22.0919 40.0585 23.8872 50.7239 99.9228 0 0.658962 35.641 0.00252385 52.1283 59.7941 32.287 41.5393 
6.03962 4.77792 4.79405 10.1252 13.3233 19.4511 10.2637 0.055834 69.4755 48.5437 38.2726 0.256415 85.1779 0.570964 3.47957 2.06196 2.25316 11.9894 1.34606 1.5846 19.201 0 6.50455 9.81107 10.6816 5.26899 9.63164 6.36388 
41.5012 47.0153 9.79063 18.1936 53.7865 4.15616 36.5594 72.2887 10.4987 2.44478 120.011 61.2363 40.9421 1.72044 0.812989 10.1447 0.20366 18.2928 12.016 1.28254 37.0718 6.61167 0 4.56752 22.744 9.78248 8.31145 7.38902 
52.2282 3.27307 4.2091 26.0587 3.34765 7.93388 53.0384 68.9953 29.7656 0.823602 85.9849 32.896 6.28324e-06 9.93017 28.1091 1.92472 15.9416 37.616 0.10034 4.54419 8.34372 10.3091 18.6566 0 44.0061 16.7044 0.0219544 8.50022 
387.637 396.228 26.589 396.711 67.5585 379.024 19.7108 26.9108 385.775 71.402 81.3199 960.128 42.4151 1.60755 22.0041 83.4859 383.756 2.42145 21.7207 5.7067 59.5655 13.0706 14.7486 47.8167 0 117.237 96.7193 8.99499 
16.8001 41.2813 9.14246 35.8908 1.848 2.3988 32.6032 212.68 4.37011 28.0445 3.7675 36.5846 0.962275 9.17088 20.3714 0.869358 9.28107 61.802 25.4278 5.58307 50.7908 9.61491 0.670519 16.0527 30.6558 0 37.8652 41.4544 
50.9407 17.8968 0.577146 22.335 38.9425 0.932239 1.39212 100.053 0.619822 1.19394 84.5079 89.8586 12.3593 3.40173 5.1693 9.91985 12.9472 4.50157 6.66438 7.06639 0.279522 9.79352 9.36646 0.676992 55.1635 31.9035 0 55.7428 
18.5364 64.5262 19.2799 12.0949 54.9567 7.82394 39.0154 15.4981 56.2085 50.7073 0.115533 124.526 44.2809 2.305 4.00004 17.9104 11.5898 0.734128 1.82907 1.0854 3.58275 8.14967 9.83579 13.9389 18.4782 56.4779 92.5889 0 
