0 615.807 129.14 491.243 68.5717 334.69 19.472 297.533 521.946 82.3524 70.6476 120.843 38.7887 2.02589 54.134 30.3891 329.046 43.8173 114.345 234.629 137.249 5.46333 39.0537 0.789482 328.207 41.5677 7.96193 58.3744 
547.808 0 32.1149 414.053 409.18 382.035 525.629 253.469 663.833 95.6372 257.308 20.2502 45.0305 7.76561 90.8624 55.2942 261.187 133.379 139.418 45.7063 124.788 17.2319 51.3461 40.2387 294.745 12.2517 24.5908 20.2612 
202.795 439.915 0 25.5787 97.1024 1.43189 108.922 10.1226 449.236 103.814 222.282 155.306 26.7928 6.41119 33.4045 0.855987 53.5045 27.6915 3.30128 4.73977 103.229 10.7646 1.99477 7.89961 20.8826 1.54382 0.402975 22.209 
441.646 570.123 109.025 0 122.593 276.774 107.922 223.544 283.475 0.0803472 159.65 171.699 39.1475 17.9147 4.22794 0.00348693 258.647 78.4916 57.2947 19.433 62.5901 13.4042 10.3391 26.2292 297.18 41.3519 16.1226 17.0428 
239.756 57.7117 34.7396 33.6303 0 203.882 404.855 199.115 351.183 80.7894 145.422 175.595 33.1768 50.6463 76.2513 59.5327 22.2905 150.425 300.124 79.5929 17.2716 40.7332 35.1608 49.47 67.0464 48.5077 48.5919 45.1099 
282.566 271.421 38.5355 257.94 815.802 0 1139.45 198.934 425.372 523.948 175.754 67.8143 141.178 2.04778 34.0391 24.9941 296.425 53.2146 89.6721 2.74258 0.7285 13.7476 11.986 0.0919763 267.935 2.40547 1.74126 20.7734 
4.6392 526.515 127.295 26.0689 23.5881 585.447 0 0.00735134 118.539 1.00981 84.9196 80.9286 219.157 2.19792 141.082 45.459 10.8923 62.117 4.57994 0.934346 68.8057 13.8846 37.195 50.038 51.0137 0.32561 17.0161 22.8918 
0.746992 165.983 238.179 436.482 192.618 49.0491 10.6789 0 284.656 211.363 262.522 74.5124 13.0155 81.8063 167.511 123.554 89.8228 160.81 109.752 0.403871 174.606 39.7205 28.9594 30.1028 193.53 176.338 70.6876 46.3966 
274.035 350.514 260.278 544.325 0.300382 601.025 919.659 511.835 0 178.367 490.049 363.984 169.16 87.1503 87.0082 16.8936 341.967 30.2537 131.498 32.9498 85.0231 69.4074 1.57103 1.0087 377.075 67.5438 79.7044 46.7555 
128.887 68.2669 113.684 102.842 313.539 464.637 507.366 53.4229 10.8443 0 378.71 9.56596 224.546 20.195 63.1503 36.9204 8.09106 93.0153 104.189 56.3301 99.3828 13.0996 9.76629 40.5592 71.3394 75.9696 47.6297 54.3344 
12.9159 204.924 3.87373 3.85556 6.89889 56.6793 18.0317 150.305 842.988 110.285 0 271.952 209.731 99.4337 23.3263 227.37 90.483 148.702 29.1443 24.8991 115.294 7.73835 2.92259 0.833128 117.697 14.8426 69.2116 55.7474 
19.5093 9.62415 0.227999 259.756 1.14428 9.88365 26.4264 361.782 37.9294 236.528 517.601 0 0.000185411 20.0305 75.3034 21.3217 7.03671 24.4934 100.343 3.48215 14.9973 11.9483 93.9632 126.174 19.7944 396.986 68.9006 145.161 
80.0341 115.59 69.7219 4.42234 81.5726 40.4377 55.2789 138.206 131.684 152.607 50.086 86.4013 0 145.162 101.108 24.6308 64.6856 28.9215 54.5307 39.4382 42.9043 76.6264 24.0916 2.50261 5.09127 35.0791 4.97007 2.3051 
0.0271377 64.6018 16.4771 8.52481 50.8338 4.31505 91.7251 85.4873 61.5845 74.6374 212.21 163.123 59.1147 0 19.1743 19.0897 3.15201 6.71206 3.28702 2.90623 42.9547 9.6407 4.5876 10.3669 1.08939 8.59741 7.15647 0.0201136 
0.425919 5.72581 15.9635 6.56026 0.272315 4.30534 129.373 74.425 192.163 89.5352 0.297587 33.5098 67.2071 48.946 0 13.6979 0.728128 57.3107 9.46992 11.546 48.0872 14.4154 10.2584 17.5629 26.1514 9.83427 0.560731 0.788916 
80.3426 20.2041 20.3843 14.2746 10.0726 14.6842 14.9873 59.6834 143.132 6.14656 227.778 54.6373 68.0005 4.54596 0.159503 0 16.6801 28.041 16.4823 2.13368 45.8948 5.65954 9.28216 29.2745 16.732 0.654809 10.3165 15.0482 
331.038 409.017 8.50061 304.628 7.86726 298.547 109.93 83.2377 359.693 6.92491 61.2972 85.9153 38.0443 10.9819 27.2593 3.51682 0 286.597 423.41 22.4806 63.4319 18.88 7.94402 0.298322 278.033 14.8488 13.4952 22.2051 
70.7548 161.116 91.4758 3.35853 6.37627 100.556 40.2085 180.6 122.646 85.5651 104.178 19.3759 18.6715 8.22253 20.0542 61.7 143.009 0 0.240206 85.1197 43.7546 27.1995 1.45736 18.0645 5.90909 61.684 21.4114 1.56131 
61.4528 10.999 51.8075 21.1859 300.67 42.7595 41.4307 92.8037 23.3063 39.4871 4.73714 35.7388 73.259 26.9966 12.3921 29.3839 83.304 2.32526 0 33.1915 65.0202 1.74585 3.20125 2.71006 17.5465 8.95247 20.9649 26.7446 
19.7386 130.162 20.2246 19.0833 91.732 8.73288 93.4282 109.317 55.3927 26.3775 36.3675 37.4425 0.222378 4.56579 0.00397626 4.62547 12.1062 87.1227 16.6994 0 291.346 5.95155 1.3964 5.64478 5.94289 9.5485 0.0128343 0.0896122 
205.448 80.4409 112.541 54.1339 1.50902 9.87909 48.1811 90.4615 86.4386 87.1111 86.3962 151.093 64.4806 7.40275 57.5261 19.1005 42.586 29.0332 53.3558 186.149 0 0.443316 34.7376 0.050424 50.1914 58.3199 31.0256 42.9957 
5.15847 3.74397 4.37063 9.57627 11.4385 19.8472 12.4055 0.00685022 68.8948 45.7166 34.6981 0.796032 81.2155 0.281046 2.72148 1.61317 1.9174 13.1417 1.00684 1.73489 18.3664 0 5.00914 8.83828 10.1817 4.87042 9.99109 6.67515 
40.2173 48.8395 9.24234 18.6209 54.7133 4.92775 40.5615 77.9671 14.7307 1.19946 112.633 71.1869 32.7308 3.61502 0.0669154 11.0913 0.327912 16.7784 11.2372 1.15887 36.3032 5.11102 0 9.60218 21.7188 10.0378 8.94514 6.98885 
50.484 4.65797 4.97519 25.4926 2.32226 7.03778 49.5917 80.5218 24.4092 0.207488 95.1544 50.3513 0.319402 9.28369 27.9186 0.167725 15.4146 36.139 0.227584 4.7565 9.83455 11.1845 14.3964 0 43.5065 16.5921 0.0135714 9.23453 
264.143 278.78 25.6507 278.819 67.2516 257.655 24.4706 42.5672 261.172 70.7261 92.7741 783.941 44.5854 2.3172 24.1617 70.1855 263.476 3.43473 22.6822 6.2781 60.1391 29.6248 15.959 43.0348 0 40.6816 59.9597 124.725 
20.9129 46.0906 11.0175 38.6448 3.10822 3.4384 39.1602 191.472 9.21048 23.1892 9.8298 2.58241 0.386597 8.30711 17.6128 2.70518 8.43488 61.7701 26.2559 6.12992 53.1041 9.3545 0.998379 16.451 33.9631 0 37.1231 30.8049 
50.584 16.1115 0.343897 21.3609 37.6454 0.646681 2.19071 100.506 0.164383 1.83853 85.4442 96.4507 11.2101 2.9935 5.98521 8.91684 12.4075 3.74834 7.24432 7.38323 0.101914 10.1462 8.74647 0.315213 51.4869 34.2198 0 72.4983 
21.0958 64.7319 19.9883 10.3476 55.6938 8.81575 42.5887 9.67009 50.7656 52.3774 0.0883461 108.334 44.6432 1.85347 3.00835 19.1997 10.9159 0.376962 2.26208 1.33785 4.62477 7.87598 9.97033 14.1846 20.1231 61.7762 86.7559 0 
