0 492.063 117.694 293.36 59.4729 168.156 25.3155 301.648 350.851 78.1992 75.4444 127.644 36.8664 2.37813 55.3194 28.5858 156.118 50.4069 113.514 224.318 146.438 5.78038 39.5597 1.03658 158.011 39.8301 7.48172 58.7607 
426.435 0 10.7929 264.288 440.667 223.89 525.973 245.769 489.02 104.801 253.595 16.8325 41.8411 6.92107 89.7172 57.0518 89.1535 291.539 135.017 50.6173 120.391 16.5974 51.8716 39.2613 122.458 13.5002 23.903 21.1945 
206.716 461.817 0 52.8852 105.477 2.44686 94.4413 5.25305 464.791 101.448 227.961 160.411 28.3486 6.02988 33.0919 0.625961 52.9976 23.1294 4.01923 4.14031 106.44 10.875 1.83021 7.5973 21.4328 1.23796 0.327704 22.1997 
242.684 396.322 139.253 0 127.51 103.791 99.0172 419.336 102.975 0.000102004 165.708 159.928 37.7342 18.3128 4.87095 0.0740767 88.1747 83.0531 56.5125 21.1344 103.97 13.564 9.99669 26.0733 126.93 42.0182 16.546 17.7048 
232.738 84.397 41.4818 29.0822 0 191.656 417.014 195.158 347.023 96.2814 153.802 174.283 29.3381 49.423 77.9834 58.3389 25.4405 142.936 301.201 77.8359 19.0413 39.9866 36.0035 50.0167 67.227 49.6511 48.4646 45.7355 
115.263 95.1903 41.5194 87.6418 677.213 0 971.441 194.042 215.025 486.725 189.114 72.5623 468.192 2.3736 35.0488 25.3623 124.456 56.6767 88.9894 2.41695 0.46973 13.4123 11.7076 0.144364 97.6533 2.07314 1.8932 20.9853 
2.2852 523.87 141.987 32.3078 36.9501 413.133 0 0.895725 266.175 7.94394 63.7701 72.0088 218.517 1.49896 139.921 42.7022 12.2525 55.4812 6.23444 1.44605 71.8657 14.7239 35.7547 51.2877 49.02 0.105592 17.7865 24.0956 
0.0247441 176.581 247.956 382.533 188.255 56.5751 5.04042 0 236.588 207.915 276.633 147.267 11.3333 78.411 171.369 109.366 88.8556 163.342 108.703 0.135657 170.354 38.7931 31.0661 33.596 193.567 185.713 72.4547 49.8677 
107.922 197.619 303.325 386.056 0.0809935 390.449 1096.11 551.027 0 199.204 866.247 352.509 173.541 82.0318 107.12 13.9375 172.902 26.2504 128.696 35.1773 89.5845 69.2133 2.19178 1.48713 207.769 71.6885 79.6856 44.8018 
131.99 76.7881 112.941 101.594 304.579 410.982 499.461 47.5735 18.7748 0 328.554 6.56119 243.021 22.4045 68.7175 39.6998 9.02724 96.2758 106.545 56.2324 99.3756 14.1064 10.7628 41.7412 71.1299 75.6394 47.6789 54.765 
10.5604 212.304 1.53158 6.17689 9.8745 68.5792 8.5788 135.044 869.094 152.174 0 241.846 216.357 89.4559 41.3121 225.098 91.1245 146.192 26.9672 23.4872 117.704 8.52102 1.87737 0.356014 114.305 18.2141 68.055 53.3455 
23.4907 7.26499 0.966223 258.615 1.8715 12.3176 32.5532 478.378 49.228 232.868 513.374 0 0.0865725 16.2196 62.1936 5.36209 6.38861 26.6365 100.467 4.252 12.9553 12.844 97.0558 133.165 2.87956 389.07 66.1006 149.713 
81.8055 112.626 70.3925 3.77138 76.5544 48.8244 48.7944 139.699 137.281 132.554 57.4337 89.9266 0 149.276 104.185 26.8206 64.7091 27.3433 52.9812 39.0831 43.925 78.4764 21.4879 1.90785 5.64292 36.0019 4.67464 2.04333 
0.0817715 65.3925 16.3737 8.06394 52.0304 4.7535 92.8212 88.7488 57.1302 72.9709 210.262 164.665 50.7318 0 13.2076 18.7791 3.33123 7.24005 3.03701 2.96763 43.2062 9.46075 5.35869 10.3988 1.29366 8.90755 6.99887 0.0063914 
0.666826 6.85478 14.9445 7.32712 0.0870935 3.53084 126.358 67.6953 198.333 84.2235 4.86318 44.0386 71.5843 42.9984 0 7.06707 0.614465 56.423 8.93175 11.5933 47.3834 14.6845 11.4152 16.4038 26.7909 8.89855 0.457803 0.979313 
80.1014 18.6416 20.8939 12.974 11.0857 14.0016 13.0811 72.0886 145.341 4.81311 225.771 26.5833 69.8364 3.65105 2.25281 0 16.9873 27.06 16.0433 1.99856 44.8663 5.43635 9.6923 29.0079 17.8733 1.14119 9.95728 15.6077 
162.247 238.151 7.62767 132.928 6.06135 126.616 109.902 82.0471 187.618 7.8 62.6828 86.2549 37.1413 10.7286 27.4814 3.73854 0 287.482 157.851 21.9684 63.9059 18.7509 8.13352 0.249093 106.935 14.525 13.6862 22.0634 
63.3177 134.734 97.6916 2.121 4.10996 97.7674 34.6044 181.099 116.692 88.9111 107.709 21.3271 20.0523 7.66498 21.1208 61.7374 158.146 0 0.685632 84.4159 45.9222 27.6323 1.26655 18.6687 6.42346 61.5821 20.9435 1.35288 
64.1425 8.48429 52.8957 22.4724 301.157 39.7175 45.5039 94.5151 20.6516 42.6259 3.79498 34.2152 74.3648 26.8866 12.9854 29.5516 76.6318 1.41268 0 33.5419 64.3627 1.60178 3.39681 2.89167 17.1655 8.5836 21.1234 26.7807 
27.3253 127.135 19.4897 20.7804 90.8181 8.22872 93.9243 110.727 53.0044 25.325 37.9249 39.3676 0.142585 4.53782 0.000142285 4.46084 12.6235 86.7725 17.3179 0 268.369 5.91984 1.35055 5.5896 5.73837 9.38687 0.00596613 0.0654984 
198.415 75.7504 115.126 40.1869 2.10409 10.891 51.09 84.8814 91.0041 88.1894 83.5136 153.276 63.695 6.9484 57.3194 18.0561 43.4824 30.9658 54.2748 217.023 0 0.376162 34.3961 0.104411 49.4575 57.7291 30.5639 43.495 
4.8566 3.40115 4.22083 9.37787 10.788 19.9679 13.2119 0.0389284 68.6323 44.6548 33.4229 1.06159 79.5529 0.201162 2.46785 1.46339 1.80282 13.5626 0.896573 1.78988 18.0654 0 4.49535 8.47881 10.02 4.72792 10.1164 6.78569 
39.7295 49.4573 9.03781 18.7535 54.9982 5.21405 41.9876 79.9059 16.3951 0.857429 109.669 74.7261 29.8752 4.37455 0.000689368 11.3787 0.379567 16.2411 10.9579 1.1154 36.0084 4.59432 0 11.5371 21.2646 10.1136 9.1678 6.84153 
49.8089 5.20969 5.25873 25.2453 1.99784 6.72051 48.3147 84.6005 22.5732 0.0857219 98.2777 57.201 0.590495 8.99263 27.6631 0.00285756 15.2213 35.5934 0.285675 4.83058 10.392 11.4784 12.5452 0 42.8685 16.5061 0.0447112 9.49325 
92.5012 109.27 25.2695 109.106 67.0762 86.7306 26.2601 48.8202 89.3302 70.3616 96.778 375.929 45.3303 2.5984 24.8887 59.1066 92.909 3.83888 23.0192 6.48449 60.2885 50.8516 16.4195 40.4607 0 35.0728 135.433 102.69 
22.4606 47.8064 11.7061 39.5273 3.63634 3.85068 41.5693 182.494 11.3524 21.5081 12.6574 0.000381168 0.242482 7.98742 16.6 3.58921 8.13652 61.7038 26.5387 6.32628 53.8867 9.25566 1.13026 16.5496 35.0524 0 36.7085 26.9462 
50.4234 15.4838 0.274561 20.9969 37.1666 0.556458 2.51969 100.525 0.0719003 2.10236 85.6919 98.6743 10.8057 2.85099 6.28652 8.55765 12.213 3.49325 7.45594 7.49535 0.0595125 10.269 8.51894 0.218158 49.9949 34.9319 0 77.6626 
22.0341 64.7474 20.2214 9.73812 55.9205 9.17747 43.8597 7.88662 48.8055 52.924 0.276474 102.304 44.7424 1.70118 2.68171 19.6236 10.6749 0.277317 2.42768 1.43406 5.02801 7.77533 10.0097 14.2545 20.637 62.8648 83.0844 0 
