0 462.807 102.78 172.696 48.4787 88.9121 33.8183 305.532 264.917 72.8621 81.6942 136.314 34.431 2.87035 56.7999 26.3049 68.7101 59.36 112.273 217.531 158.037 6.1989 40.1904 1.40255 74.0816 37.5966 6.88266 59.2145 
403.029 0 0.0278545 206.087 475.442 155.194 518.145 235.102 396.245 116.717 248.046 12.8693 37.8477 5.89956 88.1089 59.2695 3.27142 66.9171 129.074 57.0878 114.613 15.7911 52.5136 37.9917 35.9238 15.1761 23.0219 22.41 
209.952 473.388 0 104.675 116.105 4.12896 76.4763 1.29636 473.237 98.1049 233.847 166.442 30.372 5.5473 32.605 0.381931 52.2726 17.7788 5.0379 3.41954 110.289 11.0128 1.62735 7.2092 22.1188 0.892327 0.242185 22.1669 
122.602 303.757 263.264 0 133.495 16.4822 87.6073 861.265 9.04028 0.150261 172.979 144.418 35.9147 18.8077 5.75435 0.29783 4.02903 88.8569 55.4385 23.343 40.2486 13.7652 9.55599 25.8375 42.9355 42.7716 17.0865 18.553 
222.814 124.454 50.7575 23.6245 0 173.895 428.325 189.696 339.742 117.317 164.429 172.349 24.6862 47.8197 80.1129 56.7581 29.7314 133.153 299.888 75.4709 21.421 39.0127 37.0759 50.6908 67.4088 51.0954 48.2827 46.5211 
35.3693 5.45338 45.2523 3.90523 1042.7 0 1241.37 186.917 84.8894 287.04 205.449 78.7011 620.466 2.82316 36.2624 25.7926 38.2999 61.1509 87.8194 2.02545 0.219769 12.9757 11.3425 0.228815 13.6973 1.67951 2.09687 21.2431 
0.466074 512.275 160.498 41.1044 58.0056 218.724 0 5.15052 512.769 26.2323 40.4812 61.0631 216.922 0.794043 137.939 39.198 14.1031 47.34 8.71733 2.2642 75.7997 15.8278 33.9044 52.8612 46.4484 7.71111e-05 18.7914 25.6659 
0.565346 189.968 258.617 301.014 182.301 66.7387 0.849917 0 178.004 202.935 293.837 268.824 9.32866 73.9776 175.68 91.5114 87.5551 166.379 107.254 0.000598566 164.6 37.595 33.8344 38.2741 192.794 196.837 74.677 54.4051 
30.0943 137.393 355.11 314.682 1.83365 251.723 1253.01 594.198 0 225.862 204.585 335.96 178.83 75.3801 91.314 10.5175 90.4488 21.469 124.913 38.0941 95.4614 68.9216 3.13739 2.23571 124.847 77.0142 79.6059 42.3018 
135.757 88.1205 111.605 99.763 290.817 329.285 479.99 40.4263 31.935 0 263.182 3.51145 265.048 25.3495 75.8507 43.3061 10.2966 100.394 109.381 56.0492 99.2838 15.4386 12.0989 43.2311 70.7654 75.0865 47.7151 55.2726 
7.86292 221.279 0.0866683 9.92939 14.4444 84.9362 1.48862 115.979 902.902 212.102 0 203.539 224.213 76.864 70.8329 220.663 91.891 142.805 24.2609 21.7105 120.705 9.57558 0.868782 0.0359568 109.747 22.9856 66.5275 50.2633 
29.0831 4.70528 2.65955 255.471 3.06466 15.8024 41.2323 630.261 65.5698 227.406 502.916 0 0.42884 11.8555 46.6991 0.459647 5.59787 29.4946 100.551 5.34889 10.5329 14.0334 100.874 141.768 16.3433 371.574 62.4834 155.124 
84.028 108.69 71.1596 3.00689 70.1638 55.4225 40.8937 141.453 144.309 107.542 67.3888 94.4282 0 153.242 107.777 29.7066 64.7012 25.3575 50.9683 38.6053 45.2323 80.6861 18.296 1.25885 6.38889 37.1731 4.30636 1.72895 
0.195099 66.3425 16.2144 7.4805 53.5322 5.33937 94.0472 92.8238 51.4945 70.6635 206.413 166.002 40.4774 0 6.83128 18.2089 3.56761 7.94346 2.72842 3.04598 43.5065 9.21474 6.3279 10.3835 1.57965 9.29719 6.79465 0 
1.05463 8.44286 13.6461 8.36032 1.13351e-05 2.63891 122.089 59.2524 205.29 77.2228 18.6274 59.2211 77.1123 34.5458 0 1.60392 0.482237 55.2451 8.25619 11.6467 46.452 15.016 12.9165 14.8903 27.5617 7.73786 0.34048 1.25281 
79.6651 16.7002 21.5119 11.3555 12.4464 13.123 10.7955 89.0413 147.758 3.32713 221.667 4.84755 72.0667 2.61554 8.32343 0 17.3788 25.8046 15.478 1.82971 43.5184 5.15058 10.1892 28.3013 19.34 1.95438 9.49441 16.31 
80.1423 153.093 6.56449 47.1018 4.07347 40.5032 109.734 80.4695 101.266 8.99319 64.4442 86.6435 35.9746 10.4032 27.7549 4.0318 0 286.272 353.973 21.3026 64.4833 18.5805 8.378 0.192255 21.9188 14.1081 13.9307 21.8756 
54.1534 90.3859 105.538 0.941952 1.91587 94.017 27.9199 181.471 109.007 93.1624 112.189 23.9495 21.8823 6.97233 22.5142 61.7392 177.35 0 1.59138 83.3901 48.74 28.1842 1.04038 19.4508 7.11229 61.4088 20.3428 1.10629 
67.5819 5.70976 54.2156 24.1505 299.086 35.845 50.9024 96.6426 17.4409 46.7415 2.73285 32.2803 75.7212 26.7294 13.758 29.7498 69.6703 0.569821 0 33.9666 63.4833 1.42506 3.65524 3.13254 16.6742 8.11638 21.3223 26.8177 
39.1931 122.805 18.5163 22.9862 89.4914 7.59165 94.3994 112.353 49.935 23.9781 39.9372 41.8643 0.065879 4.49971 0.002897 4.24987 13.2949 86.1941 18.1147 0 233.535 5.87759 1.29219 5.51608 5.47701 9.17388 0.000953582 0.0400117 
188.724 69.7781 118.116 20.9571 3.01133 12.2518 54.8847 77.7916 96.8813 89.5115 79.7884 155.887 62.66 6.3817 57.0125 16.7396 44.625 33.5106 55.4346 253.872 0 0.297835 33.9442 0.202297 48.4857 56.9234 29.964 44.1178 
4.48012 2.98294 4.03015 9.12195 9.97342 20.106 14.2756 0.118675 68.2532 43.2573 31.793 1.45817 77.2425 0.117763 2.15718 1.28013 1.66022 14.1088 0.763885 1.86135 17.6777 0 3.85951 8.01108 9.8256 4.54544 10.2745 6.92675 
39.0824 50.2214 8.76955 18.9075 55.3268 5.58839 43.8076 82.3111 18.6393 0.500928 105.64 79.2224 26.3055 5.36565 0.0743048 11.7034 0.451411 15.5559 10.5992 1.06028 35.615 3.95397 0 13.9605 20.6189 10.1984 9.44968 6.64961 
48.9047 5.95989 5.62886 24.8942 1.61545 6.3171 46.6466 89.7624 20.2889 0.0069531 102.138 66.3517 1.0591 8.57771 27.1932 0.16361 14.9699 34.8809 0.369912 4.92405 11.1248 11.8384 10.0682 0 41.7091 16.3606 0.111145 9.82117 
6.86142 26.3348 24.7469 25.8708 66.8006 1.97307 28.6154 57.262 3.59033 69.8 101.809 524.672 46.2592 2.97893 25.7808 44.9768 8.585 4.38913 23.4456 6.75042 60.4362 73.9004 17.0284 37.3362 0 58.9545 126.382 31.6218 
24.4987 49.9968 12.5989 40.5714 4.37258 4.40918 44.6949 170.087 14.4032 19.405 16.7671 4.44891 0.106213 7.57095 15.2913 4.88305 7.75751 61.5761 26.8907 6.57826 54.8533 9.12457 1.31024 16.6413 36.3646 0 36.0646 22.0992 
50.1919 14.688 0.196734 20.5186 36.5415 0.450168 2.97483 100.439 0.00838033 2.46625 85.941 101.41 10.2926 2.6712 6.67966 8.09779 11.9625 3.17739 7.73051 7.63812 0.0216444 10.4236 8.22323 0.119318 47.9777 35.7471 0 83.3777 
23.2532 64.7218 20.5038 8.97064 56.1821 9.64598 45.4807 5.84632 46.2881 53.584 0.671265 94.4546 44.846 1.51345 2.28597 20.1353 10.3659 0.171529 2.64831 1.56193 5.56839 7.64419 10.0533 14.3299 21.2369 63.5869 77.3059 0 
