0 772.974 39.9154 223.365 11.2262 301.993 84.0446 302.507 437.268 49.238 110.608 173.428 23.994 5.6473 62.8306 16.6631 246.663 104.983 104.297 224.977 204.904 8.25044 42.7586 3.73574 267.128 27.6133 4.43218 60.651 
768.945 0 172.419 488.814 526.322 406.206 379.945 178.255 512.628 169.81 212.969 1.4204 21.5622 2.22553 79.021 68.5913 193.422 859.867 99.0494 87.2424 87.2456 12.2751 54.932 32.0834 218.458 23.6876 19.0796 28.1166 
198.329 303.793 0 298.509 158.919 16.4082 14.1803 16.8194 353.246 79.341 238.812 185.015 39.7459 3.5056 29.2688 0.0314348 47.9976 1.98014 10.9196 0.94898 123.171 11.5764 0.838889 5.47491 24.879 0.0286297 0.0154882 21.7222 
200.971 410.046 292.561 0 154.739 197.641 39.9793 777.435 206.298 4.38112 197.143 74.5239 27.7119 20.7838 10.4773 3.1428 198.062 113.435 49.666 33.2063 293.645 14.6161 7.56625 24.2816 235.706 44.6312 19.4687 22.3162 
167.768 346.138 98.2476 5.40984 0 3.71701 414.142 160.261 282.229 218.426 208.803 160.219 8.14437 40.1847 88.2352 49.0115 52.0693 88.2602 257.695 63.4507 33.5791 34.4144 41.7583 53.3254 67.5122 57.2288 47.1986 49.8074 
250.375 201.38 59.4753 202.222 512.378 0 412.267 144.852 197.068 597.5 260.726 106.176 484.232 5.2562 40.3896 27.0976 222.109 81.2407 78.6237 0.658918 0.269775 10.9322 9.59987 0.851015 207.809 0.395824 3.1367 22.1987 
9.5107 361.309 228.652 89.0032 193.263 404.571 0 65.4427 1302.83 212.093 1.86742 20.9066 199.171 0.402198 122.467 24.2441 23.8419 17.2583 24.6735 8.17031 93.4055 21.1594 25.6235 59.459 34.8348 2.03574 23.5393 33.0575 
23.3482 244.493 275.681 176.7 151.133 116.907 25.7128 0 7.92319 173.408 353.898 903.348 2.58582 53.4257 185.202 24.7339 80.8802 176.872 99.3144 2.36249 135.104 32.097 47.0396 61.4777 177.976 230.291 83.9528 75.5454 
261.499 447.721 473.16 519.117 37.4538 230.134 705.106 655.414 0 332.178 1318.9 241.548 197.337 45.5828 85.63 0.906859 290.428 5.46738 105.539 51.8722 121.793 67.0044 9.44545 7.47279 320.418 100.433 78.4595 31.2502 
149.313 142.1 100.465 88.4778 203.944 54.1952 290.858 14.3298 125.918 0 30.6001 1.65021 327.988 39.7612 105.857 59.6004 16.9337 117.718 119.222 54.4078 97.6996 21.949 18.8502 49.4799 67.7877 70.8099 47.4945 56.9062 
0.552757 253.224 15.7113 36.8652 44.8714 166.414 42.2865 42.6781 556.986 493.423 0 56.6277 249.013 27.6042 255.278 181.343 94.5229 125.379 13.4461 14.2682 132.808 15.0152 1.14742 2.75548 86.8469 49.8875 59.0696 36.5582 
60.3518 0.0639092 20.3764 219.18 12.044 36.1306 90.1062 1030.16 159.389 193.028 392.937 0 5.22845 0.496443 2.84169 178.617 2.62808 43.7904 99.8739 11.7815 2.57492 19.9321 115.522 173.147 54.1993 215.787 46.106 172.437 
93.2414 89.393 73.2467 0.600521 42.8231 12.904 12.684 146.981 172.933 19.9733 117.671 114.115 0 151.113 118.193 43.4469 64.1255 17.0223 41.6305 36.1471 51.0742 88.0415 6.54673 0.00477317 10.271 42.2301 2.80174 0.621687 
1.31699 69.6649 15.1346 4.99447 59.7542 8.2581 96.8982 109.166 28.0928 58.2025 171.752 162.724 6.45996 0 5.6162 13.5918 4.72348 11.4702 1.51557 3.39233 44.5357 7.91441 9.4249 9.53771 3.18404 10.8994 5.84877 0.130764 
3.90136 17.4505 8.09911 13.615 1.74668 0.190749 98.0638 25.776 221.049 45.0514 168.497 142.928 99.5649 2.4142 0 24.5835 0.0811734 49.4191 5.443 11.7824 41.872 16.2972 19.3932 8.13971 30.2438 3.26548 0.0245554 2.88304 
75.9349 8.97561 23.7219 5.03561 19.3802 9.20302 3.00558 171.208 152.402 0.0125286 183.591 119.971 80.0796 0.038386 63.0724 0 19.1021 20.2249 12.9114 1.13818 37.0912 3.88284 11.8999 20.7096 25.6523 7.96343 7.40075 19.1834 
281.602 337.334 2.6513 232.153 0.000776081 224.423 107.123 72.686 283.322 15.3228 72.1111 87.7182 30.6228 8.93214 28.823 5.47708 0 249.141 565.901 18.1972 66.6402 17.7455 9.49938 0.0260688 211.09 12.2093 15.0254 20.942 
19.9336 38.8291 137.211 1.56444 2.43297 75.1304 6.02884 179.314 74.6086 111.411 131.397 37.3436 30.9057 4.18601 29.1084 61.0898 252.088 0 10.2917 77.0976 61.8465 30.6256 0.288231 23.0668 10.6171 60.0265 17.6326 0.293517 
82.6616 0.000971576 58.9679 31.996 253.863 19.5216 76.9818 105.176 6.01175 66.0996 0.0889852 23.8942 80.8938 25.7968 17.3806 30.4002 42.6442 1.4999 0 35.5135 59.0269 0.745459 4.92537 4.32942 14.4277 6.103 22.1587 26.8524 
113.528 97.9696 13.827 32.8748 81.4429 4.89876 94.2166 116.952 36.246 18.012 49.1301 53.3601 0.0868466 4.29655 0.124414 3.3092 16.4151 81.799 21.7257 0 59.3454 5.66474 1.03606 5.14673 4.31902 8.13985 0.0324986 0.00303263 
137.986 44.1267 126.464 64.1478 9.09778 19.2111 72.6463 47.6146 123.144 94.5595 62.7955 164.773 57.6187 4.0666 55.0432 11.1918 49.65 45.8038 60.3646 331.651 0 0.0561936 31.7156 1.04895 43.7016 52.6424 27.155 46.6623 
2.93861 1.41139 3.19438 7.95159 6.59988 20.4867 19.458 1.02598 65.9518 36.5298 24.5804 4.02933 64.6348 0.0194945 0.983013 0.588675 1.08012 16.6584 0.291475 2.19664 15.9055 0 1.45537 5.85806 9.12072 3.72983 10.9473 7.55125 
35.8752 53.24 7.48789 19.3667 56.2734 7.35851 51.7777 91.8176 30.136 0.0845846 84.8181 98.326 12.1587 9.01971 2.5794 12.4701 0.85459 12.5343 8.98231 0.821574 33.6309 1.51956 0 20.7824 16.9419 10.399 10.6559 5.7481 
44.3213 9.92214 7.36973 22.8556 0.380536 4.56602 38.7821 111.312 11.1483 0.755139 117.014 110.226 4.84054 6.25484 23.231 5.78727 13.7874 31.4994 0.88742 5.32151 14.6662 13.1837 1.03043 0 32.3834 15.2238 0.781769 11.2282 
194.322 225.414 21.9521 222.989 64.8448 192.841 39.918 99.2176 192.865 65.9699 122.358 0.450341 50.0382 4.94257 29.1215 60.2453 201.039 7.31075 25.2782 7.95899 60.4741 6.8102 19.9447 40.8693 0 47.4353 101.943 64.2955 
34.2934 59.5893 16.672 43.8923 8.49819 7.30807 59.0024 106.541 32.0261 10.8576 41.3189 121.048 0.187927 5.64408 9.48547 12.4828 6.1059 60.3976 28.3173 7.70758 58.645 8.47482 2.26408 16.5509 40.8486 0 31.6944 4.63641 
48.7896 11.2445 0.00571851 18.2148 33.5715 0.106999 5.48967 98.4752 0.50754 4.46205 86.0794 111.873 8.06455 1.90745 8.53331 6.06008 10.8185 1.91733 9.01221 8.26587 0.0864957 11.079 6.84738 0.0443919 38.1568 37.8985 0 92.2914 
28.9324 63.9622 21.5298 5.75777 56.9415 11.8079 52.5926 0.372391 35.0298 55.9496 4.60003 59.0109 44.9722 0.783512 0.858536 21.9367 8.97657 0.00978888 3.75826 2.20016 8.32415 7.02475 10.15 14.4638 23.1507 57.2366 41.7374 0 
