0 665.164 15.3372 137.248 1.63513 255.626 116.861 286.733 363.04 37.3214 126.141 191.012 18.8463 7.51712 65.5658 12.0702 183.465 131.466 98.4528 157.87 224.17 9.46819 43.9372 5.45575 211.467 22.4314 3.29579 60.988 
697.465 0 338.496 449.745 472.687 368.686 260.091 143.95 396.535 195.447 188.266 0.0196803 14.2591 0.938036 72.9855 73.0101 140.381 898.358 81.5556 102.885 72.1531 10.4758 55.8865 28.8093 158.096 28.843 16.9877 31.3195 
175.138 137.56 0 213.377 175.667 25.4472 0.644648 46.7135 217.407 67.3449 226.158 188.2 44.8449 2.53286 26.7662 0.375916 45.0488 0.0303884 14.8862 0.230281 126.538 11.8382 0.509487 4.56878 26.0931 0.0670918 0.00606006 21.278 
140.62 287.727 163.73 0 161.332 138.343 19.9486 46.4476 186.084 9.04489 203.086 41.9735 23.3761 21.6459 13.4483 5.86471 144.301 124.803 45.9786 38.0512 594.38 15.0332 6.50799 23.1183 179.897 44.5056 20.7006 24.2594 
133.735 453.394 124.697 0.784526 0 52.1939 363.451 141.724 237.738 267.981 228.764 151.462 2.7432 35.8617 91.445 44.4813 65.6516 65.0495 214.181 56.2354 41.0092 31.8111 44.1482 54.4473 67.064 60.2195 46.4307 51.3862 
208.37 166.896 64.3589 152.191 502.39 0 829.554 117.524 203.622 867.365 272.927 120.063 149.917 6.8079 41.5415 27.3307 162.147 91.5191 71.2619 0.220856 1.12295 9.79371 8.60964 1.35061 153.543 0.0666084 3.77916 22.5621 
25.9472 239.704 247.01 117.542 277.41 847.072 0 121.23 916.485 342.096 31.3359 7.29546 182.913 2.1524 110.168 17.1078 29.96 6.6939 36.1923 12.8037 102.576 24.2495 21.2948 62.6007 28.7206 4.85725 26.2308 37.2006 
48.5987 267.468 261.814 29.0412 132.042 144.271 67.267 0 11.017 153.454 370.639 1030.01 0.644825 42.4491 182.987 4.85472 76.752 180.123 94.1192 5.67584 117.385 29.0884 54.4674 74.8104 162.782 234.232 88.3333 86.9548 
232.57 452.39 426.971 436.941 73.6462 136.695 116.552 586.756 0 369.711 1358.5 183.228 203.099 30.9236 56.1263 0.105271 238.646 1.10166 93.8205 59.5366 135.398 65.5567 14.1854 11.5322 264.634 112.024 77.2945 25.567 
153.925 170.627 91.2964 80.5562 147.928 82.6517 161.181 5.35573 191.492 0 1.16734 9.02393 329.17 47.9096 118.834 67.9233 21.0933 125.907 122.242 52.9659 96.0345 25.7412 22.9054 52.4411 65.2853 67.3284 47.1066 57.3139 
0.157852 263.362 38.3432 57.1846 67.1242 208.469 109.332 16.1896 349.047 586.925 0 11.5879 253.964 9.85169 348.084 149.774 95.3483 114.697 8.71828 10.7215 138.2 18.3926 4.66855 7.07198 73.4483 67.1653 54.7007 29.4945 
80.5697 2.50651 36.1836 186.923 19.2802 49.7407 121.29 892.28 217.665 168.989 302.675 0 10.032 0.673001 1.56083 342.12 1.45806 52.3479 98.7686 16.2182 0.477703 23.4526 121.257 183.232 89.8604 114.049 37.4945 176.146 
97.5556 78.2205 73.3798 0.059319 29.7971 12.9567 3.74897 148.22 185.491 0.880368 146.518 124.015 0 136.389 119.31 51.0238 63.4379 13.0241 36.5016 34.6192 54.1663 89.9829 2.46738 0.52371 12.7007 44.7585 2.10329 0.247257 
2.34348 70.7459 14.3166 3.78638 62.6594 9.97231 96.4977 116.159 17.6273 50.403 143.586 154.608 0.0906993 0 23.2567 10.1831 5.40763 13.604 0.992758 3.57297 44.8579 7.10397 9.58644 8.59225 4.24258 11.6236 5.32568 0.312275 
6.17756 23.4515 5.48165 16.7617 4.16125 0.0502264 82.7126 12.4425 217.657 29.1078 274.892 190.132 108.941 1.47419 0 57.3753 0.00352362 45.959 4.10896 11.7809 39.1632 16.823 22.2271 4.94286 31.0688 1.54084 0.00614464 4.01914 
72.7466 5.64168 24.4586 2.525 23.6066 7.19304 0.741773 211.275 150.378 0.693484 152.422 280.259 82.7704 0.364104 86.1455 0 19.9973 17.3091 11.5272 0.819599 33.438 3.22605 12.3705 14.6927 28.5601 12.4156 6.28837 20.4669 
230.497 274.505 1.2166 172.66 1.33167 164.461 104.443 68.0662 221.786 19.3444 76.0097 87.8166 27.6967 8.13941 29.2794 6.3388 0 210.638 226.782 16.4692 67.4805 17.2487 10.1162 8.3319e-05 154.086 11.177 15.61 20.3787 
7.78108 85.5789 150.176 6.03485 9.97216 64.028 0.736618 175.494 57.0281 120.311 140.806 45.5374 36.2473 2.93445 32.8336 60.2817 277.335 0 18.011 72.6292 69.0777 31.9047 0.0731078 25.0674 12.7715 58.8667 16.1734 0.0678725 
90.2523 1.86178 60.6018 36.3161 209.288 12.1108 91.5767 108.955 2.19572 76.6622 0.200971 19.6629 82.9701 25.1405 19.4069 30.5768 25.44 5.29349 0 36.0773 56.2996 0.462899 5.68062 5.04979 13.2009 5.09035 22.5663 26.7782 
157.835 81.9415 11.2173 37.7585 75.7996 3.61022 92.4907 117.43 29.1731 14.928 54.0887 59.5907 0.355988 4.16573 0.266009 2.81651 18.1432 78.2409 23.6588 0 5.60364 5.53442 0.90351 4.92244 3.7152 7.53751 0.0875529 0.0380345 
108.118 31.7415 127.086 100.745 13.7169 23.4704 82.4491 33.2871 136.663 96.6023 53.6761 167.413 54.6553 2.99673 53.5818 8.5227 52.2508 52.8974 62.7893 292.128 0 0.0045292 30.3859 1.78657 40.8692 49.9124 25.5728 47.8393 
2.22037 0.790323 2.76309 7.3117 5.00738 20.5188 22.491 1.89653 64.3053 32.6774 20.836 5.95012 56.6438 0.163186 0.522913 0.317193 0.811972 18.0903 0.126309 2.38631 14.9342 0 0.584944 4.71151 8.84539 3.29812 11.2803 7.87881 
33.9581 54.5495 6.7577 19.4451 56.4025 8.35344 55.8204 95.8597 37.1268 0.701994 72.3085 107.334 6.384 9.67373 5.26254 12.3607 1.12731 10.9614 8.11488 0.700349 32.4185 0.627208 0 19.8165 14.5622 10.3771 11.2509 5.24192 
41.5293 12.4384 8.34096 21.4648 0.0653125 3.68514 34.38 121.114 7.15764 1.92376 122.902 133.367 7.98207 4.82798 20.0418 11.3626 13.1169 29.5685 1.26206 5.51738 16.7264 13.686 0.114962 0 25.4392 14.2998 1.39468 11.923 
137.202 174.042 20.1786 170.084 63.3019 137.122 46.335 122.582 138.306 63.0448 131.411 635.257 51.7606 6.14167 30.3638 86.8681 145.914 9.18273 26.1979 8.61097 60.0526 43.0924 21.543 56.8737 0 61.6973 119.624 56.5953 
39.8625 64.4443 18.8213 44.6188 11.2555 9.09723 66.603 71.7753 43.7687 7.05666 57.859 223.43 0.720508 4.60839 6.62232 17.2828 5.25969 59.3449 28.9683 8.30416 60.2613 8.08555 2.86628 16.1513 42.1084 0 28.4617 0.381175 
47.7861 9.50043 0.0160471 16.8828 31.87 0.0188954 7.15989 96.3312 1.32612 5.77937 85.4608 116.03 6.928 1.53221 9.57707 5.00707 10.1918 1.35503 9.73318 8.59203 0.287088 11.4014 6.08685 0.265241 32.943 37.9192 0 84.1543 
32.0858 63.1039 21.9003 4.23591 57.0522 12.9941 56.2306 0.152904 29.1469 56.7776 8.17214 41.2482 44.8003 0.478072 0.358278 22.5155 8.2316 0.14476 4.43587 2.58554 10.0239 6.67202 10.1314 14.3899 23.7299 47.9956 21.9427 0 
