0 770.215 11.3115 263.888 0.663053 384.564 124.38 281.979 485.431 34.8233 129.503 194.558 17.7685 7.96323 66.1121 11.1314 308.982 137.309 97.0294 137.537 227.654 9.7468 44.1754 5.87762 338.567 21.3228 3.06448 61.0188 
809.637 0 371.228 576.685 453.877 498.124 232.592 136.284 509.251 200.582 182.398 0.190529 12.8183 0.725294 71.5618 73.9123 268.461 302.998 77.6692 106.152 68.8521 10.0903 56.0613 28.0838 284.264 30.023 16.5316 32.0337 
168.689 104.604 0 179.874 178.525 27.5767 0.0187207 55.01 186.399 64.5923 221.972 188.192 45.9597 2.33415 26.1573 0.503304 44.3434 0.276945 15.8256 0.136381 126.902 11.8915 0.446899 4.37374 26.3303 0.125351 0.0150768 21.1607 
273.116 399.79 88.4471 0 162.252 264.942 16.3253 120.255 323.698 10.2883 203.639 35.737 22.438 21.8138 14.1344 6.56676 271.95 127.057 45.1186 39.0364 0.26886 15.1207 6.27793 22.8329 306.964 44.3664 20.9654 24.675 
126.102 472.257 130.311 0.31753 0 78.6214 348.873 137.453 227.065 277.599 232.65 149.337 1.92634 34.8972 92.0273 43.4573 68.7369 60.1743 203.218 54.5965 42.7177 31.2279 44.6588 54.6638 66.9163 60.8426 46.2439 51.7137 
338.575 300.319 65.0942 280.767 1008.07 0 1077.74 111.291 353.304 446.681 273.623 122.96 678.726 7.16837 41.6818 27.3347 288.377 93.6838 69.4468 0.154948 1.39072 9.54104 8.38832 1.476 281.029 0.0307583 3.92822 22.6268 
30.586 212.425 248.774 123.793 295.327 892.315 0 135.073 771.985 369.001 42.445 5.19628 178.772 2.72571 107.146 15.6556 31.3803 4.99318 38.9666 13.953 104.542 24.9476 20.3635 63.246 27.4036 5.64008 26.8342 38.1225 
55.2358 271.714 256.618 10.3998 127.689 150.075 78.6846 0 21.7984 148.764 372.581 1020.9 0.388764 40.0882 181.78 2.48177 75.7956 180.593 92.8937 6.59673 113.372 28.4241 56.1138 77.7632 158.836 233.615 89.2286 89.4251 
365.983 591.586 406.703 555.339 82.9381 266.036 45.3304 562.916 0 375.317 924.144 170.306 203.924 27.9455 34.2536 0.369899 366.608 0.580336 91.1513 61.2279 138.292 65.1985 15.3489 12.5383 391.559 114.421 76.9854 24.3537 
154.656 176.617 89.0201 78.6636 135.54 104.757 134.564 3.93461 206.377 0 6.53383 11.4367 325.987 49.7012 121.243 69.6673 22.0595 127.574 122.669 52.596 95.5903 26.5966 23.8295 53.0464 64.6515 66.4562 46.9951 57.3565 
0.423438 264.826 44.4855 62.0855 72.4789 216.894 127.378 11.9331 313.804 597.157 0 6.08651 254.177 7.06069 364.077 142.183 95.4708 112.242 7.79597 9.99207 139.265 19.1759 5.76236 8.2874 70.4529 71.1376 53.71 27.9882 
85.2581 3.52492 40.172 178.935 21.0913 52.9345 128.426 829.58 230.607 163.302 281.336 0 11.2963 1.34194 3.60797 375.236 1.24372 54.3011 98.4536 17.2815 0.23769 24.2573 122.281 184.673 122.424 93.6753 35.6441 176.376 
98.4339 75.7165 73.3108 0.015692 27.155 20.477 2.46823 148.318 187.915 0.0207158 152.845 126.099 0 132.01 119.096 52.6766 63.25 12.1978 35.3717 34.2641 54.8395 90.2002 1.81833 0.754609 13.2657 45.2921 1.96088 0.186958 
2.60973 70.9119 14.1155 3.53603 63.2496 10.3582 96.2189 117.489 15.5945 48.6165 136.774 152.245 0.0402585 0 28.0481 9.40021 5.56396 14.0947 0.890978 3.61202 44.9058 6.91733 9.45125 8.34437 4.49167 11.7668 5.20966 0.362907 
6.74763 24.8685 4.95517 17.4748 4.83177 0.137571 79.1954 10.0827 215.742 25.8934 296.879 199.916 110.66 3.31554 0 64.3627 8.43873e-05 45.1703 3.83484 11.7732 38.5462 16.9215 22.75 4.3154 31.1853 1.23981 0.0170616 4.29205 
71.9372 4.99779 24.5727 2.07606 24.5775 6.7673 0.443936 218.972 149.493 1.08556 144.887 316.524 83.1897 0.607211 88.4764 0 20.1906 16.6795 11.2236 0.755217 32.6207 3.08518 12.4249 13.3159 29.1282 13.4663 6.04703 20.7186 
358.592 399.815 0.971018 298.971 1.96913 290.686 103.733 67.0125 347.607 20.2835 76.8411 87.7909 27.0507 7.96523 29.3678 6.53616 0 200.872 557.678 16.0854 67.6333 17.1349 10.2531 0.000611424 280.965 10.9494 15.7381 20.2489 
5.81614 84.8344 152.511 7.40694 12.3119 61.5392 0.251448 174.401 53.322 122.153 142.763 47.4232 37.4634 2.68467 33.6657 60.0596 280.949 0 19.9798 71.5507 70.6747 32.1823 0.0445608 25.5116 13.2702 58.5718 15.8527 0.0391861 
91.8496 2.75335 60.8645 37.2661 198.169 10.664 94.7778 109.699 1.59962 78.9598 0.377039 18.7646 83.3537 24.9815 19.8578 30.5984 22.313 6.44003 0 36.1741 55.6695 0.409039 5.85345 5.21544 12.93 4.87528 22.6518 26.7527 
166.99 78.2664 10.6468 38.7546 74.4457 3.34571 91.955 117.336 27.6644 14.2672 55.1729 60.953 0.440364 4.13492 0.304526 2.71013 18.5263 77.3494 24.0805 0 1.28425 5.50424 0.874933 4.87075 3.58485 7.4012 0.10339 0.0511159 
101.531 29.2032 126.832 98.4344 14.8572 24.4506 84.6078 30.3814 139.535 96.9827 51.6893 167.776 53.9806 2.77952 53.2224 7.97096 52.811 54.4939 63.2981 276.245 0 0.000874125 30.0813 1.976 40.2237 49.2735 25.2185 48.0785 
2.07359 0.676222 2.67026 7.17025 4.6804 20.5087 23.1789 2.12497 63.9044 31.8145 20.0303 6.42347 54.8027 0.21382 0.439614 0.267859 0.75737 18.4106 0.0988043 2.42891 14.7189 0 0.442294 4.46459 8.79334 3.20416 11.3506 7.94991 
33.5192 54.8051 6.59423 19.4455 56.3932 8.5748 56.6776 96.6319 38.726 0.919576 69.4855 109.151 5.3316 9.64952 5.95619 12.285 1.19272 10.6214 7.92478 0.674447 32.1383 0.479328 0 19.1261 14.0137 10.3594 11.3756 5.12902 
40.8867 13.0267 8.55625 21.1331 0.030681 3.49881 33.4026 123.045 6.38095 2.25404 123.963 138.199 8.77324 4.51092 19.265 12.7186 12.9663 29.134 1.35377 5.55856 17.1931 13.7727 0.409785 0 23.8297 14.0691 1.55301 12.0685 
264.137 302.181 19.7663 297.835 62.9158 264.32 47.7644 127.613 265.954 62.3226 133.164 917.673 52.1067 6.41603 30.5767 86.6622 273.217 9.62256 26.3932 8.75392 59.9168 57.9943 21.8877 60.8002 0 83.7235 161.603 96.0338 
41.1038 65.4717 19.2826 44.6694 11.911 9.50918 68.2412 64.518 46.5236 6.31113 61.7263 246.309 0.885096 4.38416 6.03547 18.3542 5.0781 59.0732 29.0995 8.4336 60.5728 7.99629 3.00623 16.0301 42.2631 0 27.6814 0.0733183 
47.5415 9.12853 0.0294508 16.5821 31.4862 0.00907537 7.55716 95.756 1.55954 6.09208 85.2572 116.787 6.68461 1.45351 9.80995 4.78156 10.0529 1.24288 9.89471 8.66252 0.347439 11.4692 5.91864 0.33914 31.8476 37.8101 0 81.2187 
32.7856 62.8717 21.9634 3.92457 57.0472 13.2559 57.0071 0.376255 27.8811 56.9147 9.09364 37.5903 44.7389 0.419957 0.275867 22.602 8.06813 0.196225 4.59258 2.67421 10.418 6.59264 10.1204 14.3593 23.8266 45.5512 18.0921 0 
