0 810.119 9.863 314.007 0.394771 434.913 127.397 279.957 533.133 33.8414 130.836 195.935 17.3446 8.14462 66.3241 10.765 357.997 139.634 96.4481 129.48 228.96 9.85901 44.2682 6.05022 388.206 20.8844 2.97417 61.0266 
852.231 0 383.404 625.861 445.752 548.516 221.671 133.224 553.079 202.57 180.019 0.307978 12.2614 0.647776 70.9848 74.2646 318.532 777.651 76.119 107.432 67.5396 9.93766 56.1273 27.794 333.543 30.4978 16.3501 32.3196 
165.997 92.3208 0 165.916 179.574 28.4359 0.0168375 58.4706 174.212 63.486 220.167 188.116 46.4032 2.25656 25.909 0.559348 44.0565 0.444793 16.2068 0.105626 127.007 11.9124 0.422974 4.29646 26.4217 0.153688 0.0198163 21.1119 
325.546 443.468 64.562 0 162.563 314.413 14.9689 373.153 377.772 10.8056 203.781 33.3606 22.0657 21.8785 14.411 6.85667 321.822 127.929 44.7709 39.4198 287.404 15.1552 6.18653 22.7161 356.59 44.2995 21.0703 24.8393 
123.056 479.168 132.517 0.188786 0 89.4707 342.761 135.734 222.739 281.272 234.143 148.47 1.63946 34.5114 92.2464 43.0465 69.9752 58.2594 198.738 53.9385 43.4061 30.9943 44.8607 54.7471 66.8523 61.0874 46.1676 51.8422 
389.459 352.634 65.3506 331.017 639.555 0 1153.04 108.793 412.691 760.586 273.691 124.097 559.949 7.31392 41.726 27.3314 337.678 94.5357 68.7048 0.131824 1.50567 9.44006 8.29974 1.52757 330.83 0.0202449 3.98846 22.651 
32.5347 201.654 249.234 126.271 302.338 901.784 0 140.718 711.957 379.356 47.3145 4.45436 177.068 2.9734 105.912 15.0895 31.9539 4.38111 40.0957 14.4241 105.321 25.2279 19.9946 63.4985 26.8817 5.96861 27.076 38.4911 
57.9829 273.318 254.34 6.86671 125.941 152.358 83.4426 0 27.0955 146.868 373.172 1013.39 0.304336 39.1538 181.226 1.75146 75.4092 180.755 92.3967 6.98328 111.763 28.1589 56.771 78.9404 157.206 233.215 89.5784 90.4044 
418.177 645.895 397.738 601.243 86.7628 317.671 25.7964 552.633 0 377.259 1684.17 165.17 204.206 26.7874 28.1925 0.520706 416.592 0.418077 90.0785 61.9022 139.435 65.0516 15.8249 12.9509 441.114 115.359 76.8568 23.8739 
154.918 178.967 88.0884 77.8949 130.629 114.894 124.345 3.42639 212.314 0 9.88644 12.4778 324.372 50.4141 122.153 70.3523 22.4501 128.224 122.814 52.4431 95.4052 26.9397 24.2009 53.2828 64.3904 66.0978 46.9479 57.3687 
0.565552 265.329 47.0413 64.0782 74.6566 220.145 134.848 10.4061 298.492 600.062 0 4.37231 254.172 6.06985 369.866 139.108 95.5136 111.254 7.44055 9.70663 139.678 19.4924 6.23053 8.79866 69.2556 72.735 53.312 27.3928 
87.1489 3.98016 41.8099 175.676 21.8356 54.2259 131.291 802.003 235.753 160.999 272.75 0 11.8216 1.673 4.66023 387.726 1.16269 55.0869 98.3207 17.7142 0.164879 24.5812 122.664 185.165 135.647 85.9124 34.9116 176.406 
98.7768 74.7146 73.2732 0.00607574 26.1262 24.0993 2.02982 148.34 188.845 0.0302678 155.357 126.92 0 130.16 118.963 53.3331 63.1713 11.8739 34.9212 34.1206 55.1071 90.265 1.5859 0.858614 13.4941 45.5025 1.90524 0.165182 
2.72002 70.9707 14.0332 3.43783 63.4798 10.5129 96.0882 117.997 14.8135 47.8985 134.009 151.247 0.161048 0 29.9919 9.08722 5.62691 14.2925 0.851752 3.62753 44.9225 6.84215 9.38027 8.24186 4.59257 11.8221 5.16333 0.384185 
6.98197 25.443 4.75078 17.7609 5.11323 0.184532 77.7827 9.20422 214.861 24.6476 305.333 203.724 111.308 4.24603 0 67.0158 0.000117604 44.8531 3.72754 11.7694 38.298 16.9589 22.947 4.07417 31.225 1.12818 0.0229562 4.40319 
71.6036 4.75048 24.6133 1.90819 24.9687 6.59946 0.345999 221.899 149.095 1.26655 141.831 330.646 83.3387 0.72122 89.071 0 20.2673 16.4297 11.1026 0.730142 32.2936 3.02941 12.4414 12.7679 29.3466 13.8903 5.95118 20.8156 
408.627 448.72 0.880384 348.301 2.25851 339.983 103.437 66.5885 396.738 20.6633 77.1699 87.7758 26.793 7.8958 29.4019 6.61566 0 196.872 581.856 15.932 67.6908 17.089 10.3078 0.00146466 330.524 10.8586 15.7892 20.1965 
5.10811 83.587 153.385 7.99299 13.3132 60.5435 0.128621 173.939 51.8632 122.875 143.532 48.1834 37.9524 2.58771 33.9986 59.9665 282.178 0 20.7915 71.1111 71.3119 32.2926 0.0351105 25.6892 13.4715 58.4501 15.7249 0.0299016 
92.4783 3.15787 60.9591 37.6446 193.634 10.1077 96.0511 109.987 1.38726 79.8718 0.462828 18.4098 83.4989 24.9166 20.038 30.6052 21.2224 6.92863 0 36.2099 55.4151 0.388414 5.92306 5.28223 12.8219 4.79031 22.6854 26.7416 
170.538 76.7902 10.4201 39.1425 73.8949 3.24229 91.7256 117.278 27.068 14.0057 55.6042 61.495 0.476602 4.12243 0.320651 2.66792 18.6793 76.9829 24.2483 0 0.406836 5.49204 0.863593 4.84989 3.53314 7.34646 0.110091 0.0568843 
98.9114 28.2119 126.691 96.6273 15.3244 24.8457 85.4681 29.2497 140.668 97.1272 50.8996 167.897 53.7094 2.69476 53.0752 7.75464 53.033 55.1339 63.4985 269.305 0 0.000209477 29.9585 2.05434 39.9641 49.0149 25.0765 48.1718 
2.01623 0.633033 2.63346 7.11376 4.55243 20.5029 23.4553 2.21986 63.7405 31.4689 19.711 6.61745 54.0613 0.235952 0.408263 0.249269 0.736033 18.5389 0.0887416 2.44599 14.6329 0 0.390642 4.36683 8.77336 3.16679 11.3783 7.97818 
33.3424 54.9036 6.52878 19.444 56.3857 8.66328 57.0158 96.9276 39.3694 1.01468 68.3549 109.857 4.93552 9.62229 6.24202 12.2496 1.21936 10.4865 7.84901 0.664195 32.0252 0.425554 0 18.8065 13.7931 10.3511 11.4247 5.08386 
40.6277 13.2649 8.64224 20.9983 0.0204472 3.42528 33.012 123.789 6.08194 2.39317 124.361 140.091 9.09868 4.38475 18.9488 13.2664 12.9058 28.9597 1.39129 5.57478 17.3805 13.8048 0.577404 0 23.1845 13.9744 1.6185 12.1258 
313.726 352.245 19.5997 347.739 62.7572 314.009 48.3357 129.601 315.843 62.0268 133.836 238.518 52.2413 6.52642 30.6552 85.8143 322.946 9.80082 26.4704 8.81089 59.8583 63.2587 22.024 62.3338 0 91.8336 166.707 108.099 
41.6 65.8769 19.4651 44.6783 12.1774 9.67518 68.89 61.6814 47.6377 6.02353 63.2876 255.302 0.95561 4.29523 5.80653 18.7806 5.0062 58.9607 29.1507 8.48502 60.6924 7.96031 3.06276 15.9784 42.3119 0 27.364 0.0174161 
47.4415 8.98144 0.0359408 16.4615 31.3322 0.00614484 7.71866 95.5162 1.65808 6.21915 85.1691 117.072 6.58821 1.42253 9.90316 4.6923 9.99734 1.19934 9.95945 8.69052 0.373176 11.4959 5.8515 0.371189 31.4174 37.7549 0 79.944 
33.0651 62.7746 21.9866 3.80294 57.0422 13.3604 57.3141 0.493207 27.3796 56.9648 9.47475 36.162 44.7121 0.397727 0.245884 22.6322 8.00298 0.218987 4.65587 2.70997 10.5772 6.5608 10.1153 14.3457 23.8628 44.5435 16.6308 0 
