0 859.525 7.86817 380.351 0.121929 500.866 131.928 276.802 595.088 32.3876 132.822 197.957 16.7165 8.41977 66.6351 10.225 421.99 143.105 95.5639 117.727 230.824 10.0282 44.4048 6.3133 453.122 20.2322 2.84107 61.0335 
905.481 0 400.529 689.659 432.966 614.364 205.429 128.646 609.235 205.478 176.421 0.536662 11.4472 0.53963 70.1116 74.7836 384.138 787.414 73.8003 109.323 65.5807 9.71031 56.2223 27.3598 397.931 31.2132 16.0791 32.7482 
161.849 75.0169 0 144.789 181.043 29.7307 0.280364 63.8055 156.272 61.8222 217.324 187.923 47.0655 2.14229 25.5317 0.648828 43.6212 0.770509 16.7837 0.0668467 127.123 11.9431 0.388279 4.18135 26.555 0.201567 0.0281343 21.0368 
395.308 499.528 39.3618 0 162.968 379.113 13.0365 589.341 449.571 11.6027 203.909 29.9279 21.5106 21.9728 14.8279 7.30102 387.101 129.203 44.2455 39.9828 600.492 15.2063 6.05008 22.5383 421.486 44.1871 21.2266 25.0839 
118.497 488.813 135.779 0.0580351 0 105.524 333.314 133.143 216.196 286.585 236.316 147.151 1.25221 33.933 92.5604 42.4288 71.8358 55.4258 191.927 52.949 44.4442 30.6436 45.1611 54.8683 66.7512 61.4497 46.0513 52.0324 
456.245 421.712 65.6944 396.871 405.555 0 611.099 105.045 492.914 934.525 273.57 125.778 146.178 7.53359 41.7793 27.3213 402.096 95.7977 67.5757 0.100625 1.68652 9.28876 8.16687 1.60643 395.997 0.00858235 4.07947 22.6855 
35.5539 185.704 249.658 129.957 312.661 906.123 0 149.288 621.135 394.385 55.0564 3.4471 174.462 3.36442 104.036 14.2568 32.8202 3.5367 41.8089 15.1427 106.479 25.6491 19.4451 63.871 26.1045 6.47763 27.439 39.0436 
62.1996 275.621 250.713 5.96038 123.312 155.735 90.7725 0 36.0661 144.002 373.858 998.065 0.19701 37.7637 180.319 0.89307 74.826 180.97 91.6441 7.58243 109.346 27.7617 57.7549 80.7008 154.706 232.455 90.0939 91.8632 
486.954 717.62 383.451 660.297 92.6081 386.742 6.65123 536.468 0 379.845 843.766 157.513 204.579 25.0876 23.2756 0.794964 482.025 0.224392 88.4653 62.9111 141.133 64.8274 16.55 13.5803 505.888 116.743 76.6584 23.1603 
155.277 182.439 86.6685 76.7298 123.326 131.36 109.539 2.72899 221.185 0 16.1826 14.1197 321.587 51.4786 123.459 71.3655 23.0398 129.18 123.005 52.2086 95.1195 27.4552 24.7599 53.6312 63.9907 65.5502 46.8745 57.3816 
0.817054 265.994 50.9759 67.0981 77.9588 224.882 146.293 8.30674 273.644 603.124 0 2.32813 254.066 4.72039 377.858 134.46 95.5711 109.763 6.92203 9.2851 140.281 19.9703 6.96541 9.59209 67.4617 75.1381 52.7132 26.5082 
89.9995 4.71345 44.3102 170.725 22.973 56.1773 135.596 758.343 243.428 157.519 259.846 0 12.6299 2.23711 6.48541 405.507 1.0462 56.27 98.1138 18.3711 0.0805397 25.0692 123.21 185.81 154.476 74.7376 33.8213 176.387 
99.2818 73.2113 73.206 4.78747e-05 24.6141 30.0639 1.45185 148.352 190.196 0.423433 159.105 128.136 0 127.285 118.714 54.3124 63.0495 11.3951 34.2471 33.9038 55.5069 90.3386 1.2665 1.02703 13.8391 45.8147 1.8232 0.135038 
2.88951 71.0506 13.9079 3.29275 63.8186 10.7449 95.8718 118.733 13.6773 46.8179 129.825 149.692 0.492976 0 32.9128 8.61905 5.72177 14.5909 0.79451 3.65066 44.9449 6.72885 9.25613 8.08472 4.74521 11.9031 5.09386 0.417198 
7.34014 26.3124 4.45095 18.1909 5.54949 0.267811 75.6585 7.95806 213.419 22.8238 317.583 209.308 112.235 5.83868 0 70.8061 0.00167697 44.3755 3.56917 11.7629 37.9244 17.013 23.2289 3.72325 31.2771 0.970266 0.0334305 4.5719 
71.0927 4.3906 24.6685 1.66906 25.5584 6.35036 0.221919 226.12 148.452 1.56387 137.207 351.257 83.5422 0.909743 89.5919 0 20.3817 16.0573 10.9216 0.693258 31.8028 2.94638 12.4605 11.9511 29.6644 14.5297 5.80821 20.9572 
474.135 512.515 0.752659 412.762 2.72905 404.396 102.982 65.9499 460.895 21.2375 77.659 87.7479 26.407 7.7919 29.4515 6.73553 0 190.782 402.708 15.702 67.7735 17.0199 10.3898 0.00343237 395.329 10.7225 15.8655 20.1175 
4.13057 81.065 154.63 8.91131 14.8834 59.0508 0.0208358 173.221 49.702 123.941 144.668 49.3298 38.6885 2.44543 34.4982 59.8224 283.785 0 22.0344 70.4433 72.2657 32.4573 0.0230394 25.9554 13.7756 58.2636 15.5335 0.0183243 
93.4102 3.81549 61.0899 38.2105 186.753 9.29778 97.9517 110.408 1.09687 81.2314 0.607879 17.8825 83.7081 24.8178 20.3083 30.6135 19.7929 7.69339 0 36.2604 55.0314 0.358458 6.02797 5.38301 12.6599 4.66394 22.7353 26.724 
175.723 74.5715 10.082 39.7125 73.0589 3.08971 91.3653 117.169 26.1816 13.6164 56.249 62.3046 0.533603 4.10351 0.34558 2.60499 18.9086 76.423 24.4989 0 0.0112264 5.47361 0.846689 4.81841 3.45602 7.26414 0.12053 0.0661171 
95.0043 26.7509 126.436 93.2027 16.037 25.4415 86.7545 27.5863 142.35 97.3358 49.7203 168.055 53.3008 2.56994 52.8507 7.43504 53.3641 56.0953 63.7955 258.331 0 6.65627e-05 29.7735 2.17455 39.5733 48.6237 24.8633 48.3093 
1.93159 0.570891 2.57861 7.02916 4.3635 20.4924 23.8711 2.36599 63.4911 30.9504 19.2352 6.91322 52.9445 0.271138 0.363368 0.222606 0.704592 18.7317 0.0746585 2.47165 14.504 0 0.319043 4.22131 8.7443 3.11099 11.4194 8.02037 
33.076 55.0475 6.43055 19.4399 56.3702 8.7959 57.5182 97.3566 40.3382 1.16598 66.658 110.894 4.3685 9.5628 6.67908 12.191 1.25984 10.2852 7.73574 0.648939 31.8543 0.350745 0 18.2833 13.4609 10.3372 11.4974 5.01612 
40.2369 13.625 8.771 20.7938 0.00897405 3.31614 32.427 124.877 5.64599 2.60935 124.929 142.883 9.59625 4.19645 18.4694 14.0916 12.8151 28.6978 1.44848 5.59885 17.6626 13.8501 0.880657 0 22.217 13.8298 1.71905 12.2106 
378.586 417.807 19.3482 413.055 62.5146 379.013 49.192 132.554 381.168 61.5756 134.815 687.126 52.4389 6.69259 30.7657 83.7533 388.006 10.0707 26.585 8.89605 59.7659 69.9217 22.2267 64.5662 0 102.125 159.678 119.203 
42.3437 66.4784 19.7367 44.6795 12.5813 9.92541 69.8564 57.505 49.3213 5.60374 65.644 268.559 1.06632 4.16271 5.46948 19.4174 4.89903 58.788 29.2259 8.56174 60.8665 7.90608 3.14812 15.8974 42.3713 0 26.8822 0.00582623 
47.2892 8.76259 0.0468855 16.2801 31.1006 0.00281606 7.96361 95.1459 1.81146 6.4118 85.0297 117.481 6.44467 1.37658 10.0429 4.55952 9.91413 1.13543 10.0567 8.73226 0.413491 11.5356 5.75098 0.421918 30.7811 37.6599 0 77.9302 
33.484 62.6246 22.0193 3.62357 57.0314 13.5168 57.7707 0.698127 26.6327 57.0346 10.0597 34.0581 44.6692 0.36548 0.204109 22.6728 7.9055 0.255454 4.75145 2.76391 10.8177 6.51294 10.1069 14.3237 23.9146 43.0032 14.5306 0 
