0 895.863 5.28493 445.55 0.00484953 563.835 138.728 271.794 652.008 30.2516 135.77 200.887 15.7922 8.83959 67.0855 9.43735 482.109 148.269 94.2102 101.35 233.399 10.2836 44.6035 6.71707 514.602 19.2669 2.64682 61.0329 
947.115 0 423.347 748.512 412.542 676.793 181.515 121.815 657.503 209.668 170.958 0.997599 10.2744 0.395831 68.7851 75.5405 446.747 780.6 70.3392 112.089 62.6654 9.37309 56.3553 26.7099 458.648 32.2924 15.6749 33.3911 
155.394 51.8966 0 113.542 183.008 31.6828 1.27336 72.1066 130.35 59.3195 212.763 187.459 48.052 1.97561 24.9552 0.795111 42.9577 1.42472 17.661 0.0252073 127.201 11.988 0.338938 4.01057 26.7464 0.285432 0.0433284 20.9198 
465.493 547.974 28.9088 0 163.436 440.345 10.3729 910.413 521.855 12.8446 203.908 25.0863 20.6858 22.1081 15.4577 7.98817 449.155 131.037 43.4493 40.7991 80.5941 15.2817 5.847 22.2656 482.936 43.9918 21.4585 25.4459 
111.696 501.589 140.557 0.00245659 0 128.155 318.567 129.234 206.282 294.09 239.422 145.135 0.768456 33.0658 92.9976 41.4998 74.6322 51.2689 181.544 51.4606 46.0126 30.1169 45.6062 55.0418 66.5878 61.9821 45.8732 52.3117 
520.532 489.751 66.1169 459.804 627.884 0 1342.28 99.4299 578.712 461.61 272.882 128.24 639.042 7.86595 41.8303 27.2943 462.851 97.6536 65.8468 0.0616882 1.97651 9.06223 7.96759 1.72807 457.871 0.000329166 4.21741 22.7333 
40.293 162.373 249.694 135.411 327.659 889.852 0 162.337 486.627 415.653 67.6121 2.17566 170.445 3.99451 101.166 13.0453 34.1319 2.43743 44.4211 16.247 108.195 26.283 18.6299 64.4156 24.9518 7.27746 27.9843 39.8712 
68.7291 278.838 244.821 13.9147 119.356 160.69 102.171 0 51.7543 139.661 374.434 966.284 0.0795823 35.7062 178.79 0.14166 73.9424 181.229 90.4997 8.52393 105.715 27.1677 59.226 83.3271 150.843 230.953 90.8466 94.0277 
554.282 788.85 360.31 712.43 101.601 457.017 1.41728 510.685 0 382.977 1467.1 146.158 205.023 22.6244 26.7196 1.31395 544.278 0.0459131 86.0364 64.4174 143.639 64.4824 17.6619 14.548 567.117 118.766 76.3488 22.1043 
155.742 187.522 84.4921 74.9565 112.54 158.624 88.6536 1.83001 234.375 0 28.4113 16.76 316.611 53.0633 125.282 72.8521 23.9333 130.574 123.23 51.8453 94.6734 28.2301 25.6019 54.1397 63.3735 64.7069 46.7581 57.3892 
1.2804 266.791 57.0896 71.6928 82.9876 231.66 163.94 5.59256 231.73 604.775 0 0.457461 253.688 3.0083 388.211 127.427 95.6423 107.513 6.17751 8.66841 141.151 20.6943 8.13998 10.8409 64.7777 78.7554 51.8116 25.1999 
94.3049 5.927 48.1532 163.176 24.7246 59.1326 142.065 688.528 254.819 152.243 240.496 0 13.8878 3.23417 9.77033 429.759 0.882863 58.0544 97.7869 19.3733 0.0100725 25.8058 123.963 186.571 178.155 59.1332 32.206 176.21 
100.018 70.9573 73.0813 0.00990354 22.4181 39.8858 0.765209 148.327 192.125 1.86303 164.67 129.929 0 122.762 118.229 55.7676 62.8583 10.6934 33.2401 33.5751 56.1026 90.3954 0.853962 1.30744 14.3621 46.2754 1.70338 0.0955037 
3.15278 71.1519 13.7156 3.07999 64.3123 11.0932 95.5014 119.777 12.0543 45.1915 123.481 147.238 1.32826 0 37.2539 7.92178 5.865 15.0422 0.712299 3.68505 44.9727 6.55782 9.03136 7.84169 4.97689 12.0197 4.98982 0.469188 
7.8922 27.6338 4.01697 18.8372 6.23509 0.42147 72.4659 6.25202 210.985 20.1941 334.883 217.378 113.526 8.64139 0 75.9917 0.00741082 43.6551 3.3374 11.7513 37.3609 17.0894 23.6204 3.22229 31.3384 0.755064 0.0528137 4.82942 
70.3038 3.87604 24.7388 1.33927 26.449 5.9831 0.0871595 232.049 147.385 2.06733 130.201 380.561 83.8021 1.23119 89.5301 0 20.5517 15.5038 10.6515 0.639593 31.0665 2.82331 12.4765 10.7428 30.1184 15.4937 5.59557 21.1606 
536.494 572.271 0.579586 473.574 3.51659 465.142 102.272 64.9867 521.244 22.1085 78.3832 87.6945 25.8297 7.63665 29.5227 6.91665 0 181.472 227.262 15.3575 67.8889 16.9153 10.5128 0.0079316 456.66 10.5191 15.9796 19.9979 
2.85595 76.7761 156.348 10.3758 17.3912 56.8154 0.031362 172.085 46.5211 125.503 146.335 51.0621 39.7983 2.23923 35.2475 59.5959 285.658 0 23.9544 69.4231 73.6915 32.7026 0.00968269 26.3544 14.2361 57.975 15.2476 0.00624568 
94.7823 4.91551 61.2606 39.0549 176.284 8.13949 100.781 111.015 0.724805 83.2512 0.862301 17.1029 84.0022 24.6666 20.7134 30.6217 18.1877 8.91119 0 36.3291 54.4502 0.315742 6.18645 5.53542 12.4175 4.47706 22.8088 26.6954 
183.162 71.2375 9.57936 40.5398 71.784 2.8668 90.7889 116.956 24.8712 13.0396 57.21 63.5111 0.625059 4.07472 0.384676 2.51151 19.2518 75.5604 24.8722 0 1.49067 5.44567 0.821566 4.77079 3.34141 7.14022 0.137065 0.0812555 
89.1988 24.6201 125.959 87.0635 17.132 26.3417 88.6754 25.1692 144.833 97.63 47.9646 168.237 52.6846 2.38794 52.5058 6.96661 53.8558 57.5399 64.2333 240.745 0 0.00177566 29.4939 2.36096 38.9838 48.0301 24.5431 48.5098 
1.80787 0.483635 2.49715 6.90252 4.087 20.4724 24.4975 2.59354 63.1086 30.1725 18.529 7.36785 51.2607 0.328375 0.300831 0.185395 0.658663 19.0211 0.0558086 2.51024 14.3108 0 0.224982 4.00573 8.70259 3.02783 11.4802 8.08322 
32.6735 55.2544 6.28316 19.4295 56.3377 8.99454 58.2602 97.9675 41.7989 1.41218 64.1131 112.397 3.57998 9.43222 7.35202 12.091 1.32172 9.9859 7.56658 0.626329 31.5955 0.251806 0 17.4068 12.9607 10.3133 11.6045 4.91451 
39.6463 14.1716 8.96369 20.4823 0.000499493 3.155 31.5512 126.439 5.02081 2.9503 125.717 146.958 10.3635 3.9166 17.7396 15.3319 12.6785 28.3039 1.53629 5.63434 18.0874 13.9116 1.44817 0 20.7706 13.6075 1.87497 12.3354 
440.019 480.273 18.9675 475.142 62.1406 440.651 50.4742 136.911 443.332 60.8827 136.212 69.3505 52.726 6.94314 30.9153 79.0294 449.721 10.4809 26.7547 9.02318 59.6171 76.3198 22.526 67.7028 0 111.438 121.483 117.029 
43.4575 67.3659 20.1386 44.6538 13.1968 10.3034 71.289 51.4295 51.8719 5.00022 69.2057 287.798 1.24355 3.96607 4.97898 20.3633 4.74 58.5198 29.3353 8.67589 61.1155 7.82412 3.27742 15.7684 42.429 0 26.1481 0.151034 
47.0557 8.43842 0.0660175 16.0071 30.7521 0.000227743 8.33714 94.5673 2.05393 6.70543 84.8048 118.052 6.23175 1.3089 10.2526 4.36279 9.78946 1.04279 10.2028 8.79436 0.477801 11.594 5.60059 0.503969 29.8479 37.4899 0 74.6964 
34.1113 62.3896 22.0635 3.36174 57.0079 13.7507 58.4469 1.07169 25.5249 57.1277 10.9665 30.9936 44.5994 0.319588 0.148679 22.7231 7.75987 0.315412 4.89624 2.84552 11.1821 6.44095 10.0926 14.2873 23.9875 40.6371 11.6016 0 
