0 582.73 20.4085 499.37 17.7316 234.126 91.8491 301.906 301.78 154.23 6.07329 219.933 109.217 0.161052 3.50993 5.85569 201.717 65.5777 81.1134 205.971 239.507 24.4618 44.7862 4.39217 192.746 1.12263 25.5506 59.0438 
643.832 0 17.2725 223.3 143.535 406.618 487.218 27.5071 387.348 238.614 260.528 221.128 15.6143 71.0662 77.4753 79.0364 344.344 611.773 98.6636 105.396 167.385 15.7544 56.0946 46.804 269.476 80.3431 18.3292 37.7248 
181.735 457.257 0 6.15423 101.319 59.3952 246.163 116.519 16.518 98.2515 234.207 68.0274 73.4117 2.78004 9.2671 23.9123 18.3984 12.3103 0.255088 10.1622 63.8898 3.49178 11.0163 12.8536 27.3023 11.1776 5.81015 13.3238 
461.775 265.869 95.2886 0 2.24633 248.543 143.201 554.753 522.364 106.357 91.5981 45.9086 55.83 9.66849 1.12637 0.196394 243.596 122.924 3.12115 17.7923 158.426 2.25642 18.8175 5.79031 210.48 27.1505 21.5351 14.036 
181.619 18.5601 161.123 163.253 0 32.5394 38.5422 62.3927 16.3498 276.082 132.745 70.8659 143.63 45.9384 94.364 36.8069 131.579 190.032 246.284 85.3158 83.074 5.81474 47.9041 55.934 67.4918 12.8816 6.85275 43.2777 
196.753 322.741 57.5758 256.611 728.667 0 1519.25 209.48 554.664 463.18 35.6558 158.928 116.255 0.434675 39.3048 18.6951 194.187 62.7323 72.2351 8.26424 71.1396 19.8711 12.7021 7.36286 204.802 8.40353 20.0125 20.8196 
12.8243 497.266 7.55689 137.188 418.145 524.038 0 281.639 0.338067 2.7355 413.932 276.009 78.0548 70.8093 55.2656 100.576 98.3198 91.2472 156.636 0.166927 126.536 19.2231 43.9318 1.61686 1.14031 4.78201 58.2699 0.17636 
0.0114069 148.879 209.178 182.431 71.5053 29.8368 336.973 0 626.933 140.145 50.9285 370.337 116.077 63.0443 78.833 4.06115 79.899 164.422 74.2773 6.27273 115.811 0.0247379 87.5156 135.051 76.9276 220.618 7.21265 16.9563 
281.435 249.717 194.438 199.896 353.628 659.929 549.275 126.531 0 371.07 975.607 0.102943 60.8423 48.7115 241.444 12.9436 205.123 219.396 143.293 98.9955 70.5539 38.2987 46.1037 80.8277 277.618 115.833 72.8385 71.9992 
9.55942 228.249 76.2845 2.38279 7.56871 69.1894 505.29 1.92116 335.074 0 355.98 176.178 171.098 79.3364 9.29354 85.5726 23.6802 136.505 1.10831 18.4409 92.7171 39.8758 56.756 37.3199 11.7043 75.692 21.6072 34.6082 
86.4762 111.607 25.1827 201.401 3.41471 148.046 474.665 347.836 923.321 378.681 0 506.136 1.14612 9.85174 55.1467 224.896 93.4377 0.266365 89.2391 82.5403 7.49043 4.9087 81.877 128.467 11.6608 16.389 80.1402 2.84453 
205.884 223.464 182.283 191.595 95.6211 128.518 167.696 79.2086 403.348 167.584 370.073 0 79.2357 125.559 0.70426 4.62183 27.4437 54.0106 100.312 94.9757 48.8468 18.65 28.3253 123.624 47.3257 386.934 28.3673 3.84146 
1.56098 80.4704 43.8064 72.6977 94.776 88.4088 217.57 27.9673 102.455 114.893 117.241 159.3 0 153.914 52.4192 57.8667 33.8048 56.2245 75.6211 12.2926 64.938 47.3696 46.6234 3.53908 0.339554 8.97672 38.8829 22.1135 
0.746716 0.0994891 14.5489 10.0069 2.01447 1.79664 19.3448 24.5706 28.6254 13.397 143.586 15.619 38.2983 0 21.3868 19.2698 14.1691 35.4871 3.91755 3.6894 26.1002 10.8782 7.91461 2.68376 2.6051 3.20627 0.597698 5.17096 
62.2395 18.9862 0.555401 0.27295 9.43505 0.691442 84.7036 40.6947 33.992 131.751 126.643 156.91 89.2742 0.939286 0 79.5442 25.1308 67.6986 12.4329 10.4284 40.6225 4.06208 25.272 28.1256 3.00134 17.0474 1.37387 21.6868 
65.869 11.8371 0.0740842 17.4513 45.3201 22.2037 101.288 213.639 146.061 11.3324 225.588 24.9371 14.7776 5.43614 88.7837 0 10.9437 23.9381 0.491226 5.25419 59.5492 11.5753 11.9944 24.0266 24.0584 27.918 16.0259 0.927412 
257.582 196.91 6.82797 212.435 146.358 193.547 0.00559252 71.5765 290.368 25.5423 89.8601 48.5791 0.533152 16.521 8.95335 23.5984 0 6.08304 351.486 17.7752 37.3466 20.1588 0.0605911 14.8644 209.823 15.1483 8.05508 20.4637 
236.711 479.007 163.145 5.03421 28.467 30.0975 66.1422 126.256 178.396 132.298 133.874 61.0809 2.92966 1.83922 5.39563 61.6442 170.311 0 136.931 40.1146 3.49902 0.331859 41.627 42.1541 47.3106 53.5924 44.4358 48.7907 
105.323 0.00370124 43.1229 62.1125 242.089 84.911 144.974 5.05128 38.1682 25.1857 118.814 26.7701 2.89217 11.2904 9.43229 23.7398 216.815 147.509 0 24.2216 20.065 25.4439 19.7734 19.0711 9.77994 8.02016 8.93337 4.02588 
75.3445 6.93777 0.0752716 18.1375 94.1534 2.43943 91.8288 96.0654 0.94618 54.5739 0.593923 64.381 15.2967 0.130774 2.43765 7.71109 16.8376 48.2542 6.3757 0 87.3546 5.69591 3.16638 0.27084 0.873353 9.97864 8.91228 10.0051 
21.7163 179.168 76.8538 68.744 112.799 41.571 137.831 190.989 71.9335 66.3112 102.679 123.073 0.0135923 10.4701 54.3935 60.4762 60.3109 10.8154 71.2825 331.572 0 9.27506 3.15672 23.5448 44.2524 61.1505 26.6851 33.5141 
40.2384 33.1166 6.24302 8.84906 2.65637 13.6839 17.568 39.1176 35.877 23.7905 39.9274 3.39555 0.636349 2.11317 13.9491 11.4802 12.5004 7.27872 25.3233 0.0188808 30.2971 0 10.0741 14.0309 23.8851 1.48645 1.79036 0.337959 
12.1328 54.8546 11.769 9.82015 55.9657 3.33149 23.4076 100.891 72.523 28.8186 1.77492 50.3681 55.8882 7.09558 13.2803 10.6835 6.55304 23.8787 12.0932 3.37383 1.95782 9.97143 0 10.4531 20.6378 2.15278 2.12704 4.74534 
57.7978 1.60017 5.30526 4.05359 3.41776 17.7127 52.3353 132.349 22.9242 53.3788 18.1062 47.9713 0.0674213 6.62279 19.4393 8.02718 18.7236 2.69741 22.7913 4.91947 42.1123 1.7334 7.26883 0 8.29062 4.87395 14.2162 0.0715059 
267.247 205.583 7.25281 194.294 66.6044 220.875 91.3593 187.924 225.934 9.11006 77.9408 177.072 32.9468 4.25923 4.62542 58.9189 204.555 43.3448 11.6636 12.0152 60.5209 84.0708 8.97208 68.7897 0 102.579 173.682 117.483 
78.668 53.6481 1.46962 31.3851 7.15081 24.8787 24.0829 132.858 142.242 21.746 22.5516 45.0216 17.1545 12.4278 24.383 30.867 21.2518 54.3699 17.3996 5.58308 26.8506 0.0694379 10.3923 2.12313 9.766 0 38.0139 24.6075 
3.57959 26.9739 6.00817 15.916 24.2839 14.1769 43.3019 8.23823 4.97309 36.8941 79.3356 119.228 35.7631 0.243727 4.29695 16.9534 17.5202 39.2728 0.0379078 0.171907 41.341 1.66174 13.3853 11.4156 14.7844 30.1168 0 83.3126 
22.7775 60.4902 6.29834 24.5494 25.7615 8.89305 7.36203 122.597 68.3394 30.7933 76.1139 159.163 16.6543 9.31738 10.7755 3.73969 24.0984 50.3874 14.1421 11.464 48.5984 7.45063 10.0643 2.56802 23.115 5.68079 20.7594 0 
