0 791.94 1.63492 410.466 0.82238 518.538 152.274 260.849 594.465 26.1502 141.54 206.36 14.0101 9.70348 67.9276 7.94534 431.451 158.406 91.4095 75.6406 237.741 10.8009 44.9791 7.55695 466.57 17.3855 2.27792 60.9926 
851.869 0 457.019 691.897 367.909 629.033 136.072 108.335 583.005 217.39 159.841 2.34149 8.10614 0.174683 66.0766 76.9747 401.306 1070.77 63.5029 117.342 56.9312 8.71277 56.5875 25.4162 409.195 34.47 14.8761 34.6753 
141.77 17.517 0 57.9286 186.06 35.5974 5.38506 89.6304 83.3879 54.3067 202.636 185.901 49.9974 1.6601 23.7677 1.13044 41.5938 3.32274 19.4543 0.00167461 127.009 12.0733 0.250069 3.67616 27.098 0.496181 0.0834926 20.67 
439.673 475.134 83.6398 0 163.869 392.102 5.92202 113.223 496.925 15.4892 203.215 16.575 19.0661 22.3563 16.7303 9.43201 402.378 134.417 41.8296 42.3243 173.682 15.4277 5.44691 21.6993 434.845 43.5057 21.913 26.1519 
98.292 520.641 149.642 0.397279 0 164.177 287.327 121.353 186.211 307.307 245.061 140.967 0.152874 31.3361 93.7497 39.635 80.2309 43.3163 160.361 48.4736 49.1854 29.0621 46.4756 55.359 66.2194 63.0062 45.5032 52.8482 
478.1 455.859 66.6222 414.835 236.893 0 1093.45 88.2815 583.006 493.358 269.703 132.943 500.945 8.53975 41.8274 27.1981 413.453 101.223 62.2765 0.0122226 2.62332 8.61101 7.56963 1.98314 410.689 0.017115 4.49828 22.8142 
50.4824 118.596 247.616 145.981 355.562 778.095 0 188.929 244.844 452.778 95.8347 0.503628 162.055 5.40843 95.2532 10.7627 36.7963 0.847234 49.7843 18.5464 111.545 27.5572 17.0348 65.4533 22.6966 9.00422 29.0769 41.5215 
82.4565 284.393 231.516 53.1614 111.42 170.151 126.246 0 90.616 130.853 373.951 873.873 0.00172428 31.6998 175.139 0.579948 72.146 181.519 88.1573 10.5576 98.4517 25.9861 62.1466 88.514 142.739 226.669 92.2756 98.2607 
518.111 758.505 309.109 643.92 120.295 435.324 74.823 454.468 0 386.5 1073.53 124.046 205.496 18.0303 68.918 2.73583 497.787 0.0928726 81.1554 67.4016 148.502 63.7619 19.97 16.565 518.458 122.611 75.6871 20.0461 
156.402 197.191 79.9862 71.3265 91.7572 220.538 52.439 0.566923 260.102 0 62.3252 22.6607 303.91 56.1808 128.422 75.6969 25.7502 133.206 123.457 51.0778 93.7185 29.7838 27.2966 55.1043 62.0767 62.9443 46.5036 57.3617 
2.51482 267.655 69.998 81.0779 93.2847 243.926 200.571 1.75707 135.934 597.462 0 1.04883 252.145 0.728729 402.638 113.237 95.7302 102.964 4.81003 7.49208 142.766 22.1666 10.7424 13.5439 59.4471 86.0078 49.9968 22.6545 
102.997 8.75625 56.1405 147.741 28.3881 65.1303 154.991 539.076 277.026 141.533 202.219 0 16.5643 5.76254 18.2449 468.004 0.597411 61.6535 97.0735 21.4367 0.0710394 27.2943 125.232 187.34 200.128 32.7034 29.0531 175.327 
101.414 66.4614 72.7454 0.0976035 18.2935 60.4736 0.0454925 148.121 195.616 7.76068 175.554 133.388 0 113.043 116.858 58.6228 62.4457 9.34978 31.2435 32.9055 57.2791 90.3164 0.270761 1.96722 15.4268 47.1682 1.47545 0.036897 
3.71141 71.2878 13.3165 2.67279 65.246 11.7891 94.5976 121.646 9.11014 41.9269 110.631 141.907 4.19499 0 45.4775 6.55877 6.15484 15.9569 0.561017 3.75273 45.0071 6.21249 8.45222 7.33234 5.44947 12.2354 4.78245 0.581872 
9.04835 30.3326 3.20786 20.132 7.71668 0.831318 66.0794 3.44106 205.181 15.3435 364.911 232.26 115.737 15.5204 0 84.1521 0.031094 42.2018 2.89516 11.7217 36.224 17.2251 24.2857 2.31718 31.4001 0.404083 0.104771 5.35982 
68.6462 2.9391 24.8338 0.785928 28.2502 5.27275 0.00321106 242.356 144.888 3.27832 116.034 431.48 84.1572 2.00654 86.4042 0 20.8862 14.4168 10.1161 0.538331 29.595 2.58271 12.4626 8.41873 30.9409 17.4284 5.17736 21.5341 
490.197 520.646 0.300706 424.268 5.38181 415.721 100.758 63.0423 470.983 23.8836 79.7965 87.5458 24.682 7.32838 29.6534 7.28342 0 162.374 489.513 14.6709 68.0892 16.7034 10.7581 0.0224943 408.399 10.1145 16.2059 19.7548 
1.00537 72.9096 159.228 13.6091 22.9369 52.3678 0.671763 169.611 40.3962 128.485 149.533 54.5699 42.036 1.85299 36.7447 59.1067 287.443 0 27.9853 67.3191 76.523 33.1865 6.98529e-05 27.1504 15.1724 57.3665 14.6796 0.00113266 
97.429 7.51717 61.5101 40.7254 155.012 6.03472 106.343 112.14 0.210542 87.2113 1.50293 15.5858 84.5186 24.3532 21.5213 30.6223 17.3559 11.5954 0 36.4406 53.2695 0.238368 6.50729 5.84464 11.9352 4.1129 22.9511 26.6304 
196.641 64.5753 8.59312 42.0886 69.1638 2.44292 89.5089 116.356 22.3219 11.9127 59.1087 65.8923 0.829296 4.01572 0.468913 2.32793 19.9356 73.7559 25.6094 0 11.7862 5.38877 0.772178 4.67413 3.11624 6.89099 0.173277 0.116169 
77.8386 20.5853 124.666 75.3398 19.4131 28.164 92.4785 20.6261 149.646 98.1513 44.5049 168.398 51.4403 2.04297 51.7874 6.07021 54.8212 60.4357 65.0802 202.506 0 0.0121134 28.9277 2.75548 37.7942 46.8184 23.9012 48.8901 
1.57218 0.330671 2.33719 6.65035 3.55922 20.4174 25.7587 3.07859 62.3146 28.6179 17.1443 8.3155 47.8695 0.458651 0.19322 0.121046 0.571325 19.6011 0.0263123 2.58772 13.9254 0 0.0855892 3.58514 8.62567 2.86361 11.5981 8.20723 
31.8594 55.6355 5.98847 19.3938 56.2392 9.39038 59.7004 99.0697 44.7428 1.97321 59.0395 115.21 2.23084 9.02787 8.75144 11.8482 1.44957 9.39682 7.23122 0.582096 31.0694 0.102512 0 15.3705 11.9568 10.2543 11.8112 4.71154 
38.4498 15.2873 9.34683 19.8427 0.0149898 2.84237 29.808 129.308 3.87544 3.69134 127.056 154.668 11.9696 3.3695 16.2499 17.7894 12.4044 27.5128 1.71908 5.70307 18.9428 14.0114 2.95689 0 17.9212 13.1442 2.20471 12.5762 
392.035 434.284 18.1943 428.35 61.3566 393.031 53.027 145.326 396.928 59.4402 138.747 927.627 53.2656 7.44777 31.1551 65.1518 402.233 11.3204 27.0853 9.27506 59.283 73.5855 23.106 72.8688 0 102.559 32.9225 57.7714 
45.6757 69.086 20.9218 44.5038 14.4613 11.0677 74.0875 40.0445 57.051 3.89011 76.4014 323.185 1.63773 3.58105 4.05524 22.2112 4.42823 57.9516 29.5417 8.90069 61.5694 7.65811 3.54007 15.4837 42.4309 0 24.6436 1.02207 
46.5705 7.8052 0.114028 15.4587 30.0511 0.00370594 9.10551 93.3277 2.58314 7.30911 84.2977 119.037 5.81472 1.17801 10.6713 3.97861 9.54063 0.869056 10.4958 8.91661 0.620163 11.7073 5.30169 0.689195 28.063 37.0524 0 67.5606 
35.3611 61.8843 22.1344 2.8644 56.9349 14.2154 59.7655 2.05511 23.3563 57.2715 12.8834 25.2148 44.4396 0.236824 0.0640057 22.7853 7.47086 0.454105 5.19085 3.01107 11.9238 6.2963 10.058 14.2022 24.1193 35.7575 6.6275 0 
