0 345.901 0.187891 104.036 5.2712 179.524 174.363 240.131 234.82 19.8619 150.724 214.263 11.2457 11.2117 69.1521 5.71758 84.5651 174.547 86.4876 59.0787 242.484 11.6804 45.5385 9.04843 123.758 14.4096 1.72213 60.8098 
413.725 0 472.183 325.62 286.188 281.881 71.0688 86.6844 197.016 228.141 140.932 5.81384 5.03768 0.00427949 61.4217 79.1183 63.772 1098.99 52.4643 125.168 47.7215 7.65563 56.8732 23.2831 64.3405 38.1423 13.5743 36.8067 
117.594 1.01285 0 7.86318 188.458 42.0266 18.2705 120.762 25.514 46.0202 183.15 181.48 53.1432 1.18955 21.7028 1.81198 39.2227 8.1845 22.5413 0.139461 125.668 12.2021 0.131505 3.14194 27.5883 0.972598 0.179256 20.209 
145.672 96.4266 130.323 0 163.091 49.7889 1.2225 911.976 195.734 20.3392 200.034 6.13781 16.4649 22.7018 18.8774 12.0204 61.9705 139.15 39.0612 44.5182 36.2848 15.6563 4.80003 20.6981 91.9375 42.4201 22.6411 27.2712 
76.8605 531.746 163.115 2.54309 0 197.064 231.906 108.128 152.648 323.484 252.674 133.653 0.175713 28.4758 94.6345 36.5174 89.51 31.2656 124.831 43.4931 54.5636 27.3032 47.8595 55.7977 65.4834 64.5872 44.8466 53.6759 
144.498 139.006 66.4451 77.531 187.52 0 1129.32 70.2266 331.69 977.328 259.219 140.057 300.336 9.68322 41.5124 26.9139 68.6252 106.71 56.0547 0.0142272 3.89555 7.86671 6.91023 2.44185 69.479 0.1435 4.98047 22.9056 
69.3195 57.7078 237.931 162.287 394.34 428.179 0 233.643 12.986 495.122 150.427 0.323131 147.177 8.20479 84.9932 7.39947 41.342 0.022646 59.0647 22.6258 116.862 29.6942 14.4897 67.0236 19.1033 12.2421 30.9008 44.2489 
106.968 290.944 205.463 113.167 98.2133 184.348 169.166 0 174.019 115.932 368.334 655.379 0.337283 25.3921 167.382 7.00556 69.0721 181.324 84.1066 14.3738 86.4238 24.0396 66.9256 96.8919 128.295 215.907 94.4231 104.985 
195.341 439.129 216.197 262.887 152.975 158.671 403.821 351.914 0 384.143 1607.3 89.6619 205.046 11.4489 149.43 6.21786 157.52 1.36563 72.9985 72.2663 156.116 62.4729 24.048 20.1541 174.231 128.373 74.46 16.7877 
156.696 211.614 72.1053 65.0749 60.3389 334.658 11.9495 0.0620099 299.906 0 142.773 34.2188 275.382 61.1782 132.073 80.0169 28.8577 137.113 123.176 49.6816 91.9449 32.3758 30.1398 56.5507 59.7404 59.7978 46.0152 57.1899 
5.4707 266.924 93.0742 97.096 110.987 260.061 263.484 0.171218 10.9244 555.075 0 14.7531 247.282 0.38397 406.829 89.7351 95.7155 95.2748 2.89941 5.70642 145.075 24.6869 15.7945 18.624 50.7414 98.0209 46.9456 18.6427 
117.608 14.6282 70.1751 121.549 34.9384 75.299 176.251 291.902 311.636 123.41 141.655 0 21.4785 11.5025 37.5788 495.645 0.244621 67.7225 95.7113 25.0364 0.769835 29.8146 126.625 186.374 176.566 5.31459 24.0543 172.307 
103.504 59.0402 71.933 0.444552 12.2643 86.8154 0.791122 147.313 200.308 26.1283 192.76 138.76 0 95.3402 113.42 63.1813 61.67 7.29393 27.9775 31.7559 59.1924 89.6159 0.0238013 3.3537 17.2519 48.5678 1.13069 8.04558e-06 
4.73508 71.3155 12.6115 2.05099 66.6381 12.9403 92.6187 124.089 5.1413 36.4977 89.1807 131.883 12.3546 0 56.3476 4.44751 6.64721 17.515 0.348318 3.86207 45.0016 5.63072 7.16466 6.429 6.26006 12.5405 4.43966 0.794981 
11.1226 34.9747 2.04476 22.2833 10.4999 1.81104 55.5532 0.593842 192.913 8.59512 398.472 252.664 118.276 29.4026 0 89.6896 0.106684 39.7489 2.22302 11.6535 34.3042 17.3996 25.0254 1.11927 31.3224 0.0598236 0.230195 6.28551 
65.6618 1.65759 24.8566 0.186688 31.3014 4.1673 0.413218 254.48 139.689 5.88238 92.4729 485.549 84.2575 3.65031 73.1932 0 21.4263 12.6676 9.23977 0.387987 27.1534 2.19944 12.3043 4.97245 32.0417 20.6088 4.50363 22.054 
150.192 171.466 0.0370758 79.524 9.32562 70.839 97.9626 59.7547 124.562 26.9308 82.0435 87.1743 22.792 6.82195 29.8359 7.90729 0 129.96 455.123 13.5355 68.3316 16.3421 11.1652 0.0632329 65.4101 9.44769 16.5775 19.3389 
0.021482 106.409 162.322 19.8479 33.6568 45.0781 3.55975 164.902 30.9581 133.012 154.433 60.5237 45.8095 1.28807 39.2293 58.1859 284.559 0 35.2207 63.6406 81.1675 33.9726 0.0347303 28.4695 16.7756 56.2617 13.7457 0.0490254 
101.53 13.0009 61.6515 43.4433 119.573 3.18961 115.261 113.745 0.0384922 93.5291 2.95674 13.1874 85.1643 23.7994 22.8584 30.5769 24.787 16.773 0 36.5498 51.2511 0.133362 7.05271 6.37246 11.1394 3.53529 23.1741 26.499 
214.139 53.6267 7.01929 44.3263 64.6122 1.80464 87.0106 114.84 18.3056 10.1196 62.1942 69.7513 1.23216 3.91335 0.626922 2.03286 21.0638 70.528 26.8064 0 48.8573 5.29097 0.692528 4.50905 2.75362 6.47249 0.242872 0.188004 
59.902 14.5756 121.531 76.0479 23.4713 31.2555 98.6763 13.9684 157.165 98.8183 38.9106 168.068 49.3355 1.52536 50.5079 4.70052 56.3743 65.2657 66.4038 135.159 0 0.04983 27.9644 3.47602 35.7848 44.7328 22.8282 49.4615 
1.21468 0.139884 2.07985 6.23385 2.75594 20.2812 27.8809 3.97421 60.9075 26.0399 14.9251 10.0052 42.1933 0.721302 0.0662642 0.0439869 0.439229 20.5702 0.00150219 2.71765 13.2862 0 0.000134541 2.91994 8.51458 2.59658 11.784 8.40875 
30.4774 56.1728 5.49914 19.2901 55.9766 10.0436 61.9626 100.544 49.6927 3.1073 50.6979 119.29 0.678681 7.97473 11.1959 11.3229 1.67459 8.4449 6.68172 0.511421 30.1679 0.000259082 0 11.4206 10.2914 10.1237 12.1325 4.37471 
36.4153 17.208 9.97672 18.7324 0.132213 2.35137 26.9373 133.293 2.28567 5.0964 128.574 166.015 14.8447 2.51028 13.719 21.6522 11.9446 26.1868 2.04463 5.81081 20.3829 14.1078 6.36066 0 13.4293 12.3217 2.80489 12.9496 
49.723 95.0689 16.8773 87.6683 59.9468 51.1896 57.2284 158.282 57.5868 56.8792 142.17 72.5446 54.0603 8.29501 31.3766 39.252 60.5446 12.7736 27.6097 9.68692 58.6195 33.6994 24.0041 76.7897 0 38.102 135.715 9.06009 
49.3275 71.7787 22.1578 43.9644 16.6619 12.3605 78.5294 23.7269 65.8451 2.33659 88.4823 369.524 2.4105 2.96785 2.70035 25.1008 3.92791 56.9119 29.8487 9.26403 62.1931 7.37565 3.98815 14.9335 42.0998 0 22.0527 4.13121 
45.7093 6.7962 0.222771 14.5393 28.8727 0.0351308 10.4471 91.025 3.5944 8.36175 83.2852 120.209 5.1465 0.973571 11.366 3.36791 9.12786 0.614112 10.9863 9.11443 0.89792 11.8853 4.81034 1.05918 25.3493 36.0416 0 54.2548 
37.4245 60.939 22.2006 2.11687 56.7358 14.979 61.858 4.38274 19.8954 57.3853 16.3695 16.728 44.1139 0.126006 0.00100032 22.7746 6.99612 0.740626 5.69619 3.29355 13.196 6.05349 9.98258 14.0247 24.3176 27.4716 1.30991 0 
