0 818.021 206.155 774.08 236.209 569.636 202.196 15.1586 667.958 67.2563 157.898 15.9624 62.7729 20.634 16.3306 24.8166 526.851 107.329 1.92934 185.42 0.0897228 8.33092 24.7748 7.08509 478.703 51.0454 46.7366 51.1333 
880.897 0 411.118 654.616 11.815 553.143 307.569 291.587 538.51 17.2342 62.2393 80.7079 39.8827 44.4444 5.02272 19.1205 482.682 1113.83 16.5941 13.7312 101.401 39.7733 46.2759 11.4158 502.992 27.1373 42.8317 63.6648 
119.587 64.2988 0 15.8931 102.493 3.03832 56.857 47.0113 5.7401 46.5672 29.0221 82.3792 35.3883 3.22557 9.76868 3.11911 2.50302 160.151 42.4568 26.8097 103.485 0.100822 3.26457 14.5007 7.77427 1.69522 15.5439 22.1999 
745.845 450.669 76.2764 0 141.378 470.464 50.5518 301.126 548.468 33.4309 72.1179 243.105 69.785 0.102433 19.3808 35.4313 457.946 77.1232 18.4576 18.7106 657.054 0.072108 8.77395 2.66543 487.815 1.99687 27.3753 0.0369507 
63.8137 161.964 39.0227 16.5997 0 63.1265 376.934 223.011 328.023 174.211 216.762 3.99345 123.027 69.8286 48.4892 74.5664 2.61885 2.36408 190.296 10.4147 4.92782 2.4502 54.6877 35.7764 49.0396 55.6632 25.5806 15.7142 
573.63 467.63 15.405 444.874 333.436 0 178.848 2.04826 721.554 606.297 273.587 29.8907 94.0474 16.6325 14.9586 24.467 482.716 7.62441 45.2502 23.8304 22.8215 9.56628 15.7983 0.00847816 444.883 26.9826 17.3429 21.0741 
264.528 327.541 203.885 76.5072 259.046 160.744 0 257.072 80.3436 2.97281 35.5942 50.7884 192.452 0.182032 121.47 48.4329 24.5487 61.3596 47.1227 62.3425 24.6699 53.6125 72.1895 20.0592 58.0958 40.6099 54.3799 30.5 
306.264 83.7398 184.669 279.241 222.304 193.774 192.891 0 647.8 13.3208 327.377 232.402 136.947 118.798 72.2472 231.124 24.8249 30.576 116.472 46.6421 192.303 15.3826 82.7949 47.5688 85.8135 0.471744 18.8915 47.1355 
545.172 851.241 70.9127 697.985 7.04917 872.249 235.794 2.77249 0 134.614 456.209 397.518 44.8784 59.95 106.069 93.2208 525.569 58.7671 21.4199 76.5539 187.107 5.94678 102.281 88.6953 560.754 0.284688 33.2681 96.5882 
139.444 34.9777 72.6424 93.0894 245.966 482.616 506.88 171.641 1.07409 0 345.201 17.3753 327.987 34.2492 126.159 37.6369 1.27282 100.415 97.5817 52.4513 86.972 2.56204 43.7498 0.968687 9.72595 22.6731 2.32945 57.2977 
8.76961 233.883 183.473 19.1259 244.746 216.071 116.438 23.8671 764.818 389.194 0 234.732 228.234 213.007 81.962 27.206 54.3603 79.1988 125.6 34.2527 33.9156 45.0795 110.865 25.7339 139.136 108.189 34.5009 74.9145 
114.209 60.6514 26.1059 111.72 178.9 98.8112 50.7473 588.523 5.28426 151.063 0.178441 0 159.324 73.6172 226.939 178.617 70.3324 0.551125 64.7404 38.3155 162.59 61.1432 34.9738 76.8337 352.757 364.385 14.9322 173.412 
56.8036 0.339576 0.374787 36.5435 163.441 101.001 8.0851 14.4211 15.4385 19.9732 73.1384 67.7145 0 21.9753 44.1585 0.404593 5.06413 3.81144 75.8572 0.0430148 29.3995 6.78853 15.5771 27.4759 23.1516 42.1132 35.4574 41.2942 
12.1374 28.5575 1.72916 23.0389 18.7032 19.1471 95.3984 37.6388 63.9268 35.6917 106.333 125.685 156.433 0 62.0029 6.04239 5.1449 53.2743 17.2824 1.4526 5.42204 3.38602 6.38027 7.53385 15.3442 12.8695 0.99766 0.034594 
15.186 91.5766 30.512 22.7818 81.499 31.4879 96.7427 168.798 206.24 1.196 161.004 14.8061 12.7861 47.0826 0 38.9074 30.0321 35.9388 0.000379195 4.56992 9.0268 1.09945 0.397522 0.0194145 13.7646 4.34237 2.23838 17.6354 
5.65551 73.4048 16.6148 10.419 2.17133 1.03392 17.1478 0.219423 46.1954 91.2785 25.422 119.972 27.967 19.3302 6.62852 0 1.58625 0.390906 4.76557 0.369716 51.7462 9.08077 0.0380726 5.12624 9.89829 2.34988 17.1414 19.3681 
446.369 576.406 47.7525 499.618 71.4149 480.493 51.5956 16.9221 549.664 0.821657 86.7904 8.88205 11.4117 21.8796 0.314482 13.416 0 271.473 173.342 1.64855 7.13499 20.9186 1.84161 7.01093 470.862 25.0963 15.1694 24.3793 
18.6432 217.37 4.27973 139.094 135.495 123.984 86.0345 4.07956 156.963 107.352 14.7308 0.0228775 53.7059 23.7866 42.9864 40.1451 222.821 0 8.76718 0.751318 29.1371 3.8882 43.6546 21.3503 59.5558 21.4394 41.488 48.5991 
86.148 147.175 55.0187 24.4926 195.435 0.421555 6.94546 70.8349 22.5282 31.7356 102.695 0.227408 50.7589 0.761435 31.3708 8.21198 176.012 23.7307 0 36.5665 0.0272095 21.066 10.3317 9.11491 23.4645 22.5477 17.28 13.8889 
8.87989 142.029 22.9811 18.3632 27.1324 19.8657 53.015 92.9726 48.0817 42.8264 26.8695 3.82296 36.5657 0.476542 8.6037 1.99461 32.6414 7.83673e-06 27.8076 0 7.48279 6.39015 4.10107 0.53263 1.21512 3.16938 4.74189 11.3857 
196.232 56.8727 92.5433 200.169 25.7472 0.959697 42.3406 118.232 187.107 99.3797 146.787 7.32483 18.0424 32.4581 25.7906 25.8224 29.5021 16.6416 44.2378 296.451 0 1.54337 18.3172 44.6487 10.8654 50.2276 41.3132 9.40479 
35.4535 50.4457 11.3207 15.1786 26.5716 20.51 52.2814 65.0509 4.66421 59.4848 2.71321 39.4809 64.2555 2.24362 16.1672 4.67512 5.25445 0.0406719 19.7553 0.567306 21.6317 0 8.51958 5.62499 10.5699 6.33346 0.0405347 0.521806 
0.00102388 49.1146 10.5258 19.1346 35.0884 0.868538 1.26435 34.4135 94.9912 60.6525 92.5186 16.0186 9.21706 5.42043 8.4478 0.739971 1.20209 41.2148 20.9146 4.11775 15.8759 8.62692 0 4.58516 9.47445 0.928541 10.2601 0.309471 
39.117 30.1046 0.138652 4.15763 29.2864 8.70107 70.0217 8.09681 93.0698 50.1682 47.2597 150.692 45.3477 3.57997 8.93026 26.4243 20.9753 20.8114 14.9371 1.87211 46.5958 13.2985 13.4055 0 45.6491 16.7052 17.9544 4.93115 
491.229 450.656 2.44522 480.738 38.4378 457.641 50.9106 20.653 464.154 12.3859 8.62212 1181.44 55.647 16.2083 11.3192 21.52 447.254 59.6732 1.23188 13.3649 40.1083 11.3382 25.8222 20.8719 0 94.0338 69.0342 36.4446 
46.1758 2.17962 23.4378 0.569151 7.27234 21.8155 97.508 147.837 38.547 8.2018 98.8716 80.1903 0.172228 2.11111 0.504807 0.481406 27.2835 22.5585 3.79585 11.4998 60.099 1.73189 4.97967 16.0147 43.0742 0 4.63425 2.82752 
2.39926 49.1557 15.7141 2.16312 42.7915 20.049 60.4563 72.0793 42.8433 47.7053 77.1328 64.8194 38.7664 4.48141 15.6568 16.2497 10.6651 24.0754 3.52505 0.82722 26.7396 0.0644389 7.32059 19.0412 58.7546 20.7683 0 89.4525 
55.0878 29.3596 19.6719 31.6421 3.02185 20.9369 50.2244 9.27373 97.8112 56.7331 105.138 55.7197 1.01753 1.96551 23.3656 22.0315 19.114 46.1953 4.2085 8.45146 47.4391 10.2508 6.2401 11.8186 30.3736 54.7182 67.2284 0 
