0 321.779 5.07387 244.967 14.1305 268.672 196.639 215.232 302.098 13.9877 159.82 220.887 8.59769 12.9072 70.2037 3.71924 166.881 190.374 80.9357 66.3063 243.994 12.6408 46.0417 10.7578 209.973 11.4812 1.21232 60.4563 
388.079 0 429.94 376.235 196.994 357.145 22.5927 65.2322 240.462 236.415 120.612 11.1654 2.54508 0.0965298 56.3097 81.0468 156.864 1095.14 41.3788 132.052 38.4905 6.59111 57.0372 21.0503 148.834 42.0901 12.2306 39.0585 
91.1042 41.9048 0 33.837 187.241 48.5135 39.4692 154.968 0.233541 37.4482 159.565 174.364 56.339 0.768499 19.416 2.69859 36.5798 15.5738 25.9351 0.527757 122.858 12.3208 0.0464076 2.60756 27.9755 1.64752 0.320749 19.6582 
294.301 154.745 120.836 0 160.22 137.698 0.103135 201.129 327.962 26.051 193.932 0.562475 13.8431 22.974 21.1782 14.9829 151.162 142.875 36.0365 46.3299 212.649 15.8796 4.14104 19.5597 178.058 40.9008 23.3741 28.3776 
55.8555 514.356 174.716 6.82888 0 236.402 171.845 94.0796 117.866 331.914 258.196 125.412 1.6425 25.4752 95.0623 33.1999 99.203 20.2976 88.5663 38.231 60.3873 25.4321 49.2401 56.1402 64.5337 66.0918 44.0929 54.4644 
240.187 254.867 64.8643 170.055 69.6946 0 605.65 52.2257 508.284 355.301 241.434 146.535 607.719 10.9186 40.7558 26.4433 153.062 111.846 49.1728 0.132595 5.5116 7.08731 6.21645 2.97471 157.642 0.412693 5.51269 22.9428 
91.4342 15.0491 219.69 177.32 422.579 78.102 0 279.799 93.7439 508.817 215.427 3.7169 130.399 11.7575 73.7174 4.46254 46.3019 1.6691 69.2941 27.2739 122.123 31.9827 11.949 68.469 15.5289 16.1563 32.8435 47.1111 
134.642 294.05 173.732 107.674 84.3381 196.912 216.783 0 280.193 99.948 355.91 386.718 1.33322 19.2601 157.004 21.315 65.697 180.186 79.609 18.9896 73.8608 22.0015 71.8585 105.327 111.977 199.9 96.3768 111.616 
302.884 540.998 120.968 305.219 188.781 336.247 877.53 240.522 0 370.475 1183.47 57.634 202.871 6.06038 115.02 11.3968 246.399 4.34964 64.3562 77.2617 163.48 60.9812 28.6784 24.2649 258.446 133.542 72.9853 13.5713 
155.896 224.294 63.3529 58.2199 32.8013 444.25 0.477465 1.73305 336.084 0 250.965 48.6722 236.786 66.1544 133.681 83.9724 32.2628 140.582 121.971 48.0403 89.8117 35.1255 33.1736 57.8598 57.0267 56.1873 45.4076 56.8338 
9.82563 263.174 118.907 114.307 130.278 270.59 329.024 5.13033 44.2657 474.154 0 45.9553 239.053 4.7694 383.795 65.8526 95.4777 86.9857 1.38315 4.05315 146.997 27.4542 22.0865 24.7629 41.8303 110.485 43.6698 14.7146 
133.128 22.4012 85.7949 94.0145 42.4793 86.218 198.06 88.4971 343.991 104.089 85.131 0 27.3019 19.5828 64.2815 471.086 0.0388996 74.2542 94.0258 29.0706 2.33116 32.5461 127.1 182.288 190.765 1.9888 19.124 167.024 
105.395 51.2992 70.7254 1.08871 7.08184 92.2052 4.24414 145.819 203.695 56.1755 209.439 143.9 0 75.3949 108.256 67.7037 60.724 5.36411 24.5995 30.4875 61.162 88.0971 0.762062 5.21269 19.2594 49.9311 0.812165 0.0445122 
5.94957 71.0711 11.8118 1.47082 67.8878 14.1439 89.8824 125.736 2.26967 30.8113 67.1038 119.871 25.23 0 61.8159 2.53635 7.1841 19.2171 0.176536 3.97361 44.9092 5.00811 5.49823 5.42055 7.14798 12.7876 4.07915 1.05589 
13.5238 40.0772 1.07805 24.5438 13.8736 3.24624 44.7169 0.153164 176.704 3.44178 407.807 267.287 119.347 44.5169 0 83.4498 0.236846 37.1024 1.59866 11.5548 32.2302 17.5135 25.2795 0.306173 30.9919 0.0302295 0.41685 7.32271 
62.2021 0.687235 24.6939 0.00301773 34.6026 3.10861 1.60189 259.839 132.816 9.4215 68.3991 491.246 83.6869 5.79068 51.5278 0 21.977 10.8961 8.33053 0.253776 24.5784 1.81747 11.9539 2.14626 32.8183 23.8215 3.82145 22.4611 
239.262 250.456 0.035139 163.953 14.6248 155.198 94.6276 56.1989 207.094 30.2845 84.2814 86.6091 20.8152 6.29303 29.9818 8.58846 0 96.1979 332.073 12.3424 68.4636 15.9462 11.5962 0.129288 151.716 8.74854 16.9656 18.8811 
1.88057 198.103 163.194 27.5611 46.9146 37.5753 9.08822 159.119 22.0769 137.188 159.031 66.9845 49.8759 0.796199 41.8519 57.0626 273.598 0 43.5515 59.514 85.991 34.7815 0.141412 29.8622 18.5386 54.963 12.7687 0.177693 
105.438 20.3296 61.4229 46.2282 83.7269 1.12449 124.155 115.075 0.799676 99.7983 5.02819 10.8193 85.5528 23.1674 24.265 30.4647 46.3276 23.1934 0 36.56 49.0361 0.0546211 7.6478 6.95119 10.3042 2.9616 23.3921 26.3272 
224.731 42.4237 5.46112 46.1895 59.5518 1.22302 83.8702 112.533 14.3778 8.33561 65.3584 73.6882 1.74646 3.79889 0.819099 1.73464 22.2468 66.8111 28.0335 0 109.426 5.18273 0.611426 4.32807 2.38571 6.02383 0.329681 0.28321 
42.6099 9.22443 116.901 115.841 28.1257 34.6075 105.043 8.21271 164.416 99.2487 33.2197 166.895 47.0541 1.05401 49.0354 3.41894 57.9484 70.394 67.6895 69.2078 0 0.118225 26.9125 4.32876 33.6137 42.4283 21.6821 49.9831 
0.882734 0.0253677 1.8188 5.79583 2.00729 20.0755 30.1629 5.04662 59.2967 23.3263 12.6902 11.9518 36.1929 1.06118 0.00391786 0.00383992 0.317093 21.6053 0.00864007 2.85714 12.6098 0 0.112845 2.26778 8.41534 2.32177 11.967 8.61615 
28.9738 56.6086 4.9826 19.1195 55.5617 10.7271 64.1693 101.603 54.9866 4.58114 42.09 122.748 0.0110168 6.45441 13.8633 10.6107 1.93068 7.47325 6.11008 0.440409 29.1753 0.0950575 0 7.05498 8.56009 9.94079 12.4417 4.01891 
34.2009 19.3318 10.6324 17.4965 0.384941 1.87196 23.9419 136.384 1.04256 6.81808 129.187 175.725 18.1535 1.69444 11.0338 25.1561 11.4511 24.766 2.41983 5.91596 21.9337 14.1133 10.6783 0 9.22738 11.3861 3.5097 13.3074 
137.044 185.361 15.4453 176.219 58.3071 138.823 61.6007 170.297 148.505 53.9522 144.669 863.501 54.7601 9.19863 31.3643 27.3711 148.249 14.3929 28.1311 10.1136 57.7679 2.50118 24.8439 73.1495 0 27.0094 106.792 117.104 
53.13 74.3903 23.3664 42.9995 19.1254 13.7543 82.9125 10.6346 75.3159 1.10412 101.24 396.302 3.39005 2.35998 1.53539 27.8133 3.42205 55.6795 30.1242 9.63427 62.6722 7.06732 4.47673 14.2498 41.2959 0 19.2245 9.50917 
44.721 5.78664 0.377917 13.555 27.6045 0.103848 11.9574 88.2585 4.84672 9.54508 81.9802 120.801 4.47231 0.775139 12.0992 2.76136 8.69081 0.390285 11.5118 9.3168 1.24931 12.0595 4.29838 1.53501 22.837 34.5959 0 39.316 
39.5892 59.7928 22.199 1.43675 56.4177 15.7749 63.9335 7.78291 16.4386 57.3328 20.4593 9.43401 43.686 0.0457738 0.0418467 22.6058 6.50013 1.1217 6.25388 3.60307 14.5985 5.79262 9.87807 13.7873 24.5374 18.9722 0.166974 0 
