0 348.858 5.86447 287.535 15.1698 305.725 198.634 212.779 337.127 13.4843 160.631 221.409 8.36602 13.0705 70.2885 3.55267 203.38 191.77 80.4014 67.1964 243.946 12.7319 46.0839 10.924 246.813 11.2206 1.16898 60.4148 
414.486 0 423.157 409.291 188.878 392.645 19.3597 63.329 273.549 237.012 118.716 11.7516 2.35383 0.119679 55.8249 81.2079 194.412 720.964 40.3838 132.613 37.6612 6.49478 57.0451 20.8437 185.537 42.4608 12.1071 39.2681 
88.642 48.5769 0 40.2667 186.927 49.0922 41.8019 158.156 0.00256747 36.666 157.243 173.577 56.6289 0.73348 19.1986 2.78969 36.327 16.3756 26.2571 0.576725 122.524 12.3309 0.0406432 2.55948 28.0044 1.71932 0.336068 19.6035 
337.253 189.622 134.98 0 159.845 174.757 0.206979 677.854 369.084 26.6117 193.222 0.344897 13.6061 22.9943 21.3934 15.269 188.302 143.151 35.7502 46.47 19.5698 15.8994 4.08107 19.4497 214.889 40.7402 23.4404 28.4764 
54.0093 511.221 175.64 7.33291 0 242.347 166.324 92.7732 114.709 332.217 258.572 124.619 1.8557 25.1973 95.0749 32.8902 100.095 19.3783 85.3341 37.7426 60.9362 25.2573 49.3642 56.1656 64.4361 66.2229 44.0195 54.5333 
277.89 294.529 64.6444 207.504 358.306 0 561.106 50.6267 552.675 503.367 239.449 147.079 639.727 11.0347 40.6631 26.3905 189.756 112.286 48.5204 0.149813 5.67634 7.01518 6.15208 3.02685 194.677 0.444955 5.56347 22.943 
93.5896 12.4157 217.603 178.582 424.449 58.4026 0 283.957 118.54 508.337 221.71 4.22263 128.792 12.1189 72.6527 4.22329 46.7713 1.95626 70.2644 27.7233 122.593 32.1973 11.7208 68.592 15.2087 16.546 33.0253 47.3763 
137.286 294.132 170.615 106.605 83.056 197.938 221.255 0 290.647 98.4573 354.419 362.208 1.46009 18.7204 155.93 23.023 65.376 180.031 79.1791 19.4492 72.7039 21.8127 72.3101 106.085 110.416 198.185 96.5416 112.205 
341.703 578.779 112.85 337.894 192.138 382.244 919.66 230.419 0 368.627 1623.13 54.9256 202.579 5.64678 108.581 11.9561 283.485 4.71399 63.5529 77.7179 164.127 60.8355 29.1256 24.6638 295.074 133.972 72.8384 13.2844 
155.762 225.325 62.5212 57.5713 30.5942 452.486 1.16813 2.00585 339.064 0 261.754 50.1275 232.835 66.5988 133.708 84.3058 32.5859 140.869 121.811 47.8788 89.5994 35.3817 33.4571 57.9697 56.7614 55.8368 45.3462 56.7914 
10.2955 262.667 121.353 115.91 132.094 271.201 334.91 5.94274 55.9347 465.06 0 49.6902 238.127 5.42676 380.264 63.7174 95.4437 86.2063 1.26912 3.91185 147.148 27.7174 22.7204 25.3733 41.0199 111.624 43.3623 14.3662 
134.569 23.2055 87.2783 91.4991 43.2127 87.2383 200.039 74.7441 346.733 102.295 80.4032 0 27.8763 20.4365 67.0499 466.026 0.0286761 74.868 93.8558 29.4579 2.52026 32.804 127.091 181.747 197.765 3.09102 18.6849 166.424 
105.554 50.5857 70.5946 1.16345 6.66536 91.551 4.70597 145.646 203.925 59.4708 210.899 144.349 0 73.514 107.697 68.1071 60.6292 5.19749 24.2894 30.3666 61.3427 87.9147 0.883872 5.40632 19.4504 50.0517 0.784941 0.0531209 
6.06968 71.0337 11.7346 1.421 67.9921 14.2549 89.5942 125.839 2.07484 30.2875 65.1124 118.687 26.6301 0 61.9437 2.37986 7.23501 19.3785 0.163377 3.98378 44.896 4.94992 5.33395 5.32498 7.2321 12.8065 4.04569 1.08208 
13.7582 40.5615 1.00257 24.7528 14.2101 3.40041 43.7312 0.250271 175.041 3.07395 407.207 268.244 119.359 45.8162 0 82.2578 0.251654 36.8532 1.54515 11.5442 32.0347 17.5203 25.2744 0.255718 30.948 0.0454069 0.437111 7.42224 
61.8645 0.617621 24.6688 0.0101236 34.9137 3.01622 1.75253 259.925 132.106 9.79133 66.2394 488.892 83.5978 6.00702 49.2973 0 22.0272 10.7354 8.24675 0.242607 24.3392 1.78318 11.9118 1.93578 32.8692 24.1081 3.7596 22.4912 
276.361 286.599 0.0497602 200.641 15.1764 191.883 94.2974 55.8637 243.599 30.6035 84.4824 86.5473 20.6321 6.24409 29.9928 8.65307 0 93.1443 232.112 12.2317 68.4693 15.9085 11.6364 0.136668 188.579 8.68371 17.0016 18.8374 
2.20766 207.643 163.146 28.3348 48.2444 36.8907 9.73232 158.538 21.3121 137.543 159.427 67.5944 50.2584 0.756037 42.0957 56.95 272.173 0 44.3602 59.1179 86.4352 34.8556 0.155087 29.9918 18.7064 54.835 12.6782 0.193849 
105.778 21.0898 61.3814 46.4824 80.5509 0.984094 124.95 115.179 0.920725 100.358 5.24934 10.6077 85.5732 23.106 24.3956 30.4509 49.0354 23.8393 0 36.5554 48.8255 0.0490089 7.70423 7.00624 10.2267 2.91013 23.4115 26.3094 
225.259 41.4095 5.32241 46.3347 59.0688 1.17394 83.552 112.281 14.0299 8.17562 65.6476 74.0466 1.79909 3.7879 0.838332 1.70762 22.3564 66.4495 28.1456 0 115.846 5.17238 0.604036 4.31086 2.35228 5.98174 0.338481 0.293109 
41.1046 8.78159 116.402 120.869 28.5779 34.9236 105.625 7.74758 165.051 99.2741 32.7021 166.742 46.8386 1.01417 48.8919 3.30862 58.0915 70.8723 67.8032 63.7826 0 0.126123 26.8127 4.41305 33.4091 42.2086 21.5746 50.0273 
0.854259 0.0193569 1.79508 5.75514 1.94294 20.0531 30.3773 5.15323 59.1401 23.0746 12.4882 12.1415 35.6371 1.09606 0.00196364 0.00231386 0.306644 21.7023 0.0110886 2.87026 12.5468 0 0.134134 2.21001 8.40686 2.29656 11.9833 8.63518 
28.8315 56.6421 4.93459 19.1003 55.5157 10.7904 64.3646 101.675 55.4816 4.73279 41.3037 123.022 0.00140599 6.29754 14.1124 10.5366 1.95553 7.38458 6.05734 0.433988 29.0807 0.11469 0 6.6649 8.40168 9.9214 12.4689 3.9858 
33.9914 19.5345 10.6928 17.3783 0.415354 1.82947 23.6654 136.61 0.950404 6.99076 129.191 176.497 18.4752 1.6244 10.7863 25.4404 11.4047 24.6326 2.45645 5.92529 22.0797 14.1086 11.0932 0 8.87402 11.2958 3.57896 13.3387 
174.018 222.595 15.3101 213.28 58.1465 175.816 62.0033 171.315 185.837 53.6686 144.84 238.271 54.8177 9.28295 31.35 27.5981 185.244 14.5481 28.1779 10.1529 57.6806 2.56171 24.9154 72.3995 0 31.5871 89.3149 120.436 
53.4802 74.6205 23.4733 42.889 19.3619 13.8853 83.3027 9.65862 76.2028 1.01163 102.418 397.46 3.48986 2.30573 1.44199 28.0437 3.37613 55.5577 30.1472 9.66799 62.7072 7.03808 4.52295 14.1809 41.1973 0 18.9582 10.1091 
44.6248 5.69565 0.394514 13.4627 27.4851 0.112149 12.1029 87.9835 4.97311 9.65908 81.8461 120.822 4.41122 0.757611 12.1673 2.70702 8.65004 0.371864 11.5611 9.33529 1.28511 12.075 4.25115 1.58377 22.6222 34.442 0 37.9296 
39.7898 59.6783 22.195 1.37943 56.3823 15.8484 64.1193 8.1485 16.1278 57.3187 20.861 8.84993 43.6417 0.0402832 0.0513885 22.5817 6.45422 1.16139 6.3071 3.63249 14.7323 5.76809 9.86701 13.7625 24.56 18.2164 0.30728 0 
