0 406.959 7.61176 376.345 17.3517 383.262 202.567 207.82 410.634 12.5024 162.231 222.398 7.9114 13.399 70.4509 3.23059 279.853 194.512 79.3263 68.6864 243.75 12.9146 46.1655 11.2592 323.954 10.7071 1.08463 60.3276 
470.979 0 408.325 478.675 172.893 466.955 13.6189 59.5848 343.342 238.111 114.933 12.9662 1.99334 0.173391 54.8527 81.5199 272.998 602.92 38.4201 133.689 36.0226 6.30394 57.057 20.4319 262.417 43.2015 11.8616 39.6864 
83.7466 63.202 0 54.8122 186.2 50.2309 46.6239 164.496 0.663225 35.1148 152.555 171.942 57.2037 0.665785 18.7629 2.97586 35.819 18.0325 26.9027 0.681009 121.819 12.3507 0.0302575 2.46441 28.0585 1.86719 0.367776 19.4928 
426.649 263.199 171.885 0 159.042 252.368 0.521979 674.288 454.733 27.7449 191.734 0.0684775 13.1369 23.0323 21.8231 15.8449 266.054 143.665 35.1764 46.7343 522.536 15.9384 3.96207 19.228 292.014 40.4099 23.5716 28.6713 
50.3866 504.217 177.397 8.39201 0 255.686 155.391 90.1686 108.463 332.567 259.249 123.023 2.32057 24.6438 95.0859 32.2719 101.869 17.5976 78.9813 36.7693 62.0353 24.9079 49.6097 56.213 64.2366 66.4799 43.8713 54.6682 
356.741 377.318 64.1686 285.87 680.373 0 1143.75 47.481 644.284 856.99 235.328 148.133 213.255 11.2669 40.4667 26.2806 266.615 113.146 47.2135 0.187375 6.01264 6.87146 6.02378 3.13221 272.214 0.513055 5.66547 22.942 
97.9353 7.89409 213.252 181.026 427.767 28.8048 0 292.157 175.755 506.468 234.314 5.32883 125.567 12.8559 70.5223 3.7637 47.7121 2.59834 72.2088 28.6287 123.52 32.6264 11.2697 68.8314 14.5765 17.3362 33.3884 47.905 
142.587 294.188 164.33 106.223 80.5041 199.907 230.174 0 311.665 95.4828 351.276 314.363 1.73093 17.66 153.734 26.6162 64.7322 179.694 78.3153 20.3815 70.403 21.4365 73.2077 107.584 107.283 194.653 96.8615 113.367 
422.785 657.524 97.2164 406.72 198.835 477.819 999.854 210.532 0 364.652 697.445 49.6773 201.949 4.86803 97.1607 13.1115 361.117 5.48585 61.9509 78.6237 165.398 60.5409 30.0262 25.4683 371.778 134.802 72.5406 12.7185 
155.465 227.303 60.8549 56.2725 26.389 467.427 3.45751 2.61053 344.789 0 283.482 53.0858 224.799 67.4751 133.699 84.9527 33.234 141.423 121.466 47.552 89.1685 35.8931 34.0231 58.1829 56.2257 55.1303 45.221 56.7018 
11.2665 261.576 126.24 119.105 135.724 272.222 346.493 7.74324 81.8334 446.242 0 57.5477 236.2 6.86479 372.549 59.5132 95.3696 84.6483 1.05562 3.63651 147.434 28.2452 24.009 26.6104 39.4144 113.885 42.7471 13.6804 
137.442 24.8518 90.2498 86.5164 44.6926 89.2746 203.957 50.4979 352.053 98.7206 71.2822 0 29.0397 22.1904 72.7038 454.597 0.0128933 76.0957 93.5097 30.2369 2.92013 33.3204 127.044 180.586 214.18 6.01244 17.8197 165.171 
105.862 49.1663 70.3239 1.32022 5.86877 89.8184 5.69941 145.283 204.338 66.277 213.76 145.228 0 69.7618 106.544 68.9023 60.4364 4.87176 23.6724 30.1237 61.7017 87.5298 1.15426 5.80324 19.8337 50.2892 0.731859 0.07261 
6.31302 70.9516 11.5792 1.32382 68.1942 14.4758 89.0017 126.017 1.72404 29.246 61.1815 116.292 29.5197 0 61.9932 2.0799 7.33709 19.7023 0.13858 4.00398 44.8672 4.83369 5.00387 5.13372 7.40064 12.8421 3.97893 1.1353 
14.2317 41.5325 0.859641 25.169 14.8929 3.71856 41.7789 0.515557 171.65 2.3993 405.248 269.937 119.338 48.3136 0 79.5949 0.282613 36.3546 1.44077 11.5223 31.6435 17.5319 25.2494 0.168328 30.8536 0.0849648 0.479043 7.62237 
61.1828 0.489474 24.6137 0.036855 35.5362 2.83514 2.07378 259.882 130.656 10.5496 61.983 482.732 83.4014 6.44599 44.8082 0 22.1268 10.4167 8.08006 0.221006 23.8621 1.71541 11.8229 1.54541 32.9596 24.6725 3.63707 22.5473 
354.016 362.34 0.0866087 277.485 16.307 268.725 93.6277 55.1921 320.074 31.2438 84.8798 86.419 20.2674 6.14655 30.0136 8.78268 0 87.1162 227.032 12.0109 68.4771 15.833 11.7166 0.152053 265.774 8.55443 17.0732 18.7498 
2.9397 226.247 162.983 29.9065 50.9439 35.5325 11.0832 157.358 19.8185 138.234 160.2 68.8156 51.0241 0.678777 42.5822 56.7213 269.124 0 45.9909 58.3215 87.3188 35.0032 0.184335 30.2505 19.0433 54.5762 12.4978 0.228261 
106.444 22.6461 61.2883 46.9867 74.3174 0.731118 126.52 115.377 1.18844 101.461 5.70526 10.1902 85.6058 22.9823 24.656 30.4214 54.7664 25.1527 0 36.5431 48.4028 0.0386923 7.8174 7.11667 10.0722 2.80841 23.4496 26.2731 
226.07 39.4032 5.04915 46.6092 58.0989 1.07867 82.9037 111.759 13.3451 7.8595 66.2218 74.7575 1.90656 3.76578 0.877427 1.65409 22.5749 65.7201 28.3683 0 128.926 5.15158 0.589367 4.27634 2.28598 5.89754 0.356409 0.313402 
38.16 7.92702 115.373 131.067 29.4901 35.5569 106.78 6.85653 166.299 99.3171 31.6761 166.414 46.4067 0.936723 48.6022 3.09309 58.3751 71.8271 68.027 53.4533 0 0.142683 26.6126 4.58377 32.9995 41.7672 21.3599 50.1132 
0.798681 0.00976867 1.748 5.67398 1.81728 20.0066 30.8064 5.36943 58.8241 22.5728 12.088 12.5247 34.53 1.16729 6.01541e-05 0.000415291 0.286268 21.8964 0.0168987 2.89651 12.4208 0 0.182177 2.0963 8.3903 2.24648 12.0155 8.67301 
28.5463 56.7053 4.83881 19.0604 55.4202 10.9163 64.749 101.804 56.4704 5.04287 39.7441 123.545 0.00950473 5.97889 14.6088 10.3849 2.00562 7.20851 5.95225 0.421275 28.8907 0.159419 0 5.90336 8.08722 9.88146 12.5221 3.91972 
33.5716 19.9416 10.813 17.1409 0.479629 1.74581 23.1149 137.03 0.778845 7.34171 129.17 177.965 19.1238 1.48799 10.2946 25.9831 11.3118 24.3657 2.53042 5.94367 22.3718 14.0967 11.9192 0 8.19063 11.114 3.71904 13.4001 
251.442 300.529 15.0395 290.865 57.8219 253.273 62.8042 173.291 263.987 53.0965 145.151 873.594 54.9288 9.45132 31.3146 28.7533 262.702 14.8602 28.2704 10.231 57.5022 4.46506 25.0542 70.7091 0 42.7273 58.5519 119.358 
54.1771 75.0731 23.6837 42.658 19.8377 14.1472 84.0718 7.84241 77.9741 0.838567 104.763 399.052 3.69357 2.19872 1.26354 28.4911 3.28515 55.3108 30.1918 9.7349 62.7719 6.97944 4.61553 14.0408 40.9886 0 18.4255 11.3531 
44.4305 5.51558 0.428756 13.2781 27.2462 0.129698 12.396 87.4256 5.23044 9.88855 81.5722 120.844 4.29011 0.723103 12.3033 2.59973 8.56859 0.336362 11.6598 9.37205 1.35824 12.1056 4.15711 1.68336 22.2029 34.1251 0 35.182 
40.1896 59.4455 22.1851 1.26808 56.3087 15.9947 64.4862 8.90342 15.5138 57.2857 21.6733 7.73515 43.5509 0.0303501 0.0734024 22.5294 6.36276 1.24278 6.414 3.69152 15.0007 5.71899 9.84426 13.7118 24.6067 16.7334 0.714566 0 
