0 479.243 10.2799 488.782 20.4715 480.234 207.689 201.111 502.28 11.2462 164.317 223.607 7.32349 13.8412 70.6525 2.82397 375.502 198.063 77.8801 69.7829 243.287 13.1594 46.269 11.7121 420.465 10.0384 0.976965 60.2025 
540.583 0 386.117 564.496 152.169 559.387 7.50118 54.7261 430.401 239.38 109.913 14.6723 1.55868 0.260413 53.5525 81.9143 371.5 896.819 35.8565 135.029 33.8808 6.05331 57.0649 19.8861 358.608 44.1886 11.537 40.242 
77.2968 85.1601 0 77.2211 185.021 51.7089 53.3636 172.859 3.86295 33.0762 146.225 169.642 57.9588 0.580431 18.18 3.2321 35.1372 20.35 27.7661 0.833161 120.807 12.3759 0.0187849 2.33994 28.1227 2.07312 0.412236 19.3419 
539.485 355.726 233.164 0 157.861 349.569 1.16368 1066.17 562.442 29.2794 189.61 0.0297813 12.5213 23.0773 22.3945 16.6195 363.401 144.271 34.4093 47.0537 220.275 15.9893 3.80546 18.9292 388.505 39.9512 23.7439 28.9256 
45.7094 493.39 179.551 9.90864 0 276.348 141.081 86.7153 100.292 332.506 259.996 120.878 3.02003 23.9099 95.0711 31.4496 104.212 15.347 70.7645 35.4788 63.5024 24.4431 49.9311 56.2689 63.9617 66.8116 43.6708 54.8427 
455.498 481.349 63.461 384.029 180.521 0 321.862 43.4008 758.648 342.175 229.533 149.467 380.107 11.5762 40.1823 26.125 362.773 114.245 45.4682 0.243926 6.47466 6.68098 5.85361 3.27489 369.266 0.61125 5.8023 22.9371 
103.792 3.43563 207.102 184.11 431.309 11.2472 0 302.831 266.177 502.103 251.154 6.9995 121.245 13.8669 67.6834 3.19063 48.9696 3.5941 74.8074 29.8486 124.729 33.1982 10.6795 69.1369 13.7506 18.4124 33.8719 48.6058 
149.675 294.038 155.865 110.904 77.1297 202.356 241.989 0 339.799 91.5365 346.755 253.707 2.1274 16.2868 150.707 31.7622 63.8694 179.195 77.156 21.6513 67.3635 20.9375 74.3916 109.544 103.09 189.743 97.268 114.877 
524.513 755.595 77.7601 492.204 207.715 599.006 1096.11 184.793 0 358.784 1385.59 43.0354 201.016 3.93113 87.4772 14.7265 458.28 6.60322 59.8258 79.8166 167.043 60.142 31.2394 26.554 467.681 135.847 72.1347 11.9802 
155.007 229.761 58.6287 54.5382 21.2286 483.777 8.37505 3.53883 351.918 0 312.587 57.1246 213.837 68.617 133.553 85.7731 34.1015 142.119 120.957 47.1084 88.5813 36.5724 34.7757 58.4531 55.5006 54.177 45.0493 56.5729 
12.6246 259.961 132.742 123.338 140.556 273.168 361.502 10.5047 119.62 420.002 0 68.7991 233.473 9.03452 360.963 54.0553 95.2585 82.5715 0.801306 3.28434 147.785 28.9525 25.7704 28.2938 37.305 116.858 41.9271 12.7882 
141.248 27.1233 94.2175 79.9838 46.6914 91.9797 209.092 25.2766 358.794 93.9887 59.8494 0 30.6193 24.623 80.4633 436.789 0.00153379 77.7326 93.0357 31.284 3.49822 34.0105 126.924 178.876 239.606 11.3738 16.6923 163.395 
106.253 47.2899 69.9446 1.5444 4.8829 86.8481 7.16749 144.764 204.794 75.7728 217.45 146.364 0 64.7906 104.932 69.9381 60.173 4.4532 22.8578 29.7978 62.176 86.9749 1.57001 6.35227 20.3474 50.598 0.663917 0.103315 
6.64391 70.8269 11.37 1.19925 68.4496 14.7679 88.1794 126.199 1.33714 27.8708 56.057 113.048 33.5466 0 61.6315 1.70793 7.47373 20.1357 0.108671 4.03059 44.8239 4.67921 4.56276 4.87888 7.62596 12.8849 3.8903 1.20803 
14.8724 42.8313 0.68575 25.7199 15.8235 4.16261 39.2171 1.01613 167 1.62773 401.081 271.729 119.216 51.4008 0 75.5069 0.326653 35.6892 1.30704 11.4917 31.1211 17.5432 25.1853 0.0800149 30.7142 0.15676 0.537865 7.89134 
60.261 0.341649 24.5297 0.098416 36.3673 2.60143 2.54316 259.376 128.657 11.5986 56.4489 471.587 83.1021 7.043 38.8314 0 22.2582 9.99783 7.85951 0.193736 23.2288 1.62676 11.6949 1.09004 33.0563 25.4052 3.47609 22.6134 
451.203 456.969 0.151465 373.617 17.8696 364.859 92.717 54.2954 415.708 32.1017 85.4001 86.2387 19.7839 6.01725 30.0385 8.95623 0 79.2612 505.799 11.718 68.4804 15.7317 11.8235 0.17382 362.372 8.38289 17.1682 18.6322 
4.07605 249.31 162.627 32.0504 54.6253 33.7457 13.0139 155.747 17.9035 139.116 161.194 70.4469 52.0455 0.582142 43.2283 56.4086 264.662 0 48.1905 57.2512 88.4875 35.1981 0.227241 30.5944 19.4949 54.2246 12.2585 0.278495 
107.303 24.7938 61.143 47.6509 66.2753 0.451784 128.567 115.618 1.59781 102.899 6.34127 9.64523 85.6321 22.8152 25.0015 30.3786 63.0149 26.9474 0 36.5208 47.8364 0.0268279 7.96892 7.26472 9.86701 2.67528 23.4994 26.2228 
226.636 36.7764 4.69355 46.9423 56.7985 0.957651 82.0151 111.027 12.4548 7.4462 66.9787 75.6929 2.05446 3.73601 0.930817 1.58375 22.8646 64.7348 28.662 0 146.737 5.12364 0.570041 4.23008 2.19877 5.78535 0.381018 0.341485 
34.3739 6.85262 113.936 144.438 30.7226 36.4023 108.303 5.75044 167.914 99.3585 30.3271 165.932 45.8295 0.838148 48.2105 2.81644 58.7482 73.0965 68.3179 40.8588 0 0.166346 26.3446 4.8159 32.4525 41.1753 21.0735 50.2227 
0.727436 0.00203546 1.68606 5.56618 1.65605 19.9413 31.3788 5.66406 58.3971 21.9073 11.5627 13.043 33.0645 1.26535 0.00168065 0.000275197 0.26017 22.1549 0.0265375 2.93153 12.2532 0 0.25747 1.94856 8.36894 2.18032 12.0576 8.72298 
28.1649 56.7817 4.71167 19.0039 55.2854 11.083 65.2487 101.947 57.7857 5.47017 37.6915 124.189 0.0769679 5.54591 15.2656 10.1757 2.0733 6.97645 5.81307 0.404587 28.6359 0.230335 0 4.93348 7.67352 9.82587 12.5912 3.83194 
33.0104 20.4878 10.9722 16.8223 0.572444 1.63698 22.3862 137.519 0.576448 7.82106 129.086 179.765 19.9995 1.31392 9.64676 26.6503 11.188 24.01 2.63053 5.96759 22.7615 14.0753 13.005 0 7.33064 10.8694 3.90896 13.4795 
348.362 398.11 14.6781 387.97 57.382 350.227 63.8631 175.799 361.897 52.3247 145.497 132.122 55.0683 9.67504 31.2534 31.6577 359.652 15.2799 28.3916 10.3343 57.2565 10.464 25.2307 68.0877 0 60.0102 36.7619 102.685 
55.0983 75.6604 23.9569 42.3292 20.4776 14.4963 85.0733 5.70599 80.3296 0.632854 107.86 399.665 3.97357 2.05923 1.04327 29.0586 3.16548 54.9751 30.2483 9.82299 62.8475 6.90093 4.73929 13.8492 40.6863 0 17.7161 13.0978 
44.1679 5.27953 0.476566 13.0322 26.9272 0.155057 12.7909 86.6658 5.58286 10.1976 81.1948 120.837 4.13098 0.678268 12.484 2.45949 8.46022 0.291763 11.7915 9.42052 1.4588 12.1454 4.03263 1.82037 21.6656 33.6841 0 31.5844 
40.7199 59.1279 22.1679 1.12665 56.2047 16.1884 64.9658 9.95792 14.7102 57.232 22.7745 6.36068 43.4254 0.0192859 0.10882 22.4509 6.24141 1.35548 6.55752 3.77059 15.3609 5.65347 9.81261 13.6415 24.6726 14.8207 1.51788 0 
