0 757.324 204.245 730.925 239.644 531.963 197.591 12.5868 627.974 65.2039 159.82 14.2668 61.7725 21.0677 16.9187 25.6849 491.172 111.446 1.60057 189.97 0 8.14639 24.4342 7.41401 442.825 51.8761 46.925 50.7688 
822.289 0 427.909 607.96 18.3098 522.902 326.455 290.484 493.338 14.9191 58.5199 77.7415 41.446 43.7691 4.52648 18.3491 444.264 429.812 18.2381 15.3024 99.053 40.0572 45.9237 11.0233 465.739 26.3307 43.1152 63.7893 
125.321 47.2627 0 24.8282 106.668 2.43492 63.1548 41.5136 11.534 44.6576 32.8348 85.832 34.586 3.38266 10.2348 2.89788 2.76638 159.237 43.1574 26.6636 101.82 0.0872343 3.16459 14.42 7.49332 1.86719 15.6539 22.2062 
699.354 411.56 98.6563 0 143.331 432.685 46.7517 954.862 521.172 32.0313 75.7442 245.99 69.4876 0.136775 19.8844 35.9568 420.869 74.8309 19.076 19.5538 85.3794 0.0857536 8.60353 2.84193 451.113 2.28157 27.3348 0.0624028 
68.4152 144.143 42.4801 14.8954 0 58.701 367.615 222.886 323.676 182.956 213.533 4.60684 120.676 69.7113 47.3828 74.6682 2.08568 3.19615 198.258 9.69939 4.45225 2.61941 54.5346 35.368 48.5539 56.1683 25.8609 15.3685 
537.727 427.406 16.7072 408.274 1041.02 0 632.097 2.98492 663.739 149.084 273.681 28.0451 552.501 16.863 14.3239 24.2542 446.684 8.48294 43.723 23.9018 22.1477 9.38961 15.7363 0.0028751 408.29 27.0839 17.2495 20.9715 
263.237 346.066 198.04 80.8458 271.941 222.671 0 267.12 37.1484 0.664789 43.6404 46.9927 189.903 0.0878469 119.676 47.0431 23.6317 64.7545 45.0495 63.4346 23.5277 53.966 72.0976 20.677 59.0581 41.8183 54.1198 31.1369 
307.176 88.6304 191.665 277.071 221.905 191.097 203.342 0 654.293 15.0244 322.041 283.88 136.116 117.939 75.6365 226.492 24.1466 29.0597 116.383 48.0641 190.777 15.779 81.8801 45.6068 89.4801 0.10339 19.6596 48.8704 
513.018 815.88 55.9732 652.811 9.40389 822.036 322.491 6.85504 0 144.627 1111.2 395.136 47.3332 62.4179 98.1668 95.6036 489.884 56.1383 20.1234 75.4732 187.096 5.66719 102.255 87.9948 523.186 0.129664 32.6639 96.243 
140.724 31.7711 70.7561 94.0935 238.16 479.949 508.697 174.579 2.45014 0 370.242 19.6088 329.842 33.0044 124.822 36.2547 1.46879 98.8245 98.9247 52.7168 86.4143 2.32496 43.1507 0.816077 10.2571 21.8335 2.18859 57.3331 
9.82563 230.871 178.535 16.9838 246.745 221.743 129.233 27.8491 719.866 364.509 0 249.76 230.895 213.307 68.9221 30.8859 53.6412 81.0128 125.152 33.4848 35.1428 45.7156 109.356 24.311 140.002 110.865 33.7989 76.0308 
110.796 57.9136 23.7523 117.803 178.58 96.484 54.6563 646.758 7.55752 146.911 1.17404 0 159.18 70.5814 221.101 203.875 70.817 0.736766 63.9726 37.3554 163.247 61.629 36.5832 73.1231 349.176 373.067 15.8724 174.155 
57.8126 0.527554 0.269005 35.8358 162.007 98.3501 6.71002 15.3421 17.0252 15.4277 77.2463 65.9653 0 25.1158 46.3112 0.585536 4.82106 3.48577 75.3416 0.0257078 28.9023 7.50349 16.7252 28.3123 23.6137 42.5207 35.3223 41.4602 
12.5114 29.2399 1.61089 23.0779 19.3028 19.3257 95.7021 39.2603 66.1791 36.9504 111.355 128.294 156.363 0 61.8733 6.55612 5.03823 53.332 17.4714 1.42375 5.22165 3.26055 6.74089 7.33234 15.4472 12.9043 1.0443 0.0240489 
14.6205 92.0812 30.8189 23.2784 82.2641 32.0568 94.4068 166.778 209.199 1.77713 144.735 11.5722 14.1906 49.8944 0 33.7603 30.0097 35.3563 0.00494218 4.48453 8.69727 1.18763 0.556018 0.000762997 14.2015 4.70214 2.34251 17.4188 
5.18664 74.0303 16.9327 11.0238 1.93392 0.907487 16.1247 0.829282 43.9558 91.4624 28.9999 142.867 29.0922 19.3457 4.15119 0 1.51057 0.316535 4.92612 0.338763 51.3039 8.98455 0.0691704 5.87953 10.3596 1.97685 17.0359 19.5785 
409.51 541.208 48.1812 463.241 69.2455 444.475 52.7026 16.3348 512.504 0.980959 86.3637 8.51758 11.7626 21.9045 0.276521 13.2557 0 267.82 421.916 1.53504 6.85412 20.893 1.89859 6.90865 434.33 25.1849 15.2607 24.39 
16.4802 229.855 3.33126 140.032 139.305 124.008 89.7412 3.49507 154.246 105.833 13.7271 0.0715342 54.5999 24.1768 43.5501 39.6732 229.038 0 7.82019 0.944401 30.0992 4.01997 43.5556 21.0414 59.5093 20.9899 41.3622 48.4575 
84.954 149.075 54.5401 23.8353 203.307 0.239128 6.04014 71.8835 23.8863 33.2022 101.621 0.309711 51.545 0.698456 31.615 8.01784 184.229 22.2376 0 36.5586 0.0107294 20.9557 10.1928 8.97789 23.628 22.7273 17.3845 14.0355 
6.46318 141.949 23.2831 19.2037 26.0881 20.0684 51.866 91.7849 49.2717 42.3723 27.6001 3.44891 36.7869 0.495539 8.68136 1.92833 32.7469 0.0105796 28.0709 0 3.51407 6.38875 4.10402 0.556701 1.27437 3.08332 4.68267 11.3697 
199.874 54.6825 90.6492 194.401 24.7365 0.802317 40.9532 115.427 187.062 99.3587 146.4 6.58809 18.4776 32.7355 25.3354 25.2601 29.0432 17.4185 43.7257 286.038 0 1.47993 18.5639 44.8203 10.4995 49.7855 41.4377 9.13904 
35.3023 50.5493 11.3683 15.2378 26.9814 20.4997 52.6547 65.2199 4.41458 59.6722 2.48347 40.0888 65.4489 2.3548 16.0694 4.56617 5.16723 0.0278511 19.6337 0.584928 21.4879 0 8.24355 5.4448 10.3103 6.40397 0.0495092 0.547032 
0.00667623 48.8025 10.4402 19.1762 34.6642 0.939172 1.45988 33.3248 94.3836 60.6424 94.335 17.2251 10.1432 5.80146 7.90097 0.85753 1.15595 41.3694 20.9961 4.11767 16.1184 8.3513 0 3.80934 9.09 0.99153 10.3607 0.28287 
38.6506 30.6142 0.168391 4.37021 29.7089 8.53796 69.8007 7.1505 93.6178 49.6869 49.0005 147.641 46.1625 3.36949 8.38328 25.8239 20.9646 21.12 14.7999 1.83302 46.4791 13.3829 14.3205 0 45.4218 16.7016 17.8472 5.05989 
453.91 414.438 2.62597 444.545 37.9005 420.756 49.9144 18.4346 428.713 12.9711 9.63694 306.244 55.7136 16.2666 11.743 24.0068 410.561 59.6924 1.15787 13.3269 39.6529 6.95599 26.0586 22.7633 0 82.6283 109.446 64.0464 
45.3165 1.91249 23.6837 0.728448 7.65328 21.5621 97.8384 153.201 36.7198 8.78251 101.633 67.5646 0.230151 1.99087 0.641936 0.317318 27.2994 22.1037 3.66243 11.5409 60.325 1.78484 4.871 16.1017 42.8529 0 4.23531 2.08289 
2.54305 49.3615 15.8221 2.04876 42.9789 20.0722 60.4891 72.9541 43.4545 47.6905 76.6874 63.4123 38.712 4.56116 15.7895 16.1238 10.5676 23.8416 3.60653 0.85904 26.4939 0.075626 7.20246 18.9936 59.1152 20.1486 0 90.5989 
55.3757 28.862 19.7972 31.5039 2.85028 21.0403 50.8232 8.37889 97.5409 56.8345 104.62 52.882 0.928728 1.8868 23.3792 22.1353 19.0136 46.006 4.1024 8.3859 47.2576 10.2695 6.16304 11.9224 30.5525 53.3292 64.2416 0 
