0 246.46 31.928 448.896 42.1902 350.434 233.419 161.933 343.858 5.35853 174.945 228.005 4.41722 16.4112 71.4646 1.03612 240.305 215.524 69.5216 47.7801 236.431 14.5568 46.734 14.3783 289.507 6.63309 0.474893 59.3135 
282.838 0 228.072 369.034 54.6741 399.801 7.04991 30.6245 255.075 242.224 82.5246 26.0339 0.106374 1.07542 46.1956 83.6636 252.99 956.421 22.7557 140.429 22.8307 4.72752 56.9391 16.8948 226.416 49.6998 9.77492 43.3168 
43.8055 242.558 0 224.313 174.125 58.9824 96.38 216.541 67.9919 22.3769 109.762 154.333 61.9454 0.207264 14.8966 4.83253 31.2267 35.4612 32.6483 1.95894 113.629 12.4944 0.00498626 1.69125 28.3128 3.40958 0.708066 18.4312 
493.775 219.56 346.121 0 148.982 223.793 9.38664 429.299 489.069 38.3383 174.866 6.78013 9.28655 23.21 25.5524 21.071 237.583 145.947 30.0735 48.1244 675.373 16.2491 2.97099 17.1891 257.453 37.0054 24.6526 30.2314 
23.0663 404.992 187.419 20.5426 0 412.582 69.3335 67.8501 58.5746 321.042 260.874 108.473 8.609 19.8937 94.3633 26.8913 116.793 5.44838 31.3363 28.4244 71.7568 21.852 51.6096 56.4299 62.2297 68.4386 42.4835 55.7041 
336.322 391.181 58.0198 262.514 95.5405 0 0.405666 23.2676 690.128 173.042 191.528 155.393 629.966 13.3004 38.121 25.0645 230.31 119.396 35.7212 0.697978 9.35558 5.63771 4.91913 4.12143 241.598 1.31773 6.5893 22.8371 
137.535 12.5088 166.427 197.414 431.901 360.711 0 355.727 913.366 440.359 342.919 20.4158 96.7893 20.1164 51.9487 0.836189 56.0833 12.092 89.425 36.9362 130.936 36.3984 7.61405 70.5572 9.49012 24.9044 36.5706 52.4514 
189.293 288.456 107.936 268.361 58.8839 212.185 305.003 0 491.199 69.9679 314.834 22.4705 5.09904 9.48725 131.88 67.2471 58.9398 175.301 70.4934 29.313 51.0072 18.1951 80.7382 119.627 79.5097 158.55 99.1186 122.516 
421.712 620.986 6.67882 302.86 255.611 597.264 1291.76 64.5684 0 314.862 1084.4 14.0071 193.842 0.87051 186.429 25.2934 330.879 14.7155 48.1798 86.1818 175.195 57.7731 38.2885 32.91 332.785 140.372 69.6688 8.19447 
151.134 239.571 46.1619 44.8149 2.44771 477.469 72.8655 11.2945 380.169 0 466.936 81.5637 149.411 74.4136 129.949 89.4464 39.0362 145.117 117.061 44.4586 85.017 40.3264 38.9438 59.668 51.215 48.6091 43.9854 55.6458 
21.563 247.562 168.115 146.223 167.299 269.587 433.532 33.3804 299.939 259.544 0 146.109 215.035 26.2842 273.5 27.2303 94.3698 70.9563 0.022307 1.62888 149.075 32.9916 36.4931 38.3971 26.2212 132.519 37.3307 8.2745 
161.95 41.4149 116.33 46.4615 58.4224 106.829 235.713 46.3624 388.449 68.4243 13.144 0 40.0654 40.1055 127.375 295.517 0.143794 86.9021 90.1112 37.3293 7.68744 37.912 125.036 165.998 331.177 69.8521 10.9526 151.271 
108.018 37.1397 67.4316 3.12134 1.00706 74.4835 18.3595 141.123 205.317 135.934 235.289 151.934 0 38.4316 94.4342 75.1972 58.5578 2.4382 18.4552 27.9263 64.7427 83.0008 5.05212 9.84202 23.2835 52.1609 0.342705 0.376119 
8.63655 69.8023 10.1569 0.609141 69.5845 16.3483 82.8996 126.029 0.899939 20.4964 30.3632 93.9921 59.1129 0 51.1676 0.274959 8.25321 22.6046 0.00803706 4.17329 44.4776 3.82552 2.22729 3.47737 8.89787 13.0255 3.40144 1.65348 
18.6595 50.1861 0.0713782 28.7106 21.456 7.05438 25.867 6.90129 138.671 0.0726905 347.03 271.713 116.545 61.6779 0 44.885 0.632724 31.945 0.673368 11.2895 28.1751 17.5184 24.1819 0.18902 29.6484 0.959892 0.929658 9.4418 
54.833 0.00412197 23.8415 0.990543 41.0401 1.46024 6.03551 247.206 116.172 18.2467 29.0672 356.229 80.6363 10.5328 10.0969 0 22.9627 7.77511 6.65782 0.0734136 19.7412 1.16628 10.7866 0.00906189 33.0873 29.0142 2.6256 22.7974 
323.825 315.179 0.849052 240.886 27.7598 232.239 87.2354 49.233 280.067 36.9986 88.1122 85.0268 17.1292 5.30667 30.1188 9.94643 0 40.2078 179.851 10.1055 68.3461 15.151 12.4183 0.323076 232.228 7.43701 17.6912 17.9558 
13.784 314.485 157.726 45.0117 76.8318 24.2887 26.4895 145.911 8.83928 143.192 165.934 79.6484 57.7874 0.176074 46.7949 54.4945 231.934 0 60.9991 51.0856 94.8313 36.2544 0.551403 32.5006 22.0825 52.1175 10.9405 0.653166 
111.484 38.2853 59.8809 51.1913 28.1429 0.129131 139.008 116.497 5.00301 110.222 10.5002 6.83463 85.4153 21.8317 26.904 30.0623 117.706 37.8825 0 36.268 44.5972 0.000458013 8.83315 8.11262 8.73546 1.98206 23.7545 25.9034 
218.889 23.2392 2.89835 48.0932 49.379 0.407749 76.5374 106.149 7.96202 5.30367 71.0364 80.6656 2.98287 3.56321 1.25748 1.21191 24.4562 58.9532 30.238 0 245.122 4.96225 0.466491 3.96552 1.73467 5.15694 0.534023 0.520988 
16.3739 2.23727 104.568 184.499 37.9618 41.166 116.444 1.31915 175.88 99.2493 23.1666 162.266 42.5577 0.384581 45.895 1.49411 60.7348 80.1301 69.7908 0.904058 0 0.332971 24.8154 6.21452 29.368 37.7821 19.4677 50.7286 
0.387926 0.0660646 1.35564 4.97032 0.885902 19.5046 34.5932 7.45173 55.8789 18.2563 8.79413 16.1084 25.1206 1.87806 0.0991596 0.0503582 0.136424 23.6056 0.121022 3.12904 11.3197 0 0.913368 1.20613 8.26043 1.82244 12.2749 8.9939 
25.9986 57.0421 4.01082 18.6166 54.3705 11.9944 67.7734 102.113 65.0759 8.15596 26.8343 126.622 1.65355 3.10564 18.7725 8.86934 2.47203 5.73035 5.05143 0.316404 27.1722 0.862715 0 0.901496 5.49132 9.46493 12.935 3.34634 
29.8302 23.6232 11.8365 14.9957 1.2448 1.08503 18.417 138.776 0.00411311 10.7489 127.4 186.378 25.1228 0.519749 6.23517 29.0521 10.4899 22.0118 3.22485 6.0896 24.9574 13.8391 18.2492 0 3.71915 9.45523 5.03918 13.8721 
220.369 273.389 12.646 260.366 54.7647 222.188 69.5934 187.002 239.869 47.813 145.985 719.297 55.6668 10.9097 30.6153 63.0949 231.493 17.7082 29.0235 10.896 55.7123 70.2086 26.0192 48.2055 0 89.3817 178.911 18.7121 
60.0857 78.6014 25.3276 40.0587 24.1805 16.4468 90.163 0.00238152 93.3181 0.0137283 124.463 371.535 5.72012 1.34736 0.19198 31.5667 2.52907 52.9523 30.5015 10.2932 63.0438 6.45343 5.43821 12.6798 38.5021 0 13.7874 24.3381 
42.6148 4.03906 0.790965 11.6559 25.127 0.339374 15.0929 82.0692 7.75962 11.9979 78.8192 119.996 3.28609 0.451463 13.4815 1.7344 7.85605 0.0997878 12.5325 9.68174 2.08838 12.3497 3.35423 2.67768 19.0923 30.8409 0 13.7869 
43.6335 57.1888 21.9846 0.483585 55.4956 17.2465 67.4465 16.8662 10.5318 56.7224 29.3221 1.09932 42.6267 0.003611 0.435985 21.8279 5.57365 2.07713 7.384 4.22292 17.4298 5.2841 9.6069 13.1927 25.1448 5.83963 11.2363 0 
