0 8.98005 46.7343 276.664 55.7105 135.626 244.199 141.542 115.607 3.15758 179.593 228.644 3.20321 17.7725 71.6657 0.458114 24.0947 222.615 65.1431 25.1263 230.235 15.2832 46.8942 15.8115 75.0428 5.14102 0.286919 58.7397 
27.832 0 143.603 121.454 21.986 167.785 28.8812 20.705 24.7329 240.834 69.3536 32.9176 0.0214061 1.70254 42.4444 84.2426 45.6289 634.917 17.0407 141.727 17.9058 4.10696 56.7635 15.4246 11.701 52.4685 8.91849 44.8486 
29.4136 327.248 0 275.324 165.964 61.8853 120.352 235.525 125.605 17.5225 91.2987 145.144 63.7951 0.0884664 13.2415 5.74401 29.1963 44.3413 35.1338 2.70226 109.06 12.5394 0.0312271 1.39557 28.2972 4.20161 0.888741 17.9274 
313.685 13.8992 280.248 0 143.08 12.7852 16.462 390.648 298.719 43.1823 165.683 14.6454 7.79334 23.1985 27.1112 23.3659 26.017 145.657 27.8616 48.1844 256.551 16.3643 2.57732 16.2685 42.9618 35.2841 25.0754 30.8124 
14.2107 346.298 188.525 27.2345 0 447.176 40.7135 58.7052 40.7554 308.216 259.135 101.969 12.5087 17.9269 93.5957 24.6209 122.743 2.29154 16.6926 24.9906 75.9492 20.5484 52.3791 56.4111 61.2267 69.1094 41.839 56.0644 
127.22 195.573 54.3865 52.8967 602.685 0 821.778 15.1175 478.695 348.523 169.488 157.338 508.812 14.1619 36.7843 24.4069 15.4031 121.315 30.8836 1.01718 11.0031 5.12566 4.45938 4.58046 28.9699 1.77675 7.00159 22.7386 
154.831 38.8738 142.946 201.345 419.602 682.307 0 376.873 1182.1 388.302 384.89 29.7522 84.4604 23.6393 44.2318 0.216966 59.7195 18.2501 96.7865 40.6689 133.691 38.0163 6.22465 71.0831 7.58361 28.4737 37.9314 54.3431 
208.801 282.569 84.4976 358.789 50.1667 214.481 333.495 0 556.675 59.5457 294.78 1.76598 7.09223 6.66515 121.312 88.6919 56.381 172.62 67.0161 33.5272 43.2406 16.8402 83.7477 124.085 67.7678 140.912 99.7724 125.808 
220.577 396.672 0.527036 62.8626 277.911 433.487 1131.75 24.9726 0 286.433 644.701 5.14471 188.968 0.773125 226.791 31.5661 118.156 20.0042 42.4919 89.1799 178.596 56.4846 42.0061 36.2948 115.999 141.762 68.2943 6.51295 
148.331 241.831 39.9573 39.9364 0.000188341 404.233 125.932 16.8494 386.146 0 530.011 94.9211 116.831 76.9188 126.341 90.6766 41.5792 146.034 114.419 43.0108 83.0332 42.1876 41.0133 60.0843 48.9066 45.6579 43.3791 55.0424 
26.9302 239.182 184.705 157.035 180.423 262.034 459.917 49.5093 381.761 179.361 0 192.424 203.79 38.0519 219.653 16.611 93.7449 65.1114 0.0539556 1.00104 149.285 35.0862 42.4233 43.9066 21.1486 139.664 35.0038 6.31686 
171.902 49.6133 127.227 32.0989 64.6845 114.058 247.542 158.754 397.665 56.3177 2.1506 0 45.2186 49.0067 152.196 210.671 0.351408 91.5351 88.4536 40.4986 10.4247 39.9103 123.288 157.472 302.85 114.617 8.44063 143.811 
108.631 32.2677 65.9091 4.12915 0.146825 83.5691 25.878 138.801 204.242 169.066 242.297 154.219 0 26.7486 88.2633 77.4761 57.6478 1.63616 16.3373 26.948 65.9842 80.4417 7.54622 11.8701 24.8074 52.8413 0.218871 0.58071 
9.73624 69.0707 9.51912 0.382226 69.9629 17.1065 79.8058 125.161 1.81885 17.0238 19.7869 83.954 73.3571 0 41.5413 0.013467 8.65776 23.8823 0.00109723 4.24142 44.2338 3.40406 1.26062 2.80496 9.54444 13.0308 3.15878 1.90368 
20.7026 53.9398 0.000433555 30.1508 24.5683 8.76406 19.8835 11.8429 123.276 1.12227 302.863 265.122 113.914 61.2911 0 28.0674 0.827007 30.0402 0.428682 11.167 26.6712 17.4478 23.2688 0.638892 28.9269 1.62386 1.1689 10.2525 
51.9257 0.156693 23.3528 1.7953 43.4117 0.996993 8.35575 235.235 109.096 22.0772 18.0914 274.675 78.8817 12.3018 2.00262 0 23.2993 6.73174 6.07151 0.0339004 18.0176 0.957412 10.211 0.461118 32.7684 30.4565 2.22971 22.7673 
111.033 95.1034 1.42048 25.7593 33.4641 17.2362 84.2184 46.6449 63.3877 39.5335 89.3527 84.2802 15.8194 4.95529 30.1206 10.4604 0 24.5666 378.694 9.30778 68.1775 14.8475 12.718 0.416779 18.3868 6.96725 17.9508 17.6008 
20.8089 319.698 153.392 52.1113 88.9479 19.9113 34.9605 140.423 5.38535 144.678 167.783 84.3389 60.7052 0.0593947 48.5646 53.4187 211.043 0 67.7438 47.8672 97.9041 36.7671 0.770932 33.4538 23.4312 50.9599 10.2864 0.904551 
113.174 45.9833 58.9515 52.8582 14.3276 0.784454 143.564 116.632 7.44683 113.414 12.9911 5.57173 85.0662 21.3023 27.8452 29.8519 146.512 43.9472 0 36.0561 42.9128 0.0134697 9.28156 8.55493 8.17316 1.66518 23.8684 25.7162 
208.085 17.2917 2.12899 48.1952 45.5578 0.214785 73.4528 103.187 6.02343 4.3348 72.9671 82.9994 3.51889 3.47162 1.44103 1.03839 25.2411 55.8676 30.9899 0 286.323 4.87711 0.41707 3.82787 1.51573 4.83903 0.621643 0.62659 
9.56532 0.842005 99.0337 174.66 41.8389 43.5902 120.296 0.25598 179.179 98.9699 19.8118 159.784 40.8739 0.219661 44.6434 0.975396 61.6736 83.6341 70.434 3.59889 0 0.44 24.0215 6.98767 27.7931 36.0153 18.652 50.9145 
0.25493 0.169184 1.19904 4.6733 0.583268 19.237 36.2257 8.4479 54.5205 16.4634 7.50744 17.7666 21.3184 2.22789 0.206519 0.109131 0.0883842 24.3431 0.195595 3.23013 10.8493 0 1.39281 0.889196 8.2096 1.64942 12.3729 9.1254 
24.882 57.0638 3.66409 18.3742 53.8022 12.4397 68.8673 101.781 68.6975 9.70205 21.8209 127.072 3.22731 1.99383 20.375 8.13422 2.68732 5.13405 4.67705 0.275179 26.4062 1.33112 0 0.0674196 4.49369 9.25022 13.0806 3.10452 
28.1982 25.2598 12.2553 14.0471 1.6856 0.84399 16.4863 138.428 0.0849625 12.3852 125.756 187.366 27.8441 0.247736 4.69774 29.3078 10.1329 20.9954 3.54827 6.14351 26.0777 13.6441 19.971 0 2.76977 8.71689 5.6526 14.0359 
7.84585 62.2377 11.6168 47.612 53.3392 9.4898 72.3502 190.684 30.6201 45.4135 145.275 1010.07 55.8493 11.5189 30.1012 73.8757 18.6686 18.9894 29.3133 11.1691 54.8201 72.139 26.2738 37.404 0 38.8875 65.3967 105.723 
62.4864 79.856 25.9115 38.6407 26.131 17.4267 92.3803 1.3252 99.6885 0.0529339 132.241 338.382 6.72058 1.03532 0.0189776 32.3545 2.22862 51.8348 30.5881 10.5159 62.9933 6.22152 5.79459 12.0294 37.0926 0 11.8576 30.6383 
41.7737 3.46418 0.980859 10.9599 24.2052 0.460578 16.3186 79.524 8.99483 12.9555 77.4452 119.047 2.88826 0.352625 13.9768 1.40789 7.55119 0.0404455 12.9109 9.80747 2.45145 12.441 3.02365 3.16897 18.0527 29.1776 0 7.0665 
45.0705 56.1019 21.8349 0.257172 55.053 17.764 68.5657 20.9922 8.63483 56.3275 32.8723 0.0835768 42.1589 0.0261622 0.685694 21.3945 5.24267 2.50262 7.81822 4.45833 18.5118 5.09517 9.48409 12.9295 25.4724 2.70512 19.1479 0 
