0 82.2425 60.4363 381.704 67.9017 210.099 251.714 124.849 179.748 1.76901 183.002 228.343 2.34333 18.9177 71.7218 0.15549 98.1013 227.446 61.4956 11.8669 223.828 15.8884 46.9866 17.0272 150.269 4.0427 0.167015 58.2062 
85.4356 0 82.7642 170.843 5.76013 227.555 57.2 13.8767 90.7898 238.248 59.0462 39.1008 0.287796 2.32565 39.3716 84.5571 127.048 1095.73 12.8809 142.033 14.2424 3.62455 56.5621 14.2442 86.9127 54.719 8.23498 46.0899 
19.3798 388.537 0 288.129 158.057 63.8019 140.324 248.91 181.192 13.885 76.5615 136.981 65.2179 0.0277941 11.9014 6.53783 27.5129 52.1349 37.1663 3.3956 104.877 12.5687 0.0698212 1.17078 28.2268 4.90633 1.05265 17.4933 
410.217 101.984 308.43 0 137.581 91.2443 23.6441 1297.92 390.257 47.2535 157.382 23.2357 6.64738 23.1485 28.3603 25.2468 103.763 144.832 26.0471 47.9835 95.4691 16.4504 2.27012 15.4963 118.179 33.7675 25.4023 31.2458 
8.43358 294.079 187.916 33.3211 0 441.313 22.3215 51.4773 28.1935 294.393 256.598 96.5459 16.2324 16.3535 92.7584 22.7845 127.363 0.693303 7.89875 22.263 79.383 19.4848 52.9676 56.3439 60.3407 69.5792 41.2883 56.3205 
206.484 284.814 51.0245 132.083 98.776 0 618.867 9.62253 541.052 240.648 150.54 158.372 561.597 14.8581 35.5488 23.8088 90.4313 122.52 27.0182 1.32387 12.4473 4.71506 4.09041 4.97159 105.784 2.20372 7.34657 22.6334 
168.867 70.5146 122.998 203.04 403.385 884.418 0 390.741 1295.5 338.064 415.431 38.6156 74.5167 26.6925 38.1202 0.00891857 62.7082 24.1995 102.748 43.7862 135.741 39.3396 5.17315 71.4134 6.15643 31.5288 39.0435 55.862 
224.212 276.232 66.3904 388.734 43.3455 214.938 354.357 0 600.84 51.349 276.656 39.8956 8.97254 4.6908 112.249 107.45 54.2539 170.066 64.1188 37.1347 37.1869 15.7476 86.0985 127.371 58.4022 125.882 100.161 128.19 
306.116 459.93 11.9114 120.207 294.765 538.363 896.177 5.90201 0 260.713 531.903 1.08267 184.364 1.43619 203.126 37.1277 194.774 24.9175 37.9635 91.5108 180.994 55.3834 45.1163 39.1442 189.166 142.427 67.1038 5.26007 
145.613 242.25 34.9912 35.9931 1.73664 316.362 176.729 22.1973 386.54 0 569.214 106.237 91.348 78.7304 122.519 91.3495 43.6819 146.471 111.924 41.7723 81.3174 43.6882 42.6816 60.3218 46.9502 43.1836 42.8474 54.4796 
31.7367 231.307 197.261 165.36 190.846 253.052 475.323 64.8209 486.001 119.94 0 232.591 193.71 49.0232 174.144 9.68507 93.1429 60.3569 0.299621 0.596076 149.227 36.8262 47.4991 48.5908 17.3043 145.042 33.0995 4.88791 
179.708 56.7779 135.87 21.9868 69.9613 119.778 256.251 290.75 402.03 46.9555 0.107531 0 49.6158 56.7434 172.358 143.44 0.591378 95.3179 87.0055 43.144 12.977 41.5581 121.458 149.574 279.66 156.328 6.5954 137.096 
108.986 28.4324 64.5373 5.06089 0.0168855 100.997 32.9174 136.658 202.677 196.398 246.916 155.808 0 18.4004 82.84 79.1305 56.8548 1.0923 14.6628 26.1307 66.9717 78.0799 9.94482 13.6582 26.0736 53.3409 0.137331 0.7826 
10.6831 68.3629 8.98685 0.233952 70.171 17.7027 77.0702 124.052 3.15372 14.3398 12.6066 75.6486 85.2702 0 32.502 0.0493577 8.99453 24.9429 0.018099 4.29512 43.9987 3.06617 0.644122 2.28479 10.073 13.0012 2.96251 2.12102 
22.4373 57.0164 0.0669381 31.2857 27.2415 10.2774 15.4457 16.8462 110.401 2.91796 260.798 256.485 111.129 58.004 0 15.9222 1.00646 28.4767 0.267669 11.0562 25.4334 17.3602 22.3286 1.20481 28.2463 2.29483 1.38579 10.9279 
49.472 0.448153 22.8827 2.63003 45.3532 0.678637 10.5292 222.747 102.969 25.4261 10.8423 204.496 77.1936 13.6971 0.00688821 0 23.5649 5.91989 5.60265 0.0126074 16.6299 0.799133 9.68723 1.33558 32.3382 31.4098 1.92397 22.6791 
187.551 165.704 1.99941 100.564 38.4622 92.1792 81.6288 44.5135 136.88 41.6349 90.3 83.5999 14.7644 4.67151 30.1019 10.8883 0 14.3207 415.699 8.66447 67.9875 14.5936 12.963 0.502971 94.2289 6.58685 18.1612 17.3033 
27.5818 332.874 148.94 58.1474 99.2155 16.5643 42.6767 135.683 3.1615 145.593 169.009 88.1902 63.0983 0.00965873 49.9941 52.4829 192.236 0 73.3645 45.191 100.346 37.1761 0.97942 34.2289 24.556 49.9651 9.75692 1.1424 
114.333 52.6741 58.0442 54.1543 6.27803 1.73851 146.889 116.581 9.81033 115.747 15.225 4.6204 84.6572 20.8524 28.604 29.6537 168.076 49.153 0 35.8394 41.5102 0.0377254 9.65474 8.92421 7.7178 1.42309 23.954 25.5497 
196.055 12.9579 1.57619 48.0288 42.4098 0.101334 70.7775 100.519 4.61477 3.6024 74.4826 84.8113 3.99193 3.39445 1.60074 0.904001 25.8729 53.2683 31.5814 0 311.711 4.8055 0.378101 3.71319 1.34469 4.57897 0.698731 0.720729 
5.26986 0.192437 94.1414 160.587 45.1169 45.5782 123.301 0.00066337 181.489 98.6255 17.2099 157.436 39.4802 0.117902 43.5778 0.628923 62.4082 86.4704 70.9079 17.7897 0 0.539479 23.3607 7.65453 26.4971 34.5445 17.9816 51.0306 
0.165939 0.290126 1.07619 4.43222 0.380403 18.9941 37.5648 9.31088 53.3648 15.027 6.51361 19.1788 18.343 2.53339 0.324156 0.174428 0.0565057 24.9493 0.270514 3.31363 10.4645 0 1.85629 0.661589 8.16835 1.51186 12.4471 9.2303 
23.9571 57.0247 3.38471 18.152 53.2827 12.7954 69.6661 101.295 71.6168 11.0602 17.9987 127.034 4.90335 1.21906 21.5658 7.50358 2.87081 4.66308 4.37596 0.243145 25.7655 1.78612 0 0.0995145 3.74184 9.05839 13.185 2.90864 
26.8514 26.6245 12.588 13.2605 2.0983 0.666668 14.9486 137.637 0.34221 13.8011 124.011 186.937 30.128 0.0969935 3.5617 29.0034 9.83832 20.1601 3.82501 6.18363 26.9999 13.4463 20.735 0 2.47829 8.10452 6.17467 14.1519 
84.8847 140.251 10.7767 124.24 52.1206 86.3069 74.5261 192.623 110.455 43.3948 144.204 441.587 55.9365 12.0075 29.5844 73.0946 95.3504 20.0656 29.5353 11.3871 54.0328 50.522 26.4007 29.7589 0 9.47373 63.6558 113.917 
64.3817 80.7599 26.3303 37.3504 27.7657 18.2225 94.0017 4.56827 104.758 0.26697 138.212 303.428 7.59909 0.806091 0.0122663 32.7342 1.99355 50.8715 30.6377 10.6903 62.8748 6.02873 6.08694 11.47 35.7952 0 10.3246 35.8898 
41.0563 3.02044 1.15226 10.3905 23.4441 0.574281 17.3537 77.3313 10.0749 13.7638 76.2326 118.003 2.57751 0.279903 14.3772 1.16192 7.30163 0.0112886 13.223 9.90721 2.77192 12.5095 2.75986 3.59955 17.3202 27.7143 0 3.09544 
46.2271 55.1578 21.6832 0.123304 54.6474 18.1782 69.4106 24.6748 7.1972 55.9338 35.8918 0.114958 41.7429 0.0603309 0.932956 20.9807 4.9748 2.88237 8.18241 4.65457 19.4163 4.93927 9.37391 12.6958 25.796 0.988829 26.8092 0 
