0 103.729 61.9427 405.287 69.2322 230.774 252.428 123.11 199.381 1.64583 183.338 228.267 2.26045 19.0391 71.7219 0.132905 118.763 227.898 61.1107 11.0944 223.089 15.9523 46.9942 17.1567 171.047 3.9343 0.156262 58.1469 
105.249 0 77.0953 189.023 4.65382 246.671 60.6776 13.233 110.82 237.901 57.9952 39.7761 0.333538 2.39667 39.0501 84.5815 148.495 1076.23 12.474 142.025 13.879 3.57539 56.5379 14.1218 107.7 54.9538 8.16435 46.2193 
18.4318 394.267 0 287.732 157.168 63.9769 142.411 250.185 187.311 13.5231 75.0483 136.096 65.3619 0.02339 11.7622 6.62333 27.3356 52.9756 37.3788 3.47255 104.416 12.5714 0.0747703 1.14816 28.2163 4.98303 1.07067 17.4467 
432.815 124.394 312.883 0 136.972 112.382 24.4661 984.221 412.542 47.6845 156.475 24.2439 6.53154 23.1411 28.4894 25.4434 124.812 144.714 25.857 47.9492 74.4335 16.459 2.23877 15.4145 138.957 33.6033 25.4355 31.289 
7.90964 288.477 187.772 33.9888 0 439.073 20.6858 50.7353 26.993 292.781 256.274 95.9729 16.6498 16.1909 92.6597 22.5934 127.832 0.578836 7.15677 21.9821 79.7422 19.3736 53.027 56.3342 60.2445 69.6242 41.2294 56.3452 
227.666 306.973 50.6539 153.274 23.7362 0 389.592 9.11249 559.694 406.386 148.523 158.45 425.59 14.9304 35.4122 23.7431 111.198 122.626 26.6196 1.35836 12.6035 4.67254 4.0522 5.01334 126.733 2.25109 7.38311 22.621 
170.324 74.3127 120.892 203.135 401.377 899.017 0 391.998 1300.47 332.499 418.39 39.6057 73.4867 27.0206 37.4931 0.00306257 63.0216 24.8692 103.368 44.1155 135.945 39.4781 5.06769 71.4427 6.01425 31.8555 39.1598 56.0193 
225.788 275.49 64.5683 389.595 42.649 214.91 356.394 0 604.88 50.5104 274.677 46.7085 9.1825 4.50228 111.282 109.46 54.0294 169.78 63.8129 37.5204 36.5705 15.6341 86.3383 127.694 57.4387 124.287 100.194 128.423 
327.938 479.257 13.9557 139.295 296.446 561.534 867.788 4.65366 0 257.912 188.155 0.829833 183.85 1.54459 198.855 37.7311 215.696 25.4621 37.4968 91.7481 181.224 55.2656 45.4452 39.4464 209.721 142.472 66.9756 5.13552 
145.307 242.218 34.4787 35.5838 2.11651 306.191 182.338 22.7986 386.341 0 572.562 107.439 88.7724 78.907 122.074 91.402 43.9032 146.501 111.645 41.6398 81.133 43.844 42.8547 60.3412 46.742 42.9217 42.7899 54.417 
32.2612 230.431 198.513 166.2 191.917 251.97 476.588 66.5284 499.331 114.187 0 236.875 192.612 50.2361 169.402 9.05893 93.075 59.8611 0.337003 0.55947 149.208 37.0097 48.0414 49.0897 16.919 145.579 32.9002 4.74768 
180.506 57.5508 136.756 21.0227 70.5214 120.366 257.109 306.162 402.315 46.0074 0.267183 0 50.0852 57.5747 174.442 136.761 0.620227 95.7134 86.849 43.4235 13.2605 41.7312 121.246 148.702 278.846 160.878 6.41366 136.362 
109.016 28.0395 64.3871 5.1641 0.0338455 103.242 33.6992 136.421 202.477 199.24 247.338 155.959 0 17.5993 82.2544 79.2922 56.7692 1.04133 14.4907 26.0443 67.0735 77.8189 10.2141 13.852 26.2072 53.3901 0.129843 0.805561 
10.7847 68.283 8.93062 0.220424 70.1874 17.7637 76.7734 123.914 3.32415 14.0678 11.9383 74.7774 86.5191 0 31.5285 0.0664224 9.03008 25.0548 0.0210834 4.30064 43.9722 3.03123 0.590219 2.23222 10.1282 12.9963 2.94209 2.14446 
22.6221 57.3385 0.0805113 31.402 27.5278 10.4415 15.0069 17.4191 109.046 3.15499 256.169 255.416 110.804 57.512 0 14.7934 1.02633 28.3128 0.252906 11.0441 25.3035 17.3495 22.2206 1.27429 28.1703 2.37168 1.40961 10.9991 
49.2114 0.487499 22.8299 2.72653 45.5564 0.648595 10.771 221.308 102.312 25.7872 10.1809 197.214 77.0038 13.8391 0.0581823 0 23.5922 5.83714 5.55413 0.0109653 16.4858 0.783245 9.62979 1.45294 32.2844 31.497 1.89293 22.6665 
208.461 185.997 2.0659 121.304 39.002 112.936 81.3515 44.2896 157.481 41.8562 90.3957 83.525 14.6547 4.642 30.0989 10.9334 0 13.393 466.936 8.59762 67.9648 14.5668 12.9887 0.512512 115.077 6.54723 18.1831 17.2718 
28.3434 335.25 148.427 58.7897 100.306 16.2271 43.5242 135.174 2.96104 145.672 169.122 88.5939 63.3492 0.00688266 50.1427 52.382 190.191 0 73.9571 44.9088 100.597 37.2184 1.00278 34.3098 24.6748 49.8585 9.70178 1.16901 
114.442 53.3937 57.9415 54.2863 5.6168 1.86033 147.215 116.567 10.0768 115.975 15.4692 4.52521 84.6078 20.8044 28.6829 29.6315 170.169 49.7099 0 35.8145 41.362 0.0409899 9.69415 8.96326 7.67034 1.39865 23.9626 25.5316 
194.64 12.5343 1.52253 47.9981 42.0794 0.0918326 70.4897 100.227 4.47688 3.52896 74.6378 84.9957 4.0433 3.38625 1.61797 0.890343 25.9385 52.9924 31.642 0 313.845 4.7979 0.374101 3.70108 1.32722 4.55175 0.707093 0.730993 
4.88997 0.150701 93.6114 159.264 45.4653 45.7864 123.607 0.0066709 181.71 98.5833 16.945 157.174 39.3334 0.109018 43.4641 0.596816 62.4834 86.7657 70.9548 19.8794 0 0.55053 23.291 7.72614 26.361 34.3892 17.9113 51.0408 
0.157672 0.304733 1.0636 4.40709 0.361538 18.9674 37.7051 9.40377 53.2414 14.8784 6.4127 19.3294 18.0394 2.56636 0.338046 0.182174 0.0535622 25.013 0.279096 3.3224 10.4243 0 1.90842 0.639489 8.16402 1.49767 12.4546 9.24114 
23.8597 57.0176 3.35571 18.1275 53.2254 12.8321 69.7445 101.233 71.9197 11.2073 17.6141 127.008 5.09895 1.14679 21.6833 7.43626 2.89043 4.61465 4.34472 0.23988 25.6976 1.83742 0 0.141275 3.66679 9.03747 13.1951 2.88824 
26.7099 26.7687 12.6223 13.1777 2.14428 0.649167 14.7899 137.528 0.379291 13.9534 123.807 186.826 30.3698 0.0851204 3.44987 28.9445 9.80734 20.0724 3.85462 6.18762 27.0967 13.4236 20.7781 0 2.47399 8.0401 6.23037 14.1631 
105.865 161.325 10.6889 145.165 51.9902 107.259 74.7494 192.768 131.734 43.1807 144.066 887.167 55.9423 12.058 29.5253 72.4488 116.287 20.1798 29.5578 11.4096 53.9473 47.4954 26.4095 29.0573 0 8.4746 72.7117 109.08 
64.5762 80.848 26.3709 37.2087 27.9389 18.3054 94.1609 5.02095 105.281 0.299007 138.814 299.423 7.69423 0.78351 0.0187415 32.7596 1.9695 50.768 30.6418 10.7081 62.8583 6.00839 6.11754 11.4101 35.652 0 10.167 36.4385 
40.9797 2.97539 1.17104 10.3309 23.364 0.586955 17.4638 77.096 10.1917 13.8498 76.101 117.88 2.54575 0.272724 14.4189 1.13729 7.27547 0.00926629 13.2558 9.91749 2.80673 12.5163 2.7326 3.64614 17.2493 27.556 0 2.76781 
46.3472 55.0561 21.6658 0.112037 54.6026 18.221 69.4953 25.0762 7.05286 55.8889 36.2137 0.164146 41.6976 0.0647414 0.961112 20.9343 4.9469 2.92378 8.22101 4.6753 19.512 4.92287 9.36186 12.6704 25.833 0.856511 27.6628 0 
