0 286.787 72.7675 596.172 78.7748 403.193 256.998 111.056 364.759 0.906992 185.557 227.508 1.72126 19.8946 71.6916 0.0243691 291.283 230.757 58.414 10.0327 217.583 16.4012 47.0362 18.0712 344.316 3.21506 0.09099 57.7159 
276.626 0 42.2753 344.912 0.205067 408.189 87.4108 9.13931 280.042 235.082 50.8355 44.6286 0.747621 2.92284 36.8124 84.706 326.516 1102.2 9.79614 141.75 11.4567 3.23998 56.3531 13.2759 281.085 56.5828 7.6769 47.1166 
12.4118 429.563 0 275.694 150.67 65.0544 156.855 258.337 230.868 11.1081 64.7044 129.771 66.3383 0.00319166 10.799 7.23154 26.096 58.9518 38.8562 4.03166 101.093 12.5878 0.114126 0.995625 28.1273 5.53261 1.20079 17.1159 
616.422 310.479 322.617 0 132.553 288.262 30.5514 600.068 595.18 50.7116 149.956 31.8293 5.74636 23.078 29.3803 26.8087 300.016 143.731 24.5329 47.6398 176.543 16.5165 2.02463 14.8401 312.231 32.4317 25.6615 31.5771 
4.70216 249.137 186.342 38.795 0 417.263 10.9212 45.6522 19.2734 280.709 253.703 91.9591 19.7029 15.0681 91.9132 21.2694 131.025 0.0664237 2.97271 20.0519 82.2457 18.5997 53.4293 56.2513 59.5555 69.9148 40.8121 56.5067 
403.637 489.347 47.9807 329.41 56.1035 0 697.823 5.91755 714.066 12.2666 134.36 158.835 548.278 15.431 34.4235 23.2689 284.432 123.262 23.8802 1.61145 13.7188 4.37871 3.78805 5.30855 301.215 2.59559 7.63984 22.5281 
180.383 103.119 106.216 203.357 385.813 956.727 0 399.678 1296.13 292.556 437.593 46.8241 66.3819 29.3514 33.2015 0.0476833 65.2075 29.7783 107.656 46.424 137.304 40.4427 4.35769 71.6178 5.06223 34.1653 39.9701 57.1076 
236.547 269.908 52.3336 388.753 37.8986 214.308 369.73 0 629.626 44.7826 260.486 108.18 10.7153 3.28764 104.457 123.65 52.4563 167.685 61.6674 40.2484 32.3695 14.8474 87.9759 129.841 50.8291 113.102 100.38 129.949 
508.29 641.4 32.5539 301.848 307.667 747.41 659.706 0.060897 0 237.915 180.767 1.20219e-05 180.104 2.50611 170.652 42.0444 389.958 29.4157 34.2858 93.3644 182.715 54.4315 47.7535 41.5734 381.39 142.644 66.0643 4.30341 
143.055 241.583 30.9551 32.7522 5.81332 232.9 222.495 27.2035 383.669 0 591.512 115.886 71.4477 80.0654 118.746 91.6713 45.4497 146.614 109.613 40.702 79.8214 44.9226 44.0528 60.4464 45.2732 41.0829 42.3787 53.9614 
36.0279 224.059 206.864 171.878 199.264 243.702 483.473 78.9541 601.585 77.1594 0 266.971 184.741 58.9998 136.885 5.24454 92.5766 56.4174 0.65999 0.335561 149.016 38.2956 51.8718 52.6075 14.3286 149.167 31.5116 3.82065 
185.951 63.0548 142.826 14.8351 74.4632 124.389 262.776 419.44 403.371 39.5849 3.37799 0 53.4042 63.4673 188.737 93.1205 0.841229 98.4645 85.7328 45.3843 15.3233 42.9411 119.655 142.398 285.219 193.181 5.2087 131.098 
109.18 25.3482 63.3058 5.91319 0.315771 120.282 39.3776 134.7 200.89 218.796 249.948 156.931 0 12.4398 78.0879 80.356 56.1589 0.718512 13.309 25.4371 67.7755 75.929 12.1868 15.2368 27.1431 53.7168 0.0832971 0.975463 
11.5058 67.6958 8.53654 0.136944 70.2725 18.1815 74.6513 122.846 4.67453 12.2234 7.74645 68.7105 95.1862 0 24.7536 0.256081 9.27966 25.8385 0.0483543 4.33849 43.7774 2.79012 0.276134 1.87714 10.5124 12.9525 2.80039 2.31116 
23.9273 59.58 0.210443 32.1986 29.5559 11.6136 12.0948 21.6659 99.5969 5.0645 223.096 247.12 108.376 53.3661 0 7.89562 1.17075 27.1699 0.161196 10.9564 24.3962 17.2661 21.418 1.81201 27.6167 2.94166 1.5816 11.4986 
47.377 0.808904 22.4424 3.44713 46.9713 0.456895 12.5304 210.624 97.6498 28.3575 6.11409 147.872 75.6123 14.7998 1.80761 0 23.7795 5.27261 5.2192 0.00267667 15.4892 0.676202 9.21668 2.40265 31.8626 32.0337 1.68209 22.5608 
382.623 355.887 2.56037 294.346 42.8481 286.104 79.3856 42.726 329.539 43.4056 91.0423 82.9832 13.8959 4.43732 30.0722 11.2505 0 7.73881 140.405 8.13455 67.792 14.3778 13.1674 0.581688 288.865 6.2722 18.3352 17.0498 
33.9191 357.764 144.616 63.3159 107.979 13.9499 49.6314 131.561 1.74042 146.14 169.826 91.4089 65.0977 0.0005862 51.1728 51.6633 175.613 0 78.1066 42.933 102.329 37.5101 1.17385 34.8722 25.5093 49.1018 9.31892 1.36368 
115.138 58.5026 57.1853 55.1856 2.00754 2.82547 149.364 116.425 12.0342 117.486 17.2242 3.88525 84.229 20.4653 29.2289 29.4698 183.683 53.6512 0 35.6281 40.3228 0.06761 9.9706 9.23761 7.34109 1.23329 24.0201 25.4012 
184.02 9.74944 1.17158 47.7138 39.7759 0.0383831 68.4448 98.1264 3.56788 3.03484 75.6999 86.2513 4.41097 3.32848 1.74067 0.797343 26.3925 51.0515 32.0577 0 325.65 4.74435 0.346626 3.61604 1.20777 4.36214 0.766903 0.804751 
2.62269 0.00121748 89.8282 152.72 47.923 47.2377 125.7 0.224145 183.135 98.2565 15.143 155.257 38.3059 0.0565268 42.6599 0.395411 62.9973 88.8125 71.2662 37.4431 0 0.630961 22.8014 8.23504 25.411 33.3005 17.4202 51.1019 
0.10571 0.416956 0.977421 4.23241 0.242887 18.7747 38.6837 10.0648 52.3694 13.852 5.72672 20.3956 15.9686 2.80114 0.44325 0.241027 0.0351563 25.4575 0.34289 3.38388 10.1434 0 2.29039 0.494854 8.13339 1.39993 12.5048 9.31595 
23.1777 56.9518 3.15494 17.9499 52.8109 13.0857 70.2632 100.739 74.0154 12.2571 15.0236 126.714 6.5681 0.696601 22.4604 6.96151 3.02919 4.28206 4.12839 0.217615 25.2208 2.21363 0 0.634013 3.16454 8.88718 13.2616 2.74665 
25.7208 27.7806 12.8581 12.5982 2.4794 0.53298 13.6971 136.621 0.691822 15.035 122.276 185.705 32.0685 0.0236269 2.71094 28.3918 9.59066 19.4604 4.06454 6.21428 27.773 13.2548 20.8754 0 2.58514 7.58978 6.62366 14.2358 
280.602 336.677 10.0787 319.457 51.0674 281.784 76.2813 193.465 308.581 41.6747 142.967 1133.82 55.9652 12.4069 29.087 65.1846 290.693 20.9832 29.7099 11.5649 53.3356 25.6799 26.4461 24.8115 0 14.5612 152.823 57.3372 
65.911 81.4258 26.6367 36.1871 29.1559 18.8809 95.2138 8.76781 108.868 0.573998 142.88 270.006 8.37378 0.633961 0.10231 32.8587 1.80496 50.0335 30.664 10.8301 62.7213 5.86574 6.33095 10.9859 34.6179 0 9.08623 40.2319 
40.4371 2.66902 1.30656 9.91568 22.8039 0.679447 18.24 75.4263 11.0248 14.4557 75.1589 116.945 2.32861 0.225023 14.7076 0.971958 7.09315 0.000695072 13.4853 9.98823 3.05598 12.5623 2.54472 3.97841 16.7847 26.4283 0 0.979177 
47.178 54.3317 21.5361 0.0482245 54.2781 18.517 70.0648 27.9531 6.08059 55.5556 38.4872 0.752523 41.3724 0.0999473 1.16931 20.5947 4.75333 3.22166 8.49266 4.82087 20.1844 4.8082 9.27517 12.4881 26.1084 0.194753 33.8323 0 
