0 199.342 138.081 335.888 138.138 114.247 267.829 49.7808 45.5597 0.88802 193.724 215.593 0.0445236 24.9022 70.4864 1.06771 9.04532 236.344 43.1762 120.093 176.582 18.9967 46.8976 23.5084 64.142 0.477624 0.0547684 54.7286 
137.502 0 51.4917 5.06785 81.9808 63.2222 291.186 0.292975 17.4603 206.803 17.8146 75.8348 6.20617 6.85474 24.6712 83.8563 75.5003 546.877 0.616426 133.098 1.96013 1.62642 54.7803 8.83613 3.37184 65.324 5.14241 51.9497 
1.02195 423.746 0 42.2892 106.69 66.0003 225.26 275.976 440.295 1.69602 17.6794 90.9977 70.7792 0.243683 5.82649 10.9471 19.1525 94.5798 46.819 7.81658 79.4191 12.6056 0.494099 0.325233 27.0911 9.03481 2.074 15.0912 
310.664 138.424 110.578 0 103.195 25.7234 74.1604 1244.35 325.278 67.8843 108.818 89.4409 2.17807 22.3453 33.9221 34.0141 31.8427 132.929 17.2816 43.6459 726.536 16.7564 0.991903 11.5354 32.2845 25.1796 26.7252 32.7492 
2.39015 56.0774 164.818 69.6042 0 314.034 15.1686 20.9123 0.107416 192.126 229.531 69.1866 41.0891 9.26816 85.865 14.2302 145.684 6.79211 13.865 10.4147 95.969 14.3541 55.2539 55.2978 55.1342 70.7538 38.2722 57.0291 
134.488 239.055 31.0884 64.272 521.072 0 816.668 0.929416 232.96 292.973 58.426 155.541 511.764 18.0487 27.8589 20.1375 5.67353 123.156 10.4427 3.42399 20.7436 2.84438 2.4104 7.07676 28.4978 4.96074 9.1342 21.7794 
230.546 311.385 33.1723 189.958 258.343 197.832 0 403.678 359.357 76.9323 486.999 96.0137 30.7649 43.493 12.8017 3.14532 77.273 64.266 129.898 59.4951 142.753 45.752 1.29633 71.6177 1.15685 47.9184 44.4345 62.8066 
285.9 226.536 5.39192 523.939 15.4816 197.691 410.084 0 637.279 17.7013 172.693 719.711 21.4646 0.000873776 65.3488 201.076 43.4656 152.86 49.4085 56.4949 12.758 10.6513 95.7912 137.765 19.2202 52.9083 99.9977 135.151 
259.56 271.43 241.494 3.17409 350.212 398.375 24.4735 107.758 0 120.97 727.367 26.2871 154.248 14.3359 289.007 68.8378 114.904 56.1895 18.156 100.97 187.072 49.3738 60.9342 53.9123 91.1388 139.036 60.4075 0.932917 
126.916 224.678 13.6166 18.1156 58.7995 6.29478 436.39 58.1405 328.428 0 540.219 163.636 5.87743 83.9273 93.659 89.904 54.1379 144.237 95.5261 35.0479 71.7202 50.6038 50.3266 60.0318 36.6294 30.5771 39.7649 50.7958 
60.282 180.943 237.974 196.179 234.849 177.804 455.497 161.667 879.597 8.1321 0 425.025 135.486 114.659 8.74828 3.51148 88.9572 37.9303 4.52831 0.149514 145.766 45.6249 74.3544 73.089 3.4587 163.439 23.8689 0.433666 
211.641 96.8459 171.519 0.205526 97.3385 143.857 282.941 981.491 378.322 11.2888 83.4497 0 73.1656 98.2105 253.581 11.09 2.73537 113.456 78.7023 56.586 29.5317 49.7293 107.334 101.62 334.883 356.073 0.693004 97.8482 
108.687 12.2263 56.2174 11.0378 7.31236 174.612 77.4242 122.984 185.869 307.49 252.832 159.522 0 0.192784 53.0488 84.0227 52.322 0.0204433 7.39552 21.9222 71.3882 63.3184 25.9544 23.9488 32.4777 54.9626 0.0148088 2.24599 
15.9255 63.4384 6.30343 0.0399515 69.7655 20.2044 61.3074 113.317 17.3713 3.95121 1.27502 36.5135 137.529 0 0.19141 3.49762 10.7198 30.3121 0.416493 4.52849 42.3592 1.55712 0.771896 0.384891 12.5858 12.3911 2.03958 3.34729 
31.6703 71.7599 2.09099 36.0697 41.7553 18.8832 1.31747 52.6941 50.0457 23.6301 51.0094 177.87 89.823 17.4906 0 11.5588 2.16711 20.8379 0.0321156 10.3718 19.3282 16.5252 15.6336 6.40339 23.7958 7.1526 2.73088 14.3322 
36.722 4.15251 19.6962 8.91899 54.7202 0.00478611 24.5937 135.416 69.9058 44.0071 2.85713 0.211023 65.7701 18.7106 47.1286 0 24.7234 2.56418 3.47309 0.062911 10.238 0.210849 6.59661 11.2068 28.0859 32.5189 0.702243 21.3847 
106.614 57.4323 6.31343 14.0942 66.5338 6.90764 67.491 33.9754 43.4651 52.1625 93.9623 79.3228 9.86029 3.33757 29.7318 13.0772 0 5.32608 350.584 5.67218 66.3375 13.2738 14.1589 1.05739 12.5244 4.78522 19.1622 15.7479 
72.7312 485.963 116.45 89.3666 151.636 4.03757 89.2096 109.551 0.970401 145.78 170.908 106.954 74.7696 0.404386 56.6597 47.1721 90.5418 0 101.271 31.7979 111.127 39.0298 2.39868 37.9394 30.3241 44.4731 7.24571 2.75103 
116.764 89.188 51.6982 59.4303 16.1953 11.8654 156.951 114.107 26.0856 122.902 28.6762 1.14591 80.972 18.4312 32.1271 28.3261 218.655 77.0605 0 34.1885 34.3477 0.345834 11.5633 10.8301 5.56168 0.483156 24.267 24.5489 
107.717 0.450442 0.0410254 43.8526 27.1324 0.173456 55.9527 84.4476 0.333196 0.906216 80.9075 92.1684 6.7729 2.98735 2.50914 0.358894 28.7942 39.7989 34.1157 0 282.008 4.42795 0.208379 3.12593 0.626363 3.31866 1.15069 1.28727 
3.17434 3.90927 66.524 226.073 62.3779 55.2226 135.697 7.2714 187.102 95.3504 6.65451 141.791 32.4649 0.0845072 37.8302 0.0380137 65.5191 99.7426 72.4851 199.535 0 1.19264 19.9808 11.3752 20.105 27.0783 14.6679 51.0946 
0.00748862 1.38886 0.550662 3.28253 0.0164281 17.4862 44.1064 14.1789 47.1293 8.53602 2.51569 26.8005 6.2567 4.25129 1.30293 0.728336 0.00406507 27.9535 0.830195 3.73307 8.58243 0 4.94547 0.0214283 7.93886 0.897497 12.7255 9.70553 
19.3035 56.0446 2.0953 16.7466 50.0026 14.392 72.175 96.0068 84.9663 18.8571 3.9433 121.258 17.986 0.325456 25.1335 4.25206 3.8709 2.60173 2.97937 0.110414 22.4449 4.84448 0 8.77788 1.1586 7.9131 13.4856 1.98501 
20.1758 33.5958 14.0523 9.34594 4.82799 0.0863733 8.11837 126.966 4.22322 21.6676 110.269 168.212 41.7933 0.400523 0.157515 21.1874 8.36282 16.0354 5.34496 6.32349 31.5622 11.9822 15.1518 0 7.75543 5.0983 8.95662 14.4605 
10.6139 68.6469 6.78422 44.8837 45.4834 9.87939 83.8491 186.78 51.0321 32.9463 132.418 300.015 55.4951 14.1988 25.8262 11.0206 17.857 25.6911 30.4076 12.3683 49.416 58.0471 25.7752 24.5632 0 47.9975 175.571 101.993 
72.5092 83.4012 27.5036 29.5214 36.2113 21.953 99.0489 47.6002 126.594 3.80237 160.366 91.6473 12.6801 0.0783195 1.82995 30.8233 0.995714 45.5134 30.5827 11.426 61.2282 5.04731 7.50133 8.45265 27.8434 0 3.85215 57.9647 
37.1531 1.22742 2.20882 7.6277 19.63 1.33069 22.8393 65.2367 16.2841 18.0434 69.1279 109.318 1.26544 0.039709 16.2502 0.269931 6.07693 0.139114 14.7853 10.351 4.66409 12.7583 1.57704 6.06061 15.0201 19.5277 0 8.15266 
51.5701 49.8121 20.5436 0.192258 52.0658 20.0584 72.5143 46.3152 1.86348 53.0482 51.9512 12.0573 39.2549 0.443795 2.71438 18.2038 3.70582 5.17537 10.0862 5.66158 24.0871 4.15882 8.70434 11.3133 28.2324 5.30195 70.0363 0 
