0 210.927 139.656 339.208 139.666 118.625 267.754 48.4822 49.4249 0.979315 193.826 215.137 0.0336386 25.0291 70.4341 1.12976 13.7166 236.244 42.8045 123.029 175.388 19.062 46.8858 23.648 68.8156 0.440015 0.0612139 54.6429 
148.385 0 56.3 9.32169 86.0845 66.4639 296.663 0.397817 23.4441 205.858 17.186 76.6747 6.40808 6.97227 24.3864 83.8013 80.9327 306.385 0.526867 132.735 1.82203 1.59287 54.73 8.73453 8.1456 65.5276 5.08478 52.0633 
1.26533 419.008 0 37.4891 105.499 65.9085 226.499 275.747 443.421 1.56399 16.8393 90.0064 70.8639 0.257374 5.71675 11.0434 18.9843 95.4673 47.0043 7.92187 78.8346 12.6044 0.506898 0.313032 27.054 9.12876 2.09853 15.038 
312.966 146.251 116.722 0 102.396 30.8853 75.3877 1233.75 329.245 68.3016 107.742 91.1077 2.1098 22.319 34.0217 34.176 36.834 132.552 17.1095 43.5008 561.955 16.7605 0.970471 11.4533 36.9691 24.9904 26.7467 32.7678 
2.68516 52.6702 164.016 70.4218 0 312.642 16.5828 20.4008 0.199516 189.647 228.737 68.6285 41.6984 9.13799 85.677 14.0675 145.964 7.1663 14.8784 10.208 96.2957 14.2524 55.2889 55.2636 55.0138 70.7567 38.2056 57.0333 
139.336 243.941 30.6542 69.2824 805.19 0 1054.96 1.10061 231.688 378.095 56.7747 155.341 571.956 18.1078 27.6792 20.0513 10.4176 123.072 10.1655 3.47671 20.9317 2.80947 2.37916 7.12233 33.3674 5.0277 9.17197 21.756 
231.587 316.795 31.7555 189.319 254.626 178.694 0 402.896 332.622 72.7764 486.787 97.3757 30.0123 43.8579 12.3985 3.28332 77.562 65.2444 130.392 59.814 142.837 45.8794 1.24234 71.5958 1.09394 48.2686 44.5419 62.9366 
286.815 225.24 4.81529 526.01 15.0361 197.006 410.236 0 634.493 17.1654 170.455 735.187 21.7737 0.000233509 64.4057 202.775 43.2423 152.432 49.1048 56.9087 12.3733 10.5535 95.9502 137.864 18.5955 51.5778 99.9566 135.201 
264.8 273.448 247.765 8.38095 350.748 398.613 33.3623 113 0 118.217 289.037 27.5877 153.518 14.7566 286.687 69.536 119.692 56.9373 17.8077 101.122 187.088 49.2418 61.259 54.2208 95.5453 138.848 60.2571 0.87974 
126.449 223.982 13.2579 17.7912 60.7235 8.73725 440.445 59.0194 326.279 0 535.657 164.78 5.13785 83.9612 92.9281 89.7887 54.3499 144.112 95.1268 34.9015 71.506 50.7339 50.469 59.9994 36.4104 30.3186 39.6941 50.705 
60.9376 179.75 238.34 196.586 235.574 175.867 453.388 163.894 877.024 9.89327 0 428.31 134.202 116.089 7.4115 3.91045 88.8505 37.4995 4.6681 0.168766 145.638 45.8063 74.9162 73.5988 3.27887 163.649 23.6856 0.391761 
212.149 97.7242 172.079 0.315658 97.9107 144.255 283.161 988.445 377.05 10.7876 86.6362 0 73.6706 99.0708 254.699 13.3894 2.79624 113.811 78.5135 56.8629 29.9351 49.8951 106.962 100.541 329.501 358.931 0.633518 96.9748 
108.643 11.9525 56.0226 11.183 7.60104 173.998 78.467 122.654 185.372 308.977 252.638 159.521 0 0.290905 52.4193 84.0597 52.2189 0.0281471 7.26738 21.8339 71.4694 62.9709 26.343 24.1805 32.6098 54.98 0.0174115 2.28414 
16.0417 63.3133 6.24885 0.0458469 69.7312 20.2462 60.9535 113.009 17.7891 3.79898 1.50581 35.792 138.34 0 0.0985629 3.61899 10.7559 30.4233 0.430286 4.53264 42.3172 1.52997 0.832726 0.361181 12.6341 12.3705 2.02174 3.37479 
31.8682 72.0461 2.16173 36.1499 42.0692 19.0725 1.18505 53.5883 48.9703 24.2401 47.8759 175.802 89.2742 16.6208 0 12.5814 2.19564 20.6852 0.0375335 10.3554 19.2049 16.5011 15.4711 6.54592 23.688 7.27568 2.76305 14.4017 
36.4558 4.26792 19.6173 9.08152 54.9047 0.00771887 24.9332 133.377 69.2074 44.4094 3.21862 0.627825 65.488 18.7652 48.6237 0 24.7441 2.50823 3.43333 0.0667519 10.1176 0.202519 6.52805 11.4754 27.9653 32.4738 0.682897 21.3434 
111.37 61.6822 6.42628 18.7924 67.1505 11.6397 67.1825 33.7621 48.0147 52.3773 94.0179 79.2194 9.76653 3.3117 29.7193 13.123 0 5.9259 279.563 5.61503 66.2911 13.2458 14.183 1.071 17.3116 4.75002 19.1819 15.7147 
73.8217 484.634 115.634 90.0046 152.692 3.86279 90.2732 108.979 1.08706 145.705 170.871 107.327 75.0026 0.424026 56.7871 47.0522 88.5358 0 101.827 31.5267 111.321 39.0644 2.43457 38.0126 30.4448 44.3515 7.19654 2.79157 
116.753 89.9671 51.5378 59.5157 17.2844 12.1615 157.034 114.017 26.4937 122.964 28.9902 1.0979 80.8675 18.3785 32.1943 28.2929 218.753 77.6532 0 34.1446 34.1983 0.355521 11.6032 10.8703 5.51958 0.468737 24.2714 24.5253 
105.674 0.370939 0.0325354 43.7105 26.8328 0.186404 55.6277 84.0748 0.29619 0.868665 81.0177 92.2872 6.83732 2.97862 2.52971 0.350048 28.8496 39.5179 34.1599 0 278.72 4.41983 0.205345 3.11365 0.614123 3.29362 1.16117 1.30062 
3.48295 4.10911 65.9218 227.953 62.7447 55.4135 135.902 7.5709 187.108 95.2556 6.48398 141.403 32.3202 0.0923565 37.7052 0.0464751 65.5728 99.9967 72.5032 203.952 0 1.20887 19.91 11.4584 19.9759 26.9239 14.6005 51.0866 
0.00937643 1.42026 0.541467 3.25991 0.0206536 17.4502 44.2374 14.2885 46.9934 8.41652 2.45144 26.9666 6.06585 4.28931 1.32982 0.743697 0.00490545 28.0148 0.84501 3.74174 8.54448 0 5.01982 0.0175211 7.93333 0.886218 12.7296 9.71441 
19.2077 56.0105 2.07096 16.7126 49.9233 14.4212 72.1993 95.8484 85.2139 19.0331 3.75417 121.042 18.3291 0.366403 25.1578 4.18711 3.89295 2.5647 2.95264 0.10818 22.3747 4.91841 0 9.05174 1.12892 7.88654 13.4878 1.96713 
20.0407 33.7408 14.0785 9.26696 4.89579 0.0800485 7.99489 126.632 4.34845 21.8414 109.903 167.551 42.033 0.425421 0.133259 20.9395 8.33243 15.9518 5.37861 6.32527 31.6548 11.9443 14.903 0 7.97452 5.03904 9.01607 14.4619 
15.5786 73.6265 6.70716 49.6906 45.3381 14.7815 84.01 186.386 56.3103 32.728 132.067 609.321 55.4703 14.2385 25.7299 11.1228 22.7309 25.8107 30.4212 12.3864 49.3094 60.567 25.7388 24.9542 0 43.2957 182.666 95.0542 
72.6495 83.4211 27.5107 29.3407 36.3885 22.024 99.0956 48.8935 126.967 3.91793 160.663 87.7672 12.7961 0.071195 1.89922 30.7182 0.978413 45.3941 30.5761 11.4386 61.1757 5.02688 7.52917 8.38817 27.6604 0 3.74565 58.277 
37.0673 1.19825 2.23404 7.57271 19.5516 1.34957 22.9572 64.9703 16.4257 18.1353 68.9641 109.08 1.24282 0.0370059 16.2861 0.257858 6.05212 0.14665 14.8175 10.3591 4.70811 12.7617 1.55535 6.11605 14.9922 19.3502 0 8.69091 
51.6714 49.6915 20.5135 0.206935 52.0029 20.0934 72.5575 46.8074 1.78836 52.9729 52.2939 12.5045 39.1966 0.455433 2.7603 18.1353 3.68098 5.22947 10.1268 5.6827 24.1855 4.14276 8.68851 11.2814 28.2968 5.6122 70.8401 0 
