0 366.153 150.424 433.012 150.326 222.092 266.754 39.7913 149.662 1.7426 194.398 211.74 9.77109e-05 25.9182 70.0378 1.61207 119.396 235.218 40.2223 140.322 166.864 19.5196 46.7927 24.6278 174.443 0.21985 0.116349 54.0295 
299.776 0 94.8158 113.642 116.955 162.496 334.452 1.57835 139.352 198.963 13.0841 82.6138 7.90766 7.81948 22.4238 83.3706 191.895 400.046 0.0964945 130.005 0.995648 1.36754 54.363 8.03724 114.526 66.9292 4.6897 52.8478 
3.68696 380.93 0 11.4688 97.1247 65.1117 234.343 273.224 461.128 0.788152 11.4972 83.0853 71.4196 0.363499 4.97267 11.7194 17.8172 101.626 48.2788 8.67035 74.7078 12.5936 0.600869 0.234053 26.7799 9.79293 2.27382 14.6634 
400.074 274.086 133.112 0 96.7481 139.979 84.0839 869.702 428.673 71.1942 100.202 102.954 1.66157 22.1249 34.6973 35.2785 144.705 129.786 15.9199 42.4295 762.429 16.7861 0.826655 10.8811 142.683 23.6618 26.8896 32.8832 
5.22344 31.5634 158.096 76.1728 0 298.941 28.1541 16.9807 1.63453 172.183 222.944 64.7474 46.0477 8.24921 84.3148 12.949 147.799 10.0563 22.9047 8.81301 98.5572 13.5474 55.5188 55.0106 54.1591 70.7519 37.7349 57.051 
246.035 350.293 27.6333 177.202 686.579 0 733.18 2.69958 296.187 509.421 45.7269 153.783 193.895 18.5112 26.4069 19.4392 116.585 122.373 8.31759 3.85514 22.2631 2.57034 2.16529 7.44279 140.376 5.50652 9.4368 21.5866 
238.522 353.875 22.6025 184.469 228.364 78.5415 0 396.264 167.811 46.5043 483.273 107.031 24.9679 46.4182 9.74205 4.32919 79.564 72.2134 133.75 62.0289 143.352 46.7628 0.896078 71.4133 0.702454 50.7219 45.2871 63.8279 
292.719 215.934 1.68343 524.361 12.0878 191.876 410.085 0 611.245 13.6286 154.878 835.914 23.9879 0.108054 57.8979 214.136 41.6833 149.367 46.9868 59.8074 9.83649 9.87923 97.0106 138.412 14.4848 42.6182 99.626 135.445 
374.07 360.172 291.196 119.102 353.722 470.543 131.491 152.315 0 99.4795 86.2799 37.4908 148.321 17.8507 258.622 74.4351 226.101 62.2553 15.453 102.13 187.075 48.3104 63.5197 56.3763 199.289 137.399 59.1941 0.550917 
123.103 218.766 10.8649 15.5881 74.8376 37.5849 465.953 65.2876 310.379 0 500.08 172.673 1.34347 84.1113 87.7154 88.8875 55.8239 143.153 92.2775 33.8712 69.9925 51.6256 51.443 59.7427 34.8779 28.5204 39.1918 50.0546 
65.5775 171.294 240.304 199.137 240.391 162.092 436.907 179.552 859.704 26.9036 0 449.956 125.205 126.042 1.13631 7.28844 88.0819 34.5358 5.70343 0.336056 144.685 47.073 78.8303 77.1486 2.15199 164.904 22.4152 0.157954 
215.506 103.895 175.754 1.74361 101.904 146.904 284.298 1022.36 367.337 7.58615 110.227 0 77.2103 105.04 261.688 35.2226 3.24048 116.267 77.1758 58.7925 32.8184 51.0489 104.281 92.9725 292.138 376.439 0.291516 90.8409 
108.297 10.1155 54.6384 12.2213 9.77097 167.746 85.846 120.292 181.738 318.143 250.926 159.425 0 1.53772 48.0386 84.2425 51.4887 0.116453 6.39921 21.2152 72.0249 60.5045 29.1096 25.8172 33.5312 55.0823 0.041512 2.55963 
16.8618 62.4143 5.8696 0.0984593 69.4625 20.5258 58.4572 110.764 20.8367 2.81406 3.6517 30.8917 143.57 0 0.303992 4.5112 11.0092 31.1991 0.532953 4.56087 42.0151 1.34562 1.31499 0.215765 12.9671 12.2179 1.89853 3.56917 
33.2561 74.0183 2.68732 36.6868 44.2722 20.4009 0.453416 59.9684 41.751 28.6739 28.4509 161.085 85.3423 10.9758 0 20.6808 2.40021 19.6251 0.0872207 10.2387 18.3474 16.3252 14.3211 7.57305 22.9189 8.15679 2.99253 14.8854 
34.597 5.11744 19.053 10.2483 56.1802 0.0477519 27.3538 119.117 64.3382 47.2277 6.33833 9.69605 63.4719 19.0802 58.8797 0 24.8853 2.13317 3.16069 0.0968065 9.29091 0.148839 6.04759 13.3815 27.0909 32.0816 0.554778 21.0385 
217.545 164.405 7.24016 124.629 71.4836 117.722 65.0117 32.2785 152.806 53.8727 94.3831 78.4805 9.1204 3.13291 29.6258 13.4437 0 10.992 136.736 5.2216 65.953 13.0488 14.3504 1.1686 123.756 4.5066 19.3184 15.4815 
81.5741 469.223 109.815 94.43 159.99 2.74434 97.7777 104.952 2.08766 145.09 170.52 109.913 76.619 0.574349 57.6643 46.2037 74.8699 0 105.666 29.6433 112.641 39.3024 2.69281 38.5193 31.2896 43.4928 6.85613 3.08318 
116.602 95.4089 50.3867 60.0827 25.8233 14.3191 157.465 113.342 29.4201 123.299 31.2227 0.790388 80.1057 18.0077 32.6559 28.0542 218.84 81.7954 0 33.8271 33.1542 0.426987 11.8828 11.152 5.22857 0.373864 24.2995 24.3572 
91.483 0.030253 0.000628802 42.6592 24.7642 0.289977 53.3427 81.4299 0.0980298 0.627789 81.7606 93.0774 7.29509 2.91729 2.67533 0.291095 29.231 37.5566 34.4583 0 253.523 4.36276 0.184698 3.02769 0.531661 3.1201 1.2357 1.39569 
6.03628 5.6437 61.7034 236.555 65.3137 56.7354 137.264 9.82882 187.025 94.5629 5.34954 138.631 31.3102 0.157041 36.8251 0.129431 65.9353 101.746 72.6125 233.911 0 1.32548 19.415 12.0461 19.0783 25.847 14.131 51.0203 
0.0285218 1.64959 0.479211 3.10334 0.0637074 17.1931 45.1466 15.0646 46.0366 7.59985 2.0244 28.134 4.80744 4.55699 1.52509 0.855403 0.0129982 28.4417 0.952272 3.80227 8.28011 0 5.54769 0.00116844 7.89334 0.809104 12.7559 9.77537 
18.5393 55.7562 1.90379 16.47 49.3561 14.6208 72.337 94.6878 86.9067 20.2771 2.55731 119.426 20.7975 0.716822 25.2663 3.73979 4.04858 2.31248 2.76855 0.0931729 21.8822 5.44383 0 10.9852 0.950715 7.69784 13.4981 1.84368 
19.1006 34.7543 14.2567 8.71863 5.38243 0.0424907 7.15322 124.183 5.27411 23.0657 107.268 162.655 43.7005 0.619568 0.020123 19.1464 8.12031 15.3693 5.61627 6.33638 32.2991 11.6711 13.0843 0 9.61216 4.62977 9.43281 14.466 
123.29 181.395 6.17642 156.24 44.3135 122.035 85.0947 183.335 166.211 31.2042 129.499 1010.28 55.2794 14.5087 25.038 14.7309 129.781 26.6497 30.5113 12.5105 48.5525 72.6798 25.4564 27.8626 0 14.2398 180.267 39.1867 
73.5962 83.5194 27.5398 28.0621 37.6275 22.5125 99.3538 58.285 129.465 4.77288 162.544 62.4177 13.6183 0.0308136 2.41727 29.9158 0.861419 44.5511 30.524 11.5234 60.7878 4.88399 7.72171 7.93703 26.3682 0 3.03782 60.2333 
36.4629 1.00387 2.41406 7.19137 19.0036 1.4852 23.786 63.094 17.4289 18.7815 67.8014 107.356 1.09008 0.0207452 16.5338 0.180935 5.87948 0.204967 15.0421 10.4148 5.02171 12.7837 1.4073 6.50755 14.8165 18.1075 0 12.8758 
52.3677 48.8383 20.2962 0.32454 51.5531 20.3333 72.8344 50.2854 1.30508 52.429 54.6946 15.8413 38.7813 0.540917 3.09088 17.6454 3.50904 5.61547 10.412 5.83055 24.8749 4.0307 8.57577 11.0542 28.7613 8.00009 76.1713 0 
