0 1004.62 210.833 480.738 246.865 492.363 206.694 1.63034 428.023 23.2481 184.415 155.384 4.44157 35.5012 62.5241 11.9787 428.032 189.888 15.6464 255.251 68.0626 24.4923 44.5289 35.4146 474.841 2.72584 1.8433 45.8937 
1008.12 0 467.108 562.141 493.036 431.184 514.348 60.9425 641.873 104.009 5.24325 149.297 32.9932 19.5153 5.61959 73.8026 549.278 37.3564 17.2902 83.8551 8.07354 0.0216514 48.795 2.17901 428.62 78.9763 1.3671 59.9993 
94.7464 5.72859 0 290.137 17.9387 41.996 212.949 160.666 204.933 9.32281 20.6314 19.0127 73.0207 2.60616 0.137988 18.8145 6.82684 154.011 58.8491 17.4273 30.3871 12.2221 2.0865 0.121917 22.2909 17.3376 4.55072 10.3777 
449.835 740.806 335.655 0 36.3658 479.955 173.455 592.029 564.06 97.235 27.0093 225.056 0.266162 18.919 39.2339 42.7218 470.945 87.8365 5.2201 26.0874 815.49 16.7577 0.00438537 5.15471 445.276 9.84712 27.5992 32.4237 
79.3127 151.553 72.7666 134.794 0 65.3681 275.812 0.119434 97.298 16.8074 140.561 27.1905 99.3448 1.36361 64.984 3.45801 152.38 67.8628 179.883 0.167501 119.38 6.76967 56.2951 50.7399 43.6579 67.9041 32.2 55.8746 
542.177 582.951 2.63532 493.736 995.903 0 1222.39 60.0619 473.375 702.776 5.71989 121.083 141.359 21.548 12.2025 12.1596 428.023 103.185 0.335036 8.84149 37.9391 0.608242 0.445497 10.9872 456.482 11.5775 12.3215 19.0929 
265.615 507.463 27.7197 101.042 9.28641 792.246 0 222.248 1272.35 150.482 260.256 213.345 0.280719 73.2379 1.93042 23.7968 98.1843 154.081 156.53 82.903 140.556 55.2283 0.808601 66.1581 2.06651 76.1141 52.5389 71.189 
294.695 102.023 67.0187 179.536 1.02179 108.966 284.875 0 139.05 1.90335 21.1356 487.298 52.8661 13.5848 6.26151 252.771 25.5095 109.6 25.448 89.8153 1.253 3.82082 102.135 128.474 3.70375 1.54655 91.3491 125.701 
675.776 472.344 419.246 593.844 299.284 430.085 977.972 619.51 0 1.2667 1718.47 209.113 85.7247 63.1347 225.604 124.161 532.454 125.931 0.432857 106.469 172.749 37.5774 85.616 78.3242 479.17 108.563 46.6097 1.95686 
80.5737 132.952 0.402081 0.707011 256.095 470.831 352.899 140.052 95.8284 0 29.0237 236.669 106.994 76.0199 29.4899 69.6025 70.311 123.494 57.2801 22.4092 52.3418 58.9506 59.0983 53.7236 18.8357 11.2042 33.0192 41.4668 
118.955 76.4542 194.859 191.432 259.997 25.7923 147.445 331.124 212.149 496.232 0 483.478 36.9141 206.57 229.345 96.6835 77.4527 9.17865 22.9488 5.76423 127.753 60.0995 116.066 111.148 5.32465 154.099 10.3111 4.36128 
227.03 168.826 184.413 82.1771 142.322 158.538 251.717 153.579 196.775 9.70273 417.686 0 114.725 156.305 234.037 483.698 10.0512 138.673 61.0918 78.0961 69.4825 62.583 68.6442 20.8151 133.282 254.623 5.04935 29.2618 
99.9026 0.00554102 37.8844 25.5751 48.0473 200.59 166.125 90.3037 128.249 265.517 195.669 148.377 0 66.9612 9.17488 77.677 42.6443 4.92925 0.447385 14.5825 76.526 32.0386 61.2808 44.2812 42.9781 54.0176 0.969449 6.47642 
26.3423 50.2757 2.25773 1.91821 63.3633 21.9618 30.8894 78.3874 64.4893 1.7854 77.292 0.311184 140.68 0 56.6249 15.7246 13.7506 39.2912 2.33084 4.76909 37.8041 0.0800285 8.71193 1.05673 15.769 9.70517 0.774993 5.83926 
48.2283 90.9702 11.277 39.4561 67.7844 33.9184 14.5083 133.439 9.30329 86.7736 142.851 19.5103 38.2033 29.889 0 85.8491 5.14326 9.39366 1.94497 8.73658 9.84774 13.6635 2.91836 20.0709 13.5991 18.9547 5.9294 19.6104 
15.9214 18.6308 11.9989 24.9248 67.9039 2.62495 56.8032 5.31726 18.4455 75.4646 93.9263 456.279 38.522 14.8669 56.6573 0 25.9492 0.00933871 0.877398 0.772132 2.3771 0.102425 1.46024 28.9639 15.5952 20.6547 0.0247987 16.2152 
520.346 442.506 18.3999 431.309 117.024 428.13 40.9959 17.5178 448.01 68.7583 95.5478 68.8021 3.37178 1.46899 28.0009 16.8924 0 140.219 363.386 1.76591 60.8064 10.8548 16.0415 2.48532 435.182 2.21053 20.6417 12.8692 
169.451 319.216 43.1727 133.808 221.857 3.06295 178.23 60.8523 32.5744 128.779 157.021 134.281 92.1735 3.64168 65.3355 36.1064 0.477572 0 139.295 11.7146 122.36 41.3412 6.26773 43.3728 40.3024 33.5205 3.60832 7.10769 
107.114 147.997 35.3793 62.6485 185.116 44.5787 145.326 101.349 67.2714 115.43 58.3929 0.725938 68.6548 13.7964 36.671 24.809 205.801 123.126 0 29.2838 22.1004 1.61592 14.8906 14.2274 2.49554 0.0371668 24.3236 22.1992 
0.828724 19.9961 2.70403 26.443 6.67723 2.81452 28.6297 50.3846 4.83255 0.550279 86.3983 96.7005 12.9757 2.23316 4.42359 0.00136085 32.5319 17.7842 36.4491 0 0.152106 3.71549 0.0292392 2.10893 0.0157438 1.46222 2.17359 2.60731 
72.2082 36.3075 20.024 211.882 92.629 69.0455 144.115 50.6446 171.983 83.8943 0.0763213 102.762 20.7672 1.95205 26.8992 3.67692 68.3359 116.96 71.8488 265.72 0 2.92449 14.095 18.9931 10.1898 14.7914 9.31824 49.1099 
0.908008 5.19301 0.0441942 1.60566 2.05088 13.9168 53.9939 24.3549 35.1531 1.25747 0.0241079 41.3031 0.69416 7.48241 4.3598 2.50344 0.351658 32.8502 2.51067 4.44438 5.59059 0 11.4091 1.05255 7.29991 0.18744 12.8106 10.2964 
11.625 51.308 0.498699 13.344 41.9658 16.158 70.1355 76.8143 99.9832 34.5952 4.52028 91.695 52.229 8.0457 19.8472 0.310514 5.88025 0.391042 1.11281 0.0019851 16.4926 11.3149 0 19.5594 2.4263 5.42649 13.0736 0.722514 
9.81018 45.3306 15.5338 3.50481 11.9317 0.399566 0.905702 86.9499 20.3768 36.7931 71.8426 88.425 59.7969 4.47579 4.96739 1.4149 5.88779 9.46472 8.41472 6.30662 38.7934 8.04712 0.211363 0 33.4569 1.09716 13.845 13.8587 
450.809 504.284 1.62057 465.219 32.6468 442.549 91.7648 123.012 515.37 15.6847 91.5231 277.658 51.2675 16.4322 16.0921 10.1735 447.566 35.8407 30.8821 13.5192 39.2606 74.0595 19.5792 18.1135 0 15.1436 168.918 133.454 
79.4319 79.9803 25.591 13.7718 50.6644 26.5897 94.3866 175.109 142.639 18.6604 158.647 86.4933 23.4855 0.667292 11.1258 15.7942 0.0648156 34.683 29.2664 12.057 54.3895 3.3675 9.47163 3.36264 12.5399 0 0.190093 52.5169 
29.4647 0.00034667 4.73431 3.51899 13.2658 3.33262 33.0349 41.952 29.5593 25.9893 53.608 82.8063 0.0696789 0.147466 18.7257 0.229459 4.10912 1.46528 17.4137 10.8669 8.98313 12.7897 0.251617 11.0041 15.0569 5.88397 0 77.6624 
58.3668 38.6743 17.2209 3.23782 45.6053 22.3049 72.9305 89.3438 0.999642 44.794 80.0131 70.6493 33.5333 1.89996 7.57962 11.4947 1.86775 10.5605 13.5926 7.42223 32.3347 2.85578 7.14796 8.29614 34.4671 46.6809 83.0846 0 
