0 590.566 205.101 72.1885 259.081 111.875 183.914 8.88786 59.896 30.8576 178.36 139.533 6.57905 37.523 60.1449 15.3867 58.2798 172.964 11.4613 281.15 48.8103 25.5723 43.7299 37.7408 101.437 4.46711 2.49811 43.7899 
621.381 0 405.695 243.28 527.183 72.1948 471.023 83.3392 321.425 82.0621 12.8807 163.097 40.3274 22.5931 3.3043 70.6016 187.114 228.302 26.0329 71.325 13.4956 0.00658903 47.2096 1.35987 59.4672 80.6952 0.89133 61.1869 
122.87 65.7982 0 228.374 7.83957 34.6965 184.309 124.351 105.941 15.1371 38.6196 10.1045 72.2456 3.33748 0.00293234 20.1687 4.97716 159.761 60.1835 19.2989 22.1165 12.078 2.51654 0.284585 20.9868 18.947 5.13322 9.41711 
59.1794 366.123 175.987 0 25.416 114.677 187.05 56.0635 148.6 101.047 15.8625 242.672 0.840384 17.9766 39.4529 43.0148 103.328 76.7959 3.55407 21.9068 819.116 16.6747 0.015017 4.08983 72.7419 7.3017 27.5402 31.8997 
103.867 243.358 53.5576 144.701 0 87.5545 334.308 1.81804 132.887 3.22673 120.007 20.5823 111.402 0.607329 59.8841 2.12863 149.463 85.4187 218.008 0.0288895 122.817 5.53384 56.0309 49.4439 41.1128 66.602 30.8932 55.2789 
164.3 182.633 0.529105 121.495 893.379 0 1575.47 79.9219 180.575 170.607 19.5968 110.783 548.429 21.8303 9.3801 10.525 58.2316 96.4943 1.83444 10.0936 41.5377 0.350609 0.233988 11.7522 86.5479 13.0514 12.9461 18.3978 
258.447 457.871 53.8765 79.5823 0.000298679 438.311 0 171.62 1238.77 247.102 189.149 233.389 3.15438 78.376 5.70042 29.7138 101.298 171.202 157.605 86.3638 137.882 56.7534 1.70749 64.2354 3.75081 80.9673 53.8878 72.1697 
279.653 78.017 100.341 83.9446 4.04029 87.8376 236.107 0 56.1441 6.27847 7.08011 218.04 60.094 19.3256 1.63746 237.208 22.2444 99.7834 21.269 95.5507 4.26413 2.83397 101.596 122.578 10.1624 9.00469 88.4408 120.661 
293.445 76.2569 335.412 271.424 268.863 69.0613 479.995 658.914 0 13.5349 1488.08 252.834 71.84 74.3363 295.305 132.802 159.651 140.112 0.00710284 105.713 166.294 35.1183 89.5566 82.511 101.693 99.6315 43.6579 3.49456 
70.497 110.384 2.29511 0.0165374 288.632 388.826 255.776 156.14 55.9302 0 0.159456 243.245 154.911 72.0253 19.1129 63.5012 72.9885 117.153 49.2715 19.9264 48.285 59.896 59.9538 51.664 15.655 8.22262 31.5118 39.264 
130.496 57.7596 171.259 181.248 255.606 9.38075 86.7386 352.412 136.198 572.574 0 438.378 22.9166 212.471 306.244 123.458 74.606 5.61331 28.0479 7.81334 122.556 62.6932 122.042 116.766 9.78737 145.998 8.15855 6.91506 
223.077 181.215 178.238 110.854 149.932 156.54 234.531 13.8145 152.978 19.2598 468.559 0 122.246 162.282 204.958 491.024 12.0134 142.326 57.2694 81.7163 78.4048 64.7963 59.9599 10.7283 164.235 176.33 8.13912 19.0495 
96.9743 0.389108 33.9856 28.8984 59.2857 186.694 181.117 82.9662 114.202 222.38 176.343 143.597 0 88.2354 4.2856 74.2473 40.5146 6.91559 0.0618945 13.1793 77.1139 26.0343 67.9144 48.217 44.8477 53.2482 1.33741 7.55152 
28.5042 47.1351 1.6443 2.60926 61.2868 21.8548 25.2416 69.9652 75.507 3.99078 101.311 0.353604 125.682 0 61.9438 17.5479 14.3428 40.9442 2.88793 4.7894 36.665 0.00685201 9.51895 1.79656 16.1391 8.98337 0.587339 6.35923 
51.3462 93.3267 13.6693 39.2527 72.5073 36.2867 22.5868 147.773 15.3558 99.1906 223.523 5.03397 28.5519 45.8162 0 69.6369 5.86626 7.53881 2.67023 8.35591 8.23537 12.9199 1.36313 22.5306 11.5092 21.3102 6.66612 20.4599 
12.4635 22.498 10.3607 28.2212 69.8334 3.68197 63.4851 0.0268585 11.4076 80.3493 120.669 495.249 32.82 12.4531 31.5234 0 26.0621 0.043396 0.556377 1.00278 1.43201 0.226682 0.797628 29.2386 13.0335 17.046 0.128482 14.8677 
146.58 67.1326 21.2844 60.2238 125.661 58.0988 35.864 14.703 74.4529 71.5611 95.0969 66.3062 2.45303 1.17751 27.4973 17.6301 0 176.741 387.3 1.23209 59.3286 10.3625 16.3779 2.83613 64.6062 1.80004 20.891 12.2801 
186.72 218.234 30.4335 139.232 229.292 6.23041 193.285 51.6662 43.5461 123.026 151.794 138.485 94.9807 4.65858 66.5022 33.7311 8.11809 0 143.979 8.64761 123.258 41.648 7.2337 44.2584 42.1994 31.2246 3.01413 8.19316 
103.205 156.486 31.7024 62.2843 222.753 51.9724 138.75 97.6547 76.4897 110.988 64.7965 1.53088 65.4483 12.8453 37.2767 23.9485 189.281 130.442 0 28.045 19.7982 1.97716 15.5347 14.8978 2.01137 0.138056 24.2583 21.6472 
6.60589 29.5166 3.99267 22.2626 4.08498 3.68702 23.6191 43.4924 7.52833 1.16806 86.521 96.2194 14.3733 2.08101 4.83999 0.0273963 33.0268 14.0881 36.5596 0 14.4222 3.56751 0.012758 1.91468 9.39706e-05 1.16551 2.40952 2.91381 
93.5981 45.9548 13.1569 205.836 98.2162 71.1217 143.555 62.855 165.392 80.8394 0.729506 93.9002 18.5997 2.61165 24.6869 5.08762 68.4688 119.228 71.1969 195.859 0 3.35673 12.9582 20.6271 8.50651 12.6063 8.34536 48.4005 
1.26687 6.22105 0.010455 1.33187 2.85762 13.1007 55.6259 26.5688 32.6933 0.559604 0.257101 44.2371 2.2648 8.08063 5.13021 2.95932 0.488267 33.7514 2.94722 4.58056 5.04891 0 12.5141 1.57045 7.13242 0.107371 12.7646 10.3744 
10.227 49.9358 0.304425 12.5591 40.0778 16.3243 68.7512 71.8157 101.353 37.7608 8.62821 83.6635 59.3435 9.17603 17.3531 0.0524446 6.31456 0.17998 0.840315 0.000185674 15.3163 12.4306 0 16.4312 3.55211 4.89813 12.8495 0.537715 
8.06779 47.4754 15.6379 2.60946 13.6511 0.666147 0.314214 77.0367 24.7696 39.7588 63.1132 70.2775 62.5759 5.557 7.33704 0.111115 5.4198 8.29493 9.07555 6.26257 40.063 7.15398 2.14351 0 38.2789 0.618073 14.7314 13.568 
84.213 135.416 0.981494 93.3027 30.0225 73.9773 91.8711 105.441 152.537 12.7195 81.5206 763.403 49.9298 16.5735 13.9607 0.851703 78.3162 37.8363 30.8102 13.6506 37.0087 45.3161 17.7377 8.9902 0 84.464 45.0457 29.1956 
79.5312 78.0924 24.6319 10.88 53.3226 27.127 91.4384 196.969 141.753 22.6424 151.873 158.675 25.8116 1.06413 13.5454 12.1862 0.0108014 32.3929 28.8223 12.0737 52.486 3.04931 9.75082 2.52911 9.98382 0 0.851057 44.5647 
27.8462 0.0605485 5.32415 2.85132 12.0741 3.82487 35.0857 37.3224 32.4631 27.5878 50.1965 76.3157 0.00803077 0.250526 19.0683 0.460421 3.74851 1.89638 17.9139 10.9271 9.98195 12.7329 0.119761 11.9975 15.8081 3.87446 0 87.4451 
59.2557 36.276 16.3919 4.25596 44.0584 22.5672 72.2233 97.4875 2.16994 42.7426 85.07 85.4628 32.2181 2.29509 8.7361 10.0501 1.56672 11.8192 14.3046 7.7625 33.9354 2.61105 6.79193 7.64227 35.5462 54.2442 71.3125 0 
