0 530.131 203.02 21.3058 261.036 63.8865 178.968 11.0837 14.8797 32.5263 176.957 136.193 7.06783 37.9312 59.6275 16.1291 12.5388 169.269 10.6712 280.492 45.1381 25.7927 43.5528 38.2127 54.8682 4.87567 2.64463 43.3463 
566.06 0 386.119 207.746 530.131 29.5146 458.624 88.223 285.42 77.6875 14.852 165.831 41.896 23.2422 2.90076 69.9017 142.751 572.528 28.0168 68.7311 14.7703 0.0164302 46.8694 1.21453 13.8201 81.0008 0.805738 61.4115 
128.572 85.1592 0 207.227 6.24884 33.1737 177.725 116.912 88.2216 16.4829 42.8935 8.59657 72.0359 3.49658 0.0201111 20.4314 4.62888 160.61 60.4065 19.6716 20.5407 12.0457 2.60887 0.326358 20.7078 19.2693 5.25597 9.22065 
12.3302 317.25 121.459 0 23.3575 69.7063 189.388 714.711 94.0454 101.722 13.9014 245.593 0.998031 17.7743 39.4605 43.0087 57.9403 74.5034 3.24824 21.0502 227.949 16.6542 0.0260474 3.88305 26.3719 6.81514 27.5182 31.7736 
109.095 263.022 49.8111 146.521 0 88.1965 345.258 2.41554 140.526 1.73502 115.79 19.3207 113.84 0.488746 58.8124 1.89359 148.691 89.15 225.343 0.083647 123.463 5.29318 55.9569 49.1629 40.5828 66.3055 30.6216 55.1417 
116.684 130.411 0.293183 75.0574 349.214 0 812.175 84.1703 153.864 571.647 23.408 108.571 82.1717 21.8692 8.8311 10.1934 12.452 95.0328 2.2896 10.3547 42.2764 0.306163 0.198698 11.9072 40.6848 13.3566 13.0733 18.2492 
256.393 444.364 60.0616 75.2567 0.422735 355.437 0 161.35 1184.1 267.634 174.893 237.202 4.12635 79.3753 6.71423 30.9822 101.885 174.572 157.634 87.01 137.244 57.0489 1.9328 63.8088 4.15691 81.913 54.1521 72.3399 
275.939 73.3202 107.607 81.9078 4.90536 83.5557 225.732 0 43.2026 7.48545 5.09876 171.547 61.6021 20.611 1.05322 233.017 21.5917 97.7448 20.4445 96.6685 5.10155 2.64829 101.409 121.22 11.8676 11.2786 87.7991 119.509 
244.674 26.3808 315.056 234.986 262.032 30.5406 380.461 661.862 0 17.626 961.23 261.596 69.047 76.6212 296.889 134.416 113.17 142.973 0.0562355 105.48 164.835 34.6117 90.3117 83.33 54.3274 97.7166 43.047 3.86414 
68.433 105.758 2.8738 0.000331513 294.401 366.272 235.256 159.339 48.8 0 0.405318 244.189 165.037 71.1199 17.2055 62.1918 73.5098 115.776 47.6449 19.4231 47.4502 60.0571 60.0885 51.2117 15.0261 7.65883 31.1969 38.8007 
132.816 54.1408 166.026 178.823 254.313 6.9734 75.7571 355.969 116.356 583.044 0 427.193 20.4042 213.007 320.439 128.958 74.0015 4.98378 29.1441 8.27004 121.431 63.2096 123.134 117.807 10.8619 144.112 7.74329 7.50875 
221.976 183.617 176.624 116.932 151.414 155.922 230.638 3.50246 144.184 21.5975 477.088 0 123.735 163.206 198.29 484.657 12.4357 143.01 56.4765 82.4224 80.2533 65.2329 58.175 9.03657 165.423 160.261 8.85992 17.1838 
96.3281 0.588837 33.1852 29.5919 61.6767 180.355 183.964 81.4421 111.273 212.751 172.164 142.518 0 92.5748 3.49845 73.4643 40.071 7.36333 0.0263136 12.8952 77.2155 24.8423 69.2146 49.0065 45.2192 53.0667 1.42025 7.78109 
28.9486 46.4749 1.5287 2.76305 60.8304 21.8134 24.1235 68.2107 77.7754 4.54837 106.333 0.691609 122.116 0 61.9747 17.8534 14.4635 41.2759 3.00918 4.79238 36.4224 0.00172349 9.60096 1.96837 16.2024 8.82976 0.551754 6.46607 
51.9718 93.739 14.1724 39.1735 73.4421 36.7305 24.4313 150.513 17.1937 101.599 240.176 3.20346 26.6808 48.7155 0 65.1063 6.01959 7.17904 2.83272 8.27589 7.91824 12.7615 1.11121 22.9964 11.0872 21.7786 6.82053 20.6234 
11.7941 23.3235 10.027 28.8817 70.1955 3.91842 64.84 0.0777013 10.15 81.2633 126.18 495.537 31.6644 11.9238 26.617 0 26.0797 0.073486 0.499141 1.05359 1.2663 0.258198 0.684134 29.1097 12.5269 16.2934 0.159791 14.5826 
99.8965 20.3143 21.8888 14.1699 127.331 12.2698 34.8287 14.1487 27.8974 72.1096 94.9722 65.7793 2.28127 1.12127 27.3875 17.7801 0 184.069 149.822 1.13363 59.0108 10.2611 16.4453 2.91077 18.6298 1.72038 20.9402 12.1588 
190.048 203.365 28.0195 140.161 230.477 7.0136 196.159 49.8298 45.9555 121.76 150.629 139.286 95.5244 4.88201 66.7159 33.2395 10.8168 0 144.793 8.06736 123.384 41.7043 7.43957 44.4311 42.5831 30.7514 2.89796 8.42441 
102.328 158.034 30.9421 62.1671 229.944 53.4788 137.245 96.8537 78.3938 109.966 66.1168 1.7329 64.764 12.6499 37.3874 23.766 184.322 131.829 0 27.7815 19.3339 2.05565 15.6657 15.0347 1.91767 0.166721 24.2417 21.5307 
9.07881 31.649 4.28404 21.4047 3.6263 3.87872 22.6267 42.0973 8.15169 1.3232 86.5044 96.0622 14.6657 2.04983 4.92647 0.0368539 33.1171 13.3699 36.567 0 21.5475 3.53693 0.0101988 1.87534 0.00140873 1.10813 2.45918 2.97832 
98.1475 48.0355 11.9001 198.38 99.3325 71.5145 143.344 65.4647 163.907 80.1841 0.946465 92.0586 18.1635 2.75862 24.2342 5.40404 68.4778 119.639 71.0414 180.176 0 3.44902 12.7272 20.9657 8.17568 12.1725 8.15014 48.2423 
1.34791 6.44269 0.00640131 1.2784 3.03946 12.93 55.9443 27.0289 32.188 0.450199 0.335706 44.8374 2.69743 8.19927 5.2935 3.0564 0.519104 33.9328 3.04088 4.60823 4.94021 0 12.7237 1.68833 7.09688 0.0936102 12.7525 10.3887 
9.94707 49.6377 0.270197 12.3947 39.6804 16.3502 68.4281 70.7534 101.561 38.4033 9.6265 81.9584 60.7703 9.33268 16.8058 0.0259492 6.40498 0.146521 0.788776 0.000655809 15.076 12.6428 0 15.6128 3.81465 4.78958 12.7978 0.50286 
7.72669 47.9045 15.6509 2.43966 14.0149 0.729125 0.230248 74.9689 25.7103 40.3582 61.3141 66.6302 63.1018 5.77924 7.86327 0.0241149 5.32501 8.06167 9.21286 6.25184 40.3151 6.96943 2.76653 0 39.1666 0.535719 14.9073 13.5015 
39.0671 89.7504 0.868982 47.0203 29.4847 28.4094 91.8292 101.767 108.099 12.1388 79.4343 664.305 49.6361 16.5888 13.5245 2.73008 32.608 38.2427 30.7885 13.6732 36.5398 34.4144 17.3444 7.74419 0 90.7741 70.7373 16.2621 
79.496 77.6575 24.4134 10.3126 53.8544 27.2191 90.7558 200.973 141.395 23.4906 150.241 174.722 26.2927 1.1563 14.0517 11.4637 0.00531263 31.9199 28.7238 12.0725 52.0753 2.98497 9.80256 2.36949 9.49843 0 1.04463 42.765 
27.5117 0.085774 5.4483 2.72154 11.8334 3.92944 35.5055 36.3822 33.0667 27.9151 49.4877 74.9514 0.00288395 0.275039 19.1317 0.517617 3.6759 1.99172 18.0154 10.9376 10.1923 12.7186 0.0985646 12.1992 16.0068 3.50652 0 88.8953 
59.4171 35.7791 16.216 4.48036 43.7312 22.6127 72.0456 99.1064 2.46531 42.3074 86.0715 88.5363 31.9419 2.38001 8.97855 9.75461 1.50779 12.0845 14.4509 7.83162 34.2608 2.56156 6.71734 7.50706 35.7428 55.5785 68.4776 0 
