0 553.485 194.591 92.1354 265.871 136.74 163.002 19.4765 97.9621 37.9748 172.216 125.582 8.70899 39.1944 57.9439 18.5455 92.4925 157.274 8.35607 265.846 34.3494 26.4807 42.9692 39.6771 132.057 6.26706 3.13068 41.931 
603.612 0 313.699 318.266 529.944 120.798 413.166 104.053 394.549 64.3859 21.8923 174.141 46.9397 25.3118 1.7995 67.617 226.604 77.5503 34.6206 60.615 19.1117 0.0761016 45.7715 0.810387 94.0027 81.8513 0.564543 62.0719 
145.961 157.09 0 133.279 2.39935 28.4046 155.943 94.0421 41.4946 21.0129 57.4106 4.62418 71.2672 4.01374 0.173908 21.2175 3.61015 162.509 60.9897 20.808 15.9038 11.9382 2.90682 0.475757 19.8102 20.2583 5.64756 8.60753 
96.0969 382.894 45.2466 0 17.3749 151.725 195.622 884.531 148.247 103.587 8.53382 253.074 1.5801 17.1215 39.4005 42.8418 138.809 67.2986 2.37259 18.3883 397.797 16.5823 0.0803119 3.2626 104.232 5.37817 27.4274 31.3377 
125.75 324.422 38.6426 151.706 0 91.2653 376.444 4.83568 164.936 0.0372817 102.662 15.5876 121.365 0.199495 55.4072 1.24256 145.895 101.058 246.811 0.440407 125.349 4.56831 55.6812 48.2494 38.9065 65.3122 29.7631 54.6783 
190.331 189.941 0.00196611 152.43 937.172 0 1271.43 97.7403 297.77 484.901 37.315 101.46 13.557 21.9482 7.18764 9.16641 92.2171 90.2753 4.03596 11.1803 44.588 0.185873 0.1064 12.3881 120.068 14.3168 13.4698 17.771 
248.713 395.949 80.8666 62.0303 6.93412 132.89 0 129.938 930.285 330.987 131.96 248.391 8.0053 82.3713 10.4051 35.0629 103.605 184.751 157.296 88.8861 135.048 57.9353 2.72878 62.4027 5.56133 84.7559 54.9517 72.8033 
263.013 59.2275 130.93 96.4203 8.15296 70.3885 192.904 0 13.1637 11.9372 0.973195 57.7026 66.3739 24.8617 0.0520095 217.884 19.5874 91.3203 17.9383 100.028 8.20551 2.10407 100.655 116.656 18.0143 19.9688 85.6913 115.652 
314.19 96.4136 247.541 342.529 239.556 144.217 125.333 659.244 0 33.7436 1422.93 288.262 60.4588 83.7081 253.508 139.089 190.556 151.796 0.514313 104.579 159.976 33.0199 92.5521 85.8015 129.119 91.561 41.1227 5.14084 
61.9986 91.3988 5.09999 0.229923 310.145 288.468 172.196 169.077 29.2157 0 15.0287 246.223 196.708 68.1055 11.7863 57.9823 75.0782 111.3 42.6045 17.862 44.8313 60.4879 60.4187 49.7313 13.1128 6.00469 30.1982 37.3255 
139.948 43.361 148.975 170.53 249.408 1.70016 45.4144 365.191 49.2625 602.723 0 388.539 13.3936 213.153 359.502 145.961 72.0631 3.24344 32.6836 9.78008 117.782 64.7905 126.242 120.807 14.5682 137.736 6.50256 9.52066 
217.896 190.795 170.831 136.16 155.868 153.534 217.708 15.5227 117.392 29.7147 498.987 0 128.272 165.4 176.214 448.252 13.8021 145.003 53.9753 84.5486 86.0711 66.5603 52.5995 4.63217 134.659 111.954 11.3064 11.8913 
94.2061 1.483 30.6828 31.7872 69.3266 156.872 192.312 76.6351 102.034 181.524 158.687 138.93 0 105.855 1.5344 70.8437 38.6672 8.85439 0.01209 12.0143 77.4917 21.2151 73.1279 51.432 46.3548 52.4459 1.69611 8.52 
30.341 44.3742 1.19043 3.27088 59.3353 21.6402 20.724 62.6773 84.8603 6.52079 122.069 2.47828 110.064 0 59.6618 18.6386 14.84 42.2979 3.40431 4.79906 35.643 0.00777601 9.65993 2.54548 16.3719 8.33779 0.446808 6.80067 
53.8976 94.8681 15.7684 38.8422 76.2861 38.0194 30.5884 158.583 24.219 108.758 290.406 0.127019 21.1085 56.288 0 49.3739 6.51107 6.09959 3.37198 8.02099 6.95627 12.2534 0.482153 24.3532 9.78618 23.2039 7.31112 21.1102 
9.79214 25.9763 8.9911 30.9038 71.2528 4.70052 69.0331 2.77883 6.64907 83.9145 143.264 478.939 28.0908 10.2213 13.109 0 26.122 0.219212 0.339239 1.22033 0.810778 0.370232 0.38178 28.3013 10.9954 13.9372 0.280127 13.6734 
176.641 97.0754 23.8066 93.0567 132.311 91.8805 31.6297 12.4651 105.228 73.7667 94.5103 64.0964 1.7807 0.953029 27.0297 18.2467 0 206.28 412.204 0.850067 57.9823 9.94295 16.6522 3.15066 97.6987 1.48104 21.09 11.7775 
199.921 176.133 20.9681 142.644 233.407 9.75478 204.632 44.1973 53.8274 117.615 146.777 141.657 97.1544 5.61457 67.3275 31.6911 21.6644 0 147.002 6.36333 123.644 41.866 8.10145 44.9519 43.7717 29.2645 2.54672 9.16784 
99.4223 162.425 28.5544 61.7061 250.869 58.1441 132.203 94.2526 84.3695 106.529 70.2593 2.4475 62.5645 12.0374 37.7035 23.1812 165.239 135.903 0 26.9358 17.8981 2.31143 16.0734 15.4621 1.63697 0.27429 24.1826 21.1581 
19.5199 38.6791 5.25267 18.7358 2.35718 4.50628 19.606 37.7826 10.2571 1.87183 86.3592 95.4403 15.5933 1.95224 5.1996 0.0756313 33.3747 11.2154 36.556 0 52.1024 3.44064 0.0040156 1.75328 0.0156243 0.936389 2.6176 3.18402 
112.642 54.7564 8.32632 166 102.756 72.6693 142.475 73.8431 158.968 78.0692 1.81032 86.2505 16.8163 3.24488 22.8198 6.45395 68.4651 120.808 70.5063 130.729 0 3.74615 12.0086 22.0337 7.17243 10.8475 7.54843 47.7181 
1.61837 7.16061 0.000101501 1.11695 3.64504 12.3886 56.9044 28.4833 30.6038 0.183412 0.650452 46.7126 4.29321 8.56066 5.81579 3.36801 0.621997 34.4933 3.34341 4.69433 4.60486 0 13.3374 2.08235 6.98353 0.0564619 12.7087 10.4296 
9.08637 48.6673 0.17569 11.8729 38.4139 16.4126 67.3303 67.3518 102.042 40.3958 13.0864 76.5104 65.1409 9.63511 15.0333 0.00277212 6.69116 0.0637072 0.637075 0.00400039 14.3263 13.2652 0 12.7861 4.70236 4.44973 12.6233 0.400563 
6.69585 49.2222 15.6726 1.93991 15.179 0.944665 0.0510393 68.4455 28.7388 42.2119 55.6828 55.4836 64.6453 6.46883 9.58431 0.163615 5.03074 7.34604 9.64681 6.21448 41.0854 6.39047 5.12609 0 41.6724 0.314272 15.4434 13.2786 
120.765 169.703 0.558862 125.066 27.8018 108.751 91.5558 90.1979 191.862 10.3861 72.8512 180.28 48.6739 16.6064 12.1665 15.797 112.508 39.5089 30.7047 13.7345 35.0561 6.04939 16.0858 5.91645 0 74.7336 176.887 59.6176 
79.2623 76.1914 23.6828 8.60146 55.4879 27.4667 88.4502 212.276 139.888 26.2102 144.618 225.738 27.8066 1.46806 15.6504 9.26772 0.000607414 30.4325 28.3989 12.0582 50.7449 2.78557 9.95196 1.89678 8.07442 0 1.77698 36.8773 
26.4584 0.193494 5.84399 2.33139 11.0879 4.26502 36.8177 33.4629 34.9732 28.9382 47.2491 70.6151 0.00349918 0.359312 19.3148 0.718436 3.45146 2.30583 18.3311 10.9665 10.8631 12.668 0.045316 12.8247 16.7396 2.45978 0 92.0503 
59.8755 34.2126 15.6529 5.21666 42.6851 22.737 71.4165 104.042 3.51234 40.9138 89.1209 98.1761 31.0627 2.65426 9.74817 8.83418 1.32951 12.9315 14.91 8.0466 35.2728 2.40817 6.48041 7.08167 36.2914 59.177 58.9241 0 
