0 696.651 166.08 422.668 269.214 431.361 125.457 46.2992 420.295 51.3372 159.716 101.246 13.0059 41.9371 53.8215 24.4471 403.131 128.511 4.09161 206.73 14.7316 28.0132 41.4948 42.8825 435.542 10.0053 4.37566 38.6119 
764.475 0 129.884 683.927 477.888 465.178 284.879 141.796 760.279 37.5119 42.2916 191.17 58.9173 30.1474 0.263458 61.9966 543.537 697.078 51.416 42.8435 30.7289 0.37329 43.1253 0.19313 404.788 83.1493 0.174647 63.3104 
180.237 341.042 0 14.0159 0.40026 18.095 103.714 47.8191 0.449237 32.762 95.0321 0.123412 68.9195 5.27328 1.07766 22.7555 1.74342 162.391 61.6374 23.1525 7.36131 11.6618 3.62368 0.914861 17.6739 22.3431 6.56658 7.24658 
453.774 639.188 107.405 0 6.82992 464.92 203.049 919.81 415.055 106.324 1.11187 259.886 3.3807 15.5556 38.7956 41.6418 450.415 51.2401 0.881464 12.6583 283.75 16.3766 0.313269 2.03164 409.507 2.68513 27.0997 30.132 
163.709 447.316 17.6195 160.219 0 189.161 424.521 13.3011 220.587 12.99 74.1143 8.49172 137.432 0.0164627 47.5409 0.267522 137.564 128.581 283.967 2.28029 128.802 3.10546 54.8139 46.0112 35.0552 62.7221 27.789 53.4488 
484.609 456.35 1.87697 455.128 257.432 0 452.989 128.819 753.862 154.705 78.0165 84.6712 569.296 21.8828 3.9859 6.94537 402.051 78.7043 9.68858 13.0675 49.7473 0.0232135 0.00286796 13.4379 428.37 16.4848 14.3484 16.626 
224.927 264.485 132.557 35.1326 49.3252 162.193 0 66.899 221.648 450.924 51.5454 268.766 21.2324 88.2775 21.4254 44.7359 106.776 205.088 154.132 92.2293 129.03 59.701 5.01828 58.8613 9.44498 90.4111 56.5876 73.4473 
227.533 31.7689 183.658 49.0144 18.3959 43.0386 120.777 0 10.1353 25.5592 3.6504 30.6473 77.3092 35.5615 2.51105 174.619 15.3172 76.7598 12.7597 106.71 17.8118 1.09464 98.0144 104.798 36.0041 47.4569 80.4238 105.674 
596.522 402.652 99.7637 702.379 184.783 579.077 89.5168 588.988 0 86.4296 930.791 341.591 42.3192 98.9875 179.074 147.252 494.031 170.604 3.25119 101.593 147.526 29.4228 96.8471 90.7892 427.846 77.027 36.7454 8.66884 
47.8662 60.6949 12.3301 2.31918 330.768 112.876 54.2369 189.03 2.8467 0 118.819 245.506 262.712 60.4291 3.09317 48.06 78.2248 100.415 31.7161 14.4555 38.9416 61.0334 60.6371 46.0638 9.15908 2.94988 27.8866 33.8848 
155.079 22.698 108.514 148.44 233.776 3.07055 4.31032 374.491 98.6208 569.874 0 286.967 2.79951 204.911 406.845 181.312 67.4608 0.661795 41.1936 13.6101 108.908 68.1289 131.357 125.991 24.7074 121.072 4.06013 14.8713 
205.305 204.795 153.98 178.695 164.753 145.69 185.136 268.095 63.6096 52.0584 518.409 0 137.67 166.293 122.754 295.516 17.1167 148.621 48.2662 88.8192 99.2165 69.3111 40.3145 0.0342031 19.4712 27.7875 17.825 3.34649 
88.8984 4.99232 25.1196 36.829 87.2013 119.787 207.481 65.7033 81.1781 110.261 126.875 129.73 0 132.239 0.0437891 64.0849 35.4348 12.6967 0.529636 10.0873 77.873 13.7739 80.8632 56.569 48.7418 50.7603 2.40903 10.2917 
33.4657 39.4911 0.570775 4.55271 55.6188 21.011 13.747 50.1831 100.404 12.1614 156.052 10.4887 79.633 0 42.9033 19.3438 15.6765 44.4952 4.37822 4.7991 33.7824 0.146019 8.69697 4.0184 16.5876 7.18182 0.248226 7.5499 
58.0131 96.4695 19.4149 37.6368 82.1559 40.2968 46.2711 173.39 46.5528 122.189 378.562 8.37752 10.5085 61.5696 0 14.7933 7.67822 3.94844 4.75174 7.42524 4.97548 11.0489 0.017919 26.7351 7.01487 26.113 8.44998 22.0557 
5.8622 32.2744 6.74249 35.1036 73.1832 6.67556 78.0629 22.6545 1.38345 88.5899 179.025 356.228 20.4224 6.37322 0.0581876 0 26.1462 0.837057 0.0896913 1.63707 0.149713 0.696246 0.0182672 24.3948 7.95279 8.84916 0.675189 11.5596 
478.649 401.645 28.2235 400.822 141.953 401.371 24.7275 8.98839 409.585 77.1307 93.0696 60.1336 0.869062 0.619718 26.1453 19.2775 0 249.503 317.801 0.35482 55.4878 9.22254 17.0962 3.72437 405.522 1.00069 21.4028 10.9132 
218.552 155.808 8.3953 145.733 235.475 17.4607 220.344 32.3078 73.1458 107.352 137.038 146.174 100.394 7.44367 68.3714 28.1703 58.1377 0 149.998 3.20151 123.483 42.1463 9.68524 46.0086 46.3671 25.9049 1.82865 10.9463 
92.0411 169.548 23.2007 60.1455 286.37 68.128 119.177 87.9061 97.7451 97.5636 79.5607 4.51284 57.3241 10.6599 38.2395 21.7945 107.153 143.424 0 24.9263 14.7799 2.94209 16.9747 16.4149 1.07792 0.616392 24.0087 20.2782 
56.1077 56.0853 7.71441 12.9737 0.4749 6.06058 13.3738 28.4848 15.8175 3.4542 85.5074 93.3177 17.7439 1.73354 5.82505 0.214294 33.8096 6.94302 36.3383 0 153.487 3.22109 0.000492348 1.4858 0.104612 0.596306 2.98985 3.66656 
145.752 70.846 2.48611 110.048 110.009 74.8261 139.342 93.6041 146.36 72.9773 4.78354 73.0573 13.8998 4.48287 19.6679 9.13833 68.2059 122.739 69.0324 36.5111 0 4.46063 10.422 24.4722 5.10925 8.06991 6.25079 46.3807 
2.32019 8.90774 0.0221478 0.788147 5.20862 11.1374 58.8467 31.8215 27.0423 0.0155022 1.74353 50.8895 9.18459 9.30746 7.0444 4.10806 0.889128 35.7103 4.07526 4.88478 3.88014 0 14.4439 3.09812 6.72242 0.00671654 12.5769 10.4999 
7.24429 46.2842 0.0358167 10.6651 35.4506 16.4477 64.3914 59.3429 102.176 44.7322 22.627 63.8203 74.2252 9.20713 10.8779 0.287786 7.35179 0.0019532 0.351292 0.0221101 12.656 14.3947 0 6.02843 7.02601 3.6918 12.1612 0.210069 
4.59822 52.0303 15.6151 1.00536 17.928 1.53055 0.123559 53.7419 35.9665 46.2199 43.2057 32.7057 67.4998 7.93141 13.7378 2.72671 4.38393 5.8239 10.6441 6.10926 42.7064 5.09752 11.782 0 45.4823 0.028214 16.5584 12.6953 
434.631 479.002 0.105562 430.256 24.0404 419.384 90.1435 64.5142 509.437 6.84178 57.9804 328.453 46.2784 16.4733 9.198 52.8879 422.151 42.3116 30.4281 13.8175 31.6459 37.6215 13.1689 15.2963 0 8.36648 45.8239 76.0121 
78.042 72.329 21.7957 5.18398 58.9659 27.7877 82.3709 229.692 134.363 32.6239 129.361 330.367 31.2375 2.29214 19.2497 4.89466 0.0606387 27.0615 27.5766 11.9674 47.5161 2.34987 10.2142 1.00021 5.47492 0 4.10217 23.1598 
24.0622 0.597918 6.77095 1.54866 9.45947 5.06382 39.7484 27.0774 39.3416 31.2243 42.1295 60.5939 0.0995637 0.590814 19.6376 1.29007 2.96325 3.0997 19.0278 11.0085 12.4394 12.5208 0.000299746 14.187 19.0882 0.744584 0 90.8545 
60.6369 30.6421 14.3224 7.05219 40.2141 22.9112 69.5984 114.254 6.54284 37.6187 95.4379 119.461 29.0092 3.31531 11.5244 6.81635 0.964016 14.9244 15.946 8.52078 37.5053 2.07236 5.93031 6.11916 37.0665 63.4933 35.7319 0 
