0 346.2 149.537 180.796 267.129 155.826 108.232 61.7793 159.246 57.8386 153.25 90.1843 15.231 43.1311 51.8041 27.3181 134.733 114.959 2.61972 193.343 8.30307 28.7015 40.751 44.2893 163.479 11.9741 5.01147 37.0466 
413.981 0 61.0846 431.316 432.965 214.921 221.67 159.436 510.414 27.1453 53.4816 197.995 64.595 32.4133 0.0170914 59.2409 276.778 97.902 59.7922 35.2406 36.8015 0.584799 41.8446 0.0514871 136.284 83.4443 0.0697963 63.7545 
192.436 410.469 0 18.7578 2.67056 13.8326 80.3866 30.7105 15.7184 38.6964 113.584 0.230607 67.5717 5.88428 1.74296 23.3348 1.10401 160.273 61.6152 24.0977 4.46442 11.5201 3.96934 1.16151 16.6577 23.2115 7.00089 6.6404 
221.396 338.204 79.0652 0 3.54454 196.648 203.169 965.33 134.986 106.86 0.0351844 258.104 4.42445 14.8042 38.3031 40.7207 181.94 44.1726 0.435748 10.2508 808.917 16.2627 0.47077 1.55528 138.394 1.73952 26.8932 29.4823 
180.57 488.813 10.4336 162.494 0 275.91 434.094 18.5077 245.092 26.3955 61.9086 5.91347 144.201 0.154228 43.9092 0.0582613 132.881 141.135 294.409 3.59457 129.988 2.52189 54.305 44.9116 33.2751 61.3842 26.8729 52.8033 
207.919 169.958 3.87995 182.203 684.808 0 368.5 142.668 539.584 473.824 99.7968 76.8202 503.492 21.7389 2.79699 5.99146 133.112 73.127 13.0041 13.931 52.056 0.000570031 0.00518577 13.897 158.422 17.464 14.7405 16.0753 
211.436 201.653 156.441 24.7929 80.0002 437.098 0 43.566 32.2771 486.466 25.7345 275.506 29.201 90.5284 27.5768 49.2956 107.878 212.904 151.589 93.3164 125.813 60.3922 6.28569 57.0851 11.534 92.5993 57.252 73.5505 
208.99 21.6658 206.105 14.4412 24.3574 32.1488 90.7831 0 39.3232 33.3155 10.4509 129.883 82.331 40.8779 5.81259 151.991 13.4976 70.1609 10.6379 109.295 23.344 0.738467 96.3836 98.7663 45.8714 63.0294 77.7999 100.595 
313.315 140.767 48.1267 448.349 159.02 378.996 335.648 530.892 0 116.493 1111.94 361.551 34.7788 105.483 225.114 149.769 221.745 178.523 5.283 99.7994 141.224 27.7858 98.4273 92.7646 153.964 70.2205 34.7412 10.569 
41.702 47.961 16.5772 3.99287 332.567 57.7268 20.0782 196.98 0.00274412 0 191.485 242.696 287.627 56.5887 0.947152 43.4314 79.4659 95.1386 27.0575 12.9675 36.2792 61.0799 60.4883 44.253 7.54414 1.89268 26.8086 32.2723 
161.429 15.2307 90.0859 137.092 224.671 9.88667 0.0131406 373.156 244.347 521.142 0 237.555 0.560178 197.319 405.855 195.145 65.2636 0.127718 45.2867 15.5438 104.593 69.5362 132.753 127.57 30.0807 112.599 3.12 17.668 
198.086 210.039 144.758 196.695 168.213 141.031 169.11 453.012 43.3752 63.8667 512.488 0 141.518 164.781 98.3951 210.67 18.732 149.846 45.6443 90.5026 105.159 70.4448 34.9492 0.523835 43.9773 7.03058 21.2323 1.15246 
86.2506 7.2741 22.6475 39.152 95.4961 121.379 212.485 60.7224 71.8345 80.2186 112.122 125.062 0 141.703 0.766722 60.6597 33.9354 14.6639 1.02217 9.24009 77.9327 10.7945 83.7904 58.724 49.7421 49.8623 2.77604 11.1462 
34.8754 37.2143 0.359027 5.19599 53.7757 20.6157 10.9399 44.5792 107.125 15.24 170.038 15.8976 65.2568 0 32.0155 19.1406 16.0512 45.4424 4.85945 4.79204 32.8887 0.266722 7.80911 4.74179 16.6063 6.64046 0.175945 7.88669 
59.7676 96.7465 21.0656 36.8798 84.5444 41.0153 54.066 178.329 59.3192 126.791 400.553 19.0056 6.75371 57.7612 0 4.50516 8.23639 3.10643 5.45432 7.14498 4.16551 10.4771 0.265208 27.4577 5.85012 27.2631 8.98169 22.4108 
4.36643 35.2643 5.77563 36.8027 73.843 7.66294 81.9128 37.5529 0.27538 90.0631 193.14 274.674 17.1726 4.74668 4.18194 0 26.1237 1.25323 0.0285661 1.84508 0.0225088 0.878258 0.00779907 21.8166 6.80612 6.7488 0.912063 10.581 
205.698 131.052 30.2589 130.905 145.522 132.277 21.7548 7.56129 138.174 78.4783 92.2283 58.2547 0.557035 0.489739 25.707 19.7362 0 264.703 132.392 0.197892 54.2721 8.89313 17.2877 4.00087 135.464 0.810115 21.5335 10.5176 
225.1 117.925 4.42469 145.93 234.261 21.6277 225.738 27.3296 82.5428 102.298 132.146 147.829 101.657 8.35737 68.6869 26.5598 79.3284 0 150.407 2.09606 123.058 42.2343 10.4482 46.4334 47.5059 24.3771 1.53654 11.8029 
88.3256 171.416 20.8077 59.1965 295.908 72.3085 112.572 84.8076 103.714 92.9715 83.7441 5.66298 54.8207 10.0362 38.3993 21.1328 78.5396 146.011 0 23.9674 13.4203 3.25433 17.3762 16.843 0.858513 0.818615 23.9106 19.8591 
77.3161 64.506 8.94495 10.5444 0.0886528 6.82733 10.8423 24.5061 18.7065 4.33253 84.8753 92.02 18.748 1.63479 6.11343 0.301204 33.9383 5.29229 36.1491 0 205.111 3.12 0.00378759 1.3679 0.171762 0.464276 3.16634 3.89467 
160.538 78.5063 0.933472 114.874 113.068 75.5914 137.377 102.871 139.996 70.5179 6.60981 67.061 12.6313 5.11182 18.2557 10.5026 67.9797 123.282 68.2375 10.8172 0 4.8069 9.71665 25.5937 4.26703 6.91012 5.68822 45.6999 
2.68268 9.762 0.0492091 0.655213 6.01171 10.5562 59.623 33.3653 25.4303 0.143448 2.41939 52.7598 11.9788 9.61118 7.62345 4.4605 1.02726 36.242 4.43155 4.96978 3.5648 0 14.8025 3.61397 6.60443 0.000105504 12.5015 10.5217 
6.45436 45.1116 0.00691788 10.1033 34.0555 16.4138 62.8449 55.5737 101.789 46.6147 27.707 57.9482 77.9013 8.52004 9.00354 0.571772 7.65972 0.0326254 0.247793 0.0353143 11.9062 14.7652 0 3.39121 8.20862 3.35343 11.9196 0.142521 
3.75434 53.2267 15.539 0.674105 19.234 1.84275 0.380393 47.1781 39.415 47.949 37.7212 23.8239 68.4896 8.52622 15.6814 4.83236 4.09739 5.17502 11.1065 6.05162 43.3881 4.52305 14.8289 0 46.2393 0.000179228 17.0173 12.3936 
167.361 209.371 0.0168009 158.868 22.3502 150.571 89.1321 53.3868 243.375 5.43389 51.3148 89.8518 45.0866 16.3321 7.91273 55.0009 152.896 43.5598 30.2611 13.8292 30.0688 68.653 11.8418 25.0761 0 50.5436 160.807 19.4742 
77.1656 70.3227 20.8352 3.86491 60.4449 27.821 79.2231 233.417 130.893 35.6417 121.378 365.737 32.8 2.71935 20.8473 3.2705 0.121146 25.5239 27.1607 11.8986 45.9456 2.15842 10.2976 0.677813 4.60658 0 5.45295 17.2438 
22.9632 0.857672 7.20817 1.23917 8.74353 5.44659 41.0664 24.2823 41.3563 32.253 39.7746 55.9655 0.187762 0.715436 19.7416 1.60454 2.7493 3.50127 19.3379 11.0167 13.1864 12.4384 0.0151865 14.7791 20.5193 0.284982 0 86.47 
60.8543 29.004 13.6913 7.96406 39.0389 22.9404 68.5871 118.402 8.22769 36.0541 98.025 128.68 28.0429 3.6347 12.3452 5.93756 0.814809 15.8696 16.4178 8.73133 38.4963 1.92427 5.6733 5.68206 37.1625 63.5054 25.6224 0 
