0 229.135 117.693 254.403 258.186 152.746 79.4716 92.3759 183.277 69.4864 141.104 71.5607 19.4419 45.0923 48.1457 32.4812 143.425 91.6021 0.828738 194.574 1.42317 29.87 39.3654 46.617 165.297 15.7326 6.20743 34.2835 
284.395 0 1.07366 449.834 333.283 256.791 119.532 189.542 538.957 12.7611 75.1403 208.127 74.5889 36.3805 0.285911 54.2486 286.361 808.615 74.9853 23.3043 48.2793 1.06343 39.5355 0.020463 144.539 83.4981 1.13929e-05 64.3338 
206.716 472.115 0 117.182 11.236 7.51542 44.272 9.33305 88.9502 49.5242 145.989 3.68775 64.8524 6.98013 3.25004 24.1314 0.334763 153.612 61.0957 25.5066 1.11317 11.2528 4.5896 1.65367 14.8616 24.5619 7.76978 5.62426 
304.342 284.716 334.464 0 0.3579 203.929 198.399 696.425 137.806 106.684 1.74196 247.761 6.54677 13.4641 37.1381 38.6049 189.72 32.655 0.0301234 6.53674 302.509 16.0363 0.818236 0.871339 142.057 0.57115 26.4525 28.2207 
207.879 528.702 2.27844 163.863 0 385.127 430.311 29.3674 284.054 59.3853 42.6153 2.51412 154.81 0.725067 37.6562 0.057021 123.617 162.237 301.193 6.55037 131.424 1.64623 53.2599 42.9043 30.1856 58.8548 25.2729 51.566 
201.383 152.958 8.90648 181.908 15.4776 0 439.349 165.119 604.365 645.013 139.839 63.2727 522.301 21.3211 1.20672 4.45939 140.614 63.2302 19.6873 15.4087 55.9376 0.0398306 0.0841894 14.6531 163.735 19.12 15.4015 15.0877 
185.019 102.876 194.656 10.7062 145.518 905.207 0 14.0731 118.536 508.817 1.69673 282.913 45.4884 93.6767 39.5883 57.2532 109.239 223.831 145.618 94.5025 119.606 61.4053 8.79068 53.8021 15.5802 95.7285 58.2699 73.4389 
174.66 8.46491 239.65 104.996 36.4112 16.5126 46.6894 0 129.767 48.7268 30.1624 420.26 90.9614 50.5425 14.6271 111.381 10.5692 58.9752 7.3691 112.991 34.4659 0.284382 92.9568 87.6348 64.8283 93.0386 72.9764 91.1828 
294.265 172.852 1.66894 467.2 115.47 500.238 919.654 404.106 0 173.917 258.766 387.663 23.1339 115.769 174.272 152.177 222.846 190.949 9.92642 96.0867 129.556 24.9798 100.547 95.6822 153.246 58.4437 31.2899 14.2592 
31.6701 28.6962 25.1413 7.91835 323.885 46.7381 0.477495 208.636 9.41809 0 334.368 234.217 318.835 49.5923 0.161285 35.4689 81.2966 85.6771 19.625 10.5201 31.7511 60.8527 59.8582 40.9509 5.07265 0.602948 24.9204 29.4433 
171.385 5.65514 60.0404 116.226 206.363 30.3074 15.2823 362.48 463.03 399.594 0 154.537 0.746369 179.093 369.788 214.186 61.3431 0.190626 52.6017 19.1381 96.8057 71.775 133.692 129.053 40.3057 97.0604 1.77137 22.9799 
183.659 217.193 127.034 223.96 173.218 131.528 140.507 779.4 16.7072 86.1177 480.586 0 147.413 159.345 59.4977 79.0829 21.6642 151.299 41.1189 92.9785 115.214 72.2068 26.2268 5.26363 88.0576 3.95875 27.6936 0.0614221 
81.374 12.1922 18.5284 43.1608 109.751 137.1 217.967 52.2207 56.2837 36.7981 87.0629 116.382 0 152.878 4.10193 54.3423 31.3215 18.3615 2.25373 7.833 77.8624 6.38762 87.7981 62.1055 51.3234 48.1278 3.47096 12.6851 
37.269 33.2449 0.105847 6.38356 50.3979 19.7793 6.74544 35.232 117.887 21.2039 190.58 27.5922 41.5818 0 13.6083 18.0177 16.6857 46.9857 5.74212 4.7692 31.2847 0.559303 5.8243 6.01296 16.5177 5.69912 0.0794898 8.45612 
62.5829 96.531 23.8337 35.2796 88.176 41.7396 68.0981 183.811 84.221 132.087 404.372 46.4465 2.12877 43.4458 0 1.04537 9.23523 1.87371 6.77021 6.65082 2.91725 9.46614 1.36767 28.0989 4.02829 28.9279 9.91211 22.9018 
2.26785 40.5426 4.2258 39.3323 74.6373 9.47244 88.0351 70.2707 0.372815 91.5482 212.789 131.204 12.047 2.35359 24.6519 0 26.034 2.17072 0.00337145 2.22878 0.0687191 1.24028 0.226186 16.6169 5.26508 3.64278 1.4032 8.8975 
205.682 136.879 33.7615 136.69 150.309 139.523 16.9392 5.3531 141.487 80.5027 90.5048 54.9183 0.178248 0.299461 24.9004 20.5077 0 282.301 510.221 0.0330923 52.0649 8.32449 17.6006 4.49948 140.747 0.525436 21.7407 9.83402 
233.114 26.5993 0.496245 144.423 228.948 29.6715 232.119 19.5153 99.3586 93.1248 123.112 150.047 103.497 10.0467 68.9846 23.7899 120.372 0 149.647 0.721507 121.796 42.3252 11.822 47.0772 49.3942 21.7618 1.08731 13.3452 
81.4667 172.468 16.8112 57.2171 301.022 78.7592 100.397 79.1936 113.669 84.4235 90.8037 7.95146 50.3645 8.97162 38.5453 19.9521 36.8456 149.115 0 22.2595 11.1797 3.82885 18.0522 17.5698 0.535013 1.23618 23.7131 19.1109 
117.211 79.3021 11.1875 6.78308 0.147254 8.22321 7.00696 18.1371 24.1679 6.07305 83.4241 89.3034 20.508 1.46655 6.61334 0.486027 34.0535 2.92958 35.6883 0 283.153 2.94443 0.0168794 1.17154 0.327282 0.272793 3.48023 4.29906 
184.68 91.9924 0.0103038 136.228 117.923 76.5696 133.207 118.966 128.241 66.0938 10.4457 56.8644 10.5443 6.28982 15.8712 13.0505 67.4275 123.702 66.6867 2.7235 0 5.43428 8.53103 27.5344 2.97162 5.08495 4.76465 44.4228 
3.37071 11.3175 0.1215 0.452263 7.52709 9.54428 60.789 36.0499 22.6804 0.672037 3.84699 55.9164 17.5555 10.0716 8.64121 5.08635 1.28988 37.1221 5.0787 5.11331 3.0447 0 15.18 4.56921 6.40998 0.0130863 12.3484 10.5434 
5.17377 42.9695 0.0102896 9.12435 31.5953 16.2802 59.8889 48.9716 100.449 49.6822 37.3937 47.8788 83.3702 6.76231 5.96769 1.27808 8.2 0.174472 0.110409 0.0655172 10.6348 15.1645 0 0.464144 10.3794 2.7867 11.459 0.0558947 
2.47909 55.1505 15.3331 0.252795 21.5554 2.4455 1.1587 36.3101 45.5306 50.7519 28.7455 11.3885 69.7009 9.39725 18.9665 9.51594 3.6169 4.12809 11.9133 5.93791 44.4715 3.57091 19.0191 0 45.9652 0.107925 17.7253 11.8232 
177.465 215.017 0.0442129 161.705 19.4891 157.933 86.8502 35.7454 254.775 3.34687 40.2165 730.042 42.8927 15.9698 5.84043 31.0706 159.518 45.6584 29.9121 13.8097 27.3299 55.5169 9.63151 45.1601 0 95.1931 28.1159 139.472 
75.1859 66.5249 19.0516 2.00057 62.8163 27.7065 73.3013 233.076 123.587 40.9177 106.427 398.098 35.4735 3.52316 23.4653 1.17274 0.275407 22.8845 26.3841 11.7393 43.1061 1.84036 10.3851 0.26227 3.62703 0 8.16431 8.46827 
21.0649 1.41838 7.98106 0.780024 7.55202 6.13261 43.302 19.6794 44.8481 33.9989 35.7072 47.9947 0.406744 0.958283 19.8546 2.22393 2.39381 4.25237 19.8608 11.0142 14.5146 12.2735 0.094338 15.7452 23.5653 0.00172542 0 73.9451 
61.0304 26.1786 12.5736 9.63613 36.9464 22.9143 66.5786 124.667 11.5672 33.2794 101.994 143.385 26.3372 4.20885 13.7629 4.50893 0.584315 17.55 17.2288 9.08469 40.1585 1.6771 5.22299 4.93679 36.8813 60.5412 10.9888 0 
