0 461.101 96.1521 594.189 248.938 436.28 62.1731 114.122 485.327 77.1836 132.697 60.0888 22.3925 46.2815 45.6837 35.9165 434.031 76.9313 0.200431 189.408 0.00749023 30.6081 38.406 48.04 451.13 18.3803 7.04355 32.469 
500.955 0 12.0481 734.12 260.892 568.744 65.5144 208.204 833.309 6.16712 90.4036 213.43 81.0941 38.9575 0.933374 50.8986 576.192 597.385 85.0889 16.6273 56.2604 1.44891 37.9862 0.147003 434.694 83.2202 0.0314396 64.577 
210.723 462.31 0 206.599 19.7243 4.32553 25.4545 1.9477 160.112 56.7442 166.208 8.09974 62.8462 7.70717 4.45025 24.4979 0.0730712 147.386 60.435 26.2465 0.130905 11.0653 5.0031 2.01424 13.6861 25.3197 8.27678 4.99397 
644.536 534.666 342.041 0 0.0579374 492.5 192.031 409.183 434.562 105.819 5.25702 236.408 8.12505 12.5779 36.1808 36.9088 479.209 25.8433 0.0204959 4.50604 683.619 15.8703 1.09276 0.52935 429.219 0.14937 26.1118 27.3175 
223.7 529.882 0.141509 162.968 0 396.235 414.143 37.5468 305.91 86.2217 31.6532 1.06479 160.803 1.31892 33.6785 0.303158 116.929 175.163 297.6 8.90486 131.925 1.17421 52.475 41.5408 28.192 57.0828 24.2309 50.6864 
481.734 431.546 13.0879 466.034 404.237 0 1322.87 178.119 899.52 979.55 165.946 54.6987 95.1042 20.9389 0.518834 3.56239 430.284 56.7642 24.5569 16.3437 58.3515 0.118743 0.186226 15.1127 451.697 20.154 15.8153 14.4286 
166.37 52.6433 215.515 4.55052 193.262 942.214 0 3.434 425.631 494.679 1.38317 284.671 57.4732 95.1725 48.1005 62.3699 109.738 228.969 140.749 94.7847 115.19 61.9317 10.6108 51.5518 18.4667 97.2771 58.835 73.1686 
151.651 3.0866 256.443 198.805 45.274 8.93146 24.9998 0 209.07 59.8581 47.8893 639.333 96.4532 57.0119 22.2882 85.7126 8.83615 51.9758 5.54574 114.818 42.6105 0.102944 90.3501 80.0926 78.0168 113.648 69.6875 84.7568 
565.889 486.013 6.00877 753.745 89.1164 847.78 1211.14 313.234 0 212.579 207.044 398.095 16.6881 121.679 99.5143 152.369 507.988 197.988 13.664 93.2937 121.582 23.1915 101.483 97.2084 437.893 50.959 29.0803 16.9017 
25.7096 18.5042 31.3809 11.1194 310.522 110.756 16.4048 214.587 24.9506 0 425.39 226.392 329.374 44.9113 1.67292 30.4498 82.2555 79.3998 15.3195 9.03603 28.894 60.4966 59.1996 38.7195 3.71041 0.148087 23.6888 27.5989 
177.03 1.88968 42.7441 102.262 193.028 48.698 39.9457 350.1 560.295 306.716 0 106.184 3.64148 164.353 326.18 222.575 58.7388 0.906329 57.4505 21.6166 91.5907 73.0805 133.277 129.143 47.4418 86.6445 1.09458 26.705 
173.172 220.433 114.68 238.15 175.749 124.508 121.883 939.278 5.87666 101.407 446.551 0 150.667 153.997 38.1073 22.852 23.6464 151.775 38.2156 94.267 121.498 73.2035 21.0612 10.8896 45.1354 24.6468 32.2128 1.22373 
78.0409 16.0002 15.9995 45.726 118.754 137.38 219.251 46.8516 46.8171 16.6697 71.5883 110.415 0 156.092 7.62408 50.0558 29.6249 20.9396 3.30396 6.96725 77.6983 4.09969 89.6095 64.0283 52.2376 46.8897 3.96003 13.7175 
38.7769 30.6778 0.0214536 7.19579 48.1015 19.1409 4.52519 29.5222 124.112 25.4248 200.77 36.5452 28.0624 0 4.84675 16.8113 17.0854 47.9138 6.3447 4.74721 30.2124 0.803378 4.39776 6.81786 16.3782 5.09521 0.0369719 8.81278 
64.2382 95.9178 25.5308 34.06 90.1552 41.8433 77.3213 185.161 101.607 133.567 383.151 69.2909 0.502063 31.1444 0 9.16688 9.90156 1.23471 7.68502 6.32646 2.21912 8.80312 2.5111 28.0822 3.00135 29.7584 10.5175 23.1317 
1.26071 43.9943 3.32304 40.6523 74.9091 10.6969 91.567 94.8907 1.8128 91.7622 221.632 56.9819 9.12639 1.19368 43.3829 0 25.9416 2.89594 0.0422874 2.49168 0.280631 1.5049 0.524939 13.0416 4.60254 2.08035 1.77403 7.83083 
490.14 426.288 35.9902 425.24 152.403 429.035 14.0758 4.11136 428.528 81.5923 89.2125 52.7111 0.0445571 0.200456 24.3476 20.9899 0 287.096 441.641 0.000115722 50.5722 7.95843 17.79 4.83493 428.798 0.372753 21.8615 9.39372 
235.898 5.04856 0.0443543 142.204 223.389 35.3602 234.137 15.0619 110.45 86.9644 116.934 151.029 104.445 11.2085 69.006 22.0197 148.424 0 148.16 0.210165 120.627 42.3419 12.7441 47.4297 50.5538 20.0982 0.835927 14.3804 
76.7852 171.642 14.3579 55.7184 296.342 82.2988 92.1467 75.4162 119.772 78.5651 95.2067 9.62766 47.4186 8.2962 38.5498 19.1673 19.9036 150.151 0 21.1284 9.8138 4.22275 18.4752 18.0289 0.364962 1.55147 23.5666 18.6126 
143.09 88.7671 12.6894 4.71601 0.682101 9.16453 4.92948 14.4223 27.9796 7.34148 82.2473 87.2391 21.6566 1.35995 6.93571 0.628388 34.0541 1.75524 35.301 0 316.842 2.83068 0.0303773 1.05026 0.454288 0.174944 3.68852 4.56625 
198.845 100.748 0.632976 125.806 120.738 76.9607 130.011 129.259 120.224 63.1344 13.3691 50.4575 9.27354 7.10999 14.3775 14.8152 66.9618 123.615 65.5681 23.217 0 5.85854 7.79077 28.7841 2.24909 4.03624 4.20308 43.5322 
3.85599 12.3726 0.18552 0.339975 8.589 8.88969 61.4177 37.7879 20.937 1.22132 4.94175 57.892 21.6062 10.3209 9.30462 5.49909 1.47551 37.6624 5.51699 5.20351 2.72645 0 15.2514 5.22129 6.2954 0.0381615 12.2343 10.5466 
4.40835 41.5141 0.0489827 8.49068 29.9808 16.1433 57.8014 44.6924 99.133 51.5163 44.1601 41.535 86.2188 5.38186 4.23077 1.86816 8.55373 0.326647 0.0503886 0.0900249 9.83311 15.2505 0 0.0107473 11.8354 2.4363 11.1339 0.0208623 
1.78603 56.2874 15.1503 0.0869074 23.0915 2.87544 1.88681 29.7453 49.549 52.419 23.3845 5.61757 70.1317 9.83145 20.9616 12.9922 3.31738 3.50543 12.4382 5.85512 45.1034 2.99242 20.5274 0 44.717 0.283476 18.1197 11.4238 
468.609 503.045 0.185609 448.101 17.6923 447.268 85.0249 25.7735 546.188 2.24882 33.4578 905.4 41.3923 15.6576 4.62543 12.216 448.399 46.968 29.646 13.77 25.5613 17.1289 8.3018 56.6746 0 47.0227 105.071 87.1181 
73.6012 63.8674 17.8304 1.1028 64.2116 27.5154 69.1941 228.227 118.052 44.3257 96.2065 396.579 37.171 4.08035 25.0212 0.36076 0.408768 21.2006 25.8447 11.6092 41.198 1.6445 10.4023 0.0949337 3.36402 0 10.1356 4.2138 
19.8441 1.85583 8.48989 0.53689 6.81608 6.59077 44.7109 16.8857 47.0987 35.1002 33.097 42.9231 0.593372 1.13327 19.8814 2.67303 2.17442 4.77544 20.1887 11.0012 15.3953 12.1519 0.181735 16.324 25.9222 0.17277 0 63.2809 
61.0069 24.3665 11.8382 10.7729 35.5582 22.845 65.1112 128.034 13.9998 31.45 104.188 151.806 25.2155 4.59239 14.6692 3.66081 0.454546 18.6641 17.7483 9.30488 41.1931 1.52386 4.92945 4.46593 36.3732 56.7274 4.42138 0 
