0 310.616 72.6273 533.935 235.709 314.062 44.7125 139.412 384.17 85.7789 122.952 48.0858 25.8624 47.5221 42.8779 39.7855 319.037 61.3976 0.0047995 158.328 1.31738 31.4094 37.2852 49.5352 330.568 21.4991 8.02793 30.4372 
328.662 0 69.1124 600.567 180.842 476.029 22.5924 227.677 713.66 1.57294 108.198 218.069 88.2869 41.8107 2.0882 47.0963 459.069 457.8 96.3712 10.3647 65.5364 1.94672 36.2206 0.423884 319.049 82.6214 0.137791 64.7232 
210.022 406.363 0 281.812 31.583 1.75406 10.1159 0.222055 249.684 64.8007 187.078 14.9189 60.4056 8.52371 5.97286 24.7605 0.00548005 138.858 59.4053 26.8952 0.17052 10.8441 5.47117 2.45158 12.3792 26.0435 8.8469 4.32296 
579.353 377.579 290.318 0 1.38079 374.212 182.124 738.626 335.181 104.169 11.3238 219.924 10.0585 11.5829 34.939 34.7536 362.492 19.0065 0.246154 2.64949 163.848 15.668 1.44254 0.246543 310.257 0.000713733 25.683 26.2399 
239.054 507.842 0.793148 160.332 0 384.046 384.457 47.5882 326.208 119.717 21.1252 0.169975 166.554 2.18418 29.3654 0.805555 108.954 188.569 286.33 11.9062 132.078 0.740024 51.5049 39.9715 25.9924 54.9981 23.0695 49.6388 
355.163 308.106 18.4321 343.348 589.43 0 1603.57 190.706 758.464 475.407 193.757 45.5042 530.568 20.4143 0.0873581 2.66501 314.103 49.6227 30.3681 17.354 60.9247 0.25594 0.346451 15.5926 333.36 21.258 16.2608 13.6812 
144.768 15.0492 233.623 0.716878 247.87 675.327 0 0.0800941 856.721 453.768 15.3806 283.741 71.8566 96.3079 58.0456 67.9517 109.932 232.76 134.479 94.6413 109.949 62.3935 12.8052 48.9497 21.8972 98.5342 59.3735 72.6848 
126.077 0.213454 269.515 235.071 55.9811 3.13163 8.42992 0 308.153 73.095 71.6263 855.448 102.422 64.3031 32.4212 59.2933 7.07008 44.4915 3.80457 116.301 52.4279 0.00699884 87.1165 71.5283 93.1571 136.737 65.901 77.394 
429.255 401.803 42.7162 624.398 62.5585 771.616 1302.02 213.813 0 254.731 926.066 403.206 10.6493 127.485 119.825 151.299 386.447 204.771 18.4575 89.853 112.418 21.2373 102.106 98.5522 316.465 42.8941 26.6576 20.0559 
19.6654 9.60417 38.8234 15.2434 289.142 237.059 59.086 219.596 50.1778 0 512.451 215.691 331.235 39.6505 5.19273 25.0912 83.1035 72.3466 11.0686 7.49045 25.8035 59.9081 58.2398 36.1707 2.43067 0.0028017 22.3157 25.5474 
182.487 0.0622513 26.3013 86.6939 177.095 73.0139 79.4609 331.65 711.296 203.044 0 60.7169 9.38329 145.859 264.391 227.821 55.7939 2.32593 62.9061 24.4968 85.6702 74.3905 131.867 128.428 55.7404 74.97 0.529269 31.0781 
160.629 222.685 100.456 250.058 177.875 116.02 101.54 1026.16 0.301941 118.872 398.426 0 153.725 146.483 19.1766 0.000147744 25.9208 151.867 35.0274 95.3954 128.211 74.1721 15.8496 19.3556 13.9212 66.356 37.5016 4.23544 
74.1936 20.7738 13.3407 48.5302 128.406 117.412 218.531 41.0543 37.0084 3.27591 55.4712 103.515 0 155.691 12.718 45.1744 27.7418 23.9631 4.70026 6.05058 77.4057 2.12326 90.8518 65.8941 53.1465 45.4134 4.539 14.8953 
40.4062 27.846 0.00284683 8.13233 45.4628 18.3484 2.55057 23.582 130.214 30.3772 208.738 47.551 15.5724 0 0.191403 15.0967 17.5182 48.8751 7.04119 4.71611 28.9925 1.12276 2.85745 7.6664 16.1479 4.4367 0.00848618 9.19578 
65.9098 94.8005 27.298 32.5484 91.9868 41.6151 87.4816 184.567 121.438 133.338 340.013 98.073 0.0175014 17.4906 0 25.9316 10.6584 0.67653 8.75577 5.96313 1.54914 8.0636 4.13634 27.6597 2.01822 30.4326 11.1902 23.3032 
0.480375 47.8305 2.42679 41.7949 74.9829 12.0923 95.0394 124.018 4.6713 91.2974 227.421 8.19988 6.29741 0.343371 64.4314 0 25.807 3.82095 0.136953 2.79597 0.684767 1.82547 0.995511 9.17683 4.20113 0.828308 2.23296 6.68124 
367.887 310.581 38.4098 307.818 153.76 312.686 11.153 2.91226 309.522 82.5898 87.617 50.2218 0.000601706 0.113233 23.7064 21.5082 0 285.976 451.774 0.0324437 48.8584 7.55412 17.9877 5.21892 310.659 0.23296 21.983 8.90716 
236.68 34.5886 1.51224 138.618 215.347 42.0443 234.362 10.7218 122.806 79.9752 109.815 151.689 105.264 12.5585 68.8699 20.0822 179.451 0 145.599 0.000459755 119.005 42.3212 13.7969 47.7603 51.7795 18.284 0.593846 15.5624 
71.4053 169.333 11.7854 53.8635 283.924 85.5586 82.7674 71.1091 126.163 71.8344 99.9087 11.6643 44.1072 7.56095 38.4708 18.2791 12.449 150.38 0 19.8537 8.37997 4.68014 18.9304 18.5272 0.213191 1.94284 23.3866 18.0466 
169.83 98.931 14.38 2.81459 1.73453 10.2372 3.02371 10.7188 32.4364 8.87496 80.7254 84.6757 22.9374 1.24398 7.29149 0.807039 33.9857 0.793474 34.7894 0 332.324 2.70438 0.0500333 0.921352 0.619489 0.0910714 3.92434 4.86743 
212.813 110.384 2.45261 85.581 123.541 77.1663 126.021 140.431 111.025 59.7721 17.0082 43.5793 7.94026 8.07229 12.7711 16.8728 66.3447 123.185 64.2222 66.7562 0 6.34636 6.99557 30.162 1.55794 3.00076 3.61418 42.4859 
4.43141 13.5869 0.272558 0.233273 9.8405 8.1663 61.9955 39.7133 19.0407 2.02101 6.31211 60.0152 26.4518 10.5496 10.0408 5.96209 1.6961 38.2343 6.02111 5.3011 2.39046 0 15.1671 5.96873 6.18329 0.081512 12.0938 10.54 
3.62001 39.8392 0.125832 7.79025 28.1732 15.9448 55.3346 39.974 97.2652 53.396 52.0265 34.7461 88.6773 3.79173 2.58761 2.63104 8.94992 0.551693 0.0108361 0.121823 8.96436 15.1824 0 0.949693 13.4684 2.06528 10.7494 0.00173881 
1.14329 57.4438 14.9022 0.00387743 24.8235 3.38767 2.90022 23.0041 54.0344 54.1197 17.928 1.52337 70.2752 10.1769 22.986 16.9767 2.99583 2.86664 13.0226 5.75482 45.7385 2.39265 20.8072 0 42.3974 0.574944 18.495 10.9546 
353.861 384.642 0.456889 328.081 15.7558 330.489 82.6879 16.3298 431.191 1.27448 26.4531 164.47 39.6578 15.2413 3.41192 6.3141 331.145 48.3727 29.3136 13.7007 23.6082 3.78877 6.95733 65.0245 0 14.849 125.988 27.5996 
71.5716 60.7501 16.4261 0.409732 65.6235 27.1955 64.4225 218.717 111.239 48.0675 84.5709 373.868 39.0164 4.72702 26.5874 0.00332984 0.587926 19.3596 25.213 11.4401 39.0229 1.43683 10.3845 0.00634667 3.42272 0 12.4873 1.13659 
18.4986 2.41028 9.06138 0.318298 6.03291 7.11162 46.2359 13.9748 49.5807 36.293 30.2311 37.4231 0.842216 1.34367 19.8677 3.21388 1.94087 5.39017 20.5428 10.9762 16.3918 12.0032 0.312112 16.9185 28.8792 0.690674 0 50.0678 
60.8523 22.3766 11.0142 12.0782 33.9888 22.7196 63.3326 131.085 16.9381 29.3966 106.257 159.937 23.9563 5.02735 15.6576 2.80122 0.328681 19.9236 18.3192 9.54093 42.3008 1.36022 4.60266 3.95659 35.4941 50.9873 0.502655 0 
