0 285.011 71.0542 513.106 234.693 289.151 43.5913 141.179 360.717 86.3693 122.269 47.2931 26.1081 47.6041 42.6825 40.0531 294.596 60.3666 0.0110121 155.157 1.51964 31.4638 37.206 49.6346 305.734 21.7199 8.09776 30.2969 
301.437 0 74.5438 574.424 175.531 453.035 20.4116 228.957 688.555 1.3666 109.447 218.338 88.7787 42.0063 2.18441 46.8325 434.432 752.142 97.1451 9.98247 66.1881 1.98366 36.0976 0.448231 294.557 82.569 0.147888 64.7284 
209.772 400.997 0 285.059 32.4843 1.61742 9.30174 0.360035 255.944 65.3525 188.433 15.4592 60.2299 8.58008 6.08446 24.7729 0.00956104 138.213 59.3232 26.9329 0.217467 10.8284 5.50368 2.48303 12.2895 26.0885 8.88637 4.278 
557.986 350.438 293.558 0 1.53597 349.504 181.339 1142.08 312.133 104.029 11.8223 218.653 10.1983 11.5142 34.8469 34.5957 337.913 18.5674 0.270877 2.53838 333.387 15.6534 1.4683 0.230932 285.538 0.00305201 25.6516 26.1631 
240.013 505.451 0.955996 160.087 0 383.514 381.998 48.3132 327.432 122.129 20.47 0.136511 166.912 2.25159 29.0737 0.848966 108.387 189.449 285.282 12.127 132.072 0.713711 51.4345 39.8615 25.8419 54.8504 22.9895 49.564 
329.922 283.283 18.8226 318.362 306.707 0 1454.32 191.491 731.072 526.894 195.593 44.888 615.846 20.3744 0.0708638 2.60733 289.574 49.1353 30.7809 17.4223 61.0972 0.267296 0.359285 15.6243 308.673 21.332 16.2909 13.6292 
143.261 13.2664 234.643 0.573892 251.606 648.786 0 0.185312 885.294 450.066 16.8873 283.565 72.8808 96.3651 58.744 68.33 109.931 232.944 134.016 94.6137 109.576 62.4204 12.9625 48.767 22.1414 98.6022 59.4071 72.6444 
124.334 0.138781 270.179 235.478 56.7479 2.83941 7.60296 0 315.176 74.0347 73.4006 868.012 102.827 64.8063 33.1762 57.5911 6.95495 43.9896 3.69615 116.381 53.1306 0.00452665 86.8815 70.9351 94.2091 138.311 65.6358 76.881 
403.313 379.669 46.3797 598.6 60.8601 748.735 1297.58 207.263 0 257.549 757.909 403.3 10.2796 127.854 124.158 151.176 361.538 205.195 18.8111 89.6037 111.778 21.1042 102.133 98.6307 291.589 42.3519 26.4925 20.2809 
19.2738 9.09193 39.3518 15.5479 287.439 247.078 62.8967 219.876 52.1964 0 517.627 214.881 330.972 39.2882 5.50445 24.7331 83.1533 71.8598 10.7982 7.38837 25.5945 59.8602 58.165 35.993 2.35197 0.00690858 22.2212 25.4063 
182.829 0.0295139 25.294 85.6294 175.962 74.8124 82.5965 330.21 723.724 196.197 0 57.9766 9.87417 144.52 259.786 228.017 55.5894 2.4478 63.2832 24.6996 85.2589 74.475 131.733 128.348 56.323 74.1682 0.497715 31.3874 
159.736 222.786 99.4656 250.715 177.994 115.412 100.165 1028 0.17618 120.084 394.776 0 153.913 145.909 18.0881 0.119023 26.08 151.856 34.8099 95.461 128.661 74.2332 15.5133 20.0193 15.1358 69.8525 37.8747 4.50846 
73.9239 21.1226 13.1641 48.7208 129.053 115.308 218.397 40.6629 36.3647 2.72829 54.4128 103.031 0 155.507 13.1119 44.8354 27.6124 24.1769 4.80504 5.98937 77.3813 2.01009 90.9066 66.0115 53.2047 45.308 4.58019 14.9775 
40.5163 27.6524 0.00450719 8.19791 45.2783 18.2908 2.43449 23.1909 130.6 30.7265 209.147 48.3435 14.8287 0 0.0985574 14.9663 17.5475 48.9385 7.09013 4.71372 28.9076 1.14654 2.75733 7.72231 16.1291 4.39205 0.00726096 9.22157 
66.018 94.7068 27.4143 32.4386 92.0981 41.5861 88.1722 184.444 122.806 133.249 336.391 100.15 0.036223 16.6207 0 27.3007 10.711 0.644113 8.83149 5.93806 1.50723 8.01273 4.26066 27.6151 1.95706 30.4689 11.2364 23.3117 
0.440081 48.0937 2.36956 41.8604 74.9791 12.1893 95.2596 126.055 4.916 91.2382 227.655 6.4155 6.11993 0.303223 65.7686 0 25.7965 3.88919 0.145468 2.81735 0.719116 1.84852 1.03304 8.92206 4.1869 0.762209 2.26631 6.60386 
342.931 286.114 38.5735 283.204 153.815 288.146 10.9626 2.83698 284.804 82.65 87.5011 50.0493 0.00166433 0.108125 23.6612 21.5432 0 285.646 517.957 0.0373537 48.7385 7.52639 18.0008 5.24576 285.99 0.224513 21.9909 8.8738 
236.642 37.8588 1.68944 138.329 214.724 42.5164 234.298 10.4477 123.654 79.4902 109.317 151.717 105.311 12.6535 68.8542 19.9503 181.545 0 145.388 7.5755e-05 118.881 42.3182 13.8704 47.7806 51.8613 18.1607 0.578655 15.645 
71.0294 169.12 11.615 53.7288 282.801 85.755 82.1168 70.809 126.586 71.3646 100.224 11.811 43.8783 7.51098 38.4621 18.2174 12.3664 150.36 0 19.7654 8.28469 4.71233 18.9612 18.561 0.204203 1.97136 23.3736 18.0073 
171.546 99.611 14.4965 2.70024 1.82458 10.3118 2.90875 10.4815 32.7508 8.98512 80.6125 84.4893 23.0256 1.2361 7.31583 0.820107 33.9783 0.74091 34.7511 0 332.456 2.69569 0.0515669 0.912712 0.631779 0.0862782 3.94073 4.88831 
213.696 111.041 2.62117 82.2797 123.721 77.1715 125.73 141.187 110.383 59.5382 17.2732 43.1164 7.85163 8.14042 12.6629 17.018 66.2983 123.142 64.1256 70.4151 0 6.38053 6.94196 30.2563 1.51481 2.93475 3.57505 42.4118 
4.47238 13.672 0.279163 0.226644 9.92926 8.11674 62.0305 39.8455 18.9119 2.08332 6.41229 60.1583 26.797 10.5633 10.0913 5.99405 1.71183 38.2725 6.05646 5.30771 2.36802 0 15.155 6.02084 6.17628 0.0850972 12.0836 10.5391 
3.56827 39.7218 0.132434 7.7423 28.0485 15.9294 55.1597 39.6519 97.1212 53.5188 52.5785 34.2913 88.8177 3.68432 2.48723 2.68728 8.97729 0.569347 0.00917616 0.124187 8.90548 15.1714 0 1.06837 13.5806 2.04053 10.7221 0.00119823 
1.10412 57.5191 14.8834 0.00213683 24.9435 3.42419 2.97784 22.5644 54.3431 54.2305 17.5738 1.33516 70.2719 10.195 23.1163 17.2486 2.97415 2.82481 13.0628 5.7476 45.7795 2.35321 20.7699 0 42.204 0.598688 18.5183 10.9213 
329.423 359.945 0.479959 303.281 15.6251 305.911 82.5154 15.7496 406.714 1.21721 25.9933 5.72523 39.536 15.2101 3.33414 6.72716 306.536 48.4673 29.2893 13.695 23.4745 4.83888 6.87084 65.3808 0 15.9087 115.061 31.2291 
71.4217 60.5296 16.328 0.374186 65.715 27.1693 64.0873 217.91 110.747 48.3223 83.7648 371.535 39.1416 4.77244 26.6881 0.000407416 0.601456 19.2343 25.1683 11.4275 38.8713 1.42294 10.3818 0.00408391 3.44044 0 12.6543 0.994543 
18.4066 2.45105 9.10089 0.305291 5.98043 7.14788 46.3392 13.7825 49.7505 36.3738 30.0355 37.0512 0.860939 1.35876 19.8651 3.25268 1.92521 5.43377 20.5668 10.9741 16.461 11.9924 0.322366 16.9574 29.0949 0.738915 0 49.1321 
60.8367 22.2408 10.9573 12.1694 33.8798 22.7091 63.2046 131.268 17.149 29.2548 106.384 160.445 23.8692 5.05758 15.7248 2.74556 0.320741 20.0111 18.3583 9.55683 42.3753 1.34922 4.58017 3.92215 35.4213 50.5421 0.374487 0 
