0 68.4029 57.3262 330.059 224.974 71.2476 34.0336 157.133 155.919 91.6606 116.06 40.387 28.355 48.3218 40.9152 42.4587 80.743 51.3582 0.181288 122.54 3.98139 31.9478 36.4831 50.5061 88.3037 23.7385 8.73717 29.0356 
69.9229 0 130.159 343.007 129.836 251.547 5.66724 240.058 466.773 0.16107 120.774 220.454 93.174 43.7564 3.145 44.4495 218.537 966.9 104.063 6.84611 72.108 2.33099 34.9836 0.697616 80.2184 82.0333 0.254794 64.7469 
206.373 345.855 0 299.923 41.03 0.633815 3.4791 3.08591 311.149 70.2781 200.035 20.7093 58.6078 9.08643 7.12416 24.8501 0.0970111 132.111 58.5207 27.2292 0.895555 10.6844 5.79692 2.77338 11.4861 26.464 9.24196 3.88176 
369.035 113.814 339.522 0 3.29825 133.032 173.728 478.525 112.491 102.621 16.7561 206.52 11.4921 10.8964 33.9827 33.1249 122.724 14.8178 0.546183 1.64092 439.038 15.5183 1.7096 0.113286 69.1663 0.0971822 25.3583 25.4574 
248.024 479.267 3.09913 157.534 0 384.263 357.745 55.0117 337.355 144.209 15.0046 0.000246612 169.906 2.90283 26.4868 1.29041 103.193 197.069 274.381 14.1912 131.933 0.498077 50.7798 38.8625 24.4948 53.4996 22.2703 48.8769 
108.893 67.1925 22.4405 99.5301 35.2563 0 1020.06 198.032 484.579 453.481 211.488 39.4619 537.906 19.9947 3.74136e-06 2.11429 74.9066 44.7893 34.552 18.0268 62.6179 0.380441 0.484992 15.9021 92.5313 21.9844 16.5575 13.1597 
129.667 2.23224 242.389 0.0020547 284.638 396.71 0 3.08291 1113.06 412.317 33.4332 281.332 82.2507 96.7563 65.0774 71.6894 109.843 234.148 129.684 94.2616 106.162 62.6339 14.4121 47.1067 24.3789 99.1056 59.6876 72.2403 
108.854 0.187458 274.714 241.586 63.7997 0.848571 2.06566 0 378.345 82.6179 90.0757 962.317 106.421 69.3283 40.2643 43.1195 5.9585 39.5611 2.78868 116.974 59.587 0.00639836 84.7001 65.595 103.674 152.269 63.2292 72.2416 
175.954 187.471 85.0299 370.526 46.4375 541.971 1197.43 151.165 0 282.148 122.534 402.627 7.23448 130.985 156.332 149.783 143.381 208.748 22.1224 87.2949 105.981 19.918 102.275 99.2532 73.8954 37.5655 25.0175 22.3475 
15.9049 5.09735 44.1785 18.399 270.921 338.862 101.519 222.006 71.8111 0 558.253 207.207 326.361 36.0395 8.69577 21.5864 83.5499 67.4837 8.50249 6.49654 23.7388 59.3868 57.4433 34.3858 1.70041 0.125887 21.3715 24.1412 
185.704 0.278248 17.032 76.1442 165.601 91.5626 112.866 316.35 834.586 137.816 0 35.8979 14.8259 132.193 217.257 228.804 53.7439 3.68135 66.678 26.5462 81.543 75.201 130.323 127.439 61.6135 66.9992 0.25722 34.2104 
151.554 223.385 90.5395 255.63 178.903 109.828 87.9951 1019.4 0.558344 130.992 360.371 0 155.47 140.437 9.65381 11.0902 27.5246 151.661 32.8665 95.9797 132.631 74.7501 12.6293 26.4229 47.1245 104.251 41.2768 7.33588 
71.4724 24.367 11.6175 50.42 134.756 93.7566 216.717 37.1948 30.7748 0.0498959 45.2331 98.6354 0 152.97 16.8875 41.7798 26.4519 26.1317 5.79726 5.45012 77.1371 1.1287 91.2184 67 53.703 44.3405 4.9582 15.7218 
41.4936 25.9216 0.0365274 8.79349 43.604 17.7565 1.50922 19.7886 133.853 33.9039 211.99 55.6403 8.89291 0 0.636553 13.7345 17.8083 49.491 7.53532 4.69068 28.1387 1.37027 1.91087 8.20781 15.9443 3.99548 0.000528468 9.44978 
66.9498 93.769 28.4257 31.4213 93.0104 41.2483 94.3044 182.872 135.045 132.027 300.754 119.199 0.507047 9.5291 0 40.3161 11.1877 0.387927 9.52278 5.71235 1.15537 7.55623 5.44266 27.1264 1.44663 30.7362 11.6509 23.3685 
0.156599 50.4518 1.88247 42.3699 74.8927 13.0654 97.1251 144.376 7.38729 90.5481 228.789 0.211038 4.62935 0.0535901 76.5806 0 25.695 4.52825 0.233563 3.01185 1.06544 2.06122 1.39853 6.73134 4.13824 0.289446 2.57587 5.91989 
124.368 72.1747 40.0272 67.7747 154.083 73.3802 9.3144 2.20229 68.4541 83.141 86.4251 48.4924 0.0349857 0.0674346 23.2499 21.8531 0 281.246 200.197 0.0971361 47.6495 7.27803 18.1157 5.48946 70.0257 0.15547 22.0587 8.57479 
235.78 67.2804 3.71866 135.493 208.743 46.8174 233.269 8.13311 131.24 75.1152 104.793 151.875 105.682 13.5203 68.6779 18.7732 199.947 0 143.295 0.0784221 117.697 42.2827 14.5365 47.9494 52.5812 17.062 0.450657 16.3929 
67.6229 166.905 10.1255 52.4789 271.252 87.3514 76.2576 68.0936 130.281 67.1138 103.006 13.1672 41.8177 7.06627 38.3648 17.6603 13.8473 149.966 0 18.9697 7.44875 5.00611 19.2337 18.8618 0.132011 2.23654 23.2525 17.6508 
186.026 105.582 15.5425 1.77287 2.73511 10.9866 1.97187 8.45497 35.6174 10.0009 79.5514 82.7568 23.8182 1.16596 7.53381 0.941994 33.8963 0.34835 34.389 0 328.128 2.61771 0.0663936 0.836541 0.747561 0.0489479 4.08887 5.07667 
221.144 116.891 4.3822 54.0679 125.258 77.1659 123.024 147.877 104.571 57.4239 19.7383 39.0281 7.07441 8.76357 11.7035 18.341 65.86 122.684 63.236 106.196 0 6.69137 6.46695 31.1001 1.15328 2.37186 3.23173 41.7335 
4.84858 14.4456 0.342072 0.171213 10.7425 7.67343 62.317 41.0299 17.7658 2.68478 7.34584 61.4254 29.9591 10.6756 10.5436 6.28163 1.85638 38.6092 6.3776 5.36646 2.17061 0 15.0091 6.4922 6.11799 0.120794 11.989 10.5291 
3.11799 38.6559 0.199321 7.31294 26.9263 15.7805 53.5569 36.7745 95.7392 54.5825 57.5887 30.2867 89.9077 2.75101 1.66561 3.21185 9.22383 0.740584 0.000442374 0.146458 8.38201 15.0354 0 2.42142 14.5838 1.82295 10.4718 0.000851555 
0.781783 58.1699 14.7046 0.00964394 26.026 3.75956 3.71975 18.7646 57.1117 55.1887 14.523 0.198316 70.1664 10.3242 24.2277 19.6422 2.78207 2.46129 13.4243 5.68091 46.1325 2.01044 20.1121 0 40.2847 0.83294 18.7125 10.6177 
115.519 143.681 0.712606 86.1419 14.4661 90.7473 80.9007 10.9672 192.334 0.760298 22.0004 900.4 38.4284 14.9146 2.67034 15.017 91.0972 49.3047 29.0629 13.6377 22.2775 24.0369 6.13315 67.2331 0 43.541 21.0964 95.8645 
70.019 58.5175 15.4396 0.126586 66.5047 26.9106 61.0397 209.822 106.198 50.5928 76.517 346.522 40.2548 5.18492 27.5488 0.100691 0.729949 18.1166 24.7596 11.3091 37.4997 1.30055 10.3495 0.00609376 3.67821 0 14.1813 0.140499 
17.5827 2.83271 9.45693 0.200336 5.51686 7.47609 47.2565 12.1029 51.2699 37.0919 28.2896 33.752 1.03854 1.49774 19.8316 3.60977 1.78682 5.83279 20.7796 10.9525 17.0864 11.8927 0.421902 17.2946 31.0992 1.24424 0 40.7088 
60.6672 21.0276 10.446 12.9968 32.8959 22.6037 62.0237 132.739 19.0928 27.9777 107.442 164.684 23.085 5.33055 16.3217 2.26656 0.253604 20.801 18.7072 9.69752 43.0346 1.252 4.37832 3.61662 34.6961 46.2962 0.0690859 0 
