0 25.7306 43.8871 303.406 213.699 12.5834 25.0635 173.939 110.97 97.1783 109.421 33.5704 30.7909 49.0376 39.0361 44.9895 25.993 42.4348 0.583761 85.2622 7.8124 32.4478 35.7005 51.3804 29.6971 25.924 9.43286 27.707 
11.4515 0 198.266 265.717 86.9673 208.357 0.0104505 250.887 399.929 0.16808 132.832 222.087 97.7382 45.5817 4.34083 41.9274 161.087 584.688 111.235 4.14962 78.4437 2.72648 33.7965 1.01964 24.8962 81.3442 0.398817 64.711 
200.6 278.018 0 286.294 50.8053 0.0847257 0.363808 8.81007 364.785 75.3676 211.006 26.9661 56.8205 9.61798 8.28568 24.8654 0.288086 125.133 57.5528 27.4582 2.10575 10.5274 6.1076 3.09337 10.6477 26.8016 9.61799 3.48013 
334.311 38.4906 322.727 0 5.86047 75.094 164.706 1260.39 75.7013 100.85 22.799 192.497 12.9251 10.2465 33.0039 31.4848 66.3629 11.2723 0.939252 0.899618 646.649 15.3685 1.98215 0.0339749 11.7256 0.338711 25.0285 24.6869 
255.198 443.287 6.65746 154.163 0 394.517 328.472 62.3928 345.598 167.95 10.1082 0.178231 172.602 3.67546 23.8382 1.85418 97.5614 204.5 260.172 16.513 131.607 0.312138 50.0501 37.7907 23.0901 52.0336 21.5134 48.1245 
46.6362 12.409 26.4212 39.4123 355.085 0 774.658 203.86 384.899 418.145 226.826 33.9946 472.247 19.5546 0.0769185 1.64565 19.2393 40.3001 38.6195 18.6449 64.1595 0.520994 0.637397 16.179 35.2092 22.6451 16.831 12.661 
115.369 0.620111 247.631 0.796702 317.73 162.673 0 9.90038 1267.32 365.161 56.3965 277.73 92.3769 96.9264 71.8159 75.1326 109.589 234.526 124.807 93.6902 102.447 62.8027 16.0037 45.3249 26.8141 99.4216 59.942 71.7355 
93.0425 1.64394 276.627 274.549 71.5054 0.0125944 0.0013822 0 443.125 91.8831 108.9 1019.31 110.116 74.0673 48.2687 29.7246 4.98535 35.0739 1.96642 117.344 66.6364 0.0554143 82.274 59.9831 113.593 166.425 60.654 67.3223 
107.026 156.991 135.098 297.089 33.0517 480.87 991.039 99.1058 0 306.26 652.281 398.975 4.58211 133.918 147.139 147.765 83.9193 211.971 25.8568 84.7356 99.8079 18.6885 102.236 99.7454 15.226 32.7183 23.4858 24.6052 
12.6642 2.10881 49.3811 21.6112 251.408 428.453 149.371 223.486 95.0376 0 588.127 198.397 317.211 32.6503 12.7865 18.4297 83.8678 62.8874 6.35745 5.60986 21.8326 58.806 56.5882 32.6764 1.12478 0.41115 20.4781 22.8157 
188.328 1.59903 9.97339 66.386 154.402 110.109 148.226 300.094 920.09 84.5883 0 17.998 21.0614 118.78 171.77 227.72 51.7864 5.24845 70.2549 28.5348 77.6022 75.899 128.435 126.13 67.2645 59.5669 0.088558 37.2612 
142.681 223.4 81.1543 258.815 179.545 103.736 75.638 962.538 3.90592 142.44 321.628 0 156.845 134.109 3.53649 41.1506 29.072 151.261 30.8467 96.386 136.654 75.2298 9.87478 33.9687 103.402 145.06 44.9423 11.024 
68.8434 27.9909 10.0713 52.1759 140.515 69.5237 214.015 33.6477 25.2982 1.65294 36.2808 93.9289 0 148.605 21.2959 38.5567 25.2354 28.2498 6.93739 4.90472 76.8317 0.470164 91.1923 67.9083 54.1772 43.2825 5.37104 16.5164 
42.4967 24.1213 0.103558 9.43078 41.8145 17.163 0.768682 16.4395 136.848 37.311 213.316 63.6091 4.19572 0 3.81675 12.3412 18.0772 50.0394 8.01428 4.66354 27.3194 1.6247 1.15131 8.68046 15.718 3.58851 0.00182249 9.6827 
67.849 92.5966 29.4196 30.293 93.7968 40.7444 100.575 180.31 147.69 129.928 258.487 139.686 1.5901 3.90309 0 54.4713 11.6953 0.187315 10.2711 5.47438 0.833741 7.07801 6.80027 26.4446 0.988012 30.8996 12.0852 23.3903 
0.0127284 52.9128 1.42469 42.7496 74.7004 13.9928 98.8603 163.397 10.5069 89.5178 228.071 13.0163 3.27017 0.0113903 84.8861 0 25.5743 5.25105 0.348863 3.22096 1.50312 2.29555 1.83572 4.66584 4.24245 0.0332397 2.92054 5.22481 
64.5094 17.6009 41.5182 11.3138 153.925 17.6144 7.70801 1.61774 11.0724 83.5596 85.226 46.8428 0.116528 0.0348338 22.8061 22.1708 0 273.865 506.858 0.190526 46.4824 7.01805 18.2308 5.7505 12.9319 0.0962511 22.1244 8.26179 
233.846 88.6799 6.69117 132.057 201.728 51.4427 231.296 5.99127 139.133 70.4905 99.956 151.848 105.966 14.4556 68.4218 17.5528 218.244 0 140.714 0.320554 116.313 42.2278 15.2484 48.0994 53.3083 15.9257 0.332741 17.1923 
63.9919 163.989 8.64369 51.0893 256.43 88.6924 70.0889 65.2037 133.955 62.5993 105.827 14.6659 39.6455 6.60659 38.2255 17.0687 19.0849 149.142 0 18.1284 6.60945 5.3234 19.5133 19.1725 0.0727715 2.53311 23.1176 17.271 
199.145 111.554 16.6358 0.998777 3.88844 11.7027 1.17668 6.5355 38.7065 11.1187 78.3453 80.8262 24.6515 1.09346 7.7613 1.07877 33.7795 0.0924891 33.9736 0 313.101 2.53578 0.0840346 0.759221 0.879689 0.0209138 4.24643 5.2763 
227.968 122.93 6.70789 33.7272 126.719 77.0577 120.004 154.706 98.3899 55.1765 22.4896 34.8698 6.29376 9.44008 10.7218 19.7686 65.3558 122.056 62.257 147.801 0 7.02541 5.98038 31.9803 0.824198 1.84043 2.88673 40.9964 
5.25985 15.2761 0.415194 0.121053 11.6273 7.21103 62.5635 42.2698 16.582 3.39806 8.39258 62.7212 33.3905 10.7707 11.0158 6.58441 2.01468 38.9504 6.72252 5.42703 1.97092 0 14.7851 6.99252 6.06668 0.165153 11.8834 10.5141 
2.67348 37.5129 0.284422 6.8652 25.7439 15.604 51.8162 33.7903 94.1164 55.6217 62.9349 26.2493 90.713 1.86163 0.966776 3.79767 9.4843 0.945255 0.00335019 0.171878 7.84218 14.8216 0 4.34078 15.6243 1.60392 10.1994 0.00931447 
0.501114 58.8042 14.4977 0.0627837 27.172 4.12593 4.58687 15.0793 60.0104 56.1216 11.5819 0.0933339 69.9063 10.3929 25.2713 22.0129 2.58524 2.10337 13.8043 5.60723 46.4728 1.67339 18.8246 0 37.9408 1.11954 18.887 10.2888 
60.56 86.1677 1.00637 27.8101 13.2784 34.4627 79.0773 6.81064 136.625 0.393208 18.0877 34.3284 37.2383 14.5757 2.04298 30.5121 34.5397 50.1605 28.8089 13.5665 21.0286 53.3963 5.43958 66.6324 0 87.1635 51.5369 145.886 
68.4347 56.3422 14.4942 0.00724119 67.2696 26.5925 57.7739 199.774 101.186 52.9372 68.9225 313.19 41.4023 5.6264 28.3634 0.45209 0.878652 16.9584 24.3164 11.1741 36.0389 1.17656 10.2992 0.051896 4.08054 0 15.83 0.0809867 
16.723 3.26378 9.83307 0.113308 5.04539 7.82579 48.2006 10.4332 52.8544 37.8316 26.476 30.3741 1.24354 1.65063 19.7772 4.00188 1.64589 6.26693 20.9987 10.9251 17.7514 11.7821 0.540941 17.6248 33.3247 1.91373 0 32.0292 
60.4324 19.7666 9.90767 13.8803 31.8516 22.4717 60.7214 133.957 21.2299 26.6313 108.38 168.493 22.2564 5.62018 16.9366 1.80577 0.191195 21.6401 19.0711 9.84139 43.7077 1.15279 4.16649 3.3032 33.7962 41.4324 1.40127 0 
