0 99.1952 37.9836 377.267 208.03 73.422 21.2448 181.83 178.231 99.7595 106.254 30.5239 31.9661 49.3613 38.1426 46.1824 88.55 38.4409 0.853821 68.9778 10.0576 32.6806 35.3231 51.7775 90.4019 26.9767 9.7696 27.0793 
77.6492 0 232.159 316.354 69.0806 275.773 0.958137 255.666 455.475 0.630524 138.553 222.642 99.868 46.4369 4.97116 40.7325 222.173 901.221 114.572 3.10033 81.4668 2.92399 33.2307 1.19306 87.1618 80.974 0.478162 64.6741 
197.116 244.164 0 269.921 55.6664 0.00263407 1.48873e-05 12.5091 387.56 77.7267 215.694 30.1689 55.9487 9.86811 8.8566 24.8488 0.413827 121.656 57.0523 27.5361 2.85365 10.4514 6.25497 3.24953 10.2548 26.9401 9.79615 3.29615 
403.796 92.7244 269.799 0 7.31952 135.994 160.113 659.295 147.682 99.9127 25.9436 185.483 13.6269 9.93994 32.5177 30.68 128.087 9.74822 1.16181 0.624332 179.003 15.295 2.11746 0.0125748 72.9996 0.50367 24.8652 24.3134 
258.114 423.651 8.79386 152.333 0 400.118 313.509 65.9881 348.668 179.213 8.1126 0.377778 173.708 4.0715 22.6159 2.15586 94.8495 207.784 252.562 17.6613 131.389 0.239079 49.6909 37.2775 22.4317 51.3259 21.1559 47.7588 
105.676 75.776 28.3478 99.3973 286.19 0 1100.02 206.215 423.116 864.049 233.489 31.5086 344.071 19.3326 0.167615 1.44288 81.3422 38.2161 40.5679 18.93 64.8657 0.595058 0.716537 16.3042 96.4944 22.9474 16.9576 12.4239 
108.661 3.48509 249.022 1.67193 332.514 84.837 0 14.4428 1300.47 340.829 69.0744 275.586 97.233 96.9196 75.0098 76.7217 109.411 234.383 122.396 93.3487 100.651 62.8623 16.7786 44.4718 27.9914 99.4938 60.0474 71.4687 
85.7976 2.83394 276.49 303.806 75.2365 0.0735549 0.392422 0 472.386 96.3271 118.187 1029.33 111.827 76.2917 52.2247 24.1394 4.55312 33.0201 1.62612 117.428 70.0487 0.0954814 81.0833 57.3441 118.235 172.855 59.4236 64.9911 
162.927 231.413 161.262 349.599 27.4262 535.504 867.794 77.6185 0 316.87 857.123 396.206 3.53176 135.172 124.536 146.618 144.187 213.304 27.7068 83.482 96.873 18.1148 102.151 99.919 75.9793 30.5042 22.7701 25.7001 
11.2466 1.14299 51.8713 23.1999 241.532 463.906 173.941 223.909 106.806 0 597.15 193.991 311.408 31.0654 14.9687 16.9997 83.9821 60.7235 5.44429 5.20999 20.9497 58.5022 56.1505 31.8636 0.892868 0.60319 20.0565 22.1922 
189.42 2.60133 7.2593 61.8837 149.027 119.1 165.933 291.87 939.003 63.187 0 11.5877 24.3607 112.344 150.648 226.525 50.8565 6.08442 71.9438 29.4896 75.7319 76.2047 127.401 125.386 69.9557 56.1121 0.0393017 38.7288 
138.41 223.187 76.7483 259.591 179.734 100.792 69.9924 919.888 6.53443 147.811 302.675 0 157.399 130.93 1.67823 61.3816 29.8125 151.002 29.9025 96.5275 138.495 75.4332 8.6784 37.7993 127.247 165.449 46.7011 13.014 
67.5853 29.7746 9.37132 52.9928 143.139 59.1268 212.41 32.0113 22.8651 3.99198 32.3279 91.6808 0 145.959 23.5234 37.0362 24.6627 29.2714 7.50999 4.65511 76.6701 0.256878 91.0526 68.2889 54.3831 42.7689 5.57144 16.8957 
42.9611 23.2795 0.147146 9.7352 40.9602 16.872 0.503666 14.9454 138.102 38.9374 213.338 67.4571 2.56499 0 6.18784 11.6572 18.2022 50.2864 8.24417 4.64969 26.9289 1.75145 0.849782 8.88825 15.5999 3.40045 0.00544622 9.79 
68.244 91.9772 29.862 29.7404 94.105 40.4539 103.457 178.78 153.529 128.65 237.386 149.397 2.31036 2.05156 0 60.9249 11.9372 0.117436 10.632 5.36188 0.699418 6.85321 7.47679 26.0646 0.800265 30.9341 12.2894 23.3868 
0.000451412 54.066 1.22877 42.8719 74.5733 14.4318 99.5956 172.173 12.1613 88.9234 227.047 25.7818 2.70548 0.0711945 87.4595 0 25.5122 5.61034 0.411441 3.32124 1.736 2.40991 2.05989 3.79494 4.34758 0.000182162 3.08998 4.90618 
124.602 80.3357 42.2072 73.0453 153.693 79.6726 6.99616 1.37175 72.3865 83.7218 84.6358 46.0598 0.171733 0.0231103 22.5926 22.3177 0 269.428 217.31 0.245577 45.9237 6.89573 18.2831 5.87549 74.3396 0.0731164 22.1534 8.1145 
232.568 93.0272 8.38797 130.278 198.17 53.6567 230.048 5.08701 142.818 68.3025 97.6472 151.765 106.062 14.9055 68.2755 16.9834 226.402 0 139.362 0.49216 115.611 42.1957 15.5886 48.1603 53.6407 15.3963 0.283075 17.5743 
62.2636 162.406 7.97608 50.4073 248.557 89.2009 67.1833 63.8283 135.608 60.4576 107.12 15.3992 38.6188 6.39251 38.1464 16.7875 22.5565 148.606 0 17.7299 6.22763 5.47623 19.6428 19.3171 0.0508061 2.67943 23.0511 17.0898 
204.469 114.247 17.1478 0.707626 4.50231 12.0427 0.870448 5.7075 40.1895 11.6639 77.744 79.8769 25.0447 1.05968 7.86801 1.14637 33.7134 0.0283872 33.7652 0 302.493 2.49712 0.0931002 0.723726 0.945758 0.0117278 4.32148 5.37109 
230.807 125.733 7.97175 29.3793 127.352 76.97 118.517 157.846 95.4529 54.1076 23.8447 32.9604 5.9385 9.76693 10.2685 20.455 65.1022 121.706 61.7795 168.11 0 7.18569 5.75537 32.3932 0.687308 1.61153 2.72962 40.6399 
5.45964 15.6742 0.452217 0.100301 12.0555 6.99428 62.66 42.853 16.0311 3.76346 8.90973 63.3192 35.0432 10.8072 11.2371 6.72735 2.09169 39.1068 6.88795 5.45519 1.87946 0 14.6545 7.22977 6.04642 0.188541 11.8315 10.5053 
2.47415 36.9657 0.32987 6.65529 25.1852 15.5137 50.9755 32.3986 93.2905 56.0829 65.4782 24.4114 90.9688 1.48658 0.699284 4.08485 9.60774 1.05072 0.00907349 0.184596 7.59121 14.6957 0 5.39274 16.108 1.50418 10.0676 0.0164836 
0.389666 59.0853 14.3932 0.104116 27.7156 4.30364 5.02717 13.4575 61.3722 56.5346 10.2936 0.436956 69.7301 10.4009 25.7154 23.0583 2.49417 1.94323 13.9837 5.57118 46.6224 1.5231 18.0238 0 36.7303 1.26897 18.9585 10.1302 
122.963 147.34 1.16251 88.6343 12.7293 96.2403 78.1728 5.1742 198.584 0.260986 16.3494 321.477 36.6677 14.406 1.77311 38.9332 96.1946 50.5556 28.6832 13.5289 20.4428 65.4365 5.14401 65.5312 0 102.148 103.113 137.339 
67.6488 55.2953 14.0449 0.00186689 67.6068 26.426 56.2136 194.519 98.7443 54.0263 65.3635 295.365 41.9352 5.83715 28.7137 0.705159 0.95374 16.4181 24.1023 11.1067 35.3433 1.11973 10.2696 0.0891854 4.32431 0 16.6204 0.355861 
16.3197 3.47793 10.0112 0.0806533 4.82857 7.99248 48.6389 9.68054 53.5972 38.175 25.6288 28.8152 1.34687 1.7252 19.7446 4.19282 1.58099 6.47715 21.1005 10.9105 18.0677 11.7277 0.602259 17.7717 34.4124 2.2782 0 28.0838 
60.3013 19.1769 9.65365 14.3018 31.3553 22.4017 60.0853 134.413 22.2711 25.9949 108.759 170.048 21.8639 5.75772 17.2219 1.60425 0.164689 22.039 19.2417 9.9078 44.0181 1.10705 4.0667 3.15824 33.3231 39.0286 2.61381 0 
