0 378.514 26.1165 640.981 194.771 313.988 13.8119 199.066 432.816 105.403 99.1875 24.2026 34.6226 50.0442 36.1529 48.8128 332.61 30.1515 1.63526 41.0694 16.0039 33.1885 34.4701 52.6201 330.296 29.351 10.5339 25.6901 
341.875 0 306.794 531.591 35.9266 529.039 11.3558 265.414 681.171 2.70748 151.22 223.37 104.514 48.3125 6.51507 38.0838 462.529 820.868 121.811 1.30771 88.2131 3.38605 31.967 1.62604 330.529 80.0524 0.679962 64.5466 
187.762 169.41 0 215.624 66.8987 0.231602 1.76294 22.8875 430.066 82.8215 224.831 37.7903 53.9579 10.4186 10.1678 24.7574 0.773645 113.59 55.8462 27.6384 4.90867 10.2786 6.58242 3.60653 9.39402 27.1973 10.1919 2.90225 
656.819 321.913 114.472 0 11.1069 376.045 149.266 686.739 414.398 97.6099 33.5365 169.204 15.2368 9.26342 31.3889 28.8362 370.138 6.73457 1.73898 0.1909 127.233 15.126 2.43209 0.00233535 314.195 0.985022 24.4865 23.4652 
263.432 375.183 14.5337 147.753 0 403.862 278.317 74.1786 353.508 203.955 4.44487 1.08537 175.765 5.01897 19.9812 2.90469 88.7444 214.5 233.867 20.317 130.757 0.111456 48.8623 36.125 20.9861 49.7247 20.364 46.925 
342.041 323.486 32.6812 337.699 238.49 0 357.126 210.472 608.039 779.267 246.72 26.246 354.595 18.8096 0.493063 1.03779 324.35 33.6998 44.9235 19.5442 66.377 0.776655 0.908125 16.568 337.611 23.593 17.2318 11.8957 
94.0121 18.0387 249.547 4.74673 362.748 19.7385 0 27.4347 1273.44 283.831 100.905 269.845 108.098 96.7037 82.0705 80.1441 108.887 233.328 116.828 92.4286 96.587 62.9477 18.5451 42.5584 30.6568 99.4753 60.2469 70.8126 
70.3813 6.61254 273.786 388.567 83.6867 1.25956 4.4007 0 532.444 106.283 139.503 1011.17 115.534 81.1704 61.3357 13.6513 3.65973 28.6322 0.984349 117.403 77.7737 0.223206 78.3477 51.5498 128.351 186.36 56.6701 59.8269 
392.407 502.344 222.678 568.929 16.6826 751.246 569.027 38.4096 0 338.255 95.01 387.716 1.68089 137.648 59.5426 143.639 383.037 215.808 31.9935 80.6083 90.343 16.8611 101.805 100.167 316.163 25.7926 21.204 28.1873 
8.37825 0.0465779 57.4354 26.8717 218.415 517.719 231.245 224.201 134.361 0 604.74 183.72 295.362 27.6065 20.3409 13.9863 84.152 55.958 3.65917 4.36964 19.0364 57.7625 55.1051 30.054 0.472423 1.15975 19.1242 20.8185 
191.494 5.68363 2.74052 52.2158 136.983 139.304 206.802 272.54 925.844 25.9797 0 2.32804 32.4432 98.0024 106.192 222.328 48.7867 8.15329 75.6772 31.6379 71.5749 76.8258 124.792 123.456 75.9464 48.6292 0.000508777 42.0346 
128.8 222.204 67.1114 259.608 179.889 94.1414 57.9981 794.91 14.7183 159.56 259.846 0 158.403 123.497 8.97833e-05 117.795 31.4738 150.271 27.8352 96.7241 142.428 75.8297 6.27963 46.8371 152.876 211.776 50.6516 17.9706 
64.7643 33.8831 7.89409 54.7708 148.711 41.8256 208.112 28.4832 17.8511 12.7331 24.2586 86.6522 0 138.839 28.7612 33.6843 23.3994 31.5812 8.85515 4.12118 76.2723 0.0118353 90.4503 69.018 54.7965 41.6007 6.02764 17.7445 
43.967 21.4374 0.271004 10.4161 39.0499 16.2046 0.114123 11.8501 140.501 42.565 211.989 76.1229 0.362471 0 13.1456 10.1049 18.4744 50.8053 8.76161 4.6166 26.0564 2.0466 0.333898 9.30897 15.3131 2.99466 0.0204214 10.0212 
69.0492 90.4568 30.7758 28.4749 94.6405 39.6923 109.622 174.673 166.037 125.183 189.512 170.682 4.37725 0.0413666 0 73.7672 12.4777 0.0202551 11.4473 5.11265 0.442737 6.35859 9.04194 25.096 0.452481 30.9115 12.7394 23.3476 
0.101832 56.5941 0.843089 43.0099 74.2082 15.4039 101.025 190.861 16.2263 87.3639 223.223 68.0945 1.63729 0.385696 89.6827 0 25.3633 6.44673 0.568638 3.54665 2.31151 2.67134 2.59392 2.14624 4.70868 0.130642 3.48001 4.22499 
363.093 325.003 43.6956 315.24 152.814 322.585 5.53042 0.896949 313.698 83.9989 83.2746 44.3177 0.332498 0.00563542 22.1109 22.6361 0 257.535 521.013 0.39264 44.6695 6.62595 18.3941 6.15614 315.76 0.0330539 22.2129 7.78965 
228.91 91.2265 12.797 125.993 189.761 58.6119 226.567 3.3362 150.855 63.4595 92.4863 151.423 106.186 15.9202 67.8937 15.7393 243.118 0 136.072 1.00358 113.945 42.1099 16.3506 48.2721 54.3512 14.2418 0.186991 18.4302 
58.4127 158.442 6.57568 48.8402 229.353 90.0336 60.7899 60.7618 139.074 55.7078 109.886 17.0805 36.3473 5.92581 37.9407 16.161 31.7083 147.087 0 16.8455 5.41637 5.82133 19.9235 19.6325 0.0160774 3.01785 22.8978 16.6848 
214.028 119.882 18.2673 0.238361 6.01786 12.798 0.353937 4.05984 43.522 12.909 76.3409 77.6911 25.914 0.986013 8.10249 1.30291 33.542 0.0176927 33.2759 0 271.899 2.41161 0.114865 0.647533 1.10048 0.000758515 4.48901 5.58204 
236.171 131.807 11.1387 32.4318 128.621 76.6912 115.09 164.585 88.9235 51.7259 26.9683 28.8663 5.18326 10.5076 9.28892 22.0016 64.5053 120.813 60.6873 212.699 0 7.5465 5.26838 33.3004 0.4272 1.15608 2.39526 39.8319 
5.91471 16.569 0.53991 0.0611348 13.0272 6.51855 62.8278 44.138 14.8307 4.63725 10.1069 64.6108 38.7645 10.8685 11.7227 7.04331 2.26739 39.4421 7.26001 5.51653 1.68361 0 14.3097 7.75589 6.01162 0.245946 11.7115 10.4823 
2.05744 35.7378 0.442541 6.19465 23.9483 15.2977 49.0734 29.3647 91.3283 57.0342 71.132 20.5144 91.2452 0.784551 0.257124 4.74092 9.88197 1.3045 0.0317875 0.214404 7.04489 14.3611 0 7.9641 17.1561 1.29219 9.7688 0.0396722 
0.191915 59.6647 14.1468 0.232952 28.924 4.70756 6.07169 10.1532 64.3659 57.3835 7.68268 2.09984 69.2178 10.3621 26.5781 25.156 2.2969 1.60918 14.3807 5.4885 46.9274 1.21174 15.8774 0 33.8467 1.63134 19.0916 9.77182 
366.555 388.156 1.5477 328.769 11.5414 338.451 76.0733 2.32739 440.985 0.0636742 12.7662 881.47 35.3858 14.0084 1.23847 56.2925 338.148 51.4087 28.3919 13.4366 19.1561 77.4375 4.56839 61.6206 0 104.533 148.177 64.7438 
65.8245 52.9357 13.0462 0.107722 68.2974 26.0205 52.725 181.828 93.1875 56.3902 57.5854 252.309 43.093 6.3077 29.4064 1.46123 1.13118 15.2378 23.6175 10.9489 33.7912 0.997931 10.1908 0.207665 4.98521 0 18.39 1.6533 
15.4329 3.97638 10.4066 0.0278767 4.36205 8.36502 49.591 8.0992 55.2281 38.9218 23.7748 25.4549 1.59067 1.89569 19.6565 4.6282 1.44112 6.95451 21.3219 10.8742 18.7739 11.6025 0.749692 18.0754 36.8912 3.19294 0 19.9037 
59.9644 17.8853 9.09202 15.2432 30.2495 22.2295 58.6299 135.142 24.6468 24.586 109.452 172.912 20.9927 6.06368 17.8406 1.19634 0.112811 22.9288 19.6168 10.0513 44.688 1.00836 3.84643 2.84465 32.168 33.5507 6.58241 0 
