0 542.153 18.4886 778.549 184.31 440.001 9.2352 211.618 569.048 109.535 93.8791 19.8893 36.6521 50.5227 34.6596 50.7617 460.94 24.5046 2.38374 30.2067 21.2951 33.5605 33.8179 53.2146 455.462 31.1589 11.121 24.6549 
495.58 0 358.5 636.668 17.7256 662.707 26.4215 271.886 793.377 5.20245 160.623 223.456 107.91 49.6936 7.7992 36.1076 587.697 862.174 127.052 0.460356 93.2801 3.75323 31.0145 1.99339 458.3 79.2732 0.854239 64.4098 
179.399 117.428 0 164.926 75.6238 0.773501 5.38516 32.5027 453.206 86.4858 230.444 43.9217 52.4202 10.8255 11.1849 24.6396 1.11557 107.28 54.8599 27.6507 6.79692 10.1456 6.82757 3.88275 8.76089 27.3438 10.4882 2.62087 
785.776 442.59 55.261 0 14.4221 501.086 140.633 458.256 560.922 95.6913 39.7372 156.511 16.4872 8.76124 30.5012 27.411 496.823 4.8236 2.24557 0.0293135 106.809 14.9941 2.68021 0.0284474 440.37 1.44818 24.1885 22.814 
266.338 335.503 19.6915 143.877 0 390.745 250.671 80.4774 355.307 221.981 2.40331 1.85365 176.936 5.78929 18.0845 3.53626 84.1133 218.983 218.46 22.3969 130.152 0.0472708 48.2143 35.2511 19.9196 48.5002 19.773 46.2815 
464.737 456.161 35.9428 461.693 256.099 0 181.546 212.755 689.263 325.695 255.081 22.5549 655.785 18.3917 0.847956 0.776132 451.854 30.4308 48.1944 19.9862 67.4557 0.928019 1.06577 16.7526 463.632 24.0523 17.4309 11.4989 
83.3491 36.0401 247.616 8.05171 382.619 73.7688 0 39.6663 1165.85 239.893 127.626 264.683 116.263 96.3605 87.2997 82.6029 108.375 231.873 112.479 91.5949 93.4787 62.9691 19.9079 41.11 32.6953 99.2996 60.3648 70.2643 
59.5354 10.4529 269.621 448.375 90.1413 3.09145 10.2041 0 571.7 113.784 155.958 962.125 118.219 84.7563 68.4085 7.64846 3.05144 25.5096 0.607449 117.193 83.6743 0.353914 76.2204 47.2874 135.7 195.658 54.5917 55.9824 
510.056 650.992 269.621 676.858 10.2989 849.499 353.24 17.5607 0 352.07 677.783 379.305 0.736072 139.222 29.9341 141.029 507.357 217.265 35.3563 78.3791 85.4539 15.9411 101.407 100.227 441.712 22.4633 20.0529 30.0981 
6.48939 0.180398 61.6099 29.7418 200.273 530.497 275.201 223.834 155.982 0 598.973 175.629 280.715 25.0817 24.8063 11.8861 84.2032 52.4329 2.54627 3.78396 17.6475 57.1503 54.257 28.697 0.243751 1.69337 18.4298 19.8008 
192.724 8.75571 0.758927 45.3245 127.908 154.448 238.241 257.223 879.134 8.45229 0 0.0119754 39.1462 87.3346 76.2667 217.826 47.2332 9.89262 78.4532 33.2698 68.4627 77.2383 122.562 121.763 80.4283 43.2259 0.0354088 44.5481 
121.519 221.012 60.0746 258.078 179.765 89.0796 49.5603 680.502 22.9094 168.15 227.648 0 158.947 117.627 0.977438 168.007 32.7329 149.58 26.3149 96.7645 145.229 76.0765 4.72289 54.032 145.227 246.234 53.6439 22.1476 
62.6296 37.0859 6.85974 56.0678 152.636 35.738 204.248 25.941 14.4615 22.3635 18.8926 82.8616 0 132.464 32.9219 31.2052 22.4615 33.3465 9.92801 3.73987 75.9392 0.0360583 89.7374 69.4577 55.0664 40.7014 6.3794 18.3858 
44.6966 20.0845 0.388051 10.9296 37.6092 15.6869 0.00342895 9.74142 141.937 45.2846 209.725 82.6796 0.0226398 0 19.5552 8.93093 18.6734 51.167 9.15515 4.58974 25.3983 2.27944 0.0990207 9.58436 15.0766 2.70231 0.0379054 10.1877 
69.586 89.1898 31.395 27.4948 94.9056 39.0191 113.999 170.977 174.896 122.038 153.991 186.122 6.33814 0.523101 0 81.3641 12.8854 6.37601e-05 12.0701 4.92661 0.288318 5.99291 10.2585 24.2639 0.255538 30.805 13.073 23.2897 
0.294074 58.454 0.599906 42.9917 73.8602 16.1275 101.907 203.921 19.61 85.9841 218.99 110.574 1.00843 0.781735 88.0865 0 25.2417 7.10757 0.702854 3.71774 2.79489 2.87363 3.02374 1.19677 5.09333 0.411819 3.78421 3.74011 
487.174 453.975 44.77 442.146 151.83 450.022 4.53854 0.606253 439.984 84.1306 82.2103 43.0105 0.487385 0.00030045 21.7434 22.8671 0 246.905 296.013 0.525197 43.7187 6.42556 18.4727 6.36913 442.038 0.0132995 22.253 7.54831 
225.443 86.2916 16.6552 122.497 183.035 62.3442 223.33 2.2608 156.722 59.8545 88.598 151.022 106.199 16.6938 67.5562 14.8268 254.195 0 133.355 1.50383 112.603 42.0328 16.9272 48.3347 54.8577 13.3968 0.127907 19.0779 
55.5235 155.079 5.60405 47.6211 213.638 90.3853 56.073 58.4572 141.476 52.1675 111.86 18.3868 34.6553 5.58423 37.7596 15.69 39.209 145.654 0 16.1843 4.84215 6.085 20.1275 19.8632 0.00278839 3.28334 22.7776 16.3789 
218.992 123.762 19.0866 0.0495525 7.28819 13.3631 0.116216 3.00206 46.0484 13.8718 75.2297 75.9865 26.5613 0.932057 8.27576 1.42584 33.3913 0.128922 32.8857 0 243.707 2.34787 0.132641 0.592856 1.22351 0.00109171 4.61533 5.74042 
239.305 136.207 13.8246 43.3242 129.446 76.4067 112.415 169.402 84.0396 49.9362 29.4086 25.9382 4.6482 11.0753 8.58049 23.1785 64.0278 120.038 59.841 244.072 0 7.82116 4.91518 33.9708 0.272284 0.863191 2.15807 39.2119 
6.26587 17.2487 0.610539 0.0380681 13.7731 6.16762 62.9112 45.091 13.9528 5.34723 11.0467 65.5441 41.5862 10.8964 12.0805 7.27831 2.40326 39.6824 7.54288 5.56139 1.54339 0 14.0035 8.14813 5.99551 0.293873 11.6176 10.4616 
1.769 34.8073 0.53746 5.85502 23.026 15.1223 47.6194 27.1482 89.7456 57.6791 75.3542 17.773 91.187 0.394178 0.0669124 5.2453 10.0875 1.51227 0.0578559 0.238135 6.64573 14.0621 0 10.0166 17.9131 1.14233 9.53965 0.0636101 
0.0889769 60.0578 13.9494 0.362815 29.8296 5.01814 6.91337 7.95824 66.5758 57.9567 5.96045 4.14971 68.7254 10.282 27.1069 26.4897 2.15363 1.3786 14.6767 5.42421 47.1313 0.999526 14.0091 0 31.5413 1.92952 19.1677 9.49821 
494.422 513.907 1.87046 454.097 10.6809 465.291 74.4217 0.922831 567.775 0.00339394 10.3439 689.526 34.4131 13.6927 0.898025 65.1801 464.811 52.0255 28.1628 13.3596 18.206 69.7394 4.21431 57.8103 0 79.6465 76.1933 27.2812 
64.3892 51.1399 12.2993 0.293324 68.7612 25.685 50.0983 171.508 88.9186 58.1068 51.9058 218.027 43.9363 6.66147 29.8453 2.19727 1.27375 14.3721 23.2459 10.8236 32.6233 0.910729 10.1199 0.328404 5.58549 0 19.7216 3.22798 
14.7771 4.37033 10.7024 0.0062632 4.02624 8.64601 50.2847 6.99802 56.432 39.4663 22.413 23.0359 1.78623 2.02774 19.5765 4.96417 1.34016 7.32161 21.4836 10.8436 19.3059 11.5047 0.870186 18.282 38.791 3.97 0 14.4599 
59.6709 16.935 8.67419 15.9522 29.4182 22.0853 57.5021 135.43 26.4812 23.5357 109.833 174.511 20.3407 6.29306 18.2896 0.927643 0.0802986 23.5985 19.8942 10.1552 45.1719 0.937062 3.68282 2.61765 31.2123 29.399 10.632 0 
