0 547.106 10.9406 737.348 171.291 392.037 4.92342 226.108 532.928 114.359 87.5241 15.2248 39.1244 51.0579 32.8706 53.0656 415.404 18.4227 3.46286 28.934 28.53 33.9964 33.0224 53.8846 406.096 33.3529 11.8406 23.4218 
490.698 0 411.116 562.078 4.14454 621.66 52.1553 278.639 726.098 9.23074 171.725 223.038 111.871 51.3186 9.47784 33.755 537.944 485.174 133.093 0.0141889 99.3434 4.21669 29.868 2.48174 412.053 78.2409 1.08912 64.1994 
168.022 64.2991 0 102.973 86.3109 1.83474 12.2456 45.9131 469.655 90.6749 235.688 51.6897 50.5296 11.3054 12.4371 24.4433 1.60621 99.4809 53.5879 27.5923 9.44047 9.98236 7.12064 4.22311 8.01762 27.4667 10.8428 2.29979 
733.976 392.029 84.7846 0 18.9087 451.303 129.827 1332.91 538.071 93.1835 47.6904 140.935 18.0332 8.16613 29.3937 25.6636 449.162 2.93923 2.9352 0.0218896 81.6579 14.8303 2.99121 0.0979275 392.248 2.11668 23.8156 22.0174 
268.567 285.674 26.7731 138.76 0 351.721 216.811 88.1785 355.37 242.657 0.771279 3.04179 177.917 6.77914 15.9055 4.3716 78.5232 223.702 198.737 24.9834 129.279 0.00602821 47.4077 34.1928 18.6613 47.0062 19.0677 45.4892 
412.63 417.537 39.8211 410.963 697.125 0 271.173 214.438 586.687 150.806 263.185 18.4389 621.44 17.863 1.3967 0.511037 405.286 26.6603 52.0978 20.4941 68.6855 1.1265 1.27032 16.9588 415.218 24.5737 17.6621 11.0227 
71.0379 64.9773 242.714 13.103 402.767 234.129 0 56.9331 957.429 187.86 162.22 257.565 126.009 95.7453 93.454 85.4183 107.63 229.389 107.092 90.4354 89.6907 62.9466 21.5819 39.3608 35.1793 98.9062 60.4703 69.5439 
47.4581 16.1634 262.293 488.098 97.9844 6.33511 20.2272 0 610.711 122.773 176.026 867.727 121.328 88.9567 77.0968 2.68408 2.39238 21.9638 0.274259 116.725 90.8441 0.550102 73.5902 42.2938 144.174 205.723 52.0881 51.4209 
452.072 629.624 324.082 605.224 4.62029 759.486 143.74 3.0569 0 365.843 611.058 367.022 0.109317 140.789 40.158 137.492 456.903 218.529 39.5454 75.6282 79.6176 14.8614 100.773 100.158 392.993 18.7195 18.7002 32.4368 
4.52941 1.42171 66.586 33.3009 177.951 512.141 327.016 222.734 182.561 0 579.365 165.55 260.569 22.1466 30.6034 9.561 84.1782 48.272 1.47216 3.13313 16.036 56.3526 53.1698 27.0729 0.0681284 2.46295 17.6029 18.5957 
193.825 13.2782 0.00530622 37.528 117.039 172.316 276.042 238.107 811.266 0.0625064 0 2.52873 47.8533 74.8032 45.6747 210.965 45.3699 12.1863 81.7489 35.2479 64.7429 77.6722 119.59 119.463 85.7684 37.0229 0.149624 47.594 
112.746 219.072 51.9153 254.521 179.344 82.9546 40.1424 530.583 34.9441 178.133 189.701 0 159.364 110.304 4.66019 233.314 34.2566 148.593 24.5274 96.6917 148.41 76.315 3.13781 63.0535 124.485 285.635 57.2563 27.644 
60.0517 41.0543 5.70534 57.5795 157.038 36.4517 198.922 23.0154 10.8338 37.1432 13.2781 78.3043 0 123.788 38.1361 28.2839 21.348 35.4985 11.285 3.30456 75.5005 0.300345 88.5917 69.8621 55.3442 39.5983 6.81206 19.16 
45.5428 18.4971 0.555375 11.5475 35.875 15.0484 0.076497 7.46352 143.24 48.5295 205.628 90.5488 1.1078 0 28.0483 7.53816 18.906 51.5693 9.63301 4.55524 24.6053 2.5708 1.58572e-05 9.86574 14.7694 2.36642 0.0659344 10.3794 
70.153 87.5309 32.0594 26.2884 95.0682 38.1007 118.934 165.881 184.811 117.686 113.516 203.724 9.13652 3.3155 0 87.4357 13.3768 0.0354917 12.8291 4.70469 0.146423 5.56113 11.7481 23.1563 0.0926192 30.5765 13.4681 23.1881 
0.655537 60.6388 0.36154 42.8325 73.3597 16.9862 102.747 218.225 24.0244 84.0995 212.436 170.425 0.452369 1.42925 82.6244 0 25.0847 7.93725 0.882154 3.92502 3.43235 3.12297 3.56817 0.411808 5.68067 0.952508 4.1617 3.19017 
436.469 409.413 46.0082 394.879 150.288 403.38 3.47268 0.332028 392.021 84.2025 80.8853 41.4431 0.711868 0.00269746 21.2958 23.1354 0 232.426 379.393 0.709177 42.5671 6.18741 18.5615 6.62737 393.963 0.00126212 22.2962 7.2615 
220.496 88.5623 21.8682 118.007 174.543 66.8201 218.762 1.243 163.549 55.5733 83.9241 150.379 106.123 17.6352 67.0942 13.7567 265.617 0 129.828 2.23438 110.891 41.9258 17.6244 48.3856 55.4352 12.4077 0.0717451 19.8612 
52.0661 150.628 4.53136 46.1125 193.634 90.4956 50.5298 55.6916 144.124 47.9622 114.109 20.0028 32.6426 5.18441 37.5123 15.1245 48.1728 143.61 0 15.3946 4.19273 6.40667 20.3647 20.1335 0.00129566 3.61489 22.6277 16.0097 
222.309 127.99 20.0418 0.0093201 8.95813 14.0376 0.00127977 1.93858 49.1014 15.0575 73.8325 73.8721 27.3319 0.868844 8.48046 1.57934 33.1858 0.396956 32.3921 0 205.75 2.27186 0.155601 0.530117 1.37887 0.0111762 4.76754 5.9305 
242.029 141.29 17.3782 59.0318 130.291 75.9808 109.095 174.889 78.2144 47.7881 32.4406 22.5956 4.04226 11.7697 7.76135 24.6073 63.4217 118.991 58.7962 277.352 0 8.15517 4.50535 34.7629 0.132097 0.567482 1.88898 38.453 
6.69814 18.0732 0.700707 0.017558 14.6866 5.75399 62.9631 46.2211 12.9263 6.25902 12.2202 66.6223 44.9905 10.9093 12.5015 7.55755 2.57082 39.9579 7.88643 5.61389 1.38283 0 13.5851 8.61424 5.98849 0.356839 11.5005 10.4331 
1.45062 33.6815 0.662922 5.45479 21.9268 14.8969 45.8474 24.5633 87.7266 58.3733 80.3742 14.704 90.8172 0.097617 0.00161531 5.85922 10.3338 1.78107 0.0993329 0.268155 6.17915 13.652 0 12.4947 18.7826 0.973305 9.25949 0.0996975 
0.0170057 60.4817 13.6987 0.555819 30.914 5.39869 7.98729 5.65847 69.1809 58.5707 4.17019 7.49421 68.0142 10.1294 27.6009 27.7778 1.98713 1.12487 15.0296 5.34459 47.3475 0.770007 11.5884 0 28.6611 2.31565 19.2319 9.16513 
448.205 465.117 2.29495 404.903 9.68451 417.856 72.3582 0.0787995 520.061 0.0305007 7.75072 212.765 33.235 13.2954 0.559898 68.5383 417.181 52.7387 27.8758 13.2584 17.0842 46.0983 3.8821 52.9298 0 41.5602 5.55303 59.2058 
62.596 48.961 11.409 0.635044 69.2556 25.2479 46.9453 158.383 83.7076 60.0959 45.3107 176.252 44.9178 7.08533 30.2775 3.26069 1.45541 13.3569 22.7916 10.6655 31.22 0.810894 10.0219 0.508736 6.41895 0 21.3143 5.75694 
14.0015 4.86539 11.0561 0.000690975 3.63953 8.98475 51.0932 5.77556 57.8527 40.1014 20.8135 20.2569 2.03512 2.19075 19.4647 5.37716 1.22358 7.77208 21.6726 10.8031 19.9465 11.383 1.02574 18.5054 41.0949 4.99955 0 8.90263 
59.273 15.8172 8.17759 16.8043 28.4199 21.8955 56.1103 135.483 28.737 22.285 110.134 175.793 19.5607 6.5677 18.8102 0.648678 0.0485466 24.4038 20.2223 10.2754 45.7309 0.85463 3.48852 2.35508 29.9713 24.4779 16.5639 0 
