0 286.713 172.685 381.578 263.256 271.84 150.347 0.056529 344.423 46.5043 175.793 2.84107 52.2685 25.2195 22.7846 34.1932 252.038 149.977 0.00831821 270.507 7.81234 6.48563 21.2229 10.8131 202.531 59.3704 48.5176 47.0882 
347.289 0 452.482 262.931 138.568 333.786 474.854 270.987 183.18 1.17464 28.0739 51.367 56.9625 37.2866 1.09017 11.6931 181.715 1031 36.8325 33.4442 76.8149 42.609 42.406 7.60208 212.185 19.0973 45.6568 64.5913 
174.147 19.8374 0 218.839 143.705 0.0355053 129.829 5.54958 148.351 27.6679 77.0963 118.289 27.1238 4.98737 14.8709 1.1816 5.84086 145.192 49.3374 24.757 84.3249 0.0073761 2.27741 13.5423 5.0269 3.84874 16.6276 22.0907 
331.276 175.372 318.348 0 157.691 175.25 17.0238 214.629 366.25 19.8362 110.998 259.862 66.0915 0.699696 24.5828 40.0902 169.58 53.4406 25.1467 27.639 185.11 0.271873 7.02104 4.73759 202.356 5.80375 26.7927 0.625186 
115.875 20.6801 79.1125 3.18393 0 129.24 258.117 217.551 270.088 259.87 179.307 12.4332 97.5341 67.9863 37.0387 74.9361 0.0427028 16.9258 263.043 4.12209 1.13665 4.47347 52.7865 31.4518 43.8059 60.5952 28.4902 12.2371 
293.716 161.367 30.2917 163.28 348.242 0 827.628 19.9942 232.82 361.348 256.869 13.144 467.667 18.8425 8.75364 21.9422 204.662 18.5492 29.6484 24.2979 16.1265 7.74383 15.0246 0.0953304 161.509 27.7213 16.3106 19.8865 
241.562 486.353 133.523 122.549 377.579 858.713 0 350.55 411.493 57.9913 150.428 17.6573 161.577 0.867088 100.196 34.2478 15.6615 98.9956 27.1195 73.1754 13.9022 57.0071 70.5414 26.7425 67.7639 53.3474 51.4431 37.2007 
303.532 137.64 247.298 125.894 214.049 159.748 298.41 0 626.933 35.4787 261.518 815.594 127.041 107.858 108.096 170.767 18.0894 16.4056 114.572 61.6697 173.412 19.6773 72.5463 28.39 123.838 9.62957 27.4269 65.7175 
308.693 554.811 3.52464 315.444 46.8679 395.658 1203.09 126.531 0 241.879 823.023 354.226 72.4207 85.597 30.4792 116.75 250.959 33.5654 9.699 64.8134 184.264 3.34102 100.733 80.5675 265.452 1.62361 27.0718 92.1251 
150.521 8.59324 52.5051 101.85 157.918 289.946 447.058 198.911 41.5211 0 560.174 46.2825 317.211 21.8276 107.659 23.8449 3.98206 83.2711 110.129 54.7853 80.6686 0.645209 37.24 0.0188758 15.8047 14.4543 1.06983 57.244 
22.4594 197.701 127.236 2.84369 259.344 262.179 263.484 78.0403 293.084 134.775 0 386.076 249.193 204.629 0.503752 73.8177 46.8189 98.1051 119.717 26.439 47.385 51.6079 93.4899 12.5765 145.377 134.127 27.3335 85.9971 
79.188 34.4179 6.65886 174.613 173.425 74.0802 96.1776 1017.32 47.5354 107.089 51.7728 0 155.908 43.3589 156.172 427.219 75.1193 3.78945 56.5899 28.5809 167.524 65.9052 52.6267 40.5983 201.819 393.671 25.8539 175.95 
67.2257 4.29552 0.133075 29.2127 145.798 96.3378 0.0311605 25.2032 35.2406 1.65283 118.312 49.9257 0 61.4052 67.0978 3.88758 2.80643 1.11823 69.9469 0.0803605 24.3124 15.7424 28.9096 36.3279 28.0131 46.1229 33.9501 42.8498 
16.2165 35.7579 0.688678 23.2015 25.213 20.747 96.9164 55.2848 87.4359 48.888 156.687 149.45 143.914 0 44.2388 11.6545 4.07324 53.5956 19.2108 1.16067 3.49891 2.15536 9.26619 5.2931 16.2111 13.0292 1.52962 0.0186883 
9.71095 95.6007 33.067 27.8024 88.5006 36.7926 71.4007 143.084 227.361 12.5909 24.8914 0.781735 30.2233 61.7802 0 1.06271 29.6792 29.8751 0.30131 3.69735 5.85015 2.16822 3.25282 1.03923 18.3314 8.60949 3.42075 15.2618 
1.72839 79.1404 19.7339 17.1785 0.364631 0.116578 7.84315 25.0076 24.7892 91.0747 71.2155 377.414 40.0855 17.9974 9.67313 0 0.883882 0.000837264 6.54036 0.112221 46.8327 8.03047 0.800614 14.3449 15.3188 0.0332436 15.9108 21.2688 
161.094 305.005 51.6999 217.712 49.3342 202.64 63.1227 11.2273 259.383 3.15832 81.9202 5.4262 15.2633 22.0691 0.0382634 11.746 0 218.18 341.294 0.65824 4.45945 20.6063 2.47294 5.96474 187.779 25.9389 16.1056 24.4317 
2.48253 409.096 0.242212 145.519 173.528 121.836 125.576 0.196702 127.299 90.7703 5.91417 1.85094 62.9729 27.8717 48.7166 35.1314 273.897 0 1.49795 3.8184 39.6444 5.35671 42.4661 18.1619 58.7808 16.881 40.0769 46.957 
73.0901 163.666 49.362 17.8509 266.534 1.04576 0.580069 81.4948 38.1608 47.8986 90.796 1.70326 58.7686 0.236487 33.7464 6.26688 235.993 10.2867 0 36.2267 0.225547 19.8654 8.89563 7.70913 25.1039 24.3513 18.3458 15.4117 
5.5362 136.607 25.6917 27.2855 16.956 21.7833 40.9969 79.7 60.508 37.8693 34.7092 0.85379 38.7132 0.690298 9.38086 1.34751 33.5463 1.19977 30.4047 0 38.1992 6.36102 4.11774 0.806614 1.89318 2.31342 4.12999 11.174 
227.968 35.4324 71.627 180.198 16.0276 0.0102978 28.6453 88.8624 183.906 98.4729 141.431 1.52902 22.7454 35.2482 21.1053 20.085 24.7749 25.4313 38.838 150.824 0 0.944894 20.8965 46.2263 7.30589 45.3666 42.4878 6.78677 
33.785 51.3164 11.7766 15.7477 30.8486 20.2532 55.8992 66.5068 2.383 60.8683 0.808824 45.7773 75.7103 3.48821 15.0042 3.56843 4.37038 0.0259835 18.4454 0.762733 20.1127 0 5.65133 3.81697 7.93904 7.05836 0.177803 0.812058 
0.302277 45.627 9.56972 19.4223 30.6028 1.72852 3.96619 23.5818 87.6108 59.8347 110.065 30.2627 20.6175 8.78098 3.3951 2.32978 0.763134 42.6823 21.6947 4.10282 18.4287 5.75602 0 0.000305607 5.6859 1.67193 11.2509 0.0899944 
34.1311 35.4037 0.587159 6.5683 33.6632 7.01502 67.1236 1.06804 97.7533 44.7606 65.8202 115.278 53.4595 1.60132 3.84796 18.2187 20.8097 24.0466 13.4898 1.4776 45.1581 13.9598 20.3697 0 40.4396 16.3697 16.6545 6.30471 
199.899 171.464 4.60011 200.747 32.8016 171.001 40.4951 3.47211 193.777 18.9633 21.6427 1147.46 55.9583 16.5907 15.8444 76.0986 162.641 59.5794 0.569954 12.899 35.2591 72.3631 27.7761 51.6165 0 33.4006 55.8507 15.3565 
37.1429 0.246163 25.6678 3.1513 11.6469 19.0094 99.4967 198.132 21.1306 15.0528 126.201 0.631011 1.183 1.00995 2.69765 0.452079 27.355 17.9322 2.50944 11.8552 62.0236 2.31403 3.85999 16.6372 39.648 0 1.30223 0.703181 
4.08975 51.1235 16.7763 1.11487 44.6244 20.206 60.5045 80.7374 49.1553 47.3254 72.048 50.1706 38.0776 5.3219 16.9582 14.8234 9.65112 21.6331 4.41147 1.18553 24.1553 0.224561 6.08685 18.3326 60.2782 14.3374 0 90.2576 
57.7643 24.228 20.8355 29.9137 1.47056 21.8892 56.2306 2.10977 94.1009 57.3729 98.6234 28.689 0.288736 1.21255 23.2448 22.7456 18.0345 44.0756 3.15847 7.74807 45.3579 10.4163 5.42599 12.8164 32.3258 37.1278 33.9164 0 
