0 459.893 16.6549 392.862 14.8224 140.732 97.6288 303.791 211.209 154.789 7.09596 218.378 109.147 0.22137 3.17426 5.31248 106.708 61.3978 79.6856 207.29 237.963 24.2056 44.6161 4.09617 97.0453 1.36896 25.9342 59.2382 
523.721 0 30.3878 120.786 163.927 306.366 498.012 31.1859 303.456 239.797 262.081 221.795 14.4071 71.1547 76.4181 78.4923 248.495 337.793 95.5699 102.772 168.69 16.1112 56.2223 46.3006 173.992 79.9528 18.7037 38.2877 
176.991 444.471 0 16.5611 96.5249 60.4469 247.895 125.022 8.56007 99.7717 231.846 64.2385 73.4146 2.61422 8.75125 23.7576 17.7345 14.2775 0.378783 10.6143 66.2999 3.41125 10.9286 12.9851 27.1636 10.7862 5.95577 13.5462 
352.263 180.591 99.384 0 1.54271 153.839 147.795 91.269 427.597 106.589 87.3201 40.6933 56.5114 9.39813 0.942618 0.103389 147.451 124.803 2.79406 16.8472 690.472 2.17913 18.7463 5.51935 115.377 26.4034 21.7378 13.6623 
175.844 11.1957 157.654 163.593 0 47.6212 30.4015 65.5858 20.3126 268.357 137.583 68.6285 145.891 46.6701 94.567 37.6386 129.792 186.495 238.754 84.493 81.6508 5.53385 48.258 55.8396 67.5387 13.4331 7.07636 42.8961 
101.925 234.24 56.3466 160.239 747.161 0 1011.83 207.796 437.503 298.894 30.3818 158.843 610.599 0.525097 39.6558 19.0562 98.6838 60.7409 73.616 8.55174 70.6766 19.7982 12.8497 7.17977 108.756 8.72596 20.0417 20.9407 
15.5277 506.537 4.93946 132.374 411.722 426.181 0 270.423 15.4176 7.23292 425.557 277.881 82.2506 69.4978 58.0455 101.106 97.5296 86.9994 157.007 0.295986 125.374 19.7522 44.734 1.39268 1.40744 4.20025 58.452 0.255873 
0.0884335 142.739 201.683 156.282 74.8197 33.3753 327.59 0 613.117 136.253 57.2402 306.567 117.511 65.0581 74.9357 2.28742 79.1737 163.03 75.4563 5.54879 119.013 0.00843475 88.43 135.78 72.8279 223.465 6.64781 15.6087 
180.808 146.033 170.026 101.239 352.063 556.718 670.04 149.364 0 366.018 319.664 0.70459 57.795 46.001 224.56 11.4232 110.129 219.229 142.11 99.6842 73.0948 37.7217 47.4232 81.7968 183.619 113.957 72.4401 72.9963 
10.7272 230.628 78.3704 2.92185 10.8446 55.6215 500.241 1.25377 342.916 0 384.345 171.753 159.519 79.9872 10.9767 86.3562 22.8882 137.469 1.49619 19.0093 93.187 39.2151 57.1201 36.6138 11.0637 75.4711 21.2302 35.1624 
83.6675 116.637 29.3072 202.267 4.60168 139.957 479.444 343.032 931.502 350.194 0 500.345 0.560216 7.58328 42.6903 223.091 93.1765 0.127718 90.6272 82.155 6.78102 5.27014 84.0727 128.128 12.9927 14.518 79.7135 3.29589 
208.166 223.45 183.593 185.345 97.9106 130.639 162.016 46.893 402.876 172.078 385.379 0 81.2615 128.539 0.1005 0.673493 28.0921 52.4487 100.213 94.6603 50.7784 19.2498 26.6417 127.692 61.6685 392.653 27.0131 4.93361 
1.84678 78.4708 42.9036 72.5819 97.654 89.3498 216.717 26.6098 99.0926 126.029 112.122 159.123 0 155.023 49.9096 56.5979 33.2822 55.2038 76.2023 11.9747 64.4974 45.8558 44.9043 3.12408 0.427767 9.38683 38.9353 22.4624 
0.63245 0.049026 14.3951 10.2795 1.76503 1.96996 20.5303 22.9963 26.6206 12.3516 138.148 13.6382 34.0653 0 25.1568 19.1714 14.0299 35.9101 4.07538 3.65889 25.7496 10.8594 8.24177 2.90986 2.77183 3.37018 0.556769 5.04986 
61.6935 20.0371 0.71322 0.185832 10.2045 0.510968 87.4816 44.0162 29.981 130.912 109.236 165.419 87.0461 2.12559 0 83.0209 25.2935 67.5103 12.0969 10.3636 40.1396 3.89111 25.2784 28.1327 2.71249 16.4674 1.28084 21.8323 
65.0338 12.5831 0.0378388 16.6696 44.5049 21.8952 100.775 219.712 147.135 12.4132 223.931 13.595 13.7586 4.88215 87.1963 0 10.7631 23.3898 0.430066 5.16021 59.8419 11.6192 11.8828 24.8473 23.4672 28.5171 16.1718 1.06666 
160.607 102.004 7.29985 117.32 147.408 97.9895 0.0382565 70.7613 195.439 24.7319 90.252 47.8853 0.442769 16.6464 8.75272 23.4886 0 3.8409 294.63 17.468 36.8184 20.2093 0.0488966 14.751 114.264 15.3327 8.16236 20.5654 
236.68 467.826 163.225 6.03485 25.6522 31.8212 62.2405 124.092 181.028 133.433 132.146 59.4791 3.27366 2.00596 5.75866 61.5935 161.754 0 135.546 38.9908 3.08449 0.287774 41.7945 41.9135 47.7002 53.2215 44.4906 48.9429 
106.224 0.088984 43.9147 61.9541 234.357 84.0412 143.522 5.56368 36.3096 23.6691 119.62 25.966 3.23216 11.0704 9.74417 23.5288 210.563 146.821 0 24.5555 19.5325 25.4414 19.6602 18.9401 9.98458 8.22602 9.06053 4.14629 
82.9338 8.27135 0.131735 17.1885 93.8698 2.62403 92.2713 97.3289 0.707324 54.7819 0.454704 63.3157 15.6358 0.119313 2.51941 7.6346 17.145 47.1295 6.64678 0 71.9318 5.71768 3.1897 0.251334 0.816689 9.89294 8.85823 10.0616 
18.781 179.161 79.2018 58.5037 111.75 40.7254 137.097 192.718 74.4834 67.208 104.213 121.184 0.033521 10.7712 54.1311 60.2122 59.9642 10.0987 71.1089 332.475 0 9.1197 3.31078 23.9352 43.7631 61.3576 26.9652 33.1383 
40.2696 33.4867 6.33334 8.96316 2.85763 13.8741 18.0836 39.6472 35.2979 24.4666 39.1919 3.68739 0.408151 1.99141 14.1127 11.4288 12.3863 7.08447 25.2994 0.0152567 30.2037 0 10.3722 14.0618 23.8657 1.54336 1.73061 0.315191 
11.7935 55.0475 11.8325 10.016 55.8739 3.19025 22.6411 100.579 73.7188 29.5776 1.29434 48.3747 54.2062 7.47586 13.9463 10.4865 6.44916 24.1967 12.2527 3.39509 2.08155 10.271 0 9.34771 20.9305 2.05289 2.22661 4.65525 
57.8277 1.79013 5.14238 3.81847 3.65199 17.6626 53.0279 131.314 23.9727 53.839 16.7015 51.7968 0.141453 6.86629 20.0588 7.06326 18.8005 2.86294 22.7204 4.87814 42.3658 1.87417 8.33967 0 7.49466 5.11004 14.4245 0.0514454 
171.608 109.24 6.93925 98.8095 66.4488 125.073 91.5191 189.26 128.603 8.53428 75.5472 944.889 33.4728 4.4584 4.27506 60.2209 108.65 43.7739 11.4513 12.0943 60.4799 88.9491 8.96734 69.5982 0 116.034 187.884 122.443 
78.8637 52.6975 1.65441 30.6829 6.72921 25.0901 25.2939 126.501 142.456 20.7995 20.3903 33.9465 16.6469 12.3459 23.901 31.2579 21.4056 54.0141 17.1682 5.6951 27.4684 0.0569528 10.3832 2.29788 10.4241 0 37.9979 26.7814 
3.38652 27.3694 6.15513 15.6724 24.6045 14.3154 43.7394 8.86016 5.31752 37.21 79.7737 119.577 35.9094 0.27147 4.45136 17.0762 17.4275 39.0938 0.0490021 0.155364 41.1964 1.60386 13.3591 11.6493 14.8948 30.6853 0 80.9052 
23.3213 60.2025 6.50438 24.8787 25.3202 9.09974 7.8107 121.354 69.3743 31.359 77.3766 161.193 16.3181 9.215 11.0605 3.99537 24.0655 50.4793 13.9746 11.4523 48.768 7.51032 10.047 2.68731 23.4541 4.48167 17.7224 0 
