0 316.139 170.745 413.828 263.922 309.221 148.094 0.00742691 380.693 45.6929 176.418 2.5261 51.8361 25.4099 23.0632 34.5899 290.453 151.678 0.00142349 273.222 8.5305 6.41372 21.0775 10.9796 240.925 59.6936 48.5819 46.9112 
375.504 0 447.561 296.795 146.039 374.286 479.669 269.73 219.297 0.91384 26.9162 50.253 57.6942 36.9889 0.988946 11.4197 219.181 1057.82 37.7955 34.3922 75.8124 42.7192 42.2383 7.45934 249.967 18.787 45.7663 64.6116 
176.02 24.6349 0 227.65 145.228 0.0720086 132.985 4.68397 157.15 26.9554 79.3852 119.724 26.7919 5.0649 15.0887 1.12051 6.00482 144.338 49.5969 24.649 83.468 0.00582915 2.23971 13.4977 4.92362 3.95323 16.669 22.078 
363.324 215.403 308.852 0 158.155 212.911 15.9813 70.9496 408.447 19.3328 112.607 259.894 65.9127 0.735364 24.7917 40.2392 207.491 52.495 25.4306 28.0039 150.078 0.28278 6.95055 4.83298 240.338 5.99734 26.7612 0.664461 
118.147 17.5416 80.8921 2.85078 0 139.444 252.537 217.133 267.195 262.953 177.618 12.8736 96.4555 67.8818 36.5768 74.9185 0.0794266 17.7909 265.384 3.92144 1.03715 4.56855 52.6943 31.2716 43.5839 60.781 28.6089 12.1008 
331.791 199.292 30.9423 201.551 177.352 0 474.858 21.0961 264.469 537.309 255.381 12.5851 218.131 18.9231 8.5228 21.8251 242.966 19.0851 29.0356 24.3039 15.8689 7.67026 14.987 0.105751 199.621 27.7363 16.2656 19.8323 
240.196 490.633 130.369 124.413 381.377 870.554 0 353.68 454.268 63.701 156.294 16.6311 160.132 0.973729 99.2197 33.6869 15.3308 100.618 26.3862 73.5896 13.5173 57.1322 70.4415 27.0268 68.1404 53.8716 51.3122 37.4773 
302.845 139.939 249.249 113.192 213.52 158.103 302.381 0 621.997 36.581 258.414 835.915 126.578 107.321 109.556 167.852 17.8299 15.9062 114.449 62.29 172.505 19.8608 72.0956 27.6751 125.35 10.604 27.8001 66.4946 
348.719 591.188 5.32678 349.287 49.1678 424.587 1226.34 134.929 0 246.191 1434.02 351.641 73.6278 86.6241 38.8229 117.637 289.396 32.6481 9.30766 64.313 184.019 3.24901 100.609 80.1973 302.996 1.81753 26.8231 91.9021 
150.864 7.87075 51.6727 102.124 154.166 275.96 441.189 199.853 44.3276 0 565.712 47.7107 315.378 21.3519 106.708 23.317 4.12421 82.547 110.568 54.8601 80.3878 0.593274 36.9624 0.0105036 16.0781 14.1454 1.02814 57.2219 
23.1421 196.018 124.793 2.47705 259.638 263.368 269.772 80.7937 283.206 125.798 0 391.666 249.714 203.755 0.124807 76.0418 46.5082 98.8752 119.419 26.1289 47.9666 51.8699 92.7096 12.1227 145.497 135.078 27.0477 86.4223 
77.7987 33.4639 6.11997 177.069 173.101 73.0585 98.2234 1022.36 50.0838 105.288 55.7077 0 155.678 42.2117 152.957 434.714 75.3027 3.98329 56.2497 28.197 167.634 66.0856 53.3829 39.2688 201.544 391.855 26.3511 175.806 
67.6466 4.55085 0.163971 28.9158 144.956 98.5285 0.00438521 25.6986 36.1964 2.3206 120.237 49.2226 0 63.2488 68.0404 4.10413 2.72708 1.04135 69.6803 0.0921966 24.1086 16.1755 29.5111 36.694 28.2138 46.2754 33.8837 42.9052 
16.3918 36.0557 0.655469 23.1966 25.4909 20.7996 96.9001 56.0347 88.3858 49.4248 158.579 150.241 142.873 0 42.9034 11.8839 4.03122 53.5955 19.2878 1.14914 3.42803 2.10903 9.3301 5.19747 16.2365 13.026 1.55355 0.0224884 
9.50746 95.7058 33.1398 27.9988 88.7393 36.977 70.3356 141.834 227.739 13.2966 21.5558 1.16586 31.054 61.5696 0 0.63139 29.6591 29.6277 0.325601 3.66248 5.73248 2.21887 3.42242 1.13716 18.517 8.8058 3.47366 15.1596 
1.61408 79.3368 19.8511 17.4724 0.322527 0.0982655 7.53019 26.8403 24.0179 90.9662 73.419 386.766 40.5946 17.8753 11.1115 0 0.859209 0.00311904 6.61779 0.104783 46.6178 7.98536 0.851821 14.7585 15.5651 0.0158941 15.8544 21.3321 
199.169 343.48 51.8359 255.847 48.4654 240.954 63.5923 11.0147 297.165 3.28571 81.701 5.30099 15.4301 22.0736 0.0326067 11.6776 0 215.382 227.102 0.626883 4.36185 20.5914 2.50059 5.9228 225.886 25.9696 16.1433 24.431 
2.13503 414.186 0.357209 145.619 174.981 121.636 127.212 0.143229 126.033 90.0601 5.63286 1.98806 63.3492 28.0397 48.9438 34.9218 275.243 0 1.32649 3.99313 40.096 5.4214 42.41 18.0328 58.7353 16.7005 40.0143 46.8819 
72.5299 164.174 49.1005 17.5903 268.778 1.19031 0.467795 81.9172 38.8658 48.5951 90.2776 1.79287 59.0869 0.221228 33.8354 6.19098 236.941 9.84231 0 36.2006 0.251185 19.8137 8.83737 7.65261 25.168 24.4219 18.3884 15.4739 
6.43682 136.172 25.7806 27.6512 16.5761 21.8522 40.5066 79.1188 61.015 37.6564 35.04 0.776737 38.7936 0.699795 9.41112 1.32314 33.574 1.30016 30.5039 0 42.6305 6.35914 4.11776 0.818924 1.92379 2.28038 4.10518 11.1632 
228.943 34.6284 70.7293 183.075 15.6696 0.0042645 28.1236 87.6654 183.647 98.4033 141.15 1.38216 22.9458 35.3576 20.9165 19.8567 24.5841 25.823 38.6141 144.085 0 0.923323 21.0025 46.2808 7.17241 45.1561 42.5301 6.68678 
33.7122 51.3422 11.7934 15.7688 31.0239 20.2356 56.0341 66.552 2.30484 60.8978 0.754187 46.0329 76.1269 3.54282 14.95 3.52464 4.33531 0.0310122 18.3897 0.771303 20.0494 0 5.53674 3.74692 7.83557 7.08756 0.185496 0.825251 
0.326075 45.4733 9.52766 19.4272 30.4163 1.76947 4.10777 23.1655 87.2609 59.7677 110.709 30.9184 21.1592 8.87446 3.22607 2.41057 0.747122 42.7356 21.7234 4.10154 18.5345 5.64099 0 0.00538577 5.54384 1.70633 11.2886 0.0837543 
33.9215 35.6197 0.612009 6.67569 33.841 6.94684 66.9773 0.918058 97.8954 44.5217 66.5915 113.695 53.7711 1.5329 3.6751 17.8161 20.8003 24.1801 13.4297 1.46206 45.0888 13.9763 20.4906 0 40.1023 16.342 16.5929 6.36229 
237.668 209.759 4.70063 238.959 32.5695 208.969 40.0694 3.06556 232.463 19.2539 22.2851 830.197 55.9528 16.5955 16.0328 77.7414 200.693 59.5617 0.548028 12.8767 35.0561 74.6695 27.8296 53.0808 0 39.7853 73.768 13.6855 
36.7713 0.207632 25.7425 3.29925 11.8448 18.8873 99.5086 199.849 20.5032 15.3691 127.232 0.198553 1.24355 0.972437 2.82207 0.530313 27.3535 17.7484 2.4617 11.8663 62.0818 2.33929 3.81499 16.649 39.4572 0 1.20708 0.887476 
4.16805 51.1957 16.8168 1.0788 44.6938 20.2084 60.4925 81.0688 49.4106 47.2992 71.8193 49.5757 38.0436 5.35673 17.0075 14.7599 9.60967 21.5327 4.44957 1.20147 24.0483 0.233181 6.03634 18.2937 60.2287 14.0797 0 89.7632 
57.8584 24.0208 20.8763 29.8296 1.41828 21.9222 56.4648 1.92166 93.9072 57.3793 98.3052 27.7234 0.268217 1.18499 23.2275 22.7571 17.9888 43.9818 3.11807 7.71832 45.2637 10.4217 5.39219 12.8531 32.4063 36.3067 32.5682 0 
