0 419.789 0.0189747 390.224 128.98 74.5091 0.129154 265.61 248.362 128.204 68.1456 4.55142 47.0147 52.4412 27.3727 59.9054 102.913 4.82161 8.03809 58.4323 56.434 35.276 30.4679 55.6526 81.5619 40.2771 14.1755 19.6724 
351.539 0 470.728 159.738 22.6332 308.715 174.473 292.026 333.028 28.5025 204.14 218.142 123.25 56.1049 15.5918 26.6438 209.575 1108.73 149.735 2.61575 117.795 5.8125 26.2955 4.32263 97.0941 74.384 1.99662 63.2254 
125.794 2.33275 0 11.2277 119.59 7.81319 49.111 97.744 436.526 101.93 240.932 77.9646 44.3957 12.7213 16.4736 23.4607 3.67441 74.4466 49.0702 26.9071 20.0801 9.45095 8.01792 5.33495 5.84576 27.4745 11.9339 1.42325 
356.84 92.9914 63.7122 0 35.994 123.765 94.5677 516.596 295.855 84.095 75.2237 92.4811 23.1184 6.38454 25.7044 20.0977 129.07 0.0403831 5.62702 1.29019 471.005 14.2831 4.04416 0.577129 71.7926 4.93675 22.5551 19.4561 
266.57 134.254 53.9825 120.059 0 157.281 115.299 112.715 341.104 296.463 1.48128 8.54844 177.956 10.2895 9.88352 7.48737 61.2148 233.447 133.065 33.5533 125.563 0.127578 44.7096 30.8508 14.9206 42.2213 16.9064 42.896 
81.4073 136.411 51.0849 82.7056 312.212 0 365.252 212.183 123.059 127.368 273.664 8.06616 334.865 16.0512 3.91699 0.0376966 89.3433 16.1922 63.7819 21.9009 72.0292 1.85722 2.00877 17.4879 93.1134 25.9714 18.3252 9.54991 
37.4126 193.94 210.992 35.6303 435.174 840.485 0 125.339 178.08 53.4864 278.407 229.642 155.148 92.4488 111.245 93.0987 104.418 216.716 89.4703 85.7713 77.6215 62.5405 27.0146 33.8846 43.0872 96.4316 60.546 66.8833 
17.711 41.0277 225.005 439.27 122.643 23.2709 70.6175 0 662.895 150.041 238.238 428.238 130.109 101.084 104.674 3.59343 0.847268 12.4603 0.0745555 113.789 113.401 1.43189 64.9614 27.9126 167.301 227.945 44.2978 37.82 
104.308 386.215 449.767 206.436 1.38314 275.912 122.515 34.231 0 386.728 1259.35 315.457 1.71496 143.446 83.0366 123.927 128.506 219.034 53.4679 66.6388 61.9143 11.6873 97.7354 98.9566 71.7766 9.035 14.7125 39.9699 
0.656939 12.6271 81.4379 44.9729 108.997 281.042 459.199 214.807 264.279 0 443.056 132.454 185.53 13.8587 50.9701 3.83249 83.4995 35.9638 0.000272291 1.48582 11.4374 53.4526 49.3406 22.1003 0.214701 5.72436 15.0862 14.9851 
194.604 32.7951 8.95389 17.2831 84.1635 222.534 384.66 175.889 640.676 62.3449 0 45.9552 78.7874 39.5848 0.0549451 180.701 39.6096 20.6884 91.6589 41.4947 53.3706 78.5882 108.477 110.566 101.811 20.1653 1.00657 57.1779 
85.7433 209.601 29.2675 232.148 176.162 63.931 16.55 113.722 85.872 206.125 85.1306 0 158.996 86.2884 32.5261 422.019 39.0672 144.441 19.255 95.6238 156.951 76.6512 0.25887 92.7782 220.509 377.515 68.5091 47.6314 
51.9796 54.1158 2.75603 61.9318 168.343 61.7292 178.013 14.8731 2.80633 101.328 2.00565 64.2228 0 91.647 55.3928 19.7287 17.9835 42.3863 15.9588 2.1115 73.8698 2.73908 83.1034 70.2476 55.8825 36.0217 8.22763 21.5903 
47.9545 13.8514 1.25625 13.463 30.4876 12.9693 1.73044 2.25288 144.291 58.2887 184.005 114.306 14.4618 0 52.8996 3.62118 19.5854 52.5942 11.1522 4.4324 22.1258 3.5477 0.960608 10.3669 13.6641 1.43998 0.20185 10.9144 
71.364 81.4726 33.5384 22.3784 94.4872 34.5411 131.676 145.95 209.365 100.686 20.4939 248.444 20.656 24.103 0 81.4107 14.9147 0.560492 15.2575 4.0269 0.0096309 4.27937 16.3677 19.0948 0.10425 29.1857 14.6541 22.6521 
2.67574 67.034 0.00342325 41.3956 71.2381 19.5545 103.796 250.425 39.8949 76.7745 182.96 371.035 0.131602 4.4789 47.8037 0 24.5206 10.7596 1.56462 4.57931 5.80073 3.93826 5.40392 0.608329 8.32947 3.95635 5.41306 1.72668 
107.575 101.26 49.462 76.8967 143.064 87.24 1.05283 0.00298736 72.2343 83.8239 76.4524 36.5958 1.67618 0.0714624 19.8625 23.9051 0 178.328 459.386 1.45206 38.9264 5.46421 18.7994 7.44753 73.1171 0.0452462 22.3947 6.39079 
200.072 215.242 41.5806 102.298 145.827 80.4803 200.151 0.00976613 182.957 42.7268 69.4774 147.269 105.253 20.6409 65.2683 10.6203 286.138 0 117.183 5.38696 104.893 41.4929 19.8219 48.3747 57.0118 9.52047 0.000137943 22.3309 
41.5075 134.205 1.8874 41.1514 127.759 88.6714 34.4164 47.1528 150.627 35.3923 120.205 25.3422 26.5522 4.01641 36.5385 13.3702 71.9033 135.106 0 12.9797 2.45798 7.44095 21.0472 20.9255 0.0973881 4.73224 22.1222 14.8495 
213.77 137.789 22.7605 1.17747 15.0967 16.0891 0.832433 0.106408 58.6441 18.9284 69.0728 66.8755 29.6746 0.683646 9.09172 2.0955 32.3779 2.15697 30.6896 0 83.4037 2.03919 0.238142 0.355755 1.91356 0.109817 5.24425 6.51968 
243.059 155.478 30.453 52.1231 131.883 74.0779 98.1082 189.637 60.581 41.1465 42.5167 13.5005 2.4169 14.0124 5.44271 29.1348 61.3134 114.942 55.3559 331.982 0 9.22319 3.33224 37.1303 0.0168698 0.0418101 1.1625 35.9971 
8.11459 20.6904 1.018 0.00389331 17.6444 4.52746 62.7878 49.6275 9.93447 9.48703 16.168 69.6681 55.5019 10.8057 13.7408 8.4001 3.12265 40.7233 8.98054 5.76759 0.937699 0 11.9693 10.0102 6.06376 0.589961 11.1065 10.3187 
0.65793 30.1337 1.13083 4.2692 18.5784 14.0982 40.1949 17.1332 80.6846 59.9554 95.3621 6.85773 87.616 0.455254 0.929868 7.76573 11.0962 2.75036 0.298992 0.371965 4.81898 12.0578 0 18.8761 21.1474 0.527663 8.35784 0.262667 
0.153603 61.4598 12.8295 1.40844 34.2548 6.62906 11.7459 0.966795 76.8735 59.9492 0.616899 23.6306 64.9945 9.2837 28.108 29.2824 1.50817 0.497889 16.1081 5.08055 47.8186 0.24149 4.27046 0 19.4902 3.69401 19.2414 8.10378 
132.753 141.498 3.85921 80.7823 6.85363 98.7435 65.4391 3.35472 198.565 0.80571 2.01051 561.274 29.5176 11.9464 0.0151182 36.8218 97.5941 54.7596 26.9035 12.8841 13.7428 12.9638 3.54005 43.0314 0 88.255 81.9267 73.6893 
56.5834 42.0802 8.72036 2.50276 70.3498 23.664 37.2651 114.52 67.186 65.7107 26.847 60.7386 47.74 8.38057 30.9345 7.6563 2.0925 10.3794 21.3249 10.1233 26.8704 0.534986 9.62917 1.30681 9.72623 0 26.1153 17.3419 
11.6767 6.55549 12.1426 0.125326 2.55314 10.0451 53.4302 2.69295 62.0828 41.9412 16.1117 12.5776 2.90612 2.72718 19.0097 6.72001 0.893166 9.23964 22.2243 10.6508 21.9488 10.9756 1.58267 19.0221 48.1374 8.79891 0 0.0963783 
57.7243 12.514 6.67699 19.4407 25.3201 21.1918 51.5413 133.601 36.073 18.4857 109.964 175.274 17.1612 7.41164 20.2857 0.0958779 0.000576688 26.9134 21.2078 10.6174 47.3123 0.620657 2.90173 1.613 25.5586 10.8317 40.2534 0 
