0 824.75 1.96707 670.062 108.522 393.266 2.57042 280.768 580.369 134.115 59.1854 1.60862 50.8893 52.9506 24.787 62.9755 422.735 1.36252 10.8686 56.6403 72.2403 35.8493 29.2009 56.3267 395.577 43.623 15.3478 17.9251 
761.995 0 434.215 441.674 62.7329 620.309 247.138 294.119 609.643 41.0404 218.133 213.89 128.14 58.2423 18.9743 23.3749 520.381 998.25 156.369 5.97543 126.293 6.66137 24.5821 5.37723 415.609 72.1982 2.52778 62.5864 
103.51 37.7048 0 53.1883 134.747 11.968 73.4773 126.089 379.447 106.217 237.334 91.2789 41.3425 13.3515 18.4458 22.7961 4.95025 62.4725 46.627 26.313 26.3534 9.18312 8.43865 5.89396 4.8894 27.2761 12.4503 1.07067 
626.503 433.644 205.788 0 45.6281 435.514 77.6107 1025.91 645.601 79.1188 89.4875 70.5986 25.6929 5.57384 23.827 17.4249 444.737 0.282338 7.20289 2.57642 122.555 14.0001 4.59349 0.94721 387.866 6.6617 21.8974 18.1902 
260.832 74.4972 69.1525 109.862 0 108.121 73.527 124.6 326.811 314.693 4.93802 12.1437 176.348 12.197 7.43388 9.25295 53.1043 235.337 101.824 37.8973 123.249 0.320916 43.3156 29.223 13.2243 39.8605 15.8861 41.583 
393.329 475.159 55.7611 395.324 607.888 0 1150.51 207.108 399.857 194.174 270.398 4.50743 671.402 15.1027 5.53618 0.00335394 407.387 11.9408 68.9846 22.4763 73.3637 2.26772 2.41636 17.68 407.999 26.5147 18.6129 8.84976 
24.4416 267.546 188.35 49.5719 432.887 887.582 0 163.799 5.52527 15.3404 333.216 213.542 168.078 90.1442 118.795 96.143 102.404 208.124 80.7119 82.9895 71.7236 62.1645 29.7256 31.2534 46.946 94.5831 60.4457 65.3852 
8.25207 56.3915 200.729 462.392 134.412 34.7436 103.466 0 647.036 162.446 266.612 218.036 133.812 106.294 117.738 12.7974 0.380769 8.76999 0.431542 111.599 124.184 2.00139 60.621 21.7789 176.246 233.065 40.5815 31.7148 
409.485 733.393 472.344 485.815 7.68818 513.765 446.398 87.8208 0 384.143 1520.31 284.841 4.39137 143.547 10.6488 116.198 440.414 217.42 60.5463 62.1336 53.769 10.2662 95.7171 97.8525 388.081 5.53852 12.9224 43.7007 
0.0292471 21.7652 88.0217 50.7948 78.6398 150.47 495.675 208.66 299.906 0 350.222 116.097 146.532 10.4221 61.5627 1.9575 82.8507 30.465 0.31531 0.903642 9.46248 51.8441 47.2781 19.7758 0.658893 7.73911 13.9096 13.3339 
193.541 44.8493 19.0804 10.067 69.2946 242.008 426.764 145.914 476.834 133.63 0 84.0376 95.2439 25.7062 8.78721 162.272 36.8705 25.4727 96.1949 44.5281 48.0555 78.792 102.244 105.432 109.055 13.6211 1.68762 61.7949 
73.2123 203.281 20.2485 215.95 173.637 55.0123 8.66102 13.8133 116.271 217.512 46.8005 0 157.923 74.4875 53.6287 477.332 41.4118 141.876 16.8873 94.6603 160.281 76.5928 0.010663 107.337 285.726 397.088 73.8583 58.4938 
48.0976 60.6994 1.70048 63.8181 172.379 60.1174 165.938 11.513 0.786428 138.786 0.108394 57.5819 0 74.7674 63.9437 15.9853 16.4243 45.7845 18.434 1.6268 72.9436 4.75906 79.5004 69.9589 55.9637 34.2342 8.94517 22.7676 
48.9889 11.794 1.68624 14.3716 27.9216 11.9342 3.2826 0.8097 143.161 62.6904 169.453 124.929 25.6932 0 59.9924 2.12864 19.8877 52.9627 11.8979 4.36509 20.9301 4.04839 2.01967 10.3941 13.0589 1.06555 0.293323 11.1369 
71.6428 78.1134 33.9157 20.4436 93.624 32.4951 136.197 134.522 217.139 91.0256 1.8368 262.734 27.5094 37.1529 0 66.4315 15.6577 1.03575 16.4555 3.70898 0.108851 3.70194 18.4518 16.903 0.389784 28.1686 15.1981 22.2783 
4.11867 69.858 0.0415504 40.2154 69.9212 20.715 103.448 257.996 48.4745 72.5479 164.797 445.667 0.74155 6.37231 27.9963 0 24.2089 12.2407 1.95912 4.89728 7.14 4.34883 6.32827 2.10885 10.0044 6.03055 6.05174 1.16848 
419.412 423.795 50.8884 394.048 138.351 405.211 0.383872 0.128819 388.719 83.3176 74.1611 34.2873 2.28226 0.137642 19.1525 24.2394 0 149.43 514.815 1.89988 37.1486 5.12601 18.8931 7.85084 388.71 0.110399 22.4229 5.98375 
187.849 291.642 52.5675 93.9992 131.169 86.7751 189.075 0.468309 191.126 36.8838 62.6523 145.185 104.494 22.1228 64.1851 9.22325 287.167 0 110.316 7.36034 101.666 41.2308 20.8922 48.2781 57.6487 8.24056 0.0214843 23.5345 
36.6006 125.121 1.00928 38.6464 96.7898 86.6503 27.444 43.1115 152.771 29.7345 122.623 28.0662 23.7377 3.49753 35.9621 12.5321 82.2694 129.936 0 11.8475 1.78084 7.95591 21.3449 21.2794 0.197986 5.31473 21.858 14.2857 
200.006 140.524 23.9022 2.41821 18.5155 17.0395 1.86865 0.0359489 63.2027 20.8745 66.5765 63.3158 30.768 0.600988 9.37075 2.36318 31.9001 3.4937 29.7852 0 37.1829 1.92939 0.283789 0.283383 2.19747 0.193379 5.47502 6.80128 
239.517 161.307 37.6494 19.7773 132.082 72.858 92.5224 195.344 52.488 37.9923 47.6691 9.8804 1.77737 15.1323 4.45694 31.3415 60.1816 112.581 53.6045 325.532 0 9.75247 2.82423 38.2126 0.13519 0.00368067 0.873383 34.768 
8.8338 21.9743 1.19017 0.0244436 19.1243 3.9738 62.5219 51.2014 8.60974 11.2375 18.2173 70.9589 60.4028 10.6791 14.2932 8.78813 3.40454 41.0415 9.51981 5.83632 0.753037 0 11.05 10.6409 6.15895 0.721916 10.9013 10.2497 
0.384958 28.4107 1.39624 3.73492 17.0135 13.6643 37.4248 13.9339 76.9279 60.3955 102.068 4.0792 85.0133 1.28215 1.96007 8.64433 11.4606 3.28755 0.43304 0.427455 4.21549 11.1463 0 20.4988 22.0668 0.358848 7.91066 0.368104 
0.413775 61.7436 12.3666 1.95024 35.8375 7.24176 13.7647 0.0924985 80.3103 60.3182 0.0306513 34.1402 63.1272 8.69731 27.7846 28.5744 1.29906 0.284863 16.6156 4.9451 47.9356 0.0918637 1.7108 0 15.3167 4.44041 19.143 7.58361 
450.712 455.473 4.73433 394.942 5.64437 415.026 61.8784 8.05351 512.897 1.54797 0.564697 133.605 27.7113 11.2455 0.0322466 23.0087 413.725 55.6214 26.3937 12.6728 12.2236 51.5033 3.7665 43.9161 0 118.287 11.8573 37.7664 
53.4893 38.7479 7.49176 3.8148 70.6328 22.7895 32.7483 93.1099 59.2446 68.0628 19.3449 23.2088 48.9636 8.98097 30.8702 10.2351 2.43736 9.05112 20.5924 9.83651 24.8001 0.421385 9.3948 1.81163 11.6526 0 28.2763 24.338 
10.609 7.44771 12.6559 0.261741 2.09439 10.5572 54.4541 1.61213 64.0057 42.7497 14.0106 9.45453 3.37679 3.00015 18.734 7.392 0.751678 9.98078 22.4699 10.5634 22.9158 10.7643 1.88829 19.1715 51.2714 10.8969 0 1.00111 
56.8151 11.0267 5.98412 20.6894 23.8369 20.7938 49.2286 131.608 39.7429 16.7193 109.286 172.598 16.0251 7.80916 20.91 0.00476967 0.00499359 28.1206 21.6622 10.7642 47.9856 0.520396 2.6303 1.29922 23.2086 5.83973 52.8742 0 
