0 356.739 168.103 457.751 264.752 360.05 145.085 0.0134291 430.037 44.6178 177.238 2.13459 51.2597 25.664 23.436 35.1199 342.669 153.935 0.00113114 276.349 9.53521 6.31835 20.8838 11.2031 293.117 60.1219 48.6665 46.674 
414.365 0 440.247 343.025 156.186 429.241 485.757 268.008 268.589 0.616841 25.4061 48.7814 58.6723 36.592 0.861562 11.0594 270.149 528.652 39.0934 35.6702 74.4786 42.8654 42.0138 7.27083 301.343 18.376 45.9116 64.6365 
178.457 31.7886 0 238.747 147.231 0.140496 137.183 3.64221 169.076 26.0153 82.4634 121.628 26.3508 5.16879 15.3795 1.04146 6.22649 143.171 49.9397 24.5022 82.3194 0.0040495 2.18982 13.4376 4.78727 4.09439 16.7238 22.06 
407.075 269.96 298.088 0 158.746 264.134 14.6384 841.163 465.666 18.6695 114.748 259.854 65.6712 0.784256 25.0693 40.4323 259.042 51.2401 25.81 28.489 553.984 0.297653 6.85681 4.96131 291.978 6.25958 26.7184 0.71864 
121.183 13.7462 83.2721 2.43473 0 153.663 245.061 216.552 263.288 266.987 175.351 13.4717 95.0159 67.739 35.9626 74.891 0.145954 18.975 268.405 3.66139 0.911529 4.69674 52.5697 31.0313 43.2871 61.0264 28.767 11.9199 
383.538 250.957 31.8112 253.59 632.776 0 668.342 22.6061 308.069 439.392 253.304 11.8573 57.6544 19.0292 8.21861 21.6676 295.037 19.8092 28.2237 24.3102 15.5277 7.57243 14.9361 0.120482 251.439 27.7545 16.2052 19.7595 
238.327 495.99 126.157 126.887 386.269 882.246 0 357.742 512.763 71.6678 164.207 15.3078 158.188 1.12542 97.9079 32.943 14.8947 102.787 25.421 74.1374 13.0117 57.2971 70.3045 27.4067 68.6395 54.5698 51.1365 37.846 
301.86 143.007 251.757 96.9471 212.794 155.885 307.603 0 614.957 38.0717 254.24 861.78 125.955 106.594 111.496 163.933 17.4861 15.2512 114.279 63.1163 171.282 20.1062 71.4914 26.7325 127.354 11.9726 28.3002 67.5309 
403.082 640.554 8.29821 395.427 52.3059 464.191 1253.01 146.435 0 251.898 1500.31 348.107 75.244 87.9874 50.5163 118.807 341.642 31.4414 8.79764 63.6443 183.678 3.12822 100.437 79.6998 354.048 2.09287 26.4925 91.6001 
151.305 6.95531 50.5647 102.479 149.174 257.033 433.017 201.084 48.193 0 572.561 49.6405 312.776 20.723 105.419 22.6194 4.31743 81.5802 111.145 54.9571 80.0109 0.527371 36.5913 0.00312854 16.445 13.7376 0.973827 57.1899 
24.0661 193.755 121.534 2.02713 259.99 264.856 278.127 84.5186 270.988 114.189 0 398.991 250.365 202.529 0.0149286 79.0328 46.0941 99.9004 119.016 25.7171 48.7449 52.2183 91.6628 11.5294 145.641 136.329 26.6678 86.9849 
75.9557 32.2093 5.43568 180.314 172.656 71.6979 100.967 1027.15 53.5698 102.893 61.1494 0 155.361 40.698 148.656 444.121 75.5455 4.24907 55.7957 27.6874 167.77 66.3241 54.3936 37.5217 202.563 389.07 27.0195 175.584 
68.2065 4.90237 0.210159 28.5207 143.821 101.783 0.00654841 26.3651 37.4861 3.3853 122.807 48.2892 0 65.7204 69.2938 4.40151 2.62298 0.943065 69.3221 0.109237 23.8376 16.7601 30.3181 37.1818 28.4815 46.4771 33.7945 42.978 
16.6264 36.4528 0.612418 23.1886 25.8624 20.868 96.8686 57.0361 89.6477 50.1385 161.068 151.269 141.427 0 41.0823 12.1876 3.97548 53.5937 19.3901 1.13381 3.33455 2.04785 9.40711 5.06997 16.2692 13.0206 1.58571 0.0281009 
9.23899 95.8385 33.2327 28.2593 89.0512 37.2182 68.9159 140.148 228.18 14.264 17.4625 1.79644 32.1729 61.1833 0 0.229273 29.6316 29.2982 0.359445 3.61613 5.57724 2.28718 3.65419 1.27428 18.7637 9.06961 3.54472 15.0229 
1.46761 79.5937 20.0057 17.8655 0.270387 0.0762763 7.12208 29.3726 23.005 90.8093 76.3842 398.795 41.2738 17.705 13.1604 0 0.826835 0.00841312 6.72153 0.095258 46.3298 7.92501 0.922381 15.3097 15.8956 0.00260511 15.7786 21.4146 
250.943 395.766 52.0139 307.691 47.3135 293.039 64.2172 10.734 348.539 3.45932 81.4066 5.13617 15.6535 22.0791 0.0257678 11.5866 0 211.595 81.3434 0.586231 4.23331 20.5711 2.53767 5.86702 277.697 26.0101 16.1934 24.4298 
1.71208 419.977 0.545104 145.733 176.901 121.355 129.391 0.0850871 124.342 89.1106 5.26805 2.1784 63.85 28.2636 49.2456 34.6422 276.932 0 1.11396 4.23187 40.7003 5.50816 42.3343 17.861 58.673 16.4609 39.9304 46.7809 
71.7808 164.829 48.7488 17.2447 271.666 1.39735 0.336813 82.478 39.8125 49.5267 89.5837 1.91581 59.5096 0.201676 33.953 6.09035 238.004 9.26398 0 36.1644 0.287506 19.7446 8.75979 7.5774 25.253 24.5157 18.445 15.5567 
7.76052 135.568 25.8962 28.1375 16.0748 21.9427 39.854 78.3399 61.6897 37.3716 35.4817 0.679622 38.8998 0.712542 9.45125 1.29094 33.6098 1.44018 30.6351 0 48.8572 6.35654 4.1177 0.835458 1.9649 2.2366 4.07213 11.1486 
230.199 33.5673 69.5302 187.278 15.1978 0.000292121 27.4337 86.073 183.286 98.3066 140.769 1.19779 23.2139 35.5028 20.6654 19.5532 24.3301 26.3485 38.3154 135.159 0 0.894942 21.1438 46.3523 6.99607 44.8743 42.5858 6.55447 
33.6146 51.3753 11.8155 15.7965 31.2575 20.2114 56.2123 66.6104 2.20258 60.9337 0.684271 46.373 76.6749 3.61596 14.877 3.46648 4.28872 0.0384093 18.3152 0.782794 19.965 0 5.38474 3.65417 7.69832 7.12641 0.196004 0.842987 
0.359199 45.2671 9.47127 19.4328 30.1675 1.82474 4.3002 22.6144 86.7891 59.6743 111.556 31.8 21.889 8.99172 3.00649 2.51991 0.72603 42.8058 21.7613 4.09975 18.6756 5.48836 0 0.0378261 5.35652 1.75263 11.3385 0.0757802 
33.6417 35.9074 0.645919 6.81979 34.0776 6.85613 66.7788 0.735613 98.0784 44.2015 67.6195 111.576 54.1834 1.44361 3.44989 17.2755 20.7875 24.3579 13.3494 1.44142 44.9951 13.9969 20.6271 0 39.6394 16.3034 16.5099 6.43913 
289.027 261.824 4.83603 290.906 32.2602 260.594 39.5027 2.56231 285.051 19.6435 23.1536 266.756 55.9434 16.6006 16.2839 79.6007 252.43 59.5363 0.519447 12.8465 34.7849 76.9044 27.8973 55.0053 0 48.6725 97.7315 15.505 
36.2764 0.16134 25.84 3.50137 12.1106 18.7238 99.5158 202.083 19.679 15.7945 128.591 0.000381168 1.32658 0.92344 2.99188 0.644156 27.3509 17.5042 2.3987 11.8806 62.1567 2.37314 3.75515 16.6629 39.1971 0 1.08564 1.16597 
4.27349 51.2909 16.8703 1.0316 44.7856 20.2112 60.4749 81.5074 49.7505 47.2629 71.512 48.7841 37.9976 5.4032 17.0727 14.6745 9.55443 21.3989 4.50058 1.22287 23.9055 0.244921 5.96906 18.2407 60.1484 13.7375 0 89.0424 
57.9818 23.745 20.9298 29.7159 1.35 21.9654 56.7754 1.68429 93.6443 57.3853 97.875 26.4568 0.242024 1.14869 23.2029 22.7703 17.9276 43.856 3.06457 7.67855 45.1371 10.4287 5.3471 12.9014 32.5131 35.2072 30.7907 0 
