0 861.663 9.92537 570.413 85.8162 352.462 9.11742 294.394 552.231 140.181 49.3567 0.072919 55.3603 53.4054 21.8959 66.2742 382.088 0.000395071 14.5819 39.1915 91.6948 36.4705 27.7245 56.9523 348.327 47.4295 16.7259 15.9789 
813.5 0 348.359 366.015 128.809 564.064 331.792 292.929 518.501 57.5814 232.479 207.57 133.203 60.5384 23.1586 19.7907 468.438 1069.14 162.694 11.4176 135.575 7.69602 22.633 6.71487 373.39 69.4503 3.21052 61.7207 
78.0978 122.614 0 149.597 150.652 17.5456 104.642 159.215 292.16 110.092 228.439 106.62 37.7975 14.0238 20.6854 21.8921 6.62281 49.2616 43.6469 25.4318 34.3001 8.86739 8.90855 6.54885 3.87672 26.8888 13.0329 0.725052 
520.472 425.82 357.106 0 57.5062 385.124 59.0155 392.269 632.98 73.0304 106.159 47.9281 28.7225 4.69078 21.6237 14.4376 398.975 1.8758 9.21694 4.55546 438.873 13.6608 5.25329 1.47938 343.032 8.89687 21.1061 16.7251 
250.616 25.249 87.4537 97.5285 0 96.1509 35.3865 138.052 305.114 328.045 11.3244 16.9815 173.225 14.5417 5.02065 11.4745 44.1487 235.19 68.7584 42.9884 120.197 0.650065 41.649 27.3502 11.374 37.125 14.7356 40.0312 
344.684 457.679 60.2669 346.883 537.992 0 1303.2 198.271 342.912 414.442 260.112 1.66717 201.441 13.9683 7.67877 0.120503 364.629 7.787 74.4577 23.0473 74.66 2.78266 2.92203 17.8483 361.498 27.0268 18.9162 8.0586 
12.6911 351.28 158.392 67.3831 415.848 680.89 0 209.829 109.982 0.00901049 389.988 193.446 181.615 86.9643 126.396 99.0511 99.739 196.494 70.6335 79.4092 64.9571 61.5906 32.8846 28.2644 51.3659 91.9625 60.2213 63.5039 
1.73745 76.2281 169.571 479.19 147.595 50.1015 145.929 0 597.272 175.778 296.589 50.1377 137.594 111.657 132.078 29.786 0.0718305 5.29856 1.20257 108.495 136.285 2.76833 55.5502 15.5234 184.401 234.104 36.3828 25.1821 
354.304 717.288 461.44 403.12 20.9814 395.733 905.752 173.509 0 371.07 915.433 246.641 8.93988 142.739 28.9267 106.572 390.562 214.104 68.8574 56.8818 44.857 8.72992 92.9813 96.1762 343.99 2.54513 10.9843 48.0262 
0.317748 34.9278 94.9181 57.5145 48.3132 53.2313 508.859 199.881 335.074 0 238.086 97.4929 103.206 7.00819 73.8762 0.565288 81.8529 24.5786 1.4962 0.410891 7.40406 49.8446 44.7617 17.1923 1.464 10.3779 12.5943 11.523 
191.182 60.4791 34.8366 4.09257 53.418 259.166 462.749 112.876 237.181 236.712 0 138.429 114.851 13.0808 42.7725 139.108 33.7724 31.4614 101.159 48.0021 42.14 78.8335 94.5235 98.9591 116.824 7.57904 2.67991 67.0355 
59.5062 194.738 11.7448 193.893 169.973 45.1855 2.67162 19.9343 154.31 228.537 15.9854 0 155.983 61.1715 82.4398 495.035 44.112 138.502 14.3243 93.2036 163.428 76.3489 0.648813 123.624 269.189 395.725 79.863 71.6143 
43.6829 68.3948 0.79626 65.7951 175.79 38.7645 150.842 8.14743 0.00046552 183.511 0.847157 50.1608 0 55.6348 73.6428 12.0714 14.6929 49.7232 21.4317 1.14556 71.7722 7.71368 74.6928 69.2498 55.9131 32.1453 9.79471 24.1183 
50.0661 9.5988 2.24782 15.3927 25.0252 10.7357 5.64423 0.0426606 140.575 67.3959 150.232 136.081 41.58 0 61.7676 0.861433 20.2134 53.2829 12.7608 4.28163 19.563 4.63908 3.55502 10.2504 12.3148 0.699985 0.418703 11.3621 
71.7151 73.9527 34.0695 18.2148 92.1759 29.9336 139.938 120.345 222.368 79.1827 5.39827 272.094 36.1834 50.6574 0 44.1358 16.5089 1.75639 17.8447 3.35292 0.354811 3.07774 20.6132 14.2981 0.937294 26.7499 15.7967 21.7605 
6.13263 72.8567 0.254328 38.4995 68.1856 21.9659 102.366 259.625 58.8437 67.2382 141.831 491.603 2.04516 8.73402 9.62799 0 23.8204 14.0281 2.46253 5.26197 8.82493 4.83059 7.38591 4.81583 12.1931 8.80714 6.80742 0.65614 
369.628 386.679 52.3159 350.349 132.046 362.386 0.0230286 0.500996 344.428 82.4805 71.4203 31.6713 3.08831 0.239914 18.3251 24.5923 0 116.035 438.598 2.48312 35.0981 4.74692 18.9834 8.31905 343.095 0.220248 22.4397 5.52781 
172.28 330.251 65.9585 84.0977 114.09 93.6395 174.967 1.83588 199.393 30.5386 55.0083 142.341 103.356 23.8424 62.7865 7.72096 281.063 0 101.948 9.96492 97.719 40.8878 22.1256 48.0941 58.2778 6.86872 0.0907799 24.9221 
31.1824 113.988 0.334074 35.7092 64.3159 83.4683 20.2309 38.5674 154.402 23.669 124.954 31.2963 20.6296 2.94006 35.2184 11.5805 96.9116 123.24 0 10.5818 1.135 8.5585 21.6605 21.6619 0.356656 6.016 21.5387 13.6365 
177.764 141.963 25.0512 4.34877 22.7574 18.088 3.5538 0.610341 68.3435 23.1554 63.5697 59.1168 31.9886 0.511777 9.67691 2.68365 31.2835 5.40356 28.6864 0 5.60342 1.80547 0.340734 0.210018 2.54277 0.317675 5.74005 7.12137 
232.321 167.08 46.4277 0.883189 131.852 71.2257 85.9425 200.658 43.6497 34.4319 53.7715 6.38442 1.16185 16.4436 3.43757 33.8756 58.7952 109.562 51.5285 292.127 0 10.3705 2.28919 39.4021 0.409941 0.133214 0.591484 33.3264 
9.68624 23.4604 1.40256 0.0697567 20.859 3.37263 62.0727 52.9458 7.19048 13.3856 20.6734 72.2899 65.7867 10.4739 14.8854 9.21551 3.74022 41.3651 10.1465 5.91072 0.565455 0 9.91264 11.3199 6.32072 0.888535 10.6541 10.1597 
0.160746 26.4334 1.73068 3.15574 15.2664 13.1308 34.2366 10.6112 72.3736 60.636 109.196 1.75472 81.2435 2.63752 3.55838 9.58664 11.8754 3.9583 0.616777 0.495326 3.56693 10.0156 0 20.7853 22.9169 0.203959 7.39083 0.510077 
0.866617 61.9166 11.8045 2.67081 37.6229 7.95567 16.2299 0.227228 83.9961 60.4999 0.276909 47.9713 60.6806 7.90729 26.9686 26.6661 1.07703 0.112883 17.1864 4.78367 47.9808 0.00738733 0.149856 0 11.0361 5.3492 18.9484 6.98428 
407.603 407.789 5.82509 347.826 4.38884 370.079 57.6532 15.7934 465.093 2.68763 0.000269955 1053.42 25.6392 10.4104 0.27691 28.5582 368.671 56.5161 25.7775 12.4065 10.5629 80.2998 4.34545 49.2988 0 66.8482 144.819 144.361 
49.8182 34.947 6.15601 5.62275 70.7591 21.7073 27.7544 69.5743 50.3202 70.4424 12.0837 1.58511 50.2486 9.64101 30.4908 13.4287 2.86232 7.62035 19.7345 9.4889 22.4605 0.307081 9.09211 2.47839 14.0743 0 30.5739 32.8536 
9.4305 8.53045 13.234 0.478818 1.6215 11.1438 55.542 0.707632 66.1084 43.6109 11.7469 6.37908 3.95632 3.32358 18.3741 8.17703 0.603791 10.8565 22.735 10.4521 24.0242 10.5106 2.26656 19.2612 54.4774 13.4625 0 6.15781 
55.6466 9.41275 5.21897 22.092 22.1502 20.2924 46.504 128.483 44.0267 14.7576 108.037 167.652 14.7427 8.25476 21.5493 0.0429868 0.0321642 29.4996 22.1659 10.9175 48.6839 0.415663 2.3296 0.977177 20.4105 1.88249 66.7286 0 
