0 802.042 12.1394 486.763 81.5743 281.404 10.8325 296.529 483.285 141.259 47.5209 0.00586023 56.226 53.4771 21.3476 66.8822 310.933 0.0624283 15.3548 35.9993 95.5775 36.5861 27.4366 57.0547 275.906 48.159 16.9962 15.6105 
757.575 0 327.848 289.36 143.536 489.178 347.618 292.256 437.65 61.0105 235.018 206.177 134.11 60.9618 24.002 19.1205 394.99 678.98 163.749 12.6558 137.303 7.90343 22.2588 6.98885 301.923 68.891 3.35151 61.5372 
73.3212 143.006 0 170.138 153.495 18.7071 110.902 165.547 273.704 110.705 226.158 109.564 37.1092 14.147 21.1126 21.7008 6.97089 46.8019 43.0515 25.2379 35.9165 8.80533 8.99763 6.67684 3.69207 26.7945 13.1442 0.66565 
436.319 361.866 349.085 0 59.8835 312.038 55.5807 1020.49 566.28 71.8133 109.387 43.9236 29.3162 4.52637 21.1936 13.8745 326.791 2.34455 9.63058 4.99683 47.6732 13.5934 5.38426 1.59525 271.083 9.35794 20.9489 16.441 
248.214 18.5596 91.0486 95.0877 0 94.7858 29.4464 140.616 300.324 329.629 12.8492 18.0017 172.466 15.0133 4.60501 11.9272 42.4706 234.876 62.8646 43.9818 119.559 0.726904 41.319 26.9879 11.0287 36.594 14.5157 39.7259 
272.122 391.062 61.0172 274.288 724.558 0 980.806 196.211 272.916 149.249 257.353 1.27552 644.961 13.7442 8.12511 0.16243 293.057 7.0781 75.4453 23.1463 74.8811 2.88747 3.02429 17.8743 289.191 27.1117 18.9715 7.90736 
10.8348 366.686 152.264 71.0012 410.853 618.879 0 218.784 165.546 0.765512 399.883 189.396 184.048 86.2862 127.72 99.538 99.1811 194.043 68.6933 78.6719 63.653 61.4621 33.4996 27.6915 52.2171 91.3962 60.1645 63.1208 
1.03155 80.2982 163.277 469.937 150.09 53.3051 154.566 0 584.124 178.225 301.986 30.5158 138.265 112.613 134.741 33.7925 0.0401568 4.72399 1.39602 107.824 138.579 2.93054 54.562 14.4186 185.699 233.701 35.5811 23.984 
280.64 649.916 454.839 324.585 24.2645 312.629 986.912 192.378 0 367.343 1608.9 238.991 9.99697 142.47 45.7797 104.631 317.616 213.284 70.481 55.8596 43.1949 8.44487 92.4022 95.8025 272.243 2.096 10.6244 48.8659 
0.498079 37.7755 96.1581 58.8111 43.1381 43.6037 507.68 197.983 341.007 0 216.933 93.9481 95.2522 6.41801 76.2447 0.39198 81.629 23.4972 1.82467 0.337477 7.03236 49.44 44.2582 16.7045 1.65571 10.9264 12.3445 11.1838 
190.587 63.6983 38.3435 3.23512 50.5191 261.769 467.969 106.743 198.887 258.182 0 149.998 118.696 11.0916 51.9935 134.461 33.1799 32.6774 102.087 48.6716 41.0217 78.8178 92.9701 97.6429 118.25 6.60261 2.89752 68.0386 
56.9569 192.935 10.3463 189.271 169.173 43.3483 1.90401 36.3732 161.94 230.397 11.8251 0 155.521 58.6509 88.4482 492.356 44.6348 137.797 13.8484 92.8792 163.951 76.28 0.885728 126.682 261.334 392.486 81.0033 74.2093 
42.836 69.8947 0.659967 66.1533 176.295 33.2445 147.796 7.55908 0.0390179 192.12 1.34991 48.7552 0 52.0566 75.4845 11.3663 14.3656 50.4883 22.0295 1.06188 71.5324 8.36024 73.6875 69.0666 55.8856 31.7375 9.96215 24.3791 
50.2605 9.19586 2.36441 15.5869 24.4724 10.5037 6.17042 0.00520876 139.919 68.2567 146.267 138.087 44.9481 0 61.2689 0.678039 20.2738 53.332 12.9284 4.26473 19.2995 4.75478 3.87689 10.2013 12.1653 0.63755 0.445445 11.4018 
71.6984 73.1134 34.0645 17.7848 91.8404 29.4156 140.475 117.502 222.904 76.8296 9.18307 272.985 37.9433 52.8267 0 39.6511 16.6733 1.91716 18.1146 3.28524 0.418631 2.96212 20.9957 13.7903 1.06975 26.4467 15.9091 21.6497 
6.56482 73.4049 0.316165 38.1256 67.8231 22.1968 102.074 259.055 60.898 66.1617 137.208 494.668 2.37048 9.20267 7.02577 0 23.7415 14.3841 2.56601 5.33235 9.16835 4.92483 7.58772 5.44424 12.6452 9.38443 6.95602 0.573408 
296.714 316.252 52.565 278.608 130.723 290.804 0.0037349 0.601001 272.593 82.2873 70.8773 31.17 3.2577 0.262933 18.1637 24.6568 0 109.69 210.244 2.6043 34.7006 4.67474 18.9988 8.41022 270.967 0.245812 22.441 5.44101 
169.106 332.199 68.6153 82.1503 110.782 94.9149 172.087 2.20341 200.845 29.3609 53.558 141.736 103.103 24.1769 62.4972 7.44345 279.003 0 100.278 10.5088 96.9273 40.8163 22.3646 48.0495 58.3867 6.61579 0.109708 25.191 
30.1647 111.763 0.245195 35.1353 58.569 82.7514 18.9423 37.7023 154.613 22.5554 125.348 31.9329 20.0449 2.83709 35.0647 11.398 100.367 121.858 0 10.3416 1.02648 8.67647 21.7182 21.733 0.39265 6.15553 21.475 13.5107 
172.798 142.028 25.2519 4.78126 23.6137 18.2849 3.93964 0.801955 69.3231 23.6013 62.9719 58.2929 32.2202 0.495236 9.7343 2.74714 31.156 5.81811 28.4668 0 2.64964 1.78178 0.352305 0.19704 2.61187 0.345182 5.79129 7.18284 
230.557 168.077 48.1755 1.96943 131.751 70.8821 84.6529 201.527 42.0036 33.752 54.9718 5.79208 1.05752 16.7002 3.25457 34.3647 58.5165 108.941 51.1194 282.859 0 10.4914 2.19172 39.6254 0.480164 0.179626 0.543157 33.044 
9.85438 23.7492 1.44543 0.0811982 21.1986 3.26083 61.9682 53.2752 6.92883 13.8171 21.1606 72.5284 66.7915 10.427 14.9944 9.29574 3.80662 41.4226 10.2687 5.92456 0.532183 0 9.6847 11.445 6.3588 0.922601 10.6049 10.1409 
0.128446 26.0516 1.7989 3.04816 14.935 13.0235 33.6207 10.014 71.466 60.6496 110.495 1.41485 80.4234 2.9372 3.91395 9.75862 11.9552 4.09464 0.655985 0.508965 3.44701 9.78866 0 20.6384 23.0545 0.1789 7.28969 0.540081 
0.973105 61.9312 11.6922 2.82192 37.9639 8.09478 16.7239 0.39397 84.6745 60.5051 0.437981 50.8319 60.1719 7.74219 26.7578 26.1731 1.03633 0.088614 17.2953 4.75174 47.9785 0.00192438 0.0423399 0 10.2903 5.53048 18.9008 6.86834 
335.933 335.236 6.04597 275.427 4.16273 298.065 56.8216 17.5645 392.453 2.94297 0.0272698 160.693 25.2393 10.2458 0.351788 32.3544 296.644 56.6772 25.6545 12.3521 10.2524 79.3513 4.49657 50.6935 0 54.2734 136.419 150.173 
49.0957 34.217 5.90813 6.00752 70.7589 21.4891 26.8164 65.2329 48.6284 70.8611 10.8588 0.315714 50.4819 9.76445 30.3802 14.0652 2.94806 7.35561 19.5666 9.41949 22.0134 0.286978 9.02959 2.61745 14.5645 0 30.9921 34.5126 
9.20857 8.74696 13.3444 0.52822 1.53671 11.257 55.7413 0.574681 66.5015 43.769 11.328 5.84947 4.07322 3.38731 18.2993 8.3302 0.576979 11.029 22.7842 10.4292 24.2383 10.4602 2.34297 19.2683 55.0369 13.9742 0 7.63007 
55.4056 9.11259 5.07501 22.3589 21.8262 20.19 45.9693 127.778 44.8618 14.3869 107.738 166.473 14.4976 8.33944 21.663 0.0680025 0.0401482 29.7654 22.2611 10.9453 48.8096 0.396692 2.27287 0.919734 19.8625 1.36047 69.223 0 
