0 619.352 20.0069 238.964 69.2377 72.6837 16.8155 301.906 280.203 144.296 42.1594 0.253878 58.82 53.6604 19.7276 68.6411 101.684 0.882165 17.7735 31.1878 107.379 36.9234 26.5694 57.3255 62.8913 50.3291 17.8136 14.5224 
587.323 0 262.085 66.3994 190.427 267.46 392.851 289.387 199.774 71.6739 242.135 201.679 136.685 62.1896 26.591 17.1604 178.677 405.8 166.567 16.7084 142.336 8.53906 21.1431 7.83925 91.7268 67.1622 3.79135 60.956 
59.464 208.56 0 227.505 161.491 22.319 129.829 184.134 217.407 112.269 218.289 118.289 35.0443 14.5022 22.3768 21.0968 8.06044 39.6619 41.2331 24.6126 40.8953 8.61746 9.26084 7.06257 3.16146 26.4747 13.4749 0.502263 
188.484 175.384 298.273 0 67.1273 96.9297 45.6848 398.059 368.248 68.0996 119.012 32.7773 31.1085 4.04671 19.8998 12.2223 114.384 4.05699 10.9154 6.42665 102.064 13.3881 5.78302 1.96717 59.4912 10.7907 20.4694 15.5893 
240.232 4.55832 101.842 87.7028 0 85.255 14.7412 148.204 284.934 332.371 17.965 21.2195 169.899 16.4601 3.4611 13.3273 37.5618 233.377 46.4154 46.9698 117.556 0.982758 40.315 25.9025 10.0187 34.9994 13.8619 38.8008 
58.9398 195.334 63.0097 60.8666 1071.68 0 1337.42 189.393 75.4025 243.955 247.672 0.413449 509.963 13.0649 9.51998 0.32531 82.5483 5.14428 78.2533 23.4202 75.4849 3.21149 3.33908 17.9395 76.4548 27.3383 19.1307 7.45785 
6.11948 410.217 133.523 82.0935 392.8 417.866 0 245.426 383.619 10.2732 426.95 177.001 190.942 84.1366 131.387 100.846 97.4292 186.34 62.9146 76.3792 59.7587 61.0435 35.349 25.9867 54.7555 89.5867 59.9679 61.936 
0.0113977 92.8848 144.121 414.164 157.439 63.296 180.987 0 538.771 185.277 317.259 0.620754 140.159 115.306 142.459 47.0513 5.95092e-06 3.19407 2.06153 105.682 145.342 3.44337 51.5907 11.3246 189.02 231.324 33.2011 20.5305 
64.4873 449.97 426.972 95.0002 35.413 74.6943 1186.12 252.043 0 353.971 916.67 215.752 13.5008 141.449 93.0298 98.6851 102.986 210.49 75.3676 52.7891 38.3436 7.6144 90.5725 94.5876 61.3702 1.00748 9.5756 51.3858 
1.27982 46.8495 99.6751 62.6787 29.1613 33.7104 496.929 191.924 356.871 0 156.576 83.4793 72.6413 4.79255 83.2669 0.0616119 80.8987 20.3729 3.00179 0.160418 5.97081 48.1937 42.719 15.2681 2.29963 12.6415 11.605 10.1897 
188.537 73.6878 49.6511 1.26139 42.2023 268.082 479.963 89.002 118.72 323.521 0 186.208 130.263 6.06989 84.0024 120.344 31.4169 36.4291 104.799 50.6719 37.7244 78.7242 88.2128 93.5836 122.359 4.06475 3.59932 71.0192 
49.5405 187.256 6.65885 174.855 166.598 37.9863 0.377261 112.922 185.14 235.412 3.0601 0 153.973 51.2466 107.071 472.674 46.2024 135.589 12.4619 91.8256 165.35 76.031 1.81477 135.602 250.401 377.227 84.3727 82.0596 
40.3138 74.4017 0.327316 67.1782 177.501 17.0142 138.465 5.92015 0.52567 217.422 3.55083 44.6085 0 41.7188 80.9058 9.36048 13.3998 52.7866 23.8544 0.829435 70.7882 10.4376 70.5403 68.4287 55.7685 30.5088 10.47 25.1602 
50.8155 8.03174 2.72873 16.1617 22.8321 9.80914 7.87854 0.109482 137.657 70.732 134.009 143.771 55.484 0 58.1907 0.256716 20.4495 53.4544 13.4318 4.21263 18.5119 5.1036 4.8633 10.0138 11.7075 0.467002 0.530401 11.5133 
71.5887 70.536 33.9818 16.5011 90.7286 27.8252 141.713 108.829 223.573 69.7056 26.2644 273.822 43.3482 58.1042 0 26.687 17.1649 2.44036 18.9257 3.08478 0.641442 2.62605 22.0619 12.2712 1.51739 25.4855 16.2391 21.2975 
7.94107 74.9823 0.54129 36.9276 66.6856 22.8654 101.038 255.636 67.1248 62.851 123.134 491.923 3.48514 10.6108 1.58373 0 23.4977 15.4704 2.88806 5.5428 10.2308 5.20916 8.18344 7.49673 14.049 11.178 7.40566 0.358022 
82.2193 109.261 53.258 67.6103 126.567 80.2685 0.0443929 0.955214 61.3595 81.648 69.225 29.6773 3.79131 0.338231 17.6773 24.8423 0 91.123 513.862 2.98367 33.5081 4.4606 19.0406 8.68471 58.7855 0.330837 22.4412 5.1836 
159.325 334.886 76.6595 76.274 100.902 98.6231 163.201 3.50388 204.903 25.9341 49.2726 139.82 102.283 25.1825 61.5947 6.63718 271.185 0 95.188 12.2144 94.5018 40.5918 23.0815 47.8984 58.6882 5.88228 0.177223 25.998 
27.18 104.983 0.0607297 33.4066 42.6157 80.415 15.3001 35.1386 155.042 19.3419 126.42 33.8624 18.3269 2.53795 34.5849 10.854 112.288 117.559 0 9.63132 0.733181 9.03245 21.8849 21.94 0.510902 6.58122 21.2803 13.1335 
156.886 141.805 25.8098 6.18585 26.2438 18.8625 5.21029 1.532 72.2244 24.9459 61.1505 55.8043 32.9051 0.447069 9.9027 2.94027 30.7581 7.14612 27.7951 0 0.362188 1.71127 0.388055 0.160525 2.82337 0.434328 5.94488 7.36621 
224.575 170.826 53.4879 14.6557 131.338 69.7991 80.7608 203.816 37.2032 31.7327 58.6049 4.18289 0.773681 17.4746 2.73399 35.8277 57.6609 107.011 49.8786 250.669 0 10.856 1.91135 40.2812 0.723814 0.36026 0.410419 32.1911 
10.3645 24.6168 1.5774 0.120701 22.2237 2.9347 61.6206 54.2462 6.16996 15.1401 22.6429 73.2055 69.7214 10.2727 15.3099 9.53129 4.00857 41.5846 10.6364 5.96495 0.438357 0 8.98985 11.8069 6.48676 1.02828 10.4548 10.0821 
0.0532219 24.909 2.01009 2.73467 13.9551 12.6941 31.7776 8.31624 68.6986 60.6263 114.221 0.612949 77.7995 3.88372 5.06051 10.2508 12.1936 4.51601 0.780608 0.550821 3.09857 9.09616 0 19.8165 23.4126 0.113436 6.98557 0.634938 
1.32882 61.9378 11.3491 3.29696 38.9771 8.51329 18.2359 1.16628 86.6379 60.462 1.14043 59.7072 58.5815 7.22714 26.0273 24.4809 0.918706 0.0333807 17.6187 4.6547 47.9503 0.00678964 0.114959 0 8.24323 6.08298 18.7389 6.52124 
125.069 121.732 6.72621 62.4743 3.51828 86.1947 54.3052 23.3752 178.565 3.77491 0.373378 1072.84 24.0433 9.74731 0.629275 47.202 84.7526 57.1369 25.2788 12.1837 9.3435 63.6021 5.0243 55.1094 0 32.8232 43.7967 110.453 
46.9097 32.0421 5.18716 7.22483 70.7104 20.8183 24.065 52.7592 43.6422 72.0324 7.55431 2.3411 51.1509 10.1254 29.9775 15.9928 3.2119 6.5859 19.0597 9.20737 20.6851 0.230661 8.8347 3.05279 16.0697 0 32.1887 39.4277 
8.55532 9.40951 13.672 0.690641 1.29559 11.5957 56.3172 0.258437 67.6529 44.2264 10.1106 4.39251 4.43282 3.58055 18.0649 8.79127 0.500126 11.5517 22.9275 10.3581 24.8792 10.3064 2.57813 19.2699 56.5774 15.5313 0 12.8759 
54.6542 8.2367 4.65178 23.1486 20.8599 19.8731 44.3534 125.475 47.375 13.2944 106.731 162.518 13.7688 8.5901 21.984 0.177146 0.0693947 30.5597 22.5419 11.0248 49.168 0.342348 2.10569 0.757237 18.2161 0.297297 76.1711 0 
