0 597.888 30.7475 160.18 56.3354 38.0942 24.8752 306.022 250.609 147.311 36.48 1.31751 61.6908 53.8077 17.9749 70.4767 66.1023 2.90007 20.6286 38.8645 120.653 37.2815 25.6009 57.5614 23.1905 52.7009 18.7322 13.3455 
581.463 0 186.814 20.7805 245.65 215.97 437.663 284.729 133.617 84.0833 249.112 196.146 139.277 63.4756 29.562 15.0768 134.947 866.928 169.075 21.7713 147.643 9.26828 19.9175 8.83263 55.0766 65.1573 4.30936 60.2574 
45.1597 283.875 0 273.63 169.337 26.5084 150.708 203.73 156.273 113.51 207.861 127.726 32.7564 14.8703 23.7439 20.3759 9.34697 32.2155 39.1638 23.845 46.6187 8.40592 9.54561 7.49333 2.61454 26.0561 13.8363 0.34716 
112.245 166.417 301.181 0 75.3163 54.7558 35.5274 1061.86 341.053 63.8829 129.523 22.0717 33.1154 3.53897 18.4617 10.4631 75.1786 6.48702 12.4163 8.18989 419.205 13.1545 6.23552 2.42207 21.3786 12.4621 19.9242 14.646 
230.08 0.0907411 113.71 79.4443 0 62.5741 4.19841 156.415 266.223 331.841 24.5655 25.0601 166.546 18.1212 2.37535 14.9533 32.3533 230.749 30.6143 50.292 115.18 1.31129 39.177 24.7005 8.94391 33.2288 13.1465 37.7583 
19.5103 174.314 64.7432 20.9286 730.272 0 1304.62 180.77 66.5318 334.963 234.622 0.0102975 508.777 12.3004 11.1589 0.570934 45.5492 3.34407 81.0809 23.6833 76.0501 3.5878 3.70226 17.9893 36.9548 27.5397 19.2954 6.96654 
2.42625 452.419 112.486 94.7029 367.782 212.432 0 274.2 678.317 33.0949 451.806 162.899 197.837 81.5548 134.893 102.026 95.3489 177.211 56.5982 73.6984 55.4754 60.5204 37.4065 24.1206 57.5433 87.3888 59.704 60.5596 
0.815921 107.426 122.723 326.031 165.329 74.9573 210.812 0 479.613 192.556 332.448 20.1645 142.044 117.985 150.493 63.7068 0.0519277 1.83945 2.94939 103.08 152.619 4.05876 48.2879 8.29106 191.675 226.669 30.6067 16.9562 
22.369 420.947 383.451 40.3893 49.9456 21.0498 1299.25 321.629 0 335.516 1370.21 189.721 17.9602 139.941 101.039 91.9003 61.424 206.806 80.8071 49.3799 33.2096 6.73625 88.3829 93.0767 24.2502 0.258861 8.46585 54.1808 
2.56813 57.7766 103.199 66.9175 16.5947 53.7827 472.818 184.589 370.811 0 97.6215 72.2171 50.233 3.25043 90.8453 0.0296108 79.9855 17.1236 4.64075 0.0399184 4.88715 46.7556 40.9628 13.7233 3.13397 14.6627 10.8017 9.1282 
185.802 85.3 63.4375 0.136586 33.6851 272.366 486.586 70.6389 88.9062 394.83 0 228.314 143.079 2.22093 125.794 104.561 29.4875 40.7692 107.682 52.8751 34.1699 78.539 82.7829 88.8996 126.61 1.95098 4.46388 74.2724 
41.75 180.497 3.48548 158.075 163.441 32.3203 0.0566074 238.839 211.167 239.958 0.0192997 0 151.969 43.3591 128.453 431.902 47.9408 132.97 10.9955 90.5157 166.6 75.6808 3.22626 144.979 276.545 351.219 88.015 90.8372 
37.5497 79.4091 0.0928029 68.2276 178.292 4.03746 127.832 4.32527 1.71601 244.023 7.19579 40.136 0 31.1325 86.7 7.33452 12.356 55.3406 25.9334 0.604235 69.9185 12.9769 66.8345 67.5673 55.578 29.1368 11.0436 26.0241 
51.3817 6.81978 3.15777 16.7852 21.0448 9.04313 9.99665 0.605594 134.64 73.2786 119.928 149.45 67.7363 0 52.2547 0.0229962 20.6351 53.546 13.9916 4.15234 17.6427 5.49284 5.95624 9.73685 11.1839 0.307635 0.633026 11.6235 
71.3622 67.5763 33.7713 15.0914 89.3121 26.0045 142.425 99.0197 222.654 61.7554 54.5197 271.517 49.5262 61.4315 0 14.2413 17.7085 3.09253 19.8275 2.86689 0.943839 2.27243 23.09 10.609 2.10083 24.3337 16.5926 20.8722 
9.60536 76.6133 0.860001 35.4705 65.3366 23.5635 99.6114 248.909 74.1145 59.0494 107.349 468.294 4.96187 12.1507 0.102604 0 23.2148 16.7078 3.26572 5.77504 11.4658 5.52709 8.82276 10.0147 15.6806 13.255 7.91095 0.177247 
40.8767 76.3036 53.9301 30.112 121.645 43.2475 0.262721 1.44342 23.675 80.8338 67.3513 28.0401 4.42858 0.432807 17.1335 25.0348 0 71.6401 222.132 3.4323 32.184 4.22703 19.0798 8.99123 19.9264 0.439882 22.4349 4.90297 
148.074 345.112 85.6509 69.7208 90.0682 102.518 152.95 5.29255 208.862 22.3255 44.6386 137.515 101.263 26.3026 60.5319 5.78947 259.762 0 89.4159 14.2337 91.7228 40.3252 23.8775 47.7001 58.9784 5.11282 0.271041 26.8942 
23.9932 97.306 0.000913187 31.4788 27.4546 77.5092 11.6656 32.3514 155.156 16.0116 127.41 36.0386 16.4846 2.22324 34.0201 10.2567 128.439 112.533 0 8.86149 0.464589 9.43173 22.0584 22.1594 0.660144 7.06628 21.0576 12.7147 
137.834 140.826 26.3486 7.92346 29.2646 19.4795 6.81637 2.61313 75.3744 26.4485 59.081 53.0158 33.6481 0.396164 10.0829 3.1591 30.2895 8.76596 27.0278 0 9.40683 1.63399 0.429581 0.124236 3.06546 0.544872 6.11513 7.56788 
216.773 173.441 59.4751 40.0213 130.688 68.5066 76.4065 205.788 32.131 29.5286 62.6884 2.69512 0.509787 18.3425 2.20639 37.4421 56.6769 104.749 48.4784 209.094 0 11.2649 1.6213 40.9842 1.05211 0.633415 0.28454 31.2341 
10.9411 25.5824 1.72978 0.173671 23.3727 2.58929 61.1753 55.2939 5.3737 16.6568 24.3245 73.8897 72.8126 10.078 15.6395 9.78332 4.2376 41.7466 11.047 6.00783 0.344634 0 8.20403 12.1838 6.65351 1.15166 10.2836 10.0124 
0.00787122 23.6465 2.25575 2.40317 12.8928 12.3159 29.7438 6.6 65.5542 60.4875 118.037 0.108891 74.6139 4.98058 6.45936 10.7513 12.4563 5.00555 0.931309 0.598956 2.73145 8.31185 0 18.2833 23.7118 0.057977 6.64714 0.748675 
1.78713 61.8801 10.9579 3.8615 40.084 8.97952 19.9658 2.49808 88.6868 60.3114 2.30287 69.996 56.7071 6.62625 25.0516 22.2734 0.795967 0.00301401 17.9719 4.5448 47.8812 0.0495424 0.880647 0 6.33925 6.70961 18.526 6.13753 
87.5726 81.326 7.5107 22.8343 2.86252 47.627 51.4788 30.6526 137.521 4.81298 1.22208 306.981 22.723 9.18717 1.0291 65.4941 46.1904 57.6053 24.8495 11.9874 8.37444 33.8219 5.73858 59.6924 0 50.3432 8.81643 37.77 
44.4548 29.6582 4.42913 8.68144 70.5724 20.0473 21.1299 40.0443 38.2842 73.1804 4.55809 14.6985 51.8385 10.5085 29.4085 18.1404 3.51648 5.77496 18.4914 8.9652 19.2344 0.175153 8.60586 3.56641 17.7918 0 33.4088 44.6655 
7.85223 10.168 14.0298 0.895859 1.05122 11.9699 56.917 0.0531542 68.8812 44.7041 8.82905 3.01032 4.84787 3.79859 17.7875 9.30537 0.421042 12.1416 23.0794 10.2746 25.5887 10.1313 2.84936 19.2367 58.0191 17.2899 0 19.9915 
53.771 7.30825 4.19769 24.0054 19.7974 19.5039 42.5398 122.597 50.1743 12.1163 105.423 157.427 12.9716 8.86212 22.3041 0.357867 0.111178 31.4366 22.8455 11.1064 49.533 0.286514 1.92556 0.594285 16.397 0.0220983 82.7385 0 
