0 617.794 32.5251 173.05 54.4828 57.5352 26.2067 306.467 270.681 147.729 35.6551 1.54825 62.1199 53.8246 17.7166 70.7409 85.3593 3.30215 21.0714 41.4129 122.649 37.3337 25.4553 57.5908 41.8362 53.0526 18.8708 13.1721 
603.817 0 175.774 39.0218 254.072 232.672 443.772 283.9 148.435 85.9866 250.071 195.269 139.64 63.6613 30.0154 14.7732 152.957 1107.54 169.393 22.5784 148.411 9.37965 19.7352 8.98595 74.1721 64.8493 4.38967 60.1478 
43.1342 294.944 0 278.242 170.412 27.1487 153.791 206.545 147.487 113.65 206.154 129.112 32.4143 14.9231 23.945 20.2635 9.54653 31.148 38.8496 23.7236 47.4918 8.37395 9.58759 7.55808 2.53652 25.9876 13.8899 0.326322 
125.726 189.721 309.29 0 76.5526 73.0192 34.0892 642.626 361.177 63.2438 131.075 20.6298 33.4176 3.46522 18.2464 10.207 93.8823 6.89831 12.6478 8.46906 651.127 13.119 6.30421 2.49398 40.2629 12.7194 19.8413 14.5049 
228.448 0.44502 115.469 78.2056 0 58.4022 3.16402 157.623 263.288 331.437 25.6356 25.6595 165.999 18.3749 2.22959 15.2033 31.5964 230.268 28.4927 50.7895 114.81 1.36456 39.0044 24.5208 8.78712 32.9634 13.0402 37.6007 
38.2385 195.689 64.9578 39.5588 385.879 0 854.302 179.388 90.9308 361.826 232.472 0.000407353 683.511 12.1851 11.4119 0.613573 64.5922 3.10634 81.477 23.7189 76.1252 3.64567 3.7579 17.9946 55.6208 27.5653 19.319 6.89365 
2.01559 458.077 109.346 96.6088 363.621 186.891 0 278.405 723.649 37.5667 455.015 160.762 198.798 81.1508 135.365 102.178 95.0252 175.795 55.6627 73.285 54.8378 60.4367 37.715 23.8436 57.9578 87.0427 59.6603 60.3479 
1.1123 109.648 119.532 313.21 166.485 76.7488 215.292 0 470.098 193.594 334.552 27.8268 142.306 118.357 151.643 66.3565 0.0684802 1.66793 3.09589 102.67 153.686 4.15519 47.7932 7.87401 191.977 225.792 30.2226 16.4453 
40.7511 440.832 375.954 57.1452 52.3062 38.9208 1304.67 332.184 0 332.446 864.484 185.824 18.6791 139.681 97.0827 90.8698 79.7847 206.202 81.6219 48.8694 32.4643 6.60863 88.0408 92.8358 43.3007 0.18874 8.30446 54.599 
2.79913 59.485 103.69 67.5464 14.9963 59.2626 468.166 183.438 372.547 0 89.7237 70.5679 47.1591 3.04377 91.9553 0.0552751 79.8394 16.6573 4.91608 0.0287898 4.7335 46.5352 40.6956 13.4964 3.26977 14.9758 10.683 8.97301 
185.351 87.0823 65.6021 0.0657436 32.4776 272.755 486.957 68.0227 88.1721 405.162 0 234.733 144.99 1.80523 132.495 102.202 29.201 41.4351 108.102 53.2035 33.6472 78.5039 81.9577 88.1829 127.217 1.69923 4.60117 74.7544 
40.6255 179.445 3.09559 155.505 162.941 31.4996 0.133758 260.674 215.068 240.543 0.178411 0 151.643 42.2117 131.692 424.267 48.2011 132.563 10.7825 90.3069 166.759 75.6216 3.47185 146.329 283.731 346.573 88.5512 92.1536 
37.139 80.1589 0.0699495 68.3767 178.361 2.87211 126.219 4.10694 1.95311 247.826 7.8493 39.4785 0 29.6429 87.5444 7.04977 12.2022 55.7233 26.2496 0.573482 69.7842 13.3779 66.2614 67.4245 55.544 28.9305 11.1304 26.1533 
51.462 6.64559 3.22422 16.8772 20.7803 8.92897 10.3337 0.714383 134.144 73.6411 117.789 150.241 69.6055 0 51.1678 0.00965199 20.6621 53.5557 14.0755 4.14308 17.5129 5.55124 6.11654 9.68932 11.1041 0.28652 0.649153 11.6388 
71.3187 67.1244 33.7291 14.8818 89.0836 25.7274 142.471 97.5394 222.365 60.5664 59.5153 270.881 50.4646 61.6779 0 12.6373 17.7898 3.19673 19.9627 2.83466 0.994134 2.22125 23.2289 10.3633 2.19593 24.1539 16.6444 20.8054 
9.86682 76.8465 0.913928 35.2412 65.1267 23.664 99.373 247.643 75.166 58.4698 104.986 462.986 5.20451 12.3771 0.310745 0 23.1712 16.8959 3.32414 5.80969 11.6558 5.57492 8.91615 10.4088 15.9307 13.5722 7.98718 0.155517 
59.2767 95.9632 54.0219 49.0842 120.881 62.288 0.31114 1.52517 42.6263 80.7024 67.0672 27.7967 4.52813 0.447979 17.0517 25.0624 0 68.8482 336.818 3.502 31.9856 4.19239 19.085 9.0373 38.6906 0.457557 22.4333 4.86141 
146.358 348.148 86.9982 68.7389 88.4622 103.081 151.384 5.59153 209.404 21.8033 43.9562 137.154 101.1 26.4707 60.3672 5.66675 257.814 0 88.5416 14.5475 91.2988 40.2837 23.9967 47.6677 59.0179 5.00163 0.286805 27.0285 
23.5278 96.1451 0.00514471 31.1894 25.4366 77.0468 11.1593 31.9392 155.141 15.535 127.54 36.3676 16.2147 2.17768 33.9325 10.1678 131.12 111.758 0 8.74787 0.429523 9.49197 22.0834 22.1913 0.684146 7.14008 21.0237 12.6519 
134.889 140.613 26.4218 8.19909 29.7258 19.5697 7.07445 2.79958 75.8396 26.6744 58.7669 52.5959 33.7578 0.388767 10.1093 3.19229 30.2169 9.02168 26.9109 0 11.7861 1.6225 0.435974 0.119184 3.1024 0.562483 6.14062 7.59792 
215.503 173.792 60.3776 44.1937 130.573 68.3048 75.7516 206.031 31.3954 29.2019 63.3044 2.49963 0.474908 18.4732 2.13193 37.683 56.5264 104.4 48.2666 202.506 0 11.3265 1.57977 41.0872 1.10654 0.680914 0.267626 31.0898 
11.0285 25.7273 1.75314 0.182437 23.5459 2.53907 61.1032 55.4481 5.25861 16.8883 24.5797 73.9861 73.2601 10.0467 15.687 9.82021 4.27237 41.7692 11.1088 6.01408 0.331546 0 8.08542 12.2379 6.68079 1.17069 10.2575 10.0015 
0.00454573 23.4579 2.29356 2.35504 12.736 12.2582 29.4403 6.35836 65.0771 60.4565 118.579 0.0686408 74.1132 5.14587 6.67911 10.8219 12.4955 5.08089 0.955002 0.606321 2.67824 8.19334 0 18.003 23.7476 0.0512385 6.59637 0.766477 
1.86152 61.8656 10.8983 3.94939 40.2483 9.04949 20.2295 2.74036 88.9817 60.2795 2.51151 71.5693 56.4166 6.53404 24.8911 21.9172 0.778285 0.00127544 18.0243 4.52813 47.8674 0.0593339 1.05506 0 6.09009 6.80453 18.4911 6.08024 
106.532 99.8514 7.63079 41.4885 2.76977 66.4299 51.0528 31.8139 155.931 4.97882 1.39126 935.598 22.526 9.10271 1.09723 68.0088 64.9969 57.6717 24.7841 11.9572 8.23296 29.4539 5.85705 60.2887 0 56.2065 19.2484 32.552 
44.0847 29.304 4.31957 8.90881 70.5441 19.9295 20.7015 38.255 37.4993 73.3383 4.17165 17.437 51.9365 10.5642 29.3123 18.461 3.56317 5.65743 18.4057 8.92831 19.0195 0.167474 8.57047 3.64598 18.0537 0 33.5812 45.4214 
7.74889 10.2837 14.0828 0.928866 1.01672 12.0258 57.0033 0.0356698 69.0606 44.7729 8.64345 2.82481 4.91151 3.83157 17.7444 9.38257 0.409751 12.231 23.1015 10.2617 25.6948 10.1047 2.89091 19.2285 58.2088 17.5553 0 21.1593 
53.6342 7.17316 4.13113 24.1319 19.6391 19.447 42.2664 122.137 50.5944 11.9431 105.21 156.603 12.8532 8.90228 22.3487 0.390321 0.118289 31.5675 22.8902 11.1181 49.5847 0.278553 1.89906 0.571476 16.1262 0.063895 83.6026 0 
