0 988.012 56.7202 494.704 34.2107 453.112 44.4713 308.247 671.344 152.039 26.3562 5.74345 67.225 53.9226 14.7206 73.6667 478.061 10.1017 26.657 96.302 146.439 37.9279 23.7037 57.8227 427.365 57.1729 20.5499 11.1571 
1003.92 0 61.0842 429.68 353.654 591.883 501.639 271.399 491.818 109.423 259.682 183.865 143.474 65.7321 35.5907 11.3292 530.27 438.715 172.006 33.13 157.016 10.7558 17.5796 10.9084 464.92 61.0192 5.40552 58.7402 
21.8425 410.469 0 276.561 181.043 34.9456 188.792 237.038 56.7603 114.387 183.151 144.963 28.3476 15.5017 26.2587 18.8356 12.0662 19.4951 35.0194 22.1486 58.1702 7.98593 10.075 8.33515 1.68543 25.056 14.5206 0.126107 
458.916 630.218 315.994 0 91.4027 453.786 18.8273 691.315 755.943 55.489 149.03 6.96037 37.0534 2.63167 15.6837 7.3195 479.77 12.7459 15.5438 12.0871 606.728 12.6836 7.14228 3.42854 428.648 15.9166 18.8269 12.8271 
206.89 25.1768 135.779 63.489 0 21.3172 2.17306 171.572 225.986 320.107 39.9957 33.294 158.578 21.5029 0.835818 18.3187 23.0639 222.801 8.67655 56.717 110.117 2.08379 36.8984 22.3773 7.00004 29.7954 11.7868 35.6867 
425.604 611.789 66.5697 425.321 847.517 0 467.057 161.228 563.966 518.28 203.326 0.910381 418.685 10.7943 14.5734 1.24062 454.708 0.929251 85.616 24.0674 76.8264 4.36741 4.44719 18.0169 441.189 27.7776 19.5791 6.03699 
0.0577691 509.577 73.0097 119.425 306.876 69.0542 0 325.582 1182.1 109.645 481.919 134.932 208.729 75.9901 139.887 103.472 90.9135 157.989 44.7555 68.1167 47.3126 59.3289 41.4014 20.5876 62.8407 82.5769 59.0534 57.7068 
8.18735 136.874 82.5294 225.633 179.704 98.8122 268.057 0 347.822 204.86 355.899 204.634 145.034 122.194 164.185 100.458 0.444876 0.262403 5.12046 97.3846 165.928 5.39342 41.8938 3.67781 193.614 211.85 25.7287 10.8582 
425.165 833.631 272.505 427.672 83.8893 442.271 1131.75 455.735 0 290.326 832.841 139.927 28.2577 135.89 24.3635 78.3414 461.784 197.953 91.3436 42.7909 24.0655 5.1643 83.6732 89.6648 434.023 0.209899 6.47805 59.5831 
6.32167 81.1503 108.789 74.9043 2.0379 160.832 394.278 168.685 385.706 0 19.114 51.7709 17.1681 1.0829 104.554 0.979985 77.9061 11.5125 8.80166 0.0368286 3.07352 43.806 37.4247 10.8857 5.10929 18.918 9.2958 7.1981 
179.143 109.104 93.0736 1.2119 19.5289 272.169 478.687 39.866 87.7085 515.077 0 311.793 167.484 0.179149 217.392 74.5929 25.8275 49.6922 112.873 57.0913 27.6093 77.9337 71.9026 79.3507 133.838 0.0327264 6.39933 80.3915 
28.1244 166.115 0.213874 124.171 156.436 22.3092 3.59414 554.757 261.072 245.557 14.4888 0 147.232 29.3201 170.265 309.979 51.3098 127.395 8.37218 87.557 168.098 74.7778 7.09044 161.191 370.281 278.706 94.7505 107.799 
32.3037 89.087 0.0473346 69.9916 178.161 8.85664 106.677 1.92016 5.97009 288.394 17.7856 31.8901 0 14.1906 97.0661 4.04469 10.4161 60.3008 30.1209 0.266571 68.0974 18.5612 59.0987 65.4417 55.0256 26.4535 12.188 27.6923 
52.3283 4.71675 4.06051 17.9469 17.6867 7.58049 14.7478 2.71024 127.332 77.5609 92.0184 158.377 92.1099 0 35.4096 0.293124 20.9674 53.59 15.0811 4.02776 15.9706 6.24945 7.87186 9.00569 10.1266 0.0910228 0.857392 11.7957 
70.6066 61.5648 33.0087 12.42 86.0256 22.3475 141.781 79.7855 215.902 46.5617 131.511 257.524 61.8381 59.3181 0 0.631425 18.7577 4.57318 21.5809 2.45811 1.697 1.64718 24.5572 7.53254 3.48478 21.8722 17.2392 19.9461 
13.2322 79.4015 1.68154 32.2955 62.4637 24.7767 96.0314 227.604 87.7415 51.3723 77.2258 369.367 8.52592 14.9319 11.1116 0 22.6275 19.2032 4.05992 6.22106 14.0262 6.14998 9.97287 15.3097 19.0133 17.4284 8.90793 0.00543892 
441.88 493.633 54.9348 438.437 111.24 452.388 1.20945 2.67816 431.872 78.9407 63.5962 24.9218 5.80129 0.649871 16.0658 25.3676 0 38.7169 462.211 4.38587 29.613 3.78538 19.1338 9.59247 425.477 0.696171 22.4025 4.37296 
125.39 416.55 102.944 57.0663 69.7267 109.342 132.153 9.79193 214.836 15.9491 36.0512 132.512 98.9557 28.4874 58.2875 4.28831 230.213 0 77.9397 18.5164 86.0779 39.7541 25.4237 47.2226 59.4069 3.75566 0.510582 28.6364 
18.2218 82.134 0.324084 27.7247 6.97544 71.0079 5.91578 27.1304 154.285 10.315 128.723 40.3624 13.1134 1.66496 32.827 9.11744 167.382 102.095 0 7.42546 0.115775 10.2201 22.3605 22.5537 1.00459 8.0458 20.6049 11.9003 
98.9016 136.748 27.1398 11.7789 35.3984 20.5995 10.5063 5.51748 81.2454 29.3892 54.9279 47.5417 35.0376 0.305049 10.4122 3.59683 29.299 12.3364 25.474 0 58.843 1.48675 0.51585 0.0666407 3.55739 0.79433 6.44529 7.95388 
198.415 177.157 71.2074 81.1006 128.848 65.7307 67.8841 207.862 23.1224 25.3688 70.7464 0.723382 0.152431 20.0522 1.33525 40.5401 54.6629 100.01 45.6914 121.951 0 12.0721 1.12195 42.2731 1.86398 1.38268 0.10495 29.3452 
12.093 27.4654 2.0436 0.304192 25.6366 1.97017 60.1316 57.2369 3.96804 19.7378 27.6947 75.0125 78.2649 9.63154 16.2144 10.2429 4.69773 42.007 11.8526 6.08531 0.194019 0 6.66157 12.8349 7.05555 1.40966 9.93721 9.86316 
0.0354219 21.2151 2.7656 1.81092 10.9094 11.5454 25.8437 3.79416 59.2612 59.8779 124.403 0.306988 67.6903 7.04666 9.47309 11.5655 12.9617 6.0226 1.26148 0.697548 2.07794 6.76899 0 13.85 23.9874 0.00280997 5.98871 0.994874 
2.8676 61.5715 10.1688 5.06545 42.1781 9.88777 23.4703 6.49018 92.2522 59.7092 5.69629 90.8366 52.761 5.40142 22.7067 17.2756 0.581087 0.0377726 18.6408 4.32476 47.6328 0.244884 4.20462 0 3.90228 7.95618 18.014 5.39934 
495.462 483.641 9.11549 427.11 1.77165 453.579 45.9158 47.0037 537.979 7.16668 4.2582 857.65 20.1859 8.08544 2.07575 84.1385 452.243 58.3875 23.979 11.5783 6.6158 10.463 7.49636 64.0066 0 123.374 134.112 123.934 
39.6239 25.1388 3.09579 11.7974 70.0499 18.4773 15.8269 19.565 28.5238 74.9348 0.856416 66.4127 53.0043 11.1936 27.9499 22.2113 4.14365 4.33332 17.3708 8.47524 16.4954 0.0886104 8.12541 4.647 21.2403 0 35.4178 53.6298 
6.55364 11.7106 14.706 1.36941 0.646874 12.6916 57.9625 0.0970299 71.1127 45.5403 6.55538 1.05326 5.70242 4.23245 17.1976 10.3076 0.286081 13.318 23.3526 10.0986 26.961 9.77796 3.40581 19.0665 59.8881 20.7479 0 36.6558 
51.9094 5.63975 3.36526 25.6034 17.7647 18.7357 38.966 116.077 55.6216 9.93824 102.318 145.579 11.4594 9.3703 22.8137 0.886229 0.220663 33.1251 23.4108 11.2448 50.1422 0.191603 1.59252 0.331501 12.9564 2.23128 91.1286 0 
