0 860.112 76.7369 375.184 22.1235 377.113 59.9992 305.43 596.104 154.304 20.3872 10.3706 70.844 53.8725 12.6863 75.486 399.288 17.1901 30.9741 147.007 163.087 38.3197 22.4375 57.8501 343.627 60.0151 21.7774 9.78346 
896.041 0 11.9513 360.805 418.529 486.508 522.9 259.618 383.065 126.685 264.354 174.702 145.614 67.0411 39.74 9.0849 439.993 959.733 172.485 41.6036 162.467 11.7925 16.0662 12.3869 384.73 58.1149 6.19732 57.6195 
10.5316 460.615 0 214.686 185.922 40.5472 210.6 254.432 15.3859 113.828 164.161 155.306 25.4733 15.8547 27.7961 17.7243 14.0167 12.5722 32.2075 20.8896 65.9989 7.70126 10.4066 8.89377 1.17266 24.2626 14.9601 0.0394185 
351.738 582.713 121.818 0 101.962 366.483 10.373 283.19 668.922 49.8521 160.976 1.53161 39.678 2.09251 13.8738 5.47585 395.905 17.9569 17.7581 14.9597 76.7722 12.3592 7.7612 4.18119 346.951 18.3243 18.0738 11.6389 
189.399 64.8961 149.155 53.2102 0 45.6352 14.4835 180.906 197.392 304.85 51.9573 39.2787 152.297 23.8466 0.243969 20.6893 17.6002 215.539 1.38791 60.9133 106.45 2.69358 35.3422 20.8501 5.82191 27.534 10.9088 34.2821 
344.153 546.81 66.6005 342.243 279.26 0 63.0365 146.604 557.374 633.096 179.225 2.73776 679.979 9.79038 16.9671 1.82184 374.057 0.147378 87.8564 24.2267 77.1011 4.91793 4.96747 17.9844 357.247 27.821 19.7402 5.44126 
2.07 525.49 49.5411 135.411 260.196 235.662 0 354.708 1306.81 177.892 487.181 116.38 213.95 71.9402 141.79 103.797 87.7009 144.386 37.3325 64.1768 42.0561 58.4125 44.0323 18.326 66.2389 79.0193 58.5214 55.6923 
17.2076 156.817 58.3335 218.094 188.407 115.039 303.694 0 256.994 211.526 366.492 403.618 146.508 124.215 171.628 126.706 0.919803 0.00267825 6.88142 93.1751 174.033 6.37874 37.7059 1.60997 192.496 198.185 22.6325 7.48732 
342.992 746.313 191.355 342.416 109.803 400.601 794.947 534.774 0 255.096 715.477 108.711 36.1919 132.398 57.9668 69.2368 375.38 190.909 98.2373 38.4829 18.6742 4.22362 80.2407 87.0681 354.393 1.21325 5.28831 63.1233 
9.70195 97.815 111.494 79.9435 0.127547 256.126 325.247 157.1 386.096 0 0.299537 39.554 4.44759 0.278815 112.612 2.34559 76.3094 8.34157 12.2459 0.205028 2.09068 41.7476 35.004 9.13822 6.67039 21.9542 8.3398 6.02138 
173.783 125.495 114.021 4.30829 12.0773 265.778 458.542 23.7211 76.747 570.92 0 364.934 182.939 2.87966 278.123 56.0818 23.4731 55.9276 115.991 59.8261 23.5391 77.3529 64.5543 72.7728 137.804 0.398459 7.86607 84.27 
20.3424 155.783 0.227976 101.645 151.187 16.5094 8.95135 764.679 292.448 246.813 38.4646 0 143.494 21.1832 196.633 214.338 53.5324 123.359 6.80481 85.303 168.398 74.0169 10.4442 170.15 358.31 220.418 98.9258 118.737 
28.9348 95.4079 0.319654 70.9519 176.845 32.0932 92.5866 0.846937 10.181 310.421 27.2339 26.7926 0 6.27303 103.114 2.36925 9.19773 63.575 32.9919 0.11683 66.7955 22.6881 53.6729 63.713 54.5263 24.669 12.9682 28.7886 
52.8406 3.51588 4.70457 18.6755 15.5568 6.63934 18.3293 4.92756 121.505 79.8648 73.8529 162.602 107.752 0 22.8594 0.994035 21.1665 53.5203 15.8033 3.93985 14.8768 6.74621 8.83991 8.39491 9.40275 0.0174646 1.0242 11.8786 
69.876 57.4233 32.2504 10.7179 83.4718 19.8775 139.871 67.2195 207.927 36.9885 192.338 241.77 70.0273 51.9735 0 1.58274 19.4471 5.70828 22.74 2.19857 2.31683 1.28083 25.102 5.67112 4.57462 20.1065 17.6367 19.2628 
15.9056 80.9558 2.36842 29.9758 60.3841 25.4672 93.0905 208.204 96.6474 46.1509 58.5045 278.357 11.3688 16.5123 26.6839 0 22.211 20.9194 4.6297 6.51177 15.8344 6.56466 10.6474 18.8355 21.2907 20.1914 9.57662 0.0249939 
356.07 418.55 55.3736 357.34 103.817 371.744 2.21833 3.7051 350.865 77.4622 61.029 22.905 6.80854 0.818197 15.3508 25.5576 0 21.6245 401.828 5.07644 27.9127 3.50161 19.1532 9.99512 342.455 0.898631 22.3663 4.03282 
110.068 472.782 113.976 48.8772 57.0152 113.257 117.971 13.5055 217.482 12.2259 30.7041 128.827 97.1924 29.9386 56.6732 3.40391 206.212 0 70.2362 21.5975 82.1724 39.3366 26.4475 46.8384 59.5907 2.96005 0.71151 29.7906 
14.7379 72.0611 0.859917 25.2476 0.757104 66.1533 3.12433 23.8298 152.906 7.15472 129.137 43.2905 11.043 1.33489 31.9683 8.37953 195.529 94.7678 0 6.52116 0.0126203 10.7515 22.5348 22.7913 1.27279 8.7214 20.2901 11.3604 
73.628 132.507 27.4683 14.6304 39.62 21.2783 13.3486 8.016 84.9233 31.3444 52.0902 43.894 35.9168 0.250497 10.6146 3.89513 28.5854 14.9961 24.4017 0 109.427 1.3913 0.577094 0.0380461 3.89852 0.984699 6.66356 8.20509 
184.205 178.587 78.9095 78.8618 127.209 63.7053 62.2279 207.926 17.8313 22.7119 76.1496 0.103119 0.0304109 21.2006 0.872998 42.556 53.255 96.6298 43.799 69.2071 0 12.6168 0.838677 43.0689 2.52879 2.03844 0.0339049 28.0735 
12.8791 28.7165 2.26446 0.410983 27.1571 1.59973 59.3103 58.454 3.14261 21.8673 29.9971 75.6021 81.4188 9.2884 16.545 10.5239 5.01385 42.1395 12.3918 6.13237 0.117366 0 5.65135 13.2018 7.38136 1.59389 9.69769 9.75424 
0.138887 19.6239 3.12601 1.45812 9.65766 11.0108 23.3115 2.33868 54.9877 59.2263 127.787 1.30385 62.6467 8.2074 11.6115 11.9744 13.2929 6.74454 1.50765 0.766572 1.68932 5.75602 0 10.3146 23.9414 0.0052287 5.5534 1.17619 
3.72107 61.2228 9.62715 5.93658 43.521 10.4889 25.8873 10.1305 94.2925 59.0844 8.75251 104.876 49.9461 4.57416 20.8712 13.7061 0.456093 0.129885 19.071 4.17438 47.3845 0.455642 7.40095 0 3.29801 8.79401 17.6045 4.91775 
413.755 398.315 10.2303 343.431 1.18581 370.701 42.2022 59.1925 450.993 8.96414 7.2647 1133.62 18.5308 7.35192 2.95924 75.3484 369.498 58.8106 23.3757 11.2874 5.54508 41.92 8.91206 61.4223 0 100.671 8.45742 130.486 
36.4 22.245 2.32391 14.0421 69.5176 17.391 12.6412 9.6585 22.6246 75.7364 0.0129586 116.796 53.6487 11.5994 26.7413 24.7324 4.58509 3.47905 16.6171 8.13723 14.7455 0.0470367 7.78266 5.4155 23.5567 0 36.4587 58.2769 
5.74391 12.7827 15.1395 1.73755 0.430971 13.1654 58.5655 0.4522 72.4738 46.0259 5.21311 0.303808 6.30392 4.52695 16.7703 10.971 0.210391 14.1196 23.5175 9.97194 27.8655 9.53415 3.79488 18.8767 60.3588 23.0283 0 48.771 
50.5721 4.63667 2.8527 26.6071 16.4433 18.1905 36.5697 111.125 59.2183 8.58178 99.8583 136.45 10.4857 9.69072 23.0663 1.36311 0.314078 34.232 23.7673 11.3215 50.4715 0.138731 1.3849 0.19781 10.8008 5.61211 92.9718 0 
