0 832.756 78.3371 349.983 21.2916 354.789 61.2638 305.072 573.737 154.448 19.9556 10.7802 71.1195 53.8644 12.5347 75.6152 376.73 17.8072 31.3149 150.579 164.338 38.3486 22.3401 57.8473 320.695 60.2284 21.8722 9.68083 
870.1 0 9.69235 339.381 423.101 461.85 523.754 258.623 358.431 128.013 264.632 173.969 145.756 67.135 40.0624 8.92123 416.539 708.271 172.472 42.2799 162.858 11.8737 15.9515 12.5036 362.063 57.8873 6.26017 57.5298 
9.82073 462.961 0 208.434 186.195 40.9717 212.12 255.583 13.2384 113.747 162.637 156.056 25.2551 15.8795 27.9091 17.6364 14.1707 12.0968 31.9905 20.789 66.6011 7.67924 10.4313 8.93655 1.13688 24.1976 14.9933 0.0347747 
327.59 562.369 109.551 0 102.762 343.275 9.8201 33.0736 645.394 49.4193 161.851 1.27533 39.8794 2.05332 13.7365 5.34336 372.949 18.3896 17.9322 15.188 280.326 12.3339 7.80917 4.24163 324.174 18.5119 18.0152 11.5486 
187.999 68.6223 150.127 52.438 0 49.874 15.868 181.595 195.16 303.447 52.9272 39.7537 151.784 24.0295 0.213038 20.8755 17.2064 214.919 1.0845 61.2319 106.159 2.74356 35.2214 20.7335 5.73538 27.3615 10.8423 34.1733 
321.429 525.179 66.5632 319.379 460.332 0 28.5372 145.437 540.585 800.79 177.294 2.91832 582.88 9.71349 17.1539 1.87086 351.354 0.115062 88.0014 24.2357 77.1141 4.96124 5.00817 17.9802 334.291 27.8205 19.7516 5.39628 
2.34303 525.919 47.8719 136.609 256.485 256.055 0 356.739 1306.88 183.507 487.078 114.967 214.281 71.6186 141.887 103.8 87.446 143.321 36.7802 63.8677 41.6592 58.3381 44.2331 18.1556 66.495 78.7351 58.4773 55.5339 
18.0311 158.348 56.5945 216.783 189.044 116.285 306.305 0 250.153 211.984 367.129 420.266 146.603 124.343 172.139 128.745 0.963331 0.00904652 7.02701 92.8389 174.628 6.45759 37.3874 1.4853 192.331 197.023 22.4001 7.2523 
320.263 722.801 185.213 319.699 111.881 381.793 765.22 540.286 0 252.265 1054.63 106.407 36.8347 132.103 64.1157 68.5391 352.24 190.332 98.7611 38.1554 18.2845 4.15492 79.9679 86.8584 331.788 1.3245 5.20139 63.393 
9.99004 99.1205 111.667 80.3197 0.244537 263.609 319.592 156.182 385.805 0 0.0631372 38.6687 3.80616 0.238631 113.188 2.47436 76.1799 8.11744 12.5319 0.223584 2.02268 41.5866 34.8163 9.00892 6.79825 22.1935 8.26796 5.93471 
173.341 126.765 115.649 4.62338 11.5741 265.085 456.528 22.6392 77.2818 574.19 0 368.848 184.091 3.2203 282.578 54.7283 23.295 56.4153 116.218 60.0334 23.2369 77.3024 63.9891 72.2624 138.079 0.481151 7.98456 84.5607 
19.7906 154.968 0.30222 99.939 150.766 16.0948 9.46003 779.405 294.767 246.826 40.7497 0 143.189 20.6031 198.572 207.005 53.7024 123.038 6.6905 85.1207 168.398 73.9532 10.7267 170.77 354.465 215.788 99.2353 119.559 
28.6802 95.8879 0.350577 71.0185 176.704 34.1874 91.5116 0.782215 10.5492 311.821 28.0343 26.4151 0 5.78965 103.546 2.25825 9.10664 63.8253 33.2148 0.107826 66.6925 23.0172 53.2496 63.5702 54.4836 24.5321 13.0287 28.8723 
52.8759 3.43041 4.75534 18.7298 15.3969 6.56838 18.6173 5.1243 121.028 80.0226 72.4902 162.867 108.911 0 21.9237 1.06435 21.1811 53.5116 15.8586 3.93293 14.7934 6.78402 8.90079 8.34439 9.34665 0.014183 1.03758 11.8839 
69.8125 57.1014 32.1841 10.5901 83.2639 19.6876 139.676 66.27 207.205 36.279 197.136 240.365 70.6512 51.2458 0 2.00163 19.4997 5.80042 22.8287 2.17907 2.36835 1.2544 25.1289 5.53585 4.66355 19.9674 17.6661 19.2083 
16.1192 81.0648 2.42563 29.7919 60.2192 25.5162 92.847 206.565 97.3219 45.7483 57.1315 270.984 11.6018 16.6222 28.0643 0 22.1782 21.053 4.67481 6.53388 15.9765 6.59646 10.6957 19.099 21.4663 20.4005 9.62807 0.0309492 
332.98 396.276 55.3996 334.606 103.233 349.041 2.30824 3.79074 328.145 77.3415 60.8296 22.7521 6.88896 0.83192 15.2958 25.5712 0 20.4959 434.079 5.1313 27.7825 3.48015 19.1542 10.0262 319.571 0.915241 22.3631 4.00711 
108.892 475.933 114.8 48.2593 56.0722 113.535 116.877 13.8141 217.64 11.958 30.3064 128.532 97.0494 30.0499 56.5453 3.33984 204.254 0 69.6447 21.8413 81.8678 39.3033 26.5259 46.8067 59.6014 2.90257 0.728319 29.879 
14.4829 71.2925 0.911632 25.0585 0.537659 65.7653 2.94537 23.5823 152.773 6.93394 129.153 43.5168 10.8901 1.31094 31.9003 8.32358 197.643 94.1948 0 6.45349 0.00898815 10.7925 22.5473 22.8087 1.29466 8.77408 20.2654 11.319 
71.7572 132.132 27.4868 14.8573 39.9479 21.3281 13.5791 8.22605 85.1974 31.4943 51.87 43.6142 35.9828 0.24651 10.6296 3.91824 28.5288 15.2092 24.3182 0 113.697 1.38406 0.581925 0.0361746 3.92516 1.00011 6.68028 8.22418 
183.056 178.662 79.4938 77.7402 127.07 63.5441 61.795 207.887 17.4496 22.5117 76.5652 0.0785925 0.0248852 21.2892 0.841434 42.7091 53.1446 96.3628 43.6525 65.5721 0 12.6589 0.818561 43.1279 2.58396 2.09398 0.0300579 27.9754 
12.9401 28.8125 2.28182 0.419842 27.2743 1.5727 59.243 58.5449 3.0829 22.0332 30.1758 75.6422 81.6441 9.26061 16.5686 10.5447 5.03848 42.1483 12.4333 6.13583 0.112264 0 5.57489 13.2277 7.40835 1.60845 9.679 9.74555 
0.149663 19.5027 3.15435 1.43244 9.56383 10.9692 23.1194 2.24095 54.6575 59.1682 128.017 1.4089 62.2472 8.28564 11.778 12.0011 13.3182 6.80146 1.52742 0.77199 1.66104 5.6793 0 10.0379 23.9303 0.00671646 5.52009 1.19069 
3.791 61.1912 9.5851 6.00567 43.6223 10.5348 26.0754 10.4414 94.4378 59.029 9.01282 105.95 49.7243 4.51093 20.7225 13.4311 0.447089 0.139248 19.1035 4.1627 47.3626 0.474446 7.66684 0 3.28657 8.85836 17.5708 4.88117 
390.963 375.25 10.3173 320.503 1.14549 347.824 41.9173 60.1645 427.787 9.10961 7.52737 1063.89 18.405 7.29571 3.033 74.0645 346.634 58.8399 23.3285 11.2644 5.46616 45.1035 9.0282 61.0193 0 96.488 4.79265 123.908 
36.1528 22.027 2.2687 14.2193 69.4707 17.3064 12.4086 9.03305 22.1934 75.7855 0.00263339 121.047 53.6937 11.6288 26.6411 24.9174 4.61979 3.41698 16.5589 8.11089 14.6138 0.0443766 7.7556 5.47596 23.7341 0 36.5283 58.5812 
5.68355 12.8666 15.1722 1.76757 0.41615 13.2015 58.6087 0.490267 72.5741 46.0608 5.11579 0.264815 6.35118 4.54975 16.7364 11.0217 0.205042 14.1818 23.5296 9.96189 27.9347 9.51515 3.82535 18.8596 60.3677 23.2017 0 49.7068 
50.4662 4.56326 2.81474 26.6821 16.3429 18.1475 36.3853 110.726 59.4932 8.48084 99.6568 135.713 10.412 9.71471 23.0828 1.40376 0.321937 34.3164 23.794 11.3268 50.4943 0.135011 1.36944 0.188932 10.641 5.93031 92.9821 0 
