0 789.217 80.7506 310.068 20.072 319.052 63.1784 304.498 537.906 154.656 19.3165 11.4089 71.5318 53.8512 12.3087 75.8062 340.634 18.7518 31.8284 155.762 166.205 38.3914 22.1942 57.8419 284.042 60.5471 22.0146 9.52763 
828.64 0 6.73837 305.081 429.827 422.595 524.821 257.108 319.286 130.003 265.026 172.861 145.963 67.2741 40.5467 8.67814 379.099 329.069 172.44 43.3001 163.436 11.9958 15.7799 12.6794 325.804 57.5447 6.35499 57.3943 
8.79848 466.047 0 198.784 186.576 41.6056 214.352 257.257 10.3124 113.616 160.336 157.169 24.9286 15.9161 28.077 17.5041 14.403 11.3992 31.6648 20.6372 67.504 7.64616 10.4682 9.00066 1.08421 24.0991 15.043 0.0283577 
289.278 529.536 93.622 0 103.958 306.208 9.01776 433.073 607.756 48.7707 163.152 0.934705 40.1813 1.99518 13.5312 5.14728 336.258 19.0471 18.1943 15.5321 589.804 12.2959 7.88123 4.33298 287.754 18.7938 17.9272 11.4133 
185.887 74.3793 151.566 51.2849 0 56.818 18.0584 182.62 191.808 301.286 54.3942 40.4706 151.006 24.3044 0.170554 21.1557 16.6229 213.973 0.699222 61.7087 105.72 2.81936 35.0401 20.5589 5.60661 27.1027 10.7427 34.0101 
285.097 490.438 66.4966 282.832 871.064 0 363.149 143.678 513.159 996.404 174.382 3.1998 337.85 9.59821 17.4348 1.94549 315.042 0.0740696 88.2115 24.2483 77.1314 5.02641 5.06943 17.9735 297.6 27.8188 19.7685 5.32909 
2.784 526.347 45.4092 138.396 250.899 288.209 0 359.725 1304.37 192 486.787 112.854 214.757 71.1341 142.02 103.8 87.0615 141.718 35.9572 63.4022 41.0657 58.2254 44.5338 17.9009 66.8779 78.306 58.4102 55.2953 
19.3006 160.643 54.0225 214.233 189.99 118.151 310.182 0 239.965 212.657 368.037 445.417 146.742 124.529 172.888 131.803 1.03052 0.0256679 7.24803 92.3313 175.512 6.57672 36.9104 1.30764 192.062 195.252 22.0531 6.90645 
283.935 685.197 176.07 283.457 115.019 351.538 720.193 548.378 0 247.993 1550.56 102.981 37.807 131.655 73.7943 67.4933 315.272 189.457 99.5449 37.6653 17.7069 4.05282 79.5562 86.5409 295.629 1.50033 5.07238 63.7966 
10.4294 101.085 111.916 80.8806 0.490699 274.797 311.046 154.799 385.284 0 0.037183 37.3555 2.93668 0.184209 114.042 2.67377 75.9838 7.78666 12.9665 0.252932 1.92284 41.3444 34.5344 8.81645 6.99208 22.5538 8.16065 5.80568 
172.672 128.67 118.093 5.11686 10.8384 263.993 453.388 21.0605 78.8815 578.798 0 374.664 185.808 3.7663 289.18 52.7195 23.029 57.1493 116.557 60.3437 22.7865 77.2251 63.1415 71.4958 138.484 0.619704 8.16375 84.9946 
18.9756 153.739 0.433104 97.391 150.129 15.4819 10.2485 800.943 298.216 246.824 44.2916 0 142.725 19.7468 201.45 196.079 53.9571 122.555 6.52063 84.8449 168.392 73.8563 11.157 171.681 348.228 208.825 99.6965 120.787 
28.3003 96.6065 0.399642 71.1163 176.481 37.3486 89.9024 0.68993 11.1125 313.836 29.2543 25.8527 0 5.09981 104.185 2.09663 8.97066 64.2003 33.55 0.0949964 66.5373 23.5138 52.6132 63.3533 54.4184 24.327 13.1196 28.9976 
52.928 3.30406 4.8318 18.8109 15.1582 6.46229 19.0525 5.4264 120.305 80.2541 70.458 163.247 110.634 0 20.537 1.17403 21.2027 53.4978 15.9416 3.92252 14.6686 6.84059 8.98815 8.26767 9.26238 0.00990113 1.05781 11.8915 
69.7151 56.6178 32.0826 10.3994 82.9493 19.4031 139.371 64.8516 206.094 35.2225 204.339 238.212 71.5843 50.117 0 2.71924 19.5785 5.93981 22.9615 2.14994 2.44663 1.21522 25.1651 5.33527 4.79836 19.7582 17.7099 19.1258 
16.4413 81.2256 2.51258 29.5145 59.9703 25.5886 92.477 204.074 98.3303 45.1445 55.0925 259.889 11.9552 16.7835 30.169 0 22.1288 21.2537 4.74283 6.56695 16.1905 6.64414 10.7672 19.4912 21.7294 20.7127 9.70525 0.0410667 
296.091 360.609 55.4365 298.249 102.353 312.731 2.44645 3.92092 291.809 77.1587 60.5303 22.5233 7.01041 0.852706 15.2132 25.5912 0 18.8556 419.785 5.21402 27.5875 3.44805 19.1554 10.0727 282.988 0.940426 22.358 3.96867 
107.129 480.182 116.028 47.3365 54.668 113.947 115.236 14.2826 217.865 11.5613 29.7141 128.088 96.8332 30.2167 56.3525 3.2448 201.292 0 68.7581 22.2085 81.4101 39.253 26.6435 46.7586 59.6166 2.81737 0.753906 30.0116 
14.1042 70.1421 0.991989 24.7752 0.2787 65.1797 2.68669 23.213 152.568 6.60884 129.174 43.8566 10.6622 1.27539 31.7977 8.23983 200.782 93.3329 0 6.35249 0.00469466 10.8541 22.5658 22.8346 1.32783 8.85324 20.2284 11.2569 
68.9787 131.559 27.5127 15.1994 40.4406 21.4022 13.928 8.54607 85.6062 31.719 51.5393 43.1948 36.0814 0.240588 10.6519 3.95296 28.4436 15.5313 24.1926 0 120.172 1.37321 0.589203 0.0334547 3.96523 1.02345 6.70532 8.25277 
181.32 178.765 80.3677 75.8789 126.857 63.3009 61.1462 207.817 16.8841 22.2128 77.1888 0.0480538 0.0176408 21.422 0.795155 42.9382 52.9786 95.9607 43.4325 60.2606 0 12.7221 0.788817 43.2159 2.66773 2.1786 0.0247204 27.8281 
13.0318 28.9565 2.30795 0.433308 27.4501 1.53254 59.1411 58.6805 2.99437 22.2825 30.4441 75.7007 81.9771 9.21854 16.6035 10.5755 5.07549 42.1612 12.4955 6.14099 0.104816 0 5.46063 13.2658 7.44937 1.63039 9.6509 9.73245 
0.166569 19.3212 3.19703 1.39429 9.42383 10.9064 22.8321 2.09802 54.1618 59.0789 128.355 1.57398 61.6452 8.39963 12.0281 12.0399 13.356 6.88724 1.55733 0.780136 1.61899 5.56456 0 9.6234 23.9115 0.00929391 5.4702 1.21257 
3.89702 61.1427 9.52186 6.10982 43.7739 10.6038 26.3583 10.916 94.6526 58.9441 9.40985 107.557 49.3902 4.41625 20.4976 13.0194 0.433749 0.153904 19.1522 4.14516 47.3292 0.50336 8.06922 0 3.27884 8.95485 17.5197 4.82637 
354.518 338.393 10.4481 283.856 1.08631 311.251 41.4901 61.6302 390.716 9.32959 7.92965 441.662 18.2165 7.21154 3.14523 72.0198 310.08 58.8828 23.2577 11.2298 5.34887 49.8768 9.2044 60.3609 0 89.9049 2.9325 112.85 
35.7821 21.7013 2.18697 14.4864 69.3986 17.1793 12.0633 8.13264 21.5532 75.856 0.00179526 127.506 53.7601 11.6724 26.489 25.1919 4.67203 3.32486 16.4717 8.07131 14.4168 0.0405312 7.71488 5.56694 24 0 36.6298 59.0223 
5.59353 12.9927 15.2211 1.81304 0.394411 13.2557 58.6727 0.550255 72.7234 46.1125 4.97145 0.211304 6.42236 4.58398 16.6852 11.0978 0.197148 14.2752 23.5476 9.94674 28.0384 9.48657 3.8712 18.8333 60.3734 23.4611 0 51.1085 
50.3065 4.45415 2.75825 26.794 16.1926 18.0828 36.1087 110.122 59.9049 8.33037 99.3512 134.597 10.3019 9.7505 23.1067 1.46581 0.333906 34.4429 23.8339 11.3348 50.5277 0.129527 1.34637 0.175983 10.4032 6.42214 92.9622 0 
