0 684.465 145.1 441.213 0.740942 490.596 119.112 274.06 695.303 156.53 6.02649 33.6576 81.9301 53.0221 6.98883 79.5173 500.864 50.8904 46.1293 196.365 209.661 39.3628 18.3868 57.1372 430.769 68.198 25.7903 5.87395 
752.941 0 113.619 545.671 531.167 500.211 462.275 208.766 430.862 179.931 265.707 141.072 148.738 70.1183 53.4367 3.40943 503.509 289.059 165.976 71.8215 175.071 15.3557 11.4902 17.6083 481.85 48.163 9.06549 53.4514 
2.31976 362.283 0 0.212889 184.343 56.4625 249.068 276.257 63.6511 105.964 96.863 180.042 16.7872 16.5913 31.7625 13.8246 20.893 0.403465 23.1642 16.325 90.446 6.76409 11.3423 10.6471 0.141594 21.1031 16.2727 0.0948406 
465.407 740.919 54.8638 0 132.85 442.321 0.249552 562.357 693.224 32.2303 190.971 10.8739 47.9769 0.749289 8.46484 1.22816 480.436 39.4865 25.4306 25.0662 18.0653 11.2621 9.80441 6.99342 440.361 26.2863 15.5557 8.01791 
126.865 274.273 180.546 24.208 0 284.786 118.01 205.598 105.377 223.608 97.4075 60.7708 127.647 31.7492 0.750357 28.8794 4.67934 182.862 20.4478 73.5478 93.2649 5.15803 30.1801 16.0957 2.71229 20.5033 8.24777 29.6617 
443.772 667.206 60.3531 434.253 744.147 0 1403.89 95.0772 866.271 696.516 95.5171 14.9878 410.76 6.65757 24.9035 4.36619 469.647 2.21806 90.4154 24.2014 76.6479 6.8346 6.74396 17.6034 442.413 27.3313 20.1021 3.67511 
27.3035 448.325 2.8678 178.997 107.266 934.243 0 408.333 428.832 411.069 423.198 61.0628 218.699 57.5177 139.826 101.333 76.166 98.7644 17.0143 50.6791 26.5077 54.8281 52.1701 11.6776 76.2033 66.0148 56.2854 48.6801 
65.7979 218.196 6.31671 9.88082 210.559 164.445 389.218 0 33.374 223.59 370.414 988.774 148.33 126.21 184.756 206.94 3.59396 3.49011 14.1713 77.7935 194.978 10.0486 24.9678 0.712683 176.212 139.345 13.6872 0.794952 
448.361 774.666 8.23929 477.117 202.172 721.271 8.20289 662.938 0 132.149 230.259 29.6636 66.4572 117.033 86.1725 41.1523 453.391 162.894 119.056 25.4128 5.66021 1.80506 67.8763 77.146 456.414 9.91341 2.23336 73.9816 
24.9607 153.122 114.164 93.952 36.1596 482.753 93.1485 116.381 336.702 0 130.596 10.2806 20.3859 1.27964 130.378 10.4872 70.1018 1.50136 26.5597 1.6651 0.198211 34.7416 27.0541 4.41353 12.9145 32.528 5.54617 2.88192 
152.091 178.048 179.801 26.367 0.127607 214.947 328.227 0.00253367 525.631 562.777 0 492.264 225.038 32.2011 403.701 11.6831 16.4302 77.129 123.959 68.0842 12.3188 74.5375 41.4502 51.2859 145.418 10.3792 13.4936 95.3765 
3.4827 119.798 12.0868 38.0748 131.553 3.43978 41.2326 1003.97 372.404 237.243 177.234 0 128.603 3.42761 259.843 3.93615 60.5086 108.837 2.80226 76.6551 165.547 70.7276 25.0183 186.571 333.41 46.5521 110.295 149.713 
18.955 114.489 2.82166 72.8157 166.13 72.6541 50.1605 0.34697 30.6173 327.802 68.5271 12.9491 0 2.8513 116.523 5.77786e-05 5.71407 73.8093 42.5204 0.0497248 62.1501 37.5755 35.7427 56.6188 52.2242 19.0257 15.5642 32.2072 
53.8228 0.812848 6.95068 20.7229 9.40803 3.88578 31.6968 16.1953 98.5593 83.9523 24.6004 165.942 146.502 0 0.00325241 5.61129 21.6832 52.7577 18.0868 3.63195 11.4936 8.2541 9.36104 5.95985 7.03441 0.172807 1.65083 11.9673 
66.3303 43.7314 28.5705 5.84471 73.4977 12.1701 126.132 31.1179 166.335 11.9762 367.826 165.327 94.3758 14.0998 0 49.2933 21.5988 10.1245 26.376 1.44113 4.93359 0.399064 24.3458 1.25537 8.84887 14.0689 18.719 16.7536 
25.6733 84.1866 5.25072 21.8216 52.9119 26.9787 80.9633 128.28 122.809 29.6023 12.9446 23.3412 22.6783 19.2922 82.2557 0 20.7407 26.6723 6.66962 7.39968 22.1202 7.87501 12.1539 27.5778 28.4033 27.9946 11.7153 0.813238 
436.909 531.878 55.4968 452.142 78.2543 467.452 7.45945 8.08775 446.931 71.5973 52.4922 16.7976 10.5289 1.48697 13.0448 25.9931 0 0.428059 221.851 7.5755 22.5504 2.64767 19.1254 11.2982 430.755 1.7201 22.17 3.01233 
62.7961 412.582 144.029 25.1972 22.9671 121.916 73.1382 29.0465 218.429 3.42579 15.9171 115.247 90.3564 34.542 50.8958 1.22142 117.548 0 46.1102 32.4995 69.0117 37.7955 29.6876 45.2497 59.6216 1.01868 1.58194 33.4491 
5.79155 41.5403 4.27238 17.5903 23.2236 48.6467 0.163862 14.3451 144.268 0.812577 127.937 52.8643 5.44916 0.510241 28.8908 6.14058 251.615 70.0973 0 3.9353 0.388969 12.4875 22.945 23.4153 2.34219 11.006 19.2066 9.64368 
13.3746 111.611 27.4016 24.7093 53.5264 23.0448 24.3051 18.8686 95.191 37.5101 42.7135 32.3886 38.4682 0.109705 11.1669 4.8786 26.0217 24.8654 20.7938 0 284.749 1.09929 0.793799 8.88644e-05 5.05883 1.72184 7.35411 8.9758 
131.369 177.349 101.64 72.3858 119.787 56.3447 44.5478 200.978 5.1837 14.897 93.4092 1.92775 0.274209 24.9191 0.0463306 48.6801 48.3961 84.702 37.5681 3.14612 0 14.4037 0.202044 45.2648 5.32012 4.97319 0.0717532 23.9386 
15.5004 32.6982 3.03528 0.861213 32.0734 0.653065 56.0099 61.916 1.11602 29.0077 37.6287 76.6146 88.5195 7.97108 17.3015 11.2757 6.08129 42.3409 14.1329 6.25846 0.000665627 0 2.72218 13.9783 8.75228 2.2499 8.883 9.35312 
0.933412 14.7159 4.38067 0.567039 6.05217 9.2044 15.6788 0.0263344 41.1498 55.8433 133.537 9.06903 45.017 9.61393 18.4041 12.4686 14.3255 9.29655 2.43878 1.00586 0.701309 2.80553 0 1.01734 22.5637 0.226095 4.19103 1.84776 
7.1587 59.3334 7.82901 9.04975 47.5151 12.3714 33.977 26.6072 98.8833 55.9001 22.5049 146.958 40.149 2.113 14.0575 3.59714 0.154385 0.800946 20.3638 3.67332 46.1394 1.54764 18.0626 0 7.02756 11.428 15.9453 3.44983 
504.883 478.524 13.977 430.747 0.090774 458.789 30.4944 102.372 523.861 15.8657 21.856 969.276 13.4649 5.06179 6.69616 35.0426 458.375 59.6263 21.3179 10.2599 2.68858 35.6632 14.5014 26.8847 0 109.734 12.0115 144.748 
26.2434 13.7666 0.554446 21.8431 66.8246 13.7612 4.59202 1.57574 7.74617 76.2423 6.22506 304.097 54.9711 12.5875 21.7944 30.9181 6.12747 1.33756 14.1702 6.99921 9.60106 0.00200715 6.57982 8.05929 30.6688 0 38.0119 63.3429 
3.45835 16.4539 16.4291 3.19673 0.0314298 14.6405 59.9801 3.34996 76.1225 47.1854 1.88881 0.972639 8.40654 5.49616 15.2254 13.0451 0.0448717 16.7889 23.9538 9.5141 30.711 8.70782 5.12892 17.8644 57.2135 29.8267 0 82.7995 
45.7883 2.03468 1.45693 29.4431 12.4018 16.2745 28.8856 92.4738 70.3994 4.79366 90.0069 102.304 7.56055 10.6074 23.3879 3.52156 0.725805 37.6754 24.8001 11.482 51.1059 0.0258308 0.801781 0.000348778 5.0986 24.3605 78.0016 0 
