0 685.862 148.158 459.579 0.455406 507.275 122.12 271.794 710.684 156.439 5.54583 35.0515 82.4288 52.9557 6.75442 79.6352 516.898 52.842 46.884 195.919 211.491 39.4037 18.1969 57.073 446.187 68.543 25.9821 5.70958 
754.228 0 126.793 566.952 531.727 512.35 454.884 205.965 446.175 182.241 265.243 139.359 148.739 70.219 54.0875 3.20375 517.737 810.361 165.368 73.3036 175.466 15.5325 11.286 17.8715 497.681 47.6742 9.21313 53.2336 
3.06297 349.2 0 0.361928 183.606 57.0821 249.442 275.865 72.4516 105.373 93.6762 180.832 16.4033 16.6103 31.9073 13.6318 21.2367 0.244537 22.7441 16.0952 91.5341 6.71907 11.3812 10.7276 0.117222 20.9332 16.3306 0.110251 
485.821 757.411 53.415 0 134.135 457.235 0.459568 37.5322 704.009 31.4369 192.003 12.3188 48.3601 0.701473 8.22976 1.0986 495.647 40.6568 25.81 25.558 391.579 11.2083 9.90236 7.13969 456.059 26.6608 15.4335 7.85613 
123.817 285.504 181.484 23.0469 0 289.84 124.782 206.534 101.303 218.877 99.7544 61.8591 126.339 32.1335 0.866372 29.2846 4.26173 181.01 22.9043 74.1019 92.5941 5.29341 29.9311 15.8779 2.59208 20.1826 8.12831 29.44 
459.959 683.001 59.833 450 209.811 0 1136.72 92.5986 888.193 729.109 91.674 15.7957 139.632 6.51568 25.2761 4.51019 485.403 2.48972 90.3534 24.1796 76.5755 6.93018 6.83117 17.575 457.688 27.2843 20.1132 3.59779 
29.1592 440.323 2.03976 180.627 100.827 917.481 0 409.1 372.965 420.152 417.402 58.7186 218.451 56.7962 139.426 101.084 75.5802 96.6072 16.2146 50.0201 25.8335 54.6352 52.5386 11.39 76.6313 65.3507 56.16 48.3304 
68.7294 220.869 5.09966 11.3733 211.359 166.548 391.786 0 27.4899 223.783 369.426 1001.08 148.303 126.129 184.933 210.188 3.76367 3.81849 14.5755 77.0083 195.75 10.2407 24.4021 0.892436 174.989 136.198 13.3071 0.644495 
465.118 785.719 5.27982 496.557 206.608 748.533 20.5352 662.909 0 126.528 731.942 27.0014 68.0349 116.155 85.5865 39.913 468.359 161.393 119.971 24.8333 5.22135 1.71438 67.2492 76.6225 472.588 10.5245 2.11916 74.4698 
25.8355 155.678 114.054 94.5138 39.3384 485.106 84.2464 114.381 332.632 0 142.77 9.3335 23.255 1.46344 130.856 11.0051 69.7697 1.31164 27.3461 1.76877 0.157905 34.3989 26.6768 4.22704 13.253 33.0506 5.42525 2.75926 
150.914 180.44 182.62 27.8304 0.0430495 211.587 320.281 0.0330381 550.437 555.077 0 495.907 226.656 34.2832 405.496 10.3314 16.119 78.1634 124.253 68.4509 11.8651 74.3689 40.4075 50.281 145.572 11.1727 13.7929 95.8426 
3.02104 118.03 13.0778 35.6327 130.532 3.0535 43.2774 992.214 375.121 236.284 185.442 0 127.798 2.94833 261.688 1.74179 60.8309 108.098 2.6538 76.197 165.268 70.5406 25.8364 186.829 337.717 40.7532 110.746 150.96 
18.5198 115.33 3.00076 72.8561 165.386 71.1194 48.3421 0.436752 31.8245 326.44 70.8215 12.4013 0 3.56169 116.896 0.00664956 5.56653 74.279 42.9784 0.0624397 61.9134 38.323 34.9051 56.2302 52.0894 18.7644 15.6901 32.3643 
53.8435 0.730704 7.06191 20.8074 9.14689 3.76831 32.3867 16.8744 97.3464 84.0125 22.7966 165.699 147.691 0 0.0926291 5.89769 21.7028 52.7012 18.1929 3.61647 11.3393 8.32066 9.27827 5.83348 6.92265 0.195054 1.68382 11.9646 
66.1184 43.08 28.3535 5.64175 72.9658 11.8262 125.215 29.6536 163.879 11.0831 373.382 161.085 95.3995 12.5013 0 52.2641 21.6978 10.3613 26.5433 1.40843 5.08054 0.369192 24.2157 1.11927 9.0757 13.7793 18.7623 16.6244 
26.173 84.2696 5.40982 21.422 52.532 27.0217 80.2997 124.204 123.911 28.8519 11.5236 17.4641 23.2834 19.32 83.824 0 20.6662 26.9518 6.77363 7.43958 22.4331 7.93553 12.1962 27.8289 28.7169 28.2962 11.815 0.877598 
452.047 548.443 55.4531 467.887 77.0099 483.217 7.78121 8.33531 462.773 71.2796 52.0798 16.5242 10.7227 1.52344 12.9357 26.0069 0 0.827133 353.571 7.70373 22.3016 2.60953 19.1206 11.3601 446.183 1.76541 22.1576 2.96688 
60.7246 408.072 145.173 24.2141 21.674 122.165 71.1186 29.9092 218.182 3.13778 15.3187 114.544 89.9905 34.7564 50.602 1.14414 113.301 0 45.0207 33.0458 68.3714 37.715 29.8385 45.1612 59.6016 0.950954 1.63166 33.6197 
5.4615 40.214 4.4957 17.2447 25.8232 47.7757 0.258528 13.9437 143.705 0.665892 127.784 53.3207 5.2277 0.48046 28.734 6.04026 251.864 68.915 0 3.82617 0.433823 12.5706 22.9586 23.4394 2.40061 11.1181 19.1526 9.56332 
11.7427 110.386 27.3554 25.2015 54.1854 23.1113 24.8839 19.4808 95.6099 37.7944 42.264 31.8591 38.5778 0.104391 11.1892 4.92571 25.8908 25.376 20.6182 0 290.912 1.08606 0.804789 0.000367584 5.11589 1.76128 7.38629 9.01074 
128.713 177.068 102.599 78.061 119.357 55.9674 43.7414 200.382 4.76357 14.5577 94.2131 2.15942 0.310074 25.0953 0.032726 48.9536 48.1544 84.102 37.269 5.13748 0 14.4896 0.182507 45.3543 5.47643 5.14265 0.0837404 23.7419 
15.6277 32.8844 3.07397 0.886564 32.3061 0.617984 55.8295 62.0619 1.04463 29.3531 37.9962 76.6283 88.7296 7.9017 17.3251 11.3051 6.13373 42.3418 14.2154 6.26345 0.000114527 0 2.60185 13.9988 8.82946 2.28327 8.84283 9.33222 
0.988529 14.493 4.44318 0.534553 5.89862 9.11642 15.3412 0.00939123 40.5013 55.6361 133.604 9.6025 44.1576 9.57426 18.6994 12.4592 14.3731 9.42584 2.48806 1.01782 0.664696 2.68373 0 0.792344 22.4537 0.244585 4.12852 1.88274 
7.34665 59.2152 7.74262 9.207 47.6907 12.4578 34.3681 27.5481 99.022 55.7062 23.2905 148.724 39.6651 2.01133 13.719 3.24315 0.14396 0.846946 20.4214 3.64903 46.0637 1.61412 18.4303 0 7.40596 11.5475 15.8547 3.38411 
520.391 493.547 14.1579 446.173 0.0695212 474.182 29.957 104.472 538.471 16.231 22.7177 970.365 13.2367 4.95793 6.90304 36.5836 473.819 59.6439 21.2162 10.208 2.57672 29.9842 14.795 24.9282 0 116.016 22.5806 136.547 
25.7773 13.402 0.499707 22.2243 66.6606 13.5865 4.30231 2.14119 7.21794 76.1863 6.85141 311.915 55.0044 12.6212 21.5277 31.116 6.205 1.25998 14.054 6.94375 9.37799 0.00327995 6.51977 8.18815 30.9803 0 38.0139 63.1682 
3.36275 16.6357 16.4858 3.27592 0.0238478 14.7082 60.0266 3.55296 76.2663 47.2246 1.77065 1.12193 8.51231 5.54266 15.1462 13.14 0.0400215 16.9186 23.9709 9.49055 30.843 8.66718 5.19472 17.8018 56.8847 30.1168 0 83.9411 
45.5449 1.93616 1.40112 29.5608 12.2192 16.1782 28.5257 91.506 70.9081 4.63777 89.4727 100.567 7.43054 10.6461 23.3841 3.64558 0.749535 37.8335 24.8445 11.4862 51.1195 0.0226851 0.777585 2.58673e-06 4.88744 25.4419 76.5973 0 
