0 679.327 150.424 465.921 0.286548 512.125 124.38 270.055 714.526 156.359 5.19809 36.1123 82.8007 52.9044 6.58095 79.7191 521.261 54.3229 47.4512 195.713 212.836 39.4339 18.0547 57.0231 450.094 68.7991 26.1259 5.58766 
747.503 0 136.97 575.287 531.835 513.827 449.119 203.848 450.113 183.955 264.864 138.069 148.732 70.2917 54.5749 3.05356 520.749 789.146 164.896 74.4145 175.749 15.6656 11.1338 18.0697 501.893 47.3072 9.32449 53.0693 
3.68703 339.082 0 1.36264 183.016 57.5363 249.63 275.485 79.358 104.917 91.2993 181.399 16.1174 16.6236 32.013 13.487 21.4954 0.151271 22.43 15.9223 92.3434 6.68526 11.41 10.7877 0.100444 20.8047 16.3738 0.122562 
493.663 761.97 56.1482 0 135.084 460.767 0.658674 586.305 704.365 30.8457 192.751 13.4584 48.6466 0.666629 8.05505 1.00602 499.394 41.5413 26.0951 25.9265 639.014 11.1678 9.97578 7.25002 460.174 26.9409 15.3418 7.73562 
121.534 293.91 182.151 22.1919 0 293.144 129.934 207.221 98.2788 215.299 101.522 62.6782 125.352 32.4219 0.958802 29.5893 3.96099 179.607 24.8306 74.5141 92.0887 5.39598 29.7444 15.7151 2.50362 19.943 8.03918 29.2737 
464.451 687.115 59.4311 454.158 83.9081 0 793.905 90.7449 896.621 514.921 88.8175 16.414 164.323 6.40988 25.5547 4.61948 489.559 2.7035 90.2958 24.1621 76.5181 7.0021 6.8967 17.553 461.484 27.2476 20.1212 3.54025 
30.5862 434.116 1.51037 181.816 96.0902 900.781 0 409.561 332.618 426.733 412.919 56.9827 218.238 56.254 139.108 100.89 75.139 94.9942 15.6259 49.5255 25.3322 54.4892 52.8136 11.1763 76.9492 64.8506 56.0648 48.0674 
70.9571 222.852 4.2709 13.8739 211.942 168.105 393.608 0 23.4366 223.905 368.616 1008.93 148.276 126.057 185.038 212.572 3.89345 4.07426 14.8818 76.4169 196.315 10.3858 23.9807 1.04042 174.048 133.827 13.025 0.541973 
470.055 786.274 3.48616 503.566 209.924 761.208 33.3639 662.496 0 122.353 1069.99 25.0814 69.2244 115.489 86.8292 38.9919 471.928 160.259 120.652 24.4019 4.90339 1.64784 66.777 76.2273 477.063 10.9938 2.03541 74.8337 
26.4997 157.585 113.957 94.9281 41.7983 486.136 77.8074 112.881 329.491 0 152.149 8.65194 25.5209 1.60924 131.191 11.4005 69.5185 1.17766 27.9413 1.84853 0.130667 34.1415 26.3942 4.0897 13.5091 33.4433 5.33534 2.66888 
150.023 182.224 184.705 28.9495 0.00905363 209.024 314.262 0.126594 567.734 548.914 0 498.469 227.843 35.879 406.55 9.36972 15.8871 78.9398 124.468 68.7243 11.5299 74.2404 39.6302 49.5297 145.674 11.7854 14.0191 96.1878 
2.69603 116.703 13.8448 33.8461 129.762 2.77855 44.8376 982.031 377.083 235.536 191.653 0 127.189 2.61206 262.99 0.673374 61.0719 107.541 2.54502 75.8509 165.05 70.3986 26.4563 186.99 339.976 36.6286 111.078 151.879 
18.1962 115.955 3.13856 72.8834 164.816 69.8572 46.9945 0.510839 32.742 325.291 72.5572 11.9975 0 4.14513 117.159 0.0187831 5.45703 74.6299 43.3218 0.0729223 61.7351 38.8851 34.2795 55.936 51.9868 18.569 15.7847 32.4817 
53.8574 0.671931 7.1455 20.8698 8.95307 3.68119 32.9066 17.3916 96.4315 84.0495 21.4836 165.492 148.536 0 0.239736 6.11512 21.7173 52.6576 18.2723 3.60482 11.224 8.37019 9.21012 5.73843 6.83905 0.21261 1.70872 11.9622 
65.957 42.592 28.1888 5.49147 72.5637 11.5702 124.513 28.5737 162.017 10.434 377.303 157.886 96.1567 11.3499 0 54.4714 21.7719 10.5403 26.6685 1.38411 5.1921 0.347529 24.1128 1.02209 9.24701 13.5626 18.7943 16.5271 
26.5494 84.3275 5.53027 21.1224 52.2457 27.0521 79.7975 121.151 124.726 28.2927 10.5092 13.5948 23.7405 19.3343 84.8862 0 20.6102 27.1616 6.85205 7.46935 22.6684 7.98079 12.2261 28.005 28.9498 28.5171 11.8896 0.927398 
455.745 553.203 55.4175 472.037 76.0765 487.381 8.02667 8.52316 466.998 71.0393 51.7701 16.3203 10.8689 1.55106 12.854 26.0169 0 1.21164 383.984 7.80037 22.1155 2.58108 19.1168 11.4065 450.095 1.79976 22.1482 2.93302 
59.1852 405.178 146.011 23.487 20.7266 122.341 69.6147 30.5625 217.98 2.92984 14.8768 114.015 89.7139 34.9168 50.3807 1.08779 110.135 0 44.2082 33.4567 67.8906 37.6543 29.9514 45.0941 59.5853 0.901667 1.66945 33.7475 
5.22001 39.2292 4.66662 16.9868 27.8551 47.1219 0.343616 13.646 143.275 0.565387 127.664 53.6627 5.06451 0.45869 28.6158 5.96541 251.885 68.0292 0 3.74522 0.469058 12.6329 22.9684 23.4572 2.44481 11.2022 19.112 9.50316 
10.6079 109.455 27.3182 25.5703 54.6787 23.1601 25.3209 19.9451 95.9197 38.007 41.9271 31.4634 38.6593 0.100491 11.2056 4.96107 25.7922 25.761 20.4864 0 295.294 1.07617 0.813068 0.000701441 5.15877 1.7911 7.4104 9.03683 
126.719 176.844 103.31 82.5941 119.03 55.6831 43.1394 199.919 4.45977 14.3054 94.8142 2.34165 0.338408 25.2273 0.0240695 49.1575 47.9726 83.6504 37.0447 6.94433 0 14.5541 0.1685 45.4205 5.595 5.2714 0.0933368 23.5945 
15.7234 33.0238 3.1031 0.905802 32.4803 0.592293 55.6928 62.1701 0.992603 29.6122 38.2718 76.6366 88.8792 7.84934 17.3421 11.3268 6.17313 42.3419 14.2772 6.26714 0 0 2.51302 14.0131 8.88804 2.30841 8.81263 9.31644 
1.03088 14.3266 4.49019 0.510789 5.78458 9.05031 15.0897 0.002293 40.016 55.4781 133.642 10.0118 43.5134 9.53804 18.9181 12.4502 14.4086 9.52322 2.52533 1.02682 0.637878 2.59381 0 0.641326 22.3687 0.258914 4.0818 1.90915 
7.48906 59.1249 7.67785 9.32535 47.8215 12.5224 34.6616 28.2618 99.1211 55.5585 23.8867 150.03 39.3014 1.93632 13.4652 2.9883 0.136381 0.882288 20.4643 3.63079 46.0059 1.66479 18.6914 0 7.7004 11.6366 15.7862 3.33513 
524.358 497.154 14.2936 450.086 0.0554219 478.065 29.5555 106.044 541.764 16.5069 23.373 358.022 13.0664 4.88041 7.05974 37.9836 477.741 59.6558 21.1398 10.1689 2.4943 26.0466 15.0163 23.4867 0 119.749 34.8528 127.927 
25.4294 13.1311 0.460486 22.5102 66.5355 13.4556 4.09099 2.62169 6.83339 76.1396 7.33974 317.622 55.0277 12.6457 21.3262 31.2579 6.26335 1.20329 13.9668 6.90211 9.21207 0.00443856 6.47459 8.28488 31.2116 0 38.011 63.0122 
3.29187 16.7724 16.5281 3.33589 0.0188464 14.7588 60.0603 3.70897 76.3724 47.2531 1.68443 1.24076 8.59192 5.57754 15.0865 13.2109 0.036565 17.0159 23.9834 9.47277 30.9417 8.63664 5.24417 17.754 56.6277 30.3318 0 84.7572 
45.3615 1.86381 1.35994 29.6479 12.083 16.1056 28.2564 90.7764 71.2876 4.52245 89.0685 99.2612 7.33366 10.6747 23.3801 3.73968 0.767576 37.9517 24.8776 11.4893 51.1287 0.0204582 0.759658 0.000286265 4.73317 26.2579 75.5123 0 
