0 653.742 154.145 462.03 0.0916352 505.326 128.152 267.079 705.981 156.203 4.64306 37.9083 83.4166 52.816 6.29632 79.8502 513.647 56.8225 48.3991 195.69 215.024 39.4832 17.8181 56.9366 441.726 69.2198 26.3656 5.38713 
721.398 0 154.433 574.352 531.421 501.469 439.108 200.288 442.005 186.772 264.173 135.912 148.701 70.4075 55.3859 2.81089 510.887 161.97 164.076 76.264 176.196 15.888 10.8819 18.4016 494.027 46.6944 9.51128 52.7933 
4.85278 321.71 0 4.70624 181.96 58.2726 249.766 274.686 91.4141 104.135 87.3639 182.297 15.645 16.6438 32.1836 13.2454 21.9277 0.0453467 21.9088 15.6335 93.6794 6.6289 11.4573 10.8874 0.0753447 20.5888 16.4452 0.144524 
492.195 754.395 68.5645 0 136.639 451.781 1.06966 617.584 689.945 29.8676 193.946 15.4633 49.1222 0.610449 7.76705 0.860634 490.752 43.0278 26.5712 26.5397 324.258 11.1001 10.0982 7.43508 452.152 27.4061 15.1888 7.53612 
117.739 307.85 183.191 20.7972 0 297.862 138.652 208.335 93.3027 209.278 104.479 64.0493 123.694 32.9029 1.12314 30.0981 3.48354 177.242 28.1972 75.1945 91.2427 5.56886 29.4329 15.445 2.35951 19.5456 7.8915 28.9964 
457.077 678.946 58.739 446.22 686.709 0 1180.93 87.6672 895.091 178.51 84.1099 17.4678 540.952 6.23466 26.0169 4.80387 481.6 3.07893 90.179 24.1305 76.4169 7.12238 7.00609 17.5153 452.928 27.184 20.1337 3.4452 
33.03 423.4 0.803749 183.736 88.3782 865.419 0 410.113 268.925 437.241 405.194 54.1334 217.828 55.3479 138.544 100.552 74.4004 92.3153 14.6665 48.7007 24.5054 54.2434 53.2691 10.8237 77.4732 64.0134 55.904 47.6277 
74.7256 226.116 3.05042 20.3904 212.882 170.658 396.445 0 17.376 224.063 367.137 1019.31 148.219 125.919 185.16 216.443 4.11439 4.51847 15.3984 75.427 197.228 10.6294 23.284 1.31203 172.434 129.862 12.5605 0.390724 
463.453 772.177 1.3177 500.526 215.424 767.201 61.3685 661.061 0 115.482 186.655 22.0289 71.2182 114.362 92.1636 37.4723 462.996 158.353 121.777 23.6889 4.39526 1.53987 65.9869 75.5636 469.647 11.7967 1.89947 75.4365 
27.6213 160.74 113.769 95.605 46.0385 486.409 67.549 110.379 324.098 0 168.204 7.57165 29.5115 1.86727 131.704 12.0728 69.0961 0.970312 28.9432 1.98515 0.0909942 33.7119 25.924 3.86538 13.94 34.0988 5.18693 2.52146 
148.526 185.174 188.12 30.8553 0.00847756 204.674 304.124 0.416994 594.018 537.936 0 502.407 229.771 38.603 407.745 7.86722 15.5036 80.2349 124.816 69.1763 10.9811 74.0225 38.345 48.2822 145.82 12.8403 14.3995 96.7555 
2.19505 114.49 15.1675 30.9555 128.47 2.34876 47.4874 962.539 380.207 234.236 202.093 0 126.165 2.09625 265.003 0.000147744 61.4721 106.607 2.36865 75.2695 164.671 70.1587 27.5014 187.196 341.586 30.1999 111.619 153.378 
17.6617 116.988 3.37477 72.9234 163.84 67.6023 44.7794 0.647154 34.295 323.133 75.4782 11.3383 0 5.21258 117.565 0.0526916 5.27677 75.212 43.894 0.0921979 61.4363 39.8237 33.2421 55.4408 51.8131 18.2444 15.9425 32.6766 
53.8776 0.579421 7.28507 20.9722 8.63404 3.53778 33.7774 18.2678 94.8974 84.0954 19.3724 165.103 149.854 0 0.636473 6.48213 21.7408 52.5826 18.4042 3.58529 11.0328 8.45203 9.08521 5.57968 6.7 0.243519 1.75057 11.9575 
65.6834 41.7802 27.9099 5.24484 71.8884 11.1475 123.317 26.811 158.875 9.39207 383.357 152.53 97.398 9.52921 0 58.0927 21.8948 10.8416 26.8762 1.34399 5.38032 0.31286 23.9313 0.86962 9.5345 13.2021 18.8467 16.364 
27.1797 84.4157 5.7331 20.6233 51.7663 27.0994 78.9527 116.073 126.065 27.3671 8.9179 8.19972 24.5081 19.3454 86.4316 0 20.5163 27.5117 6.98341 7.51865 23.0618 8.05593 12.2721 28.2748 29.3336 28.8748 12.0136 1.01335 
447.032 546.242 55.3524 464.069 74.5213 479.434 8.44349 8.84048 459.159 70.6349 51.2536 15.9827 11.1144 1.5976 12.7179 26.0326 0 2.01408 275.221 7.9624 21.8063 2.53396 19.1101 11.4838 441.731 1.85767 22.1321 2.87691 
56.6504 401.319 147.368 22.2952 19.1899 122.615 67.1289 31.6643 217.61 2.59889 14.1532 113.126 89.2487 35.1834 50.0098 0.997019 104.896 0 42.8637 34.1437 67.0888 37.5523 30.1392 44.9808 59.5558 0.822396 1.73334 33.9598 
4.82912 37.6072 4.958 16.5598 31.3936 46.0314 0.51219 13.1558 142.541 0.416109 127.452 54.2324 4.7978 0.423537 28.4179 5.84147 251.604 66.5552 0 3.612 0.530821 12.7367 22.9842 23.4861 2.51935 11.3428 19.044 9.40302 
8.88802 107.884 27.2515 26.1842 55.4991 23.2392 26.0546 20.7285 96.427 38.3597 41.3656 30.8069 38.7936 0.0941515 11.2325 5.01994 25.6269 26.4062 20.2664 0 302.115 1.05977 0.826934 0.00149497 5.23038 1.84127 7.45046 9.08008 
123.393 176.446 104.476 90.5621 118.477 55.2067 42.1416 199.12 3.97527 13.889 95.8131 2.66151 0.388385 25.4473 0.0125921 49.4949 47.6684 82.8949 36.6707 10.5431 0 14.6615 0.146396 45.5291 5.79514 5.48923 0.110485 23.3489 
15.8831 33.2556 3.15185 0.938292 32.7705 0.550656 55.4625 62.3481 0.908811 30.0443 38.7314 76.6464 89.1131 7.76151 17.3689 11.3621 6.23897 42.3412 14.3802 6.27317 0.000379799 0 2.36774 14.0351 8.98698 2.35054 8.76216 9.28994 
1.10337 14.0506 4.5688 0.472358 5.59675 8.94009 14.674 0.00114498 39.2095 55.2098 133.682 10.7112 42.4406 9.46548 19.277 12.4314 14.4677 9.68632 2.58795 1.04188 0.594385 2.44663 0 0.424215 22.2224 0.283686 4.00429 1.95347 
7.72893 58.9712 7.56991 9.52338 48.0376 12.6294 35.1508 29.4663 99.2771 55.3077 24.8932 152.167 38.6947 1.81379 13.0425 2.58418 0.1242 0.942756 20.5354 3.60036 45.9078 1.75075 19.0973 0 8.2108 11.7842 15.6707 3.25402 
516.08 488.28 14.5197 441.729 0.035483 469.651 28.8896 108.659 532.361 16.9704 24.4815 929.441 12.7844 4.75203 7.3236 40.7457 469.393 59.6732 21.0121 10.1035 2.35984 20.2894 15.387 21.145 0 123.849 61.3588 109.964 
24.8521 12.6847 0.398625 22.9865 66.3231 13.2375 3.75017 3.52891 6.2149 76.0527 8.18959 326.81 55.063 12.6848 20.9879 31.4817 6.36105 1.11165 13.8217 6.8326 8.93838 0.00675771 6.39908 8.44604 31.593 0 37.9979 62.7051 
3.1753 17.0009 16.598 3.43682 0.0118169 14.8428 60.114 3.97617 76.5455 47.2987 1.54547 1.45201 8.72521 5.63569 14.9865 13.3284 0.0311529 17.1784 24.0039 9.44295 31.1058 8.5856 5.32677 17.6727 56.18 30.6853 0 86.0395 
45.0543 1.74622 1.29257 29.7909 11.8571 15.9843 27.8086 89.5541 71.9171 4.33307 88.3883 97.0795 7.17329 10.7219 23.3712 3.89872 0.798104 38.1479 24.9321 11.4939 51.1422 0.0170029 0.730216 0.00179261 4.48389 27.6265 73.6445 0 
