0 610.576 157.791 440.782 0.0048977 480.655 131.928 264.009 679.482 156.02 4.11842 39.7392 84.0276 52.724 6.01743 79.9705 488.154 59.3599 49.3497 196.155 217.142 39.5313 17.5821 56.8458 415.493 69.6336 26.6052 5.18992 
677.46 0 172.421 555.599 530.264 471.324 428.612 196.692 416.292 189.541 263.409 133.745 148.65 70.5166 56.1949 2.57799 483.153 521.891 163.216 78.11 176.613 16.1112 10.6322 18.7351 468.286 46.0806 9.69954 52.5149 
6.17418 303.793 0 10.1 180.816 58.9824 249.679 273.682 104.108 103.325 83.4664 183.133 15.1776 16.6616 32.3473 13.0034 22.3614 0.00136205 21.3903 15.3439 94.9986 6.57249 11.5037 10.9866 0.0538475 20.3707 16.516 0.168282 
473.269 728.584 90.7389 0 138.16 424.938 1.5791 140.762 657.502 28.8993 195.077 17.5977 49.5953 0.556691 7.48297 0.726352 464.232 44.5297 27.0484 27.1511 20.5226 11.0323 10.2205 7.62156 426.26 27.869 15.0357 7.33846 
113.957 321.672 184.141 19.4415 0 301.807 147.519 209.411 88.4112 203.197 107.45 65.427 122.023 33.3843 1.30031 30.6085 3.03613 174.843 31.7544 75.8664 90.3917 5.74417 29.1212 15.1763 2.21953 19.1506 7.74495 28.719 
431.857 652.729 58.0199 420.428 492.202 0 1504.79 84.6062 874.797 382.333 79.4745 18.5503 621.294 6.06095 26.4765 4.99109 455.764 3.47818 90.036 24.096 76.3085 7.2431 7.1157 17.4761 426.499 27.117 20.1454 3.35122 
35.5538 412.244 0.317724 185.575 80.9093 821.297 0 410.394 210.394 447.142 397.168 51.3404 217.351 54.4392 137.939 100.196 73.6578 89.6499 13.7345 47.8755 23.6896 53.9948 53.7213 10.4758 77.9893 63.1718 55.7407 47.1864 
78.5599 229.326 2.03315 29.3545 213.782 173.157 399.028 0 12.1998 224.165 365.496 1026.26 148.145 125.755 185.216 220.182 4.34116 4.98503 15.9224 74.4319 198.106 10.8753 22.5946 1.61478 170.763 125.882 12.1033 0.264129 
439.045 740.041 0.182714 479.808 220.886 754.957 97.3212 658.698 0 108.725 843.463 19.1637 73.2252 113.218 101.411 35.9732 436.196 156.429 122.888 22.9834 3.91429 1.43543 65.1929 74.8938 444.368 12.6252 1.76816 76.0343 
28.7611 163.867 113.547 96.2644 50.4497 484.828 57.9103 107.879 318.51 0 184.745 6.56123 33.7604 2.14406 132.159 12.7614 68.669 0.782889 29.9572 2.12651 0.0584749 33.2817 25.4549 3.64697 14.3761 34.7556 5.04037 2.37805 
147.011 188.095 191.458 32.8106 0.0779951 200.23 293.874 0.875264 617.191 526.105 0 505.927 231.632 41.4036 408.235 6.49167 15.124 81.5316 125.152 69.624 10.4446 73.7999 37.0722 47.0412 145.936 13.9365 14.7839 97.313 
1.74508 112.275 16.5451 28.1778 127.169 1.95444 50.1978 940.004 383.145 232.869 212.634 0 125.13 1.63648 266.816 0.713073 61.8705 105.669 2.19847 74.6825 164.272 69.9146 28.5614 187.323 340.222 24.3445 112.147 154.837 
17.1337 118.008 3.61914 72.9564 162.834 65.2452 42.6043 0.799497 35.8767 320.676 78.4321 10.6963 0 6.3973 117.931 0.103682 5.09926 75.791 44.4662 0.113721 61.1354 40.7647 32.2116 54.9394 51.636 17.9215 16.1006 32.8706 
53.8941 0.493698 7.42494 21.0726 8.32 3.3967 34.6536 19.162 93.3515 84.1218 17.3602 164.657 151.056 0 1.22055 6.85429 21.7635 52.5049 18.5356 3.56568 10.8427 8.53289 8.9465 5.42057 6.56144 0.276483 1.79283 11.9517 
65.4041 40.9702 27.6261 5.00299 71.2062 10.7299 122.089 25.0952 155.687 8.40104 388.79 147.15 98.6128 7.84079 0 61.6222 22.0172 11.1463 27.0829 1.30439 5.57161 0.279977 23.7375 0.729098 9.82446 12.8429 18.8979 16.1998 
27.8136 84.4937 5.93848 20.1246 51.2843 27.1424 78.0975 111.016 127.378 26.4508 7.4523 4.14494 25.2831 19.3407 87.6869 0 20.4218 27.8622 7.11569 7.56755 23.4566 8.13069 12.3137 28.5145 29.7117 29.2192 12.1372 1.10291 
420.456 521.397 55.2804 438.229 72.9675 453.611 8.86997 9.16302 433.454 70.2254 50.7368 15.6479 11.362 1.64477 12.5821 26.0474 0 3.01768 82.5211 8.12558 21.4982 2.48722 19.1029 11.561 415.494 1.91644 22.1156 2.82127 
54.1539 398.673 148.675 21.1289 17.7075 122.865 64.6704 32.781 217.2 2.2874 13.4462 112.231 88.7783 35.4491 49.6368 0.91014 99.7117 0 41.5318 34.8332 66.286 37.4494 30.3265 44.8658 59.5232 0.746725 1.79839 34.1716 
4.45272 36.01 5.25742 16.1363 35.1179 44.9404 0.71417 12.6735 141.788 0.2896 127.227 54.8018 4.53789 0.389752 28.2188 5.71852 250.936 65.0846 0 3.48093 0.596371 12.8405 22.9991 23.5142 2.59489 11.4837 18.9758 9.30323 
7.38614 106.288 27.1787 26.7967 56.317 23.3156 26.795 21.5238 96.9232 38.7107 40.8044 30.154 38.9262 0.0880155 11.2588 5.07879 25.4605 27.056 20.0461 0 308.309 1.04348 0.840892 0.00258521 5.30219 1.892 7.49043 9.12307 
120.066 176.016 105.618 98.8834 117.914 54.7271 41.1507 198.285 3.51799 13.4778 96.8077 3.0014 0.441784 25.6668 0.00479898 49.8293 47.3631 82.1361 36.2967 14.8616 0 14.7691 0.125841 45.6355 5.99845 5.7111 0.129065 23.1036 
16.043 33.4867 3.20086 0.97132 33.0601 0.510484 55.2292 62.5233 0.828667 30.4765 39.1911 76.6513 89.3277 7.6729 17.3939 11.3965 6.30503 42.3392 14.4831 6.27906 0.00147123 0 2.22601 14.0547 9.08753 2.39295 8.71154 9.2632 
1.1783 13.7765 4.64769 0.435406 5.41166 8.8297 14.2627 0.013353 38.4063 54.9354 133.691 11.4319 41.3698 9.37787 19.6287 12.408 14.5266 9.85043 2.65126 1.05702 0.552405 2.30295 0 0.251093 22.0703 0.309557 3.92719 1.99817 
7.97191 58.8137 7.46202 9.72233 48.2515 12.7359 35.6404 30.689 99.4212 55.0512 25.9155 154.256 38.0866 1.69445 12.6209 2.20683 0.112585 1.00519 20.6058 3.56989 45.8074 1.83854 19.4653 0 8.74516 11.9305 15.5539 3.17361 
489.922 461.531 14.7457 415.506 0.0199691 443.361 28.2279 111.266 505.076 17.4381 25.6107 791.373 12.5045 4.62468 7.5908 43.9835 443.171 59.6875 20.884 10.0377 2.22892 15.7603 15.7598 18.8938 0 125.072 91.5173 89.387 
24.2787 12.2446 0.341163 23.4627 66.1059 13.0196 3.42362 4.56835 5.62426 75.9545 9.08346 335.569 55.094 12.7218 20.6466 31.6893 6.45931 1.02358 13.6766 6.76302 8.66814 0.00956161 6.32331 8.60719 31.9686 0 37.9745 62.3395 
3.06069 17.2303 16.6672 3.53908 0.00641989 14.9265 60.1647 4.25226 76.7142 47.342 1.41239 1.67962 8.85927 5.69384 14.8858 13.4453 0.0261709 17.3413 24.0239 9.41291 31.2694 8.53442 5.40961 17.5895 55.7084 31.0323 0 87.2211 
44.7451 1.63234 1.22681 29.9313 11.6328 15.8624 27.362 88.3237 72.5422 4.14754 87.7 94.8926 7.01432 10.7683 23.3597 4.06033 0.82919 38.3431 24.9859 11.498 51.1534 0.0138664 0.70131 0.00459145 4.24454 29.0028 71.7077 0 
