0 538.797 162.059 395.489 0.0437903 430.599 136.462 260.206 627.124 155.762 3.52961 41.9808 84.7539 52.6089 5.69034 80.1003 437.105 62.4537 50.4935 197.473 219.59 39.5873 17.2997 56.7313 363.569 70.1204 26.8926 4.95766 
604.425 0 194.536 512.692 527.9 414.82 415.426 192.333 365.337 192.795 262.396 131.134 148.561 70.6385 57.1626 2.31137 429.425 667.64 162.133 80.3186 177.072 16.3803 10.3355 19.1376 416.94 45.3429 9.92733 52.1775 
7.96252 281.74 0 19.163 179.327 59.7981 249.282 272.211 120.105 102.317 78.8464 184.054 14.6239 16.68 32.5344 12.7128 22.8837 0.0303884 20.7719 14.9955 96.5581 6.50481 11.5583 11.1048 0.0327968 20.1061 16.5999 0.199165 
430.616 676.679 128.532 0 139.937 372.294 2.31985 854.117 597.931 27.7507 196.348 20.3273 50.1598 0.495374 7.14745 0.580016 411.95 46.3508 27.6225 27.8824 589.81 10.9507 10.3671 7.84715 374.741 28.4211 14.8517 7.10378 
109.441 338.053 185.161 17.8669 0 305.901 158.331 210.652 82.6585 195.832 111.032 67.0879 119.999 33.9626 1.52975 31.2225 2.53903 171.924 36.2672 76.6613 89.3643 5.95774 28.7472 14.8559 2.05697 18.6801 7.57053 28.3861 
381.178 600.585 57.1225 369.049 120.999 0 867.651 80.9582 828.781 673.128 74.0163 19.8863 176.953 5.85443 27.0243 5.21939 404.305 3.98827 89.8302 24.0508 76.169 7.38859 7.24749 17.4273 374.332 27.0324 20.1582 3.23986 
38.686 398.323 0.0268641 187.673 72.2886 758.102 0 410.372 148.069 458.175 387.158 48.0655 216.692 53.3463 137.158 99.7459 72.7616 86.471 12.6527 46.885 22.7253 53.6926 54.2591 10.0646 78.5987 62.1562 55.5413 46.6545 
83.2433 233.103 1.08234 42.3924 214.81 176.084 401.789 0 7.17703 224.214 363.315 1030.02 148.035 125.527 185.197 224.484 4.62094 5.57435 16.5608 73.2313 199.113 11.1734 21.7773 2.01901 168.687 121.094 11.5644 0.144771 
389.39 680.817 0.191601 434.74 227.383 719.251 150.273 654.648 0 100.784 313.313 15.9771 75.6496 111.819 116.985 34.2024 383.591 154.098 124.203 22.1469 3.37308 1.31487 64.2353 74.0822 393.597 13.6529 1.61662 76.7446 
30.1521 167.574 113.236 97.0326 55.9596 480.416 47.2101 104.881 311.562 0 205.152 5.44183 39.1921 2.50066 132.629 13.6087 68.1506 0.584406 31.19 2.30232 0.0288968 32.7649 24.8935 3.39277 14.9061 35.545 4.86694 2.21127 
145.172 191.56 195.358 35.2209 0.253883 194.783 281.451 1.64625 641.25 510.842 0 509.589 233.777 44.8618 407.891 5.01089 14.6734 83.0886 125.537 70.1554 9.81715 73.5266 35.5626 45.5611 146.034 15.3053 15.2505 97.9686 
1.27273 109.618 18.269 24.9968 125.594 1.52857 53.5281 909.164 386.419 231.141 225.388 0 123.872 1.15924 268.725 3.39193 62.3464 104.535 2.00243 73.9708 163.767 69.6165 29.8519 187.374 334.444 18.1044 112.761 156.534 
16.5088 119.217 3.92303 72.9867 161.587 62.4274 40.0486 1.00341 37.8114 317.339 82.0177 9.94879 0 7.9717 118.315 0.187411 4.88994 76.4817 45.1524 0.142526 60.7719 41.8966 30.9847 54.3299 51.419 17.5357 16.2906 33.1022 
53.909 0.399829 7.59315 21.1903 7.94976 3.23046 35.7114 20.258 91.4831 84.1277 15.0791 164.048 152.344 0 2.16323 7.307 21.7899 52.4079 18.6927 3.542 10.616 8.62863 8.76245 5.22936 6.39588 0.318735 1.84408 11.9435 
65.0613 40.0012 27.279 4.71927 70.3791 10.2356 120.574 23.0999 151.807 7.28026 394.466 140.673 100.034 6.00419 0 65.7008 22.1632 11.5164 27.3296 1.25757 5.80507 0.242895 23.489 0.576417 10.1755 12.4138 18.9576 16.0013 
28.5791 84.5736 6.18819 19.5271 50.7024 27.1884 77.059 104.988 128.917 25.3633 5.86195 1.07992 26.2219 19.3141 88.7982 0 20.3077 28.2834 7.27557 7.62571 23.9321 8.21991 12.3574 28.7616 30.1575 29.6145 12.2847 1.21511 
368.127 471.115 55.1848 386.77 71.1046 402.168 9.39432 9.55699 382.163 69.7277 50.1162 15.2497 11.6619 1.70221 12.4193 26.0639 0 4.48541 15.6053 8.32293 21.1301 2.43163 19.0936 11.6537 363.559 1.98808 22.0953 2.75513 
51.2101 397.016 150.176 19.764 16.0013 123.133 61.7579 34.1413 216.654 1.9395 12.6197 111.147 88.2069 35.7667 49.1862 0.810997 93.5724 0 39.9509 35.6637 65.3215 37.3246 30.5503 44.7255 59.4801 0.660685 1.87797 34.4248 
4.02054 34.1273 5.6272 15.6328 39.8241 43.6316 1.00052 12.1054 140.857 0.167893 126.939 55.4841 4.2351 0.351049 27.9782 5.57232 249.636 63.325 0 3.32656 0.680025 12.9651 23.0158 23.5468 2.68689 11.6533 18.8935 9.18376 
5.8763 104.341 27.0835 27.5294 57.2951 23.4038 27.6914 22.4934 97.5039 39.1294 40.1316 29.3758 39.0828 0.0809207 11.2895 5.14936 25.2594 27.8416 19.7814 0 314.872 1.02406 0.857753 0.0042852 5.38861 1.95362 7.53821 9.17426 
116.075 175.461 106.959 109.054 117.225 54.1476 39.9709 197.236 3.00549 12.9912 97.9958 3.43575 0.510356 25.93 0.00031554 50.2264 46.995 81.2206 35.848 20.9651 0 14.8982 0.103223 45.7601 6.24653 5.98252 0.153273 22.8094 
16.2354 33.7633 3.25999 1.01168 33.4071 0.464246 54.945 62.7298 0.737306 30.9951 39.7428 76.6506 89.5598 7.56566 17.4215 11.4365 6.38454 42.3353 14.6064 6.28592 0.00371968 0 2.06076 14.0749 9.21033 2.44419 8.65055 9.2308 
1.27135 13.45 4.74273 0.392985 5.19324 8.69711 13.7751 0.0456254 37.4467 54.5982 133.663 12.3248 40.088 9.25329 20.0406 12.3736 14.5969 10.0487 2.7281 1.07527 0.504037 2.13529 0 0.102463 21.8803 0.342046 3.83528 2.05233 
8.26772 58.6197 7.33263 9.96221 48.5051 12.8629 36.2277 32.1796 99.5787 54.7362 27.1623 156.696 37.3559 1.55558 12.1167 1.7904 0.0993977 1.0827 20.6896 3.53329 45.684 1.9463 19.8544 0 9.41682 12.1043 15.4117 3.07811 
438.07 408.978 15.0167 363.595 0.00719574 391.356 27.4394 114.379 451.871 18.0051 26.9919 657.974 12.1716 4.47326 7.91575 48.3849 391.251 59.7006 20.7297 9.95828 2.07659 12.236 16.2095 16.335 0 122.633 125.47 64.673 
23.5954 11.7251 0.278053 24.0332 65.8389 12.7583 3.05068 5.98843 4.95299 75.8217 10.2135 345.469 55.1255 12.7637 20.2331 31.9169 6.57789 0.922612 13.5028 6.67937 8.34842 0.0135669 6.23205 8.80046 32.4117 0 37.9328 61.8246 
2.92577 17.5066 16.7492 3.66345 0.00210138 15.0262 60.2215 4.59521 76.9108 47.3908 1.26046 1.97431 9.02106 5.7636 14.7641 13.5845 0.0207662 17.5371 24.0471 9.37654 31.4647 8.47279 5.50928 17.4872 55.1111 31.4401 0 88.5023 
44.3716 1.50064 1.15002 30.0961 11.3657 15.7153 26.8284 86.837 73.2865 3.92974 86.8637 92.2627 6.8255 10.8229 23.3422 4.25764 0.86727 38.5762 25.0495 11.5023 51.1636 0.0105236 0.667331 0.00965498 3.97067 30.6613 69.2993 0 
