0 324.256 171.512 242.768 0.740211 264.148 147.021 250.849 454.863 155.007 2.32982 47.3928 86.4191 52.3204 4.95983 80.3418 268.317 69.861 53.1739 204.247 224.892 39.7108 16.6448 56.4408 192.808 71.2146 27.5625 4.43469 
385.596 0 247.296 362.971 518.306 233.904 382.407 181.995 198.277 200.079 259.627 125 148.235 70.8852 59.406 1.74451 254.434 765.83 159.389 85.433 177.968 17.0125 9.65611 20.0857 247.473 43.6174 10.4667 51.3769 
12.9721 229.027 0 50.1542 175.374 61.5418 247.122 267.658 160.112 99.8175 68.3461 185.853 13.3622 16.7094 32.9308 12.0344 24.1092 0.444779 19.3472 14.1801 100.092 6.34677 11.6806 11.3771 0.00386162 19.4772 16.7917 0.281198 
283.367 503.888 239.928 0 143.875 199.905 4.5907 513.662 408.61 25.1313 198.943 27.3836 51.4619 0.365962 6.38833 0.301912 240.289 50.6729 28.9665 29.5734 276.154 10.7592 10.7087 8.38075 204.904 29.6932 14.4217 6.56708 
99.0279 375.028 187.022 14.4237 0 315.315 184.134 213.33 69.7804 178.438 119.444 70.9961 115.21 35.3126 2.13618 32.6618 1.54971 164.95 47.7754 78.4657 86.9425 6.46935 27.874 14.1169 1.70107 17.5971 7.16994 27.6098 
213.43 428.293 54.8891 199.623 29.1486 0 946.381 72.5802 666.461 303.066 61.7803 23.156 614.837 5.38177 28.284 5.76704 234.571 5.30903 89.205 23.9294 75.804 7.73043 7.55596 17.3054 202.966 26.8169 20.1832 2.98617 
46.4115 363.862 0.591054 192.094 53.7406 578.51 0 408.8 42.3464 480.05 362.353 40.7659 214.785 50.7868 135.108 98.5968 70.6502 79.1532 10.2877 44.5754 20.5394 52.9715 55.4936 9.13216 79.9755 59.766 55.0619 45.405 
94.4899 241.585 0.0193098 75.5082 216.981 182.581 406.765 0 0.594032 224.015 357.347 1019.23 147.689 124.854 184.783 233.693 5.30593 7.07255 18.0911 70.4057 201.26 11.8816 19.9136 3.13416 163.549 109.908 10.3487 0.00475301 
224.241 492.174 6.00891 280.866 242.252 583.407 309.524 640.141 0 83.0524 59.4564 9.63244 81.3673 108.454 164.264 30.1977 211.234 148.565 127.189 20.2406 2.26469 1.05378 61.9821 72.1571 225.544 16.1889 1.28899 78.372 
33.4939 176.025 112.326 98.7239 69.6719 459.247 26.1758 97.9103 294.394 0 254.553 3.23004 53.1867 3.43552 133.4 15.6717 66.9158 0.233636 34.128 2.7383 5.92391e-06 31.5566 23.5915 2.83345 16.1696 37.3909 4.47282 1.84482 
140.794 199.458 203.966 41.1013 1.05569 181.651 252.127 4.37695 685.848 471.148 0 515.708 238.397 53.3125 403.154 2.28956 13.644 86.724 126.363 71.3696 8.42404 72.8629 32.1203 42.1515 146.091 18.7205 16.3611 99.4397 
0.458999 103.424 22.584 18.249 121.871 0.736896 61.6097 822.805 392.976 226.748 255.414 0 120.875 0.363625 272.024 17.2312 63.4465 101.861 1.58001 72.2802 162.479 68.8983 32.9379 187.054 304.715 7.03084 114.113 160.253 
15.0881 121.964 4.67679 73.0184 158.513 56.8528 34.33 1.5684 42.4758 307.957 90.5396 8.30367 0 12.2713 118.979 0.478073 4.41724 78.0737 46.7509 0.222305 59.9127 44.5444 28.1691 52.8756 50.8939 16.6447 16.7351 33.6367 
53.9226 0.219102 7.98672 21.4533 7.11484 2.85627 38.2044 22.9097 87.0727 84.0317 10.3427 162.317 154.677 0 5.33978 8.38309 21.8475 52.1659 19.0563 3.4862 10.0936 8.8463 8.26322 4.78349 6.01266 0.428659 1.9659 11.919 
64.2303 37.754 26.4433 4.0854 68.4143 9.11389 116.869 18.7245 142.551 4.96246 403.98 125.555 103.189 2.60614 0 74.3358 22.5007 12.3986 27.8988 1.15123 6.36627 0.166492 22.8435 0.288856 11.0067 11.4226 19.0901 15.5327 
30.382 84.7019 6.78389 18.14 49.3305 27.2714 74.5847 91.1592 132.35 22.8827 2.87959 1.66761 28.4479 19.1638 89.6633 0 20.0384 29.2679 7.65323 7.75907 25.0487 8.42578 12.4335 29.1625 31.1613 30.4565 12.626 1.49675 
196.44 304.07 54.9231 217.057 66.7741 232.474 10.6706 10.5048 212.873 68.5399 48.6668 14.3366 12.3737 1.83973 12.0408 26.0966 0 9.0101 372.263 8.78949 20.278 2.30405 19.0693 11.8695 192.733 2.15993 22.0454 2.6035 
44.5799 398.199 153.384 16.7313 12.3347 123.62 55.1354 37.3962 215.152 1.23808 10.7856 108.585 86.8455 36.5022 48.1231 0.601696 79.6706 0 36.3405 37.6127 63.0685 37.0282 31.069 44.3885 59.3625 0.480214 2.07001 35.0118 
3.0952 29.886 6.5335 14.4792 51.7517 40.5846 1.8542 10.8244 138.578 0.0121059 126.194 57.0723 3.56724 0.268504 27.4102 5.23695 244.602 59.247 0 2.97861 0.896289 13.2556 23.05 23.6183 2.90716 12.0509 18.6998 8.9064 
3.61624 99.6747 26.8286 29.2252 59.5598 23.5943 29.8158 24.818 98.7955 40.0952 38.5649 27.5825 39.438 0.0655055 11.3578 5.31378 24.7844 29.697 19.1627 0 326.276 0.979322 0.897577 0.00991113 5.59117 2.10046 7.64903 9.29211 
106.796 173.994 109.948 131.684 115.562 52.7793 37.2598 194.593 1.96453 11.8857 100.742 4.56064 0.689449 26.542 0.0105047 51.1354 46.1296 79.0669 34.8013 38.8844 0 15.2 0.0591303 46.0384 6.84252 6.63753 0.217808 22.1246 
16.6855 34.4045 3.39932 1.1088 34.2138 0.364715 54.2653 63.1954 0.544721 32.2044 41.0295 76.6215 89.992 7.31175 17.4756 11.5243 6.57119 42.3191 14.8933 6.30113 0.0129543 0 1.69648 14.1084 9.50571 2.56523 8.50739 9.15385 
1.50181 12.6988 4.96593 0.302332 4.6994 8.38731 12.6625 0.19562 35.2284 53.7782 133.43 14.5229 37.1158 8.88342 20.9555 12.2677 14.7594 10.5167 2.91106 1.11826 0.39968 1.76509 0 0.0107485 21.4061 0.423905 3.6234 2.18076 
8.97523 58.1456 7.03138 10.5263 49.0838 13.1554 37.5977 35.7514 99.8799 53.9706 30.1536 162.089 35.6478 1.25104 10.9512 0.980076 0.0718078 1.27446 20.8815 3.44769 45.3834 2.20761 20.5274 0 11.1055 12.5019 15.0725 2.85945 
267.394 236.701 15.6476 192.863 0.00220648 220.35 25.6253 121.566 278.035 19.3511 30.3217 1040.9 11.4075 4.12631 8.69101 59.9688 220.451 59.7143 20.3673 9.77104 1.7414 13.0908 17.2668 11.1083 0 102.311 156.52 28.1611 
22.0236 10.55 0.155674 25.3597 65.1892 12.1505 2.26191 10.0218 3.54774 75.4494 13.0879 365.736 55.1752 12.8497 19.2544 32.3545 6.85736 0.70714 13.0982 6.48369 7.62239 0.0256252 6.01788 9.25024 33.411 0 37.7776 60.3081 
2.62212 18.1557 16.9365 3.96064 0.00116939 15.2566 60.3372 5.44448 77.3443 47.4919 0.939166 2.75258 9.40254 5.92632 14.4763 13.905 0.0105814 17.9954 24.0983 9.29037 31.9173 8.32819 5.74291 17.238 53.5884 32.3531 0 90.8863 
43.49 1.2144 0.980064 30.465 10.7518 15.369 25.5919 83.3312 74.9964 3.44296 84.8699 86.1163 6.39328 10.946 23.2863 4.73183 0.959317 39.1143 25.1941 11.5097 51.1742 0.00451295 0.591128 0.0286972 3.38912 34.5357 63.3715 0 
