0 101.977 192.848 176.432 6.85409 145.637 175.083 222.481 317.652 151.878 0.319918 63.2279 90.7133 51.3987 3.21532 80.5605 143.418 91.0487 60.4888 244.76 236.183 39.9952 14.8978 55.4898 63.0542 73.8765 29.3729 3.1527 
143.18 0 380.415 287.704 465.429 81.1077 282.127 153.159 88.4015 217.39 249.353 108.2 146.526 71.284 65.3564 0.602662 113.169 107.817 150.503 98.8506 179.155 18.7581 7.90724 22.7156 120.827 38.9266 11.9845 49.1147 
31.9999 95.3374 0 174.339 161.507 65.0544 232.844 247.852 277.718 92.0702 42.4556 188.2 10.1697 16.6957 33.7142 10.2048 27.4655 3.98766 15.6303 11.9686 108.831 5.91799 11.976 12.0886 0.0679716 17.7008 17.2825 0.573613 
226.148 354.451 323.705 0 152.958 66.1571 14.4399 291.839 225.334 18.5053 203.281 50.9214 54.8776 0.112463 4.50846 0.000816608 107.662 62.7978 32.6296 33.9981 654.885 10.2332 11.6284 9.87342 77.4869 33.0014 13.2527 5.19349 
72.0784 461.202 188.34 6.81701 0 368.72 255.558 219.002 39.3369 131.106 142.412 81.7712 101.835 38.9702 4.27341 36.599 0.0867649 145.088 84.879 82.9785 80.2198 7.94889 25.508 12.1768 0.902364 14.7713 6.12898 25.5072 
92.5247 287.386 47.9809 73.8793 711.03 0 1298.31 51.1577 520.96 75.622 32.9736 33.0219 640.476 4.17065 31.5391 7.34888 107.189 9.78247 86.5098 23.4882 74.5381 8.67238 8.39674 16.9202 71.3162 26.1079 20.2159 2.343 
69.9825 261.727 10.7427 200.516 16.2233 96.5976 0 394.001 86.0764 508.753 287.398 23.6081 207.082 43.8282 128.013 94.8089 64.8008 60.1959 5.04364 38.3564 15.0856 50.9067 58.6852 6.80153 83.3803 53.1727 53.663 41.9648 
126.751 261.942 5.2993 104.674 221.227 197.6 409.65 0 19.3587 221.283 335.259 861.491 146.119 122.07 181.081 252.121 7.38749 11.9868 22.5142 62.6127 205.628 13.8875 15.1877 7.3438 147.749 80.172 7.35717 0.602583 
111.769 309.222 60.2375 201.511 279.758 520.535 863.238 567.9 0 41.925 99.0229 0.424817 97.1863 98.6547 220.84 20.3337 77.1142 133.014 134.674 15.4115 0.360648 0.489182 55.7677 66.7347 103.229 23.9846 0.584552 82.5593 
43.1719 197.191 108.581 102.565 111.826 330.936 0.0480559 79.3467 242.51 0 391.328 0.112047 98.9586 6.67182 133.159 21.8219 63.3996 0.078687 42.4831 4.09985 0.204674 28.2742 20.1298 1.5602 19.7735 42.3986 3.47945 1.01349 
128.378 219.337 223.38 58.6427 5.96176 144.005 173.146 18.1936 808.834 342.993 0 514.802 248.067 78.4049 363.994 0.219632 11.011 96.5619 128.083 74.4735 5.15557 70.8841 23.4241 33.2781 145.035 29.435 19.5214 103.001 
0.299949 86.7971 36.1835 5.07766 111.465 0.029012 85.4573 522.096 402.784 212.429 336.013 0 112.351 0.469194 272.623 102.392 66.3541 94.4297 0.682928 67.5005 158.228 66.7958 41.7746 183.13 195.76 3.09094 117.185 168.536 
11.5098 128.87 7.02732 72.828 149.08 61.1307 20.7167 3.72381 56.0871 272.323 114.468 4.55818 0 27.9415 119.125 1.93147 3.24786 82.2473 51.0552 0.527078 57.5093 51.7161 20.9432 48.7271 49.3411 14.2966 17.9488 35.0451 
53.8113 0.000465578 9.05665 22.0805 5.06034 1.94268 45.0955 30.7135 74.8666 83.0021 1.88645 155.498 156.106 0 19.5553 11.3469 21.975 51.4001 20.0206 3.33109 8.72451 9.3929 6.51284 3.59818 5.00133 0.804851 2.31167 11.8142 
61.7624 31.7891 24.0127 2.57481 62.8658 6.32243 105.749 8.99065 116.517 0.871226 402.287 85.7418 110.495 0.523071 0 88.6268 23.3915 14.9173 29.3955 0.884093 8.00173 0.0313575 20.6701 0.00464422 13.3292 8.83276 19.3998 14.2281 
35.3728 84.6395 8.48031 14.4631 45.5234 27.325 67.5593 56.4425 140.459 16.6126 0.0805729 55.844 34.6886 18.1525 80.0163 0 19.2867 31.9454 8.70935 8.10359 28.1181 8.96651 12.4544 28.9793 33.5933 32.1319 13.5276 2.3952 
64.3266 183.527 53.9434 89.8881 55.224 105.22 14.4913 13.2726 87.0536 65.1399 44.7331 11.9751 14.3843 2.23719 11.0242 26.146 0 28.6386 94.0063 10.0959 18.0189 1.97317 18.984 12.452 62.5515 2.65879 21.8936 2.21115 
28.479 397.005 159.894 9.65114 4.70799 123.957 38.5726 46.7583 209.515 0.122632 6.49671 101.405 82.9619 38.4549 45.1628 0.189983 45.9424 0 27.1675 42.9552 56.9534 36.1874 32.4497 43.4071 58.9246 0.134637 2.63575 36.576 
1.18322 19.5567 9.28461 11.5118 89.7372 32.4613 5.45746 7.6787 131.669 0.494647 123.656 61.3436 2.03421 0.0998495 25.8264 4.36939 219.751 48.4584 0 2.12401 1.63093 14.0424 23.1091 23.7798 3.54362 13.1409 18.1624 8.16497 
6.54931 86.3114 25.911 33.6716 65.5466 24.0014 35.7781 31.5271 101.834 42.6288 34.3499 22.897 40.3273 0.0317949 11.5185 5.7567 23.4576 34.8671 17.4803 0 327.6 0.86208 1.00885 0.0368596 6.14649 2.51957 7.94456 9.59999 
82.2118 168.84 116.999 161.844 110.679 48.9656 30.2318 186.096 0.246774 9.10374 107.983 8.383 1.30932 28.1865 0.183726 53.4686 43.7385 73.1137 31.9693 108.309 0 16.0207 0.000960827 46.703 8.57719 8.56359 0.449509 20.2799 
17.9157 36.1145 3.78646 1.39305 36.3776 0.154362 52.3061 64.3424 0.168058 35.4683 44.5095 76.3483 90.3864 6.60103 17.5497 11.7233 7.08506 42.2263 15.666 6.33659 0.0661232 0 0.870845 14.1023 10.3674 2.90359 8.11315 8.93579 
2.22003 10.7401 5.57976 0.115564 3.47391 7.54654 9.83574 1.12687 29.3852 51.3305 131.626 21.2511 29.2716 7.39658 23.0598 11.8024 15.1899 11.8232 3.43285 1.2375 0.177007 0.921719 0 1.53504 19.9177 0.687798 3.06847 2.54316 
11.0118 56.7119 6.22095 12.0811 50.5585 13.921 41.2983 46.0155 100.227 51.6869 38.784 174.385 31.0171 0.576714 7.92239 0.000783622 0.0194415 1.87099 21.3773 3.21455 44.4809 2.98156 20.5823 0 16.4008 13.5167 14.1022 2.29769 
137.294 102.518 17.3415 63.1856 0.163658 89.5387 20.9054 140.233 139.397 23.1492 40.0363 1157.41 9.42961 3.2347 10.8989 85.2072 90.2688 59.6307 19.3691 9.25043 0.977116 62.2292 20.1519 3.79765 0 33.7984 19.2245 131.731 
17.9364 7.63536 0.00110152 28.8924 63.2437 10.5213 0.707598 25.7566 0.898804 74.003 22.4724 397.46 55.1406 13.001 16.5275 32.8621 7.63481 0.26558 12.0088 5.95087 5.79869 0.0774295 5.43039 10.4541 35.8489 0 36.9548 54.1494 
1.87803 19.9462 17.4146 4.81481 0.0631717 15.8635 60.5314 8.08595 78.341 47.674 0.303583 5.49215 10.4646 6.36648 13.6715 14.7409 8.22647e-05 19.2486 24.2156 9.04761 33.1198 7.93055 6.38243 16.4913 48.6171 34.5331 0 92.8266 
41.0322 0.588141 0.584842 31.3519 9.15304 14.4096 22.3097 73.619 79.434 2.27566 79.1847 69.5698 5.2807 11.2476 23.0282 6.10697 1.23142 40.5332 25.5579 11.5107 51.1091 0.000837653 0.406408 0.131134 2.22979 44.6866 45.949 0 
