0 400.623 204.001 567.356 15.5239 488.005 195.299 198.568 643.175 148.463 0.0287768 76.2367 93.7485 50.5629 2.12738 80.2967 481.014 107.917 66.0552 274.815 241.53 40.1619 13.6 54.6083 397.464 75.5873 30.7422 2.3141 
420.278 0 449.391 657.647 403.028 403.27 202.743 130.933 446.867 227.828 238.966 95.4129 144.424 71.3206 69.714 0.128754 438.888 18.7338 142.432 108.382 178.825 20.1147 6.67216 24.768 457.202 35.3678 13.1919 47.3081 
51.0195 25.353 0 258.496 148.238 66.438 214.43 226.275 362.136 85.3406 26.0665 187.459 7.98269 16.5933 34.0148 8.83922 30.0335 8.98766 12.9734 10.3101 114.53 5.59189 12.1643 12.6005 0.256565 16.2932 17.6265 0.863957 
617.624 661.257 298.283 0 158.155 398.004 25.3001 667.019 518.5 13.9985 203.856 72.442 57.3494 0.0166047 3.26843 0.220729 439.471 72.2697 35.4161 37.1332 181.114 9.82661 12.3191 11.0461 413.491 35.3423 12.3629 4.23469 
53.3989 506.589 185.653 2.85083 0 428.635 307.739 221.704 21.3555 96.7123 159.731 90.0831 91.4112 41.7359 6.37059 39.6128 0.186746 129.315 117.342 86.0068 74.9791 9.16301 23.7143 10.767 0.460058 12.7389 5.38198 23.9132 
434.208 606.882 42.082 411.652 724.728 0 803.162 36.599 807.691 548.161 16.3821 41.398 102.93 3.32734 33.8157 8.63593 442.986 14.0193 83.5172 23.045 73.3082 9.40107 9.03765 16.5746 404.04 25.4495 20.2062 1.89902 
90.0037 183.073 26.4101 203.215 2.04194 15.0306 0 372.946 411.5 498.303 226.598 13.4203 198.855 38.5746 121.217 91.3001 60.2535 46.9017 2.2569 33.7112 11.429 49.2326 60.9469 5.23168 85.6291 48.0937 52.5033 39.3059 
152.336 274.485 17.0909 94.6153 222.805 206.146 401.359 0 67.8452 217.084 313.181 647.182 144.311 119.035 175.801 258.989 9.18712 16.5344 26.1337 56.6111 207.48 15.4955 11.9417 11.6642 134.195 59.0413 5.39282 2.01298 
461.085 600.381 132.273 576.272 304.56 871.463 1203.1 486.388 0 19.0556 931.956 1.50789 109.37 90.6045 166.548 13.9374 408.181 120.786 139.711 12.0994 0.00839234 0.201618 50.9731 62.4384 443.337 30.7368 0.231029 85.5058 
51.0583 211.17 104.532 104.717 147.179 191.488 12.5144 65.7849 199.855 0 484.811 0.614731 139.096 9.78608 130.698 26.9742 60.5716 0.744546 49.1464 5.30711 0.638242 25.7848 17.5823 0.837081 22.672 46.1764 2.79909 0.543061 
118.493 232.672 233.716 73.2405 12.3116 114.736 117.511 34.6711 921.085 238.059 0 497.05 252.46 98.8836 312.304 3.9103 9.16812 103.978 128.87 76.6396 3.18281 69.207 17.5301 26.9775 143.053 38.8559 22.0642 105.272 
2.19233 74.4677 48.1531 0.47107 103.302 0.912077 105.113 284.272 402.169 199.39 392.827 0 105.519 2.76884 264.891 200.23 68.488 88.6238 0.24672 63.693 154.271 65.0483 48.8714 177.231 192.439 25.7774 118.919 172.942 
9.06939 133.547 9.1046 72.4122 140.922 88.6453 12.431 5.96658 67.2505 237.07 133.091 2.43315 0 43.1154 117.609 3.67656 2.47049 85.2703 54.2854 0.84551 55.6104 57.0881 15.948 45.3978 48.0367 12.5838 18.8798 36.0745 
53.5812 0.101932 9.86643 22.4704 3.71124 1.3536 50.4089 37.1791 65.4932 81.4748 0.00243554 148.347 152.345 0 33.3986 13.5175 22.044 50.7109 20.7316 3.20949 7.73118 9.76186 4.94874 2.74854 4.26583 1.16497 2.58939 11.6972 
59.6837 27.4163 22.0295 1.64196 58.4626 4.48017 96.4108 3.85302 96.4761 0.00399696 374.476 58.257 114.695 6.12625 0 88.1067 24.0446 16.9515 30.4847 0.702163 9.3543 0 18.6642 0.281037 15.1413 6.99434 19.5857 13.2086 
39.2384 84.1887 9.83523 11.7984 42.5556 27.1967 61.966 34.1663 145.341 12.3653 3.21859 139.519 39.5767 16.837 63.0056 0 18.6943 33.9845 9.5427 8.34793 30.4843 9.35878 12.2878 27.6117 35.1145 32.7638 14.1867 3.20379 
397.103 524.007 52.9383 426.004 46.7405 441.134 17.7361 15.5671 424.396 62.3889 41.7437 10.2944 15.9906 2.56355 10.2612 26.1447 0 50.0367 109.277 11.1277 16.3533 1.73623 18.9001 12.8925 396.39 3.07037 21.7617 1.93127 
18.3264 344.218 162.569 5.47704 1.28431 123.245 27.5667 54.3536 203.739 0.0542043 3.92779 95.7427 79.8286 39.8962 42.842 0.0309548 25.4352 0 20.8809 47.0453 52.3157 35.5116 33.4736 42.5948 58.4749 0.013841 3.11038 37.7376 
0.327459 12.9803 11.6464 9.4274 122.584 26.5361 9.4274 5.61795 125.744 1.7469 121.229 64.5495 1.14659 0.0260311 24.5822 3.75175 194.891 40.6154 0 1.56353 2.33449 14.6395 23.1207 23.8705 4.06598 13.9807 17.7416 7.61142 
17.4811 75.6813 25.0006 36.8315 69.908 24.2014 40.4706 36.9818 103.672 44.4634 31.1893 19.5269 40.93 0.0141392 11.6166 6.08969 22.4127 38.9069 16.2002 0 299.852 0.776877 1.09671 0.0688312 6.57388 2.85805 8.16443 9.82247 
64.5424 163.807 121.229 149.076 106.614 45.9771 25.2374 178.402 0.0382089 7.20681 113.263 12.0296 1.91229 29.4206 0.458362 55.1067 41.8785 68.4933 29.8253 172.631 0 16.6479 0.0171491 47.1191 10.0098 10.1709 0.681542 18.8907 
18.8606 37.3852 4.08986 1.62968 37.9972 0.0534704 50.7056 65.0998 0.0253141 37.9227 47.1399 75.9498 89.9182 6.04378 17.5341 11.8353 7.48368 42.1078 16.2483 6.35789 0.134266 0 0.416082 14.0024 11.0799 3.17063 7.80747 8.76069 
2.85707 9.33118 6.05325 0.032118 2.65566 6.90927 7.88342 2.34562 25.1425 49.2607 129.12 27.0587 23.6239 5.92522 24.2317 11.2828 15.5073 12.8531 3.85476 1.33079 0.0670774 0.452057 0 4.22897 18.6086 0.928536 2.66718 2.83202 
12.6716 55.4791 5.61391 13.2804 51.5849 14.4737 44.0857 54.2781 100.029 49.7562 45.7782 181.189 27.527 0.228666 5.81843 0.501813 0.00170272 2.39959 21.7299 3.03642 43.7094 3.62823 18.9064 0 20.92 14.2176 13.3196 1.90294 
470.877 433.261 18.6039 397.65 0.458259 422.764 17.5354 153.277 466.578 26.1653 48.0016 379.17 8.02238 2.61061 12.6611 82.8463 424.038 59.4486 18.595 8.84256 0.539527 86.6406 22.3137 5.7359 0 66.8304 155.992 101.812 
15.0209 5.69895 0.0589371 31.4776 61.5882 9.30912 0.110669 41.9462 0.0528223 72.4833 31.0345 396.157 54.9477 13.0341 14.4191 32.5685 8.24521 0.0708907 11.1888 5.54445 4.559 0.135585 4.97967 11.3439 37.4033 0 35.9454 47.7762 
1.39072 21.3365 17.7483 5.5104 0.173818 16.3071 60.5612 10.4183 78.9212 47.7218 0.0533959 8.17787 11.2992 6.69962 13.0371 15.3411 0.00893609 20.2121 24.2839 8.85402 34.0098 7.62279 6.87306 15.8572 44.1216 35.8717 0 89.7632 
39.1017 0.260329 0.350021 31.9115 8.00364 13.6618 19.8913 66.1127 82.5956 1.54117 74.6156 57.3592 4.49416 11.4445 22.7285 7.22957 1.46061 41.5722 25.8069 11.4926 50.9674 0.0104639 0.287809 0.258674 1.76627 51.5499 32.5683 0 
