0 449.928 207.372 647.044 20.4712 545.319 203.861 187.407 692.309 146.655 0.249239 82.2698 95.0356 50.152 1.71026 80.0579 536.258 115.57 68.5307 280.156 242.964 40.2223 13.0294 54.1707 451.434 76.2597 31.3514 1.97859 
458.955 0 466.282 724.974 370.501 453.438 168.53 121.059 513.813 231.646 233.651 89.7408 143.264 71.2616 71.6033 0.0293741 489.02 124.937 138.492 112.39 178.331 20.7286 6.14809 25.698 511.933 33.7863 13.746 46.4781 
60.527 7.90787 0 280.321 141.665 66.6762 204.367 215.094 394.69 82.1334 19.8615 186.417 7.07793 16.5217 34.0645 8.241 31.1799 11.8393 11.8413 9.58223 116.778 5.44625 12.2379 12.8204 0.379926 15.6522 17.7718 1.01255 
695.699 699.894 339.563 0 159.961 450.974 31.0075 882.672 554.62 12.1523 203.338 82.8507 58.4149 0.00130953 2.77153 0.444944 492.165 76.529 36.6559 38.4499 77.8114 9.64316 12.6244 11.5783 468.115 36.3292 11.9657 3.83201 
45.7095 519.82 183.431 1.61715 0 446.164 329.481 222.446 14.96 82.2763 167.343 93.8133 86.7203 42.9631 7.43616 40.9604 0.573909 122.158 132.562 87.2379 72.6087 9.72991 22.9158 10.1566 0.309389 11.866 5.06095 23.2031 
491.542 652.562 39.3234 467.189 536.347 0 357.688 30.7022 831.947 276.969 10.7026 45.3526 584.976 2.97478 34.766 9.23124 497.454 16.1332 81.9291 22.8173 72.685 9.72942 9.32359 16.4057 457.19 25.123 20.1922 1.71381 
99.393 149.785 35.4055 203.343 0.0646056 90.5991 0 361.021 602.621 484.672 199.458 9.73904 194.556 36.2542 117.823 89.5661 58.2012 41.3461 1.36212 31.6711 9.94051 48.4568 61.9072 4.58962 86.5333 45.8193 51.9588 38.1089 
163.864 279.178 24.4027 114.262 223.038 209.081 394.778 0 97.9888 214.626 302.007 538.239 143.333 117.43 172.779 259.919 10.051 18.7859 27.8185 53.9241 207.886 16.2363 10.5968 13.8934 127.797 50.2593 4.60563 2.90885 
522.127 634.773 170.241 648.111 314.351 922.15 1283.29 444.602 0 11.5622 944.029 4.2769 114.811 86.862 161.447 11.4232 460.653 115.25 141.764 10.7283 0.161551 0.113316 48.8217 60.4784 499.846 33.9607 0.124764 86.7509 
54.706 216.718 102.406 105.453 163.425 130.364 26.9962 59.9435 180.503 0 520.166 1.65019 157.802 11.3493 128.973 29.3884 59.2678 1.26195 52.1897 5.8935 0.909989 24.6783 16.4732 0.584517 24.0063 47.8461 2.51665 0.379025 
113.979 238.056 236.963 80.024 15.8585 101.865 94.9366 43.5858 945.1 192.799 0 484.55 253.559 108.207 284.667 7.01336 8.39111 107.26 129.074 77.5497 2.44903 68.4105 15.1238 24.3111 141.841 43.3744 23.2372 106.158 
3.59967 69.0913 53.8843 0.000364036 99.6017 1.70504 114.209 191.591 399.607 193.028 415.977 0 102.383 4.41009 259.221 248.137 69.4187 85.9938 0.121608 61.9494 152.306 64.227 52.1233 173.816 206.859 42.5584 119.52 174.348 
8.06128 135.462 10.1104 72.1504 137.026 105.17 9.36149 7.13532 72.4263 219.648 141.421 1.69229 0 50.5847 116.481 4.63097 2.15515 86.5754 55.712 1.01206 54.7428 59.444 13.8829 43.8696 47.4203 11.841 19.2978 36.5222 
53.4375 0.222716 10.2252 22.6194 3.17063 1.12183 52.787 40.1954 61.3232 80.5883 0.473131 144.641 149.341 0 39.6169 14.4288 22.0669 50.3733 21.0425 3.15419 7.30134 9.91249 4.23325 2.39124 3.9485 1.3458 2.7175 11.6345 
58.7009 25.5191 21.1136 1.28886 56.4531 3.7451 92.0425 2.23362 87.6456 0.260368 355.351 47.1902 116.159 10.3951 0 84.5446 24.3292 17.8917 30.9565 0.626985 9.98834 0.00620633 17.6888 0.541885 15.9575 6.21946 19.6547 12.7473 
40.9764 83.8743 10.4544 10.6582 41.2134 27.092 59.4141 25.7231 147.135 10.6333 6.08158 184.647 41.7833 16.1145 53.7412 0 18.424 34.8945 9.92308 8.45187 31.5477 9.52817 12.1629 26.6789 35.6909 32.8572 14.4727 3.59806 
450.39 580.4 52.4178 480.658 43.0656 495.659 19.2763 16.644 479.655 61.1164 40.4109 9.5768 16.7292 2.71612 9.92341 26.1332 0 61.144 225.168 11.5987 15.6245 1.6345 18.8573 13.0886 450.035 3.26326 21.6982 1.81144 
14.4412 305.43 163.1 3.97342 0.444437 122.655 23.1541 57.8659 200.756 0.244105 2.98043 93.163 78.381 40.5269 41.7877 0.00352019 18.0185 0 18.2883 48.8719 50.2529 35.1994 33.9235 42.2137 58.2412 3.50032e-05 3.3349 38.2484 
0.116041 10.4345 12.7717 8.5488 137.889 23.9919 11.5338 4.79345 122.923 2.55266 120.008 65.9673 0.829737 0.00845907 24.0162 3.48804 183.554 37.2403 0 1.33891 2.68934 14.9059 23.1165 23.902 4.30997 14.3587 17.5501 7.36709 
24.6357 70.8668 24.5373 38.1614 71.7911 24.2594 42.6001 39.5043 104.356 45.2548 29.7937 18.0814 41.1782 0.00850986 11.6534 6.23703 21.9366 40.7341 15.6294 0 280.375 0.739924 1.13685 0.0863406 6.766 3.01457 8.26129 9.91852 
57.0617 161.259 122.776 140.283 104.704 44.6211 23.1139 174.641 0.255763 6.42298 115.55 13.8606 2.21861 29.9667 0.621197 55.7981 41.0364 66.4081 28.8713 201.747 0 16.929 0.0414279 47.2795 10.6808 10.9275 0.800897 18.2745 
19.2853 37.9441 4.22785 1.74113 38.7126 0.0251768 49.9607 65.4054 0.00217049 39.0078 48.3083 75.7182 89.4936 5.79157 17.5069 11.8742 7.664 42.0413 16.5068 6.36581 0.172531 0 0.2648 13.9311 11.4133 3.29257 7.66932 8.67987 
3.16697 8.72547 6.26611 0.0114644 2.32277 6.62596 7.06988 3.03185 23.3128 48.2812 127.69 29.8281 21.2193 5.21714 24.6214 11.0074 15.6464 13.3232 4.05023 1.3732 0.0347547 0.293796 0 5.76012 17.9807 1.04699 2.49418 2.96462 
13.443 54.889 5.34618 13.8187 52.016 14.7116 45.3196 58.0652 99.8092 48.8422 49.0006 183.454 25.9856 0.123036 4.95305 1.07128 7.51751e-06 2.65676 21.8804 2.95669 43.3411 3.93165 17.7323 0 23.0137 14.5085 12.9588 1.73626 
524.318 485.512 19.1581 451.642 0.63816 476.098 16.0982 158.687 517.203 27.5432 51.6942 258.7 7.42236 2.34853 13.4657 74.9803 477.633 59.3339 18.2452 8.65722 0.384906 80.9255 23.2561 8.45996 0 95.4036 157.113 49.4083 
13.7782 4.91616 0.134183 32.5934 60.8007 8.77748 0.0108934 50.199 0.00856635 71.6895 35.2174 388.284 54.8147 13.0256 13.478 32.2474 8.5232 0.0238666 10.8252 5.3629 4.04792 0.166838 4.77795 11.7312 38.0052 0 35.3908 44.5646 
1.19537 21.9653 17.8888 5.83365 0.241147 16.5001 60.5412 11.5484 79.13 47.7176 0.00766763 9.54179 11.6795 6.84782 12.7479 15.5983 0.0176414 20.6455 24.3084 8.76503 34.4004 7.48385 7.09294 15.5565 41.9495 36.3726 0 87.1695 
38.2234 0.156008 0.263921 32.1282 7.50933 13.3232 18.8356 62.749 83.9435 1.25698 72.5137 52.079 4.15991 11.5231 22.5659 7.74948 1.56929 42.0249 25.9104 11.4792 50.8782 0.0182671 0.241088 0.329501 1.67673 54.2443 26.889 0 
