0 384.567 203.335 578.497 65.2654 366.897 247.922 114.476 455.047 131.431 6.70355 122.303 102.072 47.0329 0.113646 76.8189 346.455 163.358 83.7071 185.534 237.754 40.3981 9.58351 50.7925 255.874 79.0992 35.1459 0.44714 
331.684 0 348.358 563.518 144.6 259.969 14.5083 62.6989 423.474 242.204 191.729 55.5228 132.857 69.7945 82.4604 1.04799 270.549 592.595 109.713 132.797 170.239 24.7039 3.26592 31.7146 319.451 24.0637 17.4475 40.9342 
127.762 122.615 0 133.229 94.1249 62.6288 123.622 130.761 465.369 59.8763 0.0272789 169.937 2.51042 15.7041 33.1401 4.73725 38.2824 37.7121 5.64493 5.32478 126.09 4.53085 12.5448 14.0619 1.715 11.5218 18.5611 2.21668 
594.336 382.473 89.5631 0 163.396 251.446 76.6194 547.77 269.915 3.25943 189.054 154.244 64.4928 0.307285 0.536687 3.62659 286.996 102.831 44.2898 45.1453 303.968 8.46173 14.4868 15.0064 275.728 41.5005 9.48011 1.69728 
9.53015 488.906 155.857 1.96668 0 287.469 425.112 220.255 1.08374 14.1697 211.681 117.202 57.4798 50.4995 15.9087 49.3854 7.91616 77.2013 227.398 93.0757 57.4053 13.6478 17.9481 6.60792 0.0504891 6.91694 3.22383 18.7684 
317.94 387.26 21.5551 281.885 440.804 0 1000.27 4.57103 393.189 850.057 3.18395 72.5622 348.362 1.14773 39.5704 13.2017 303.239 32.3022 68.7048 20.9724 67.7211 11.8241 11.1029 15.1387 255.548 22.6243 19.9616 0.744328 
161.52 8.57801 112.571 188.667 50.5285 921 0 257.542 1282.36 298.347 52.8475 0.158477 159.648 22.3661 92.2212 76.4871 45.1137 13.2218 0.965515 19.5774 2.79967 43.1838 67.1616 1.44719 90.6881 31.692 48.1506 30.4865 
233.524 294.151 94.2017 374.714 217.613 213.741 316.541 0 364.374 191.254 217.453 15.6312 134.758 103.967 145.16 234.852 16.3404 35.9477 39.332 37.243 204.264 21.221 3.78524 31.8326 84.7095 9.10213 1.0148 12.2772 
375.084 324.148 409.024 547.047 353.011 569.349 599.164 163.131 0 8.16618 1238.56 53.06 148.112 61.7899 252.013 1.13523 255.705 80.1673 151.571 3.80091 5.62392 0.145571 35.343 47.7058 319.868 56.6874 0.21252 93.4724 
78.9634 239.709 84.9806 106.698 261.303 58.3169 216.682 27.5612 67.9328 0 596.652 19.6089 269.631 23.3738 109.829 45.7207 50.5385 7.66763 71.8563 10.2403 3.75081 17.863 10.007 0.0400128 32.8724 57.911 1.05584 0.0259338 
84.7195 262.343 236.111 124.391 47.6432 32.0083 4.7135 118.338 595.929 6.08114 0 351.646 247.694 164.493 93.8025 45.556 4.19009 127.204 128.185 82.3995 0.0246529 62.7298 3.71319 10.1053 129.687 75.1384 31.1256 109.8 
20.3345 38.0075 93.7212 19.9404 75.8563 12.3174 173.451 57.4984 352.007 146.911 511.504 0 81.6786 23.0903 196.35 482.529 74.9349 69.0496 0.355873 50.4681 137.241 58.4845 73.2406 142.398 56.069 211.775 120.712 174.709 
2.96408 144.795 17.4913 69.4101 109.533 156.685 0.0008692 16.84 106.857 102.157 191.655 0.130253 0 101.704 103.238 13.0162 0.640846 94.0861 64.3831 2.41307 49.0028 73.2071 3.78946 33.827 43.0685 7.52038 21.9626 39.1592 
51.9408 2.07606 12.4031 23.1793 0.702482 0.146367 67.484 60.5517 36.2354 72.2219 21.9217 115.082 114.025 0 62.0041 18.6386 22.0951 47.8182 22.8985 2.79197 4.80337 10.6361 0.590225 0.615248 2.14865 2.75099 3.58083 11.0908 
51.7821 14.5963 15.0898 0.0364294 43.393 0.553582 62.8988 2.29335 37.9438 11.012 175.186 2.75525 118.987 47.9076 0 31.5965 26.0169 24.2403 33.6965 0.244155 14.3979 0.339464 10.9077 4.04674 21.0599 2.19705 19.8804 9.7936 
51.9068 80.2756 14.4595 4.4722 32.6046 25.7561 42.9515 0.00792507 152.424 2.48332 43.3437 454.248 55.6399 10.2213 3.25793 0 16.6386 40.5884 12.4303 9.02638 38.2851 10.5005 10.6915 17.2975 37.6401 30.6993 16.1356 6.50597 
251.278 395.512 48.1467 288.261 22.2125 301.867 30.1922 24.1532 291.867 52.5337 32.0843 5.55277 21.6771 3.77608 7.84303 25.9004 0 145.633 109.774 14.6985 11.2683 1.05279 18.509 14.3152 251.452 4.60987 21.2284 1.13135 
0.43328 153.662 156.711 0.0621058 5.3306 115.106 3.70609 81.3797 176.59 4.62899 0.00700169 76.3307 68.617 44.2958 34.9322 0.468288 1.02024 0 5.51045 60.1914 37.4939 33.0812 36.6441 39.5476 56.2948 0.499891 4.934 41.3454 
1.29311 0.639184 20.7428 3.85289 231.955 10.1077 29.2506 1.0443 102.953 11.0813 110.415 74.646 0.0130981 0.123077 20.3217 2.01013 126.984 18.3914 0 0.308729 5.50997 16.5784 22.9526 23.9679 6.00201 16.7762 16.2914 5.87012 
94.5218 41.0729 20.887 44.9691 82.4808 24.163 56.2414 56.3303 106.604 49.7829 21.3108 9.95159 42.4289 0.00610202 11.7842 7.13888 18.8148 52.3907 12.0703 0 105.811 0.52298 1.40275 0.243582 7.989 4.07266 8.85161 10.4737 
18.4279 141.224 127.192 198.416 91.4343 35.8561 11.4797 146.835 6.11919 2.44077 128.767 28.1699 4.68465 33.3233 2.22817 59.5298 35.5822 53.0739 22.9351 328.221 0 18.7166 0.44342 47.916 15.3395 16.2254 1.78286 14.4644 
21.9982 41.3313 5.1322 2.52682 43.0869 0.0929346 44.8532 66.8471 0.45033 45.6052 55.5307 73.4849 83.7748 4.18719 17.042 11.9535 8.83478 41.4239 18.1124 6.3924 0.528514 0 0.106154 13.1051 13.7096 4.09811 6.7759 8.13235 
5.48286 5.27374 7.6156 0.124899 0.711734 4.8777 2.85471 9.35031 12.9212 41.3991 114.454 49.3419 8.37143 1.1468 24.9641 8.7442 16.4824 16.4285 5.38317 1.65081 0.0767395 0.0889254 0 16.6388 13.5681 1.94271 1.50352 3.84802 
18.7041 50.621 3.72626 17.1996 54.3206 16.0678 52.8555 82.5671 96.5463 42.4055 70.1857 185.705 16.7133 0.218384 0.933978 8.87632 0.0804292 4.58157 22.727 2.45303 40.6824 6.01097 7.0836 0 35.7817 15.973 10.5538 0.836299 
323.161 278.066 22.4542 256.158 2.47037 275.033 8.16577 184.957 299.305 36.5553 76.2434 592.579 4.08267 0.970258 18.6527 28.3772 278.453 58.1259 15.9846 7.44827 0.0121734 30.0201 28.546 34.2014 0 25.4906 135.693 75.6563 
6.93394 1.24368 1.31641 38.839 55.1756 5.62077 1.82132 112.23 4.57672 65.1098 65.6442 252.31 53.2994 12.6356 7.79011 27.6691 10.3512 0.312328 8.57767 4.2251 1.47434 0.440426 3.51795 13.9647 40.3171 0 30.5316 22.0993 
0.292904 26.0349 18.646 8.04324 0.927067 17.6379 59.9294 19.8817 79.7013 47.3167 0.685176 20.3782 14.1857 7.76963 10.8516 17.0458 0.142127 23.4219 24.3769 8.16711 36.7597 6.5875 8.47836 13.4325 26.8991 38.0049 0 57.0126 
32.4874 0.116779 0.000196579 32.9928 4.68278 11.1352 12.5898 41.9111 91.4035 0.12096 58.5721 22.8061 2.30867 11.8777 21.1375 11.2184 2.34688 44.7059 26.4483 11.3175 49.9379 0.118692 0.0394686 0.97382 2.72672 63.5869 2.05529 0 
