0 592.775 197.979 750.62 75.3229 530.894 253.47 101.779 607.645 128.072 8.77265 129.579 103.11 46.3834 0.0258699 75.929 508.857 171.407 86.2797 168.191 234.216 40.391 9.00184 50.0808 417.693 79.3352 35.8098 0.285667 
532.846 0 295.574 720.937 108.735 426.927 4.08829 53.5365 606.567 241.461 182.99 49.8834 130.462 69.332 84.1596 1.53375 428.63 586.722 104.036 135.346 167.905 25.4282 2.83531 32.8056 481.491 22.4037 18.1427 39.8962 
139.751 175.147 0 84.0898 85.138 60.9274 107.877 114.796 448.824 55.6987 0.38652 165.297 1.92266 15.4928 32.7497 4.1798 39.5024 43.5433 4.74064 4.65213 126.773 4.36901 12.5695 14.2533 2.0528 10.7862 18.6772 2.47885 
757.847 521.483 125.817 0 162.495 413.006 85.9672 1157.94 422.273 2.23444 184.58 166.994 65.4424 0.436148 0.315514 4.5018 446.833 107.246 45.5936 45.9828 545.912 8.24746 14.8035 15.6207 437.915 42.1958 9.04424 1.39768 
5.75468 463.213 148.772 3.54375 0 252.62 432.076 218.592 3.7265 7.56522 218.597 121.272 52.483 51.7878 17.7171 50.8536 10.102 69.5365 242.164 93.7343 54.6832 14.4054 17.0824 6.0363 0.133823 6.14776 2.93265 17.9907 
483.639 534.67 18.5633 445.493 496.829 0 1202.79 2.26165 514.283 506.138 7.2581 77.6765 579.066 0.903213 40.1733 13.9339 464.955 35.6318 65.847 20.5725 66.6545 12.1982 11.4117 14.8777 416.128 22.1043 19.8942 0.610135 
172.501 1.28656 128.349 183.346 70.0258 894.62 0 235.602 1184.1 254.556 34.8617 1.07466 152.246 20.0922 87.0772 73.8164 42.7869 9.69458 1.87657 17.6116 1.96646 42.1808 67.9355 1.06345 91.1272 29.2692 47.4062 29.1284 
244.63 293.961 109.7 373.118 215.386 211.936 297.088 0 416.252 185.766 200.734 3.07015e-05 132.804 101.011 138.892 225.115 17.6095 39.505 41.5262 34.3837 202.481 22.1623 2.90511 35.6507 76.9276 5.04206 0.639546 14.5985 
545.885 468.936 437.669 719.978 355.098 686.07 380.466 119.992 0 15.8096 1403.01 66.9422 153.682 57.1901 219.888 0.410388 415.88 74.0504 152.695 2.90918 7.41647 0.261306 33.0008 45.3898 484.314 61.0613 0.369594 94.4434 
83.4117 241.345 81.2572 106.278 276.09 118.473 260.553 22.8263 51.8054 0 579.365 24.8049 285.64 25.8506 105.093 48.7387 48.9057 9.37429 75.3587 11.1268 4.4628 16.6952 8.9726 0.140232 34.5116 59.5805 0.856903 0.0908887 
79.4772 264.692 231.992 132.197 54.8492 22.91 0.553069 134.254 539.73 0.0624883 0 320.853 244.307 173.232 65.3611 55.3709 3.57752 130.563 127.623 83.0879 0.00964138 61.6035 2.44697 8.1318 126.744 81.1719 32.6101 110.074 
24.6883 33.1483 101.156 27.4771 71.6218 15.1947 183.877 129.33 338.296 137.928 516.973 0 77.8806 27.8093 181.36 494.417 75.8462 65.9993 0.588385 48.3606 134.101 57.3644 77.0102 135.292 53.0739 246.235 120.435 173.182 
2.30153 145.912 18.9784 68.7245 104.227 150.187 0.272595 18.9798 113.146 82.7109 199.769 0.437445 0 110.493 99.8533 14.9097 0.461256 95.2775 65.8491 2.72661 47.9352 75.3795 2.60871 31.999 42.2134 6.82618 22.4411 39.5917 
51.5661 2.60594 12.7678 23.2066 0.443948 0.0670837 69.9814 64.3272 32.1533 70.2617 28.8789 108.92 105.415 0 61.0427 19.0124 22.0784 47.2864 23.2076 2.72523 4.40055 10.7199 0.258061 0.40932 1.87194 3.04515 3.74405 10.9672 
50.4305 12.8829 14.0051 0.000364565 41.0374 0.275288 57.638 4.22108 30.8522 14.5105 140.156 0.466196 118.269 53.5078 0 21.3837 26.2961 25.4392 34.1365 0.19346 15.2542 0.452935 9.67734 4.97757 21.9352 1.66994 19.8812 9.26727 
53.8119 79.3432 15.1728 3.59973 31.0632 25.3972 40.0245 1.07514 152.206 1.59799 52.9937 479.625 58.0276 9.04719 0.395272 0 16.3068 41.586 12.8945 9.11265 39.4782 10.6539 10.316 15.244 37.6531 29.8319 16.402 7.09021 
412.613 558.308 47.2141 450.419 19.0368 463.67 32.335 25.6145 454.99 50.9174 30.6261 4.9336 22.6074 3.98257 7.48343 25.8292 0 161.829 401.922 15.2706 10.5411 0.960527 18.4324 14.5313 412.557 4.8732 21.1319 1.02458 
0.00696313 151.526 153.816 0.43016 8.06845 113.083 1.93915 85.7503 171.399 5.9907 0.0458399 73.2619 66.7749 44.9239 33.6833 0.669542 3.8584 0 3.96241 62.1356 35.2924 32.6769 37.1051 39.0259 55.8619 0.697914 5.25235 41.8716 
1.96771 0.125791 22.296 3.18743 246.357 8.13953 33.1406 0.65483 99.0635 13.2054 108.377 76.1308 0.0899742 0.185479 19.6458 1.78304 119.581 15.5788 0 0.19905 6.11818 16.874 22.8978 23.9548 6.33076 17.211 16.058 5.6124 
109.724 36.129 20.1209 45.8308 84.1239 24.0598 58.6609 59.4357 106.612 50.494 19.8753 8.70774 42.5917 0.0118562 11.7883 7.29291 18.2407 54.4562 11.4497 0 75.6904 0.487413 1.45234 0.280192 8.20753 4.27284 8.95267 10.5627 
13.5055 137.002 126.951 217.359 88.8707 34.274 9.76726 141.248 7.98075 1.91738 130.867 31.193 5.2216 33.9016 2.62059 60.07 34.5887 50.69 21.8992 332.433 0 19.0374 0.56123 47.9587 16.2427 17.2584 2.00006 13.8033 
22.4865 41.9061 5.29899 2.68177 43.8357 0.15087 43.874 67.0118 0.640627 46.7191 56.7793 72.9458 82.2194 3.90506 16.9056 11.9364 9.04925 41.2773 18.3929 6.39277 0.613259 0 0.227731 12.8912 14.1484 4.24771 6.61318 8.02803 
5.96039 4.73221 7.85475 0.19041 0.518037 4.57711 2.28462 10.8278 11.3169 40.0616 111.382 53.1032 6.605 0.668354 24.6257 8.26456 16.6235 17.0057 5.63845 1.70199 0.130094 0.202233 0 18.177 12.7305 2.12769 1.34754 4.01303 
19.7066 49.7649 3.45405 17.7895 54.6511 16.2798 54.136 86.9076 95.6231 41.1503 74.017 183.837 15.1793 0.376352 0.533065 10.8278 0.11174 4.97948 22.858 2.36362 40.1487 6.40346 5.19671 0 37.7278 16.1581 10.1081 0.70608 
483.572 437.597 22.9942 417.972 2.92449 435.604 6.98678 187.924 456.995 38.1958 80.7242 116.976 3.576 0.780847 19.572 34.833 439.4 57.8215 15.5733 7.22688 0.0587925 52.4513 29.3164 37.0343 0 37.0687 54.706 25.701 
5.91976 0.834968 1.65442 39.7683 54.0604 5.10426 2.59257 124.214 6.27102 63.6676 71.5949 218.027 52.9058 12.5048 6.8626 26.44 10.6896 0.472602 8.18787 4.02546 1.14161 0.503208 3.29906 14.3133 40.4374 0 29.445 18.2372 
0.194469 26.7761 18.7561 8.46584 1.09767 17.8248 59.7303 21.5729 79.6633 47.1759 0.985223 22.6896 14.6508 7.93044 10.5031 17.2679 0.177273 23.9233 24.373 8.05406 37.1592 6.42464 8.72249 13.0178 24.1578 37.9994 0 50.068 
31.4369 0.225382 0.00584906 33.0511 4.2362 10.7387 11.5651 38.3631 92.5211 0.043008 56.0007 18.5724 2.02855 11.9138 20.8117 11.857 2.50232 45.1493 26.5224 11.2744 49.7007 0.146096 0.0211936 1.1242 3.18579 63.5948 0.502639 0 
