0 664.517 193.689 793.376 82.2713 570.872 256.696 93.5263 639.973 125.743 10.299 134.397 103.759 45.9369 0.00187243 75.2866 547.867 176.612 87.9571 160.327 231.438 40.3796 8.62178 49.5904 456.394 79.4443 36.248 0.197947 
600.995 0 258.317 754.9 86.9683 469.793 0.677228 47.7432 659.498 240.512 177.023 46.2444 128.785 68.9909 85.2413 1.90774 464.925 37.3805 100.205 136.828 166.209 25.9112 2.56432 33.5317 520.282 21.3179 18.6099 39.1994 
147.49 212.323 0 55.6853 79.188 59.6454 97.5152 104.318 433.096 52.9165 1.31218 161.954 1.57322 15.3418 32.4532 3.82369 40.3012 47.5778 4.17812 4.22392 127.052 4.26188 12.5806 14.3749 2.29346 10.3006 18.7499 2.66072 
794.724 545.462 129.097 0 161.637 451.611 92.281 685.487 456.052 1.65628 181.308 175.291 66.0479 0.534314 0.200298 5.13141 484.176 110.105 46.4461 46.4699 452.564 8.10466 15.0107 16.0275 476.823 42.6144 8.75659 1.21342 
3.75423 443.287 143.77 4.84499 0 235.706 434.716 217.274 6.35568 4.28329 222.973 123.946 49.2257 52.6311 18.9642 51.8198 11.6962 64.5565 251.307 94.103 52.8792 14.9181 16.512 5.66792 0.211461 5.65793 2.74568 17.4773 
524.883 563.693 16.6456 485.358 952.309 0 1283.47 1.16523 528.501 945.018 10.8642 81.0915 32.5594 0.755803 40.5258 14.4217 503.528 37.9053 63.8808 20.2957 65.9169 12.4462 11.6147 14.6988 453.982 21.7476 19.845 0.527894 
179.673 0.00445638 138.852 179.397 84.4318 835.697 0 220.758 1082.23 225.28 24.8012 2.13627 147.177 18.6266 83.597 71.9949 41.2478 7.63461 2.64825 16.3457 1.4915 41.5052 68.4197 0.839943 91.3653 27.6852 46.9013 28.229 
251.663 293.333 120.261 374.735 213.698 210.29 283.496 0 449.725 181.923 189.518 7.02021 131.437 98.9651 134.546 217.884 18.4761 41.9439 43.0037 32.5148 201.106 22.7957 2.38124 38.2742 71.8099 2.9852 0.437023 16.2436 
590.542 497.207 452.422 764.759 355.608 693.818 251.34 94.1404 0 22.2277 1471.04 76.9074 157.29 54.1397 211.835 0.127381 453.497 70.039 153.33 2.37908 8.74305 0.357051 31.4627 43.8511 524.722 64.0004 0.498169 95.0466 
86.3688 241.984 78.7019 105.89 285.181 166.506 289.78 19.8907 42.0906 0 562.792 28.568 295.192 27.5402 101.764 50.7446 47.8111 10.6006 77.6688 11.7332 4.97012 15.9304 8.30905 0.240742 35.6061 60.6622 0.735597 0.156056 
76.0106 265.89 228.608 137.299 59.8582 17.6175 0.0440974 145.111 503.524 1.51158 0 299.764 241.674 178.687 48.7468 62.2725 3.19501 132.75 127.181 83.5133 0.0719967 60.8375 1.74656 6.92768 124.668 85.2021 33.6075 110.191 
27.7958 30.0621 106.091 33.0864 68.8214 17.2619 190.699 190.6 328.436 131.892 518.406 0 75.3503 31.1487 171.008 495.486 76.438 63.9746 0.775484 46.9553 131.946 56.6053 79.4971 130.377 63.7628 268.487 120.167 171.9 
1.90542 146.556 19.9916 68.2365 100.658 145.085 0.791128 20.4669 117.318 70.5179 204.948 0.742194 0 116.1 97.4537 16.2277 0.357782 96.0413 66.8059 2.94555 47.2193 76.7621 1.94039 30.7849 41.6331 6.37945 22.7591 39.872 
51.2992 2.99125 13.0047 23.2122 0.30422 0.0311585 71.6084 66.8427 29.5347 68.8889 33.9617 104.721 99.4486 0 59.4725 19.1854 22.0636 46.9207 23.4087 2.68061 4.14075 10.7674 0.110432 0.294425 1.69674 3.247 3.85388 10.8808 
49.5151 11.7911 13.2886 0.00910941 39.4756 0.142961 54.1712 5.82183 26.5421 17.0762 117.844 0.000889671 117.583 56.5667 0 15.3539 26.4775 26.2452 34.4198 0.162886 15.8339 0.537396 8.87252 5.63983 22.5064 1.35647 19.8749 8.9192 
55.0638 78.6762 15.6434 3.06606 30.0415 25.1392 38.0947 2.77869 151.86 1.11409 59.7993 490.143 59.5876 8.26859 0.0262672 0 16.0843 42.2443 13.2053 9.16701 40.267 10.7519 10.05 13.8658 37.6023 29.1814 16.5731 7.48737 
451.019 597.492 46.5678 489.306 17.0373 502.303 33.7875 26.6045 494.541 49.8321 29.6639 4.53997 23.2327 4.12261 7.24682 25.7769 0 172.51 92.9394 15.6533 10.0673 0.901257 18.3791 14.6743 450.756 5.05192 21.0657 0.956211 
0.089921 146.88 151.611 0.858476 10.1957 111.632 1.07431 88.6716 167.819 6.99159 0.170233 71.2182 65.5367 45.3327 32.8512 0.823398 6.74484 0 3.06854 63.4082 33.8471 32.404 37.4067 38.6718 55.5599 0.848015 5.46938 42.2163 
2.49437 0.00335168 23.3449 2.77703 255.225 6.93461 35.8322 0.445199 96.4371 14.7118 106.971 77.1041 0.179433 0.234108 19.1948 1.63873 114.736 13.819 0 0.139195 6.53972 17.0697 22.8571 23.9419 6.55355 17.5001 15.9014 5.44292 
119.938 32.95 19.596 46.3346 85.1638 23.9766 60.2574 61.5054 106.549 50.9481 18.938 7.9202 42.6892 0.0167405 11.7877 7.39383 17.8572 55.8198 11.041 0 57.6244 0.464338 1.48561 0.30595 8.35251 4.40752 9.01898 10.62 
10.6252 134.102 126.611 225.665 87.1392 33.223 8.69703 137.451 9.35241 1.60286 132.212 33.2742 5.59454 34.2817 2.89901 60.4062 33.9261 49.1098 21.2161 331.411 0 19.2507 0.647349 47.9747 16.8538 17.958 2.15142 13.368 
22.8112 42.2823 5.4106 2.78712 44.3268 0.197191 43.2131 67.1051 0.785879 47.4457 57.6 72.5642 81.1008 3.71937 16.8061 11.9198 9.19261 41.1737 18.578 6.39226 0.673173 0 0.333808 12.7384 14.4436 4.34798 6.50462 7.95764 
6.28816 4.38608 8.01288 0.241651 0.405822 4.37998 1.93875 11.8658 10.2993 39.1578 109.234 55.6323 5.535 0.416276 24.3345 7.93698 16.7157 17.3927 5.81084 1.73624 0.173414 0.302882 0 19.0364 12.1711 2.25447 1.24779 4.1237 
20.3821 49.1811 3.2767 18.1775 54.8562 16.4151 54.9728 89.7626 94.9534 40.3012 76.5533 182.215 14.1866 0.504401 0.326855 12.1735 0.135447 5.25289 22.9415 2.3044 39.7846 6.66632 4.04938 0 38.9255 16.2671 9.81028 0.625072 
521.27 474.753 23.343 456.665 3.24753 473.433 6.2478 189.567 492.943 39.2868 83.6963 420.999 3.25563 0.665459 20.1773 41.4083 477.484 57.6042 15.2991 7.0791 0.109247 67.7914 29.7908 38.2191 0 55.8511 36.2204 21.3522 
5.28474 0.607179 1.89975 40.3485 53.3022 4.77071 3.17996 132.17 7.54118 62.668 75.5984 194.8 52.6237 12.4078 6.26777 25.5664 10.9163 0.59767 7.93119 3.89369 0.942967 0.547267 3.15522 14.5346 40.4657 0 28.6919 15.7872 
0.139967 27.2706 18.8247 8.75094 1.2192 17.946 59.5827 22.7281 79.6139 47.0705 1.21504 24.2834 14.9625 8.03646 10.2703 17.4087 0.202837 24.2572 24.3675 7.97789 37.4206 6.31606 8.88371 12.7372 22.3601 37.9439 0 45.3826 
30.736 0.317365 0.0187134 33.073 3.94992 10.4749 10.9018 36.0504 93.2241 0.0129387 54.285 15.964 1.85142 11.9331 20.5838 12.2821 2.60842 45.4374 26.5679 11.2433 49.5314 0.165922 0.0121371 1.22992 3.53106 63.2994 0.0498657 0 
