0 679.544 142.643 497.821 141.954 330.056 267.86 36.8651 338.808 104.963 26.4487 170.904 107.69 42.0059 0.802077 68.8268 302.457 212.037 100.072 139.799 198.388 40.0985 5.82439 45.2458 210.855 78.9251 39.6068 0.0743672 
622.839 0 17.1581 426.894 0.0246467 274.716 73.5356 12.2949 519.605 220.448 126.951 21.2787 113.323 65.3595 92.2837 6.29154 202.974 590.947 69.1916 141.998 148.954 29.7609 0.874344 39.2565 273.801 13.3522 22.4374 33.535 
196.456 455.238 0 85.4264 35.7348 45.9129 27.3982 32.7595 217.407 31.5713 27.4501 129.311 0.0351235 13.8643 29.1151 1.48688 46.1721 82.4901 0.919072 1.4711 124.168 3.43132 12.5167 15.1615 4.63154 6.63226 19.1936 4.30416 
457.94 211.418 309.292 0 147.773 207.379 142.036 861.416 213.295 0.150255 148.043 231.349 70.0406 1.65968 0.218966 11.3102 226.834 129.824 52.6871 48.1924 137.95 6.96903 16.5365 19.1553 231.769 44.5858 6.55741 0.20194 
3.15952 235.13 98.3775 21.9301 0 116.401 398.133 200.993 50.512 11.5728 250.149 143.871 25.9453 58.8529 29.9551 59.0919 28.0317 29.7831 297.996 94.9834 38.9278 19.2075 12.1773 3.1062 1.46125 2.43309 1.46283 13.5357 
297.599 245.358 4.47777 247.762 776.446 0 1115.55 5.37536 203.497 816.496 62.1279 107.778 11.3354 0.0456884 41.8459 18.238 255.273 57.1728 46.9953 17.8226 59.3251 14.3696 13.1384 13.1407 201.14 18.6465 19.3292 0.0825246 
230.02 88.2459 213.312 138.378 225.307 89.8923 0 105.637 59.9095 35.3588 6.76662 23.0885 104.386 8.60079 55.3891 56.5915 29.4518 0.00624863 13.344 7.69422 0.0545453 35.944 71.3289 3.42517e-05 91.6763 16.1564 42.6383 21.2733 
294.613 274.35 203.284 526.177 194.707 185.332 166.241 0 642.092 146.868 102.858 470.74 118.813 80.8414 96.5783 144.928 25.9467 63.053 55.1195 18.9228 185.065 27.9968 0.0583907 60.8883 34.7381 5.93204 0.202802 31.8913 
389.782 200.473 426.971 525.214 334.645 236.563 271.735 0.965954 0 105.714 864.613 171.458 182.396 31.0609 282.068 3.63625 199.744 40.6012 155.012 0.0511566 22.9134 1.65213 20.0308 31.8786 291.271 87.5403 2.20436 98.5517 
109.262 234.069 56.9574 99.7629 330.168 496.301 476.68 3.42632 0.306199 0 324.927 66.0393 331.757 41.7568 71.7551 66.1368 38.9768 22.7704 95.0193 16.9708 9.92998 10.2825 3.82726 1.99942 44.2825 68.2486 0.0967503 1.29994 
49.6715 264.671 185.547 173.431 104.434 0.427058 58.9336 234.06 52.6332 155.342 0 133.352 210.769 208.865 5.64142 123.459 0.901008 148.525 121.767 85.9188 2.63963 54.3262 0.399536 0.714143 105.257 116.489 41.731 109.205 
57.7903 10.3564 143.25 91.2528 47.4286 37.5717 239.454 821.782 234.4 84.0935 467.359 0 55.4808 62.1945 86.14 327.738 80.6933 48.2116 3.18165 35.856 113.199 50.2282 98.1349 88.1065 19.1526 391.378 115.675 154.551 
0.0783804 148.714 28.5995 63.4921 71.9305 159.182 14.36 33.9309 149.246 5.58192 238.211 6.00522 0 149.536 75.0483 28.0942 0.00264018 101.223 73.7886 4.96993 41.4092 85.6472 0.161303 21.3827 36.7384 3.30251 25.2668 41.871 
48.6902 6.95629 14.6888 22.8921 0.135536 0.233475 83.2472 86.4268 12.189 56.341 84.2525 70.005 50.1451 0 28.1239 18.3168 21.8395 43.6922 24.867 2.32134 2.32683 10.9005 1.13178 0.0601873 0.586544 4.99266 4.75601 10.0791 
41.8747 4.65929 7.91315 1.01481 27.4447 0.632412 28.6594 27.0026 5.97976 43.0605 3.79341 26.1168 106.476 55.5875 0 5.14484 27.787 32.8257 36.3755 0.0126089 20.688 1.4568 3.30222 11.8137 26.6116 0.0161125 19.6292 6.25426 
64.3802 72.1186 19.174 0.306416 22.1397 22.5794 23.6183 42.7071 143.461 0.388359 120.669 385.173 70.8464 2.77831 35.9481 0 14.2771 47.2684 15.7121 9.50743 46.3212 11.4084 7.58177 4.07692 35.5162 22.2913 17.7413 10.813 
203.945 350.803 40.773 244.068 4.80133 254.559 45.9341 34.9067 255.182 41.0214 22.3106 1.96089 28.3472 5.30651 5.45441 25.2192 0 247.276 402.144 18.7227 6.6173 0.492989 17.8887 15.7829 200.483 6.56655 20.4821 0.491996 
11.1527 6.90396 127.007 9.38798 35.2164 97.3596 3.29722 111.864 136.5 17.5217 3.9724 55.1161 55.4337 48.2972 26.2699 2.60971 55.5506 0 0.0309846 72.7521 23.0471 30.132 39.645 35.6735 52.7771 2.55927 7.3371 44.7829 
8.83686 5.3121 31.9596 0.494857 299.003 0.692552 59.5956 0.221584 74.8668 29.0706 94.5327 84.3509 1.98234 0.822656 15.6097 0.69625 66.3115 3.37139 0 0.0451752 10.35 18.5893 22.4111 23.7166 8.43064 19.7758 14.6272 4.16078 
193.603 11.9108 15.1087 48.1995 91.7351 22.9096 72.3087 77.7237 104.098 53.9708 12.0805 2.89871 43.1483 0.0857503 11.6871 8.14187 14.7902 66.1644 7.94366 0 4.34808 0.29869 1.75685 0.549775 9.48304 5.51036 9.51789 11.0183 
0.0154168 108.989 118.936 178.642 72.8154 25.0273 2.30589 105.762 23.8529 0.0971195 141.289 51.5496 8.99248 37.1458 5.59119 62.378 28.6507 36.8678 16.006 226.281 0 20.9363 1.55099 47.7457 21.9646 23.817 3.54716 10.0624 
25.3776 45.0759 6.31075 3.68573 47.998 0.785072 37.7374 67.3712 2.46865 52.7242 63.7733 68.8954 70.0724 2.33272 15.7733 11.6353 10.3467 40.1787 19.9985 6.36646 1.24988 0 1.85628 11.2511 16.8439 5.16061 5.6379 7.37256 
9.16395 2.06541 9.22725 0.86448 0.000705991 2.91484 0.18614 21.5456 3.77915 31.6919 89.6649 75.9818 0.332967 0.579119 20.3195 5.21703 17.3993 20.5362 7.24736 2.01274 0.741063 1.78614 0 19.8165 7.83473 3.3535 0.579072 5.02139 
25.9357 44.1768 1.9933 21.0819 56.0511 17.3119 61.1076 110.837 88.117 33.2496 95.8321 159.268 7.24919 2.11011 0.492802 22.7162 0.40606 7.66223 23.4959 1.84416 36.6494 8.75843 0.114962 0 44.8496 16.7041 7.44584 0.151302 
265.954 216.451 25.7682 210.893 6.39253 219.845 1.77205 192.612 225.753 47.8123 106.417 764.309 1.21563 0.070593 24.6838 68.6409 226.055 55.466 13.1144 5.89976 1.06615 29.0529 32.287 30.2114 0 33.0619 49.8874 22.5453 
1.45882 0.0904999 4.3934 43.7347 46.8732 2.45196 9.88326 190.312 21.4395 53.7278 107.475 36.5846 49.8229 11.3667 2.34224 17.5139 12.7533 2.11398 5.98181 2.8872 0.0352848 0.961148 2.08081 15.9491 39.2203 0 22.0527 1.89032 
0.0260814 31.2125 19.2345 11.1099 2.41206 18.8128 57.9827 32.6543 78.5307 45.9019 3.89295 38.3208 17.4945 8.84475 8.41266 18.3142 0.468368 26.908 24.2443 7.34891 39.3628 5.45109 10.1169 10.4087 9.71253 36.0416 0 12.1629 
25.1553 1.60993 0.381529 32.7616 2.00268 8.39495 6.21343 19.4884 97.5718 0.402951 40.728 1.9898 0.71867 11.9469 18.482 15.5889 3.5249 47.5174 26.8156 10.9294 47.8632 0.368685 0.030021 2.22316 7.18744 52.9175 12.8088 0 
