0 917.887 129.14 669.156 154.868 528.185 266.754 27.6546 524.841 100.165 30.7035 177.953 108.225 41.0967 1.19699 67.1781 500.393 217.822 102.3 120.784 189.251 39.9955 5.29008 44.2358 409.302 78.4979 40.2826 0.18071 
870.322 0 1.46379 600.319 4.95979 486.603 108.854 7.60911 736.5 213.555 116.193 17.0671 109.632 64.3914 93.3816 7.52584 398.664 844.603 62.7515 141.516 144.533 30.5707 0.627782 40.4421 471.673 11.85 23.2666 32.3207 
202.795 471.679 0 142.54 28.0963 42.4157 17.2454 21.935 165.187 27.4298 36.8442 121.359 0.0016191 13.4948 28.2075 1.1205 47.2788 90.1214 0.525419 1.05804 122.409 3.26187 12.4682 15.2839 5.21404 5.92004 19.2555 4.69261 
623.889 400.575 332.729 0 143.354 406.529 151.72 507.509 421.74 0.553033 139.697 239.968 70.6831 1.97307 0.438048 12.8352 422.593 133.149 53.859 48.0446 145.673 6.73043 16.8271 19.7799 430.038 44.6764 6.11744 0.0959433 
6.56197 188.385 88.1823 26.9276 0 68.4992 378.219 196.315 64.5315 20.6255 253.918 147.695 21.7736 60.0377 32.4781 60.5119 32.2246 23.8326 300.81 94.6929 36.1132 20.1554 11.3164 2.65438 1.86836 1.9142 1.24022 12.7417 
499.272 430.87 2.80752 447.471 521.836 0 665.501 9.18439 415.957 788.931 77.1041 113.123 158.564 0.00539251 41.7734 19.0113 452.762 61.3998 43.2869 17.2466 57.7843 14.7602 13.4351 12.7845 397.936 17.9423 19.1924 0.0374356 
238.523 125.838 225.005 128.1 257.191 78.5677 0 84.2459 0.456521 14.3535 17.6657 30.1937 95.168 6.91191 49.5686 53.2112 27.099 0.470667 16.5842 6.23194 0.294832 34.7368 71.718 0.0408772 91.3764 14.0206 41.6876 19.8664 
300.171 267.314 218.76 492.333 189.526 177.643 141.665 0 657.842 138.69 86.2882 614.462 115.784 76.6948 88.1767 127.629 27.6434 67.8246 57.7307 16.4076 180.591 29.1252 0.00130941 65.9137 28.1481 10.9387 0.470958 35.7016 
596.655 396.302 390.717 714.922 324.775 410.72 504.694 10.8701 0 128.968 1612.08 193.488 186.717 26.6711 234.793 5.67497 396.572 35.1173 154.585 0.00299968 26.6754 2.04642 17.8453 29.4537 491.86 92.3994 2.71906 98.9839 
113.831 229.497 52.2277 97.8068 332.457 505.343 496.595 1.65443 0.538469 0 263.18 75.3541 329.42 44.8407 64.9971 69.1488 37.1041 25.8474 98.3523 18.1584 11.1798 9.20683 3.08028 2.58586 46.0783 69.5836 0.0378385 1.683 
44.5207 261.952 173.467 179.669 114.584 2.86075 84.1818 252.266 24.2457 212.104 0 102.731 202.243 211.7 19.0684 136.752 0.592807 151.428 120.203 86.1955 3.65155 52.868 1.09582 0.212564 100.611 122.649 43.4736 108.559 
65.1385 7.42293 150.236 105.676 43.1931 42.6125 248.026 924.31 212.4 74.4721 443.551 0 51.4174 69.4671 69.5833 266.133 81.4816 45.0036 3.89661 33.5645 108.938 48.8154 101.697 78.9667 0.564996 398.847 114.202 149.401 
0.00205193 148.48 30.5125 62.3048 65.9577 175.832 19.2746 37.1078 155.502 1.03567 243.099 7.7505 0 153.243 69.7858 30.8474 0.0359133 102.101 75.1003 5.45949 40.1628 86.9802 0.613568 19.4976 35.6508 2.76946 25.7887 42.2372 
48.0327 7.98956 14.9912 22.7416 0.317428 0.387623 85.3443 90.3503 9.45718 53.4025 96.3012 62.7224 40.4776 0 20.08 17.6394 21.7679 42.942 25.1401 2.24496 2.0045 10.8717 1.80018 0.170137 0.42202 5.38517 4.9517 9.88556 
40.2 3.54066 6.88864 1.43773 25.0431 1.0868 23.9792 33.1962 5.10131 49.4911 0.00491537 37.8746 102.945 49.7314 0 12.5812 28.0312 34.2404 36.7161 0.00252143 21.7601 1.7051 2.4062 13.2436 27.3535 0.00910241 19.5327 5.7245 
66.1625 70.4693 19.8511 0.0871566 20.5451 21.9342 20.841 56.2885 140.454 0.958822 134.003 328.836 72.892 1.91259 48.6233 0 13.8889 48.2711 16.2457 9.5574 47.5341 11.5169 7.00682 2.5969 34.7062 20.5506 17.9404 11.5366 
402.258 547.852 39.4203 442.307 3.13509 452.163 48.5991 36.7432 454.787 39.1421 20.8393 1.54706 29.4519 5.57149 5.09872 25.0696 0 259.164 395.714 19.3713 5.96682 0.421599 17.7702 16.0095 397.776 6.90622 20.346 0.412634 
15.7808 3.30216 120.463 12.3043 42.1622 93.8035 5.84257 116.664 129.404 20.2942 5.40991 51.794 53.263 48.8523 24.9027 3.113 70.7698 0 0.344232 74.5104 20.9537 29.6308 40.078 35.0023 52.1058 3.0368 7.76263 45.2817 
10.6466 7.83878 33.802 0.24696 301.104 0.196411 65.0063 0.507363 70.2526 32.571 91.6552 85.7537 2.60963 0.992492 14.8601 0.545937 53.1436 2.04172 0 0.113512 11.254 18.9002 22.2893 23.6411 8.84901 20.2479 14.3523 3.90624 
205.189 8.65524 14.1187 48.0826 92.7019 22.5946 74.6511 81.0184 103.141 54.4654 10.7872 2.13994 43.1716 0.10718 11.644 8.28567 14.1445 68.1942 7.33169 0 17.311 0.267945 1.81537 0.609888 9.71472 5.74835 9.6162 11.0886 
0.719012 103.345 116.234 175.316 69.7041 23.3568 1.46637 98.9023 27.6764 0.0116968 142.806 55.7391 9.8049 37.71 6.26472 62.6278 27.5426 34.3884 14.9653 189.162 0 21.2886 1.79113 47.6156 23.0915 25.1088 3.88473 9.40479 
25.9131 45.6163 6.50266 3.88847 48.7134 0.958444 36.541 67.3175 2.94279 53.7081 64.983 67.9817 67.324 2.06718 15.5029 11.5411 10.5929 39.9301 20.2852 6.35602 1.39439 0 2.31876 10.8822 17.3528 5.33463 5.45502 7.24372 
9.82859 1.67924 9.47068 1.04413 0.0281388 2.63304 0.0511253 23.8805 2.78961 30.0784 85.0904 80.2115 0.0379972 1.101 19.1459 4.64661 17.5317 21.2115 7.56418 2.07177 0.91167 2.24162 0 18.5513 6.98267 3.60283 0.468116 5.21334 
27.1379 43.0471 1.75518 21.6432 56.2008 17.4577 62.2663 114.771 86.3499 31.7152 99.5847 152.394 6.03585 2.56196 0.940746 24.5625 0.481887 8.22213 23.5871 1.75011 35.937 9.18976 0.721331 0 45.1401 16.6953 6.95582 0.091748 
461.951 412.128 26.1909 409.241 7.18315 416.359 1.1656 190.917 419.779 49.5482 110.863 451.354 0.906129 0.0218512 25.538 56.5756 423.048 54.9232 12.6547 5.65183 1.39434 16.497 32.4895 27.0607 0 15.2927 135.561 28.5218 
0.946661 0.281225 5.03278 44.1445 45.4387 2.04767 11.7356 200.413 25.1595 51.6514 113.939 17.1181 49.1097 11.0898 1.73053 15.6867 13.147 2.55161 5.59392 2.6862 0.000437772 1.0626 1.87348 16.1604 38.6319 0 20.5547 0.624575 
0.0757957 32.0425 19.2891 11.6248 2.71488 18.9723 57.5491 34.8922 78.1449 45.5808 4.64856 41.5413 18.0389 9.00612 8.02261 18.4535 0.538607 27.4644 24.1998 7.21127 39.7394 5.26904 10.3631 9.90298 7.60664 35.319 0 7.3169 
23.9865 2.00974 0.517264 32.5849 1.67012 7.96409 5.36959 16.5012 98.191 0.629329 37.934 0.723549 0.544624 11.9176 17.9787 16.2532 3.73447 47.9056 26.8415 10.8481 47.4391 0.421705 0.054475 2.46538 8.10944 49.1729 18.7699 0 
