0 615.047 82.2232 199.392 196.129 166.779 254.289 6.01623 126.603 83.5375 46.7268 198.948 109.228 37.8906 3.0782 61.0576 140.453 231.816 108.723 27.8124 154.887 39.5412 3.66683 40.6651 52.4352 76.2795 42.4369 0.87345 
610.183 0 71.8079 153.758 79.96 176.441 255.401 0.0481599 424.599 184.973 81.3528 6.17628 96.4871 60.6896 95.9597 12.3635 34.6414 470.646 42.3815 135.909 128.174 33.2466 0.0973149 44.2963 111.946 7.38456 26.0705 28.2593 
210.977 403.701 0 294.031 8.57406 30.1322 0.162681 1.1542 29.9304 15.1837 75.5802 93.4777 0.643868 12.1405 24.7604 0.261928 50.5576 114.787 0.00393203 0.161991 113.814 2.71514 12.2182 15.574 7.34918 3.76447 19.3789 6.07921 
149.609 42.3178 366.026 0 125.458 52.8446 179.484 500.345 117.819 3.71919 109.893 257.858 72.2779 3.19667 1.70655 18.2865 56.3872 141.643 57.322 46.2487 615.185 5.94186 17.7037 21.7329 71.8195 44.1256 4.72634 0.0253792 
26.3897 57.8179 55.189 46.3998 0 11.058 289.114 177.968 120.005 67.2517 260.877 159.216 10.2135 63.6013 41.2415 64.8833 47.7032 8.41601 290.62 92.5158 27.198 23.4016 8.61038 1.38981 3.58243 0.621448 0.625491 10.2101 
150.961 41.6325 0.0284957 93.374 973.632 0 779.747 28.6704 173.449 394.4 132.75 129.577 408.093 0.157429 40.6314 21.4445 91.7486 75.4806 31.0908 15.2212 52.3331 16.0083 14.3471 11.5407 35.3654 15.5089 18.667 0.0147219 
259.643 275.814 248.174 92.1462 354.095 562.181 0 27.6776 468.751 12.8944 87.6058 59.7009 65.3834 2.53732 31.4178 41.9191 19.729 7.33236 29.5849 2.40708 2.48592 30.6647 72.4147 0.738145 89.451 7.8344 38.4092 15.3871 
308.423 237.192 259.143 375.668 169.726 147.346 68.3868 0 633.049 110.43 39.2763 981.844 104.91 62.4499 60.6652 71.6729 33.5564 84.242 66.4647 9.13111 163.28 32.9394 0.93373 82.745 10.6099 37.6122 2.17201 49.3686 
263.796 52.6252 225.587 306.081 280.153 51.7539 1233.48 115.659 0 212.579 669.359 266.552 198.139 14.0457 289.185 15.5654 34.6815 19.2394 151.175 0.990349 40.9254 3.66279 11.2887 21.7754 140.862 107.791 4.81847 99.6098 
127.974 207.577 36.8008 89.7713 320.396 372.957 494.107 0.379938 24.9504 0 82.0993 108.641 296.262 54.9776 42.8695 78.2132 30.919 37.2082 108.304 22.2774 15.8259 5.97354 1.14918 5.0642 51.8689 73.2475 0.0385738 3.31106 
28.8295 246.886 128.862 195.761 148.978 26.0033 190.253 307.359 143.106 415.365 0 25.7544 169.994 211.122 112.692 178.07 0.0280074 159.844 113.985 86.5109 8.18983 47.8374 5.87774 0.685463 84.1901 141.128 49.2962 105.319 
91.431 1.10254 170.081 155.253 30.065 60.7881 270.768 1009.05 139.21 45.0671 340.234 0 38.4614 94.3191 24.4344 73.7294 83.8077 34.7581 6.79197 26.1759 94.2074 43.9769 112.251 49.8482 108.833 367.903 108.031 129.167 
0.549024 145.929 37.0234 57.923 46.8921 201.861 40.2171 48.3936 174.454 12.1828 253.07 15.0996 0 155.304 51.7905 40.3901 0.425094 104.438 78.997 7.23986 35.9824 89.8739 4.20415 13.6113 31.9221 1.31262 27.5019 43.3069 
45.5871 11.8921 15.8414 22.0343 1.47671 1.17763 91.2181 102.498 3.10952 43.1975 136.78 39.8233 14.1016 0 1.52912 14.3628 21.4676 40.2834 25.9546 1.99043 1.09332 10.6305 4.69785 0.925737 0.0657948 6.72385 5.61272 9.1849 
34.5356 0.889728 3.87657 3.3573 17.5569 3.45252 10.9341 57.2097 11.44 71.959 45.0962 88.8505 88.7221 23.4299 0 51.5243 28.7571 38.9738 37.6541 0.0249431 25.4239 2.66 0.395018 18.015 29.4306 0.701903 19.0992 4.07346 
71.5068 64.3861 21.8677 0.32717 15.4924 19.5626 12.5568 109.825 127.63 4.666 175.728 124.716 78.6486 0.153139 83.448 0 12.5837 51.4335 18.023 9.66574 51.3599 11.796 5.05918 0.0341701 31.1715 14.4699 18.4727 13.9423 
45.43 183.406 34.6612 84.0573 0.121156 91.5461 57.6096 43.0269 101.372 32.9053 16.1843 0.513702 33.174 6.48974 3.97816 24.491 0 284.353 369.396 21.5153 4.01271 0.222393 17.3379 16.7432 36.7208 8.08453 19.8605 0.196862 
36.4359 86.6601 96.3826 24.55 68.6752 80.8995 19.3624 132.111 105.164 30.7684 11.761 41.0638 46.0034 50.5063 20.4494 5.10096 128.957 0 3.82716 79.707 14.5417 27.9106 41.4123 32.6784 49.6682 4.91494 9.25666 46.8252 
17.7745 19.5814 39.8638 0.038854 288.56 0.744542 83.4907 2.30723 55.0652 45.1313 81.5631 90.0594 5.31034 1.67218 12.4047 0.173936 13.1399 0.00295411 0 0.566391 14.5026 19.9065 21.8141 23.3187 10.2936 21.7907 13.423 3.10277 
227.369 1.43551 10.8174 46.3871 94.7663 21.3319 81.7638 91.4158 98.8752 55.7225 6.926 0.426977 43.0591 0.195873 11.4449 8.7235 12.0159 74.4342 5.42091 0 111.556 0.176622 2.01275 0.831307 10.4627 6.54751 9.92457 11.2861 
10.579 84.1449 104.799 221.493 59.2524 18.0179 0.0305932 76.2322 42.106 0.329402 146.759 70.3086 12.7423 39.4737 8.76102 63.0215 23.8871 26.4948 11.6734 67.3806 0 22.4512 2.71483 46.9743 26.9384 29.5097 5.11572 7.3305 
27.675 47.2803 7.14374 4.59485 50.9268 1.65715 32.4847 66.8563 4.81827 56.6036 68.7353 64.6054 57.3748 1.27309 14.4805 11.1425 11.4176 39.0054 21.2028 6.30846 1.93335 0 4.14849 9.5417 19.0177 5.91754 4.84856 6.80215 
12.1761 0.670657 10.2389 1.76044 0.410056 1.77674 0.214063 32.2667 0.553815 24.6995 69.203 93.7138 1.17723 3.72209 14.7044 2.86323 17.9406 23.4809 8.65 2.26936 1.60831 4.05255 0 11.8331 4.43258 4.46519 0.180372 5.85391 
31.1797 39.1291 1.05685 23.3469 56.4311 17.8261 65.7254 126.099 79.7258 26.5656 110.905 125.641 2.72978 4.25554 3.40682 28.6906 0.781948 10.2099 23.8231 1.44657 33.4494 10.5638 5.98178 0 43.4658 16.4049 5.37438 0.000179347 
96.0362 45.9583 27.3429 51.8783 10.1211 52.5413 0.0536799 179.511 48.8715 55.0712 124.313 859.738 0.197393 0.0613682 28.0494 12.4189 60.852 52.8911 11.1344 4.83451 2.8039 77.5773 32.2675 25.1829 0 99.3976 50.3999 76.6309 
0.0329366 1.68082 7.40411 44.6746 40.511 0.944305 18.8994 225.462 39.1967 44.3936 133.854 6.03126 46.4438 10.0416 0.33807 9.75543 14.4682 4.3013 4.37002 2.05216 0.289924 1.43508 1.24389 16.6198 35.9196 0 15.5152 1.39922 
0.430611 34.7879 19.3876 13.3697 3.85136 19.4404 55.8664 42.6159 76.4649 44.3259 7.63297 52.7208 19.8707 9.51632 6.74055 18.7781 0.808785 29.3046 24.0049 6.74165 40.9037 4.66642 11.1384 8.20982 2.56135 32.1769 0 0.000892289 
20.1498 3.65851 1.11693 31.7184 0.771079 6.56248 2.96447 8.13093 99.4544 1.74723 28.9608 1.06584 0.135925 11.7383 16.1759 18.3232 4.47253 49.0619 26.8594 10.5398 45.849 0.624077 0.188594 3.3464 11.344 34.38 43.5191 0 
