0 393.797 3.00403 162.265 263.483 274.33 176.109 21.2384 181.659 43.0196 94.0138 227.592 106.42 29.2423 11.1048 43.2539 264.59 226.738 116.655 71.03 63.9252 37.7209 0.877001 31.0051 192.631 66.0733 46.8983 4.72238 
462.047 0 472.576 161.149 440.668 393.347 524.494 35.566 534.828 94.856 16.263 2.81394 61.563 49.0639 94.7112 28.0385 171.718 1145.11 6.80433 99.7547 81.849 39.4458 0.770273 52.6685 239.42 0.726885 32.9995 18.625 
147.931 1.16666 0 12.1102 10.1265 4.99073 72.5191 59.3483 187.311 0.0996841 185.712 29.9628 7.01092 8.30938 14.7516 0.728313 55.2956 157.552 3.96573 1.32728 78.8347 1.53426 11.0594 15.469 13.432 0.414167 19.1219 9.90091 
175.521 333.747 41.1806 0 69.6068 203.046 201.683 780.346 431.579 22.2444 38.8622 223.03 72.3708 7.16025 7.98475 31.903 172.632 142.951 62.2988 34.4797 752.042 4.10574 19.1368 25.323 203.645 37.502 1.95577 1.71216 
116.632 84.3985 2.83277 103.193 0 252.59 48.729 120.474 272.017 234.763 239.733 177.274 0.337716 69.2901 63.2101 72.574 90.7363 4.59834 162.732 79.8378 9.73951 31.6367 3.33142 0.00246551 9.94948 0.482814 0.000178778 4.9728 
293.627 191.902 12.0667 228.469 87.2224 0 746.296 107.097 632.087 798.027 252.99 155.785 366.851 2.34962 32.5248 25.9034 216.174 105.838 7.21806 9.93962 37.7058 18.5618 15.9481 8.2873 161.116 9.43767 16.962 0.800957 
255.134 526.233 189.254 17.4425 424.22 48.4905 0 25.2385 757.048 347.581 365.414 155.535 11.1513 1.04821 2.67626 17.1077 5.92776 55.2153 71.5602 0.691478 16.5407 20.7935 70.0906 6.02085 79.0501 0.12963 29.9363 6.3523 
260.468 135.84 253.752 105.487 110.538 61.7459 3.52545 0 216.567 44.7827 3.22241 354.119 74.9842 28.9058 9.87146 7.74689e-06 49.1281 124.619 86.8768 0.135657 110.152 42.3126 10.339 119.009 4.14859 142.229 11.3708 85.4592 
425.465 339.692 13.9557 245.369 129.322 537.305 39.9478 566.39 0 372.647 785.02 392.313 203.578 2.69004 196.239 55.759 165.76 0.14997 130.711 10.69 83.7231 9.46982 1.24238 6.9826 285.378 135.593 12.2827 95.7186 
151.937 123.663 7.54367 62.7346 186.68 66.6697 155.747 27.2037 198.937 0 124.655 190.291 112.698 75.5435 4.40126 91.1044 16.9748 69.8904 122.55 32.8486 29.8308 0.854066 0.413117 14.1337 63.7636 76.3201 1.34115 9.40971 
3.72304 177.954 27.3256 198.034 223.793 150.423 448.304 374.439 816.961 566.402 0 64.4794 81.2555 149.832 393.974 228.804 1.74552 170.758 93.1913 83.2597 26.2573 34.9485 31.8086 15.4925 42.9178 165.831 62.9914 90.8666 
158.826 9.63599 187.641 248.32 6.83537 108.107 279.738 70.3976 11.9059 2.22866 64.0363 0 12.9944 147.169 17.1816 185.768 87.3237 14.0334 16.9537 10.8948 57.4076 31.7765 126.561 3.38355 239.811 80.2521 86.0189 69.0379 
7.06815 128.742 52.6534 45.0569 11.1916 147.739 111.251 78.7222 203.008 173.407 233.331 41.6852 0 98.9931 13.6266 63.3284 3.18102 106.03 84.8889 12.4252 25.8898 86.1356 24.799 3.07396 22.5333 0.0243681 31.4168 44.8419 
38.1998 23.8706 16.7197 19.0747 7.76936 4.72168 96.8857 122.809 7.39368 18.9584 207.399 3.26398 10.4005 0 41.0103 3.93151 20.3428 32.9703 27.2459 1.3869 0.0139815 9.15794 9.67398 4.67829 0.51621 9.87925 7.23143 7.19508 
20.9621 1.95208 0.0586345 10.889 4.12378 13.7973 0.70966 125.275 79.2242 119.859 345.614 230.696 45.4561 11.5091 0 71.4783 29.9021 50.1356 38.5517 0.447186 34.6167 5.67688 2.81875 26.8078 31.3771 6.66781 17.3488 1.0671 
79.6325 46.7884 24.7094 6.9837 5.58295 12.8792 0.741782 235.721 83.2099 23.9974 228.75 126.383 84.2502 4.15293 33.6863 0 9.40348 57.6635 22.21 9.53587 58.8059 11.9017 1.10649 10.1456 18.8358 2.24024 18.8397 19.1834 
188.788 287.736 22.2729 216.543 9.92797 216.952 79.0878 58.8366 246.984 18.6465 6.86927 0.352078 42.2309 8.91418 1.74508 22.5857 0 238.266 201.606 26.4289 0.796722 0.000868871 16.0538 18.3582 165.115 11.1993 18.4785 0.00251791 
111.036 276.129 35.858 66.2467 144.705 46.2788 79.2422 163.372 48.6333 62.2933 36.3845 18.5345 28.8989 53.1135 10.7392 11.8029 261.431 0 27.0682 87.1095 3.39301 23.4642 43.8666 26.5874 42.5848 11.2191 13.3372 49.7131 
40.9155 65.2315 52.8198 3.59581 157.387 15.7811 126 12.0278 22.5342 78.273 55.2018 97.7213 15.5475 4.02705 6.94158 0.146543 74.307 10.9707 0 3.10218 23.7244 22.1119 20.2236 22.0811 14.061 25.2459 11.1043 1.47794 
162.748 9.90234 3.77062 34.8008 91.854 17.0794 93.0956 110.727 82.2409 56.0627 0.927592 1.83946 41.5386 0.520444 10.6111 9.47228 7.17704 85.0913 1.81169 0 332.465 0.0313122 2.499 1.49483 12.0654 8.45677 10.5345 11.5121 
76.4955 39.554 65.9219 138.903 34.6705 7.21619 5.65077 28.1361 85.1368 5.03101 148.645 107.244 21.2262 42.8781 16.2736 61.053 15.4751 10.6341 5.07093 74.1455 0 25.1679 5.72812 44.0891 36.5572 40.3818 8.75725 3.19037 
31.7294 50.3222 8.67838 6.48108 55.0248 4.07828 22.5225 63.9034 11.1901 60.7415 75.6769 54.5055 31.0719 0.102204 11.3483 9.66892 13.4266 36.1542 23.1422 6.10958 3.60969 0 9.58098 5.88404 22.5054 7.31913 3.4226 5.66566 
18.5875 0.137626 11.7364 4.1971 3.2205 0.343753 4.59658 55.1029 2.4242 12.5077 31.2636 119.043 16.9713 9.58196 3.86335 0.154875 18.7084 29.0054 11.4343 2.74596 4.11253 9.47621 0 0.141275 1.07373 6.636 0.0500339 7.36353 
40.8249 28.963 0.0732124 26.1234 55.2045 17.9067 71.0618 138.772 59.9033 14.5937 127.772 51.5731 0.152614 8.47695 13.9071 22.1554 1.81465 15.7357 23.9361 0.793107 26.8241 13.1706 20.7781 0 25.3875 14.0925 2.12323 0.489338 
209.652 164.241 28.2737 189.404 18.9985 173.413 3.45808 121.489 162.041 65.9105 144.423 82.6802 0.664681 1.46013 31.3215 43.8106 185.594 46.6173 7.59484 2.96988 8.18785 68.9111 26.0608 75.5373 0 79.6604 59.4714 82.373 
3.13055 9.86498 14.196 40.4571 28.089 0.0359761 41.2238 215.811 79.7416 26.0251 164.154 261.969 38.3464 6.91491 1.56505 0.431089 17.6793 10.3324 1.9219 0.804376 3.6283 2.54493 0.209385 16.0427 25.6722 0 4.81003 30.3614 
2.52228 41.1774 19.0692 17.6563 7.407 20.1315 50.3223 62.1246 69.9189 40.1381 17.6688 80.697 24.3607 10.5381 3.85989 18.6105 1.69844 33.618 23.2249 5.54646 43.0819 3.25717 12.6428 4.31861 4.97659 21.0334 0 39.8855 
11.5534 9.61496 3.47519 27.9165 0.0241594 3.50695 0.0473097 0.0663322 97.1227 6.7371 10.8244 30.4976 0.299548 10.785 11.2591 21.9367 6.50477 50.9052 26.4495 9.56114 40.9145 1.27806 0.850067 5.86491 18.4668 2.81804 91.9341 0 
