0 478.302 1.49261 280.723 265.331 387.705 169.601 25.4595 294.028 40.6566 97.1986 228.104 105.99 28.6715 11.7608 42.0527 379.532 224.497 116.744 68.6925 58.7304 37.5726 0.762366 30.3676 308.967 65.2248 47.1359 5.06504 
545.525 0 473.097 277.542 458.929 510.831 526.401 40.1918 642.441 89.0502 13.6378 3.77214 59.3478 48.2317 94.264 29.1686 288.55 465.01 5.50454 96.6739 78.8245 39.814 0.908501 53.1311 354.702 0.534967 33.4339 18.0457 
140.989 0.235113 0 15.7078 12.6985 4.00961 81.2673 67.452 215.211 0.0066206 191.764 26.7691 7.62962 8.05584 14.1015 0.882575 55.4177 158.941 4.45886 1.56074 76.1881 1.46845 10.9617 15.4226 13.8387 0.311876 19.0785 10.1556 
299.026 462.584 76.5237 0 65.9442 319.953 200.484 122.848 556.516 23.8496 35.1262 217.366 72.189 7.44738 8.51131 32.6807 287.46 142.057 62.4259 33.4691 276.373 3.99585 19.1895 25.4801 319.213 36.8611 1.81605 1.90585 
123.465 103.692 1.66941 106.761 0 278.697 38.5423 116.51 280.423 244.875 236.646 177.856 0.678777 69.4869 64.5459 72.8933 93.4821 6.07281 152.045 78.7237 8.89354 32.1607 3.0717 0.000517992 10.4482 0.62297 0.00420275 4.69477 
409.116 313.027 13.6104 343.85 759.769 0 1049.99 112.717 751.051 606.451 257.549 156.584 153.973 2.56923 31.8034 26.0928 331.277 107.394 6.19021 9.60622 36.753 18.6937 16.0145 8.07827 276.551 9.06743 16.8355 0.890675 
252.075 526.219 180.954 14.3704 418.146 9.44391 0 32.0808 621.135 371.613 381.438 161.962 9.0969 1.41695 1.87801 15.7985 5.30052 59.4463 74.4823 0.967267 17.8157 20.1902 69.7515 6.51813 78.1448 0.0408155 29.3892 5.89387 
254.541 128.967 248.161 109.571 106.567 56.7233 6.43808 0 187.435 41.2379 5.3558 283.534 73.0132 27.025 7.96876 0.327128 50.1417 127.045 88.0747 0.0385812 106.522 42.8955 11.2528 120.839 5.63043 149.205 12.1774 87.6992 
541.051 468.36 25.0686 349.906 119.692 674.049 6.65119 587.629 0 377.259 732.049 395.82 202.776 3.12212 165.543 58.8149 281.701 0.0163246 128.9 11.6301 86.6501 9.92 0.937192 6.28996 401.45 136.704 12.8575 95.2156 
152.813 117.682 6.34736 60.806 175.451 82.8975 131.985 30.2115 212.314 0 152.149 194.81 100.534 76.5071 3.21394 91.3762 16.1825 72.0803 122.882 33.5169 30.8201 0.681039 0.565526 14.8288 64.3675 76.2115 1.4857 9.88732 
2.90095 172.513 22.8518 196.3 227.527 159.455 457.948 374.461 827.043 548.914 0 77.7915 75.9076 143.848 400.837 228.633 2.0037 170.939 91.6592 82.8635 27.697 34.1275 34.0012 17.0277 40.4824 166.178 63.8055 89.6768 
162.835 11.32 187.038 251.35 5.88211 110.952 277.898 36.8481 8.26063 1.31515 51.8495 0 11.7749 149.627 22.1976 218.542 87.4349 12.9852 17.7305 10.108 55.1617 31.0073 126.819 2.20933 233.523 64.1711 84.3657 65.2007 
7.72044 127.179 53.5771 44.1697 9.66903 152.099 116.149 80.6877 203.773 186.387 230.047 43.7029 0 93.4976 11.8654 64.6357 3.44018 105.925 85.0687 12.7869 25.2694 85.3842 26.5379 2.64012 21.9437 0.0573371 31.6476 44.8841 
37.6769 24.7175 16.7127 18.8354 8.32194 5.01094 96.7868 123.521 8.62118 17.6109 209.345 2.26193 13.3894 0 45.0451 3.37999 20.2534 32.4783 27.2914 1.35035 0.00345579 9.02737 9.64443 4.96439 0.608227 10.0593 7.33171 7.0599 
20.1517 2.38781 0.0167624 11.4726 3.56384 14.6073 1.23027 129.399 85.2454 121.965 360.372 237.544 42.7028 15.1004 0 65.7715 29.9424 50.8001 38.5382 0.491308 35.1942 5.89287 3.30891 27.1119 31.3346 7.21403 17.2073 0.937016 
79.8728 45.5982 24.7713 7.65916 5.1017 12.441 0.470318 240.788 80.0631 25.6066 228.753 156.482 84.1541 4.74587 27.3041 0 9.20605 57.973 22.4613 9.5085 59.1664 11.8797 0.937208 11.3409 17.9777 1.77724 18.816 19.4589 
305.461 401.096 21.4937 332.198 11.3469 332.115 80.3601 59.8318 363.507 17.8259 6.39589 0.45815 42.7895 9.07421 1.63114 22.4431 0 230.712 494.597 26.7153 0.673894 1.26658e-06 15.9623 18.4504 280.662 11.4048 18.3822 0.00668215 
116.34 300.089 32.5632 69.1886 149.515 44.1225 83.9313 164.921 45.4778 64.464 38.3152 17.346 27.8814 53.2041 10.2016 12.3058 266.752 0 29.148 87.2906 2.9356 23.1745 43.9796 26.1888 42.0912 11.692 13.6133 49.8494 
42.5776 68.6507 53.4937 4.0101 146.691 17.2987 128.314 12.8822 20.8368 80.3261 53.5255 98.0521 16.3497 4.20682 6.63245 0.188154 84.6429 12.3984 0 3.3279 24.3577 22.237 20.1036 21.982 14.307 25.4448 10.9568 1.39308 
154.269 11.668 3.41755 33.797 91.2881 16.7666 93.4674 111.566 80.939 55.9488 0.730879 2.2008 41.3834 0.545884 10.5425 9.50237 6.89698 85.5018 1.64264 0 330.986 0.02603 2.52948 1.54199 12.1532 8.57193 10.5656 11.5136 
82.1048 37.0608 63.2099 144.899 33.2267 6.67073 6.43928 25.698 88.0677 5.51233 148.376 109.524 21.8169 43.0446 16.8054 60.7886 14.9793 9.83561 4.7335 91.732 0 25.3321 5.95269 43.8459 37.1599 41.0531 9.01547 2.97928 
31.97 50.4608 8.77222 6.60641 55.2138 4.26163 21.9072 63.6309 11.6719 60.8474 75.9939 53.7932 29.4636 0.0712069 11.1277 9.55464 13.5521 35.9471 23.2483 6.09308 3.73235 0 9.92347 5.6508 22.6817 7.40497 3.33652 5.59189 
19.017 0.199747 11.809 4.37981 3.48593 0.28906 5.05828 56.5832 2.89808 11.8235 29.1351 120.128 18.5016 9.65328 3.33836 0.0939536 18.745 29.348 11.6141 2.77534 4.30768 9.8201 0 0.41824 1.03143 6.76995 0.0702481 7.45379 
41.4042 28.3097 0.0490955 26.2216 55.0409 17.8713 71.2326 138.75 58.5331 13.9025 128.213 47.2826 0.272025 8.69465 14.6689 21.0637 1.8939 16.1119 23.9204 0.756926 26.3873 13.2861 20.8819 0 23.8775 13.8783 1.95822 0.554214 
324.156 279.286 28.2363 305.486 19.6279 288.462 3.9645 116.881 277.122 66.4312 144.949 572.759 0.80151 1.60756 31.3688 36.318 300.87 46.165 7.38336 2.86131 8.6145 80.6088 25.4363 76.8686 0 62.1497 46.3495 112.944 
3.57944 10.5937 14.6451 39.9421 27.3106 0.06975 42.7816 211.745 82.382 24.9052 164.915 281.482 37.7733 6.70285 1.86442 0.238713 17.8784 10.7905 1.79668 0.742541 3.96205 2.62359 0.171896 15.9248 24.9243 0 4.29137 32.8537 
2.71222 41.5589 19.022 17.9215 7.66691 20.1521 49.9088 63.3397 69.3955 39.8237 18.4194 82.3951 24.6413 10.5902 3.69537 18.553 1.76549 33.8786 23.1612 5.4695 43.1851 3.17249 12.7156 4.09706 5.79816 20.2372 0 44.084 
11.0632 10.0767 3.66313 27.6034 0.0490652 3.33728 0.0145803 0.209544 96.7144 7.15361 9.92299 33.5435 0.366766 10.7014 10.9381 22.0769 6.64315 50.9717 26.4016 9.48929 40.557 1.32671 0.907211 6.0362 18.8162 1.88247 92.6368 0 
