0 549.191 0.187903 464.207 268.954 542.003 148.095 41.3441 447.185 33.3542 107.445 228.608 104.409 26.8278 13.9748 38.1766 539.167 215.847 116.682 63.396 43.0893 37.0696 0.446901 28.3101 473.358 62.3577 47.8595 6.24239 
607.705 0 442.155 449.958 505.155 675.111 516.71 56.646 774.213 70.9456 6.69449 7.78692 52.3144 45.4988 92.5359 32.8772 455.066 416.028 2.23432 86.3973 69.1809 40.973 1.42982 54.5534 515.529 0.115762 34.8221 16.2183 
117.594 29.9206 0 69.3209 22.7584 1.55114 110.902 95.6992 305.169 0.453692 209.368 17.5439 9.77724 7.24188 12.041 1.47525 55.6567 162.108 6.22559 2.43146 67.5296 1.26506 10.63 15.2413 15.1494 0.0802764 18.9174 10.9789 
497.145 665.232 285.593 0 54.4052 486.009 194.516 922.756 743.704 29.2795 24.1546 197.047 71.4532 8.39151 10.2871 35.047 447.054 138.416 62.673 30.089 322.478 3.64887 19.3262 25.9212 480.952 34.6553 1.39893 2.59541 
145.593 174.888 0.000707937 117.874 0 374.023 13.406 103.722 305.13 274.777 225.475 179.237 2.57222 69.9781 68.7407 73.7714 102.164 12.1597 117.836 74.9301 6.41345 33.8399 2.30304 0.065516 12.1213 1.19418 0.0531513 3.84893 
569.947 495.347 19.0188 504.654 707.932 0 590.157 130.652 902.395 726.943 268.512 158.372 526.095 3.33328 29.3613 26.615 491.543 111.993 3.38725 8.54675 33.6937 19.0901 16.1975 7.40875 438.083 7.90226 16.415 1.21057 
240.196 510.432 152.265 6.39788 390.523 112.7 0 59.0148 221.643 439.271 426.949 182.333 3.8613 2.97338 0.260865 11.8801 3.50854 73.7326 83.9188 2.16446 22.1939 18.2793 68.5108 8.23932 75.0597 0.0944848 27.629 4.5247 
233.697 107.167 226.665 79.8631 93.8439 41.5487 21.5409 0 103.755 30.62 15.7904 97.7589 66.6746 21.2922 3.18595 5.74559 53.4049 134.648 91.8174 0.127869 94.8283 44.7528 14.4232 126.203 11.8677 170.733 14.9353 94.7424 
701.233 672.543 80.2671 480.286 90.0889 888.397 89.5202 639.349 0 386.036 515.559 402.615 199.276 5.51222 94.5912 68.838 444.985 0.501518 122.729 14.8904 96.1142 11.429 0.244695 4.29102 564.535 139.655 14.7801 93.3991 
155.042 98.5377 3.16702 54.5383 139.241 171.045 65.5704 40.7763 254.478 0 250.963 208.38 64.4395 79.2519 0.642758 91.7679 13.7308 79.1342 123.446 35.6474 34.0652 0.255737 1.2166 17.1422 66.1638 75.6125 1.99985 11.4884 
0.94336 154.551 10.9695 189.285 238.382 187.681 479.963 370.836 857.481 474.156 0 127.16 59.4525 123.757 407.735 225.098 2.95333 171.087 86.601 81.4405 32.5322 31.4993 41.374 22.3795 32.9538 166.223 66.3626 85.6635 
175.237 17.6041 183.682 258.035 3.2854 119.779 270.087 2.45689 1.00599 0.000823878 20.7487 0 8.22787 156.515 42.1511 324.723 87.6988 9.86225 20.3248 7.75354 48.0915 28.551 127.085 0.117692 208.324 23.2447 78.8996 53.188 
10.0007 121.819 56.4594 41.2814 5.48871 158.267 131.793 86.9832 205.302 226.953 218.048 50.3971 0 75.3945 6.95237 68.6389 4.33995 105.418 85.4813 13.972 23.2983 82.5803 32.3589 1.46061 20.0646 0.257845 32.3733 44.9736 
35.9604 27.4906 16.6378 18.0306 10.212 5.9824 96.0882 125.283 13.2903 13.5301 213.029 0.274494 25.2298 0 55.774 1.84356 19.9522 30.8803 27.4072 1.23464 0.0176438 8.58226 9.21013 5.88679 0.953513 10.6129 7.65071 6.62082 
17.6097 4.07978 0.0546117 13.4102 2.0296 17.2825 3.85858 142.064 105.229 127.646 395.32 256 34.1261 28.4309 0 44.8849 30.0447 52.8868 38.4368 0.646864 37.0372 6.6015 5.10341 27.8278 31.0602 9.06963 16.7298 0.573572 
80.406 41.7503 24.8671 9.99406 3.68962 11.04 0.0142301 253.249 69.9057 30.9937 225.771 261.803 83.4695 6.81772 10.0968 0 8.57671 58.892 23.254 9.40518 60.2244 11.7858 0.482013 15.3098 15.2347 0.638101 18.7013 20.2832 
471.033 555.471 19.0218 494.258 16.4987 492.569 84.3395 63.0096 528.372 15.2765 4.97854 0.894011 44.565 9.59256 1.28886 21.9678 0 203.839 467.254 27.6105 0.347606 0.00808138 15.6603 18.738 442.505 12.0705 18.066 0.0336372 
133.402 344.095 22.8069 78.6862 164.589 37.3468 99.3978 169.481 35.8663 71.5027 44.7691 13.7539 24.6855 53.4322 8.54852 13.9784 279.946 0 36.23 87.6252 1.68302 22.239 44.307 24.9012 40.4738 13.2655 14.5136 50.2478 
48.0209 79.8379 55.5066 5.48605 112.63 22.5316 135.29 15.8063 15.7597 86.7769 48.1826 98.9814 19.0363 4.80753 5.67519 0.357252 116.974 17.5267 0 4.10299 26.4251 22.6259 19.7028 21.647 15.1012 26.0652 10.4827 1.13597 
125.536 18.2262 2.38446 30.4341 89.1738 15.7353 94.3556 113.906 76.5941 55.4731 0.255557 3.57839 40.8377 0.631413 10.3102 9.58404 6.02383 86.5847 1.15206 0 309.802 0.0123204 2.62692 1.6972 12.4229 8.93523 10.6589 11.5076 
100.764 29.4533 54.5016 159.819 28.7174 5.04723 9.30959 18.5059 97.534 7.20272 147.196 116.725 23.7527 43.5368 18.5524 59.829 13.4218 7.45914 3.72042 154.555 0 25.8523 6.70014 43.0172 39.081 43.1822 9.8661 2.34555 
32.7278 50.8598 9.07013 7.013 55.7602 4.87199 19.953 62.6877 13.2784 61.0546 76.9046 51.4555 24.445 0.00924395 10.407 9.17262 13.9534 35.261 23.5746 6.0369 4.13962 0 10.9892 4.91141 23.2016 7.67743 3.06415 5.35383 
20.4108 0.477932 12.0223 4.98679 4.40723 0.144653 6.68302 61.3153 4.70136 9.72125 22.6632 123.112 23.75 9.53804 1.87878 0.000629623 18.8528 30.4397 12.1929 2.86886 4.96319 10.8917 0 2.24702 1.04512 7.19341 0.158463 7.73791 
43.2279 26.214 0.00403116 26.469 54.4462 17.7246 71.6379 137.981 54.0799 11.7582 129.079 34.3653 0.887984 9.32068 17.1002 17.2755 2.15952 17.3382 23.8512 0.645389 24.9755 13.61 20.2132 0 19.0191 13.1442 1.46763 0.789365 
482.585 439.645 28.0372 468.979 21.6956 448.7 5.81805 101.766 437.903 67.949 145.973 244.61 1.32771 2.12464 31.3832 11.646 461.814 44.671 6.71611 2.52189 10.0497 88.0336 23.2896 76.6862 0 4.92637 175.529 78.5441 
5.21826 13.089 16.0834 38.11 24.8324 0.253489 47.8412 196.304 90.7675 21.3896 166.306 337.265 35.8929 6.01932 2.99187 0.00300861 18.5132 12.3187 1.42031 0.55917 5.1296 2.88244 0.0759662 15.4837 22.4985 0 2.80145 40.765 
3.36825 42.7617 18.8487 18.7639 8.52885 20.1992 48.5334 67.1959 67.6314 38.7764 20.9134 87.725 25.5378 10.7466 3.18455 18.3306 1.98954 34.704 22.9449 5.22167 43.487 2.90487 12.9293 3.41318 8.86896 17.6642 0 57.5726 
9.54099 11.6235 4.29506 26.5456 0.188608 2.81478 0.036489 1.21374 95.1958 8.56719 7.26308 44.0729 0.629066 10.4154 9.90915 22.4458 7.09507 51.1433 26.2301 9.25094 39.3752 1.4887 1.1026 6.59234 19.8333 0.13835 92.308 0 
