0 57.5577 14.9848 175.36 264.754 140.947 102.327 84.3542 54.204 19.862 128.499 223.993 100.144 22.9622 19.0763 30.13 150.294 191.289 114.816 131.174 17.0281 35.8915 0.0558615 24.005 95.6786 55.7533 49.1656 9.0636 
76.4096 0 254.547 123.639 526.877 278.232 424.287 97.4967 310.811 37.512 0.0520703 20.625 38.2851 39.5631 87.5398 40.8965 84.2825 365.536 0.0977642 63.9245 49.8267 43.2624 2.89552 57.1803 129.595 0.234012 37.67 12.599 
67.8399 216.091 0 259.39 51.3386 0.140492 173.776 160.274 447.838 5.04468 234.667 4.17459 14.993 5.57384 7.99599 3.16719 55.3865 162.04 10.7542 4.80039 49.2724 0.882155 9.85411 14.7075 17.8652 0.0882332 18.4738 12.7077 
225.494 346.765 314.792 0 32.3309 110.651 172.368 1030.29 384.529 41.6966 7.28624 147.024 69.1778 10.4462 14.3417 39.1782 59.7031 127.236 62.3792 22.6434 753.295 2.95771 19.446 26.5115 96.8793 29.4452 0.692546 4.3528 
190.471 343.45 6.88073 138.483 0 429.972 3.36667 77.3566 342.415 319.441 196.676 179.643 10.3891 70.2899 76.8772 74.8482 119.165 31.14 53.4855 66.0838 2.47725 37.3029 1.03704 0.555683 15.9434 2.9792 0.334786 2.32884 
180.793 163.801 31.8113 117.05 737.461 0 822.546 165.646 402.491 715.866 271.591 158.126 493.69 5.19029 23.8009 27.2554 104.544 119.396 0.205026 6.4239 27.3827 19.7743 16.4227 6.03435 54.6733 5.6248 15.4711 2.03127 
206.426 407.666 88.7643 0.0320994 299.931 863.424 0 135.073 101.716 508.608 482.756 221.886 0.0742545 8.00176 1.69194 5.30537 0.922733 106.049 103.368 6.16727 32.6185 14.4569 65.1981 12.4096 67.8293 1.88959 23.9631 2.20869 
183.416 64.863 168.527 41.3207 68.0369 16.1812 78.6842 0 4.55718 12.9202 54.0462 36.6823 53.5762 11.1402 0.181238 37.2939 60.2036 149.315 99.0265 2.30469 70.7852 48.5316 22.1066 134.556 31.6115 208.289 21.4581 108.376 
306.027 371.99 257.154 57.4366 38.4446 516.615 891.707 651.217 0 373.344 750.626 393.994 187.569 15.3707 150.106 90.1316 65.8438 6.03192 108.309 22.7907 115.819 14.8729 0.253459 1.30148 181.857 142.6 19.147 88.6496 
156.696 60.6947 0.0396213 41.4106 69.2666 439.473 0.122021 66.6555 330.948 0 463.868 231.017 11.8602 83.0865 1.6729 90.1774 9.12755 93.7178 122.123 39.9675 41.1192 0.0284249 3.35985 22.3083 69.148 73.1405 3.31555 15.1344 
0.330286 115.909 0.0187659 168.103 254.68 238.017 477.547 345.48 850.674 263.153 0 251.911 29.9684 80.3258 347.989 203.613 5.52255 169.243 75.4916 77.7518 43.5586 26.1039 57.9921 35.3773 19.0845 161.016 71.3662 76.4523 
198.077 34.7587 169.96 256.125 0.262792 136.15 245.004 283.134 8.65341 5.36761 1.3874 0 2.7748 165.324 98.6977 481.308 87.7801 4.62931 26.192 3.75896 34.265 23.535 124.838 4.24413 343.941 4.93293 66.9022 30.5801 
15.6334 109.134 61.9657 35.1285 0.4999 106.589 162.824 99.8643 203.814 296.794 186.793 65.2187 0 38.973 0.796073 75.8199 6.54222 103.527 85.5114 16.5473 19.3114 74.944 45.2732 0.10506 16.2468 1.14411 33.8045 44.93 
32.222 33.4755 16.224 16.1906 14.6874 8.18319 92.7686 126.273 26.3398 6.47093 207.632 2.37342 58.5046 0 60.5015 0.0863773 19.2539 27.4771 27.4951 1.00289 0.286566 7.54285 6.86932 7.72232 1.90892 11.6236 8.29726 5.68877 
12.6677 9.00555 0.985951 17.6894 0.194383 23.0588 13.8705 164.514 147.63 133.567 395.169 273.79 18.2863 54.8024 0 6.6685 30.1224 56.9712 37.937 1.03846 40.7939 8.13639 9.68708 27.9586 29.8174 13.3166 15.6259 0.0960431 
80.3134 33.7114 24.5518 15.5305 1.4418 8.20269 1.14797 258.361 49.1202 43.0018 205.336 452.17 80.2099 11.5403 2.49332 0 7.29274 60.4201 24.8263 9.11452 61.9127 11.4755 0.0112391 23.1528 9.79671 0.117459 18.2727 21.667 
96.2716 155.016 14.0921 111.051 29.944 105.936 92.0097 69.4944 151.042 10.4391 2.55409 2.27348 48.1557 10.6922 0.696158 20.8946 0 139.686 476.78 29.3413 0.010335 0.0791584 14.9915 19.293 59.5106 13.4814 17.3723 0.157558 
167.849 370.775 7.4296 98.156 193.166 24.2888 132.65 176.795 18.8498 86.2846 59.3123 7.46036 18.4321 53.5918 5.49487 17.7292 286.19 0 52.6681 87.0836 0.173761 20.2664 44.8081 22.1909 36.9594 16.7991 16.4536 50.8782 
59.7199 103.496 58.8785 9.24623 49.4554 34.8532 147.215 22.7451 7.2197 99.2337 37.3731 100.243 25.1337 6.17019 3.8708 0.884777 166.925 30.6788 0 5.95663 30.8804 23.3705 18.7944 20.8681 16.7723 27.2618 9.49484 0.677847 
65.5586 35.7464 0.785414 22.9999 83.364 13.4816 94.657 116.925 66.847 53.9418 0.053411 7.49878 39.4712 0.828044 9.76776 9.67852 4.34501 87.6389 0.398351 0 201.344 2.47676e-05 2.82718 2.0383 12.9198 9.65452 10.8208 11.4419 
141.167 15.8948 36.9367 98.006 20.0573 2.33634 16.9007 7.00139 117.197 11.4196 143.184 130.922 27.9656 44.3465 22.3645 57.2942 10.3652 3.48628 1.97219 280.674 0 26.9009 8.38387 41.0619 42.9887 47.452 11.7412 1.25125 
34.2296 51.459 9.67153 7.87819 56.5909 6.24193 16.0155 60.3919 16.9053 60.8198 78.257 46.3658 14.9704 0.0692744 8.85934 8.30944 14.7798 33.7291 24.1807 5.90409 5.05401 0 12.955 3.44833 24.0333 8.22705 2.51832 4.85313 
23.3732 1.44649 12.3633 6.34189 6.65948 0.00228986 10.7395 70.927 9.8058 5.87231 11.3233 126.711 35.993 7.71571 0.140403 0.319518 19.0272 32.6649 13.4036 3.059 6.46864 12.8771 0 9.46427 1.81265 8.03158 0.456925 8.29802 
46.8172 21.8898 0.0723912 26.6395 52.8683 17.2571 71.7608 132.958 44.6518 7.72005 128.098 12.9888 3.30632 10.195 21.8283 9.02864 2.76762 19.9771 23.6135 0.437131 22.0004 14.0377 14.5242 0 9.69446 11.4161 0.654015 1.4084 
92.2134 54.2012 27.233 89.0141 26.208 62.3485 10.7617 70.0252 54.8776 70.3042 144.766 324.497 2.84916 3.4023 30.7288 12.5609 76.7958 41.3687 5.39012 1.86455 13.3451 17.579 18.2956 57.9659 0 85.5998 91.6559 108.229 
9.56994 19.002 19.0066 33.508 19.8165 1.006 58.4854 154.618 107.345 14.5853 163.894 398.629 31.808 4.6084 6.08943 1.41723 19.8083 15.7696 0.767922 0.255551 8.02043 3.45079 0.000327065 14.2725 17.4911 0 0.662847 55.0014 
4.95938 45.1488 18.3803 20.4641 10.4567 20.2004 45.4443 74.9209 63.5614 36.4164 26.4892 98.0472 27.3781 11.0161 2.21455 17.6837 2.49968 36.364 22.4364 4.70282 43.9681 2.37028 13.2712 2.14402 16.9381 12.3885 0 81.5989 
6.6506 15.1465 5.74235 24.1052 0.775308 1.84475 0.71494 5.96717 91.032 11.8688 2.96186 68.9316 1.40508 9.73648 7.79993 22.7956 8.07307 51.2899 25.7843 8.71816 36.7534 1.85424 1.56649 7.77069 21.4368 2.999 79.3547 0 
