0 238.196 22.5037 391.016 261.038 320.344 90.7236 97.2893 238.02 16.8118 133.81 221.536 98.825 21.9588 20.5002 28.075 332.983 183.633 113.944 163.508 12.0092 35.5567 0.0150734 22.89 281.538 53.9151 49.4581 9.8757 
243.895 0 194.235 328.891 514.538 455.059 387.298 109.219 471.829 30.1492 0.154799 24.908 34.8338 37.9805 85.9438 43.0209 272.439 383.422 0.619614 58.0561 45.0578 43.8268 3.36022 57.7821 313.142 0.489282 38.3974 11.7064 
55.7667 276.435 0 286.774 60.0944 0.639962 188.791 176.993 465.607 7.03145 238.244 2.15924 16.4998 5.153 7.02652 3.70188 55.1429 160.508 12.1045 5.52757 44.6202 0.792254 9.63495 14.5346 18.5584 0.201564 18.3346 13.1564 
441.731 541.172 374.047 0 27.2364 296.789 164.706 435.144 567.941 45.1047 4.42785 133.072 68.4238 10.9941 15.4577 40.0397 243.147 123.592 62.1205 20.6842 670.755 2.7858 19.4395 26.5886 280.896 27.9844 0.546914 4.87756 
201.352 385.189 10.9285 143.078 0 403.635 10.6986 70.709 348.354 326.13 188.149 179.186 13.2557 70.2088 78.8249 74.9547 123.242 37.3592 39.7608 63.6073 1.74339 38.1905 0.785973 0.762818 17.0067 3.57446 0.448496 1.99031 
362.803 362.574 35.2914 299.822 759.759 0 1114.04 173.787 541.481 353.395 267.826 157.162 607.192 5.72529 22.2882 27.3175 287.842 120.784 0.00739016 5.89815 25.7721 19.9186 16.4454 5.68475 239.109 5.07438 15.2113 2.27821 
195.975 368.935 73.0098 0.796642 271.247 943.508 0 157.964 266.177 506.863 486.866 231.159 0.740375 9.68948 3.14219 3.99031 0.518018 114.784 108.261 7.53341 35.5915 13.5055 64.1809 13.6159 65.7915 2.73053 23.0151 1.73305 
169.371 54.978 151.605 97.661 61.6272 11.3092 98.3205 0 0.00241059 9.44572 67.2635 103.027 50.2341 8.9634 1.01224 49.4291 61.9599 152.811 100.751 3.31297 64.7332 49.4887 24.3214 136.033 38.0734 215.772 23.3132 111.616 
485.453 575.046 306.33 238.454 28.0268 680.621 1096.11 631.815 0 363.245 395.909 386.693 183.591 18.973 107.096 95.6034 251.52 8.46638 104.266 25.0683 120.857 15.8316 0.584975 0.800513 365.911 142.62 20.3574 87.2087 
156.439 51.7222 0.0473908 38.057 53.7295 491.21 2.99224 74.0822 346.625 0 509.818 235.43 4.78666 83.6308 3.38082 89.2282 8.05597 97.4285 121.219 41.0534 43.0061 0.119328 4.08836 23.7144 69.7423 72.2304 3.71139 16.1452 
0.960027 105.89 0.493134 161.312 257.36 248.195 465.95 335.159 759.927 206.488 0 286.29 23.6582 69.3724 318.346 195.172 6.32053 168.281 72.506 76.6371 46.6127 24.7289 62.4943 39.1043 15.9721 158.501 72.5844 73.8952 
203.188 40.047 164.996 252.052 0.0290145 139.843 236.704 411.107 15.7104 8.55891 7.2047 0 1.81512 166.27 115.564 494.417 87.6949 3.57038 27.8123 2.93845 30.9215 22.2622 123.629 7.19799 356.527 16.4684 63.6905 25.4489 
17.2848 105.541 63.2658 33.5139 0.0757348 86.2437 170.268 103.122 202.374 309.705 177.526 69.2197 0 30.633 0.183957 77.3831 7.18616 102.849 85.3311 17.2375 18.3065 72.5979 48.7093 0.00830854 15.2835 1.47892 34.1571 44.8666 
31.2202 35.0629 16.0596 15.6807 15.9615 8.78607 91.4989 125.916 30.3933 5.00917 203.337 4.31704 68.3589 0 57.2011 8.47526e-05 19.057 26.5804 27.483 0.945 0.41041 7.25176 6.03917 8.15557 2.20707 11.8494 8.46039 5.44458 
11.4759 10.5844 1.41565 18.8372 0.0330107 24.5647 17.4169 169.232 158.223 133.687 378.338 273.307 14.7867 58.9964 0 1.80868 30.1118 57.9655 37.7425 1.155 41.7455 8.54429 11.0004 27.6813 29.3489 14.4744 15.3162 0.0368445 
80.0167 31.6435 24.3546 17.0807 1.02057 7.49603 1.90985 254.821 43.9559 46.2212 197.128 479.626 78.9647 12.7507 7.89348 0 6.9663 60.7271 25.215 9.02244 62.2308 11.3695 0.00244523 24.8474 8.49575 0.411801 18.1193 21.9444 
282.982 334.628 12.8775 295.336 33.9788 289.322 93.8415 71.1391 336.849 9.3002 2.04725 2.73724 49.06 10.9817 0.569959 20.5978 0 122.437 100.941 29.758 0.00069798 0.109893 14.8091 19.427 244.003 13.8525 17.1843 0.205066 
176.254 398.874 4.72153 103.009 199.733 21.2073 141.275 178.174 15.1983 90.0982 63.2961 6.1094 16.9101 53.5615 4.79544 18.7582 282.843 0 57.2348 86.6637 0.0343164 19.7496 44.8969 21.4828 36.0175 17.7702 16.9714 50.9964 
62.7988 109.557 59.5542 10.3671 36.206 38.2787 149.652 24.7248 5.49792 102.185 34.667 100.415 26.8175 6.54784 3.44799 1.06093 175.025 34.5873 0 6.48907 32.0661 23.5487 18.5425 20.6479 17.2088 27.5497 9.23849 0.576656 
51.7051 41.01 0.505212 21.038 81.5592 12.8793 94.3826 117.276 64.1897 53.4249 0.180001 8.74496 39.0657 0.883132 9.61431 9.68574 3.94318 87.6366 0.264715 0 165.437 0.000521264 2.87844 2.13059 13.0336 9.83173 10.8555 11.4128 
151.595 12.9568 32.6399 72.7733 17.9949 1.79073 19.2158 4.86039 122.213 12.6655 141.798 134.383 29.097 44.5072 23.3883 56.5195 9.61689 2.68421 1.60219 304.007 0 27.165 8.84865 40.5042 43.9765 48.5159 12.2505 1.01927 
34.6015 51.5614 9.82292 8.10646 56.7361 6.61765 15.0289 59.7229 17.9068 60.6083 78.4825 45.0013 12.7878 0.127526 8.45096 8.07182 14.9921 33.3087 24.3211 5.86607 5.30625 0 13.3897 3.09259 24.1877 8.36524 2.3818 4.72224 
24.1525 1.7849 12.4277 6.71187 7.31686 0.00156024 11.9353 73.3353 11.4202 5.00494 8.93248 127.033 39.3779 6.96263 0.011943 0.515725 19.061 33.2302 13.7183 3.1072 6.89024 13.3182 0 11.6747 2.1738 8.23696 0.559895 8.43552 
47.6955 20.783 0.126783 26.6051 52.3837 17.0999 71.6289 130.907 42.1974 6.77988 127.216 8.94146 4.18248 10.3129 22.9204 7.06325 2.93773 20.6794 23.5307 0.388701 21.2233 14.0907 12.4094 0 7.64289 10.9308 0.492432 1.59712 
274.745 238.206 26.9385 274.182 27.4197 245.972 12.2759 62.046 239.853 70.726 143.701 1077.18 3.33823 3.7748 30.407 25.5814 260.729 40.4714 5.06122 1.70592 14.2656 23.0803 16.9271 51.2225 0 86.5663 172.007 118.238 
10.8995 20.6837 19.7367 32.1625 18.5562 1.28297 61.2305 142.301 111.353 12.9624 162.081 398.989 30.7165 4.25094 7.0408 2.19722 20.1378 16.7219 0.628906 0.194927 8.87012 3.60449 0.00906295 13.8976 16.2398 0 0.342526 57.8056 
5.42218 45.7401 18.2348 20.8909 10.9863 20.1788 44.5944 76.8392 62.4202 35.7655 28.0143 100.514 27.8488 11.073 1.98549 17.4754 2.64193 36.781 22.2914 4.56774 44.0594 2.23698 13.3359 1.85348 19.286 11.0765 0 86.0394 
5.96781 16.1249 6.14514 23.4238 0.994248 1.62111 1.03337 7.78287 89.7337 12.8014 2.13922 75.8419 1.65794 9.54259 7.26609 22.7899 8.335 51.2801 25.6487 8.572 36.0387 1.95536 1.69923 8.07867 21.7458 5.14993 73.6444 0 
