0 339.195 26.7633 505.695 258.788 416.528 85.0476 103.944 336.759 15.371 136.42 220.119 98.1358 21.4596 21.2236 27.0602 430.814 179.647 113.45 179.208 9.81153 35.3854 0.00435357 22.3361 380.985 52.9825 49.5963 10.2922 
338.204 0 164.877 438.657 505.675 549.43 367.434 115.184 558.692 26.7273 0.495769 27.1815 33.1507 37.1874 85.1042 44.0828 373.103 976.817 1.04871 55.1532 42.7329 44.1029 3.60468 58.0689 411.413 0.651643 38.7577 11.2697 
50.014 305.879 0 293.053 64.6108 1.02379 195.88 185.145 470.677 8.1399 239.52 1.39601 17.2724 4.946 6.55925 3.98213 54.9946 159.51 12.8024 5.90553 42.3333 0.748995 9.52316 14.4433 18.9009 0.275399 18.2615 13.3795 
556.04 643.606 384.369 0 24.8204 396.317 160.633 1081.41 665.008 46.8227 3.25889 126.072 68.0232 11.2687 16.0214 40.4324 341.408 121.672 61.9631 19.7124 303.641 2.70139 19.4304 26.6148 379.399 27.2435 0.480411 5.14913 
206.592 404.847 13.2792 145.229 0 389.098 15.8682 67.4447 350.676 328.61 183.764 178.87 14.8092 70.1429 79.7659 74.9803 125.21 40.6405 33.5475 62.3497 1.42402 38.6304 0.673293 0.87848 17.5468 3.89129 0.511515 1.83067 
460.205 468.462 37.0258 397.658 72.6689 0 594.777 177.647 616.333 825.818 265.252 156.542 184.427 5.9992 21.5286 27.3319 385.994 121.387 0.00951011 5.64101 24.976 19.9852 16.4511 5.51204 337.859 4.80744 15.0797 2.40635 
190.554 348.388 65.4694 1.55892 256.485 945.075 0 169.669 369.893 502.764 487.181 235.582 1.3317 10.587 4.03021 3.40015 0.358996 119.159 110.661 8.26327 37.1106 13.0386 63.6505 14.2352 64.7536 3.20717 22.5438 1.51634 
162.294 50.272 143.051 128.671 58.4955 9.18239 108.699 0 1.30373 7.90331 74.2939 147.269 48.5827 7.95704 1.67873 55.9854 62.8322 154.497 101.584 3.88347 61.762 49.9614 25.456 136.655 41.4742 219.078 24.2609 113.175 
581.417 682.443 329.881 336.645 23.3844 765.841 1177.19 618.831 0 357.219 975.722 382.298 181.472 20.92 80.0531 98.3017 350.908 9.83154 102.213 26.2353 123.345 16.3188 0.801641 0.595129 464.381 142.512 20.9717 86.4598 
156.203 47.4323 0.181446 36.4038 46.5604 509.108 7.64497 77.8708 353.607 0 530.013 237.379 2.41899 83.8288 4.45152 88.6732 7.54256 99.259 120.682 41.5876 43.9534 0.188196 4.47742 24.4231 70.0091 71.7362 3.91698 16.6581 
1.39736 100.938 1.25717 157.755 258.44 252.707 458.542 329.483 703.161 179.359 0 303.337 20.7553 64.0504 301.94 190.576 6.73821 167.727 71.0064 76.0579 48.1609 24.049 64.7544 41.0075 14.5073 157.073 73.1775 72.5988 
205.591 42.8005 162.323 249.48 0 141.584 232.321 478.38 19.9889 10.4218 11.7871 0 1.41059 166.523 124.143 495.716 87.6358 3.09121 28.6337 2.56489 29.2999 21.6337 122.932 8.95331 351.192 24.6465 62.0807 23.0306 
18.1355 103.71 63.8912 32.7087 0.00349521 77.0934 173.85 104.727 201.494 315.124 172.765 71.2312 0 26.7482 0.0387735 78.1102 7.51805 102.482 85.2117 17.5844 17.811 71.378 50.4221 0.00064508 14.8087 1.66199 34.3297 44.8268 
30.717 35.8572 15.969 15.4223 16.6125 9.09028 90.8047 125.642 32.5052 4.3441 200.767 5.49885 73.357 0 54.9166 0.0177444 18.9564 26.132 27.4715 0.916544 0.480565 7.10397 5.60735 8.36177 2.36299 11.9556 8.54083 5.32279 
10.898 11.4158 1.65826 19.4125 0.00270626 25.311 19.3198 171.382 163.365 133.52 367.57 272.249 13.1569 60.4461 0 0.512275 30.1017 58.4496 37.6355 1.21534 42.2154 8.74849 11.6647 27.4951 29.0935 15.0558 15.1584 0.0176669 
79.8262 30.6193 24.2386 17.8655 0.836802 7.15007 2.36172 252.309 41.4375 47.8313 192.639 488.466 78.2844 13.3378 11.6099 0 6.80485 60.8658 25.4054 8.97401 62.37 11.3128 0.016172 25.6104 7.87067 0.625074 18.0364 22.069 
382.866 430.923 12.2846 393.979 36.0645 387.517 94.7265 71.951 436.248 8.75237 1.81441 2.98471 49.5057 11.1265 0.511515 20.4471 0 113.913 293.972 29.9601 0.008188 0.127138 14.7168 19.4921 342.773 14.038 17.0894 0.231135 
180.322 416.235 3.5904 105.379 202.847 19.729 145.541 178.777 13.5093 91.9879 65.3085 5.4824 16.1691 53.5351 4.46227 19.2788 280.408 0 59.5464 86.411 0.0048186 19.4915 44.9346 21.1296 35.5441 18.2618 17.2314 51.048 
64.3344 112.544 59.8579 10.9468 30.2526 40.0081 150.755 25.7372 4.72168 103.604 33.3381 100.477 27.6707 6.73955 3.24491 1.15479 178.449 36.6031 0 6.76201 32.6608 23.635 18.4145 20.5355 17.4266 27.6895 9.11084 0.529061 
45.2761 43.7225 0.387811 20.0639 80.6167 12.5774 94.1906 117.381 62.8498 53.149 0.27123 9.40035 38.8559 0.91119 9.53594 9.6866 3.74865 87.5918 0.208026 0 147.39 0.00134965 2.90385 2.17711 13.0878 9.91838 10.8716 11.3965 
156.73 11.5916 30.5567 62.5836 16.9992 1.54445 20.4203 3.93257 124.688 13.3093 141.056 136.066 29.6661 44.5793 23.9031 56.1159 9.25154 2.32167 1.43129 313.294 0 27.2953 9.08443 40.2188 44.4638 49.038 12.5077 0.911999 
34.7838 51.6041 9.89754 8.22068 56.7972 6.80765 14.5437 59.3784 18.4146 60.4794 78.5749 44.3156 11.7506 0.163184 8.247 7.95157 15.0974 33.0957 24.3884 5.84657 5.43423 0 13.5922 2.91993 24.2545 8.43331 2.31464 4.65692 
24.5421 1.96699 12.456 6.89867 7.65541 0.00691812 12.5522 74.5176 12.2676 4.59495 7.83581 127.095 41.085 6.55797 0.000555261 0.630558 19.0761 33.5096 13.8751 3.13101 7.10499 13.5242 0 12.7654 2.37805 8.33708 0.615126 8.50268 
48.1239 20.2348 0.159604 26.5755 52.1307 17.0161 71.5374 129.773 40.9771 6.3298 126.679 7.18731 4.65662 10.3534 23.4363 6.14229 3.02438 21.0318 23.4861 0.365485 20.8357 14.1078 11.3128 0 6.70015 10.6843 0.420012 1.69537 
372.533 336.758 26.7787 373.27 28.0288 344.311 13.0646 58.1515 338.94 70.9056 143.053 294.898 3.59632 3.96616 30.2235 32.5293 359.216 40.0186 4.89991 1.62888 14.7339 31.4538 16.2402 47.9379 0 76.394 179.419 97.5542 
11.5915 21.5425 20.0943 31.4722 17.9361 1.43344 62.59 136.021 113.292 12.1795 160.995 396.579 30.1687 4.075 7.53473 2.64633 20.3007 17.2047 0.564493 0.167641 9.30827 3.68198 0.0178847 13.7021 15.6287 0 0.221332 59.0222 
5.6604 46.03 18.1586 21.101 11.2545 20.1646 44.1639 77.779 61.839 35.4355 28.7854 101.705 28.082 11.0992 1.87513 17.3656 2.71433 36.9864 22.2171 4.50042 44.0995 2.17147 13.3643 1.71533 20.4791 10.4366 0 87.8807 
5.63886 16.6218 6.34969 23.0776 1.11371 1.51431 1.21419 8.77535 89.0542 13.2771 1.77704 79.3292 1.7919 9.44341 7.0031 22.7717 8.46675 51.2677 25.578 8.49801 35.6776 2.0067 1.76721 8.23211 21.8849 6.42204 70.5144 0 
