0 361.963 27.878 531.462 258.186 437.658 83.6439 105.625 358.563 15.0196 137.068 219.746 97.9604 21.335 21.4057 26.8079 452.355 178.635 113.321 182.976 9.29524 35.3421 0.00268031 22.1979 402.933 52.7479 49.6301 10.3975 
359.298 0 157.704 463.238 503.188 570.053 362.346 116.684 577.483 25.9 0.611112 27.7634 32.7346 36.989 84.8902 44.3479 395.362 716.156 1.17341 54.4316 42.1582 44.1714 3.66705 58.1391 433.065 0.695818 38.8473 11.1616 
48.6092 313.082 0 293.794 65.7525 1.13352 197.603 187.156 471.536 8.42875 239.784 1.23089 17.4675 4.89463 6.44434 4.05346 54.9547 159.237 12.979 6.00148 41.7661 0.738353 9.49499 14.42 18.9859 0.295636 18.2429 13.4351 
581.647 666.162 383.277 0 24.2308 418.28 159.591 935.853 686.241 47.2534 2.99399 124.323 67.9206 11.3373 16.1628 40.5264 363.062 121.181 61.9208 19.4706 154.153 2.68046 19.4275 26.62 401.108 27.0575 0.464447 5.21804 
207.879 409.614 13.9 145.75 0 385.53 17.3134 66.6352 351.188 329.138 182.657 178.782 15.2096 70.1238 79.9976 74.9838 125.694 41.4781 32.0657 62.0334 1.3492 38.74 0.646481 0.908645 17.6827 3.97242 0.527906 1.79175 
481.63 492.015 37.4582 419.197 275.71 0 610.065 178.588 632.054 779.53 264.537 156.373 87.8879 6.06828 21.3386 27.3337 407.617 121.528 0.0205576 5.57733 24.7779 20.0013 16.4519 5.46911 359.635 4.74157 15.0466 2.43889 
189.181 343.152 63.6242 1.78883 252.764 941.418 0 172.616 397.49 501.408 487.078 236.664 1.50627 10.8167 4.26904 3.25977 0.323754 120.253 111.255 8.45048 37.4937 12.9227 63.5157 14.3916 64.4924 3.33215 22.4263 1.46435 
160.522 49.1211 140.908 136.185 57.7206 8.68364 111.347 0 2.00148 7.53869 76.0932 159.357 48.172 7.7143 1.87133 57.6706 63.0497 154.912 101.79 4.03292 61.0258 50.0789 25.7423 136.798 42.3408 219.857 24.4999 113.558 
602.467 706.306 335.615 358.401 22.2844 783.911 1194.75 615.258 0 355.615 560.029 381.123 180.929 21.4214 73.4797 98.9719 372.845 10.188 101.696 26.5298 123.963 16.4415 0.861101 0.548487 486.077 142.472 21.1262 86.2696 
156.133 46.3821 0.228503 35.9932 44.8351 512.627 9.13785 78.8246 355.258 0 534.736 237.839 1.95159 83.8705 4.74144 88.5262 7.41664 99.7138 120.539 41.7202 44.1905 0.207845 4.5772 24.6009 70.0726 71.6086 3.96916 16.787 
1.5193 99.7066 1.5029 156.85 258.683 253.772 456.527 328.012 688.327 172.748 0 307.572 20.0561 62.7385 297.697 189.39 6.84463 167.581 70.6309 75.9109 48.55 23.8798 65.3198 41.4872 14.151 156.699 73.3242 72.2731 
206.175 43.5001 161.635 248.783 0.0019032 142.007 231.201 495.338 21.1341 10.915 13.1041 0 1.31737 166.564 126.297 495.486 87.6193 2.97671 28.8402 2.47536 28.8999 21.4774 122.748 9.42062 348.835 26.9309 61.678 22.4419 
18.351 103.249 64.0448 32.5076 2.65997e-05 74.977 174.73 105.125 201.257 316.366 171.562 71.7348 0 25.8099 0.0192871 78.2862 7.60203 102.388 85.1788 17.6713 17.688 71.0684 50.849 0.00297197 14.6908 1.70934 34.3725 44.816 
30.591 36.0557 15.9455 15.3574 16.7767 9.16655 90.6251 125.563 33.0416 4.18487 200.081 5.81609 74.6107 0 54.2849 0.0284959 18.9311 26.02 27.4681 0.909485 0.498958 7.0668 5.49823 8.41215 2.40265 11.9815 8.56082 5.29239 
10.7553 11.6278 1.72175 19.5564 0.000385394 25.4967 19.8086 171.898 164.631 133.454 364.646 271.9 12.7624 60.7367 0 0.311124 30.0986 58.5691 37.6078 1.23063 42.3321 8.79954 11.8313 27.4437 29.0275 15.2013 15.1187 0.0139605 
79.7743 30.3644 24.2078 18.0625 0.793675 7.06445 2.48198 251.606 40.815 48.2334 191.479 490.144 78.1084 13.4823 12.6348 0 6.76471 60.8988 25.4526 8.96166 62.4028 11.2983 0.0214875 25.7916 7.71729 0.685197 18.015 22.0987 
404.925 452.081 12.1379 415.724 36.5928 409.151 94.9446 72.153 458.182 8.61775 1.75832 3.0482 49.6164 11.1627 0.497382 20.4092 0 111.798 369.016 30.01 0.0113432 0.131643 14.6936 19.5082 364.553 14.0843 17.0656 0.237896 
181.324 420.752 3.3313 105.965 203.607 19.3661 146.601 178.918 13.1017 92.4583 65.8137 5.33077 15.9859 53.5273 4.38072 19.4096 279.72 0 60.1269 86.3434 0.00163692 19.427 44.9433 21.0414 35.4255 18.3853 17.2966 51.0601 
64.7176 113.285 59.9302 11.0937 28.8384 40.4419 151.019 25.9927 4.53659 103.952 33.0085 100.49 27.8849 6.78775 3.19498 1.17886 179.251 37.1131 0 6.83092 32.8097 23.6562 18.3823 20.5071 17.481 27.724 9.07895 0.517476 
43.7268 44.4083 0.36084 19.8214 80.377 12.5019 94.1369 117.4 62.5139 53.0783 0.29692 9.5675 38.8027 0.918253 9.51619 9.68653 3.70068 87.576 0.194914 0 142.905 0.00161714 2.91019 2.18877 13.1011 9.93983 10.8755 11.3922 
158.004 11.2613 30.043 60.3953 16.754 1.48568 20.7263 3.71577 125.303 13.4723 140.865 136.481 29.8087 44.5965 24.0321 56.0134 9.16114 2.235 1.39003 315.348 0 27.3276 9.1437 40.1468 44.5849 49.1673 12.5723 0.886096 
34.829 51.6138 9.91608 8.24923 56.8113 6.85535 14.4232 59.2912 18.5422 60.4447 78.5959 44.144 11.4971 0.172776 8.19605 7.92135 15.1237 33.0422 24.4049 5.84164 5.46639 0 13.6412 2.87733 24.2701 8.45021 2.29798 4.6406 
24.6394 2.01384 12.4626 6.94559 7.74106 0.00885249 12.7083 74.8108 12.4836 4.49499 7.57222 127.1 41.5128 6.45441 0.00322458 0.660968 19.0796 33.5791 13.9142 3.13694 7.15909 13.5741 0 13.0344 2.43154 8.36182 0.629326 8.51931 
48.2299 20.0983 0.168394 26.5668 52.0663 16.9946 71.5119 129.479 40.6728 6.21946 126.535 6.77741 4.77885 10.3616 23.5619 5.91936 3.04621 21.1199 23.4746 0.359788 20.739 14.1111 11.0367 0 6.4737 10.6223 0.402788 1.72032 
394.067 358.485 26.7374 395.127 28.1814 365.983 13.265 57.1889 360.807 70.9472 142.88 692.069 3.66225 4.01452 30.1753 34.2392 380.924 39.905 4.85989 1.60987 14.8517 33.9989 16.0683 47.1376 0 72.9476 176.379 90.3953 
11.7672 21.759 20.1829 31.2979 17.7821 1.47231 62.9282 134.441 113.77 11.987 160.706 395.709 30.0316 4.03131 7.66001 2.76458 20.3413 17.326 0.548919 0.16114 9.4192 3.70141 0.0205552 13.6525 15.4775 0 0.195123 59.3061 
5.72065 46.1018 18.1393 21.1531 11.322 20.1607 44.0557 78.0118 61.6927 35.3525 28.9788 101.998 28.1401 11.1055 1.84799 17.3375 2.73257 37.0374 22.1983 4.4836 44.1089 2.15521 13.371 1.68153 20.7789 10.2785 0 88.2993 
5.55788 16.7467 6.40113 22.9905 1.14463 1.48814 1.26161 9.03226 88.8812 13.3969 1.69166 80.2037 1.82618 9.41839 6.9378 22.7656 8.49976 51.2638 25.56 8.47941 35.5869 2.01962 1.78438 8.27041 21.9182 6.75967 69.7066 0 
