0 24.1418 100.292 66.4305 265.873 104.71 80.8558 19.9099 142.701 23.5493 190.624 1.79741 38.9269 31.1805 31.8438 46.7109 119.166 198.063 2.49397 206.816 43.5656 4.39488 16.738 16.448 70.3325 68.5431 50.1791 41.2122 
19.8052 0 154.145 26.7288 392.215 248.358 510.815 219.02 23.9333 8.48251 3.02824 21.2789 80.345 28.0136 0.268404 4.52899 24.8328 915.27 70.3659 66.2658 46.8279 45.7964 36.8946 3.71578 60.8162 10.3417 48.8166 64.5545 
210.29 316.656 0 195.606 180.324 6.99325 217.24 13.4147 416.592 9.05716 152.323 158.628 17.2716 7.53874 21.6779 0.0332031 11.8478 111.509 56.3478 20.6372 56.3969 0.045281 1.22352 11.9758 2.23518 7.61363 17.7937 21.3886 
37.4324 139.584 94.3181 0 163.594 23.0116 7.87938e-05 943.439 328.126 6.78276 158.31 236.408 59.5881 2.20899 30.7284 42.9262 23.2409 26.3455 34.1696 38.2513 759.187 0.712283 4.90598 8.0366 56.4419 12.9782 25.5398 2.39537 
186.267 46.0455 134.155 1.54223 0 357.975 89.7156 197.732 169.392 326.805 123.629 29.3767 63.9746 63.697 23.2922 73.1656 6.47386 52.4872 301.193 0.196526 0.188311 7.86781 49.4056 25.782 36.6777 65.6882 32.1498 8.25153 
145.564 43.7723 49.9657 30.7337 24.3673 0 732.261 65.1697 39.0334 311.877 186.85 1.27552 474.252 20.9096 2.797 17.8957 69.2075 37.9054 12.6232 23.9842 8.86334 5.52506 13.6484 0.67295 21.1735 27.6083 14.8132 18.0122 
186.413 503.131 42.2054 174.27 435.256 212.715 0 409.418 1289.93 305.434 342.919 0.0581263 112.552 7.02193 67.6835 18.155 6.81522 149.901 8.44263 84.5967 4.28061 60.3352 66.2708 35.8425 78.4979 69.2842 47.0029 45.7766 
262.382 207.909 276.368 91.665 191.087 103.345 393.011 0 365.361 75.4496 158.201 939.531 110.762 88.4127 150.106 77.2029 10.7082 4.26984 109.086 80.5953 141.204 25.6304 57.6851 9.75329 165.842 58.8223 39.7372 89.6703 
224.156 322.718 200.847 58.0761 136.45 33.797 629.409 439.258 0 353.756 1112.54 251.704 111.466 114.969 28.1231 140.063 119.315 10.3436 1.19588 48.8695 172.045 1.05377 94.7099 67.8977 104.977 12.6252 19.5985 83.7973 
156.641 1.13326 27.7918 106.865 51.898 7.41421 197.58 220.279 158.909 0 555.092 97.2859 219.351 8.91788 73.3405 9.56099 9.51222 60.4837 120.572 56.2945 71.1837 0.0551879 28.3782 0.910191 25.0453 6.14748 0.154645 55.8123 
47.6302 140.645 54.4937 3.42761 256.61 268.266 433.532 176.188 5.02307 3.31361 0 508.437 251.787 160.684 100.047 146.72 37.1732 121.419 108.519 17.3028 66.2991 59.4697 67.665 2.17648 143.923 157.876 18.8318 97.8603 
39.5132 10.3565 0.644089 238.15 159.804 43.3484 162.846 639.766 149.262 54.2955 221.126 0 145.562 13.4787 59.4977 446.047 80.3079 12.0272 45.872 17.4098 167.44 70.9107 76.5102 8.35381 114.786 245.622 42.8117 162.462 
79.9062 15.5373 2.6052 20.2517 116.144 184.527 10.5864 42.3421 69.23 70.9667 177.332 29.4948 0 118.277 94.5439 13.1393 0.849566 0.0111917 60.8555 0.833307 18.1822 31.1491 48.7093 47.5341 34.2508 50.3673 31.7127 44.2499 
21.9191 44.9821 0.0352627 22.6185 34.1421 21.8506 93.48 78.7668 115.061 64.7136 202.723 165.569 97.0218 0 4.3369 17.6378 2.84197 53.0916 21.5109 0.819623 1.60505 0.908935 8.66349 2.44512 16.6063 12.5712 2.3493 0.3026 
4.26444 96.5471 34.0403 33.3839 93.9389 41.0153 39.2171 99.5129 219.855 41.5802 36.4666 46.4466 58.6689 30.1707 0 35.1399 28.8436 22.3042 1.49879 2.65448 2.69275 3.97327 9.93124 5.91336 23.8312 15.2013 5.21812 11.9631 
0.00653347 83.6735 22.8553 26.4917 0.274445 0.286379 0.995115 103.806 5.9515 84.0995 144.028 477.571 55.8007 12.3027 72.6658 0 0.274047 0.757501 9.1089 0.000407332 39.7248 6.56948 3.02375 25.7916 23.3882 2.43701 13.9582 22.6284 
21.1908 170.767 54.8722 76.6844 24.6699 67.5883 77.3663 5.45508 107.204 8.25503 74.4203 2.17217 20.7565 22.0817 0.0759917 9.63136 0 120.298 68.5904 0.0380551 1.89424 20.0594 3.39902 4.69701 46.7145 26.7463 17.2508 24.3063 
4.07608 425.39 14.032 142.408 212.448 111.631 174.45 2.53496 87.3794 68.0597 0.336168 8.39023 74.4192 33.0816 55.4239 28.5216 282.281 0 1.09187 10.9716 54.2957 7.53432 40.4511 14.224 56.86 11.5525 37.956 44.3364 
55.1384 172.448 40.3435 10.3412 301.022 9.74519 2.79092 93.9094 61.909 70.1228 73.8104 5.55805 68.1501 0.00021879 36.177 4.06625 218.208 0.944522 0 34.9686 1.67552 18.1728 7.11194 5.997 26.9729 26.4139 19.6287 17.3321 
66.0867 116.043 27.5127 37.9607 6.848 23.5153 26.2346 60.709 75.8395 30.9735 45.2147 0.174315 40.9104 1.01198 10.2555 0.678668 34.051 6.17435 33.1822 0 230.855 6.27665 4.0933 1.22797 2.9435 1.3719 3.36919 10.7594 
244.008 14.0262 43.6615 219.519 6.5826 1.05998 14.2174 53.1467 171.263 95.1115 130.527 0.458827 29.239 38.446 15.4065 13.3274 18.9785 38.6317 31.8208 3.29851 0 0.385422 24.1912 47.5328 3.65703 38.4683 43.5813 3.96866 
31.3607 51.741 12.2253 16.3143 36.2648 19.4489 59.5586 67.3573 0.544714 60.7477 0.00524687 53.5612 86.17 5.27343 13.1033 2.28374 3.32427 0.393819 16.642 1.05017 18.1085 0 2.42542 1.85855 4.95969 7.943 0.494076 1.2701 
1.46775 40.4805 8.17049 19.3112 24.7516 3.1985 9.45724 11.957 75.1933 56.5369 126.443 52.5993 39.378 9.18321 0.105626 5.24532 0.340154 44.076 22.4607 4.03809 21.7494 2.50507 0 7.03481 2.00453 2.86976 12.3012 0.00107117 
27.489 42.0137 1.59142 10.163 39.0887 4.95675 61.5997 1.77033 100.212 36.8224 89.3475 65.0807 62.1123 0.137202 0.258274 5.91942 20.4208 28.2085 11.5958 1.02043 42.6258 14.0587 16.6802 0 26.8104 15.0161 14.4676 8.11778 
48.4307 37.2409 8.11707 61.9861 25.6074 25.8953 27.5704 2.82756 72.3415 28.6123 44.9324 410.838 55.1078 16.3321 21.5991 40.3852 20.1106 58.5083 0.0861103 12.0867 28.8348 4.0629 28.2626 75.0311 0 2.96163 152.788 18.1854 
25.7773 0.597401 27.3021 9.13833 18.4213 15.026 97.2479 232.718 5.62433 25.96 153.147 94.2742 3.76269 0.162754 7.65999 5.59114 27.1392 12.4773 1.21928 12.0658 63.0357 3.1489 2.51909 16.4756 32.1471 0 0.0423956 15.4054 
6.85208 53.0414 17.91 0.261879 46.5637 20.1294 59.6132 90.0091 56.9086 46.1135 64.2438 32.3159 36.806 6.41261 18.3274 12.6828 8.36562 18.5068 5.66294 1.72785 20.7917 0.569161 4.5366 16.778 54.3673 6.94735 0 59.2819 
60.0766 17.9493 21.8302 26.8446 0.277885 22.6785 62.9816 0.404014 86.6162 56.8246 87.0039 5.72199 0.00536908 0.490124 22.2519 22.4297 16.5544 40.91 2.0042 6.79169 42.1099 10.5313 4.36715 13.7845 34.4649 12.5467 2.80088 0 
