0 460.551 35.5769 645.307 253.885 521.433 74.6833 116.698 447.058 12.826 141.224 217.132 96.7914 20.5291 22.5994 25.1827 538.79 171.915 112.421 205.113 6.26936 35.0573 0.00164381 21.3041 492.047 51.212 49.841 11.0916 
447.092 0 113.357 569.896 484.49 650.038 328.332 126.51 646.037 20.8064 1.65326 31.6718 30.0763 35.6984 83.4582 46.0703 486.562 966.523 2.15298 49.7887 38.4904 44.6098 4.08459 58.5807 520.235 1.01793 39.4266 10.4688 
39.8367 357.68 0 290.398 73.2771 1.97977 208.275 199.922 473.075 10.4174 240.973 0.410082 18.7534 4.56466 5.71677 4.52945 54.669 157.234 14.1488 6.63828 38.1301 0.670961 9.30982 14.2635 19.5343 0.444417 18.1184 13.7951 
693.793 757.855 336.912 0 20.5443 507.421 152.607 804.084 769.559 50.0616 1.5438 112.993 67.2306 11.7838 17.0864 41.0977 450.289 117.902 61.618 17.9111 529.656 2.54599 19.4026 26.6418 488.65 25.8399 0.367158 5.67443 
216.01 438.929 18.2476 148.98 0 364.442 28.1546 61.4459 353.839 331.666 175.351 178.122 17.9302 69.974 81.4683 74.9786 128.761 47.0815 23.1731 59.9613 0.911529 39.4478 0.485276 1.11694 18.5743 4.51929 0.640701 1.54877 
567.223 591.456 40.2474 505.585 92.8399 0 774.358 184.469 680.293 458.096 259.219 155.135 575.541 6.52325 20.1031 27.3287 494.603 122.353 0.194852 5.16982 23.5012 20.0998 16.4513 5.19234 447.641 4.32253 14.83 2.65495 
180.089 308.371 52.0848 3.66236 228.363 880.492 0 191.91 587.528 489.433 484.638 243.459 2.90033 12.3625 5.982 2.41738 0.139033 127.352 115.064 9.71299 40.0138 12.1797 62.6181 15.4238 62.777 4.20024 21.6656 1.14828 
148.99 41.9089 126.989 178.793 52.7695 5.77065 129.012 0 10.1357 5.37124 88.1634 246.753 45.5252 6.22229 3.37415 69.041 64.4564 157.545 103.096 5.07036 56.3038 50.8362 27.6288 137.608 48.1271 224.452 26.072 115.982 
685.487 807.115 371.016 447.455 15.7469 844.912 1279.08 588.987 0 344.265 535.043 372.768 177.272 24.819 39.0149 103.278 461.916 12.6511 98.3109 28.4705 127.946 17.2462 1.29877 0.291601 573.478 142.098 22.1391 85.0056 
155.569 39.7777 0.665831 33.3537 34.3101 525.405 21.9793 85.0877 365.04 0 562.057 240.556 0.133293 84.0658 6.83806 87.491 6.62146 102.641 119.524 42.5726 45.735 0.359217 5.25038 25.7609 70.4539 70.7408 4.31595 17.6323 
2.43556 91.786 3.62714 150.822 259.99 260.061 441.915 317.967 590.917 131.758 0 334.72 15.7841 54.4152 268.963 181.343 7.55457 166.557 68.1858 74.934 51.0987 22.7887 68.9961 44.6391 11.9318 154.099 74.2602 70.1397 
209.806 48.1483 156.988 243.731 0.10355 144.648 223.711 605.293 29.3071 14.3828 23.2996 0 0.78848 166.602 140.338 488.618 87.4952 2.28417 30.1929 1.93129 26.3537 20.4702 121.458 12.7289 327.026 44.0037 59.06 18.7777 
19.7746 100.221 65.0176 31.2041 0.119704 63.3332 180.288 107.689 199.559 323.308 163.642 75.0161 0 20.0487 0.0567729 79.3722 8.15774 101.746 84.9356 18.2376 16.8951 69.0126 53.613 0.0594604 13.9317 2.03296 34.6465 44.7377 
29.7699 37.3459 15.7842 14.9321 17.857 9.6645 89.3991 124.957 36.6059 3.2189 195.22 8.08365 82.7664 0 49.6491 0.159832 18.7642 25.292 27.4402 0.864099 0.626838 6.82331 4.78326 8.72756 2.66713 12.1424 8.68954 5.09522 
9.84762 13.0471 2.16175 20.4916 0.0365161 26.6938 23.1077 175.025 172.664 132.8 343.56 268.816 10.3295 61.9004 0 0.221187 30.074 59.3331 37.4177 1.3321 43.0844 9.13132 12.9164 27.0626 28.578 16.147 14.8578 0.00049284 
79.3941 28.7192 23.9902 19.3497 0.540974 6.51603 3.3344 246.312 36.8448 50.8418 183.591 495.705 76.908 14.3954 20.1165 0 6.50549 61.0986 25.755 8.87901 62.5951 11.2 0.0743602 26.871 6.74924 1.14118 17.8699 22.2769 
494.767 536.036 11.2003 503.502 40.089 496.205 96.3289 73.4542 547.18 7.76517 1.41504 3.47648 50.3291 11.3979 0.410303 20.1608 0 98.247 239.488 30.3278 0.044336 0.162832 14.542 19.6109 452.578 14.3856 16.9099 0.28419 
187.68 449.986 1.87991 109.707 208.359 17.0757 153.428 179.749 10.595 95.4945 69.1131 4.39525 14.8167 53.4654 3.8678 20.2654 274.513 0 63.9203 85.8613 0.0218441 19.0082 44.9932 20.4692 34.6525 19.194 17.721 51.1314 
67.2013 118.049 60.365 12.0667 20.4005 43.2701 152.612 27.6742 3.42134 106.155 30.8929 100.547 29.2886 7.10398 2.87922 1.34102 184.014 40.4845 0 7.28529 33.7786 23.7918 18.1709 20.3205 17.8338 27.9438 8.87244 0.445244 
34.2667 48.9329 0.209027 18.2569 78.7801 12.0107 93.7328 117.453 60.3215 52.6011 0.492243 10.6857 38.45 0.964691 9.3862 9.68327 3.39559 87.4295 0.120052 0 114.321 0.0039451 2.95108 2.26498 13.1846 10.0772 10.8995 11.3626 
166.172 9.22432 26.7807 50.2479 15.1979 1.13096 22.7604 2.45384 129.263 14.552 139.574 139.133 30.7388 44.6998 24.8727 55.3308 8.58271 1.71149 1.13633 325.95 0 27.5363 9.53234 39.6721 45.3648 49.998 12.9942 0.726709 
35.119 51.6685 10.0355 8.43494 56.8911 7.16751 13.6491 58.715 19.3788 60.1963 78.7114 43.0248 9.9076 0.241649 7.86541 7.72367 15.2935 32.6917 24.5091 5.80914 5.67743 0 13.9439 2.6063 24.3606 8.55903 2.19076 4.5347 
25.2715 2.3313 12.5017 7.25207 8.30746 0.0272366 13.7415 76.6914 13.9264 3.86993 5.96292 127.034 44.3011 5.76337 0.0743018 0.874988 19.101 34.0276 14.1678 3.17514 7.51458 13.8827 0 14.7305 2.80224 8.51992 0.725322 8.62567 
48.907 19.2173 0.231188 26.498 51.6374 16.8497 71.3203 127.458 38.7043 5.52315 125.504 4.39821 5.60876 10.396 24.344 4.54928 3.18964 21.6942 23.397 0.323772 20.1115 14.1229 9.24026 0 5.09663 10.2163 0.299455 1.88638 
480.496 446.197 26.4569 483.631 29.1761 453.312 14.5979 51.0518 449.473 71.1855 141.638 885.573 4.10427 4.33358 29.8394 44.4712 468.483 39.1624 4.60317 1.48862 15.6254 53.1867 14.9525 42.2321 0 45.2896 118.685 37.4698 
12.9359 23.1828 20.7503 30.1498 16.7923 1.73669 65.1107 124.109 116.801 10.7657 158.647 387.497 29.1391 3.75072 8.49055 3.58919 20.6029 18.121 0.452951 0.121959 10.1532 3.82831 0.0424109 13.322 14.5129 0 0.0649427 60.9442 
6.1191 46.5628 18.0098 21.4885 11.7636 20.1319 43.3471 79.5042 60.7312 34.8089 30.2446 103.859 28.5155 11.1445 1.67588 17.1495 2.85234 37.366 22.0746 4.37459 44.1648 2.05073 13.4103 1.4694 22.7372 9.26986 0 90.5988 
5.04467 17.5665 6.73847 22.4194 1.35559 1.32321 1.5917 10.7843 87.7267 14.185 1.18724 85.9019 2.05648 9.25355 6.5176 22.7104 8.71507 51.2309 25.4404 8.35768 34.9941 2.10433 1.89749 8.51852 22.12 9.13384 64.2417 0 
