0 307.355 55.254 498.743 242 310.705 55.9108 142.063 248.9 8.51198 150.13 210.177 94.0068 18.7539 25.3222 21.6634 333.884 156.158 110.057 233.427 1.63302 34.3984 0.0607284 19.3397 293.284 47.7218 50.2599 12.7016 
271.427 0 36.025 411.719 428.551 428.024 249.069 148.703 401.846 11.3171 5.78481 41.1405 24.46 32.822 80.0235 49.8862 292.823 981.771 5.37766 39.8143 30.7635 45.5477 5.08998 59.4724 317.032 1.95262 40.6941 8.98897 
22.8642 435.926 0 235.549 90.503 4.66877 228.303 225.968 451.531 15.5166 240.279 0.166416 21.7256 3.85579 4.2238 5.66252 53.8671 151.386 16.8806 8.13372 30.3872 0.531672 8.8847 13.8849 20.7228 0.882495 17.8194 14.5869 
539.542 556.098 129.92 0 13.2922 308.313 135.883 355.96 550.969 56.3489 0.0224575 88.3134 65.5491 12.778 19.165 42.1123 247.481 110.053 60.769 14.541 719.636 2.25641 19.3098 26.6118 286.252 23.0907 0.190909 6.74592 
232.496 491.831 29.7714 155.129 0 337.477 60.753 50.366 355.476 331.581 158.51 176.105 24.6973 69.4806 84.517 74.7916 135.079 60.4945 8.2834 55.2532 0.24246 40.9978 0.208393 1.65703 20.6105 5.85601 0.930996 1.06905 
359.923 414.65 46.2622 300.383 152.091 0 1068.41 195.958 392.36 476.256 243.367 151.53 107.37 7.57035 17.3636 27.2116 291.029 123.597 1.21935 4.3028 20.7245 20.283 16.4139 4.59098 246.513 3.4462 14.3366 3.16526 
158.99 228.746 29.6802 10.1534 173.916 574.619 0 235.123 1006.84 444.317 468.347 257.006 7.60175 16.1195 10.7775 0.984647 0.00423289 143.015 123.169 12.8037 45.8096 10.5838 60.4879 17.817 58.8553 6.47769 19.9906 0.579993 
123.464 27.6094 96.5593 217.441 42.3027 1.38346 170.638 0 49.8826 1.83915 117.144 479.211 39.7789 3.44979 8.26084 96.5014 67.5476 162.989 105.818 7.78719 46.2255 52.4834 31.9818 138.653 61.8658 231.62 29.6891 120.951 
471.62 629.328 434.285 255.877 5.14213 568.611 1260.68 513.634 0 313.698 1309.29 349.886 168.372 33.2031 49.6813 112.513 263.265 19.0317 90.6155 32.9497 136.562 19.0866 2.59172 0.00843233 370.441 140.521 24.4497 82.0195 
153.637 26.5833 2.45389 27.6777 15.5206 487.444 68.804 99.3548 380.552 0 599.395 244.885 3.74884 84.0248 12.7864 84.6998 4.99825 108.965 116.741 44.41 49.1921 0.843721 6.89994 28.3704 71.1063 68.5714 5.13614 19.5577 
5.23921 74.7373 11.5808 136.585 261.211 269.914 400.629 292.799 415.028 56.6621 0 391.666 8.01276 37.3776 200.456 161.553 9.25241 163.822 62.7178 72.6264 56.8904 20.4111 77.1573 51.8502 7.61599 147.302 76.24 65.2973 
216.834 59.107 145.591 229.388 0.886737 149.793 205.787 828.567 51.8149 23.6972 55.7071 0 0.0943882 165.292 171.313 441.504 87.1141 1.06597 33.2718 0.957313 21.0271 18.2804 118.018 21.7214 288.28 94.2084 53.2361 11.6721 
23.0961 93.2957 67.0168 28.3235 1.27236 53.2132 191.593 113.226 194.794 331.408 145.455 82.3566 0 9.55728 1.1619 81.4227 9.457 100.143 84.2104 19.5089 15.1749 64.1817 59.6553 0.443034 12.2883 2.85111 35.2333 44.5123 
27.93 40.2136 15.3736 13.9667 20.3444 10.7836 86.3122 123.01 44.9909 1.50826 181.999 14.3882 100.652 0 36.8506 0.828301 18.3796 23.6729 27.3434 0.766174 0.963653 6.2703 3.21567 9.34776 3.29617 12.4562 8.96874 4.65929 
7.94654 16.455 3.30781 22.5684 0.436453 29.2859 31.1734 180.553 189.117 129.928 285.635 257.008 5.76518 59.8817 0 7.43192 29.9886 60.9479 36.9334 1.57093 44.7187 9.86886 15.3179 25.9301 27.4516 18.2422 14.2597 0.0368103 
78.2851 25.1351 23.3988 22.2424 0.150628 5.35004 5.66802 230.247 28.5155 56.5904 164.086 474.681 73.892 16.2299 40.3925 0 5.93981 61.4481 26.4025 8.68023 62.8965 10.9583 0.305263 28.6018 4.78843 2.55089 17.5084 22.5816 
297.695 325.691 9.21363 301.667 48.2405 292.773 99.2055 76.2819 348.025 6.00928 0.782013 4.52841 51.8737 11.9219 0.245909 19.5936 0 69.7748 225.074 30.995 0.195869 0.244224 14.1976 19.8276 251.444 15.0561 16.5574 0.402069 
200.771 492.486 0.124375 117.586 217.725 12.4159 168.141 181.039 5.9266 102.11 76.5579 2.62614 12.3449 53.2564 2.83296 22.2068 258.47 0 72.4752 84.5215 0.322046 18.0774 45.0617 19.2009 32.9171 21.031 18.6741 51.2429 
72.6766 128.255 61.1104 14.3463 6.62208 49.5906 155.391 31.5523 1.49156 110.66 26.3529 100.518 32.4761 7.82579 2.22993 1.73845 193.058 48.3204 0 8.33757 35.9455 24.076 17.6877 19.8898 18.616 28.4062 8.41549 0.303394 
17.4794 59.361 0.0185006 14.8698 74.9912 10.9172 92.4907 117.127 55.3927 51.4313 1.10324 13.3712 37.6207 1.07131 9.08675 9.65858 2.75758 86.8279 0.0180293 0 57.6241 0.0128134 3.04074 2.43698 13.3533 10.3702 10.9452 11.2849 
183.534 5.38269 20.0241 53.4612 11.9685 0.512113 27.5695 0.573946 137.818 17.0825 136.392 144.711 32.8304 44.8777 26.76 53.7113 7.35138 0.792827 0.661376 331.411 0 27.9898 10.4189 38.5741 47.0565 51.7811 13.9499 0.427447 
35.7419 51.7358 10.2944 8.84906 56.996 7.87473 11.9793 57.3695 21.2848 59.4981 78.8389 40.5153 6.74567 0.435484 7.1332 7.27548 15.667 31.8936 24.7224 5.73365 6.15949 0 14.5134 2.04037 24.4935 8.79478 1.95903 4.29964 
26.6764 3.11895 12.5633 7.94483 9.62949 0.104368 16.1546 80.719 17.3784 2.63491 3.04282 126.262 50.5236 4.17164 0.56484 1.44937 19.1366 35.0058 14.7285 3.2584 8.33111 14.4663 0 17.9882 3.76708 8.85418 0.962383 8.85211 
50.3436 17.2928 0.406305 26.2671 50.6158 16.4947 70.7331 122.312 34.3846 4.10602 122.62 0.918675 7.67479 10.3539 25.8559 2.06351 3.51929 22.9799 23.204 0.249955 18.7221 14.0894 5.43795 0 2.66836 9.29526 0.123511 2.27978 
275.805 244.521 25.7554 283.421 31.4083 250.648 17.7529 38.2273 250.231 71.515 138.17 839.96 5.17282 5.0724 28.954 55.9533 266.281 37.4836 4.05147 1.2334 17.3962 88.592 12.4915 34.0527 0 1.06235 45.5432 21.4096 
15.6993 26.4548 21.9583 27.5076 14.6571 2.39882 69.8565 100.983 123.073 8.24435 152.991 354.165 27.1438 3.14775 10.4326 5.75367 21.1743 19.9308 0.271678 0.0540665 11.8692 4.1147 0.119169 12.5411 12.4847 0 0.0264737 63.2336 
7.04906 47.5524 17.6999 22.213 12.7694 20.046 41.735 82.6936 58.526 33.5704 33.1106 107.71 29.3381 11.2171 1.31984 16.6954 3.12738 38.0787 21.7877 4.13315 44.2543 1.82537 13.4726 1.04418 27.1135 7.15442 0 92.9625 
3.98237 19.4381 7.50795 21.1172 1.88855 0.988401 2.46225 15.1931 84.9715 15.996 0.381156 98.6125 2.61679 8.87316 5.61061 22.4914 9.19949 51.1099 25.1558 8.0809 33.651 2.29792 2.15925 9.06601 22.492 15.4252 51.0987 0 
