0 135.809 71.9791 307.076 231.031 76.1704 43.0349 161.568 25.6588 5.79833 156.501 203.916 91.7394 17.4326 27.4343 19.1068 103.589 143.66 107.947 234.496 0.117044 33.8775 0.161986 17.8813 67.7856 45.0289 50.5293 13.9761 
85.6829 0 5.06319 216.688 375.649 182.734 189.418 165.543 143.213 5.95943 10.5429 48.9526 20.5144 30.6512 77.213 52.7411 71.4326 228.401 8.75345 32.7112 25.3661 46.2209 5.9187 60.0607 88.0808 2.85732 41.6313 7.92995 
12.8052 467.811 0 164.26 103.688 7.39839 239.442 242.852 413.921 19.9448 236.691 1.44473 24.0638 3.34636 3.22237 6.5805 53.1105 145.752 19.0517 9.32628 24.9234 0.436359 8.55221 13.5718 21.5874 1.31023 17.5735 15.175 
338.908 320.317 106.043 0 8.76107 82.1572 122.416 451.096 304.615 61.0966 0.462393 70.5987 64.1481 13.5268 20.7474 42.6338 19.0756 103.671 59.9683 12.1203 511.5 2.04667 19.2052 26.517 57.8916 20.9952 0.0951128 7.60414 
243.263 518.09 39.9998 158.757 0 326.562 92.2059 42.4901 352.758 326.261 145.38 174.082 30.4277 68.9611 86.6021 74.4888 139.346 71.3881 1.91272 51.6262 0.0199022 42.1443 0.0750821 2.13516 22.1945 6.97439 1.18651 0.763309 
127.377 204.22 50.5286 69.7141 863.067 0 1261.6 203.016 106.89 246.821 228.033 148.045 214.004 8.38906 15.324 27.0257 61.8343 123.985 2.57172 3.68723 18.6928 20.3878 16.3522 4.1512 19.3221 2.83882 13.954 3.57727 
142.507 170.061 16.4039 17.0986 134.272 302.608 0 267.12 1230.28 395.708 446.531 265.659 12.5851 19.2316 15.2629 0.317443 0.157773 154.599 128.899 15.3854 50.3443 9.43322 58.7612 19.7088 55.8083 8.50784 18.7429 0.276363 
104.632 18.5679 74.7969 223.942 34.9631 0.0576229 203.342 0 97.9876 0.387889 140.59 663.907 35.5855 1.8764 13.3219 118.565 69.843 166.701 107.698 10.205 39.0609 53.6914 35.398 138.735 72.8853 234.088 32.5233 124.288 
233.402 414.534 463.391 42.2484 0.929603 275.79 1065.37 444.606 0 286.433 895.978 329.022 160.998 40.2151 99.1261 119.097 38.0412 24.6469 84.6829 36.4669 142.809 20.5215 3.85855 0.0616639 141.299 138.655 26.2446 79.6101 
151.566 18.1526 4.54043 23.6057 6.01247 403.716 118.413 110.333 386.146 0 603.907 246.529 13.4193 83.5555 18.3817 82.1608 3.91012 113.546 114.17 45.7396 51.8173 1.34489 8.28086 30.3605 71.4161 66.7214 5.79992 21.0503 
8.05037 62.5346 20.4206 125.226 260.567 273.33 362.599 271.538 332.975 19.1043 0 429.936 3.81668 26.1753 148.335 145.238 10.6422 161.341 58.5766 70.764 61.3633 18.665 83.2515 57.4391 4.95586 141.295 77.6372 61.5664 
221.126 67.8922 136.129 215.95 1.98983 152.973 191.263 953.212 72.4339 32.1223 88.2488 0 0.0179183 163.027 193.699 381.093 86.7295 0.446338 35.6576 0.442518 17.3335 16.6765 114.911 29.9016 310.095 140.603 48.86 7.3374 
25.7404 87.9178 68.3683 26.1725 2.9542 58.7342 199.048 117.237 190.312 330.523 131.375 87.9138 0 4.04442 2.92708 82.622 10.4953 98.7743 83.494 20.4784 13.9169 60.3263 64.0708 0.96923 11.0915 3.55836 35.6551 44.2948 
26.5308 42.3704 15.0172 13.2223 22.2945 11.6346 83.6648 121 51.6808 0.632726 170.032 20.2455 113.463 0 26.191 1.6622 18.0768 22.4519 27.2383 0.695094 1.26612 5.84464 2.13511 9.73195 3.80628 12.6508 9.17278 4.33331 
6.62432 19.2469 4.31996 24.124 1.03206 31.158 37.8594 183.349 199.976 126.493 235.013 243.826 3.14945 54.3527 0 18.8181 29.8958 62.0871 36.5118 1.76313 45.9144 10.4235 17.079 24.8282 26.491 19.7994 13.7925 0.12533 
77.2084 22.5094 22.8564 24.4308 0.0154 4.52429 7.82179 214.558 22.7546 60.841 147.921 430.186 71.3124 17.3862 56.7278 0 5.52291 61.6239 26.8677 8.51664 63.0065 10.7549 0.581443 29.2311 3.50477 3.95629 17.2004 22.7254 
73.5276 91.4003 7.81143 73.7588 54.6938 63.6766 101.183 78.3528 122.105 4.81659 0.425307 5.41369 53.001 12.3181 0.148929 19.152 0 50.4538 414.002 31.4615 0.38236 0.316795 13.931 19.9807 24.2039 15.5626 16.2853 0.504838 
209.572 485.816 0.177894 123.066 223.61 9.32577 178.696 181.493 3.26409 106.955 82.2552 1.58204 10.6014 53.0328 2.15108 23.7055 242.61 0 78.9952 83.2679 0.783883 17.3753 45.0742 18.248 31.5931 22.4515 19.402 51.2836 
76.7457 135.525 61.4653 16.1668 1.15622 54.3355 156.77 34.5998 0.551145 113.673 23.09 100.351 34.9367 8.38728 1.78951 2.07207 199.87 54.5048 0 9.16885 37.5907 24.2747 17.3108 19.5505 19.2039 28.7306 8.07269 0.213706 
9.27151 67.4634 0.0116753 12.4314 71.9269 10.0938 91.2409 116.472 51.6396 50.4503 1.72649 15.5752 36.9536 1.15483 8.85139 9.62385 2.31424 86.121 0.000720388 0 25.3545 0.0229192 3.10721 2.56904 13.4647 10.5794 10.9726 11.2156 
195.703 3.1376 15.4399 69.9161 9.75198 0.203357 31.4497 0.0202235 144.011 19.1085 133.707 148.609 34.4297 44.964 28.1988 52.3985 6.47358 0.327772 0.385666 318.535 0 28.3227 11.1084 37.7071 48.2921 53.0647 14.6871 0.252731 
36.1917 51.7362 10.4837 9.16257 57.0079 8.4196 10.7686 56.2958 22.764 58.8381 78.8153 38.6047 4.72285 0.618534 6.58526 6.93015 15.9451 31.274 24.8663 5.67369 6.53519 0 14.8418 1.64995 24.5295 8.96678 1.79036 4.12261 
27.7349 3.78802 12.5863 8.47687 10.6837 0.195928 18.077 83.6023 20.1973 1.84967 1.46579 125.107 55.1894 3.0031 1.23337 1.96719 19.1527 35.7262 15.1487 3.31965 8.97117 14.8061 0 19.745 4.61652 9.08957 1.16268 9.01347 
51.3614 15.8748 0.570863 26.0217 49.7829 16.1972 70.1424 117.862 31.1898 3.1617 119.914 0.00804121 9.42921 10.2133 26.7659 0.791506 3.77796 23.9577 23.0398 0.200082 17.6801 14.009 3.01419 0 1.47405 8.58804 0.0409749 2.59821 
45.8838 17.0164 25.1565 56.7427 33.1094 22.2739 20.3009 29.4516 24.8414 71.5776 134.922 1172.13 6.05693 5.65435 28.1627 50.5379 38.2108 36.1922 3.65302 1.05431 18.777 85.1188 10.6789 31.1653 0 24.1967 157.214 104.592 
17.9282 29.0135 22.815 25.4481 13.1094 2.96501 73.3196 83.8131 127.335 6.5309 147.776 316.989 25.6312 2.71469 11.9703 7.65624 21.5958 21.3336 0.164681 0.0206803 13.2389 4.33461 0.202899 11.9132 11.0787 0 0.229515 63.6463 
7.79121 48.266 17.4461 22.7394 13.5501 19.9613 40.4858 84.9745 56.8021 32.6092 35.3174 110.339 29.9478 11.2591 1.07621 16.3206 3.34309 38.6 21.5602 3.95184 44.2897 1.66174 13.4961 0.767489 30.3719 5.69253 0 92.121 
3.25471 20.8937 8.10512 20.1077 2.34945 0.765603 3.24384 18.9717 82.7244 17.414 0.0666835 108.125 3.08389 8.57386 4.95401 22.2383 9.57043 50.9745 24.9238 7.86649 32.615 2.44887 2.366 9.47418 22.7164 20.9153 40.8052 0 
