0 677.274 112.054 736.586 201.508 440.719 19.6404 204.134 420.108 1.58583 169.279 187.232 86.251 14.5867 32.2398 13.8374 476.694 114.959 102.329 218.82 3.03304 32.6561 0.561239 14.7548 451.888 38.9612 50.9772 16.9616 
609.571 0 38.2254 659.872 241.236 518.908 74.8785 201.854 461.884 0.128636 25.8758 67.9745 12.8182 25.8957 70.4038 58.9035 465.392 385.49 18.9635 18.8314 14.9821 47.5953 7.95833 61.0895 464.302 5.45725 43.6348 5.78181 
0.665756 436.79 0 19.6546 132.017 15.2968 249.766 268.986 282.968 31.2611 219.704 8.71454 29.4698 2.31465 1.44543 8.76943 50.9865 129.964 24.1216 12.1061 14.3436 0.256989 7.78676 12.8006 23.3753 2.5432 16.9694 16.4358 
742.056 659.061 54.3404 0 1.96728 463.518 91.3976 493.468 628.079 71.3988 6.33015 36.3419 60.6672 15.1607 24.2333 42.9991 397.266 88.4778 57.7201 7.31371 678.439 1.61178 18.8684 26.0853 435.365 16.3974 0.000466408 9.63779 
260.976 526.778 66.2733 163.396 0 230.416 176.694 26.9079 334.789 299.056 115.791 168.104 44.7901 67.365 90.4809 73.3222 147.04 97.244 3.87156 43.4931 0.411416 44.5942 0.0176498 3.4064 25.8225 9.76961 1.86327 0.265604 
494.354 614.404 58.6437 441.676 879.401 0 979.347 212.999 404.983 262.03 185.906 138.137 622.2 10.2612 11.0113 26.3179 437.646 123.115 7.27769 2.46235 14.4386 20.5138 16.1128 3.23033 400.01 1.67949 13.079 4.56634 
105.7 61.1973 0.688819 38.0814 58.8039 75.8447 0 331.552 1175.11 260.424 373.218 279.339 27.7367 26.8565 27.5769 0.155439 1.28847 178.815 140.111 21.7869 60.7617 7.07269 54.6098 24.1214 48.8773 13.8989 16.0485 0 
65.9633 4.65276 33.7852 378.261 20.7736 3.39613 275.125 0 245.788 1.0268 195.102 974.409 26.8557 0.0760938 28.3943 167.944 74.7711 173.576 111.282 16.6147 24.8756 56.2406 43.2665 136.722 98.4182 230.147 39.0569 130.253 
586.003 804.752 458.315 469.819 3.78916 511.831 366.776 274.803 0 217.403 1038.72 274.028 142.974 57.3584 27.2498 132.092 423.347 39.3282 71.3704 44.574 155.629 23.8202 7.53028 1.00869 516.142 132.509 30.3508 73.8486 
145.152 4.90854 11.3126 15.4354 0.821615 151.168 254.684 134.691 378.789 0 540.22 245.027 54.2528 81.1787 33.662 75.3317 1.95033 122.942 107.12 48.476 57.6322 2.86422 11.7218 34.7786 71.5255 62.0267 7.4003 24.4492 
16.3309 38.3337 47.6896 99.03 254.313 267.98 264.734 219.506 123.656 8.13158 0 493.199 0.000303008 7.85123 50.3146 106.923 14.0359 154.621 49.4674 66.3027 71.4798 14.9786 96.2391 70.0209 1.04694 125.659 80.4045 53.1743 
227.264 88.5548 113.225 179.745 5.99274 157.662 157.02 1013.6 127.029 54.5531 179.277 0 1.24289 154.228 236.513 207.008 85.5808 0.0210624 41.0938 0.00117948 10.2781 13.3034 106.587 51.5979 359.363 252.99 39.3704 1.2243 
31.9667 75.7166 70.8319 21.5308 9.12474 75.5169 211.71 125.495 177.844 307.203 100.079 100.109 0 0.192788 9.58874 84.1403 12.9599 95.2719 81.3971 22.6431 11.2727 51.3277 73.1277 2.85241 8.59875 5.39018 36.5194 43.6686 
23.4239 47.0719 14.095 11.5445 26.796 13.5085 76.922 114.954 67.2403 0.0300342 138.833 36.1835 137.529 0 6.2334 4.37943 17.3701 19.7694 26.9075 0.547365 2.08216 4.89178 0.419102 10.284 5.02882 12.9431 9.60077 3.62752 
4.07801 26.0216 6.96658 27.4728 3.24559 34.9344 54.0662 185.053 218.014 115.289 120.025 203.642 0.130204 33.5766 0 53.7379 29.6033 64.3408 35.4104 2.22311 48.4248 11.6312 20.6133 21.7306 24.0633 23.0776 12.7169 0.509049 
74.113 17.0183 21.3797 29.1624 0.215236 2.89494 13.7219 171.385 11.9673 69.751 109.716 270.987 64.7762 19.0425 84.543 0 4.63547 61.7364 27.8178 8.11522 62.8823 10.2436 1.48632 28.3995 1.36146 7.9635 16.4159 22.7703 
460.712 456.225 5.05067 452.303 69.6236 439.678 104.909 82.7058 504.902 2.61349 0.0179373 7.64636 55.3622 13.194 0.0197323 18.1369 0 17.2791 135.802 32.3711 1.01755 0.511625 13.3221 20.2855 404.652 16.6804 15.6659 0.774598 
225.1 404.419 4.56647 133.443 232.607 3.94974 199.731 180.869 0.158577 117.062 94.9605 0.199221 7.15253 52.3362 0.962329 27.1026 198.3 0 93.3424 79.7751 2.52938 15.8279 44.9797 16.163 28.6359 25.6808 21.0338 51.238 
85.4307 149.871 61.593 20.4589 5.1703 64.4601 157.519 41.6585 0.107047 119.014 16.4565 99.5287 40.5025 9.67485 0.976568 2.91103 217.895 68.768 0 11.1098 41.2416 24.6635 16.4423 18.758 20.4914 29.3682 7.32266 0.0700374 
6.57244 85.5188 0.42256 7.57173 64.6123 8.30031 87.5457 113.774 43.337 47.9939 3.59826 20.9515 35.358 1.34825 8.30473 9.49753 1.45843 83.7909 0.148568 0 0.947576 0.0558478 3.24992 2.86678 13.6606 11.0018 11.0106 11.0294 
218.764 0.291106 7.17377 72.6255 5.58284 0.0195054 40.715 1.50726 156.684 23.9188 126.949 156.163 38.0159 45.0046 31.4059 49.2359 4.70143 0.0187103 0.0368178 244.757 0 29.0277 12.691 35.6799 50.8792 55.6891 16.3614 0.0274032 
37.1196 51.5805 10.8816 9.8565 56.8248 9.65032 8.26236 53.7512 26.1451 56.9783 78.3906 34.3536 1.47265 1.13142 5.40029 6.15097 16.547 29.854 25.1304 5.53206 7.40133 0 15.2302 0.914982 24.4048 9.3271 1.43807 3.73349 
30.0579 5.49108 12.5634 9.67324 13.1768 0.500428 22.6016 89.4132 27.0172 0.590501 0.000203201 120.822 65.1409 0.909178 3.55841 3.33263 19.1543 37.2575 16.065 3.44972 10.4551 15.2214 0 20.72 6.81887 9.55208 1.66894 9.3384 
53.3896 12.867 1.03229 25.2637 47.7587 15.4522 68.3882 106.471 24.4091 1.48531 112.398 3.39095 13.8603 9.57944 27.9765 0.125105 4.37919 26.1348 22.6197 0.10847 15.4076 13.663 0.0879095 0 0.97651 7.01424 0.0169171 3.36335 
420.456 397.328 23.6323 437.973 36.8982 400.291 26.3894 13.5257 410.615 71.1355 125.926 1181.41 8.24034 6.99897 26.0641 14.9922 416.749 33.2747 2.83103 0.702571 21.95 20.7839 6.94434 34.5097 0 89.5081 23.9222 7.76614 
23.2471 34.89 24.5087 20.7901 9.91195 4.40921 80.4954 48.8076 135.104 3.38454 133.627 211.07 22.29 1.84056 15.5049 12.4829 22.4941 24.5329 0.0219565 0.00291999 16.4778 4.83047 0.466361 10.4293 8.43762 0 1.38754 60.4308 
9.55087 49.7343 16.8254 23.8326 15.3384 19.7123 37.6357 89.5788 52.8259 30.4111 40.3 115.211 31.2566 11.3113 0.619099 15.3989 3.84445 39.6979 21.0241 3.55481 44.268 1.3213 13.4748 0.30027 37.1419 2.96198 0 82.4372 
1.88682 24.2278 9.46655 17.8147 3.54684 0.369184 5.34738 28.5848 77.2804 20.6857 0.293901 128.29 4.24974 7.87929 3.60491 21.4149 10.4054 50.5385 24.3589 7.37713 30.265 2.79672 2.84901 10.3534 23.1151 34.2596 19.6001 0 
