0 782.786 126.037 787.335 189.938 481.207 13.4796 218.143 472.268 0.735741 173.199 180.66 84.2186 13.6362 33.9272 12.1657 519.772 104.961 100.103 222.619 6.04732 32.2136 0.755222 13.7156 498.85 36.8532 51.083 18.0394 
714.42 0 80.1397 722.518 194.28 548.868 45.2903 213.734 489.936 0.134903 32.6073 74.997 10.5298 24.2839 67.8902 60.9576 515.937 629.778 23.3042 14.7691 11.9576 48.0301 8.72504 61.3537 508.489 6.54044 44.3007 5.10795 
0.02397 395.463 0 2.25249 141.126 18.5118 248.417 273.82 229.935 35.5663 211.166 12.5966 31.3916 1.99386 0.986291 9.56419 50.1153 123.601 25.9351 13.0938 11.2658 0.205571 7.5149 12.5112 23.945 3.05597 16.7425 16.8546 
782.786 684.301 31.9839 0 0.732806 509.113 80.7133 1032.69 650.808 74.8279 9.88852 26.6583 59.3523 15.7118 25.4148 42.8662 442.376 82.9935 56.7973 5.87718 670.846 1.47174 18.7187 25.8657 479.967 14.8527 0.00608058 10.3772 
264.905 513.338 76.1594 163.855 0 168.939 208.545 22.2163 324.947 285.174 105.625 165.576 50.2105 66.6736 91.5654 72.7617 149.083 106.538 9.7297 40.687 0.832408 45.4071 0.0750653 3.91201 27.1069 10.8317 2.13217 0.152683 
535.02 667.402 60.8952 484.304 646.179 0 672.861 214.497 442.057 102.383 169.489 134.068 658.796 10.9186 9.61904 25.9806 481.737 122.257 9.42026 2.08853 13.0608 20.5226 15.9974 2.93183 445.911 1.34355 12.7692 4.93079 
93.2914 34.5077 0.0915493 46.8654 38.6727 168.818 0 350.55 983.923 210.764 341.626 282.162 34.176 29.6888 32.4967 0.527269 1.93208 186.529 143.437 24.1918 64.4459 6.32298 53.0821 25.7056 46.4486 16.0273 15.1445 0.0336984 
54.0345 1.96106 22.7946 445.187 16.6219 6.54798 298.41 0 304.644 2.49353 214.097 1020.97 24.0492 0.01099 34.7059 184.134 76.413 175.488 112.322 19.1423 20.598 57.0759 46.0523 135.326 107.343 225.792 41.378 131.82 
621.245 847.932 434.162 536.196 8.69773 515.989 163.245 217.11 0 192.143 1735.65 252.965 136.305 63.6449 0.376238 135.97 470.917 45.0482 66.7747 47.4472 159.671 24.9933 9.06552 1.60153 559.555 129.771 31.8034 71.7373 
142.377 2.23417 14.2941 12.936 4.28584 80.7264 304.241 142.948 369.978 0 497.309 242.85 73.6177 79.9391 39.6919 72.6276 1.42454 125.907 104.282 49.3463 59.6279 3.51737 13.0221 36.2936 71.3758 60.2315 7.99271 25.6456 
19.8183 31.0823 59.1808 89.8975 250.633 262.034 228.979 200.571 44.5224 28.4256 0 506.58 0.493918 3.91297 26.7173 93.6059 15.3042 151.924 46.3699 64.6638 75.0132 13.7718 100.478 74.3621 0.363355 119.629 81.2481 50.2633 
228.252 95.968 104.902 165.707 7.86663 158.488 144.821 958.269 148.006 63.3361 214.754 0 2.1139 150.044 248.194 146.814 85.0896 0.182577 43.0099 0.076842 8.23155 12.2032 103.292 60.0047 320.478 289.811 36.1964 0.297621 
34.2209 71.4583 71.5025 19.9807 12.014 71.7159 214.725 128.118 172.788 292.804 89.5116 104.24 0 1.66402 12.7181 84.2868 13.8606 93.9174 80.513 23.3927 10.4093 48.1259 75.9515 3.72755 7.79443 6.10468 36.7942 43.4064 
22.3549 48.6579 13.7372 10.9609 28.3971 14.1439 74.3421 112.383 72.7442 0.259599 127.015 42.4991 143.913 0 2.19113 5.54038 17.1152 18.8545 26.7619 0.499701 2.41012 4.56376 0.12245 10.3705 5.47607 12.9977 9.74014 3.39074 
3.32978 28.5252 7.99508 28.5822 4.29152 36.0917 59.9784 184.168 222.041 110.387 84.7483 187.043 0.017505 25.3324 0 65.701 29.4745 65.0268 34.9781 2.39227 49.2423 12.0379 21.6623 20.4857 23.141 24.1292 12.3345 0.70117 
72.8257 15.2465 20.7883 30.7237 0.445678 2.40434 16.0956 154.637 8.96088 72.6048 96.3618 208.15 62.2888 19.2836 88.7983 0 4.34181 61.6852 28.1184 7.9648 62.7204 10.0487 1.88461 27.4131 0.867294 9.57929 16.1139 22.6968 
508.771 496.687 4.21904 497.291 74.9011 483.824 105.973 84.1253 551.298 2.0005 0.00211732 8.50218 56.1298 13.495 0.00304961 17.7756 0 9.58754 163.748 32.6435 1.30805 0.589806 13.1064 20.3794 450.431 17.0637 15.4471 0.881171 
229.045 388.93 7.42273 136.384 234.335 2.59979 206.076 180.126 0.0084501 120.311 99.3338 0.026956 6.10279 52.0314 0.658666 28.2945 180.869 0 98.1889 78.3495 3.36222 15.2976 44.9076 15.4539 27.6111 26.8172 21.6022 51.1783 
88.29 154.153 61.4229 22.0109 11.7117 67.7504 157.025 44.1785 0.487322 120.399 14.3787 99.1002 42.4474 10.1317 0.750186 3.23183 224.38 73.7998 0 11.8082 42.4986 24.7806 16.1325 18.4721 20.9297 29.5612 7.06725 0.0384071 
10.7432 91.6212 0.700158 6.11277 61.9464 7.69687 85.9847 112.45 40.5035 47.06 4.39941 22.9523 34.7712 1.41751 8.10864 9.43815 1.20548 82.7467 0.259699 0 9.40711 0.0706112 3.29758 2.97087 13.7114 11.1336 11.0163 10.9548 
225.229 0.0122335 4.99551 53.6493 4.39488 0.118723 44.1019 2.89334 160.668 25.6746 124.369 158.394 39.2634 44.9697 32.514 48.0691 4.1479 0.146597 0.00183449 209.092 0 29.2602 13.2535 34.9483 51.7192 56.5185 16.9513 0.00234562 
37.4169 51.476 11.0116 10.0952 56.6939 10.0803 7.45857 52.8225 27.3411 56.2124 78.124 32.8874 0.769259 1.34112 5.00401 5.87928 16.7498 29.3495 25.2035 5.48041 7.7108 0 15.2507 0.706874 24.2951 9.44432 1.32371 3.60047 
30.8494 6.14776 12.5316 10.0894 14.0845 0.637778 24.2376 91.2117 29.534 0.315803 0.161138 118.806 68.3771 0.438934 4.60097 3.861 19.1439 37.7635 16.3757 3.49268 10.9872 15.2515 0 20.0471 7.66568 9.69122 1.86291 9.43948 
54.012 11.8776 1.22182 24.935 47.0049 15.1689 67.6426 102.113 22.1864 1.04651 109.35 6.27399 15.5484 9.26388 28.1181 0.614721 4.59544 26.8873 22.4569 0.083081 14.6379 13.4906 0.0475831 0 1.50997 6.47658 0.0601913 3.64498 
464.241 443.204 23.0473 483.866 38.206 445.263 28.6153 9.32674 458.604 70.7959 122.286 339.978 9.06275 7.4759 25.2388 7.27081 461.847 32.253 2.56786 0.596291 23.077 17.0538 5.78208 37.5378 0 61.4543 98.8125 12.9799 
25.1891 36.9689 25.0196 19.1795 8.88983 4.96454 82.7816 38.2554 137.197 2.52177 128.011 171.642 21.1468 1.57031 16.7403 14.2782 22.7919 25.6619 0.00344488 0.0150472 17.6556 5.00387 0.581822 9.89439 7.69898 0 2.0086 58.0596 
10.1936 50.203 16.593 24.1845 15.9733 19.6069 36.6289 91.0107 51.4089 29.6329 42.041 116.566 31.6937 11.3161 0.488947 15.0535 4.02491 40.0577 20.8289 3.4196 44.228 1.21125 13.4437 0.187764 39.2618 2.20418 0 76.8797 
1.49618 25.4087 9.94599 17.011 4.01581 0.264551 6.18968 32.2591 75.2644 21.8507 0.671252 134.788 4.69324 7.63081 3.17766 21.0493 10.6973 50.3444 24.1479 7.2041 29.4389 2.92088 3.02309 10.6466 23.2441 38.9111 13.5235 0 
