0 781.322 127.663 779.083 188.541 472.199 12.8266 219.754 464.67 0.656845 173.642 179.863 83.9754 13.5257 34.1261 11.9749 511.054 103.79 99.8328 223.551 6.46793 32.1609 0.779893 13.5951 490.591 36.6056 51.0937 18.1675 
713.073 0 85.8943 715.896 188.878 538.619 42.2476 215.1 479.606 0.204911 33.4435 75.8346 10.2743 24.096 67.59 61.1959 508.103 814.092 23.8399 14.3194 11.6226 48.0798 8.81714 61.3817 499.902 6.67375 44.378 5.03118 
0.0723945 389.768 0 1.77305 142.163 18.9029 248.091 274.235 223.666 36.0832 210.08 13.0971 31.6188 1.95748 0.937854 9.65857 50.0085 122.827 26.1497 13.2104 10.9257 0.199889 7.48275 12.4764 24.0102 3.11902 16.7152 16.9032 
773.359 673.326 36.4545 0 0.626655 500.678 79.4696 1326.14 639.629 75.2251 10.3569 25.6056 59.1942 15.776 25.5524 42.8418 433.905 82.3435 56.6841 5.71701 484.871 1.45565 18.7 25.8376 471.428 14.6734 0.00804411 10.4651 
265.288 511.222 77.3388 163.869 0 161.484 212.32 21.6904 323.676 283.408 104.438 165.263 50.8605 66.5877 91.6838 72.6906 149.302 107.637 10.5878 40.3584 0.891509 45.5014 0.0844399 3.97361 27.2587 10.9597 2.16493 0.141428 
526.01 659.737 61.1382 475.533 399.851 0 374.13 214.605 433.376 230.245 167.517 133.57 665.574 10.996 9.45952 25.9378 473.141 122.138 9.68865 2.04639 12.9023 20.5225 15.9828 2.89748 437.531 1.30634 12.7326 4.97435 
91.8541 31.8293 0.189947 47.942 36.5517 184.602 0 352.645 957.432 204.995 337.756 282.427 34.9698 30.0274 33.0944 0.585421 2.01616 187.409 143.808 24.4802 64.881 6.23726 52.8997 25.8935 46.1626 16.2858 15.0393 0.0420572 
52.6923 1.71903 21.6298 451.217 16.1612 6.98432 301.062 0 311.663 2.70778 216.318 1023.89 23.7272 0.022383 35.4809 185.98 76.6035 175.696 112.437 19.4492 20.118 57.1724 46.3812 135.139 108.388 225.183 41.6525 131.986 
611.587 839.028 430.634 530.332 9.40393 503.173 143.742 210.532 0 189.164 1421.91 250.441 135.509 64.3918 0.0893956 136.403 462.735 45.7403 66.2364 47.7867 160.131 25.1322 9.25459 1.68007 550.868 129.429 31.9753 71.4855 
142.033 1.98727 14.6647 12.6544 4.86945 73.9064 309.982 143.909 368.74 0 491.69 242.539 76.0361 79.7798 40.4206 72.2993 1.36802 126.245 103.936 49.4458 59.8618 3.59836 13.1784 36.4709 71.3519 60.0152 8.06363 25.7867 
20.2485 30.2724 60.5881 88.8283 250.151 261.202 224.777 198.33 37.1044 31.5846 0 507.835 0.613735 3.5371 24.3904 92.0544 15.4564 151.595 46.0083 64.4684 75.4289 13.6325 100.965 74.8703 0.306116 118.903 81.3433 49.9217 
228.329 96.8453 103.915 164.022 8.10307 158.558 143.383 949.374 150.522 64.3984 218.999 0 2.23125 149.516 249.441 140.088 85.0287 0.212045 43.236 0.0934931 8.00478 12.0763 102.891 61.0168 314.608 293.939 35.8281 0.229895 
34.4891 70.9574 71.5749 19.8006 12.3782 70.7987 215.03 128.417 172.17 290.921 88.2849 104.722 0 1.93148 13.1119 84.291 13.9681 93.7535 80.4038 23.4807 10.3097 47.7478 76.2713 3.83778 7.70197 6.19132 36.8257 43.374 
22.2296 48.8426 13.6939 10.8923 28.5866 14.218 74.0313 112.065 73.3925 0.301417 125.604 43.2644 144.586 0 1.84572 5.6825 17.0849 18.7475 26.7438 0.494216 2.45019 4.52535 0.0990158 10.377 5.52935 13.0025 9.75621 3.3632 
3.24646 28.8243 8.11933 28.7106 4.42372 36.222 60.68 184.014 222.434 109.78 80.8833 185.025 0.0362194 24.3782 0 67.0157 29.4584 65.1041 34.9256 2.41248 49.3366 12.0853 21.7785 20.3346 23.0302 24.2494 12.2893 0.725719 
72.6672 15.0429 20.7162 30.9038 0.478217 2.34931 16.385 152.632 8.63396 72.9313 94.8035 200.851 61.9899 19.3001 89.071 0 4.30775 61.6761 28.1527 7.94674 62.6973 10.0252 1.93405 27.2751 0.817986 9.77539 16.0774 22.6852 
500.641 487.671 4.12575 488.798 75.5231 475.234 106.09 84.2889 542.968 1.93364 0.00451428 8.60554 56.2184 13.5303 0.00204235 17.7329 0 8.82503 88.7484 32.674 1.34456 0.599358 13.0809 20.39 442.035 17.1086 15.4212 0.894145 
229.457 388.022 7.80214 136.706 234.49 2.45904 206.786 180.021 0.022381 120.684 99.8464 0.0171559 5.98444 51.9935 0.626706 28.435 178.771 0 98.7525 78.1749 3.46775 15.2355 44.8977 15.3711 27.4907 26.9512 21.669 51.1698 
88.6206 154.63 61.3956 22.1953 12.6485 68.1281 156.942 44.477 0.550091 120.545 14.1423 99.0451 42.6765 10.1857 0.725481 3.27055 225.103 74.3926 0 11.8911 42.646 24.7938 16.0957 18.4381 20.981 29.5829 7.0374 0.0353046 
11.4016 92.3299 0.737281 5.94985 61.6293 7.62668 85.7919 112.281 40.1723 46.9475 4.49869 23.1918 34.7011 1.42573 8.08537 9.43065 1.17724 82.6161 0.274787 0 10.9644 0.0724608 3.30312 2.98314 13.7168 11.1486 11.0167 10.9457 
225.932 0.00361506 4.76402 51.0024 4.26408 0.135907 44.5055 3.0856 161.121 25.884 124.058 158.642 39.4103 44.9639 32.6441 47.9295 4.08488 0.169595 0.000639687 204.709 0 29.2872 13.32 34.8614 51.816 56.6132 17.021 0.00120026 
37.451 51.4621 11.0266 10.1232 56.6763 10.1309 7.36637 52.7118 27.4825 56.1183 78.0887 32.7155 0.701229 1.36681 4.95797 5.84732 16.7734 29.2899 25.2115 5.47425 7.74753 0 15.2492 0.68405 24.2799 9.45785 1.31054 3.58489 
30.9419 6.22715 12.5271 10.1383 14.1926 0.654995 24.4319 91.4153 29.8345 0.289058 0.20279 118.552 68.7487 0.394168 4.73056 3.9246 19.1423 37.8222 16.412 3.49766 11.0504 15.2511 0 19.9351 7.76764 9.70683 1.88631 9.45096 
54.0824 11.7631 1.24509 24.8942 46.9146 15.1348 67.5503 101.588 21.9298 0.999821 108.978 6.66917 15.7516 9.22379 28.1252 0.696225 4.62114 26.9757 22.4372 0.0803141 14.5481 13.4686 0.0776322 0 1.5962 6.41382 0.0670263 3.67862 
455.613 434.825 22.9767 475.478 38.3595 436.773 28.8805 8.88148 450.48 70.7497 121.841 354.465 9.16159 7.53221 25.1387 6.80665 453.37 32.1327 2.53766 0.584337 23.2101 17.8611 5.65074 37.9075 0 57.059 110.347 18.6078 
25.4203 37.2143 25.077 18.9909 8.7727 5.0316 83.043 37.0807 137.422 2.42836 127.33 167.046 21.013 1.53973 16.8853 14.4916 22.8264 25.7952 0.00231944 0.0170932 17.7958 5.0243 0.596193 9.83096 7.61846 0 2.08883 57.7417 
10.2703 50.2568 16.5651 24.225 16.0484 19.5938 36.5099 91.1733 51.241 29.5409 42.2462 116.714 31.7445 11.3162 0.47462 15.012 4.04635 40.0992 20.8056 3.40378 44.2222 1.19858 13.4392 0.176239 39.5019 2.12191 0 76.1638 
1.45314 25.5483 10.0025 16.9163 4.07275 0.253364 6.2925 32.7014 75.0233 21.9886 0.725688 135.532 4.74671 7.60137 3.12888 21.0037 10.7317 50.3201 24.1225 7.18364 29.3414 2.9356 3.04375 10.6807 23.2596 39.4502 12.869 0 
