0 554.12 151.174 445.268 166.859 138.545 4.92347 242.757 152.984 0.00996699 179.783 167.373 80.2342 11.9062 37.1122 9.26599 181.322 86.4599 95.564 245.902 14.3961 31.3562 1.19668 11.8327 167.761 32.9124 51.2122 20.1187 
492.413 0 187.11 411.752 113.307 186.636 8.86391 234.604 129.974 2.99418 47.0299 88.6424 6.79568 21.3218 62.9906 64.6768 191.718 757.771 32.4609 8.34509 7.1388 48.7879 10.245 61.7192 172.148 8.81826 45.5098 3.94433 
3.90756 289.149 0 33.9028 156.703 25.0251 239.064 276.516 133.163 44.0479 191.958 21.6499 35.0453 1.44748 0.355365 11.0915 48.3008 110.67 29.391 14.9592 6.4073 0.124137 6.99708 11.939 24.9379 4.13 16.2926 17.6128 
422.646 306.678 233.767 0 0.0310273 174.874 61.3393 480.867 272.115 80.9951 18.5743 12.186 56.7423 16.72 27.5758 42.2564 108.095 72.5368 54.8737 3.55342 695.913 1.22393 18.3925 25.3579 144.385 12.0582 0.0703783 11.807 
269.001 466.941 95.2489 163.087 0 65.8289 268.497 14.4964 301.941 253.966 86.9606 160.219 60.8923 65.1875 93.223 71.4952 152.003 124.178 27.5084 35.4788 2.01899 46.8806 0.29087 4.95054 29.5507 12.9501 2.68494 0.0243022 
191.755 342.773 64.1959 145.013 462.662 0 357.657 214.48 122.968 596.718 137.398 125.636 146.043 12.1547 7.1876 25.2235 145.287 119.887 14.0938 1.46186 10.6206 20.4902 15.7363 2.40234 113.009 0.808858 12.179 5.64356 
71.0381 4.38054 5.88342 64.9981 11.5926 493.269 0 380.075 516.094 123.298 277.006 284.671 47.7163 35.2217 42.4819 1.81832 3.48702 199.83 148.821 28.9324 71.4283 5.0145 50.1028 28.7442 41.8783 20.3553 13.4916 0.278066 
34.2628 0.000911821 7.66043 478.141 9.98475 15.1201 338.105 0 416.251 6.95549 248.943 1000.95 19.1146 0.67361 47.8353 211.783 79.3958 178.394 113.984 24.2782 13.5437 58.5747 51.3309 131.761 123.837 213.699 45.7968 134.03 
267.374 501.604 362.974 245.474 23.1448 126.789 0.124258 119.992 0 145.001 997.189 211.851 123.339 75.6995 59.1999 142.261 141.234 56.5629 58.2408 52.8959 166.637 27.2338 12.2969 3.07867 221.37 123.839 34.5669 67.6313 
136.445 0.0170109 20.6863 8.76288 17.9276 17.4465 390.897 157.973 345.358 0 396.171 236.511 115.193 77.0594 51.744 67.1466 0.655925 131.027 98.4552 50.8646 63.3372 4.91509 15.5997 39.0998 70.8335 56.6516 9.15638 27.9103 
27.175 19.2832 82.8788 73.0297 241.709 245.573 163.137 164.71 10.5171 96.5863 0 518.294 3.95345 0.169655 2.02188 69.4573 17.8096 146.375 40.6673 61.4687 81.6554 11.6111 107.968 82.3969 0.0361435 107.642 82.6659 44.8276 
228.485 110.089 89.0527 138.166 12.0441 158.897 121.883 765.792 189.037 80.9544 283.351 0 4.36445 140.755 264.616 53.9126 84.0384 0.917207 46.6437 0.538393 4.97092 10.2388 96.5968 76.6421 238.648 348.563 30.4411 0.262365 
38.5724 63.4789 72.4967 17.1647 18.43 47.1846 218.355 132.681 162.371 258.437 70.4342 111.813 0 8.25017 19.6239 84.0262 15.6145 91.1844 78.639 24.7971 8.86423 42.0716 80.7264 5.66948 6.3719 7.55335 37.2754 42.8515 
20.3643 51.5616 13.0168 9.86794 31.4483 15.3072 69.2044 106.942 83.0834 1.29987 104.173 55.2278 152.542 0 0.239756 7.91907 16.6228 17.1605 26.4458 0.415248 3.08828 3.95611 0.0469288 10.3808 6.34243 13.0338 9.98882 2.95868 
2.11907 33.4097 10.0569 30.575 6.63205 38.0194 71.2926 180.468 226.235 99.9969 32.2291 153.604 1.12163 11.3498 0 83.0209 29.1942 66.1779 34.0974 2.72294 50.7001 12.7811 23.3192 17.9713 21.3154 25.9536 11.6049 1.14266 
70.1248 12.1238 19.5777 33.4993 1.10218 1.5948 20.9684 122.168 4.42962 77.5621 72.0422 99.9108 57.3603 19.2433 87.1964 0 3.81024 61.463 28.6416 7.66737 62.2511 9.65939 2.73458 24.6999 0.305424 12.8341 15.5071 22.4353 
179.765 153.762 2.84318 162.442 84.843 147.462 107.642 86.6587 218.992 1.06478 0.147964 10.2217 57.4981 14.0562 0.011079 17.0845 0 1.14347 59.3422 33.0935 1.95121 0.751547 12.6949 20.5391 117.247 17.7774 15.0301 1.09963 
234.298 388.756 14.5405 140.904 235.577 0.813139 216.476 178.005 1.02792 126.013 107.458 0.134726 4.34127 51.3715 0.241949 30.5472 146.64 0 107.015 75.3889 5.23931 14.3105 44.717 14.143 25.6905 28.9702 22.6732 51.0048 
93.4103 161.107 60.8056 24.9982 30.6712 73.5172 155.054 48.9945 1.94419 122.318 10.8068 98.0968 46.108 11.0029 0.403793 3.87526 233.623 83.2706 0 13.1517 44.8431 24.9759 15.5388 17.9195 21.7409 29.884 6.59396 0.00443879 
25.2805 102.632 1.40446 3.74228 56.7986 6.59607 82.6841 109.437 35.2792 45.198 6.11167 26.8826 33.624 1.55055 7.73187 9.30516 0.792735 80.4675 0.551588 0 47.2672 0.103031 3.3845 3.16733 13.7825 11.36 11.0167 10.8006 
234.955 0.485561 1.9358 12.6808 2.53394 0.532384 50.6718 6.68997 167.515 29.0858 119.217 162.014 41.6101 44.8357 34.5849 45.7869 3.19467 0.714907 0.0565267 137.382 0 29.6803 14.3285 33.5365 53.2132 57.9588 18.072 0.0295902 
37.941 51.2096 11.2444 10.5406 56.3542 10.8899 6.04377 51.0155 29.6169 54.6109 77.4576 30.1515 0.0581071 1.77627 4.28379 5.36888 17.1225 28.3854 25.3151 5.37982 8.30508 0 15.1282 0.385134 23.9962 9.65345 1.11996 3.35333 
32.3138 7.47086 12.4388 10.8704 15.8462 0.939165 27.3896 94.2639 34.4428 0.0296988 1.39761 114.319 74.0575 0.0100284 6.82686 4.90807 19.1089 38.6784 16.949 3.57031 12.0107 15.1468 0 17.5093 9.34575 9.92142 2.2518 9.6127 
55.0647 10.099 1.6176 24.2292 45.5194 14.6037 66.0555 93.4584 18.2162 0.42617 103.069 13.9561 18.9067 8.5534 27.9861 2.49125 5.01254 28.2962 22.1273 0.0443746 13.2204 13.0966 1.37863 0 3.45788 5.48822 0.213264 4.19482 
127.389 110.402 21.8765 150.666 40.6481 110.615 32.9318 3.47225 130.04 69.9008 114.8 1160.99 10.6946 8.37989 23.5688 12.658 127.359 30.3235 2.10443 0.418996 25.2256 53.225 3.83144 42.7956 0 7.5257 115.483 119.089 
28.9516 40.9108 25.864 16.1995 7.09748 6.07767 86.7581 21.3706 140.24 1.23367 116.65 101.601 19.028 1.11314 19.0377 17.712 23.3317 27.8054 0.0120507 0.063354 19.9375 5.33124 0.831225 8.87136 6.58092 0 3.46475 52.0927 
11.4455 51.0262 16.1333 24.8062 17.1858 19.3822 34.7145 93.4583 48.6994 28.151 45.3208 118.625 32.4909 11.3063 0.284797 14.3711 4.37324 40.7041 20.4492 3.16908 44.1074 1.01585 13.3521 0.0469754 42.8448 1.06842 0 64.1517 
0.881352 27.657 10.8537 15.4966 4.97084 0.114436 7.92474 39.5693 71.3159 24.0748 1.79381 146.081 5.58013 7.15508 2.43654 20.2568 11.2491 49.92 23.7302 6.87469 27.8734 3.15899 3.35849 11.1791 23.5099 47.1686 4.82913 0 
