0 499.034 164.834 322.227 152.606 26.3888 1.81474 256.002 55.3896 0.122883 183.17 159.001 77.7802 10.919 39.0002 7.70782 71.2048 75.8284 92.6692 260.509 20.9208 30.8328 1.50529 10.764 62.0214 30.6025 51.2455 21.3805 
445.817 0 258.623 311.675 72.9074 63.518 0.494046 245.878 11.7207 6.42131 56.564 96.9341 4.94737 19.6154 59.9969 66.7814 90.0892 533.175 38.4423 5.34653 4.84133 49.1992 11.1924 61.854 63.2874 10.3116 46.1991 3.32014 
9.27564 217.693 0 85.8015 164.768 29.0825 229.53 274.108 83.3888 49.2481 178.919 28.0174 37.225 1.16075 0.128852 12.0098 47.1218 102.539 31.4544 16.0592 4.13763 0.0853704 6.68711 11.5839 25.4748 4.83013 16.012 18.0427 
290.196 171.223 311.6 0 0.622357 66.9212 50.5517 1323.65 138.017 84.4442 24.8763 6.13776 55.116 17.2975 28.8104 41.6767 0.653826 66.3186 53.6223 2.42957 649.17 1.08677 18.172 24.9997 35.962 10.4863 0.14165 12.6756 
269.349 428.146 106.614 161.63 0 37.0274 302.55 10.6408 285.827 232.908 76.3067 156.688 67.4707 64.1949 93.9637 70.616 153.147 134.61 41.8552 32.4536 2.96386 47.7182 0.485231 5.6192 31.0133 14.2768 3.04145 0.000266945 
78.6675 237.665 65.5286 34.4335 511.039 0 143.265 212.719 42.4112 753.938 118.213 120.207 141.075 12.8827 5.87803 24.702 36.406 118.024 17.2269 1.13942 9.27259 20.4408 15.5548 2.10917 6.31229 0.55359 11.8249 6.08207 
58.7488 0.0349135 13.4523 76.5073 2.88847 697.412 0 393.216 256.779 79.0458 237.111 284.406 56.518 38.6036 48.773 2.94369 4.61808 206.876 151.445 31.8594 75.5812 4.30338 48.2779 30.5757 39.181 23.1053 12.5426 0.534435 
24.4045 0.774714 2.41557 453.949 6.80739 21.7408 358.399 0 478.725 10.6255 268.64 924.581 16.4144 1.54854 56.2739 225.871 81.0952 179.681 114.784 27.5394 10.0086 59.4172 54.4673 129.088 133.277 204.303 48.4395 134.874 
147.839 382.035 309.11 164.987 34.7443 3.52667 67.9376 73.1507 0 118.217 1209.05 187.121 115.459 82.882 101.281 145.328 36.4901 63.8017 53.2824 56.1367 170.347 28.5808 14.4151 4.17412 111.187 119.871 36.221 65.1231 
132.513 0.463476 24.9109 6.63713 30.16 28.1632 434.326 166.472 326.278 0 328.555 231.415 141.958 75.0303 59.1873 63.687 0.338003 133.762 94.7256 51.6883 65.5028 5.84513 17.2017 40.7292 70.3523 54.4166 9.8757 29.2583 
31.9986 13.5121 97.8556 63.3749 235.242 232.854 126.633 143.726 76.7229 152.173 0 516.653 7.54053 0.271929 0.697483 56.0816 19.3663 142.806 37.3771 59.5105 85.5763 10.4007 112.067 87.0391 0.436565 100.229 83.3999 41.6449 
227.618 118.501 79.6818 121.55 14.9117 158.429 108.478 614.9 213.769 91.9396 323.591 0 6.07025 134.455 270.579 18.4157 83.3374 1.61761 48.8117 1.00831 3.41166 9.14189 92.3556 86.8326 232.525 374.214 27.1811 1.29768 
41.2122 58.7953 72.9182 15.5631 22.8076 27.4985 219.217 135.145 155.691 234.444 59.7778 116.158 0 14.3722 24.2844 83.5416 16.6894 89.4539 77.4015 25.6248 7.99821 38.4967 83.1909 6.99648 5.58668 8.47454 37.5383 42.4848 
19.1994 53.2275 12.5628 9.22579 33.2747 15.9729 66.0053 103.368 89.137 2.28654 90.5981 63.184 155.383 0 2.73122 9.39742 16.3231 16.1747 26.2325 0.368466 3.52763 3.60408 0.30341 10.2926 6.86853 13.0139 10.1277 2.71154 
1.52563 36.3965 11.3458 31.6901 8.24247 38.9957 78.0283 177.051 226.574 93.2351 12.1009 133.108 2.57963 5.16813 0 88.4586 29.0049 66.7725 33.5349 2.92634 51.513 13.2063 24.0818 16.4038 20.186 26.9271 11.1669 1.45271 
68.3599 10.4117 18.8051 35.026 1.62788 1.18807 24.0871 102.991 2.46876 80.2162 58.5046 50.0819 54.3088 18.915 80.4763 0 3.50829 61.2538 28.9252 7.48257 61.8718 9.4153 3.29234 22.6424 0.203896 14.8505 15.1247 22.2052 
75.2664 41.2981 2.14803 54.4533 90.6949 38.6242 108.422 88.0733 112.441 0.646186 0.342866 11.3074 58.261 14.3856 0.0402034 16.6681 0 0.0205882 374.079 33.3212 2.39183 0.856487 12.4473 20.6234 10.3524 18.1956 14.7796 1.24023 
236.031 386.091 19.7682 142.93 235.064 0.22834 221.62 176.306 2.43238 129.122 112.189 0.465405 3.43143 50.9274 0.0910083 31.8861 126.109 0 112.025 73.4705 6.54062 13.732 44.5703 13.3808 24.5579 30.2537 23.3091 50.8641 
96.2692 164.505 60.2582 26.8029 45.6282 76.6316 153.251 51.8879 3.26087 123.023 8.90625 97.3811 48.2715 11.5259 0.248041 4.28078 235.41 88.8429 0 13.9645 46.2184 25.076 15.1804 17.5832 22.2131 30.0503 6.31781 0.000104084 
37.6205 108.771 1.93062 2.58814 53.6831 5.9678 80.5142 107.341 32.2634 44.0326 7.25049 29.3063 32.918 1.631 7.50402 9.21336 0.587601 78.9286 0.775424 0 80.8866 0.125118 3.4343 3.28404 13.8095 11.4805 11.0105 10.7009 
239.12 1.38109 0.785471 1.04556 1.66586 0.917144 54.6721 9.65824 171.15 31.1701 115.988 163.794 42.9994 44.7142 35.8017 44.3843 2.68481 1.25343 0.163404 96.5064 0 29.9187 14.9756 32.6788 54.0439 58.7362 18.7428 0.0917186 
38.2297 51.0086 11.375 10.8021 56.0952 11.3691 5.26686 49.9088 30.9799 53.5657 76.9614 28.5463 0.0188347 2.05772 3.8742 5.06768 17.338 27.8045 25.3651 5.31809 8.66478 0 14.957 0.238903 23.7624 9.77025 1.00629 3.2088 
33.1655 8.308 12.3634 11.3308 16.922 1.14384 29.2974 95.8596 37.4456 0.00351396 2.70093 111.252 77.1329 0.0559576 8.27789 5.55141 19.0786 39.1974 17.2818 3.61433 12.6306 14.9861 0 15.3705 10.3828 10.0378 2.49657 9.70473 
55.6138 9.09828 1.87569 23.7585 44.5985 14.2497 65.004 88.0959 16.0039 0.186859 99.0371 19.8229 20.9984 8.06876 27.6632 4.13809 5.26605 29.1263 21.9176 0.0270553 12.3998 12.8216 2.95685 0 5.15638 4.92108 0.347901 4.53202 
18.3772 3.85649 21.1423 43.6187 42.0815 2.88993 35.5585 1.32067 26.1494 69.2141 110.007 372.38 11.712 8.91688 22.5145 26.959 19.678 29.1764 1.84956 0.328064 26.5147 79.5661 2.83906 44.3379 0 21.187 18.6939 90.2695 
31.2392 43.2572 26.2889 14.4807 6.1184 6.77664 88.8999 13.4539 141.475 0.681608 109.505 65.8308 17.7948 0.875619 20.3669 19.734 23.6388 29.086 0.0440008 0.107693 21.3277 5.52579 0.998375 8.25923 6.09335 0 4.49578 47.7763 
12.2131 51.4774 15.8472 25.1489 17.9154 19.2329 33.5686 94.752 47.069 27.2625 47.2634 119.536 32.9478 11.2889 0.189204 13.9478 4.58524 41.0683 20.2164 3.02303 44.008 0.907284 13.2776 0.00772077 44.694 0.582108 0 55.638 
0.591869 29.0038 11.3939 14.6008 5.58129 0.0545268 9.04351 44.1163 68.887 25.41 2.71137 152.109 6.13774 6.86869 2.03788 19.7257 11.5777 49.632 23.47 6.67721 26.9395 3.30289 3.56187 11.4818 23.6965 51.5498 1.66221 0 
