0 718.409 178.982 468.059 135.854 194.208 0.110906 269.813 240.506 0.759374 186.581 148.943 74.8664 9.81628 41.175 6.06563 240.904 64 89.1501 266.184 29.8255 30.2141 1.90515 9.57575 236.776 27.9684 51.2436 22.8632 
678.556 0 338.495 486.611 35.9259 219.736 3.75582 257.713 176.648 11.9431 68.3834 106.637 3.16295 17.6961 56.4712 69.1096 269.589 158.452 45.8057 2.68203 2.72516 49.6388 12.3285 61.9332 234.438 12.1645 46.9693 2.66126 
18.161 137.562 0 160.342 172.811 33.8582 215.161 267.658 38.0146 55.3515 162.636 36.2131 39.746 0.865668 0.00699171 13.0757 45.6687 92.8438 33.8395 17.3145 2.11237 0.0494782 6.32704 11.16 26.0442 5.69359 15.6753 18.5198 
427.109 311.132 281.958 0 2.23819 238.809 38.9725 969.033 280.992 88.207 33.1383 1.66849 53.1691 17.9435 30.1849 40.8097 173.625 59.1827 52.0787 1.3836 130.277 0.93748 17.8926 24.5342 207.611 8.76404 0.254786 13.6954 
267.802 375.181 119.539 159.031 0 38.2659 339.056 6.88964 265.248 206.853 64.5003 152.294 75.2458 62.9471 94.59 69.4832 153.912 146.517 61.4926 29.0349 4.2776 48.6513 0.771355 6.44008 32.7133 15.8726 3.48003 0.0210836 
244.883 410.088 66.454 203.669 1046.42 0 1110.59 209.079 260.775 697.207 96.4844 113.583 186.929 13.7147 4.50224 24.0348 207.578 115.462 21.1462 0.814112 7.81163 20.3556 15.3208 1.79061 180.073 0.31737 11.4121 6.60265 
45.606 7.96874 25.7654 90.2671 0.0832275 861.33 0 403.932 53.7327 38.4012 191.204 282.467 67.2948 42.5821 56.3053 4.5713 6.116 214.153 153.924 35.3328 80.3743 3.5433 46.1213 32.7139 36.0877 26.4375 11.4761 0.933949 
14.9323 3.46509 0.0193263 439.232 3.86832 30.7056 378.218 0 543.453 15.7837 290.114 787.035 13.5154 3.00229 66.5055 239.511 82.9912 180.755 115.533 31.4893 6.5546 60.3464 58.0824 125.5 143.714 191.61 51.5051 135.409 
306.547 536.69 241.27 369.051 50.7271 175.481 284.132 32.0999 0 89.2484 1468.99 158.786 106.243 91.1118 88.788 148.219 212.544 72.4944 47.677 59.8755 174.22 30.1526 17.0406 5.63989 280.612 114.901 38.1441 62.1648 
127.612 2.6168 30.1455 4.52389 47.7831 79.4079 473.76 175.82 300.671 0 248.795 224.342 173.721 72.405 67.9221 59.5282 0.100067 136.628 90.1874 52.5662 67.969 7.01111 19.1143 42.5732 69.6494 51.7422 10.7334 30.8175 
37.9716 8.05602 115.649 52.6875 226.745 215.777 88.3552 120.151 186.985 226.098 0 506.783 13.0696 2.55779 11.7908 41.8603 21.2286 138.435 33.6726 57.1941 90.0772 9.07055 116.447 92.2521 1.4505 91.4684 84.1469 38.0195 
225.685 128.19 69.0182 102.5 18.5754 157.231 93.3545 429.063 242.152 104.995 368.124 0 8.38009 126.528 273.729 0.427912 82.4557 2.6718 51.325 1.73253 1.96609 7.93942 87.2363 98.7272 256.559 393.251 23.5736 3.46629 
44.3108 53.4529 73.2467 13.7813 28.364 8.54031 218.997 137.759 147.56 204.358 48.2214 121.022 0 23.3003 30.1276 82.6776 17.9627 87.3555 75.8572 26.5755 7.04508 34.4117 85.6681 8.68582 4.7353 9.59462 37.8212 42.0263 
17.8702 55.0947 12.0158 8.49171 35.3958 16.7156 62.189 98.9451 95.9958 3.76249 75.2218 72.6417 156.433 0 8.71284 11.115 15.9698 15.0543 25.9622 0.317518 4.06948 3.20719 0.863935 10.1045 7.48506 12.9525 10.2799 2.43507 
0.957953 39.9159 12.885 32.9092 10.3025 39.9576 85.748 172.013 224.95 84.9906 0.775399 109.514 4.99247 0.889881 0 89.2948 28.7648 67.3762 32.8485 3.16788 52.4029 13.6817 24.7392 14.5521 18.8463 27.9397 10.6569 1.85468 
66.1775 8.57108 17.8672 36.6617 2.3608 0.789046 27.882 81.5587 0.902307 82.9902 44.0442 12.41 50.6878 18.2631 68.309 0 3.17193 60.9401 29.2277 7.26157 61.3404 9.12168 3.97796 19.9471 0.303677 17.2136 14.6629 21.8708 
251.455 208.604 1.46069 226.599 97.3683 209.837 109.125 89.6235 286.178 0.290741 0.668845 12.6223 59.0968 14.763 0.0965481 16.1809 0 2.39142 217.64 33.5475 2.95578 0.986173 12.1581 20.711 183.86 18.6739 14.4871 1.41296 
236.721 358.466 26.6637 144.64 233.31 0.000188482 226.55 173.939 4.79108 132.442 117.554 1.09529 2.50762 50.3657 0.0066002 33.434 102.815 0 117.567 71.1111 8.21637 13.07 44.3693 12.5148 23.2564 31.7412 24.0445 50.6665 
99.393 167.717 59.4598 28.9115 65.8655 79.9071 150.591 55.2574 5.19704 123.429 6.92007 96.4427 50.7589 12.1357 0.114666 4.77127 232.342 95.1975 0 14.917 47.7921 25.1772 14.7606 17.1866 22.7502 30.2189 6.00295 0.00983115 
54.7829 115.413 2.63511 1.50533 50.0431 5.26743 77.8215 104.642 28.8692 42.6324 8.67853 32.1848 32.0792 1.72538 7.23693 9.0954 0.387804 76.983 1.08089 0 126.727 0.153311 3.49019 3.41899 13.8266 11.6068 10.9974 10.5778 
242.371 2.98317 0.089576 7.77437 0.885262 1.49056 59.3754 13.7346 174.931 33.6313 112.104 165.501 44.6014 44.5347 37.1951 42.7212 2.14775 2.06216 0.356197 55.1228 0 30.1841 15.7319 31.6694 54.9507 59.5611 19.5235 0.206302 
38.5426 50.7363 11.5189 11.1019 55.7428 11.9208 4.42848 48.5984 32.5657 52.2726 76.2949 26.7107 0.330624 2.40305 3.41871 4.72197 17.5818 27.1251 25.4079 5.2448 9.08735 0 14.6698 0.112483 23.4403 9.89838 0.881667 3.04373 
34.133 9.32287 12.2577 11.8594 18.1925 1.40396 31.5312 97.4957 40.9863 0.107172 4.72702 107.354 80.3774 0.387757 10.0423 6.30527 19.0348 39.7749 17.6594 3.6633 13.3589 14.7105 0 12.5155 11.6064 10.1531 2.79201 9.80094 
56.1771 7.99407 2.1949 23.1682 43.4984 13.824 63.6892 81.7349 13.5895 0.0311393 94.124 27.7207 23.4967 7.45947 27.0677 6.45955 5.56473 30.08 21.662 0.0123124 11.4714 12.467 5.36622 0 7.56999 4.2876 0.543805 4.93115 
189.497 177.877 20.2603 216.813 43.7216 175.473 38.6447 0.101442 203.353 68.2782 104.179 325.635 12.9319 9.53532 21.245 47.3084 192.264 27.8496 1.57379 0.236371 28.016 88.6382 1.86094 43.6956 0 69.8117 73.5051 9.5447 
33.9246 45.9677 26.7066 12.5558 5.06772 7.61753 91.1604 6.46874 142.358 0.244431 100.959 32.6616 16.3947 0.633954 21.8564 22.0094 23.9815 30.5725 0.105919 0.173473 22.9653 5.75085 1.20883 7.55126 5.69861 0 5.83166 42.2431 
13.1231 51.9641 15.5044 25.5204 18.7682 19.0456 32.236 96.0953 45.1657 26.2278 49.5015 120.294 33.4607 11.258 0.102686 13.4427 4.83532 41.4715 19.9403 2.85665 43.867 0.788697 13.1729 0.00377653 46.5578 0.200439 0 45.3828 
0.3279 30.5704 12.0184 13.5708 6.32718 0.0125565 10.4173 49.5356 66.0071 26.9647 4.00242 158.372 6.81107 6.53453 1.61691 19.0586 11.9588 49.2654 23.1578 6.44718 25.8558 3.47167 3.8007 11.8186 23.9525 55.9437 0.0498934 0 
