0 776.377 181.331 513.631 132.798 244.74 0.0220168 272.131 294.219 0.933119 187.141 147.079 74.329 9.62067 41.5686 5.78637 291.72 61.9153 88.4921 265.26 31.5909 30.1003 1.9827 9.36572 288.507 27.4953 51.2386 23.1349 
739.293 0 351.947 537.631 30.4857 268.316 5.83883 259.713 227.148 13.1206 70.6131 108.407 2.88015 17.3541 55.8248 69.5196 322.179 683.05 47.1897 2.2934 2.40426 49.7145 12.5393 61.9387 285.517 12.515 47.106 2.54896 
20.0659 124.027 0 174.038 174.113 34.7283 212.199 266.075 31.4758 56.4657 159.566 37.7902 40.2032 0.816393 0.00112399 13.2692 45.395 91.0592 34.2718 17.5398 1.81531 0.0439934 6.26153 11.0816 26.1415 5.85628 15.6127 18.604 
471.331 356.587 276.432 0 2.63806 289.986 36.9886 1168.86 327.147 88.862 34.7435 1.15592 52.8082 18.0582 30.4279 40.6301 225.054 57.8974 51.7877 1.22392 114.081 0.911448 17.8391 24.4438 258.779 8.46336 0.278866 13.8822 
267.297 364.829 121.843 158.455 0 41.3495 345.259 6.29213 261.313 201.975 62.4243 151.462 76.6734 62.7092 94.6769 69.2644 153.986 148.652 65.3703 28.4244 4.54141 48.8166 0.830403 6.59457 33.023 16.1692 3.56271 0.030476 
295.065 461.043 66.5494 254.411 517.237 0 850.304 208.237 321.85 422.9 92.6319 112.345 486.382 13.8644 4.26932 23.9065 258.666 114.951 21.8896 0.760616 7.55784 20.337 15.2755 1.73518 231.638 0.281351 11.3368 6.6987 
43.3565 10.8843 28.3843 92.7997 0.422813 877.952 0 405.34 32.2776 32.4333 183.013 281.928 69.3123 43.3107 57.6969 4.90388 6.40962 215.369 154.309 35.9725 81.2425 3.4126 45.7249 33.1042 35.5299 27.059 11.286 1.01834 
13.4456 4.15886 0.0140907 440.863 3.42107 32.4753 381.359 0 554.078 16.8225 293.836 757.609 13.0154 3.31666 68.4088 241.651 83.3272 180.902 115.649 32.2258 6.00229 60.5099 58.7365 124.794 145.544 189.114 52.0624 135.455 
355.365 584.329 228.722 426.039 53.9059 228.746 335.647 26.3304 0 84.2787 719.624 153.71 104.562 92.5903 80.0739 148.667 264.528 74.1062 46.6761 60.5523 174.874 30.4397 17.5369 5.92866 331.355 113.957 38.4941 61.6215 
126.683 3.19498 31.1325 4.1811 51.3522 92.227 479.483 177.456 295.662 0 234.536 222.927 179.5 71.8976 69.5126 58.7572 0.0718879 137.113 89.3393 52.7168 68.412 7.23298 19.4681 42.9031 69.5051 51.2471 10.8921 31.1004 
39.0996 7.20989 118.908 50.8114 225.09 212.433 81.9598 115.979 206.312 240.267 0 504.09 14.2291 3.22027 15.2205 39.4451 21.5738 137.615 33.0124 56.7679 90.8899 8.83714 117.198 93.1782 1.69772 89.8629 84.2707 37.3682 
225.228 129.94 67.1115 99.0886 19.2799 156.938 90.6643 395.775 247.243 107.397 375.874 0 8.83778 125.022 273.861 0.00013297 82.2875 2.89123 51.7819 1.88478 1.74529 7.7288 86.2846 100.887 260.546 395.381 22.9384 3.97071 
44.8784 52.4933 73.2879 13.4663 29.4272 6.12047 218.817 138.206 146.041 198.702 46.2209 121.886 0 25.1159 31.2357 82.4861 18.1974 86.9634 75.564 26.7474 6.87762 33.6777 86.0731 9.00988 4.58735 9.80416 37.8701 41.9392 
17.6311 55.4265 11.9141 8.35959 35.7816 16.8471 61.4841 98.1103 97.2204 4.06841 72.4903 74.3801 156.363 0 10.11 11.424 15.9049 14.8532 25.9104 0.308633 4.17176 3.13644 0.993851 10.0606 7.59776 12.937 10.3066 2.386 
0.868649 40.5615 13.1693 33.122 10.6988 40.1123 87.1357 170.977 224.424 83.4541 0.164361 105.293 5.5124 0.486215 0 88.7989 28.7187 67.476 32.7197 3.21246 52.5586 13.766 24.8317 14.2135 18.5998 28.1097 10.5639 1.93261 
65.7655 8.25344 17.6922 36.9425 2.50816 0.724962 28.5912 77.7991 0.699936 83.4583 41.5799 8.1994 50.0214 18.1146 65.7038 0 3.11235 60.8749 29.2797 7.22062 61.2333 9.06709 4.10648 19.4291 0.346784 17.6429 14.5769 21.8024 
303.446 259.024 1.3495 277.857 98.5658 260.931 109.23 89.8949 337.716 0.241115 0.739635 12.8679 59.2431 14.8311 0.109396 16.0919 0 3.24237 350.144 33.5843 3.06443 1.01069 12.1052 20.7258 235.375 18.7602 14.4336 1.44551 
236.694 349.979 28.0072 144.876 232.859 0.0106474 227.324 173.463 5.30316 133.013 118.516 1.23813 2.3548 50.2582 0.00169273 33.7149 98.6812 0 118.541 70.667 8.54007 12.9506 44.3292 12.3594 23.021 32.0115 24.1781 50.6266 
99.9381 168.215 59.296 29.2964 69.8376 80.4619 150.044 55.8714 5.59563 123.455 6.58422 96.2596 51.2085 12.247 0.0958594 4.86278 231.105 96.3381 0 15.0912 48.0758 25.1938 14.6838 17.1137 22.8467 30.2468 5.94627 0.0132988 
58.1848 116.561 2.77375 1.33876 49.3789 5.14346 77.3122 104.121 28.2647 42.3723 8.95048 32.7156 31.9243 1.74267 7.18804 9.07264 0.355867 76.611 1.1417 0 135.565 0.158735 3.50015 3.44349 13.8281 11.6282 10.9943 10.5546 
242.778 3.3389 0.0370261 11.1286 0.769494 1.60942 60.2374 14.5473 175.567 34.0839 111.383 165.77 44.8918 44.4976 37.4464 42.4148 2.05632 2.23034 0.399171 48.5644 0 30.2311 15.8702 31.4842 55.1091 59.7022 19.6658 0.232035 
38.597 50.6823 11.5442 11.156 55.6727 12.0207 4.28323 48.357 32.8547 52.0283 76.1632 26.3798 0.428346 2.46791 3.3382 4.65953 17.6255 27.0008 25.4139 5.23128 9.16486 0 14.6075 0.0945099 23.3759 9.92084 0.859827 3.01401 
34.3066 9.51248 12.2364 11.9548 18.4261 1.45384 31.9395 97.7683 41.6362 0.141442 5.15371 106.608 80.9282 0.4789 10.37 6.44253 19.0258 39.8771 17.7271 3.67197 13.4924 14.6503 0 11.9702 11.8304 10.1717 2.84704 9.81723 
56.2711 7.79981 2.25518 23.0558 43.2947 13.7449 63.4392 80.565 13.1682 0.0168833 93.2053 29.275 23.9587 7.34394 26.9346 6.92233 5.61962 30.2524 21.6141 0.0102463 11.3053 12.3985 5.85701 0 8.05537 4.17547 0.583975 5.00463 
240.587 229.499 20.0966 268.256 44.0172 226.825 39.2099 0.0279688 255.564 68.092 103.091 681.18 13.1583 9.64713 21.0093 50.8048 243.611 27.6086 1.52591 0.221282 28.2898 86.9256 1.7039 43.2632 0 78.4248 96.9513 2.79725 
34.4164 46.459 26.7738 12.2145 4.88647 7.77376 91.5452 5.46232 142.456 0.188431 99.3808 27.749 16.1437 0.593983 22.1203 22.412 24.0423 30.843 0.12004 0.187089 23.2659 5.79172 1.24897 7.42297 5.64666 0 6.09001 41.1901 
13.2908 52.0484 15.4409 25.5849 18.9241 19.0099 31.9932 96.3214 44.8182 26.0391 49.9068 120.397 33.552 11.2512 0.0897579 13.3493 4.8813 41.5426 19.8893 2.82671 43.8385 0.767974 13.1517 0.00784944 46.8641 0.152277 0 43.5091 
0.28819 30.8559 12.1317 13.3847 6.4672 0.00809499 10.6759 50.5359 65.4764 27.2481 4.26308 159.423 6.93658 6.47354 1.54521 18.9315 12.0281 49.195 23.0997 6.40521 25.6587 3.50259 3.84447 11.8781 24.0045 56.6521 0.000834096 0 
