0 685.515 207.15 291.965 85.8159 127.068 7.54522 299.709 226.906 5.9762 193.388 116.822 65.6145 6.75444 47.6428 2.21967 175.935 32.5497 77.5165 178.12 64.4736 28.2553 3.39532 6.31821 186.894 20.3404 50.9709 27.4828 
698.974 0 473.115 396.057 4.43358 128.44 93.6503 284.233 129.085 38.0921 108.198 136.114 0.166714 12.2945 45.5418 75.3745 233.637 693.07 70.3657 0.194069 0.00130826 50.7278 16.0178 61.6645 173.78 18.5431 49.1176 1.09174 
59.7777 0.536701 0 285.244 187.334 47.9292 154.922 226.275 11.5339 73.775 108.95 65.4485 47.2855 0.226392 0.567695 16.26 40.7378 62.9099 40.9323 20.9084 0.110771 9.21025e-05 5.2348 9.80056 27.4068 8.61525 14.5784 19.822 
241.779 166.973 336.521 0 13.0486 178.433 11.8174 599.023 151.68 97.8496 63.4906 5.4552 46.8903 19.7347 33.9221 36.9783 119.611 38.5628 46.8248 3.73493e-05 210.478 0.547828 16.8912 22.8038 148.437 4.31299 0.798515 16.8535 
250.616 191.082 154.844 145.472 0 79.8876 418.516 0.433923 194.043 123.797 33.2503 137.12 99.3447 58.5445 94.9408 65.3204 152.508 180.387 134.925 19.3783 9.67619 51.2312 2.03906 9.22947 37.8898 21.0758 4.98043 0.405177 
169.606 333.63 65.0722 138.093 299.075 0 957.912 188.167 398.154 487.245 39.1332 91.7968 674.244 16.127 1.37088 21.628 147.3 105.191 34.552 0.154946 4.07356 19.9147 14.4586 0.968593 127.962 9.78377e-05 10.1444 8.25951 
14.6863 109.761 81.8544 132.393 39.0813 518.035 0 404.771 383.616 5.91006 69.5576 266.129 102.657 54.8325 79.9605 11.5446 11.8567 229.77 157.596 46.2591 94.6551 1.66578 39.3518 39.2642 27.012 37.36 8.46237 2.81553 
0.261045 23.0284 17.091 470.48 4.65318e-05 65.0109 409.774 0 658.442 36.951 343.108 246.423 6.30846 10.2108 99.2646 259.824 88.2449 181.234 116.624 44.4228 0.487794 62.8537 68.7981 111.674 170.802 144.035 60.7652 134.093 
209.081 403.892 55.9735 398.12 112.925 225.582 1186.11 11.7812 0 22.4075 203.542 80.1091 78.3158 114.565 88.8455 152.401 167.554 100.372 31.8357 70.9843 183.006 34.9876 26.0409 11.3352 213.573 97.7166 44.006 52.9122 
110.735 19.5384 47.7288 0.542093 118.982 339.388 501.701 200.163 207.292 0 50.4783 195.967 263.884 62.8387 93.7874 46.2489 0.241602 143.219 75.2512 54.7088 75.1372 11.1028 25.2272 47.8283 66.5816 43.1836 13.4927 35.5076 
58.3276 0.0622593 168.864 24.7936 195.143 153.085 10.9342 57.1427 455.206 460.805 0 428.827 38.2221 23.0726 117.012 10.0058 27.2536 123.761 23.2381 49.8917 103.358 5.52519 127.001 106.663 8.06708 64.6342 85.7231 27.5413 
213.879 156.623 39.1945 49.862 31.815 149.38 51.7603 22.7149 321.272 145.429 475.913 0 17.5025 99.3195 258.233 102.393 79.326 7.44729 58.937 5.09487 0.00153571 4.75461 70.6796 133.655 137.294 372.752 13.8831 16.154 
53.9178 38.0105 73.1808 8.90071 48.0472 24.1506 210.385 144.027 120.857 108.899 19.5727 134.503 0 59.5716 50.0429 78.1266 22.0049 80.4002 70.4749 29.4005 4.48626 22.6761 90.4788 14.7366 2.5479 13.3246 38.5362 40.4153 
13.9878 60.3046 10.2394 6.35025 41.8174 18.7476 50.0958 83.9363 115.215 10.3103 33.9566 101.784 144.917 0 38.6772 15.846 14.8564 11.8048 24.9906 0.184496 5.92833 2.09367 3.87688 9.00571 9.37634 12.5174 10.6842 1.66574 
0.0373268 50.8403 17.741 36.0697 17.7512 41.6863 107.81 150.301 207.191 58.5894 48.1514 45.5685 16.7435 9.67782 0 58.8832 27.8987 68.6384 30.5448 3.93799 54.7521 14.998 25.14 8.99665 14.6611 30.1641 9.09755 3.34366 
58.7335 3.98776 14.7953 40.6065 5.384 0.0712132 40.3735 27.5786 0.903674 89.2191 11.1806 55.8448 39.3688 14.734 20.6839 0 2.24018 59.5219 29.9721 6.54863 59.1317 8.16502 6.2253 10.8758 2.00896 24.1081 13.1482 20.4291 
205.846 138.755 0.174723 168.84 116.491 149.619 109.919 93.7273 232.719 0.0721464 2.31593 16.9831 61.3103 15.8806 0.416562 14.672 0 32.6467 393.821 33.9843 5.0176 1.43398 11.2627 20.9112 130.83 20.0851 13.582 2.00315 
230.124 170.061 52.1477 145.505 220.561 2.27067 234.329 164.221 16.6105 140.546 132.921 4.61891 0.575621 48.3531 0.347826 38.092 41.2825 0 132.32 63.1355 14.3775 11.1135 43.5556 10.0009 19.3836 36.2449 26.2705 49.8383 
107.512 172.448 55.9944 35.3614 140.26 87.3514 138.961 65.5351 13.6833 121.938 2.3659 92.8859 58.1292 14.0074 0.0218394 6.39289 183.347 113.43 0 17.865 52.4275 25.3858 13.4563 15.9372 24.314 30.571 5.07876 0.136723 
118.547 131.715 5.34449 0.00205278 38.9574 3.34572 68.5925 94.7968 19.3464 38.0816 13.7014 41.3077 29.401 2.0192 6.40792 8.6628 0.0334182 70.078 2.30765 0 269.629 0.256205 3.64796 3.82629 13.7844 11.9005 10.9181 10.1557 
241.546 11.465 2.21016 70.7759 0.0164973 4.05868 73.9579 30.0504 183.412 41.3739 99.4757 168.282 49.4095 43.7349 41.3019 37.4548 0.873932 5.71895 1.3948 0.436314 0 30.9203 18.0707 28.5093 57.3269 61.553 21.9174 0.834676 
39.3507 49.6508 11.9064 11.99 54.3293 13.5643 2.29951 44.442 37.4123 47.8384 73.6758 21.3171 3.59756 3.56106 2.17399 3.70076 18.2851 25.0176 25.4372 5.01035 10.4107 0 13.2503 0.0179971 22.1365 10.2394 0.550023 2.55795 
36.9357 12.6894 11.8172 13.4219 22.1947 2.33921 38.41 101.004 52.0102 1.2999 14.1121 93.5138 87.837 2.93719 15.5913 8.54897 18.8438 41.3694 18.7527 3.79857 15.6341 13.3228 0 3.80934 15.3418 10.3706 3.76193 10.0234 
57.3982 5.02136 3.28935 21.0995 39.9498 12.4375 59.0914 61.9308 7.3179 0.363083 77.9343 57.6997 31.4609 5.40142 23.9169 15.1942 6.50518 32.9188 20.8035 0.00273016 8.8064 11.1739 14.3205 0 17.1075 2.5569 1.39469 6.18977 
129.702 127.111 17.4077 161.936 48.5442 119.9 48.1929 4.8654 162.759 64.5429 85.0797 1028.21 16.889 11.3618 17.1576 61.3395 136.368 23.844 0.865806 0.0488494 32.6071 14.3091 0.136092 25.217 0 32.7452 22.0417 97.5161 
42.2198 54.0657 27.4629 7.29067 2.44635 10.3456 96.4655 0.888804 141.395 0.266963 74.1093 3.97405 12.3556 0.132824 25.9092 28.0437 24.935 35.0901 0.457901 0.467316 28.0878 6.4308 1.95181 5.45189 5.64312 0 10.69 23.9624 
16.018 53.2024 14.3914 26.4745 21.407 18.3826 28.165 99.1187 39.3114 23.0571 56.1851 120.612 34.91 11.0939 0.000861553 11.8237 5.62559 42.5718 19.0582 2.36973 43.2695 0.476204 12.7352 0.265238 50.354 0.266442 0 16.5563 
0.000789437 35.3523 13.8942 10.5236 8.8429 0.066526 15.0765 66.6679 56.902 31.712 9.3788 172.004 9.03202 5.51062 0.62177 16.729 13.1194 47.9365 22.1378 5.74125 22.5608 3.99786 4.54445 12.7419 25.0994 63.3979 8.90825 0 
