0 329.396 11.6882 286.113 10.9229 55.6752 106.433 306.022 130.377 155.495 8.77277 215.819 108.995 0.329693 2.70102 4.54404 19.2167 55.2997 77.5163 210.145 235.234 23.8201 44.3501 3.6701 8.50525 1.78331 26.5094 59.5117 
396.164 0 56.2994 23.4807 195.836 210.327 511.094 37.0807 232.569 241.143 264.064 222.587 12.678 71.2543 74.794 77.6336 159.553 749.7 90.9077 98.7346 170.512 16.6505 56.3971 45.5356 85.7102 79.3275 19.2688 39.1285 
169.352 419.009 0 41.0295 89.3265 61.8852 249.442 137.862 1.44876 101.93 227.698 58.6569 73.3758 2.37335 7.99598 23.5051 16.7512 17.4725 0.609671 11.2991 69.9069 3.29157 10.7934 13.1777 26.9397 10.204 6.17606 13.8778 
241.673 108.443 148.002 0 0.732825 66.685 154.465 97.2382 338.966 106.831 80.9549 33.3604 57.5151 8.99495 0.69701 0.0192973 58.1893 127.495 2.33592 15.4529 465.641 2.06537 18.6328 5.12203 27.7025 25.2741 22.037 13.1046 
167.027 3.57992 152.144 163.855 0 71.8501 19.8905 70.4608 27.0052 256.085 144.82 65.2989 149.17 47.7573 94.809 38.8858 127.01 181.01 226.809 83.2049 79.5017 5.1242 48.777 55.6827 67.5879 14.2768 7.41734 42.3172 
14.8214 156.325 54.3865 70.5627 346.064 0 826.784 204.864 314.773 555.616 23.1759 158.539 123.79 0.676286 40.1359 19.5895 10.4345 57.7569 75.6074 8.98713 69.9531 19.682 13.067 6.90665 19.6646 9.21566 20.0814 21.1163 
20.0331 517.228 2.03976 125.014 400.352 289.577 0 253.196 78.7123 17.9032 441.349 280.275 88.6235 67.4948 62.2535 101.813 96.302 80.7086 157.402 0.558096 123.574 20.5532 45.9288 1.08722 1.85983 3.39555 58.7115 0.402682 
0.815921 133.546 189.994 132.063 79.8594 38.9807 312.75 0 588.623 130.359 67.2636 218.036 119.617 68.0746 69.1524 0.570845 78.068 160.853 77.2104 4.54236 123.788 4.01655e-05 89.7546 136.727 66.7658 227.141 5.84086 13.679 
84.9874 46.4681 134.895 9.65189 348.886 452.512 848.832 186.021 0 357.219 334.393 2.61168 53.3151 42.0057 212.923 9.30781 22.6483 218.779 140.242 100.66 76.9357 36.8549 49.4068 83.214 97.5611 111.056 71.8236 74.4697 
12.595 233.801 81.438 3.83006 16.8126 42.9973 488.768 0.517783 353.607 0 425.388 164.979 142.226 80.8785 13.7376 87.4379 21.7161 138.831 2.18529 19.8698 93.8616 38.2157 57.6347 35.5481 10.1308 75.0865 20.6658 35.989 
79.4771 124.227 35.9899 203.23 6.70613 127.81 484.495 335.159 923.049 306.718 0 489.676 0.0701236 4.72045 26.7168 219.762 92.7593 0.0142074 92.6825 81.5457 5.78016 5.83455 87.3284 127.498 15.1113 11.9057 79.0487 4.03307 
211.384 223.217 185.258 175.676 101.335 133.705 153.439 13.8135 401.161 178.675 407.275 0 84.2979 132.858 0.21779 1.38565 29.072 50.1264 100.033 94.1403 53.7149 20.1612 24.1885 133.655 81.7938 398.089 25.0265 6.81888 
2.31968 75.4662 41.5424 72.3749 101.954 92.7818 215.12 24.6234 94.0578 143.08 104.493 158.762 0 156.092 46.1796 54.6671 32.4979 53.6715 77.0453 11.5028 63.8255 43.5842 42.3284 2.54807 0.578992 10.0156 39.0077 22.9857 
0.478654 0.00645857 14.1562 10.6897 1.42105 2.24334 22.3562 20.712 23.7279 10.8502 129.825 10.8989 28.0623 0 30.9656 18.9493 13.8202 36.5396 4.31694 3.61259 25.2224 10.8229 8.67864 3.25919 3.02958 3.62093 0.497956 4.86898 
60.8506 21.6521 0.985949 0.0863595 11.408 0.290868 91.5989 49.1628 24.3764 129.382 84.7466 177.96 83.6126 4.75112 0 86.9427 25.5334 67.2048 11.5976 10.2641 39.4086 3.63964 25.2217 28.0822 2.30421 15.5949 1.14701 22.0391 
63.7485 13.7372 0.00607499 15.5099 43.2757 21.42 99.9194 228.151 148.566 14.1114 220.821 2.90363 12.2857 4.08956 83.4108 0 10.4931 22.5721 0.345853 5.01902 60.258 11.6803 11.6949 25.9689 22.564 29.3532 16.3846 1.29278 
70.1081 14.7555 8.03249 29.6307 148.845 9.65973 0.141946 69.5258 107.988 23.5308 90.8159 46.8428 0.322831 16.8326 8.45433 23.3201 0 1.4323 47.9138 17.007 36.025 20.2831 0.0336967 14.5799 25.9012 15.6085 8.32384 20.7161 
236.281 443.814 163.047 7.69737 21.6741 34.4646 56.5333 120.805 184.845 135.057 129.502 57.0911 3.82423 2.26907 6.32327 61.4984 148.805 0 133.355 37.3115 2.51057 0.227501 42.0384 41.5454 48.2758 52.6524 44.5668 49.1626 
107.512 0.428049 45.0829 61.6818 222.143 82.6288 141.213 6.37611 33.5828 21.4624 120.773 24.7751 3.77609 10.7418 10.2182 23.2082 199.681 145.654 0 25.0521 18.7421 25.4336 19.4875 18.7414 10.2936 8.53785 9.25195 4.32962 
94.6402 10.476 0.245662 15.7871 93.3766 2.91193 92.8697 99.1664 0.413749 55.071 0.280533 61.7028 16.1473 0.103083 2.64389 7.51789 17.6059 45.4386 7.06155 0 50.942 5.74975 3.22429 0.223393 0.73505 9.76189 8.77618 10.1447 
14.7484 178.999 82.6807 41.557 110.135 39.4553 135.923 195.15 78.3355 68.5409 106.487 118.307 0.0799816 11.2284 53.7221 59.793 59.4326 9.06572 70.831 330.145 0 8.88816 3.54813 24.521 43.021 61.6463 27.3838 32.5712 
40.31 34.0388 6.4688 9.13411 3.17253 14.1568 18.8654 40.4388 34.4292 25.4864 38.0888 4.14648 0.16022 1.81411 14.3525 11.3468 12.2147 6.79708 25.2595 0.0105424 30.0609 0 10.8102 14.0964 23.8233 1.63039 1.64259 0.282489 
11.2905 55.3209 11.9233 10.3095 55.7199 2.9828 21.5047 100.05 75.4838 30.7168 0.714457 45.4147 51.6611 8.00419 14.9379 10.1757 6.29409 24.673 12.4918 3.42652 2.27387 10.7116 0 7.71659 21.3444 1.90644 2.37938 4.52038 
57.8517 2.0944 4.90055 3.47686 4.01684 17.5805 54.0515 129.627 25.5752 54.5038 14.6859 57.7 0.303194 7.22384 20.9615 5.6996 18.9137 3.11988 22.6104 4.81538 42.7369 2.09395 9.98639 0 6.42391 5.4699 14.7314 0.0275164 
83.092 19.723 6.47781 10.5903 66.1947 36.3312 91.7058 190.936 37.6327 7.70139 71.9526 943.666 34.258 4.76244 3.77156 58.9998 19.7684 44.4108 11.1344 12.2102 60.3999 88.5064 8.97932 69.9805 0 124.095 153.281 97.176 
79.1115 51.2603 1.95069 29.6116 6.11847 25.3938 27.1464 116.918 142.629 19.4048 17.3262 20.0537 15.8937 12.2138 23.1558 31.7678 21.6336 53.4673 16.8204 5.86333 28.3979 0.0405321 10.3638 2.57076 11.4456 0 37.9243 30.0848 
3.10629 27.9627 6.37735 15.3059 25.0855 14.5213 44.3891 9.83117 5.85417 37.6775 80.4059 120.022 36.1236 0.315811 4.68658 17.2535 17.2872 38.821 0.0683 0.132098 40.9735 1.5187 13.3148 11.9975 15.0912 31.5071 0 76.8797 
24.1415 59.7548 6.81703 25.3644 24.6596 9.41127 8.50551 119.397 70.9079 32.2054 79.2446 164.019 15.8165 9.0589 11.4887 4.3912 24.0132 50.608 13.7233 11.4324 49.0122 7.5992 10.018 2.87013 23.933 2.93308 13.5237 0 
