0 567.218 211.052 165.604 64.6178 57.7802 17.1839 306.467 181.676 9.99023 194.633 101.731 61.1998 5.50408 50.5108 1.06651 105.674 21.0295 71.7822 129.559 83.3984 27.3154 4.21764 5.01245 123.34 17.0787 50.7097 29.6513 
604.562 0 450.897 295.905 33.9401 55.3367 166.729 291.011 82.6614 54.2209 127.748 149.297 0.0521964 10.0594 40.5001 77.7973 176.029 648.292 82.3614 1.96386 0.669326 51.101 17.8252 61.2821 105.414 21.8184 50.0049 0.595018 
84.0878 21.3811 0 230.987 188.459 53.6584 122.569 198.354 59.4306 81.8205 84.2427 80.4134 50.6368 0.0692004 1.29175 17.6582 38.244 49.6752 44.047 22.3969 1.3437 0.00790916 4.7383 9.14605 27.8354 10.0808 14.0387 20.34 
121.287 73.3038 127.149 0 20.7955 109.299 4.33073 860.513 65.1429 101.244 79.406 15.8797 43.8511 20.4595 35.3777 34.6748 54.8361 29.965 44.1575 0.308289 541.361 0.401666 16.3571 21.8593 80.7588 2.73065 1.14907 18.3178 
236.827 112.888 167.828 136.641 0 83.1 433.855 0.066042 159.326 87.7411 21.7898 129.326 110.352 56.2306 94.3074 63.0603 149.979 194.169 171.68 15.4016 12.8478 52.2817 2.82182 10.6559 40.2596 23.6283 5.75494 0.744893 
95.0614 249.111 62.3545 68.1404 258.244 0 658.203 174.138 420.326 856.38 19.906 81.2593 147.62 17.1542 0.51884 20.3515 79.2773 99.3344 41.2192 0.0244944 2.7318 19.6207 13.9893 0.66868 63.7967 0.0608219 9.55639 9.05452 
5.89573 185.996 113.619 150.506 78.5442 153.922 0 388.997 842.27 40.693 30.6459 253.645 119.521 60.4098 90.7377 15.7039 15.0699 233.361 157.265 51.3717 100.982 1.02845 36.1662 42.2704 23.0676 42.6846 7.19841 4.01383 
1.11221 37.3762 36.4144 350.388 0.850808 83.392 408.262 0 658.604 49.1404 359.607 65.7622 3.85643 14.8573 114.39 257.342 90.3865 180.031 116.515 50.7215 0.0285311 63.8404 73.5053 104.03 180.223 119.496 64.9464 132.002 
125.145 294.713 9.96078 360.382 146.33 247.361 1303.72 57.234 0 5.8896 922.948 50.5364 65.8888 124.062 152.035 151.905 106.714 113.602 25.3082 75.8799 185.443 37.2303 30.6311 14.5481 141.788 88.9915 46.6955 48.574 
102.153 32.173 56.3213 0.00751004 157.165 431.535 464.921 208.89 161.28 0 6.83536 179.982 296.094 57.7745 104.554 40.0239 0.747199 145.117 67.9741 55.4161 78.2419 13.2417 28.1479 50.0334 64.7161 39.1055 14.8345 37.6221 
68.6045 0.910942 190.797 14.9582 178.224 121.758 0.131232 34.4979 668.661 543.799 0 373.346 53.503 38.6029 188.594 2.44941 30.1958 116.4 18.922 46.4316 109.193 4.15983 130.297 112.378 12.8226 52.7089 86.0884 23.0718 
205.599 168.827 27.4926 30.391 38.8779 143.741 35.7452 11.6563 351.182 163.596 505.003 0 22.7031 85.8504 239.222 207.527 77.6625 10.4223 62.4019 7.21372 0.351041 3.53899 62.77 148.105 94.8792 326.264 10.1566 24.8322 
58.3886 31.4454 72.6081 6.95418 58.2679 51.5247 202.555 146.016 107.917 69.3365 10.3086 139.939 0 78.8478 59.8266 75.111 23.9439 76.9311 67.6735 30.6611 3.48576 17.7913 91.2185 17.931 1.75356 15.1918 38.7908 39.5659 
12.2953 62.4358 9.37942 5.4243 44.7256 19.548 44.4174 76.4252 122.904 14.2735 19.3725 114.712 132.804 0 51.8416 17.5022 14.325 10.3972 24.4691 0.134649 6.88809 1.63974 5.57745 8.26766 10.2385 12.1949 10.8395 1.3513 
0.0293198 55.8864 19.9925 37.213 21.7209 41.8433 116.785 137.578 193.103 46.5616 105.386 23.58 24.1181 22.6872 0 35.9513 27.432 68.9224 29.3818 4.30872 55.6445 15.53 24.497 6.65076 12.7316 30.7118 8.38078 4.15473 
54.9575 2.42813 13.3066 41.8279 7.16448 0.000505902 46.4617 11.316 3.33093 90.8637 3.05839 146.235 34.1498 12.528 5.14639 0 1.85883 58.6367 30.2236 6.20227 57.8227 7.69678 7.28454 6.96472 3.46569 26.878 12.4024 19.5648 
144.181 67.597 0.00250436 101.732 124.445 81.5916 109.595 95.2928 167.294 0.412223 3.40429 19.1667 62.1573 16.3789 0.639247 13.9652 0 56.7719 376.651 34.0558 6.13995 1.66734 10.8426 20.9695 66.1788 20.7112 13.1574 2.30775 
222.799 138.984 65.5171 143.683 211.148 4.79671 234.095 158.538 24.2759 143.192 139.406 7.04344 0.140672 47.2762 0.808577 40.1967 20.7321 0 137.858 59.1179 17.7289 10.2426 43.0786 8.90823 17.6525 38.2958 27.2889 49.3421 
110.48 171.981 53.9036 38.3046 176.968 89.3521 131.963 70.2338 18.8335 119.881 1.05481 90.9006 61.3874 14.8738 0.138919 7.2021 145.542 121.04 0 19.2375 54.4745 25.4312 12.8431 15.3411 24.9965 30.6506 4.67043 0.244696 
149.064 136.861 6.84125 0.253974 33.9509 2.58089 63.9008 89.5261 15.443 35.8597 16.3379 45.6406 28.109 2.15746 6.01976 8.42759 0.00045172 66.4495 3.01971 0 313.846 0.312315 3.71421 4.01149 13.7171 11.9887 10.8616 9.93754 
235.735 17.1132 5.30401 57.9592 0.388589 5.64777 80.7153 39.3622 185.699 45.0413 93.3134 168.315 51.5825 43.2389 43.1136 34.9476 0.473134 7.99623 2.1013 19.8802 0 31.2231 19.1641 27.0151 58.219 62.1986 23.0276 1.26561 
39.6488 49.0216 12.0588 12.386 53.5076 14.2969 1.54052 42.4494 39.6446 45.5663 72.1768 18.9469 6.23603 4.13761 1.68011 3.25102 18.5893 24.0275 25.3993 4.89655 11.0395 0 12.3515 0.123293 21.3808 10.371 0.421832 2.34288 
38.1485 14.3723 11.5558 14.1119 24.0964 2.83863 41.581 101.843 57.1285 2.28761 19.9378 86.3104 89.9077 4.59461 18.0295 9.49929 18.7265 42.0191 19.2269 3.85375 16.7096 12.4359 0 1.13984 16.9951 10.4015 4.24092 10.0894 
57.7046 3.85939 3.85053 20.0226 38.2218 11.7586 56.6929 52.876 5.02083 0.924354 70.051 73.6784 35.2395 4.41624 21.8832 19.3821 6.95415 34.1902 20.3677 0.0163162 7.66581 10.4835 17.8707 0 22.1148 1.88045 1.91044 6.78592 
62.2182 63.8427 16.0295 95.9834 50.6649 54.2231 52.6029 11.2492 104.303 62.396 75.8465 182.157 18.8225 12.1586 15.2131 38.8717 70.3683 22.0236 0.607437 0.00957799 34.7198 37.0755 0.0208037 13.0077 0 27.5648 146.821 2.37739 
46.0438 57.6684 27.5414 5.24518 1.543 11.6686 98.0565 6.50331 139.105 0.966258 61.8379 30.574 10.624 0.0263989 27.4573 30.1479 25.3278 37.1559 0.702848 0.649446 30.4984 6.74041 2.34154 4.53772 6.19649 0 13.2434 16.0269 
17.4114 53.6474 13.8453 26.8215 22.6426 18.0309 26.2899 99.9528 36.5991 21.5915 59.1754 119.744 35.5195 10.9829 0.0365846 11.0443 6.00473 43.0138 18.6305 2.15561 42.9086 0.357203 12.4747 0.523157 51.1882 0.920277 0 7.0665 
0.0937684 37.549 14.7376 9.18186 10.1226 0.183802 17.4476 74.6874 52.5844 33.8883 12.5545 175.239 10.1388 5.03977 0.31575 15.529 13.6542 47.2169 21.633 5.41406 21.05 4.24636 4.89357 13.111 25.8547 63.3397 19.1479 0 
