0 390.281 75.7974 361.812 258.788 423.909 60.9017 34.9236 451.678 17.5536 193.138 5.29447 34.8339 33.0533 34.8225 50.6325 449.586 210.205 4.43633 177.638 59.8354 3.80252 15.3528 18.4008 401.553 70.9851 50.5517 39.2185 
361.729 0 61.0848 347.746 458.928 583.726 471.022 198.135 366.247 17.3037 0.333773 14.1355 87.7941 25.1343 1.03182 2.90678 350.32 884.748 81.9722 77.372 38.2132 46.689 35.0458 2.74712 386.027 8.02781 49.6981 64.2505 
210.444 410.469 0 92.5311 186.06 11.471 235.342 30.4614 462.103 5.07291 175.103 168.614 14.441 8.38284 23.7439 0.0119439 14.0936 98.602 58.0297 19.0636 47.5167 0.0948032 0.948183 11.4121 1.55934 8.98796 18.1049 21.0368 
348.803 512.863 88.364 0 161.637 349.377 1.81037 132.127 672.747 3.96389 171.021 219.291 57.1611 2.84999 32.4511 42.9904 350.466 19.2276 37.0359 41.0635 351.792 0.894691 4.28225 9.19847 383.036 15.6433 25.0285 3.18283 
206.592 103.692 149.642 4.84496 0 366.221 48.7283 188.747 136.129 332.488 105.625 36.01 53.8028 61.9133 19.3411 72.0829 10.7268 66.8654 296.492 0.0045891 0.832408 9.11998 48.1262 23.9823 34.3588 66.9727 33.2844 7.11598 
469.295 391.074 55.2733 363.225 5.20934 0 385.88 82.9519 418.96 970.745 157.573 0.101227 112.375 21.3497 1.54511 16.4813 399.212 44.9442 8.44415 23.6695 6.93996 4.86496 13.1316 0.963164 350.151 27.3197 14.3021 17.345 
164.902 457.871 21.4084 186.288 424.22 34.0158 0 408.982 1046.92 386.949 396.63 1.07464 96.2485 10.1338 57.1246 13.848 4.70667 165.292 4.59534 87.4572 2.3373 61.1269 64.4407 38.7765 81.3792 74.002 45.4525 48.431 
241.896 228.048 270.598 62.9976 181.273 84.7753 406.479 0 260.426 89.9186 125.576 750.079 104.91 81.3244 160.948 50.9633 8.70861 2.01925 106.661 86.2275 129.668 27.6 52.7469 5.70417 175.944 80.6912 43.8573 96.8647 
568.037 610.203 294.244 363.549 169.722 347.866 216.515 531.983 0 374.281 1105.2 213.152 123.935 122.666 110.539 145.18 450.377 5.60133 0.193377 43.7964 166.294 0.590413 91.9078 63.4857 426.714 18.1148 17.3805 80.6101 
156.53 5.46493 20.9621 106.855 27.7594 84.6851 116.859 223.241 203.403 0 480.122 115.281 176.882 5.8518 61.4227 6.19554 11.7136 53.3682 122.335 56.4058 67.9022 0.320647 25.5487 1.68851 28.219 4.16939 0.0352174 55.0424 
57.035 121.593 35.5396 8.80192 250.633 256.639 466.295 209.808 87.463 38.3743 0 518.369 246.641 141.144 167.169 168.599 34.169 128.334 104.206 14.6876 72.5187 61.7937 59.1969 0.6399 141.215 162.404 16.3542 100.923 
29.0925 5.49858 3.54128 250.389 154.068 34.5472 183.877 387.525 187.737 40.0309 285.494 0 140.977 7.21316 35.164 361.82 81.7053 15.5475 42.4703 14.2923 165.879 72.2068 83.9056 2.96491 65.6426 176.329 48.6698 154.551 
83.6621 20.4277 4.02692 17.5952 105.648 178.573 18.6623 48.3938 81.3731 109.415 194.403 23.833 0 133.14 101.788 17.0389 0.461254 0.227987 57.6858 1.23704 16.3539 36.6443 55.0894 50.8886 36.1898 51.4689 30.936 44.5467 
23.8049 47.8217 0.000357286 22.2501 37.0346 21.9563 91.1567 85.9577 122.506 69.1001 210.09 166.633 78.3777 0 0.0635939 18.7241 2.48859 52.7155 22.189 0.720612 1.14859 0.612701 7.44912 1.68505 16.5543 12.2741 2.63842 0.463265 
2.96287 95.8233 33.7713 34.8574 94.7419 41.6222 30.0956 84.6975 209.404 52.9714 87.0559 73.0835 68.1494 16.1912 0 57.3749 28.49 20.0018 2.06512 2.34698 1.9278 4.63172 12.4154 8.10434 25.3806 17.3792 5.8443 10.8926 
0.278178 84.3817 23.5754 29.3488 0.779377 0.660808 0.17013 134.21 2.55807 80.4358 166.12 414.398 60.5103 9.98661 86.1453 0 0.151817 1.2933 9.98191 0.0178767 37.3327 6.09093 3.946 28.005 25.9384 4.38579 13.2661 22.7772 
350.986 499.318 55.3867 404.832 18.2255 397.751 81.6154 4.02228 431.803 10.333 71.7802 1.4345 22.6074 22.0307 0.181315 8.97342 0 89.1134 47.3173 6.09061e-06 1.29712 19.8517 3.71895 4.31486 375.209 26.9349 17.5997 24.2209 
9.93654 464.297 22.4847 138.761 221.335 106.806 188.171 5.00142 75.0137 60.8128 0.000244779 11.4124 77.8703 34.7028 57.354 26.4203 270.169 0 3.11589 13.9228 59.1095 8.29073 39.7012 13.0243 56.0379 10.0137 37.2131 43.3902 
49.392 172.023 37.1965 8.28567 295.071 14.1602 5.94366 97.4468 69.9733 77.1237 68.1813 7.22726 70.8349 0.030588 36.786 3.44823 203.567 0.0613639 0 34.3814 2.41423 17.6037 6.56516 5.48017 27.5043 27.0008 20.0138 17.9293 
95.0771 106.93 27.6511 40.808 4.49883 23.8704 21.9267 54.5013 80.3683 28.7148 48.573 0.714389 41.4645 1.12421 10.4996 0.509475 34.0518 8.51358 33.9125 0 286.323 6.23882 4.0747 1.37669 3.3146 1.11625 3.13521 10.5951 
242.496 9.07562 35.3061 179.819 4.39479 1.92602 10.5506 42.9517 165.392 93.5419 126.202 1.65657 31.3855 39.3566 13.7048 11.38 17.2259 43.1762 29.6047 3.59897 0 0.258228 25.2231 47.7705 2.73911 36.1696 43.8271 3.21426 
30.5297 51.7091 12.3338 16.4536 37.9419 19.0859 60.4642 67.3809 0.229526 60.2572 0.146659 55.9163 88.2399 5.85722 12.4214 1.9191 3.01482 0.601892 16.0449 1.14968 17.4619 0 1.62243 1.35754 4.14788 8.2096 0.626966 1.43484 
2.01804 38.7155 7.69622 19.1621 22.9034 3.74015 11.6316 8.95958 70.7039 54.9908 129.796 60.2148 45.8052 8.21909 0.0299344 6.27093 0.240049 44.3973 22.6456 4.00687 22.8037 1.68974 0 11.1234 1.23058 3.29549 12.5741 0.0193241 
25.3684 44.0251 2.00369 11.3821 40.7379 4.34465 59.4632 4.31911 100.113 34.1489 96.2813 50.1298 64.3093 0.00557761 0.000908889 2.98827 20.2561 29.5175 10.9911 0.888816 41.6695 13.9084 12.9502 0 21.7804 14.3896 13.6745 8.69014 
373.756 368.288 9.36995 390.764 23.3756 353.265 23.7245 7.84478 407.543 31.8557 53.4195 883.864 54.545 16.074 23.2985 32.6992 348.261 57.9463 0.021191 11.7818 26.7844 37.9638 27.8678 69.2047 0 32.0833 49.4636 108.576 
22.3575 1.38289 27.4998 11.5462 20.7997 13.7175 95.4169 234.258 2.6839 29.77 158.936 158.676 4.86937 0.0433289 9.61553 8.20841 26.998 10.8897 0.900616 12.0728 63.0018 3.43169 2.13079 16.1965 29.2356 0 0.405568 22.9994 
7.8602 53.499 18.2099 0.11331 47.0761 20.039 59.1068 92.4283 59.2453 45.5612 61.5114 27.1166 36.3132 6.75671 18.6817 11.9479 7.96274 17.5225 6.0855 1.91844 19.7211 0.710725 4.06365 16.148 50.7069 5.01342 0 45.3828 
60.5289 16.0634 22.0193 25.6969 0.0943491 22.821 64.847 1.69245 83.6594 56.3275 82.671 1.98984 0.0719637 0.324541 21.7473 22.039 16.0645 39.8088 1.68643 6.47861 40.954 10.5444 4.03353 14.009 34.8493 6.66361 0.0498795 0 
