0 621.602 211.071 223.736 60.1078 128.161 19.8661 307.33 257.337 11.0292 194.743 98.3439 60.1958 5.23738 51.1442 0.863132 175.652 18.7399 70.4657 122.445 87.844 27.1006 4.41448 4.73649 194.8 16.3705 50.6389 30.142 
663.715 0 438.289 357.96 44.1921 125.58 184.926 292.026 159.286 58.1483 132.196 152.202 0.138574 9.58042 39.3715 78.2989 248.771 63.2055 85.0891 2.6158 0.988835 51.1737 18.2407 61.1733 175.808 22.5823 50.1955 0.503384 
89.8062 33.7077 0 210.569 188.206 54.8452 115.206 191.509 74.7254 83.5658 78.8461 83.8578 51.3766 0.0461836 1.49433 17.9641 37.666 46.802 44.7299 22.7136 1.80921 0.0123602 4.62748 8.99676 27.9138 10.4189 13.9143 20.449 
181.577 139.608 111.354 0 22.7588 179.452 3.13844 240.302 132.905 101.907 83.0986 18.9399 43.1565 20.6131 35.6794 34.1151 126.083 28.133 43.5382 0.460874 19.7682 0.371716 16.2308 21.6347 151.31 2.41984 1.23666 18.6469 
233.26 97.2177 170.38 134.454 0 89.3628 435.191 0.21507 151.537 80.1241 19.5049 127.51 112.798 55.6864 94.0953 62.5233 149.249 197.069 179.883 14.5542 13.6195 52.5056 3.01524 10.989 40.7907 24.2152 5.93651 0.835612 
164.14 315.228 61.5723 138.253 933.02 0 1203.65 170.653 508.823 358.141 16.382 78.8688 556.271 17.3764 0.381915 20.0513 149.764 97.9286 42.7428 0.0105876 2.46437 19.5467 13.8777 0.608328 135.157 0.0927136 9.42382 9.23591 
4.44402 204.635 120.977 154.366 88.9549 95.0876 0 384.107 940.884 52.5176 23.8834 250.437 123.311 61.6494 93.1163 16.7161 15.8405 233.838 157.012 52.522 102.378 0.905345 35.4461 42.9437 22.205 43.9009 6.92519 4.31216 
1.98094 41.0279 41.634 321.131 1.27405 87.6725 406.481 0 653.708 52.0678 362.528 39.7437 3.38359 16.0113 117.738 255.73 90.8431 179.635 116.436 52.1597 0.133083 64.0474 74.5387 102.214 182.032 113.9 65.8766 131.404 
192.218 355.568 4.64111 436.389 154.086 339.602 1284.56 71.8116 0 3.60992 223.992 44.6565 63.1578 126.051 147.63 151.58 178.825 116.588 23.9171 76.9563 185.845 37.7357 31.6979 15.3197 211.379 86.9754 47.2988 47.5944 
100.166 35.3961 58.2709 0.00362114 165.93 445.915 452.697 210.61 151.05 0 2.50352 176.178 302.127 56.5888 106.82 38.6291 0.899513 145.44 66.3146 55.55 78.9218 13.7438 28.8112 50.5084 64.2582 38.1814 15.1424 38.0928 
70.9806 1.50253 195.358 13.0513 174.255 114.736 0.0932913 30.0883 720.578 558.268 0 359.637 57.2173 42.5447 205.392 1.44253 30.8715 114.697 17.998 45.6467 110.476 3.87677 130.892 113.571 14.0341 50.1019 86.1387 22.1024 
203.503 171.47 25.0856 26.566 40.5445 142.306 32.4771 27.5586 357.147 167.584 509.381 0 23.9557 82.7869 234.038 233.312 77.269 11.1581 63.1765 7.73902 0.54021 3.28806 60.9813 151.142 99.732 313.253 9.38795 27.0084 
59.3959 30.0252 72.4319 6.54423 60.6492 56.1566 200.475 146.382 104.977 61.2819 8.60662 141.087 0 83.2384 62.0448 74.3571 24.3866 76.1287 67.0166 30.9408 3.27644 16.7494 91.2513 18.6813 1.59402 15.6241 38.8415 39.3655 
11.9236 62.89 9.18336 5.22214 45.3734 19.7149 43.1402 74.6972 124.51 15.2401 16.5836 117.528 129.572 0 54.2349 17.8114 14.2038 10.0887 24.3454 0.124445 7.11301 1.54353 5.95622 8.08469 10.4305 12.112 10.8716 1.28426 
0.0642655 57.0164 20.4951 37.4407 22.6567 41.8214 118.669 134.523 189.482 43.9268 120.419 19.5105 25.9241 26.0148 0 30.8823 27.3211 68.9599 29.1116 4.39345 55.8282 15.6427 24.2818 6.1539 12.3012 30.791 8.21993 4.34748 
54.0821 2.1276 12.9679 42.0462 7.59801 0.00771806 47.8504 8.58384 4.08607 91.1209 1.91893 170.427 32.9858 11.9999 2.98329 0 1.77726 58.4174 30.2721 6.12292 57.5032 7.58931 7.52061 6.16054 3.84779 27.4478 12.2308 19.354 
216.058 137.5 0.00109369 172.402 126.142 152.075 109.461 95.6159 238.315 0.52743 3.67789 19.673 62.3325 16.4896 0.695963 13.8051 0 62.9258 125.999 34.0604 6.40754 1.72226 10.7474 20.9796 137.425 20.8499 13.0611 2.37922 
220.793 138.073 68.6152 143.08 208.743 5.49123 233.703 157.159 26.183 143.688 140.806 7.65806 0.0831373 47.0209 0.938787 40.6659 16.9833 0 138.983 58.1881 18.5263 10.0493 42.9623 8.66827 17.268 38.7545 27.5175 49.2203 
111.075 171.642 53.3925 38.9614 185.116 89.6689 130.258 71.285 20.0948 119.3 0.830502 90.4242 62.1062 15.069 0.179305 7.38952 136.569 122.668 0 19.547 54.9268 25.437 12.7041 15.2052 25.1466 30.6612 4.58002 0.273367 
155.659 137.789 7.19669 0.393978 32.8403 2.42025 62.8126 88.2827 14.6118 35.3502 16.958 46.6233 27.8134 2.18881 5.93199 8.37161 0.00453446 65.5976 3.19255 0 320.446 0.325711 3.72855 4.05292 13.6977 12.0043 10.8471 9.88636 
233.967 18.5287 6.17932 51.9161 0.540241 6.04003 82.2327 41.5995 186.067 45.8738 91.9008 168.211 52.0675 43.1162 43.5136 34.3776 0.399396 8.55956 2.28023 28.0364 0 31.2881 19.4115 26.6759 58.4015 62.3196 23.2781 1.37499 
39.7094 48.8687 12.0908 12.474 53.3079 14.4592 1.38958 41.9946 40.1463 45.0367 71.8144 18.4245 6.92439 4.27031 1.57644 3.15195 18.656 23.803 25.3862 4.87041 11.1827 0 12.1306 0.16 21.198 10.3984 0.395156 2.29525 
38.4142 14.762 11.4919 14.2642 24.5289 2.95673 42.2921 101.962 58.2779 2.54755 21.3687 84.6309 90.2461 4.98057 18.5523 9.70171 18.6975 42.1578 19.331 3.86553 16.954 12.2175 0 0.740297 17.3558 10.4023 4.35129 10.101 
57.7509 3.61669 3.9814 19.7704 37.8252 11.6026 56.1302 50.8658 4.5586 1.08622 68.2553 77.3933 36.0943 4.19644 21.3836 20.2846 7.0566 34.4729 20.266 0.0209572 7.41707 10.3209 18.5187 0 23.254 1.74019 2.0369 6.9211 
132.854 135.428 15.7153 166.898 51.1324 125.251 53.5916 13.034 176.974 61.8773 73.75 1048.27 19.2664 12.3329 14.774 33.8998 141.308 21.6165 0.555289 0.00490543 35.1943 47.6387 0.0560342 10.5245 0 40.3041 129.471 8.16073 
46.9003 58.4645 27.5351 4.82339 1.36702 11.9707 98.3368 8.4669 138.431 1.18358 59.1243 39.7784 10.2466 0.013638 27.7728 30.5478 25.4121 37.6187 0.765213 0.694474 31.044 6.80972 2.43306 4.3384 6.3705 0 13.8386 14.3742 
17.7299 53.7365 13.7197 26.8913 22.9224 17.9478 25.8684 100.091 35.9883 21.2615 59.8393 119.459 35.6516 10.9548 0.0518952 10.8666 6.09143 43.1075 18.5323 2.10833 42.8199 0.332633 12.411 0.593076 51.3023 1.12096 0 5.42653 
0.136147 38.0421 14.9251 8.88657 10.421 0.218299 17.9997 76.489 51.6053 34.376 13.3275 175.685 10.395 4.93419 0.260661 15.2498 13.7746 47.0456 21.5163 5.3403 20.7109 4.30283 4.97257 13.1889 26.0462 63.0076 21.8684 0 
