0 760.236 210.151 375.821 51.4473 303.389 25.7592 308.308 442.915 13.2483 194.776 91.6166 58.1824 4.72187 52.3933 0.520409 349.874 14.5275 67.8146 113.139 96.8784 26.6684 4.82014 4.20606 371.944 14.9879 50.4846 31.1234 
810.929 0 405.695 515.331 68.2785 301.352 222.485 293.474 348.091 66.2754 141.093 157.918 0.435072 8.65247 37.1306 79.2499 428.405 32.5175 90.5451 4.19223 1.81283 51.3059 19.0793 60.9314 350.845 24.1343 50.5655 0.342909 
101.369 65.7974 0 164.722 187.14 57.0821 100.607 177.374 109.352 86.9629 68.3458 90.7832 52.8347 0.0140408 1.9413 18.5632 36.4957 41.2153 46.0698 23.3234 2.94356 0.0242275 4.40754 8.69694 28.0498 11.1013 13.6631 20.658 
338.8 308.433 122.186 0 26.9036 353.939 1.32286 162.395 304.399 103.117 90.5578 25.7925 41.7601 20.9086 36.2513 32.9564 302.869 24.6041 42.2829 0.856436 105.392 0.315232 15.972 21.1738 326.664 1.85183 1.42099 19.3026 
225.668 68.7354 175.027 129.887 0 112.175 435.463 0.769032 136.128 65.6285 15.2874 123.822 117.63 54.5756 93.5957 61.421 147.615 202.609 195.997 12.9192 15.2223 52.9386 3.42006 11.6666 41.8472 25.3988 6.30701 1.03245 
336.649 481.115 59.8329 312.819 887.271 0 896.483 163.377 716.397 705.156 10.3133 74.0914 148.96 17.8089 0.170517 19.4392 325.005 95.0329 45.7962 1.88429e-05 1.9697 19.3903 13.6484 0.49592 312.142 0.176475 9.15904 9.60034 
2.14834 242.758 135.708 161.775 111.16 25.5114 0 372.946 1113.06 80.0242 12.7929 243.619 130.837 64.0994 97.7903 18.8162 17.4288 234.419 156.31 54.8126 105.127 0.682378 34.007 44.2824 20.5142 46.3435 6.39271 4.93854 
4.45704 48.7501 52.9106 274.288 2.37371 96.3247 401.359 0 638.622 58.0961 367.438 6.95681 2.52879 18.4282 124.323 251.375 91.7255 178.709 116.22 55.0472 0.572024 64.4437 76.5689 98.4973 185.277 102.746 67.7192 130.071 
360.862 511.362 0.0193407 621.072 169.722 558.728 1197.44 105.173 0 0.709838 592.037 33.8714 57.7947 129.842 122.686 150.695 357.309 122.544 21.2326 79.073 186.484 38.7449 33.8607 16.9115 384.779 82.9055 48.5 45.6384 
96.1467 42.2169 62.165 0.125136 183.441 466.546 424.466 213.76 130.99 0 0.238869 168.386 312.65 54.1788 111.141 35.8614 1.24594 145.971 62.9874 55.7892 80.2563 14.7675 30.1397 51.4316 63.3035 36.3343 15.7632 39.0256 
75.7822 3.12384 203.967 9.60554 166.184 100.887 2.68723 22.1067 811.954 581.669 0 331.248 64.9048 50.8463 238.847 0.221985 32.2348 111.254 16.2087 44.0748 113.002 3.3392 131.913 115.841 16.602 45.0048 86.2034 20.2113 
199.075 176.616 20.5569 19.6136 43.9506 139.268 26.357 78.5289 368.115 175.399 515.59 0 26.5431 76.6663 222.796 285.078 76.4628 12.6986 64.7159 8.83975 1.03982 2.81274 57.4112 156.931 116.984 285.066 7.93455 31.5811 
61.405 27.2597 72.0283 5.75834 65.478 62.2516 195.988 147.022 99.0925 46.3701 5.65036 143.293 0 91.9576 66.4684 72.7731 25.2766 74.5046 65.6776 31.4945 2.87648 14.7398 91.1683 20.2107 1.29713 16.4995 38.9353 38.9553 
11.1928 63.7673 8.78998 4.82612 46.6576 20.0327 40.5977 71.2153 127.566 17.2452 11.6105 123.019 122.634 0 58.1542 18.3505 13.9601 9.48243 24.0915 0.105216 7.57156 1.35846 6.69007 7.70318 10.8108 11.9356 10.9327 1.15471 
0.174688 59.2611 21.4905 37.8614 24.5684 41.7142 122.262 128.239 181.804 38.7811 152.08 12.4574 29.6737 32.81 0 21.3835 27.0933 69.0055 28.5633 4.56388 56.1758 15.8595 23.7773 5.20326 11.4487 30.8996 7.89967 4.74298 
52.309 1.58483 12.2896 42.4175 8.49879 0.0477552 50.6353 4.22427 5.81987 91.5071 0.430209 221.076 30.6803 10.9229 0.395242 0 1.61922 57.9578 30.3597 5.96313 56.8386 7.3727 7.9867 4.66595 4.66703 28.5171 11.8848 18.9164 
394.021 311.716 0.0397328 347.98 129.418 327.304 109.128 96.2278 414.563 0.800032 4.25552 20.6995 62.6649 16.7087 0.816437 13.4847 0 75.8893 363.549 34.0569 6.95799 1.83453 10.5566 20.9965 314.178 21.1244 12.868 2.52506 
216.411 137.717 74.8649 141.668 203.641 7.01357 232.549 154.302 30.1822 144.566 143.531 8.95999 0.0131889 46.4975 1.22792 41.5965 10.5523 0 141.084 56.3075 20.1639 9.66655 42.7204 8.19606 16.5066 39.6663 27.9731 48.9663 
112.182 170.708 52.3294 40.2641 201.074 90.1504 126.72 73.3735 22.7203 118.014 0.461834 89.4408 63.5233 15.4585 0.275452 7.76915 118.759 125.814 0 20.1647 55.82 25.4436 12.4256 14.932 25.4425 30.6743 4.40126 0.335393 
168.319 139.376 7.9246 0.764675 30.6464 2.11287 60.6097 85.7428 13.0081 34.3237 18.2242 48.5904 27.2185 2.25161 5.75645 8.25659 0.0254324 63.8612 3.55121 0 329.41 0.353306 3.75653 4.13529 13.6545 12.0309 10.8162 9.78199 
229.943 21.507 8.1184 39.9338 0.917871 6.86047 85.2532 46.2102 186.637 47.5416 89.0568 167.883 53.0307 42.8589 44.3026 33.2354 0.270559 9.73927 2.6592 48.0182 0 31.4142 19.9065 25.9958 58.7454 62.5337 23.7786 1.60691 
39.8229 48.5512 12.152 12.6482 52.8929 14.78 1.11057 41.0801 41.1464 43.9604 71.0637 17.3949 8.39938 4.53778 1.3781 2.95681 18.7873 23.353 25.3552 4.81767 11.4706 0 11.6714 0.247503 20.8195 10.4504 0.344341 2.20104 
38.9361 15.5514 11.3591 14.5644 25.3962 3.1985 43.707 102.123 60.5647 3.10728 24.3487 81.223 90.7769 5.74735 19.559 10.0909 18.6368 42.4261 19.5357 3.88834 17.4441 11.7627 0 0.19434 18.0604 10.3971 4.57421 10.1206 
57.8178 3.15366 4.24744 19.257 37.0256 11.2883 54.9829 46.8972 3.6984 1.4482 64.6565 84.8981 37.8015 3.76277 20.3466 22.0128 7.26258 35.0333 20.0593 0.0319724 6.92978 9.98922 19.6014 0 25.517 1.47423 2.30043 7.19174 
308.42 312.891 15.0846 342.947 52.054 301.585 55.5576 16.9647 356.597 60.8045 69.5569 789.162 20.1615 12.6745 13.8983 26.0886 317.448 20.8075 0.457897 0.000206488 36.1392 68.5344 0.194036 6.20429 0 72.6631 52.5089 53.4991 
48.6028 60.035 27.4957 4.02713 1.04654 12.5776 98.8085 13.1329 136.914 1.68307 53.782 61.3019 9.50796 0.000641714 28.3634 31.2579 25.5756 38.5395 0.897712 0.78877 32.1357 6.94758 2.6197 3.94868 6.77112 0 15.0452 11.2689 
18.3712 53.9018 13.4658 27.0213 23.4826 17.7774 25.028 100.31 34.7694 20.6032 61.1526 118.795 35.9094 10.8954 0.0904962 10.5095 6.26601 43.2883 18.3344 2.01494 42.6345 0.286047 12.2785 0.745589 51.4536 1.5795 0 2.76781 
0.244451 39.0241 15.2963 8.30521 11.0278 0.296075 19.121 80.0715 49.6456 35.3461 14.9327 176.258 10.9141 4.72401 0.166191 14.6837 14.015 46.6934 21.28 5.19298 20.0354 4.41612 5.13066 13.3383 26.452 61.998 27.6628 0 
