0 828.196 208.889 456.442 46.154 397.697 29.9064 308.409 543.709 14.772 194.664 87.3328 56.8854 4.40322 53.1833 0.345371 443.391 12.0848 66.0991 110.269 102.767 26.3887 5.08922 3.88044 467.309 14.1239 50.3765 31.7541 
883.638 0 380.171 597.438 86.0846 396.585 247.14 293.992 451.845 71.6742 146.798 161.517 0.712597 8.07752 35.7029 79.824 525.314 700.881 94.045 5.39452 2.47191 51.3818 19.6233 60.7587 444.875 25.1481 50.7955 0.255887 
108.837 91.0493 0 133.735 186.065 58.4168 91.3873 168.033 134.002 89.0745 61.8363 95.2473 53.7559 0.00319116 2.25755 18.9389 35.7341 37.749 46.9118 23.6981 3.81411 0.0339392 4.26746 8.5035 28.1227 11.5437 13.4998 20.7859 
423.251 399.905 139.141 0 29.7145 447.571 0.561667 437.872 397.389 103.81 95.3883 30.6907 40.8582 21.0901 36.5964 32.1855 398.054 22.4356 41.4651 1.17365 583.86 0.281331 15.8016 20.8697 420.9 1.52511 1.54587 19.7218 
220.481 52.669 177.678 126.823 0 134.468 433.947 1.3048 126.387 56.8916 12.8315 121.416 120.69 53.8461 93.2218 60.6933 146.445 205.979 206.076 11.9116 16.2934 53.2062 3.6929 12.1101 42.5222 26.1662 6.55023 1.16976 
429.133 568.89 58.5973 406.614 173.178 0 303.615 158.501 828.383 320.237 7.1251 71.0296 687.842 18.0783 0.0788915 19.038 419.178 93.1157 47.7589 0.00537531 1.68023 19.2841 13.4969 0.429551 407.435 0.244329 8.98916 9.83568 
1.10563 267.548 145.111 166.297 126.285 20.0912 0 364.844 1199.35 100.152 7.43726 238.966 135.623 65.6519 100.728 20.217 18.4826 234.529 155.722 56.2761 106.863 0.555524 33.0837 45.1367 19.4526 47.9184 6.06029 5.36198 
6.56283 53.9941 60.6985 255.227 3.25786 101.929 396.987 0 625.32 62.0839 369.927 0.0668986 2.04386 20.056 128.466 247.799 92.2708 178.019 116.04 56.9088 1.01552 64.6858 77.8466 96.0515 187.093 95.6378 68.8898 129.12 
450.971 592.984 1.34132 720.144 179.815 680.857 1110.59 129.31 0 0.0259999 15.0084 27.6562 54.4244 132.141 103.395 149.963 453.564 126.353 19.5782 80.4067 186.777 39.3919 35.2701 17.9678 477.739 80.2678 49.2682 44.3841 
93.5357 46.8498 64.6574 0.294138 194.61 473.812 403.934 215.576 118.463 0 3.30961 163.262 318.267 52.6054 113.759 34.1017 1.49788 146.229 60.846 55.9225 81.0961 15.4385 30.9942 52.0055 62.6632 35.1487 16.1656 39.6188 
78.8993 4.47178 209.112 7.65588 160.914 92.1783 6.21945 17.587 855.93 592.567 0 312.461 70.0141 56.4494 259.914 0 33.1187 109.015 15.101 43.0635 114.594 3.01386 132.449 117.217 18.3515 41.8193 86.2197 19.0301 
196.068 179.819 17.8555 15.6575 46.1889 137.199 22.7267 123.754 374.453 180.296 517.76 0 28.262 72.7486 215.007 317.638 75.9312 13.7366 65.6978 9.58205 1.446 2.52609 55.1259 160.437 127.366 265.705 7.06039 34.6672 
62.6919 25.5369 71.7331 5.27749 68.6238 63.685 192.882 147.368 95.3149 37.7126 4.07054 144.644 0 97.4781 69.2937 71.703 25.8518 73.4475 64.7997 31.8462 2.6326 13.5027 91.0104 21.2127 1.12206 17.0693 38.9903 38.6852 
10.732 64.3088 8.53653 4.57766 47.4743 20.2254 38.9744 68.9632 129.416 18.5827 8.85604 126.436 117.873 0 59.9925 18.6386 13.8027 9.10053 23.9238 0.093688 7.87237 1.24485 7.13807 7.44801 11.0523 11.8148 10.9697 1.0747 
0.274168 60.6917 22.122 38.107 25.8238 41.6008 124.441 124.093 176.584 35.5736 173.234 8.72092 32.1728 37.1526 0 15.9223 26.9426 69.014 28.2057 4.67407 56.3849 15.9927 23.4023 4.62486 10.9075 30.9341 7.69492 5.00399 
51.1554 1.27728 11.8536 42.6097 9.10089 0.0914884 52.4281 2.21918 7.08905 91.6644 0.0346404 254.393 29.2172 10.2213 0.00688821 0 1.52128 57.6477 30.4095 5.85971 56.3936 7.23242 8.28102 3.79497 5.23083 29.1514 11.6604 18.6241 
489.902 405.332 0.0937268 442.351 131.437 421.468 108.867 96.5967 509.34 1.00485 4.64795 21.369 62.8657 16.8481 0.898822 13.2786 0 84.631 378.062 34.0457 7.3224 1.9084 10.4337 21.005 409.32 21.2986 12.7437 2.62083 
213.34 136.054 78.9059 140.616 200.165 8.08427 231.546 152.396 32.8784 145.049 145.228 9.84734 9.49525e-06 46.152 1.43393 42.1891 7.19553 0 142.33 55.0846 21.2461 9.42324 42.5583 7.89807 16.0229 40.2482 28.2648 48.7955 
112.833 169.929 51.6182 41.093 211.018 90.352 124.361 74.7055 24.4783 117.1 0.281388 88.7877 64.4191 15.7081 0.348009 8.01653 107.653 127.755 0 20.5607 56.3855 25.4443 12.2462 14.7555 25.6294 30.677 4.28781 0.378569 
176.006 140.205 8.40362 1.06613 29.2572 1.92527 59.1765 84.0747 12.0197 33.6592 19.0557 49.8551 26.8336 2.29205 5.64364 8.18055 0.0478346 62.7232 3.79076 0 332.07 0.371606 3.77402 4.18787 13.6235 12.0446 10.795 9.71349 
227.022 23.5224 9.49452 33.9212 1.21276 7.4127 87.1824 49.2652 186.886 48.6151 87.2164 167.587 53.6446 42.6853 44.8019 32.4997 0.200904 10.5342 2.91758 63.171 0 31.4926 20.2248 25.5577 58.9514 62.6517 24.0999 1.76521 
39.8906 48.3388 12.1894 12.7589 52.6155 14.9834 0.947426 40.4892 41.7866 43.2574 70.5632 16.7442 9.41461 4.71099 1.25705 2.83359 18.8701 23.0632 25.3317 4.78346 11.6565 0 11.3648 0.313603 20.5675 10.482 0.31347 2.14124 
39.2648 16.0657 11.2702 14.7542 25.9553 3.35773 44.6104 102.17 62.0249 3.49482 26.3442 79.002 91.0146 6.22926 20.1754 10.3291 18.5959 42.5922 19.6649 3.90247 17.7599 11.4587 0 0.0285229 18.5002 10.389 4.71893 10.1306 
57.8428 2.87184 4.42132 18.921 36.5074 11.0846 54.2305 44.3875 3.19111 1.70765 62.3419 89.7554 38.8957 3.48938 19.6559 23.0584 7.39574 35.3898 19.9241 0.0402709 6.62376 9.77169 20.1333 0 26.951 1.31382 2.47715 7.36578 
402.822 408.508 14.6782 437.607 52.6365 396.467 56.8121 19.7368 453.596 60.0904 66.8666 965.472 20.7417 12.8889 13.3381 23.2104 412.194 20.2913 0.400179 0.000458725 36.7437 79.0299 0.330035 4.00402 0 92.2775 10.9454 90.502 
49.6887 61.0282 27.4518 3.54952 0.862746 12.9692 99.0489 16.6364 135.821 2.04933 50.4176 77.1158 9.04476 0.00111989 28.7137 31.6491 25.6772 39.1277 0.988282 0.852329 32.8371 7.03562 2.74209 3.70485 7.06492 0 15.8299 9.43078 
18.7861 53.9991 13.3011 27.0981 23.8431 17.665 24.4899 100.411 33.9884 20.1813 61.9865 118.3 36.0706 10.8549 0.120915 10.2792 6.37903 43.3998 18.2059 1.95579 42.5097 0.257912 12.1897 0.852462 51.4989 1.91374 0 1.5154 
0.330618 39.652 15.5321 7.93846 11.4248 0.352234 19.8535 82.3568 48.3856 35.9656 16.0051 176.401 11.2524 4.58973 0.116569 14.3149 14.1692 46.4603 21.1262 5.09847 19.6032 4.48915 5.23228 13.4298 26.7288 61.1116 31.5937 0 
