0 249.057 173.958 103.574 9.46609 103.585 79.8664 289.801 301.46 32.286 188.658 50.0882 44.8168 1.9374 59.9713 0.43902 136.53 0.0822383 49.965 79.8425 158.037 23.7235 7.89622 1.44899 176.29 7.12153 49.033 37.579 
312.142 0 85.6598 181.041 304.563 131.464 455.45 283.328 264.732 126.021 197.537 191.481 6.51027 3.59062 23.1182 83.6933 246.178 302.708 125.325 23.1232 13.3178 51.7401 24.8452 58.5167 142.268 35.0787 52.6339 0.0574198 
172.877 385.612 0 25.9809 162.342 66.2109 21.169 80.1162 382.673 105.335 14.4331 135.458 61.6102 0.271438 6.19689 22.0011 28.399 11.6297 53.8832 26.4445 16.8964 0.202609 3.02357 6.6943 28.2413 15.7236 11.9218 21.7236 
116.83 129.242 204.959 0 60.282 140.02 8.85985 624.363 131.742 106.958 139.725 91.1079 32.3849 22.4446 38.8985 24.2839 107.213 6.5978 33.5442 6.34317 489.042 0.0572907 14.0728 17.7793 120.345 0.0019854 2.94189 23.4957 
163.307 8.1531 188.408 94.6798 0 382.115 360.618 12.8864 47.4045 4.00513 0.217832 97.9758 146.723 46.5509 87.8186 53.2683 131.358 229.18 280.505 4.32751 27.6952 55.2848 6.69162 16.5151 48.6055 33.5021 9.00005 2.8488 
115.727 200.608 43.5427 104.697 677.813 0 1035.4 108.168 552.074 374.497 6.01311 43.6631 513.866 20.2147 0.902376 15.0833 118.371 73.6165 65.3602 0.510352 0.0830036 18.0856 11.9466 0.0385776 116.864 1.3929 7.42544 12.0525 
7.9046 468.811 220.427 196.978 281.034 895.377 0 261.863 786.844 333.78 27.3318 187.354 176.561 78.9496 124.553 34.8745 29.3975 225.702 145.27 69.3266 121.649 0.000120104 24.6442 52.7748 10.651 62.4953 3.35301 10.0538 
44.1595 111.135 145.926 106.118 17.9136 152.924 320.279 0 396.658 102.29 367.137 411.924 0.00600846 37.6167 161.94 189.547 96.4909 168.147 112.808 74.12 11.0836 66.4552 88.5426 71.825 193.252 36.6292 79.1626 116.918 
120.487 183.71 155.342 418.209 269.411 567.483 51.0351 408.868 0 37.1811 247.098 0.015953 26.6992 147.734 224.618 137.283 171.797 160.311 7.11971 91.6296 185.076 45.3277 48.9106 28.9082 164.725 55.5425 56.2187 32.9514 
68.7276 97.1627 86.6007 5.22348 286.055 308.672 169.425 224.191 26.1455 0 181.401 113.074 323.033 37.4801 130.856 18.9161 4.922 145.487 41.2523 56.3854 88.1768 22.1151 38.8527 56.5507 55.7739 24.3788 20.0226 44.8557 
108.493 27.9596 239.312 0.148195 110.438 25.2032 102.387 0.417028 832.727 528.537 0 137.131 121.906 114.659 398.791 18.6981 41.5937 87.5049 6.50348 33.7039 128.124 0.767535 132.814 126.599 37.9184 16.6299 85.4225 9.48779 
162.848 205.039 1.57825 0.315705 68.5648 114.189 1.56849 772.074 403.387 219.445 469.896 0 46.1343 38.4627 129.217 495.645 70.5006 25.0984 74.4978 17.7142 8.36359 0.582893 34.7213 183.39 5.19475 80.2529 1.30566 67.7505 
74.3871 11.8167 67.6803 1.76006 98.731 36.2787 156.821 148.085 61.2213 0.170087 1.85737 154.576 0 140.585 93.7676 60.047 31.2983 63.19 56.0638 34.9451 0.868105 4.33923 85.6973 31.0863 0.0968776 22.6054 39.3001 35.9381 
6.81055 68.4546 6.19436 2.52123 54.6695 21.5534 24.6006 47.9746 141.837 32.4846 1.27505 152.754 67.1173 0 48.8617 18.9268 12.3089 5.85564 22.2021 0.0181021 10.8885 0.408104 9.64098 4.8471 13.1526 10.4355 11.2256 0.45831 
2.26052 73.3203 27.5299 39.4172 38.3224 38.9229 139.126 83.2208 120.596 11.0831 355.641 6.2887 57.7182 61.966 0 6.23978 25.3874 68.311 24.6979 5.71868 57.7869 16.9863 18.2939 0.756236 6.24633 29.9308 5.84418 7.65583 
40.0601 0.00618296 7.89011 42.6055 15.5196 1.16467 68.8449 14.3208 24.2805 89.7009 17.1947 485.549 16.6286 4.02578 38.1617 0 0.748541 54.2274 30.6244 4.87769 51.6205 5.89913 10.6957 0.021343 11.6323 32.7112 9.52012 15.5498 
203.254 103.351 1.68277 142.625 146.493 120.493 104.715 99.0953 212.464 4.00573 9.07926 27.9346 64.2466 18.0839 1.8491 11.3592 0 173.571 526.7 33.6046 11.1019 2.65951 9.28293 20.9948 117.272 22.8338 11.5758 3.58797 
176.436 5.40644 115.619 125.767 161.579 21.2511 212.849 132.342 62.1092 146.43 158.763 19.9253 1.07356 42.6143 4.09251 47.4565 7.07685 0 149.712 43.3564 32.3375 7.26546 40.8073 5.34226 11.749 45.475 30.9293 46.9321 
116.533 156.236 44.075 48.3862 283.132 88.1479 99.7704 86.5949 43.1834 105.535 0.743758 81.954 72.1108 17.9954 1.42423 10.4336 39.8096 142.392 0 24.1796 61.3097 25.3187 10.5702 13.0831 27.2428 30.4858 3.28748 0.904351 
221.962 140.462 13.1551 6.10372 17.3394 0.577445 45.435 67.5096 4.54552 27.357 27.3908 61.4949 23.1729 2.66935 4.60068 7.3989 0.592149 51.4687 6.34213 0 245.701 0.562834 3.91767 4.66185 13.2161 12.0455 10.5484 9.02477 
188.724 45.6601 26.6819 111.375 5.88801 13.4351 104.458 80.4716 184.771 58.5926 69.8169 161.657 59.1487 40.7676 49.1243 25.6615 0.0502158 19.2491 5.86853 242.067 0 32.121 23.1827 21.4632 60.2906 63.0045 27.0701 3.58082 
40.319 46.0597 12.4638 13.7401 49.6415 16.7567 0.0477133 34.8941 47.619 36.3602 65.2624 11.1384 21.1235 6.34049 0.385494 1.78042 19.5816 20.3486 24.9826 4.45309 13.4206 0 8.20404 1.28469 17.9329 10.7041 0.0944137 1.61442 
42.055 21.0809 10.3156 16.389 31.1864 4.96838 52.7005 100.538 75.0459 8.09128 47.3802 57.6936 89.2997 9.4271 24.3919 12.0011 18.1424 43.8926 20.7718 4.01343 20.7257 8.31184 0 5.15222 21.9554 10.1337 6.10957 10.1259 
57.3976 0.862764 6.13061 15.61 31.5482 9.14417 46.74 23.2253 0.2469 5.09637 41.2754 133.856 48.7914 1.29282 12.7051 29.1014 8.66191 38.5567 18.578 0.163068 4.06169 7.62792 18.2115 0 38.2953 0.248047 4.37388 8.97304 
104.853 121.594 10.9086 140.072 57.6566 102.435 67.9807 53.4584 178.928 52.6153 42.647 649.276 26.2814 14.6567 8.3529 73.4377 116.438 15.6475 0.0481936 0.125957 42.2229 12.3605 3.29398 12.7209 0 28.4959 1.01776 66.5669 
59.3338 69.5503 26.3502 0.505554 0.00211514 16.6183 98.8909 65.328 121.527 7.09334 22.8282 261.968 5.20112 0.336118 30.772 32.6439 26.4881 44.434 2.03222 1.55088 39.3059 7.83097 3.95793 1.73623 11.0458 0 23.2377 0.0557258 
22.7359 54.5625 11.7118 27.5533 27.2048 16.517 19.5824 99.847 26.85 16.3179 69.3024 111.25 37.3994 10.3932 0.612933 8.12326 7.46122 44.256 16.9667 1.4386 41.1413 0.0649275 11.2339 2.1648 50.3039 6.39152 0 7.88937 
1.75009 45.3418 17.6035 4.82151 15.3654 1.10344 27.0538 102.498 36.7775 41.5335 27.3728 169.289 14.5603 3.38154 0.0774518 10.7711 15.5893 44.0444 19.6212 4.22846 15.6738 5.17635 6.17208 14.105 29.8253 45.3007 69.6311 0 
