0 265.452 172.686 126.611 8.91176 126.227 81.2524 288.947 325.105 32.7673 188.409 49.2835 44.5331 1.89028 60.1183 0.479265 158.754 0.0441421 49.5839 77.2826 159.307 23.659 7.96914 1.40493 198.856 6.98034 48.9938 37.7153 
327.867 0 79.9088 200.959 310.12 155.191 459.174 282.742 290.154 127.349 198.652 192.099 6.71692 3.50426 22.8396 83.7513 268.964 589.208 126.018 23.6731 13.6745 51.7409 24.9718 58.4499 164.579 35.3228 52.6707 0.0662497 
174.147 391.422 0 29.839 161.507 66.2828 20.0103 78.1789 387.56 105.634 13.6697 136.347 61.7783 0.285864 6.31009 22.0627 28.2219 11.171 54.0268 26.4917 17.3076 0.208322 2.99563 6.65158 28.2318 15.8224 11.8832 21.7401 
141.003 153.476 219.423 0 61.0801 162.196 9.38669 183.338 155.896 106.958 140.724 92.7812 32.1842 22.469 38.9321 24.0857 129.823 6.32797 33.3517 6.51055 633.669 0.0540128 14.0289 17.7011 142.71 0.000256997 2.97998 23.5815 
161.812 9.59254 188.34 93.8628 0 383.57 357.746 13.3012 45.8896 3.47719 0.153546 97.4042 147.274 46.3683 87.6499 53.0794 130.915 229.535 281.692 4.19001 27.9949 55.3247 6.77254 16.6251 48.7446 33.6792 9.06215 2.89729 
137.874 221.335 43.1273 127.093 431.448 0 999.712 106.919 571.774 505.041 6.62123 43.0547 345.804 20.2563 0.958434 14.9861 140.736 73.127 65.7502 0.532237 0.0696972 18.0527 11.907 0.0343852 139.465 1.43122 7.38886 12.1053 
8.42404 472.21 221.769 197.415 284.637 909.23 0 258.985 757.045 339.336 29.3014 185.987 177.42 79.2339 125.022 35.2515 29.6784 225.281 144.918 69.6189 121.966 0.000838854 24.4493 52.9474 10.4686 62.8338 3.29759 10.1809 
45.4104 112.625 148.065 98.0708 18.3961 154.053 317.794 0 389.745 103.288 366.5 428.625 0.0128746 38.0778 162.591 187.728 96.5715 167.839 112.698 74.5192 11.4491 66.4863 88.7666 71.2318 193.154 35.4758 79.3903 116.56 
142.355 203.881 161.262 439.529 271.327 591.689 39.9467 415.691 0 38.9556 277.838 0.0655552 26.1363 147.968 223.051 136.861 194.602 161.068 6.89381 91.866 184.939 45.4659 49.2415 29.1892 186.786 54.9652 56.3782 32.6882 
68.1388 98.4677 87.0773 5.41211 287.78 300.414 163.916 224.207 24.6702 0 188.109 111.866 322.08 37.1195 131.082 18.5914 5.02635 145.401 40.8039 56.3791 88.3274 22.2814 39.0348 56.6397 55.5919 24.1332 20.1161 44.9728 
109.196 28.7418 239.593 0.212 109.244 24.0442 105.838 0.580254 831.134 523.638 0 133.351 123.191 116.089 400.182 19.5727 41.799 86.9854 6.3395 33.4848 128.413 0.731841 132.72 126.741 38.4448 16.1495 85.3828 9.29617 
161.963 205.524 1.40249 0.44936 69.1228 113.573 1.36279 786.658 403.37 220.202 467.359 0 46.5943 37.7275 127.06 495.748 70.3618 25.4031 74.6979 17.9321 8.59494 0.553079 34.2666 183.696 6.16923 76.5588 1.22372 68.6058 
74.6561 11.5471 67.5566 1.6986 99.4484 36.5665 155.836 148.046 60.4533 0.32643 2.08279 154.75 0 141.335 94.2861 59.7389 31.429 62.9391 55.846 35.0144 0.837564 4.17879 85.4899 31.329 0.0860678 22.7408 39.303 35.8681 
6.72625 68.5322 6.13997 2.47862 54.8296 21.5741 24.2822 47.4866 142.017 32.8383 1.50584 153.234 65.8759 0 48.0572 18.88 12.273 5.78589 22.1579 0.0170154 10.9645 0.393449 9.65263 4.78352 13.1984 10.3977 11.2297 0.44664 
2.33064 73.6003 27.6446 39.4262 38.6327 38.8252 139.339 82.2377 119.175 10.6483 358.817 6.95248 58.352 62.001 0 7.0241 25.3472 68.2772 24.6113 5.74375 57.8079 17.0042 18.144 0.702454 6.14635 29.8784 5.80176 7.72298 
39.7926 0.0115501 7.80004 42.5658 15.6884 1.20442 69.2209 15.2653 24.7957 89.5797 18.0369 487.548 16.3591 3.89933 39.6477 0 0.733347 54.1349 30.624 4.85412 51.4943 5.86717 10.7435 0.038809 11.8042 32.7389 9.46867 15.4704 
225.912 125.778 1.74403 164.998 146.76 142.852 104.58 99.1335 234.883 4.10047 9.20096 28.0971 64.2684 18.1118 1.87561 11.3138 0 175.686 500.004 33.5868 11.1998 2.6787 9.25554 20.9926 139.837 22.8682 11.5479 3.61255 
175.406 3.82234 116.435 125.313 160.552 21.6276 212.211 131.822 62.88 146.393 159.03 20.2024 1.12527 42.5237 4.17146 47.5754 7.76322 0 149.79 43.0741 32.6211 7.21671 40.7606 5.28667 11.6531 45.5941 30.9913 46.8819 
116.567 155.778 43.8784 48.5478 284.245 88.007 99.1419 86.8632 43.6718 105.198 0.801972 81.7761 72.2773 18.0487 1.45844 10.4932 39.1646 142.657 0 24.2634 61.4185 25.3128 10.5304 13.0429 27.2781 30.4766 3.26502 0.919532 
222.358 140.303 13.2717 6.26841 17.0834 0.554661 45.1052 67.0998 4.40864 27.2062 27.6001 61.7653 23.0847 2.6783 4.57624 7.37886 0.612424 51.1906 6.40935 0 241.699 0.567827 3.92065 4.67271 13.2039 12.0427 10.5414 9.00735 
187.606 46.2502 27.1743 114.141 6.04055 13.5962 104.849 81.2588 184.624 58.8273 69.4021 161.448 59.274 40.7157 49.2191 25.5009 0.0576446 19.4833 5.95026 246.063 0 32.1337 23.2526 21.3661 60.3094 62.9963 27.1399 3.63128 
40.3246 45.9992 12.4687 13.7622 49.5626 16.7958 0.0401636 34.7599 47.7539 36.1904 65.1232 11.0162 21.4448 6.37888 0.370672 1.75773 19.5972 20.284 24.9715 4.445 13.4632 0 8.12497 1.31517 17.8649 10.7078 0.0907401 1.60261 
42.115 21.2042 10.2903 16.4246 31.3104 5.00911 52.8834 100.454 75.3382 8.22085 47.9219 57.1847 89.1733 9.46072 24.4524 12.0271 18.1301 43.9179 20.7959 4.0156 20.7964 8.23288 0 5.39274 22.0207 10.1237 6.14329 10.1236 
57.3721 0.828952 6.17283 15.5283 31.4281 9.09753 46.5531 22.7839 0.21715 5.1974 40.7965 134.831 49.0161 1.25105 12.5367 29.1455 8.69249 38.6283 18.5443 0.166974 4.00754 7.57533 18.0238 0 38.4983 0.232689 4.4239 9.01054 
127.3 144.295 10.8206 162.487 57.7661 124.963 68.2312 54.402 201.9 52.4217 42.1033 932.546 26.415 14.693 8.24214 74.8213 138.914 15.5413 0.0439604 0.131637 42.3489 11.6802 3.39924 13.5231 0 30.0408 3.86818 75.0109 
59.5496 69.7344 26.3092 0.466022 0.000619991 16.7039 98.8342 66.7661 121.104 7.24729 22.2763 266.372 5.121 0.351229 30.7928 32.6076 26.5043 44.5555 2.06131 1.56973 39.4571 7.84923 3.98814 1.69708 11.1649 0 23.4107 0.0277766 
22.8312 54.5682 11.6731 27.5583 27.2845 16.4876 19.4687 99.8005 26.6846 16.228 69.4648 111.031 37.4271 10.3804 0.629148 8.07233 7.48755 44.2722 16.9364 1.4271 41.1044 0.0618822 11.2085 2.2026 50.2467 6.52494 0 8.41985 
1.79722 45.4726 17.6495 4.75491 15.464 1.1262 27.2317 102.942 36.5074 41.6603 27.6698 168.939 14.642 3.35402 0.0858698 10.6861 15.6226 43.9818 19.584 4.2081 15.583 5.19277 6.19413 14.117 29.9078 44.7968 70.4397 0 
