0 321.883 168.769 202.971 7.34541 200.88 85.4498 286.277 402.691 34.2274 187.631 46.8989 43.6834 1.75244 60.555 0.610545 232.122 0.000395071 48.4429 69.1588 163.087 23.4655 8.18957 1.27685 273.238 6.56465 48.8743 38.1234 
382.066 0 63.6458 267.588 326.661 233.186 469.829 280.894 373.162 131.328 201.963 193.922 7.35491 3.25122 22.0108 83.9159 343.988 709.51 128.079 25.3534 14.7704 51.7412 25.3521 58.2457 238.206 36.056 52.779 0.0964811 
177.854 407.874 0 43.053 158.935 66.4647 16.7152 72.4553 401.569 106.502 11.4973 138.986 62.2767 0.331343 6.6544 22.2441 27.6902 9.84686 54.4508 26.6281 18.5661 0.225943 2.91235 6.52364 28.1996 16.1183 11.7673 21.7879 
220.721 233.156 257.151 0 63.4863 235.415 11.0536 700.008 235.283 106.937 143.695 97.8419 31.5825 22.5398 39.0268 23.4897 204.352 5.55127 32.7738 7.02365 217.832 0.0447544 13.8967 17.4657 216.496 0.00482968 3.09554 23.8375 
157.308 14.5972 188.045 91.4051 0 386.46 348.875 14.5827 41.4727 2.11458 0.0279627 95.6865 148.902 45.8183 87.1326 52.51 129.565 230.537 285.055 3.79036 28.9006 55.4419 7.01766 16.9567 49.1598 34.2102 9.24936 3.04521 
211.036 290.245 41.8718 200.995 105.275 0 419.539 103.172 636.742 345.511 8.61619 41.2455 146.154 20.3786 1.13645 14.6943 214.525 71.6545 66.9085 0.600591 0.0367451 17.953 11.7877 0.0232532 213.959 1.54917 7.27938 12.2638 
10.0779 481.852 225.631 198.635 295.327 941.38 0 250.285 666.579 355.716 35.5936 181.861 179.958 80.0757 126.396 36.3879 30.5257 223.961 143.834 70.4889 122.904 0.00689662 23.8673 53.4623 9.92969 63.8453 3.13398 10.566 
49.2474 117.119 154.467 74.9128 19.8788 157.402 310.193 0 368.858 106.282 364.434 479.205 0.0489918 39.4713 164.498 182.186 96.8077 166.898 112.358 75.7123 12.5788 66.5765 89.4289 69.4511 192.794 32.1066 80.0677 115.469 
214.715 271.24 179.323 509.917 276.982 670.086 14.6793 435.928 0 44.4971 1081.92 0.416005 24.479 148.629 215.289 135.564 269.706 163.319 6.2369 92.5661 184.499 45.8794 50.2344 30.0367 259.661 53.2406 56.8551 31.9017 
66.3764 102.397 88.4898 5.99684 292.788 275.022 147.695 224.201 20.4843 0 208.608 108.25 318.939 36.0396 131.704 17.6299 5.34571 145.121 39.4664 56.3554 88.7737 22.7818 39.5789 56.901 55.0414 23.3999 20.3972 45.3215 
111.301 31.1459 240.304 0.471491 105.67 20.7163 116.437 1.23064 825.734 508.188 0 122.227 127.048 120.37 403.701 22.3044 42.416 85.4274 5.85952 32.8292 129.27 0.629841 132.41 127.145 40.0381 14.7463 85.2578 8.73223 
159.288 206.942 0.93698 0.991208 70.8018 111.711 0.832114 828.562 403.116 222.416 459.405 0 47.9819 35.5526 120.605 494.726 69.9424 26.326 75.2948 18.592 9.30687 0.468303 32.914 184.542 11.9005 65.8882 0.993589 71.1832 
75.4593 10.7553 67.178 1.52052 101.596 38.0955 152.852 147.915 58.1677 1.09775 2.83579 155.254 0 143.485 95.8178 58.8077 31.8211 62.1849 55.1899 35.221 0.749186 3.71476 84.8469 32.0582 0.0574697 23.1478 39.3103 35.6568 
6.47606 68.7591 5.97743 2.35277 55.3065 21.6331 23.3352 46.028 142.525 33.904 2.31227 154.628 62.1726 0 45.5446 18.7251 12.165 5.57881 22.0244 0.0139585 11.1936 0.351037 9.67252 4.59318 13.3345 10.2831 11.2415 0.412484 
2.54713 74.4335 27.9843 39.447 39.566 38.5235 139.938 79.296 114.909 9.39211 367.826 9.13783 60.2538 61.9225 0 9.62607 25.226 68.1709 24.3508 5.81898 57.8675 17.0561 17.6887 0.55266 5.85018 29.7136 5.67508 7.92513 
38.9906 0.0376382 7.53148 42.4357 16.1989 1.3275 70.3431 18.2677 26.3677 89.196 20.6731 492.251 15.5605 3.52929 44.1324 0 0.68864 53.8547 30.6212 4.78344 51.1123 5.77129 10.8836 0.122215 12.3236 32.8052 9.31429 15.2307 
300.569 199.781 1.934 238.807 147.534 216.624 104.164 99.2423 308.825 4.39107 9.57054 28.586 64.3307 18.195 1.95621 11.1777 0 181.986 292.867 33.5312 11.4954 2.73664 9.1733 20.9854 214.224 22.9708 11.4642 3.68667 
172.28 0.867019 118.857 123.924 157.451 22.7728 210.248 130.249 65.2105 146.265 159.817 21.0435 1.28762 42.2501 4.41278 47.9294 10.0079 0 149.998 42.2276 33.4762 7.07132 40.6189 5.12136 11.3673 45.9498 31.1768 46.73 
116.655 154.368 43.2851 49.0288 287.382 87.5606 97.2482 87.6637 45.1469 104.173 0.989512 81.2388 72.772 18.2078 1.56342 10.6725 37.4765 143.424 0 24.5139 61.7422 25.2943 10.4111 12.9221 27.3833 30.4474 3.19798 0.965804 
223.332 139.781 13.6216 6.77365 16.3247 0.489 44.1165 65.8683 4.00996 26.754 28.2304 62.5736 22.8201 2.70509 4.50299 7.31837 0.675184 50.3546 6.61264 0 229.375 0.582922 3.92945 4.70515 13.1665 12.0336 10.5203 8.95486 
184.205 48.0354 28.6711 121.703 6.50906 14.0837 106.011 83.628 184.155 59.5303 68.1588 160.803 59.6487 40.5581 49.5009 25.0197 0.0830106 20.1924 6.19851 257.683 0 32.171 23.4619 21.0752 60.3621 62.9672 27.349 3.78456 
40.3404 45.8158 12.4828 13.8282 49.3238 16.9122 0.0214105 34.3571 48.1572 35.68 64.7025 10.6529 22.4186 6.49381 0.327911 1.69036 19.6434 20.0901 24.9372 4.42068 13.5909 0 7.8875 1.40854 17.6597 10.7183 0.0801518 1.56738 
42.2929 21.5751 10.2139 16.5302 31.6821 5.13181 53.429 100.189 76.2087 8.6147 49.5557 55.6606 88.7712 9.54705 24.6214 12.1009 18.0926 43.9923 20.8675 4.02199 21.0083 7.9956 0 6.13486 22.2113 10.0928 6.24448 10.1162 
57.2917 0.731601 6.29966 15.2829 31.0676 8.95759 45.9906 21.4802 0.139359 5.50579 39.3687 137.722 49.6862 1.1293 12.0329 29.2472 8.78429 38.8417 18.4425 0.178967 3.84699 7.41745 17.4293 0 39.0834 0.189536 4.57516 9.12277 
201.339 219.093 10.5575 236.416 58.0915 199.239 68.9776 57.2618 277.504 51.8374 40.4844 46.8552 26.8161 14.8001 7.9128 78.4857 213.036 15.2245 0.0324339 0.149424 42.7253 11.2272 3.7236 16.0347 0 37.2558 23.1613 98.78 
60.1924 70.2805 26.1823 0.357026 0.00146351 16.96 98.6498 71.1367 119.816 7.71798 20.6556 279.354 4.88389 0.398516 30.8471 32.482 26.552 44.9183 2.14977 1.6268 39.9089 7.9038 4.07903 1.582 11.5276 0 23.927 0.00173212 
23.1174 54.5834 11.5566 27.5717 27.5234 16.3989 19.1287 99.6519 26.1896 15.9592 69.949 110.361 37.5089 10.3416 0.679004 7.91974 7.56661 44.3199 16.8452 1.39281 40.9923 0.0531867 11.1318 2.31762 50.0688 6.93153 0 10.1031 
1.94215 45.8634 17.7866 4.55734 15.7607 1.19579 27.7671 104.261 35.6997 42.0386 28.5672 167.842 14.8877 3.27187 0.11373 10.4313 15.7223 43.7927 19.4719 4.14716 15.3115 5.24207 6.2601 14.1517 30.1568 43.262 72.8053 0 
