0 147.655 120.986 214.087 0.0437662 151.626 131.928 249.46 376.904 50.7809 176.957 24.806 34.9685 0.614352 64.7036 2.92516 166.782 5.87871 36.7809 0.205299 199.388 21.4179 10.6404 0.297992 217.474 2.92809 47.4457 42.3064 
168.111 0 7.74219 153.042 473.699 225.113 526.508 253.997 408.85 171.628 232.908 210.082 15.652 1.15252 14.0258 84.749 293.155 469.738 147.583 45.3608 28.4708 51.5477 29.3676 55.7822 175.174 43.8186 53.733 0.754094 
205.718 466.441 0 244.235 127.031 65.305 0.00398979 23.107 473.206 112.955 0.0127047 163.505 66.9361 1.00287 10.6392 23.807 22.1471 0.905236 58.2314 27.5508 33.7665 0.452854 2.09139 5.20877 27.554 19.1316 10.535 22.1358 
259.085 254.166 320.793 0 89.3478 168.116 35.7182 949.898 250.253 104.818 171.809 152.523 25.3781 23.072 39.4567 17.2289 151.148 0.438033 26.7139 13.2795 664.152 5.87309e-05 12.4569 14.9224 155.272 0.929807 4.4204 26.3817 
109.442 122.08 176.887 65.5075 0 387.368 239.433 31.1809 7.9199 8.18233 4.77445 77.647 163.707 39.8983 80.7942 46.3104 113.689 235.579 301.141 0.783739 38.9847 56.4213 9.80841 20.5389 53.3303 39.7804 11.3004 4.80341 
145.862 183.253 28.2774 142.692 457.462 0 1042.89 65.0061 425.383 290.901 43.7869 24.0037 316.245 21.3997 3.86177 11.6271 153.462 56.0204 77.8019 1.55553 0.322085 16.809 10.4849 0.0374703 159.981 3.04322 6.15412 13.9126 
35.554 525.898 249.132 202.985 389.806 481.139 0 156.982 5.52422 485.244 131.346 137.086 202.442 87.8548 137.639 48.699 39.8138 205.295 130.18 78.9448 131.682 0.422953 18.004 58.5594 5.06226 74.002 1.65827 14.9505 
96.1299 165.222 217.007 67.3428 38.3894 188.17 221.268 0 156.618 137.573 329.588 939.751 1.82628 54.7616 179.738 119.484 98.7618 155.373 107.993 87.68 27.3009 67.2373 95.4676 50.9768 182.983 6.26681 86.6485 102.615 
144.801 159.653 368.422 392.171 326.377 573.679 446.406 608.481 0 119.235 1049.39 21.9669 10.0971 151.956 217.083 119.428 221.925 184.964 1.29289 98.9955 177.521 50.1085 60.609 39.2953 188.925 36.0107 61.6684 23.9934 
48.414 144.061 101.49 13.7584 328.158 34.7317 21.2359 219.321 0.0415422 0 432.003 71.6661 262.933 25.0818 133.159 8.83566 9.23374 140.494 26.2744 55.6707 92.9541 28.1439 45.0588 59.1124 48.9068 16.1439 23.3701 48.7486 
132.816 61.0115 235.873 9.2452 69.8294 0.568624 242.452 22.2484 523.953 299.437 0 30.6293 166.873 162.671 380.263 59.4804 48.9298 69.1686 1.93325 26.1289 137.312 0.0202591 126.663 129.19 57.7849 3.6998 83.4331 3.8206 
129.767 218.444 1.70889 19.0191 88.7363 91.1103 3.12841 1026.32 382.542 240.156 350.382 0 63.1511 15.961 57.7246 374.783 65.3291 36.7515 81.262 26.0274 18.3352 0.00356367 19.933 186.729 85.6212 1.06212 0.0243606 98.7172 
83.5397 4.06757 62.5836 0.241833 123.472 101.277 119.733 145.157 36.0444 35.3372 17.459 158.863 0 156.2 109.411 48.5493 35.932 54.1824 48.1423 37.2604 0.117721 0.470172 76.3165 39.7341 0.104817 27.4648 39.2731 33.3357 
4.10596 70.5733 4.34198 1.21451 59.9601 21.9612 14.2626 31.4608 144.727 45.2847 20.6314 164.759 27.1055 0 16.1005 15.9082 11.0268 3.61231 20.5521 0.000124213 13.6888 0.050225 8.56004 2.69252 14.6261 8.98336 11.3131 0.134472 
5.36552 82.4711 31.072 39.0955 49.485 34.6131 142.447 49.7973 71.2379 0.871242 407.207 48.0806 79.8197 46.0627 0 51.5245 23.8818 66.6348 21.5647 6.60733 58.1743 17.4473 12.5725 0.0673735 3.11304 27.3292 4.40055 10.1109 
30.6607 1.21029 4.90073 40.116 21.8864 2.94982 81.4233 63.148 44.9198 83.4178 57.0439 425.08 8.19828 0.663377 83.4481 0 0.302747 50.6626 30.4521 4.04487 46.8327 4.77267 12.0229 3.65516 17.9991 31.9804 7.70324 12.6218 
247.35 143.262 4.48404 177.491 153.091 155.334 98.931 99.8358 248.322 7.99362 13.8284 33.8373 64.7001 19.0258 2.89575 9.76412 0 241.082 208.313 32.7677 14.7767 3.37613 8.3129 20.8604 159.131 23.988 10.5852 4.50151 
137.11 86.6553 141.346 107.31 123.47 36.0365 185.566 112.969 90.8939 143.18 166.539 30.6967 3.63613 39.2395 7.31652 51.4418 48.8738 0 149.647 33.4352 42.8327 5.61868 39.0121 3.52951 8.53855 49.5169 33.0799 44.9977 
116.2 136.765 36.7707 53.6856 300.886 80.8232 76.9085 95.5893 61.3765 92.1471 4.12286 75.2693 77.4781 19.8347 2.87217 12.5924 35.1489 149.114 0 27.0547 64.8987 25.028 9.16844 11.651 28.4036 30.0232 2.53082 1.51681 
213.737 130.367 17.2609 12.9616 9.24658 0.0479067 33.9031 52.8509 0.94617 22.0506 35.04 70.7542 20.0378 2.98347 3.75001 6.65385 1.51265 41.4881 8.88771 0 91.3638 0.75196 4.01014 5.03254 12.713 11.8679 10.2729 8.38152 
145.21 67.884 45.8481 121.887 12.4018 19.5787 117.47 108.925 176.885 66.7603 55.2775 152.435 63.413 38.7552 52.2258 20.085 0.626288 28.218 9.07504 331.04 0 32.5028 25.6319 18.0549 60.5796 62.2454 29.5119 5.56604 
40.3911 43.7442 12.5876 14.4861 46.6325 18.0416 0.177649 30.1323 52.2583 30.2589 60.0016 7.15985 33.3903 7.66186 0.036287 1.05279 20.0919 18.0629 24.5078 4.1606 14.9413 0 5.42265 2.55038 15.417 10.7871 0.0085543 1.21759 
43.9806 25.532 9.35746 17.5416 35.5351 6.4627 58.8274 96.3179 84.7171 13.1846 67.175 40.1028 82.5466 9.10804 25.2267 12.4788 17.6623 44.6261 21.5572 4.07674 23.2234 5.52642 0 14.604 23.6913 9.67541 7.30962 9.98453 
56.0794 0.0751935 7.65023 12.6809 27.266 7.4954 39.9513 9.84638 0.360505 9.20485 25.3972 164.266 56.2858 0.210343 7.02535 27.536 9.75509 40.9704 17.3364 0.3289 2.34652 5.76413 9.3778 0 42.8133 0.00368613 6.25826 10.2665 
143.209 168.601 7.89325 176.101 61.2204 143.244 76.2813 89.2276 234.676 45.4134 24.8575 150.049 31.0262 15.7525 4.75976 64.0068 155.171 12.0363 0.0170692 0.402783 46.5262 81.2343 7.83438 44.7402 0 108.916 4.90171 10.6459 
66.4678 75.4424 24.5079 0.0898384 0.491421 19.5667 95.4168 120.221 104.638 13.4091 7.05901 381.611 2.7107 1.06414 30.676 29.7288 26.9717 48.5707 3.17998 2.27556 44.5236 8.45586 5.04963 0.603549 15.7838 0 29.0411 4.83966 
26.1339 54.548 10.3205 27.5631 30.0106 15.4214 15.6657 97.2769 21.1518 13.2116 74.6841 102.173 38.2625 9.89252 1.31099 6.35012 8.40841 44.7142 15.8706 1.055 39.7106 0.00159001 10.2695 3.66951 47.746 11.7085 0 34.378 
3.78604 49.8119 19.1243 2.70666 18.974 2.04253 33.4884 116.824 27.5048 45.8185 38.4872 152.257 17.5237 2.45151 0.63833 7.80964 16.753 41.6911 18.2652 3.52052 12.5504 5.75895 6.93796 14.4074 32.832 26.1041 90.4168 0 
