0 151.066 87.1047 283.7 4.45813 153.08 162.686 218.476 385.767 62.4562 167.736 13.7987 29.5742 0.184794 66.9375 5.31519 155.543 15.6911 29.6614 28.7829 218.379 20.0771 12.3558 0.0268233 211.309 1.31781 46.3519 44.9015 
137.607 0 91.8064 136.754 524.199 255.879 503.591 230.106 457.128 194.921 248.46 217.368 22.4956 0.352781 9.64494 84.4062 288.33 1062.92 157.705 60.0065 39.2883 51.2308 31.977 53.8834 164.993 48.8492 54.1699 1.51116 
211.102 383.913 0 296.143 103.113 61.6407 7.73398 4.96464 434.828 114.375 4.13182 175.525 69.3501 1.61998 13.5019 24.4619 18.6489 0.241161 59.9781 27.6345 45.1715 0.640689 1.61639 4.39314 26.8408 20.9521 9.72427 22.2086 
334.439 309.353 335.138 0 105.941 155.458 57.5164 261.004 301.129 101.631 186.148 186.554 21.5105 23.2054 39.1788 13.3172 147.617 0.202546 22.8494 17.9933 78.7345 0.0226013 11.4806 13.2281 146.42 2.36618 5.38368 27.8708 
79.6348 229.385 162.379 49.3789 0 413.277 162.661 44.7285 0.148993 31.3286 13.646 66.1281 170.809 35.9582 75.8685 42.1195 102.019 233.377 291.894 0.0352871 46.0122 56.8078 11.8198 22.9493 55.8316 43.3554 12.7117 6.14054 
137.14 153.42 19.7445 137.382 93.6076 0 659.576 42.9004 295.978 414.741 78.0171 14.8863 379.492 21.7917 6.39985 9.67683 144.812 45.9884 83.3419 2.39752 1.12297 15.9778 9.59988 0.174926 155.553 4.24732 5.45053 14.9602 
59.0076 494.543 246.04 197.408 425.618 60.7033 0 100.454 207.9 508.817 213.337 107.949 212.335 91.7439 141.515 56.8568 46.1456 188.964 119.368 83.6578 136.246 1.03616 14.4896 61.5273 2.72677 80.0024 0.942438 18.1033 
131.128 195.804 248.606 95.3268 52.9484 202.648 160.39 0 54.2007 157.012 295.698 1028.74 4.33124 65.058 184.476 79.0729 99.5061 146.414 104.408 94.7385 39.3994 67.3839 98.4241 39.5873 171.102 0.139644 90.3476 93.1162 
136.723 137.995 451.114 331.99 346.426 472.061 1037.53 659.447 0 178.367 898.478 52.1824 3.98206 150.679 287.21 106.893 221.276 196.702 0.0591811 102.199 170.778 52.7272 67.1765 45.5627 174.082 26.0211 64.5818 19.266 
37.5753 170.019 107.788 20.2345 332.125 29.17 0.47751 211.571 10.8443 0 545.956 50.2977 209.663 18.5733 129.119 4.5901 12.2549 135.891 18.7628 54.8051 95.1485 31.6851 48.3306 60.0057 44.6383 11.9614 25.312 50.7228 
145.891 84.1177 221.734 20.5332 49.0925 3.07048 327.049 48.7507 246.604 156.551 0 2.939 190.878 185.289 312.305 89.6986 53.1658 58.8722 0.508485 22.0034 141.525 0.0796147 120.615 128.347 69.9559 0.421629 81.7569 1.67158 
109.821 222.4 7.68696 41.6723 100.48 77.1503 12.2059 874.471 352.874 245.804 264.15 0 73.4178 7.03615 26.3144 229.085 62.1422 44.1617 84.812 31.284 25.6187 0.120537 12.9368 181.561 33.9247 13.808 0.821218 116.252 
88.3829 1.39708 59.0434 4.78747e-05 136.606 137.515 97.4437 142.037 23.9332 79.4502 33.0478 159.522 0 153.992 115.364 41.6098 38.5804 48.9496 43.4621 38.4497 4.64537e-06 0.0169407 69.2666 44.6344 0.475658 30.2827 39.137 31.7362 
2.83145 71.1808 3.37031 0.665254 62.5992 21.8851 9.36894 22.9964 143.051 52.6165 41.0575 166.633 10.7165 0 2.76251 13.1577 10.2854 2.54661 19.5324 0.00908027 15.388 0.000304317 6.76869 1.63834 15.314 8.06439 11.3088 0.0345926 
7.70619 86.8932 32.5447 38.3167 55.9216 31.4461 140.329 32.9881 46.0574 0.226484 374.475 85.8282 91.4813 26.7747 0 78.0773 22.9431 65.2341 19.7211 7.11439 58.0599 17.5462 9.19264 0.827317 1.74995 25.2055 3.63422 11.57 
25.4427 2.83795 3.42262 37.7387 25.8543 4.30221 87.7481 101.811 58.5027 78.0898 86.9757 293.014 4.55225 0.00794541 89.1778 0 0.134906 48.3611 30.2059 3.5732 43.8203 4.13936 12.4 8.10581 21.7199 30.016 6.6793 10.8785 
242.481 139.76 6.65454 168.221 154.088 146.498 94.7371 99.6812 239.002 10.8468 16.944 37.3446 64.6594 19.5215 3.5946 8.86482 0 268.628 514.686 32.0991 17.0705 3.82131 7.75808 20.7309 154.011 24.5876 10.0149 5.06528 
113.012 115.259 152.287 94.9389 100.902 45.6138 166.202 101.187 108.314 139.522 169.338 37.6966 5.77809 37.1609 9.54787 53.5037 86.192 0 146.952 27.9202 49.2126 4.74987 37.8555 2.64098 6.88059 51.6528 34.2692 43.7429 
114.56 123.02 32.3537 56.2765 289.951 74.6367 63.6543 100.209 72.4131 83.3127 7.26769 71.1018 80.0211 20.8413 3.91704 13.8684 38.1216 150.392 0 28.6021 66.6992 24.7846 8.374 10.825 28.9815 29.6337 2.1339 1.93759 
189.493 120.732 19.5152 17.6486 5.6158 0.00905911 27.5743 44.4945 0.0879535 19.0751 39.6012 75.6929 18.2381 3.16052 3.2798 6.19758 2.22714 35.7466 10.4891 0 24.1676 0.871906 4.05087 5.23115 12.3608 11.6927 10.0873 7.98909 
118.07 81.5292 57.9726 115.675 17.1319 23.4704 124.063 125.325 169.967 71.2662 47.1898 145.534 65.6813 37.4459 53.7524 17.0295 1.24868 33.9409 11.1961 317.614 0 32.6594 27.0088 16.1388 60.3905 61.3738 30.8799 6.88544 
40.3112 42.2613 12.613 14.8776 44.7145 18.6774 0.62415 27.4091 54.7739 26.725 56.6974 5.22376 41.0205 8.36578 0.003513 0.711745 20.3465 16.7578 24.1611 3.98734 15.8261 0 3.92863 3.43147 13.9029 10.7905 0.00100758 1.01073 
44.894 28.1441 8.75448 18.0957 37.9707 7.3585 61.9625 92.7802 89.5268 16.5278 78.7081 30.7235 76.7156 7.62631 24.4572 12.3252 17.3468 44.892 21.9431 4.10017 24.6456 4.02363 0 18.957 24.1046 9.31764 7.99697 9.84687 
54.9403 0.0110225 8.53475 10.9945 24.7969 6.563 35.9459 4.54329 1.51692 12.0221 17.5739 176.749 60.0565 0.00301601 4.26415 23.9587 10.3909 42.2368 16.5834 0.449309 1.55952 4.72096 4.15938 0 42.6442 0.147085 7.42645 10.9667 
136.737 166.701 6.28883 167.242 62.9543 137.781 80.4259 110.746 236.825 41.0257 16.3493 901.359 33.735 16.1907 3.0682 35.6099 148.267 10.1136 0.110706 0.631447 48.8272 53.4584 11.0506 55.7388 0 35.2187 150.316 132.084 
70.0127 78.1855 23.1116 0.777507 1.27747 21.1507 92.0957 152.439 93.4689 17.7608 1.93824 399.448 1.62307 1.65173 29.8471 26.694 27.1637 50.7717 3.94499 2.74197 47.364 8.79214 5.68635 0.209121 18.8677 0 31.9306 12.4326 
28.096 54.3345 9.50919 27.4116 31.6001 14.7445 13.5342 94.9562 18.0599 11.5102 77.3918 95.8327 38.6474 9.56161 1.82419 5.37461 8.96585 44.8658 15.2216 0.857842 38.7776 0.00711621 9.65981 4.67414 45.9232 15.1829 0 53.4345 
5.28915 52.2052 19.8849 1.74012 21.1452 2.70164 37.2648 123.516 22.531 48.0608 45.3107 138.634 19.2815 1.96551 1.20063 6.20105 17.4049 40.2173 17.4541 3.12823 10.8541 6.09315 7.36027 14.4649 34.496 15.5286 92.8344 0 
