0 515.071 52.9516 649.596 16.9786 441.95 193.951 181.315 675.211 75.4036 156.112 5.40468 24.1136 0.00239767 68.8867 8.59786 429.306 30.9567 22.6083 86.5977 233.4 18.6391 14.2858 0.060864 489.398 0.289843 45.0426 47.5441 
469.115 0 247.297 431.318 525.124 573.983 430.749 200.288 782.748 215.752 260.32 222.087 30.935 0.00595472 5.77372 83.268 566.167 1102.61 165.837 76.2642 52.225 50.7255 34.7444 51.6096 439.461 54.1305 54.4741 2.60434 
204.788 229.027 0 208.554 76.8235 55.4797 31.397 0.36001 330.789 113.37 18.4099 184.199 71.3442 2.42485 16.6929 24.8233 15.0701 4.12771 61.1762 27.266 58.1704 0.876176 1.16592 3.56693 25.8342 22.7284 8.85422 22.1507 
693.912 650.816 124.463 0 122.593 427.866 84.084 1138.67 640.914 96.7343 197.143 218.242 17.5761 23.1588 38.3983 9.45227 429.338 2.68553 18.8541 23.343 699.312 0.091963 10.4124 11.4123 422.469 4.58404 6.49538 29.2948 
50.9837 351.48 141.711 33.6303 0 338.936 88.1942 61.2076 4.95514 70.2959 27.8366 54.2243 175.939 31.7198 70.0007 37.5569 88.7443 226.289 265.711 0.315387 53.841 56.9987 14.1275 25.5808 58.2996 47.0973 14.2853 7.73346 
415.761 417.846 11.6793 418.555 269.183 0 374.019 23.2675 466.794 525.245 120.635 7.33301 594.205 21.9616 9.67989 7.67995 421.132 35.7112 87.6315 3.47672 2.50939 15.021 8.63175 0.432996 435.981 5.71671 4.72623 16.0494 
88.5788 414.509 226.812 184.47 435.122 211.299 0 50.2165 827.711 472.189 305.22 78.3471 218.224 94.7597 142.422 65.47 53.0751 168.549 106.483 87.8923 140.039 1.98787 11.0469 64.356 1.00287 85.7385 0.395455 21.7052 
170.054 226.116 270.179 104.097 70.2723 212.185 99.6101 0 2.11195 176.189 252.139 873.873 8.15545 76.0451 184.682 41.613 99.8331 135.727 99.965 101.474 54.19 67.291 100.672 28.3898 154.284 3.68162 93.7404 82.2368 
419.304 419.793 470.824 548.781 355.442 619.648 1305.06 646.122 0 243.319 1381.5 96.1265 0.506277 146.545 211.79 92.2433 505.483 206.833 0.514337 104.7 161.79 55.3949 73.9076 52.3671 444.048 16.7651 67.4845 14.6452 
27.0417 195.103 112.305 28.1995 318.943 201.196 40.0341 199.569 42.4475 0 603.121 30.6754 146.531 12.4097 120.693 1.51924 15.8817 129.665 11.8979 53.5208 97.0132 35.4671 51.511 60.4668 39.9048 8.05977 27.3849 52.5893 
158.721 110.98 198.028 36.865 30.1197 19.3221 406.039 86.4028 141.541 42.7044 0 5.94019 213.57 202.914 212.461 124.246 57.6647 48.2852 0.000273398 17.8454 145.075 0.543102 112.335 125.559 83.1054 0.525393 79.5501 0.332912 
88.5855 223.4 18.564 73.3643 112.877 62.2598 28.1188 539.076 309.386 246.359 171.257 0 84.5509 1.38771 5.44754 81.8171 58.5888 52.5425 88.2877 37.1926 34.511 0.613052 6.96099 170.573 136.605 73.4195 2.91197 133.755 
93.1392 0.078319 54.8383 0.263479 149.247 132.607 74.1096 137.585 13.4049 138.787 54.2398 158.727 0 142.606 118.822 34.1841 41.3746 43.3801 38.4325 39.5938 0.132045 1.00896 60.7314 49.6766 1.16751 33.2747 38.8934 29.955 
1.71495 71.3186 2.43387 0.254984 65.0448 21.5509 5.16406 15.1085 138.588 60.112 68.4466 164.363 1.21597 0 1.08892 9.79174 9.49377 1.60141 18.3934 0.0343878 17.2629 0.0764713 4.39776 0.757514 15.9 7.04089 11.2596 7.20701e-05 
10.6227 90.8138 33.5914 37.0203 62.6532 27.6454 134.866 18.1326 24.1749 3.91997 296.495 132.121 102.311 8.1672 0 89.6896 21.8867 63.3971 17.7386 7.64811 57.6627 17.5138 5.85166 2.5328 0.70428 22.5273 2.87674 13.1374 
20.1507 5.30884 2.09268 34.5377 30.2785 5.97581 93.5463 146.401 73.7641 71.2209 121.457 134.489 1.78089 0.478125 73.1932 0 0.0290608 45.7214 29.8246 3.08118 40.4333 3.48451 12.4573 13.9315 25.5145 26.8315 5.61907 9.02231 
521.617 423.391 9.38352 443.48 152.814 422.59 89.6216 99.0421 513.689 14.3114 20.5575 41.1561 64.3693 20.011 4.41607 7.92395 0 284.992 282.989 31.2384 19.652 4.32265 7.16964 20.5502 433.749 25.1723 9.40638 5.69724 
87.4244 127.806 160.02 80.848 77.3968 56.3775 143.457 88.3473 127.036 134.235 170.9 45.725 8.58776 34.8459 12.2135 55.4955 132.192 0 141.983 22.3121 56.2174 3.88925 36.5249 1.82359 5.27724 53.7589 35.4965 42.2932 
111.66 106.881 27.5806 58.6153 262.186 66.7315 49.9229 104.622 84.3695 73.2402 11.5539 66.4293 82.2525 21.8665 5.19512 15.2487 39.9002 149.584 0 30.1494 68.3918 24.4634 7.53931 9.94474 29.5219 29.1191 1.7423 2.44139 
151.805 107.884 21.7438 22.9862 2.67711 0.18641 21.2345 35.8614 0.185233 16.0048 44.541 80.5608 16.3332 3.34551 2.79741 5.69307 3.13447 29.7442 12.2928 0 0.228343 1.00883 4.08398 5.42992 11.9363 11.4476 9.86754 7.55395 
89.1986 96.3786 71.2074 173.149 22.9125 27.8584 130.243 142.315 160.81 75.8679 38.9109 137 67.9382 35.9327 55.1566 13.9336 2.14736 40.434 13.6709 252.609 0 32.7748 28.4458 14.1433 59.8992 60.0974 32.3051 8.43079 
40.1268 40.5634 12.6025 15.2628 42.5285 19.2638 1.40095 24.5335 57.3147 22.9908 52.9766 3.46438 49.3392 9.05155 0.10696 0.416158 20.5859 15.3768 23.7321 3.79861 16.7775 0 2.51301 4.47084 12.2682 10.7579 0.0272299 0.808088 
45.703 30.9504 8.07646 18.591 40.4948 8.3313 64.9381 88.1715 93.9353 20.3667 90.6798 21.6553 69.179 5.38186 22.6754 11.8178 16.9784 45.0468 22.2992 4.11447 26.1449 2.5938 0 20.8787 24.0411 8.86517 8.71976 9.65504 
53.4257 0.261757 9.47377 9.22754 22.1768 5.59328 31.6483 1.06803 3.62317 15.3489 10.574 184.975 63.5393 0.143736 1.96536 18.6184 11.0737 43.4821 15.751 0.597563 0.888629 3.66298 0.60454 0 40.1725 0.528855 8.71906 11.6679 
415.584 450.032 4.71765 442.759 64.5292 417.359 84.2486 133.043 523.504 36.2276 9.00365 114.058 36.5799 16.4899 1.63094 43.788 426.117 8.20148 0.301487 0.930493 51.1185 8.00038 14.7757 55.3639 0 98.5837 19.0489 14.5974 
73.2654 80.5339 21.3846 2.24632 2.5203 22.7168 87.5535 183.901 80.7804 22.8838 0.000406662 369.109 0.758034 2.40088 28.366 22.627 27.2973 52.9557 4.84283 3.27566 50.2306 9.13011 6.36129 0.0123672 22.2949 0 34.5031 23.2659 
30.1851 53.9398 8.64013 27.1227 33.2709 13.9876 11.3734 91.8248 14.9393 9.77574 79.9345 88.2975 38.9652 9.17575 2.4581 4.38449 9.57056 44.9355 14.5148 0.667206 37.6953 0.0473341 8.97153 5.84038 43.7946 19.0633 0 72.4984 
7.15066 54.5927 20.5935 0.929678 23.527 3.49599 41.3106 129.172 17.5977 50.2455 52.808 121.703 21.1902 1.49317 1.98645 4.61115 18.0848 38.5526 16.5655 2.72383 9.13617 6.44804 7.79227 14.4301 36.0393 6.49494 86.7558 0 
