0 341.368 38.6238 451.384 25.5896 211.855 207.689 162.819 442.666 81.634 150.017 2.73404 21.6483 0.0176804 69.645 10.4073 191.604 39.7707 19.4992 100.826 238.357 17.9551 15.2351 0.195753 253.329 0.0606836 44.3707 48.7456 
284.028 0 324.628 212.447 505.674 355.877 382.41 184.97 563.998 223.822 264.064 223.163 35.3112 0.0287914 4.25394 82.4492 329.363 594.409 168.627 83.9786 58.7841 50.425 36.0457 50.445 201.93 56.5828 54.5586 3.22573 
197.526 151.501 0 137.323 64.6318 51.8637 47.4478 3.7975 267.494 111.977 28.4939 186.657 72.0672 2.85615 18.2271 24.8679 13.4462 7.60554 61.4924 26.9259 64.4925 1.00055 0.974277 3.19398 25.2712 23.4984 8.44088 22.0736 
488.406 440.881 152.841 0 129.885 189.646 97.36 628.928 432.008 93.902 200.61 230.799 15.7939 23.0674 37.855 7.77534 195.28 4.84517 17.0236 25.9264 416.391 0.141451 9.89877 10.5561 185.753 5.86804 7.05142 29.9045 
39.0397 404.848 130.431 26.9055 0 262.579 58.6491 69.6413 11.9759 92.8896 36.1532 48.7771 177.43 29.7108 67.0228 35.3749 82.2527 221.26 248.108 0.843434 57.649 57.0075 15.2774 26.8464 59.3915 48.8359 15.0554 8.54816 
181.145 180.045 8.41982 184.715 673.651 0 162.933 15.7627 198.692 580.156 141.863 4.62148 589.906 21.9499 11.412 6.77603 184.557 31.0758 89.0174 4.05027 3.35795 14.5438 8.16686 0.595617 201.192 6.47487 4.39319 16.5533 
103.793 363.862 212.505 176.017 428.567 446.834 0 31.5414 1102.17 434.236 346.748 65.2442 219.221 95.7519 141.65 69.4592 56.4 157.989 99.9845 89.5839 141.426 2.54668 9.53913 65.5642 0.475311 88.1798 0.216381 23.4916 
188.429 239.211 275.214 182.254 79.0138 214.357 74.044 0 2.00158 184.516 229.567 727.127 10.3776 81.1705 182.987 27.1788 99.8159 130.294 97.6432 104.336 61.7886 67.1555 101.393 23.5336 145.037 9.00492 95.1347 76.8809 
187.725 192.894 452.33 284.716 354.954 322.622 1205.68 615.257 0 272.759 1717.98 120.329 0.00922464 143.665 247.186 84.9826 272.385 210.681 1.37926 105.537 156.919 56.6097 76.9658 55.6078 204.597 12.9712 68.7804 12.6251 
22.4992 205.643 113.58 32.3005 306.632 314.2 79.1385 192.623 63.8835 0 601.467 22.7829 116.83 9.83156 115.333 0.630054 17.7393 126.261 9.11503 52.7832 97.7181 37.2487 52.8909 60.5027 37.614 6.4378 28.3657 53.3817 
164.311 124.227 184.167 45.9571 22.4895 31.5907 436.14 107.014 89.3104 12.21 0 19.348 222.958 208.443 162.324 140.612 59.7831 43.4555 0.133218 15.9744 146.4 0.908978 107.81 123.562 89.2922 1.90092 78.3547 0.0548138 
78.7242 222.681 25.2259 90.4183 118.649 55.3377 37.7539 363.004 285.341 244.598 130.297 0 89.8447 0.218557 0.940162 33.076 56.8516 56.6657 89.8148 40.083 39.1002 0.980765 4.72283 163.531 183.817 114.617 4.34896 141.389 
95.2298 0.022962 52.7055 0.579206 154.635 123.702 63.5031 135.078 9.38017 169.066 65.6929 157.803 0 134.245 119.344 30.7139 42.6844 40.7566 36.0491 40.0888 0.289153 2.01413 56.4059 51.9704 1.60291 34.6807 38.7419 29.085 
1.27728 71.1958 2.03164 0.126622 66.0605 21.3013 3.57309 11.8502 135.533 63.4765 82.8511 161.743 0.00252694 0 5.33991 8.15333 9.11855 1.22503 17.8361 0.0521473 18.1724 0.159745 3.26774 0.447323 16.1202 6.54613 11.22 0.0102718 
12.1502 92.3587 33.8849 36.2424 65.7611 25.7273 131.163 12.4426 16.1048 7.22174 249.169 154.768 106.695 2.60605 0 86.9703 21.3665 62.4042 16.7968 7.89772 57.3739 17.4478 4.44231 3.63984 0.367077 21.1353 2.54119 13.878 
17.7694 6.73962 1.56285 32.8097 32.432 6.84412 95.9049 167.321 81.1218 67.5936 137.882 71.9237 0.900602 1.11897 59.5205 0 0.00583944 44.4072 29.6007 2.85312 38.7731 3.18358 12.3562 16.8184 27.1977 24.9905 5.1315 8.15597 
285.919 190.905 10.8171 206.256 151.359 185.897 86.9785 98.566 276.002 16.0989 22.3715 42.9845 64.1415 20.2284 4.83274 7.48534 0 287.426 563.059 30.7778 20.9224 4.57002 6.89207 20.4489 198.655 25.4291 9.11777 6.00793 
75.661 169.82 162.11 73.9805 66.7233 61.5974 132.153 82.2206 135.827 131.246 171.111 49.7135 10.1065 33.7158 13.5761 56.3597 154.911 0 138.894 19.7809 59.5923 3.50581 35.8595 1.48472 4.57974 54.6906 36.0628 41.566 
109.876 98.8508 25.323 59.5579 243.967 62.5956 43.6782 106.512 90.0365 68.2982 13.9128 64.1394 83.127 22.3333 5.85859 15.9084 41.8712 148.407 0 30.8414 69.108 24.2886 7.14884 9.52829 29.7497 28.8393 1.56834 2.70028 
131.197 101.025 22.7159 25.5703 1.64451 0.350192 18.4162 31.9225 0.603422 14.5964 46.8965 82.7035 15.4381 3.43161 2.57649 5.44851 3.61637 26.9717 13.1788 0 9.40683 1.07704 4.09587 5.51915 11.7178 11.3105 9.75541 7.34197 
75.9837 103.425 77.4427 202.607 25.9041 30.0118 132.833 150.061 155.866 77.9644 35.141 132.561 68.946 35.1742 55.7374 12.5345 2.65871 43.6376 14.9189 209.094 0 32.8106 29.1143 13.218 59.5609 59.3679 32.9676 9.21246 
40.003 39.7174 12.5837 15.4334 41.4435 19.5067 1.87824 23.1847 58.4633 21.2463 51.148 2.74594 53.2775 9.34859 0.206517 0.301968 20.6876 14.7264 23.5072 3.70772 17.2314 0 1.92718 4.99329 11.4946 10.7291 0.0522377 0.718714 
46.0246 32.2831 7.74408 18.7894 41.6599 8.79589 66.203 85.7014 95.7386 22.27 96.1275 17.7729 65.2052 4.22632 21.5161 11.4584 16.7922 45.0728 22.4473 4.1173 26.8482 1.99963 0 20.575 23.8258 8.62638 9.05684 9.5479 
52.6011 0.497424 9.91432 8.40912 20.9439 5.14532 29.6151 0.2556 4.93379 17.0314 7.80478 186.853 64.9724 0.341446 1.15792 15.7721 11.3989 44.0325 15.3461 0.674968 0.633391 3.18862 0.0210925 0 38.2274 0.791344 9.34346 11.9816 
180.272 216.688 4.03164 205.601 65.1718 182.264 85.8242 143.031 291.354 33.9293 6.21881 264.507 37.906 16.5682 1.09598 60.5387 190.135 7.34827 0.425191 1.09206 52.1407 23.8439 16.5963 51.8278 0 125.26 129.999 57.0162 
74.5988 81.4258 20.4892 3.20028 3.25508 23.4069 85.0586 196.969 74.5873 25.461 0.404207 338.381 0.458532 2.79643 27.4604 20.4835 27.3343 53.9273 5.29765 3.54092 51.5227 9.28239 6.67703 0.00295975 23.9311 0 35.5066 28.9799 
31.1721 53.6916 8.22793 26.9394 34.053 13.6167 10.3931 90.1092 13.5302 8.98502 81.0076 84.4797 39.0818 8.98126 2.78913 3.9367 9.86102 44.9347 14.1744 0.58414 37.1506 0.0789874 8.63299 6.42315 42.7242 20.9247 0 80.0181 
8.12448 55.6596 20.8898 0.629424 24.6778 3.90459 43.2252 131.268 15.4123 51.1998 56.4103 113.004 22.1054 1.28741 2.42419 3.91438 18.4014 37.7305 16.1359 2.53762 8.3571 6.61556 7.98952 14.3783 36.6409 3.415 80.9705 0 
