0 322.702 37.3481 429.599 26.4927 187.326 208.946 161.046 417.812 82.227 149.42 2.52611 21.4187 0.0225834 69.7113 10.5873 166.34 40.6568 19.2126 101.539 238.751 17.8901 15.3262 0.212581 228.205 0.0477489 44.3052 48.8579 
264.464 0 331.612 189.244 503.188 332.4 377.466 183.484 540.319 224.521 264.354 223.225 35.7387 0.0373228 4.1207 82.3621 304.15 422.561 168.854 84.7067 59.4196 50.3944 36.1688 50.3316 176.677 56.8135 54.5646 3.28813 
196.7 144.483 0 130.483 63.4951 51.5001 49.1115 4.31243 261.263 111.815 29.5543 186.833 72.1281 2.89866 18.3729 24.8678 13.2948 7.9893 61.5137 26.8881 65.0953 1.01279 0.956845 3.15925 25.2149 23.5689 8.40165 22.0646 
465.804 418.046 152.582 0 130.553 164.338 98.6319 1062.22 409.345 93.6165 200.878 231.894 15.6277 23.0564 37.7976 7.62212 170.358 5.08271 16.8523 26.172 193.727 0.146717 9.84982 10.4752 160.58 5.99736 7.10517 29.9601 
37.9703 409.615 129.32 26.296 0 255.022 56.0953 70.4608 12.7984 95.1464 36.9934 48.2673 177.539 29.5204 66.734 35.1673 81.6317 220.728 246.284 0.906888 58.0132 57.0056 15.3884 26.9671 59.4923 48.9998 15.1293 8.62747 
156.2 154.923 8.13277 159.828 917.669 0 453.857 15.1174 171.322 738.219 143.886 4.39473 521.128 21.9456 11.5817 6.69187 159.397 30.6453 89.1262 4.10674 3.44491 14.4978 8.12257 0.612405 176.196 6.54884 4.36193 16.6007 
105.267 358.746 210.992 175.143 427.574 470.646 0 29.9677 1123.71 430.034 350.548 64.0394 219.254 95.8309 141.536 69.8338 56.7165 156.961 99.3565 89.7334 141.543 2.60329 9.40042 65.6743 0.435155 88.4015 0.202107 23.6637 
190.156 240.403 275.506 191.51 79.8593 214.481 71.7594 0 2.84775 185.276 227.376 711.529 10.6022 81.6524 182.766 25.9439 99.8084 129.767 97.4156 104.596 62.5278 67.1395 101.45 23.0898 144.122 9.62946 95.2596 76.3671 
163.106 168.885 449.669 257.021 354.745 291.99 1188.89 611.556 0 275.466 1631.13 122.72 0.00140268 143.363 252.916 84.2857 247.546 211.013 1.48324 105.604 156.437 56.7234 77.251 55.9153 179.169 12.6326 68.9007 12.4394 
22.0845 206.591 113.671 32.6996 305.271 324.802 83.4372 191.924 66.1115 0 600.307 22.0857 114.072 9.59955 114.782 0.56531 17.9201 125.923 8.86757 52.7088 97.7788 37.4172 53.0173 60.4999 37.3953 6.29183 28.4587 53.4538 
164.824 125.495 182.776 46.8606 21.8152 32.8965 438.691 109.049 83.669 10.2462 0 21.0117 223.797 208.865 157.635 142.147 59.9838 43.0043 0.158536 15.8004 146.514 0.948664 107.361 123.35 89.8758 2.07607 78.2362 0.0405813 
77.7988 222.572 25.9058 92.0888 119.193 54.6875 38.7346 346.855 282.963 244.363 126.585 0 90.3467 0.159748 0.70426 29.4729 56.685 57.0618 89.9556 40.36 39.5481 1.02022 4.53132 162.805 185.91 118.846 4.5003 142.087 
95.4225 0.0370982 52.4985 0.615634 155.124 123.027 62.5174 134.827 9.03248 171.961 66.8222 157.697 0 133.362 119.355 30.3873 42.8082 40.5081 35.8232 40.1342 0.307286 2.12741 55.988 52.1844 1.64787 34.8137 38.7263 29.0015 
1.23887 71.1778 1.99497 0.116708 66.1519 21.2745 3.43622 11.5583 135.212 63.7881 84.2524 161.443 0.00250829 0 5.89901 7.99881 9.08293 1.19175 17.7826 0.0540301 18.2595 0.169238 3.16382 0.42181 16.1391 6.49894 11.2157 0.0121417 
12.2999 92.4943 33.9058 36.1632 66.0526 25.5421 130.776 11.9521 15.4253 7.58556 244.473 156.909 107.083 2.2294 0 86.433 21.3165 62.3058 16.7074 7.92129 57.343 17.4398 4.3159 3.75427 0.340568 20.9997 2.51016 13.9481 
17.5482 6.88394 1.51614 32.6392 32.6381 6.92886 96.1148 169.269 81.8214 67.2381 139.426 66.7815 0.83212 1.19324 58.0965 0 0.00455044 44.2803 29.5779 2.83166 38.6138 3.15535 12.3423 17.0907 27.3527 24.8062 5.08578 8.07439 
260.826 166.153 10.9577 181.03 151.193 160.725 86.7206 98.5149 250.725 16.2734 22.5472 43.1587 64.1168 20.2485 4.87321 7.44398 0 287.471 510.95 30.7322 21.0447 4.59384 6.86574 20.4388 173.63 25.4527 9.09036 6.03781 
74.5624 175.213 162.254 73.3252 65.7311 62.0953 131.067 81.6385 136.656 130.947 171.113 50.0979 10.2569 33.6074 13.7088 56.439 157.068 0 138.576 19.5455 59.9142 3.47022 35.7951 1.45421 4.51569 54.7768 36.1161 41.4956 
109.693 98.0789 25.1094 59.6416 242.09 62.1918 43.0965 106.684 90.5734 67.8246 14.1476 63.9196 83.2037 22.377 5.92347 15.9712 42.1638 148.269 0 30.9056 69.1731 24.2713 7.11194 9.48878 29.7704 28.8115 1.55221 2.72554 
129.186 100.351 22.8049 25.816 1.55899 0.368422 18.1557 31.5548 0.655732 14.4644 47.1204 82.9011 15.3535 3.43974 2.5558 5.42512 3.66382 26.7116 13.264 0 10.9641 1.08363 4.09686 5.52744 11.6965 11.2968 9.74449 7.32165 
74.7537 104.092 78.0305 204.729 26.1964 30.2185 133.067 150.783 155.378 78.1604 34.7889 132.127 69.0397 35.1008 55.7896 12.4041 2.71014 43.9454 15.0399 204.709 0 32.8133 29.1773 13.1307 59.5252 59.2945 33.0301 9.2883 
39.9901 39.6357 12.5815 15.4492 41.3389 19.5286 1.92721 23.057 58.5704 21.0818 50.9722 2.68169 53.6498 9.37577 0.217679 0.292013 20.6969 14.6649 23.4851 3.69904 17.2747 0 1.87481 5.04375 11.4213 10.7259 0.0550396 0.710458 
46.053 32.4097 7.71219 18.8069 41.7694 8.84009 66.3179 85.4577 95.8997 22.4533 96.6349 17.4199 64.8164 4.11706 21.3964 11.4205 16.7741 45.0736 22.4607 4.11743 26.9147 1.94644 0 20.5045 23.7991 8.60291 9.0886 9.53719 
52.5192 0.523742 9.95591 8.33222 20.8271 5.10324 29.4224 0.20724 5.06865 17.1945 7.56154 186.961 65.1007 0.364533 1.09157 15.497 11.4298 44.0834 15.3074 0.682554 0.611294 3.14463 0.007169 0 38.0188 0.818955 9.40303 12.0107 
155.233 191.831 3.96862 180.379 65.2293 157.242 85.9654 143.953 266.597 33.7107 5.97916 32.0244 38.0311 16.5735 1.05034 62.2427 165.026 7.26913 0.438063 1.10807 52.2354 26.4853 16.7698 51.4308 0 125.35 138.822 65.2682 
74.7181 81.5028 20.4018 3.29925 3.32973 23.4705 84.8108 198.132 73.9958 25.7102 0.487464 334.993 0.433873 2.83527 27.3678 20.2747 27.337 54.0173 5.34182 3.56648 51.643 9.29657 6.70684 0.00492529 24.0859 0 35.594 29.532 
31.2657 53.666 8.18882 26.9205 34.127 13.5811 10.3015 89.9386 13.3989 8.91105 81.105 84.1096 39.0917 8.9624 2.82157 3.89497 9.88873 44.9335 14.1419 0.576498 37.0979 0.0824188 8.60046 6.47935 42.6206 21.1013 0 80.6609 
8.21994 55.7587 20.9165 0.603808 24.7877 3.94444 43.4067 131.446 15.2103 51.2875 56.7533 112.16 22.1926 1.26852 2.46788 3.85034 18.4313 37.6513 16.0948 2.52013 8.28434 6.63145 8.00797 14.3722 36.6926 3.16971 80.3344 0 
