0 880.887 3.62225 795.613 70.5716 504.797 248.71 94.3425 711.224 104.565 124.656 0.792855 13.3416 0.66529 71.4525 18.4332 454.916 79.7265 9.58695 118.569 243.054 15.4117 18.931 1.38079 520.163 0.725837 41.5932 52.8639 
817.481 0 472.853 582.526 341.41 674.824 171.109 124.845 857.821 241.317 266.404 220.302 53.3324 1.19976 0.581261 77.853 590.051 427.594 172.352 110.871 84.8366 48.9608 40.7691 45.6639 464.889 65.2218 54.5232 6.11126 
150.2 0.43389 0 28.6985 25.1711 35.7829 124.564 46.7135 48.8633 101.799 80.9212 185.676 73.4047 4.70609 23.811 24.2942 7.96917 29.0214 61.175 24.757 87.6848 1.53397 0.399687 1.93992 22.729 25.857 6.91295 21.5025 
790.476 762.569 198.275 0 151.905 452.199 146.085 1038.13 771.113 80.8147 202.613 258.429 9.7632 22.3322 34.8931 2.75169 471.145 18.1726 10.7328 35.2167 659.426 0.421055 7.97398 7.47053 452.138 11.7842 9.26529 31.7497 
7.40197 527.278 83.9975 7.66579 0 108.206 0.48347 103.456 62.8113 189.176 74.6982 30.1308 177.313 22.3691 55.0953 27.291 57.8825 193.89 162.732 5.04272 72.1223 56.5654 19.8312 31.6112 62.9497 55.0048 18.0451 11.8993 
460.106 468.556 0.739594 463.832 1097.11 0 1382.05 0.427896 493.473 239.206 216.506 0.000407353 555.689 21.3723 18.5641 3.76197 451.484 15.8583 90.1525 6.49529 7.57062 12.657 6.4319 1.42523 473.69 9.58738 3.22398 18.3329 
162.997 152.279 138.768 134.189 346.022 830.698 0 0.0183722 996.907 222.368 462.872 24.8111 212.37 96.7836 132.018 83.2417 68.7605 115.643 74.5283 93.8671 144.091 5.22667 4.75732 69.2109 0.238275 95.3861 0.0230472 30.5 
250.974 277.444 261.814 358.701 113.395 208.297 9.2983 0 138.243 209.613 141.704 118.571 20.8519 99.0401 166.794 0.0980757 98.7516 108.455 87.8927 112.75 92.447 66.1238 102.015 8.8625 105.713 47.4567 98.9845 56.4929 
483.99 532.101 260.054 471.616 326.026 452.382 173.395 393.773 0 359.355 551.846 220.808 4.89085 128.55 225.53 57.5016 550.502 218.961 8.26666 106.555 135.784 60.7961 87.292 67.4804 461.974 2.86827 73.082 6.23886 
8.78316 234.283 113.063 48.847 232.461 511.519 292.682 160.737 169.213 0 439.826 3.23008 27.2334 2.65012 89.2211 0.74725 25.3431 111.3 1.85566 49.3357 99.2645 43.6882 57.1645 59.5727 29.0072 1.89267 31.9713 55.7512 
181.612 173.824 123.163 85.3143 3.42609 97.339 487.146 193.021 200.962 64.5748 0 129.017 247.868 210.66 19.012 194.584 67.4968 26.9706 2.7886 9.70666 149.159 3.10285 88.2126 112.509 111.121 14.3863 73.0976 1.11277 
44.806 213.197 57.0503 158.676 139.004 31.4995 83.487 0.259366 185.073 226.748 19.9131 0 109.167 4.84154 17.1817 51.9488 50.1409 72.6184 94.727 51.1431 57.948 3.11327 0.156422 128.879 201.781 291.882 12.1408 164.296 
101.928 3.12674 44.1439 2.84132 170.407 159.757 28.9754 123.641 0.592404 273.847 113.829 151.274 0 91.0277 114.722 18.5897 47.4263 31.223 27.3351 41.6381 1.41895 8.69229 39.5498 59.7023 3.82576 39.7652 37.9721 25.7263 
0.202529 69.6551 0.817131 0.0428494 68.9391 19.8711 0.185649 2.96735 119.284 74.3501 138.84 143.745 14.8274 0 39.148 2.7515 7.73108 0.25586 15.6812 0.151241 21.6475 0.733629 0.27613 0.0114835 16.5835 4.70683 10.9789 0.202007 
18.5722 96.1319 33.7576 32.4936 76.5374 18.2682 111.782 0.487312 2.15697 27.3788 71.5299 230.696 117.592 10.0338 0 40.3956 19.3329 58.0509 13.3262 8.79687 55.7279 16.9133 0.736983 9.11838 0.0773522 15.5222 1.44563 16.5592 
9.87982 13.4448 0.245055 25.4939 40.6258 10.4116 102.114 232.677 107.834 52.5695 192.566 19.5954 0.260735 5.50583 7.43363 0 0.0769289 39.2099 28.5248 2.04645 32.3754 2.13787 11.2692 26.0561 32.4068 16.9386 3.43629 5.11778 
553.371 476.138 16.8341 469.957 141.236 452.334 76.0717 95.8088 536.875 23.4855 29.6347 49.8508 62.7768 20.9471 6.52976 5.90796 0 264.999 388.826 28.7778 25.8812 5.54333 5.87153 19.9833 470.193 26.259 8.04651 7.22382 
36.5864 361.314 160.269 48.5677 31.7838 80.9549 89.2544 59.7509 166.866 117.615 168.799 65.3612 16.7671 29.363 19.153 59.0715 233.336 0 123.574 11.3331 72.2657 2.22924 33.1999 0.516377 2.37383 57.7312 38.0697 38.6466 
101.035 68.2311 17.1996 62.0229 157.388 45.813 22.9155 112.258 110.503 49.5908 24.4115 55.2864 85.2608 23.9422 8.6303 18.3701 80.013 139.598 0 33.14 71.2464 23.5114 5.73603 7.9934 30.4266 27.5981 0.991551 3.77487 
53.8125 72.7194 25.6917 34.8988 0.00360836 1.40831 9.31678 18.5882 4.28068 9.71761 55.6043 89.5609 12.1862 3.74016 1.8082 4.51961 5.68912 17.3323 16.6112 0 140.02 1.34897 4.11759 5.81913 10.8131 10.6853 9.29421 6.5261 
32.9967 128.798 99.1831 179.467 38.2946 38.3079 140.294 176.062 134.512 85.1649 22.2705 114.148 72.3056 32.138 57.3794 7.80844 5.04143 56.0953 19.9517 45.4152 0 32.8327 31.5105 9.92597 57.7035 55.9693 35.3421 12.3819 
39.3338 36.3551 12.434 15.9938 37.1629 20.1938 4.2667 18.2942 62.3702 15.0271 44.0541 0.777035 67.2889 10.2578 0.862914 0.0348431 20.9958 12.3449 22.5501 3.3626 18.9305 0 0.378228 7.04522 8.69791 10.5456 0.217877 0.426887 
46.8497 37.1987 6.4633 19.3048 45.763 10.5153 69.9733 75.0824 100.62 29.6725 114.221 6.29165 48.8823 0.696594 15.8474 9.53329 16.0345 44.8926 22.8751 4.10483 29.4023 0.412607 0 13.3221 22.0013 7.61559 10.2601 9.05957 
48.956 2.04209 11.4974 5.54567 16.4574 3.5729 22.2051 2.19225 11.5115 23.7711 1.06821 181.671 68.8881 1.76297 0.0314405 5.59085 12.612 45.8326 13.7897 1.00197 0.0580156 1.63946 4.65724 0 27.5953 2.2054 11.6817 13.02 
452.173 494.875 1.88183 469.291 66.9297 454.208 90.1797 174.248 571.464 25.43 0.306329 725.231 42.6438 16.4832 0.0281437 75.0085 458.426 4.51439 1.07572 1.80209 55.5257 56.4675 23.2347 40.6532 0 51.0928 152.353 24.7737 
78.2358 83.3907 16.8171 8.08626 6.79525 25.611 74.0694 229.692 51.4552 35.6418 9.45332 169.342 0.00290148 4.45663 23.0926 12.0825 27.3186 57.1315 7.14562 4.58659 55.873 9.79809 7.8029 0.454811 29.759 0 37.7994 49.745 
34.7962 52.42 6.70761 25.9961 36.8888 12.1775 7.03558 82.4989 8.7554 6.25289 84.179 69.2228 39.314 8.19724 4.18242 2.42497 10.9604 44.7352 12.8818 0.319147 34.9521 0.269251 7.32058 8.71575 38.3224 27.617 0 92.9592 
12.2345 59.2079 21.745 0.0211871 29.0484 5.59228 50.2246 135.405 8.32228 54.2271 69.7867 78.6692 25.5415 0.639011 4.39541 1.73738 19.541 34.5014 14.4976 1.88211 5.68883 7.23148 8.67118 13.984 37.7913 0.767288 48.2929 0 
