0 882.515 2.44274 779.134 74.6387 490.04 250.985 89.4729 693.694 106.237 122.611 1.17398 12.7798 0.752186 71.5207 19.1114 437.908 83.088 8.96175 125.197 242.491 15.2212 19.2181 1.5138 503.249 0.874318 41.3672 53.1482 
821.175 0 470.123 574.898 325.086 660.526 155.806 120.304 840.329 241.751 265.816 219.643 54.7786 1.35783 0.439315 77.411 572.465 1109.99 172.188 112.691 86.8619 48.8286 41.114 45.2779 447.788 65.8314 54.4977 6.36428 
145.639 2.89267 0 39.5186 22.7728 34.4792 130.882 51.6286 38.0143 100.734 85.5697 184.942 73.4155 4.85891 24.2112 24.2036 7.60035 31.1136 61.0539 24.5392 89.3485 1.57853 0.365951 1.85539 22.5114 25.9978 6.79936 21.4414 
770.488 746.423 237.386 0 153.163 435.226 149.488 699.942 757.15 79.6881 202.043 259.11 9.35401 22.2518 34.6132 2.46573 455.002 19.4909 10.3003 35.8667 470.277 0.448232 7.82966 7.2483 435.321 12.2916 9.44003 31.8592 
5.97761 529.861 80.4271 6.653 0 106.285 0.0233619 106.099 68.0255 196.597 78.0009 28.856 176.934 21.8319 54.1575 26.6921 56.0801 191.333 155.611 5.49889 73.2187 56.5014 20.1894 31.9708 63.1823 55.4449 18.2773 12.1709 
444.518 454.994 0.491174 448.072 453.623 0 1132.97 0.158929 488.001 655.203 221.366 0.0202587 269.913 21.2948 19.1317 3.56244 434.707 14.8741 89.9716 6.69686 7.95295 12.5091 6.30245 1.50168 457.256 9.83708 3.14104 18.4595 
167.406 137.509 132.472 130.548 336.692 790.977 0 0.334015 916.489 204.995 468.079 22.4319 211.182 96.6856 130.878 84.186 69.6783 112.363 72.579 94.0519 144.125 5.46596 4.45606 69.4266 0.333502 95.7953 0.0394775 31.0459 
255.061 279.513 258.783 361.103 116.042 206.938 6.81805 0 155.775 211.06 135.201 88.0307 21.7737 100.273 164.981 0.00438474 98.6068 106.731 87.0942 113.225 94.8569 66.0122 101.926 8.01191 102.565 51.3687 99.1833 54.9631 
470.046 522.725 241.269 450.984 322.202 433.831 116.555 372.928 0 363.771 1320.88 228.57 5.6891 127.176 217.497 55.4697 534.442 219.174 9.01492 106.494 134.026 61.0872 87.9878 68.3487 444.568 2.39064 73.3693 5.83794 
7.9822 235.646 112.681 50.145 225.498 501.69 309.982 158.015 178.103 0 420.032 2.45558 22.6576 2.28292 86.9579 0.979971 25.9544 110.044 1.52431 49.0332 99.3096 44.1544 57.425 59.4342 28.3633 1.65432 32.2381 55.89 
182.659 177.447 118.275 88.5119 2.64912 103.195 486.523 199.749 242.554 78.6715 0 140.336 249.013 209.61 13.4052 197.895 68.0622 25.8449 3.12701 9.28513 149.223 3.32096 86.5982 111.461 112.644 15.7744 72.6526 1.32802 
42.5062 212.055 59.8045 163.772 140.438 29.8818 87.4414 4.39256 177.298 224.714 15.2494 0 110.574 5.76246 20.4603 66.3494 49.6229 73.8452 95.0434 51.9846 59.4608 3.32241 0.0673453 125.849 220.555 304.032 12.8769 165.595 
102.357 3.57259 43.4684 3.08054 171.284 166.357 26.7986 122.653 0.352772 280.292 117.671 150.588 0 87.2989 113.96 17.7516 47.7722 30.5269 26.6967 41.7348 1.53912 9.3735 38.2745 60.2208 4.03093 40.1345 37.9009 25.467 
0.158518 69.4697 0.745769 0.0623644 69.0943 19.7327 0.101901 2.52711 117.78 75.0372 142.919 141.907 17.1063 0 41.9273 2.43151 7.62768 0.211593 15.5147 0.160815 21.9134 0.793241 0.176667 0.0276949 16.5945 4.5713 10.9547 0.226331 
19.0979 96.2818 33.6684 32.1613 77.283 17.7035 110.011 0.230698 2.22827 29.3299 60.9122 235.316 118.022 12.2761 0 35.9512 19.1743 57.6833 13.0693 8.86212 55.5677 16.8547 0.577781 9.59699 0.119204 15.0856 1.37387 16.7532 
9.35944 14.032 0.190943 24.9036 41.247 10.6968 102.403 236.311 109.735 51.3722 195.958 29.1739 0.386137 5.93468 5.14633 0 0.0925363 38.802 28.4285 1.98904 31.8846 2.06489 11.1446 26.5576 32.7143 16.2934 3.31796 4.90619 
536.453 460.909 17.3245 452.886 140.185 435.517 75.1912 95.5385 519.52 24.0834 30.211 50.3686 62.641 20.9951 6.66637 5.79339 0 261.387 536.939 28.6098 26.2672 5.61981 5.79582 19.9426 453.7 26.313 7.96626 7.31893 
34.0655 363.765 159.506 46.7235 29.5548 82.3715 86.0787 58.1085 169.038 116.442 168.426 66.5782 17.3299 29.0282 19.6021 59.241 238.323 0 122.199 10.7709 73.217 2.14334 32.9888 0.46301 2.23429 57.9305 38.2137 38.414 
100.237 65.9507 16.618 62.1376 150.257 44.5039 21.5556 112.602 111.973 48.1945 25.3036 54.6038 85.3465 24.0541 8.85689 18.5545 85.5787 138.661 0 33.2934 71.3719 23.4449 5.63283 7.87935 30.4662 27.4921 0.952885 3.86269 
48.68 70.496 25.8676 35.5539 0.0263413 1.51607 8.73542 17.6905 4.69163 9.37813 56.2489 89.9974 11.9482 3.76248 1.75429 4.44911 5.86211 16.6626 16.876 0 153.487 1.37056 4.11775 5.83947 10.7394 10.6311 9.25677 6.46325 
30.3141 130.61 100.667 175.752 39.2981 38.9434 140.706 177.789 132.741 85.6628 21.389 112.66 72.5315 31.8969 57.468 7.48792 5.25105 57.0582 20.3534 36.5101 0 32.8271 31.684 9.68978 57.5257 55.6713 35.5141 12.6361 
39.27 36.0895 12.4175 16.031 36.827 20.2308 4.48499 17.9368 62.6383 14.5825 43.5059 0.676035 68.2729 10.3121 0.930345 0.0252725 21.0143 12.1689 22.4705 3.33626 19.0587 0 0.307807 7.20339 8.49633 10.5268 0.235023 0.407669 
46.8871 37.5628 6.36505 19.3286 46.0542 10.6426 70.1924 74.2029 100.862 30.2421 115.403 5.64308 47.5951 0.535314 15.3604 9.3566 15.9735 44.861 22.8991 4.1024 29.5894 0.338971 0 12.5155 21.8019 7.5326 10.3464 9.01726 
48.6466 2.20093 11.6114 5.34526 16.1288 3.46196 21.6639 2.65838 12.1105 24.3026 0.806905 180.503 69.0847 1.90879 0.0745247 4.9557 12.7032 45.9511 13.6699 1.02897 0.0394392 1.53949 5.36624 0 26.6442 2.33797 11.856 13.0888 
435.782 478.885 1.74891 452.206 67.0195 437.771 90.4041 176.102 555.446 24.8031 0.163915 413.513 42.9844 16.4523 0.0101084 70.3601 441.693 4.3247 1.13686 1.86225 55.7511 47.2318 23.704 40.8696 0 62.6981 166.058 40.5092 
78.4189 83.4482 16.5241 8.53113 7.11174 25.7506 73.1467 230.935 49.7547 36.4324 10.6037 155.638 0.0119826 4.59136 22.7097 11.4638 27.3074 57.344 7.29405 4.66848 56.1673 9.83335 7.88326 0.519873 30.1656 0 37.8718 51.0937 
35.0643 52.3021 6.59482 25.9086 37.0964 12.0659 6.80345 81.8528 8.42935 6.06227 84.3619 68.0258 39.3183 8.13469 4.29695 2.32259 11.0441 44.7074 12.7831 0.302165 34.7761 0.288239 7.21933 8.89385 37.9577 28.0885 0 92.7859 
12.5731 59.4454 21.7925 0.00924877 29.3812 5.72917 50.7379 135.47 7.86325 54.4186 70.7765 76.0543 25.8006 0.598375 4.564 1.60423 19.624 34.2485 14.3722 1.83548 5.50429 7.27717 8.71868 13.9414 37.7936 1.17218 45.48 0 
