0 713.718 0.0955529 544.778 90.1085 269.219 258.164 72.3205 461.7 112.235 115.017 3.20311 10.8111 1.1156 71.6858 21.6681 208.915 95.6599 6.83725 158.887 239.327 14.5269 20.2758 2.0519 274.387 1.53507 40.5217 54.1537 
662.671 0 442.155 380.361 263.703 439.332 103.766 103.911 606.166 242.224 262.745 216.706 60.1451 2.01873 0.0882778 75.686 340.914 457.13 171.047 119.004 94.2925 48.3195 42.359 43.8389 218.375 68.0003 54.3769 7.33048 
128.232 29.9203 0 97.9452 14.8965 29.6993 153.79 71.1672 9.41608 96.5167 103.049 181.48 73.3444 5.431 25.6357 23.8169 6.3124 39.2392 60.4947 23.6827 95.2602 1.74652 0.254662 1.55959 21.6882 26.464 6.38676 21.1966 
523.755 515.985 284.967 0 157.21 206.487 161.354 440.303 535.561 75.4291 199.099 259.799 7.91864 21.9284 33.5273 1.54523 229.066 24.6494 8.77706 38.1514 122.411 0.554928 7.30448 6.45215 206.975 14.2055 10.0873 32.2215 
2.04029 530.208 67.5463 3.53518 0 92.859 3.36676 115.803 88.4312 223.161 90.4387 24.3755 175.104 19.8937 50.6997 24.5233 49.5853 181.475 129.528 7.32803 77.2179 56.23 21.514 33.2836 63.9876 57.0192 19.1334 13.1855 
220.969 240.208 0.0133473 223.67 952.776 0 1189.3 0.290043 309.894 627.013 237.694 0.544526 109.282 20.9713 21.2207 2.87116 206.502 11.5038 88.9894 7.45167 9.42485 11.9626 5.83242 1.79735 230.209 10.7644 2.84461 18.9119 
183.207 88.0172 109.347 116.894 299.93 581.843 0 4.82328 590.919 143.94 481.919 14.6654 206.064 96.1143 126.251 87.4981 73.003 100.387 65.474 94.5549 144.048 6.38438 3.43113 70.1407 0.818377 97.1185 0.13724 33.0574 
268.983 285.979 245.502 397.028 125.712 200.932 0.991134 0 225.584 215.748 111.996 13.6229 25.292 104.61 157.711 2.11815 97.9998 100.365 84.1066 114.757 103.726 65.5635 101.438 5.24211 90.9957 66.6045 99.7962 49.4173 
252.856 323.332 173.042 211.978 306.458 211.092 3.03602 295.7 0 376.79 729.344 256.603 9.1122 121.929 233.982 48.1677 308.703 219.446 12.0161 106.1 127.436 62.1199 90.4179 71.4764 214.196 1.00749 74.3724 4.47578 
5.35874 239.571 110.877 54.915 199.045 440.116 370.53 147.769 210.831 0 343.022 0.518962 9.32023 1.16627 78.4632 2.09807 28.229 105.315 0.585868 47.8788 99.3865 45.8292 58.2976 58.8462 26.0259 0.915477 33.2059 56.3475 
186.146 190.41 100.44 100.327 0.650055 125.14 478.686 224.214 386.618 139.718 0 184.145 252.243 204.342 1.13642 208.769 70.1048 21.8894 4.52832 7.8111 149.276 4.18072 80.5767 107.392 118.014 21.3424 70.9702 2.27688 
34.4872 207.388 70.1749 181.922 145.535 24.2404 102.345 61.4595 149.196 216.519 3.39838 0 115.633 9.79103 34.6535 130.647 47.717 78.3463 96.132 55.0585 65.078 4.14427 0.0572543 114.44 291.351 343.814 15.7366 169.757 
103.823 5.45327 40.973 4.03621 174.085 188.025 19.4601 118.907 0.00259711 301.115 131.806 147.855 0 73.5137 110.697 14.8041 49.021 28.0163 24.3927 42.0633 2.02043 12.0615 33.6565 62.0272 4.82508 41.4638 37.625 24.5135 
0.0431517 68.7097 0.51097 0.165008 69.5845 19.1925 0.00817228 1.21132 111.993 77.3648 157.32 134.685 26.6301 0 51.1103 1.40976 7.25146 0.0851332 14.9025 0.198323 22.8886 1.02986 0.000990063 0.146724 16.605 4.08274 10.8594 0.327078 
21.0645 96.662 33.2479 30.8935 79.914 15.6568 103.237 0.10159 3.88036 36.873 28.4514 250.295 119.089 21.7531 0 20.7482 18.5886 56.2942 12.1388 9.09716 54.9392 16.6189 0.157792 11.397 0.349171 13.4904 1.12538 17.4495 
7.55841 16.2694 0.0500177 22.7199 43.5143 11.7533 103.232 247.563 116.478 46.9562 207.16 78.6204 1.05424 7.57461 0.302178 0 0.162023 37.294 28.0586 1.78383 30.0852 1.80601 10.6431 28.0613 33.72 13.9372 2.89833 4.15901 
307.519 238.534 19.1541 223.551 136.019 207.165 71.9135 94.4766 289.061 26.3131 32.3482 52.2582 62.1051 21.1627 7.1758 5.38029 0 246.149 316.937 27.9759 27.6916 5.90303 5.52057 19.787 226.455 26.4997 7.67363 7.67061 
25.4817 364.75 155.989 40.1351 21.9943 87.458 74.6624 52.1949 176.718 112 166.821 71.0593 19.4558 27.7974 21.2743 59.8167 254.885 0 116.937 8.81678 76.6794 1.84212 32.2047 0.292001 1.75763 58.6211 38.7306 37.5494 
97.1726 57.7286 14.542 62.468 124.241 39.7176 16.8766 113.745 117.23 43.1414 28.6761 52.0951 85.5667 24.4512 9.705 19.2266 108.861 134.926 0 33.8283 71.7863 23.1922 5.25999 7.46498 30.5965 27.0903 0.817421 4.19182 
31.5831 62.3642 26.4457 37.8598 0.288292 1.94256 6.74997 14.5583 6.35082 8.17561 58.5846 91.4885 11.0883 3.84282 1.56252 4.19147 6.51374 14.2961 17.849 0 202.909 1.45076 4.11653 5.91102 10.4643 10.4249 9.11672 6.23215 
21.3389 137.07 105.844 173.174 43.039 41.2717 142.018 183.773 126.108 87.4234 18.2862 107.119 73.3229 31.002 57.7488 6.36291 6.05281 60.5968 21.8466 11.6338 0 32.7979 32.3087 8.84211 56.8313 54.5336 36.1339 13.5826 
39.0207 35.1049 12.3513 16.1603 35.5849 20.3479 5.32807 16.6464 63.5844 12.9931 41.4895 0.365527 71.7515 10.4919 1.19789 0.00328846 21.0763 11.5299 22.1708 3.2396 19.5271 0 0.110906 7.78212 7.77418 10.4525 0.303333 0.340857 
46.9934 38.8838 6.00483 19.3973 47.0949 11.1038 70.9107 70.9057 101.588 32.3294 119.463 3.55593 42.8699 0.120896 13.5438 8.68117 15.7457 44.7238 22.9765 4.09168 30.2664 0.130048 0 9.48543 21.0053 7.22203 10.6559 8.85612 
47.4761 2.83215 12.0206 4.63467 14.9415 3.06687 19.7138 4.7409 14.4164 26.2664 0.161034 175.34 69.6787 2.47999 0.387904 2.90534 13.036 46.3631 13.229 1.13045 0.00189896 1.19702 8.20427 0 23.081 2.85115 12.4883 13.3283 
209.003 253.476 1.30092 222.812 67.2952 210.759 91.0937 182.161 329.712 22.5374 0.0197023 937.141 44.206 16.31 0.0213071 50.7857 213.579 3.66165 1.37484 2.08986 56.537 15.3763 25.3588 43.4398 0 109.731 87.7372 124.944 
78.9736 83.5464 15.4396 10.2374 8.32615 26.2261 69.6771 233.85 43.642 39.3357 15.3396 107.733 0.0980911 5.0927 21.2588 9.26776 27.2543 58.0839 7.84719 4.97083 57.1998 9.9577 8.17029 0.794103 31.596 0 38.0103 55.563 
36.0366 51.8445 6.18541 25.5692 37.8472 11.6548 5.98178 79.4106 7.28112 5.38519 84.9603 63.6134 39.3177 7.90221 4.7262 1.96375 11.3512 44.5902 12.421 0.243763 34.1207 0.363242 6.84738 9.54869 36.574 29.7536 0 90.712 
13.843 60.2752 21.9452 0.00721386 30.5999 6.2403 52.5926 135.403 6.28331 55.0719 74.3566 66.5772 26.7464 0.460263 5.20224 1.15864 19.9236 33.3132 13.9118 1.66861 4.85063 7.44314 8.88719 13.7708 37.6866 3.36084 35.2762 0 
