0 575.906 0.365735 362.06 101.809 103.223 262.19 60.6541 286.637 116.451 109.421 5.29451 9.4718 1.42369 71.722 23.5907 37.0892 104.983 5.46213 189.117 235.962 14.0264 21.0494 2.49257 102.446 2.12905 39.891 54.8471 
534.703 0 405.695 233.032 218.946 270.989 71.0698 92.3349 427.302 241.461 259.627 214.068 64.0985 2.5788 0.00095465 74.3315 166.805 383.44 169.689 123.203 99.6791 47.9254 43.2435 42.7705 46.1647 69.5086 54.2619 8.07033 
115.117 65.7979 0 151.661 10.1366 26.2646 169.872 86.635 0.595187 93.1637 116.026 178.221 73.1839 5.85736 26.6244 23.483 5.44163 45.5471 59.9759 23.0061 99.3475 1.87316 0.186132 1.35888 21.0659 26.7524 6.09084 20.9984 
332.852 338.629 261.266 0 159.574 34.9734 169.286 1030.47 365.324 72.2204 196.13 258.512 6.94108 21.6657 32.6814 1.00606 59.34 28.7002 7.73375 39.7031 135.101 0.639416 6.92708 5.89309 35.5667 15.6434 10.5638 32.4461 
0.46973 521.481 58.4935 1.87136 0 73.1557 10.6987 122.845 104.375 241.541 99.7548 21.3189 173.346 18.5186 48.1731 22.9759 44.9952 173.875 110.912 8.80825 80.1013 55.997 22.4874 34.2316 64.5253 58.1231 19.7605 13.9411 
53.3137 80.1058 0.0965343 55.1757 1038.68 0 1262.52 1.48598 181.849 377.531 247.916 1.36909 429.123 20.6983 22.7393 2.41003 35.1912 9.29868 87.9653 8.01463 10.5625 11.562 5.49574 2.02714 59.6374 11.4485 2.63678 19.2291 
194.236 57.7074 92.8169 106.766 271.246 397.885 0 11.3222 359.354 103.77 486.606 10.002 201.615 95.4914 122.467 89.749 75.3764 91.7811 60.3728 94.7469 143.79 7.09187 2.76588 70.5829 1.30405 97.9028 0.245314 34.528 
277.965 289.536 233.867 447.453 132.682 195.599 0.0338822 0 280.194 218.533 95.9195 0.286476 27.9812 107.566 151.855 6.04924 97.4839 95.7029 81.8787 115.659 110.181 65.1987 100.922 3.58303 82.6245 78.4199 100.126 45.4632 
90.114 174.319 126.479 36.2609 293.435 55.331 24.4744 240.519 0 382.977 1139.79 276.327 12.0796 117.93 272.741 43.0326 139.014 219.139 14.4447 105.649 122.515 62.8357 92.061 73.69 41.4474 0.369505 75.0514 3.5938 
3.76792 241.345 109.177 58.3791 179.201 377.232 410.107 140.096 234.374 0 284.92 0.0106516 3.21396 0.585084 72.1519 3.1681 29.9129 101.767 0.179153 46.9963 99.3553 47.0103 58.8493 58.3407 24.3529 0.513137 33.8987 56.6289 
188.328 199.457 87.727 108.943 0.0430417 141.33 467.636 241.626 466.573 191.512 0 217.662 253.621 199.161 0.69752 215.324 71.5588 19.19 5.70345 6.81155 149.14 4.86437 76.1199 104.225 121.692 25.8367 69.6985 3.12286 
29.0924 203.535 77.9273 194.429 149.071 20.4452 113.504 140.795 129.392 209.871 0.111255 0 119.204 13.3409 46.9368 185.769 46.3262 81.6152 96.8518 57.2776 69.2222 4.79548 0.362185 105.922 320.559 366.98 17.968 172.172 
104.785 7.05948 39.145 4.80716 175.701 198.01 14.7942 116.063 0.2704 313.176 142.06 145.659 0 63.5557 107.885 12.7942 49.9086 26.2339 22.7565 42.2761 2.41036 14.1945 30.3755 63.2427 5.443 42.4047 37.4098 23.8176 
0.00478088 68.079 0.367244 0.27014 69.8624 18.7684 0.150726 0.552776 107.539 78.8589 167.115 128.996 34.5825 0 56.3476 0.829401 6.98092 0.0286775 14.4556 0.227957 23.5975 1.21918 0.0635027 0.291116 16.5834 3.73693 10.7833 0.41161 
22.5297 96.7706 32.8511 29.9258 81.7195 14.2 98.0639 0.808764 6.43973 42.689 12.1007 259.069 119.357 29.4024 0 11.6124 18.1589 55.2451 11.4737 9.26372 54.4421 16.4273 0.0173902 12.7372 0.591165 12.3425 0.959339 17.9398 
6.35763 17.9751 0.004655 21.1225 45.1496 12.5295 103.606 253.568 121.127 43.7357 213.977 126.381 1.74328 8.81203 0.511703 0 0.224615 36.1868 27.7731 1.64004 28.7791 1.62675 10.2374 28.7985 34.3261 12.2533 2.60782 3.64601 
135.466 71.5932 20.512 51.3654 132.695 35.7453 69.4861 93.6352 115.98 27.9683 33.9248 53.6227 61.6784 21.2764 7.55433 5.087 0 233.276 279.217 27.4979 28.7351 6.1117 5.32288 19.6677 55.7585 26.6243 7.46249 7.92922 
19.9335 368.039 152.74 35.5407 17.13 91.0347 66.635 48.014 181.997 108.638 165.427 74.3299 21.0615 26.9008 22.5143 60.1896 265.04 0 112.91 7.50532 79.1677 1.63675 31.6252 0.192164 1.44583 59.0831 39.0955 36.9094 
94.8147 51.9216 13.0929 62.6189 105.774 36.272 13.7928 114.46 120.907 39.5483 31.2226 50.2672 85.634 24.7265 10.3379 19.7104 127.963 131.926 0 34.1897 72.0422 23 4.99451 7.16743 30.6768 26.785 0.725209 4.43804 
21.1301 56.5157 26.7981 39.4293 0.654306 2.28282 5.4552 12.4464 7.70407 7.34436 60.2524 92.4627 10.4762 3.89972 1.42896 4.00521 7.00404 12.6673 18.5576 0 237.049 1.51009 4.11386 5.95996 10.2592 10.2677 9.01222 6.06358 
15.7143 141.565 109.324 183.157 45.8148 42.9593 142.777 187.763 121.161 88.6381 16.162 103.02 73.8614 30.341 57.9088 5.59605 6.66805 63.1734 22.9514 2.08984 0 32.768 32.7515 8.24463 56.2847 53.6632 36.5736 14.2846 
38.8244 34.3788 12.2972 16.2476 34.6724 20.4145 5.98237 15.7282 64.2354 11.8796 40.0194 0.198962 74.1417 10.6031 1.41202 0.000275553 21.1155 11.0721 21.9451 3.16927 19.8663 0 0.0292435 8.20024 7.26732 10.3929 0.358339 0.295905 
47.0402 39.8289 5.74339 19.4287 47.8238 11.433 71.3482 68.4438 101.956 33.842 122.131 2.33206 39.4487 0.00418427 12.2085 8.16693 15.5762 44.603 23.0225 4.08212 30.7492 0.039474 0 7.31796 20.3649 6.99058 10.8736 8.73323 
46.5907 3.33854 12.3087 4.14322 14.0962 2.79154 18.3316 6.61601 16.1978 27.706 0.00154777 170.754 69.9841 2.92707 0.766698 1.7249 13.2764 46.64 12.9073 1.20659 0.00478458 0.972648 10.4015 0 20.4579 3.2495 12.94 13.4893 
38.7322 84.1016 1.01486 50.5751 67.4423 40.2605 91.4625 185.807 159.886 20.9268 0.288124 210.28 45.0665 16.1782 0.105691 37.7404 42.2604 3.2119 1.56144 2.26214 57.0678 4.95722 26.4874 46.9144 0 124.294 27.1735 137.596 
79.2611 83.5069 14.6439 11.5463 9.2612 26.5352 67.0772 234.324 39.3387 41.444 19.2706 76.4987 0.212739 5.46314 20.1639 7.76128 27.2037 58.5825 8.25768 5.1925 57.9032 10.0432 8.37107 1.02786 32.5703 0 37.9851 58.277 
36.7329 51.4873 5.89204 25.3046 38.3827 11.3541 5.41387 77.5658 6.49368 4.91482 85.3237 60.3926 39.3012 7.73022 5.04714 1.71956 11.5745 44.49 12.1575 0.205145 33.6346 0.42306 6.5766 10.0253 35.5188 30.8943 0 87.8318 
14.7935 60.8374 22.0347 0.0469133 31.4839 6.62057 53.9117 135.053 5.23841 55.498 76.9047 59.8409 27.4295 0.370764 5.68498 0.877825 20.1368 32.6258 13.5766 1.55142 4.39857 7.56226 9.00403 13.6325 37.4914 5.6122 28.1731 0 
