0 357.334 41.2234 194.436 240.599 254.264 34.0337 65.3679 267.745 9.76287 194.784 14.3263 28.6809 35.9224 39.4958 56.5557 297.048 225.023 8.53276 172.243 88.4836 2.95282 13.248 21.5708 250.827 74.2539 50.9772 36.0156 
299.543 0 0.0327651 207.266 522.802 427.23 369.959 163.109 250.331 36.6518 1.55519 5.74811 99.1605 20.7784 3.2033 1.07058 192.953 634.253 100.231 94.3572 26.0768 47.955 32.0938 1.51322 226.147 4.94242 50.9454 63.4941 
199.109 473.474 0 0.418761 188.297 20.0904 249.273 68.3748 461.817 1.08873 205.984 180.441 10.4087 9.70151 26.7449 0.319068 17.8558 77.5877 60.048 16.4397 34.323 0.208326 0.582843 10.4814 0.734937 11.2484 18.5288 20.3688 
208.828 425.437 68.0669 0 154.944 192.825 11.6378 384.918 521.974 1.03222 187.346 185.482 53.079 3.99079 34.837 42.2564 194.093 10.0781 41.4198 44.648 193.414 1.21945 3.36876 11.0869 224.974 20.0218 24.1275 4.61203 
234.058 223.819 169.666 13.5174 0 420.806 8.16459 172.538 87.4435 324.433 78.5173 47.3706 38.9688 58.7597 13.7285 69.9091 19.3155 91.2964 273.011 0.752525 2.75023 11.2282 45.9479 21.2007 30.7248 68.6243 35.0191 5.48483 
304.896 273.327 61.839 215.558 151.66 0 1.35192 112.093 389.73 595.898 110.224 0.910372 206.149 21.8051 0.312994 14.2069 246.43 56.4287 3.47052 22.9768 4.36249 3.89153 12.259 1.5146 196.317 26.6301 13.4754 16.2443 
129.667 350.993 2.43638 199.011 379.644 370.579 0 388.997 372.967 480.049 459.072 9.14268 71.4374 15.9831 41.3033 8.13301 2.16261 187.408 0.873343 91.05 0.457879 62.0893 61.1673 43.3273 85.264 80.8306 42.9153 52.4514 
204.821 255.447 247.506 130.338 163.98 57.2745 408.262 0 114.184 113.284 78.8433 362.206 95.276 69.7389 174.326 19.0808 5.95851 0.163097 102.261 94.4105 110.958 30.7268 44.997 1.48534 187.468 117.644 50.3903 107.332 
433.395 386.466 417.378 192.855 221.973 239.626 20.5347 633.852 0 386.879 480.563 152.446 142.76 132.633 123.351 150.532 299.09 1.04213 0.343771 36.0423 155.708 0.131451 86.7568 56.3576 261.051 28.3368 14.1056 75.1856 
154.335 18.4664 11.8647 105.257 4.45742 320.057 26.1759 223.874 271.154 0 321.296 143.678 109.965 2.2829 43.241 2.32172 15.5367 42.6444 123.464 56.2153 62.5779 1.17304 21.2097 3.36724 33.309 1.81149 0.0181406 53.5468 
72.6883 92.3897 13.0965 21.8487 236.673 226.915 487.197 260.611 347.793 158.534 0 501.893 233.12 108.041 278.122 197.895 29.5833 138.434 96.851 10.9447 82.276 65.2102 46.2287 0.0691261 134.921 166.115 12.7507 104.909 
15.6262 0.924226 12.5778 259.591 143.924 22.3091 214.737 74.7428 248.51 21.4222 381.602 0 132.695 1.23312 8.87227 192.459 83.6237 21.8458 37.2199 9.93674 161.982 73.9202 94.8571 0.0172272 111.603 76.5592 58.0611 139.267 
89.1717 29.1755 6.8261 13.7023 88.7805 150.891 35.2853 58.2625 100.973 176.298 217.9 16.0001 0 149.791 110.93 23.862 0.0887863 1.12008 52.5357 2.02316 13.6369 45.491 64.6586 55.7866 39.139 52.924 29.6653 44.8615 
26.7875 52.0927 0.117246 21.5058 41.5332 21.8756 86.4264 96.5328 132.29 75.0373 213.135 164.155 49.5605 0 6.78372 19.3438 1.97683 51.9218 23.1872 0.576282 0.583878 0.261233 5.00388 0.741036 16.3 11.6739 3.114 0.779814 
1.38529 93.7119 32.7962 36.7962 95.0554 41.7994 17.7215 62.0363 186.431 71.5624 192.337 121.345 82.4812 1.71751 0 84.1521 27.8553 16.5518 3.12155 1.89475 0.97968 5.72471 16.2879 11.8973 27.5204 20.6988 6.86482 9.23237 
1.49825 84.7439 24.3946 33.4994 2.079 1.54524 0.256213 180.74 0.0725507 73.5215 195.958 256.184 67.3247 6.37321 86.4043 0 0.0321913 2.41043 11.389 0.0968065 33.5196 5.34093 5.50609 29.3113 29.6658 8.33497 12.1323 22.7232 
199.072 342.49 55.6874 249.126 9.89415 245.241 87.8609 2.20228 270.628 13.9803 67.446 0.582293 25.5765 21.8976 0.436066 7.96608 0 46.4017 390.357 0.0971371 0.585417 19.4956 4.24168 3.74087 220.389 27.1615 18.1282 24.0434 
23.9117 463.146 38.8672 130.681 231.1 97.9705 206.786 10.4627 56.6537 49.7356 0.898409 16.986 83.0113 37.1778 60.1337 23.174 238.61 0 8.29591 19.0958 66.6735 9.52956 38.4301 11.2145 54.5576 7.78633 35.9907 41.8108 
40.5875 168.203 32.1367 5.46634 269.814 22.3432 13.1061 102.49 82.7422 87.6439 59.3239 10.2412 74.6726 0.180924 37.5658 2.5712 183.971 0.787766 0 33.292 3.83007 16.6891 5.73603 4.70435 28.2675 27.8433 20.5911 18.8446 
142.142 90.9777 27.4233 44.4591 1.77703 24.2213 15.7531 44.8967 86.9471 25.175 53.7619 2.28539 42.1814 1.30801 10.8438 0.291098 33.8963 12.8312 34.8896 0 331.192 6.16916 4.03519 1.62166 3.92517 0.764255 2.77918 10.3085 
233.701 3.40901 23.424 160.185 1.83377 3.77963 5.83982 28.6906 154.639 90.6289 118.715 4.99985 34.7944 40.6639 11.1827 8.57871 14.5975 50.5144 26.1877 56.2318 0 0.109745 26.8094 47.9645 1.55795 32.5215 44.1095 2.1834 
29.1797 51.4963 12.4687 16.6298 40.4946 18.4208 61.611 67.1759 0.00526464 59.0602 0.754036 59.4385 90.1091 6.76004 11.2994 1.40112 2.55579 1.01457 15.0941 1.31253 16.4461 0 0.663421 0.718416 3.04079 8.60862 0.864995 1.70965 
3.04603 35.8613 6.93716 18.8206 20.058 4.64615 15.3905 5.06978 63.3165 52.1373 132.998 72.2012 55.8188 5.97889 0.898703 7.86539 0.117902 44.7769 22.8751 3.94796 24.4388 0.708247 0 17.0755 0.47649 3.99193 12.935 0.0931274 
22.0891 47.042 2.72852 13.3218 43.2151 3.44361 55.8053 10.4414 99.0982 29.9055 106.201 29.4864 67.1066 0.151276 0.515258 0.315509 19.9596 31.5344 10.0495 0.698262 40.0402 13.5015 6.5643 0 14.2117 13.2492 12.3648 9.5666 
214.203 217.763 11.4166 235.925 19.9818 196.872 18.1007 20.3783 263.36 36.9931 67.2625 981.569 53.3898 15.5079 25.7325 61.2786 193.027 56.8589 0.00744153 11.2644 23.6082 73.1021 26.7036 52.8796 0 83.3089 164.079 47.8651 
17.3176 3.24886 27.4827 15.6576 24.686 11.6753 91.5339 226.888 0.228218 35.9052 164.759 266.372 6.85626 0.00975934 12.8976 12.9017 26.7077 8.57828 0.496118 12.0247 62.6005 3.8872 1.57318 15.55 24.3962 0 1.70274 35.8897 
9.55084 54.06 18.6153 0.00379049 47.7702 19.8343 58.1041 95.6263 62.7328 44.5419 57.048 19.6587 35.4611 7.28694 19.1493 10.7647 7.34089 16.001 6.76738 2.23253 18.0563 0.961907 3.35424 15.0506 43.611 2.54788 0 24.2897 
60.9505 13.2555 22.1858 23.7664 0.00143844 22.9349 67.4465 5.44693 78.5518 55.2444 75.4157 0.0197993 0.328589 0.132327 20.7892 21.1609 15.2832 38.0064 1.24057 5.98409 39.0414 10.5417 3.52074 14.2727 34.9925 0.988835 4.18759 0 
