0 460.775 51.6458 123.189 192.015 105.94 258.001 3.80843 201.555 142.815 67.1343 36.4685 2.09904 4.89216 69.7232 39.2508 1.97526 174.027 0.0392731 228.442 185.316 10.3992 26.9274 7.08512 60.7847 9.51656 34.7485 58.9684 
511.468 0 21.6517 313.653 1.70544 202.527 34.1061 22.3028 266.001 207.272 214.5 181.815 94.142 8.83945 3.87879 61.7608 104.222 195.297 146.178 141.574 137.874 44.3353 49.2463 34.2613 6.05458 78.6914 52.6705 14.5753 
25.5066 450.619 0 185.084 4.27342 5.22205 247.709 211.154 227.733 62.3774 205.406 136.539 69.0832 9.22667 32.3474 19.6857 0.870518 98.5591 53.2181 16.7826 122.167 2.94072 0.0158721 0.272132 15.8976 27.4745 3.99896 18.9901 
77.5111 168.016 151.174 0 160.577 5.64859 202.996 619.414 246.402 46.3992 154.179 204.383 1.5431 18.9987 25.0842 0.694636 36.3214 65.0747 1.85145 47.4608 202.062 1.45883 4.26198 2.35001 2.12581 27.0341 14.2565 33.0429 
23.7281 268.814 7.86121 6.34209 0 192.188 172.993 172.684 236.703 329.629 171.962 4.47512 149.425 9.33353 29.5116 12.4035 15.8586 109.472 9.07852 23.5348 100.613 53.2934 29.9932 41.0943 67.2153 65.174 24.5789 20.0585 
53.0704 151.593 11.7334 42.9923 811.496 0 558.201 38.1549 457.74 701.574 268.674 18.9912 360.984 17.7111 33.3618 0.19872 2.29254 0.147367 72.6704 12.5016 20.7437 8.51116 3.15609 4.12144 29.3916 16.699 1.29545 21.257 
256.213 44.8362 5.23692 35.6151 61.4091 721.696 0 133.671 738.689 26.2329 380.27 3.88207 151.743 85.4706 85.3415 101.646 91.5811 34.5053 25.9019 91.4745 136.478 13.413 0.0445989 71.7541 8.42848 98.792 2.05304 45.5976 
308.173 283.736 114.239 390.311 180.747 134.896 77.5107 0 631.148 221.506 10.46 742.839 51.194 123.362 97.0722 89.6598 91.6367 60.8997 63.9658 116.517 156.499 61.4338 92.8619 1.31207 27.0447 172.15 99.4328 19.2471 
131.252 313.847 30.9841 63.9787 167.965 333.008 1305.78 0.0121122 0 337.521 947.803 386.639 45.9249 85.032 232.286 11.7953 113.474 203.433 38.6009 97.9415 83.5037 67.2104 100.673 88.2091 1.92157 5.64847 78.726 0.0440274 
0.84393 225.021 87.1448 82.9017 43.1379 57.3795 479.99 80.3048 369.601 0 0.483307 20.2698 57.5041 2.62545 26.8944 17.5309 43.1288 73.077 4.64072 39.3322 96.7667 54.6906 60.6371 52.5401 12.8597 1.22519 38.7619 57.3219 
194.532 252.349 13.4682 168.27 18.2491 246.401 273.11 346.826 939.353 569.228 0 452.844 237.496 131.496 190.99 222.063 81.5201 4.22794 18.5235 1.39351 143.385 11.514 42.5004 76.0771 141.774 68.7501 58.9744 13.4932 
2.59181 163.778 136.313 256.271 170.244 1.80678 198.721 991.731 17.7604 145.72 113.769 0 142.311 53.8585 169.216 495.724 35.8288 105.571 100.249 73.1076 101.035 11.079 10.8693 43.3044 378.645 335.05 38.2489 172.695 
109.07 25.1134 25.4468 12.5247 175.996 144.286 0.312343 92.009 16.1099 304.88 211.861 124.014 0 6.52152 77.181 2.04404 55.9652 14.2198 11.7715 43.1549 6.40395 34.0576 9.58381 69.4044 11.1128 48.657 35.3998 18.5615 
0.952914 61.3371 0.0508662 1.86185 69.7822 14.8681 6.81183 3.8249 69.7976 84.1234 212.103 78.7041 107.17 0 39.69 1.49082 5.03822 0.571076 11.086 0.513119 28.8739 3.04724 4.69784 2.73972 15.6401 1.49967 10.0356 1.34012 
34.25 93.05 27.626 21.7353 91.9304 4.83891 55.8999 26.6546 58.2602 89.7876 107.495 258.033 107.82 60.8153 0 32.2377 14.8506 46.429 6.86106 10.384 49.67 14.4766 3.36547 22.3948 4.31198 4.67138 0.125961 21.089 
0.56623 32.5324 1.20702 9.72411 56.8075 18.3394 100.143 234.634 146.875 20.8251 222.977 486.576 12.074 17.1931 70.2549 0 1.02011 27.6903 25.2041 0.723934 19.2119 0.549492 6.42513 24.0819 35.2319 2.18631 0.866322 0.774817 
91.429 73.3918 31.1405 10.6155 101.174 1.99796 50.5052 85.5181 66.4296 41.0815 46.2534 63.5294 57.4963 21.9045 10.6011 3.08772 0 109.69 53.9035 23.4884 36.7262 7.75203 3.90745 18.6049 25.1633 27.253 5.91961 9.94664 
0.011711 460.499 112.748 8.54247 0.0256469 113.257 17.9081 20.8009 211.598 80.7022 149.087 98.7321 34.5615 20.1877 32.3349 61.717 279.003 0 78.8284 0.911007 96.7166 0.469121 27.0411 0.111947 0.0685547 61.4265 41.536 31.8211 
74.206 15.7791 4.25199 61.3118 7.33742 13.3237 0.399624 116.574 143.558 16.0116 52.4207 36.6163 83.6221 26.4131 15.4637 23.18 239.027 102.923 0 36.1173 72.7155 21.3292 3.16295 5.04563 30.8836 24.1555 0.20396 6.47021 
12.4671 18.2725 27.4824 47.3704 8.01112 5.5771 0.0942511 1.63479 21.5085 2.39031 71.7195 96.6344 6.27724 4.28298 0.596485 2.6574 11.0868 3.29508 23.8279 0 310.929 1.98313 4.04556 6.24107 8.59915 8.90613 8.15675 4.79043 
1.31225 168.401 125.994 177.294 67.7005 55.2227 143.065 206.611 82.0926 95.8498 4.11394 71.2248 76.8788 25.1384 57.9011 1.3248 12.1307 82.2715 31.6897 152.303 0 32.3085 35.7493 4.30809 51.1056 46.0629 39.5666 19.8921 
36.9456 28.6895 11.733 16.7175 27.6255 20.4024 11.9534 9.43955 68.0754 4.84462 29.0191 0.568312 87.3567 10.8846 3.50925 0.328497 21.2494 7.82352 20.0467 2.64024 22.3706 0 1.08991 11.1283 4.06304 9.79762 0.914628 0.0577078 
46.5599 46.425 3.82881 19.1562 52.4813 13.6887 72.2695 48.8067 100.315 44.7322 133.45 1.46288 16.0337 3.72208 3.28199 4.09011 14.1988 43.1269 23.0853 3.96282 34.0981 1.03483 0 0.587382 14.3174 5.14671 12.2819 7.66576 
39.117 8.37366 14.1688 1.23793 8.30824 1.08503 9.13642 29.4662 32.0105 38.5478 7.14739 118.423 68.7963 6.684 7.18887 2.97171 15.0348 48.0925 10.4691 1.83799 0.844829 0.0222154 20.8804 0 3.85838 6.77288 16.02 14.3187 
13.5472 62.8713 0.000220254 9.41833 67.0899 11.8079 90.5816 190.534 129.317 10.1558 12.1515 457.76 50.6809 14.4632 2.74274 73.9104 7.27147 0.74201 3.32292 3.72603 59.903 27.3614 32.2463 71.815 0 117.701 176.786 38.7189 
78.2383 80.2259 8.72038 22.6055 17.5726 27.8011 46.2456 195.118 12.5899 56.622 59.3992 24.6835 2.46708 8.28996 11.4807 0.406947 26.5033 61.2197 11.5466 6.8849 61.8175 10.5458 9.62512 3.61937 37.6248 0 34.4722 60.3081 
41.633 48.1525 3.8263 22.8566 42.1032 9.06306 1.98711 62.1483 1.93506 2.00728 86.0709 36.6803 38.7434 6.37053 7.66363 0.376368 13.2522 43.3328 10.174 0.0203326 29.733 1.01399 4.5686 13.5175 26.0311 36.9892 0 40.7088 
22.5742 63.8983 22.1121 1.44901 38.0171 9.6721 62.8519 124.505 0.373863 57.3269 94.0052 17.508 32.3962 0.00592759 9.71297 0.0185046 21.6093 27.289 11.0532 0.789086 1.65857 8.41197 9.71704 12.2289 32.7315 34.5358 0.0691053 0 
