0 566.942 67.2972 256.523 206.092 282.878 251.143 0.799578 361.145 146.151 60.1645 44.2697 1.34835 5.68633 68.9777 42.058 173.999 184.632 0.0310628 220.759 172.983 9.80414 27.9362 8.09082 230.683 11.2725 33.8009 59.4676 
627.662 0 1.07371 486.432 1.57274 359.426 67.8943 14.5348 407.429 196.907 203.46 174.336 99.1607 10.2584 5.3387 59.2411 269.938 682.876 140.029 142.034 143.692 43.6108 50.1452 32.7378 176.855 79.8332 52.2678 15.8472 
15.2851 472.115 0 111.774 8.81652 3.03825 249.766 229.242 293.065 56.5343 216.689 126.999 67.8785 9.81264 32.957 18.8356 0.469342 107.665 51.5903 15.5756 124.341 3.14354 0.0496394 0.166389 14.9519 27.3315 3.66786 18.5585 
217.547 308.137 147.455 0 157.704 179.219 203.272 194.324 390.846 41.915 144.158 188.627 0.99184 18.4287 23.6156 1.32143 209.7 71.942 1.22762 47.9613 608.151 1.63198 3.84439 1.88044 174.165 28.9692 14.9016 32.9453 
33.5852 210.165 3.60892 10.1065 0 247.874 212.32 180.213 258.349 332.533 183.802 2.79072 143.618 8.00255 26.4868 10.8246 12.113 97.971 2.52091 26.6087 103.837 52.6624 31.2979 42.2099 67.4254 66.1357 25.4205 21.1777 
231.26 341.307 15.405 218.221 407.155 0 957.041 48.6708 646.597 853.497 261.402 23.8836 281.962 17.0509 34.908 0.0625665 174.385 0.00730274 68.8913 13.2934 22.7445 7.98996 2.79816 4.53992 201.403 17.5905 1.10718 21.5354 
261.839 82.1542 0.803734 26.0554 36.5514 916.114 0 163.799 1031.95 59.8698 341.626 8.15585 140.974 82.8704 77.9687 102.676 93.9927 26.7767 21.0399 90.0832 134.289 14.6633 0.00181781 71.5611 10.2407 98.0329 2.54016 47.4645 
305.994 276.96 92.4939 390.994 187.766 122.04 103.467 0 655.076 218.735 4.11048 886.134 55.6083 124.763 86.6957 110.467 90.2914 55.1753 60.7463 115.586 163.635 60.6091 90.7697 2.79116 19.8541 186.36 98.7422 15.6086 
316.682 510.647 71.0723 260.504 144.6 559.574 1248.82 7.58525 0 314.862 419.77 395.82 53.48 79.2133 217.21 8.16755 285.929 198.458 43.6411 95.8822 76.7186 67.7708 101.423 90.2396 173.683 8.32107 79.0896 0.00718402 
2.00018 217.168 82.0126 86.5945 27.0703 83.1244 445.127 70.3849 380.169 0 5.80334 27.7969 82.2058 4.11111 20.5261 20.9705 45.4497 67.9691 6.72648 37.8598 95.904 55.7585 60.5075 51.2117 11.1429 2.01813 39.5259 57.1814 
193.705 257.963 6.71258 176.442 25.2497 257.774 228.978 357.869 877.049 596.324 0 479.811 230.198 116.639 241.211 215.342 83.0322 2.70106 21.3846 0.861999 141.567 12.9106 37.0723 70.7281 143.649 77.1464 56.9535 15.942 
0.874449 155.376 145.348 259.305 172.777 0.604279 212.245 1029.71 8.26049 133.101 153.185 0 145.47 62.6181 190.733 484.657 34.0377 109.478 100.459 75.5969 106.437 12.3929 14.056 34.1187 352.097 295.432 42.2345 169.59 
109.257 29.1754 23.1791 14.165 173.901 151.042 1.76761 87.5133 21.1688 286.045 221.424 119.494 0 2.29299 70.7217 1.09149 56.8823 12.4432 10.1656 43.1736 7.27574 37.9491 6.99737 69.8806 12.255 49.5617 34.9857 17.6632 
1.33669 59.8465 0.136804 2.27228 69.3765 14.098 8.90929 5.84199 63.0195 83.889 213.367 69.5733 118.947 0 29.5813 2.48186 4.72302 0.838003 10.5119 0.572942 29.7611 3.42061 5.84864 3.34822 15.3433 1.19834 9.87685 1.54933 
36.3404 91.6155 26.3822 20.2278 93.0104 3.63728 48.7162 34.3416 71.7357 97.4356 154.406 245.823 103.595 56.4501 0 47.8003 14.2729 44.7736 6.15195 10.5501 48.6754 14.0586 4.64235 23.7574 5.25885 3.6317 0.0602394 21.5161 
0.193908 35.2642 1.68154 8.02827 58.6451 19.2889 98.4454 220.58 149.3 17.3948 216.628 495.537 14.6778 18.1141 81.4087 0 1.21451 26.2221 24.6914 0.599245 17.6491 0.41758 5.70492 21.6959 34.7243 1.1986 0.654359 0.483774 
260.66 251.447 32.9798 181.164 94.8905 173.944 47.201 83.8207 235.117 43.4057 48.4281 65.1492 56.6098 21.9707 11.1564 2.78404 0 88.1132 326.586 22.7348 38.1115 8.04595 3.67797 18.3931 197.23 27.3045 5.6631 10.3053 
0.832909 418.372 103.827 5.60229 0.83671 116.013 12.293 17.0531 214.588 75.6018 145.308 102.792 37.0977 19.0536 34.0818 61.7444 269.65 0 72.6047 0.408351 99.4569 0.337588 26.2186 0.21957 0.00956549 61.6191 41.8986 30.9033 
70.2757 11.3831 3.16968 60.6529 1.63911 10.2456 0.0077139 116.34 146.382 12.8073 56.3312 34.3235 82.8291 26.6301 16.3962 23.7385 240.413 97.0478 0 36.2996 72.6036 21.0031 2.88029 4.70436 30.8471 23.6475 0.145787 6.85026 
24.0259 13.3879 27.2374 47.9084 10.0543 6.25776 0.00240134 0.773312 24.4542 1.79308 73.4538 96.7609 5.63732 4.34016 0.486364 2.43957 11.8494 2.26104 24.7066 0 282.007 2.06902 4.02517 6.27318 8.29634 8.64352 7.99789 4.57257 
4.14259 171.523 126.912 155.832 71.55 57.2012 142.133 207.664 75.3229 96.7194 2.80602 65.7686 77.2057 24.2119 57.6807 0.876963 13.2111 85.4322 33.2513 199.537 0 32.1872 36.2004 3.74014 50.0358 44.5911 40.0211 20.9054 
36.5518 27.6792 11.6083 16.7639 26.3958 20.3078 13.1536 8.48201 68.5364 3.90955 27.1698 0.924089 88.6261 10.8305 3.94761 0.447046 21.2433 7.30315 19.6859 2.54959 22.7916 0 1.55672 11.5679 3.63908 9.6697 1.03538 0.0350494 
46.3279 47.4493 3.51621 19.0184 53.1211 14.0275 71.9954 45.3487 99.2464 46.4542 133.691 2.82811 12.7491 4.8703 2.19682 3.42917 13.9444 42.7727 23.0448 3.93388 34.6182 1.49183 0 1.91554 13.1441 4.82059 12.4778 7.4591 
37.7093 9.44621 14.4252 0.897803 7.42937 0.863813 7.81101 34.718 35.0778 40.3582 9.81472 107.31 67.9709 7.31159 8.79045 4.9352 15.3268 48.226 10.0495 1.95604 1.13548 2.94634e-06 20.3947 0 2.20008 7.44207 16.475 14.389 
186.913 236.4 0.037358 179.925 66.7664 184.345 89.7744 187.163 300.196 8.60536 15.8476 1135.23 51.474 14.0494 3.53223 69.4419 178.639 0.487436 3.68806 4.00471 60.1736 4.46347 32.6502 67.7809 0 95.6392 70.5754 43.7769 
77.4925 79.1388 7.75997 24.6028 19.2042 27.82 42.5876 181.829 9.28859 59.0008 67.6188 53.1617 3.09867 8.76103 10.0263 0.060134 26.3258 61.4653 12.1428 7.17555 62.2287 10.6061 9.78798 4.19209 38.0176 0 33.3156 57.2505 
42.4067 47.4669 3.50086 22.3592 42.6834 8.66764 1.55744 59.2859 1.40929 1.62692 85.8381 32.8522 38.5696 6.12768 8.14245 0.240239 13.5398 43.0616 9.83376 0.00783684 29.0219 1.14036 4.23544 14.0816 24.1386 37.5058 0 31.1409 
24.0045 64.2058 22.0174 1.883 39.1074 10.2228 64.1809 121.354 0.100597 57.3864 96.4756 12.3894 33.2103 0.000251888 10.4555 0.104382 21.8379 26.3485 10.6214 0.680729 1.31166 8.54892 9.80782 11.9275 31.3523 40.2542 1.63903 0 
