0 719.174 81.5581 441.766 217.36 500.985 243.953 0.000220601 564.238 148.671 54.3614 51.4062 0.835246 6.40866 68.249 44.4579 388.392 193.15 0.247054 222.882 161.872 9.30368 28.7943 8.99692 443.034 12.8753 32.9784 59.842 
785.341 0 4.37294 696.225 11.8151 559.286 104.422 9.13924 594.864 187.217 193.443 167.578 103.364 11.5441 6.76335 57.0225 478.642 831.03 134.372 141.75 148.411 42.968 50.8778 31.4284 390.124 80.6952 51.8938 16.9658 
8.46972 469.632 0 56.1179 13.928 1.61745 248.417 242.852 345.794 51.529 224.83 118.497 66.7389 10.3092 33.3768 18.0726 0.222752 115.198 50.1043 14.5298 125.727 3.32097 0.0934205 0.0961741 14.1382 27.1462 3.39285 18.1714 
410.396 495.687 66.5302 0 154.565 395.034 202.114 988.575 580.067 38.1368 135.15 174.176 0.614831 17.9191 22.3385 2.0117 425.068 77.8379 0.792926 48.1721 709.711 1.78725 3.49949 1.51667 388.505 30.5861 15.4527 32.8145 
43.1794 161.966 1.24977 13.9755 0 276.091 246.228 186.291 275.793 331.716 193.555 1.65829 138.327 6.9333 23.9753 9.54303 9.27285 88.26 0.127442 29.3338 106.499 52.0855 32.411 43.1437 67.5438 66.8926 26.141 22.1468 
450.842 569.699 18.8227 435.096 85.1689 0 778.237 58.3871 861.709 761.903 252.769 28.4389 448.26 16.4585 36.1325 0.00674943 388.762 0.237853 65.4574 13.9684 24.5016 7.54801 2.50513 4.90915 415.582 18.3421 0.956923 21.7552 
265.237 121.165 0.0915641 18.8946 19.986 955.964 0 190.419 1215.42 97.8306 305.889 13.0219 131.467 80.4683 71.5874 103.297 95.9465 20.8405 17.217 88.7086 132.212 15.7659 0.0676971 71.3026 11.9158 97.172 2.99699 49.0415 
302.362 269.908 74.7966 361.227 193.364 110.84 127.628 0 662.869 215.613 0.973162 974.407 59.4496 125.621 77.856 128.745 89.0661 50.3973 57.9805 114.539 169.439 59.8648 88.8305 4.48685 14.4848 197.422 98.0194 12.7566 
542.312 743.688 115.727 497.784 125.02 812.138 1088.45 26.8663 0 292.893 891.647 400.857 60.2473 74.2766 160.327 5.56193 500.398 193.721 48.1085 93.9637 70.9733 68.2018 101.882 91.846 387.976 10.9937 79.3348 0.113727 
3.37589 209.419 77.4052 89.5696 16.053 124.464 406.298 62.1705 385.356 0 25.4113 35.0611 105.643 5.63294 15.6391 24.0882 47.4314 63.6108 8.80174 36.5732 95.071 56.603 60.2925 50.007 9.75214 2.84951 40.1591 56.9999 
192.55 261.795 2.74059 182.721 32.0466 265.21 191.48 365.191 803.466 604.714 0 497.631 223.014 103.735 282.578 207.888 84.2708 1.66002 23.9667 0.506727 139.826 14.1584 32.6047 66.1073 144.841 84.3963 55.1936 18.1745 
0.126145 147.932 152.597 259.85 174.653 0.0841988 223.218 1013.6 2.94034 122.198 189.577 0 147.945 70.3305 208.023 456.621 32.5158 112.742 100.549 77.6505 110.991 13.5659 17.0694 26.937 305.77 256.855 45.7223 166.22 
109.283 32.8382 21.2815 15.6313 171.619 161.267 3.94923 83.6183 25.9855 266.67 228.778 115.48 0 0.377539 65.0727 0.508763 57.6334 11.0029 8.8709 43.1579 8.06248 41.3304 5.07994 70.1416 13.2657 50.2893 34.6164 16.8996 
1.71578 58.5028 0.24327 2.65279 68.9382 13.4242 10.9062 7.89082 57.2788 83.4149 212.759 61.8752 128.135 0 20.9971 3.49765 4.45878 1.10667 10.0245 0.626473 30.5118 3.74982 6.79148 3.89457 15.0602 0.964448 9.73451 1.73886 
38.1311 90.212 25.2553 18.933 93.76 2.73204 42.7519 41.5164 83.9138 103.616 197.134 232.967 99.5364 50.4983 0 60.9248 13.7786 43.3335 5.56925 10.6851 47.7878 13.6846 5.86017 24.8031 6.1293 2.83202 0.0229467 21.85 
0.0297188 37.6306 2.14572 6.67601 60.1633 20.0777 96.7493 206.565 150.836 14.6459 209.472 483.891 17.067 18.7106 87.4595 0 1.39395 24.9722 24.2381 0.501169 16.3422 0.318443 5.09291 19.4291 34.1422 0.580112 0.495566 0.287688 
472.386 470.835 34.5383 394.185 89.4005 388.197 44.3909 82.305 446.474 45.3949 50.2917 66.5083 55.8153 22.0173 11.6369 2.53485 0 70.7056 206.687 22.0786 39.2938 8.29955 3.4855 18.2055 411.485 27.3349 5.44624 10.6141 
2.56082 389.405 95.9401 3.55794 2.43309 118.071 8.27939 14.1084 216.593 71.2204 141.875 106.205 39.3043 18.0935 35.5804 61.7114 259.119 0 67.2827 0.135474 101.717 0.24191 25.5095 0.34024 0.00183657 61.7326 42.1942 30.111 
66.861 8.15025 2.36226 59.9907 0.0023519 7.8915 0.143548 115.997 148.506 10.3149 59.7084 32.387 82.0488 26.7974 17.2012 24.2049 237.336 91.8909 0 36.4188 72.4539 20.7158 2.6471 4.41904 30.7987 23.2016 0.103638 7.18165 
36.5012 9.74939 26.9434 48.1518 11.9666 6.86131 0.125406 0.287514 27.0833 1.34742 74.8689 96.7262 5.11217 4.38679 0.400557 2.25782 12.5122 1.52583 25.4467 0 249.642 2.1434 4.00574 6.29664 8.03459 8.41346 7.85962 4.38722 
7.79989 173.792 127.199 150.663 74.835 58.8481 141.107 208.018 69.5975 97.3696 1.88031 61.1546 77.4383 23.4154 57.441 0.565528 14.1648 88.0856 34.5945 238.017 0 32.0737 36.5694 3.28271 49.0833 43.3014 40.3943 21.7802 
36.1992 26.811 11.4955 16.7953 25.3447 20.2051 14.2158 7.69638 68.8812 3.18277 25.6081 1.2966 89.4472 10.7601 4.33777 0.56254 21.2311 6.86848 19.3702 2.47231 23.1486 0 2.01456 11.9228 3.31027 9.55465 1.14429 0.0200901 
46.0947 48.2941 3.25482 18.8796 53.6268 14.3032 71.6591 42.4051 98.1538 47.8751 133.478 4.34355 10.1881 5.85545 1.42569 2.89217 13.7233 42.4468 22.9981 3.9072 35.0482 1.94188 0 3.58179 12.1333 4.54217 12.6331 7.27778 
36.4839 10.4073 14.6275 0.648338 6.70957 0.693333 6.74808 39.4435 37.7578 41.8785 12.4066 97.619 67.124 7.82208 10.2312 6.92236 15.5735 48.312 9.69175 2.05884 1.41789 0.0154944 19.3656 0 1.18185 8.0206 16.8421 14.4314 
402.356 451.858 0.119761 392.925 66.4285 399.022 88.9335 183.335 513.158 7.36544 19.3545 307.65 52.1067 13.6711 4.27743 57.289 392.311 0.31134 4.01406 4.24826 60.3518 5.37307 32.8427 61.8144 0 54.3718 55.5386 114.03 
76.7242 78.0924 6.96435 26.3009 20.6385 27.7882 39.4826 169.373 6.83331 60.9531 74.7962 84.5865 3.6936 9.1546 8.82141 0.00853028 26.1609 61.6245 12.658 7.42253 62.5153 10.6511 9.91323 4.70487 38.2301 0 32.2143 53.9511 
43.0493 46.8561 3.23097 21.9179 43.1638 8.33045 1.22978 56.8077 1.02384 1.33163 85.5537 29.6779 38.4028 5.91879 8.55637 0.147529 13.785 42.8132 9.54366 0.00177779 28.4061 1.254 3.95538 14.5504 22.4817 37.8071 0 23.4704 
25.2425 64.4148 21.9112 2.29723 40.0281 10.6971 65.2598 118.377 0.00418573 57.3758 98.4529 8.65916 33.8939 0.00911294 11.0961 0.23332 22.027 25.5416 10.2537 0.59384 1.04591 8.6635 9.87742 11.6574 30.0609 44.9395 4.58507 0 
