0 739.08 85.6175 472.198 220.342 539.613 241.751 0.0715483 598.688 149.313 52.7808 53.4562 0.71425 6.61597 68.0322 45.1222 426.076 195.412 0.34349 224.664 158.713 9.1663 29.0315 9.25562 480.114 13.3358 32.7484 59.9371 
806.199 0 8.73183 731.785 16.3146 592.713 115.626 7.85457 625.001 184.407 190.58 165.649 104.514 11.9122 7.18672 56.3978 514.703 247.23 132.742 141.56 149.675 42.786 51.0749 31.0644 427.483 80.9152 51.7853 17.281 
6.91617 465.495 0 43.4041 15.538 1.29966 247.536 246.282 359.465 50.1448 226.824 116.093 66.4053 10.4459 33.4762 17.8555 0.170311 117.234 49.6775 14.2384 126.033 3.37083 0.108 0.0800444 13.9122 27.0845 3.31797 18.0612 
443.199 526.112 42.512 0 153.585 433.125 201.565 329.966 610.59 37.1011 132.591 170.037 0.525897 17.7743 21.9814 2.22779 462.991 79.4714 0.688742 48.1946 670.966 1.83148 3.40591 1.42214 426.163 31.0272 15.6053 32.7704 
46.0183 149.169 0.810004 15.1511 0 281.254 255.556 187.913 280.423 330.948 196.188 1.39521 136.809 6.64842 23.2923 9.19929 8.5468 85.5967 0.000215441 30.1041 107.221 51.9196 32.7191 43.3992 67.5665 67.0915 26.3409 22.4176 
489.945 611.04 19.8097 473.422 544.18 0 875.27 61.1863 897.315 988.625 250 29.7596 66.5749 16.29 36.4549 0.00125783 426.428 0.359202 64.4755 14.155 24.996 7.42614 2.42609 5.01334 453.173 18.5484 0.917024 21.8132 
265.943 132.959 0.403973 17.0877 16.2235 942.846 0 197.878 1250.24 109.645 295.657 14.5651 128.792 79.7742 69.8122 103.426 96.4699 19.3105 16.2146 88.2977 131.603 16.0768 0.102788 71.2157 12.4001 96.8989 3.13024 49.4752 
301.069 267.754 70.0859 345.853 194.847 107.716 134.593 0 662.895 214.626 0.485415 992.046 60.5244 125.802 75.4212 133.842 88.7142 49.0935 57.212 114.209 170.996 59.652 88.2688 5.02659 13.131 200.287 97.7975 12.0102 
583.063 786.079 129.467 542.055 119.692 858.706 1029.11 34.2298 0 286.434 297.947 401.781 62.1697 72.9161 142.947 4.92325 538.054 192.33 49.3712 93.4064 69.3924 68.3133 101.979 92.2696 425.651 11.7966 79.3919 0.165921 
3.82015 207.11 76.0963 90.3626 13.4751 138.794 394.278 59.9436 386.146 0 33.2104 37.204 112.443 6.09516 14.3835 24.9792 47.9798 62.4057 9.42378 36.2123 94.8245 56.8257 60.2159 49.662 9.37968 3.10489 40.3314 56.9395 
192.157 262.694 1.94445 184.337 34.0582 266.877 181.248 366.86 784.265 604.537 0 501.652 220.875 100.15 293.522 205.556 84.6051 1.41518 24.7042 0.424583 139.313 14.513 31.3978 64.8215 145.103 86.4107 54.7007 18.8155 
0.0376145 145.83 154.52 259.663 175.125 0.0239533 226.151 1001.23 1.93622 119.167 199.998 0 148.593 72.4966 212.585 446.048 32.0956 113.634 100.559 78.2068 112.242 13.8991 17.9504 25.0672 293.717 245.623 46.701 165.171 
109.268 33.883 20.7629 16.048 170.907 164.207 4.70595 82.5312 27.3986 260.826 230.673 114.343 0 0.132291 63.4927 0.385649 57.8361 10.6166 8.52512 43.1483 8.28739 42.2743 4.59861 70.1898 13.5514 50.4833 34.5115 16.6886 
1.82917 58.1192 0.278163 2.76307 68.8018 13.2352 11.4922 8.51085 55.7012 83.2387 212.313 59.768 130.511 0 18.7253 3.80408 4.38638 1.18778 9.88992 0.641704 30.7186 3.84259 7.04047 4.04947 14.977 0.903617 9.69397 1.79311 
38.6277 89.7944 24.9332 18.5737 93.9389 2.50196 41.1339 43.596 87.3773 105.261 209.143 229.04 98.3429 48.5464 0 64.3625 13.6415 42.9305 5.41166 10.7214 47.5357 13.5783 6.21622 25.0717 6.38008 2.62573 0.0157171 21.9374 
0.00958771 38.2909 2.28375 6.31837 60.5751 20.2923 96.2398 202.389 151.172 13.916 207.219 477.57 17.7545 18.8427 88.4764 0 1.44584 24.6267 24.1099 0.475394 15.9849 0.293212 4.92463 18.7723 33.9574 0.446987 0.45526 0.242091 
509.285 509.873 34.9676 431.47 87.8626 425.829 43.6151 81.8744 483.285 45.9463 50.8088 66.881 55.589 22.0285 11.7711 2.46746 0 66.0953 365.739 21.8948 39.6212 8.37026 3.43274 18.1525 449.101 27.3411 5.38649 10.7 
3.20667 383.921 93.7208 3.06993 3.02253 118.591 7.29969 13.3358 217.058 70.0039 140.891 107.14 39.9221 17.8289 35.9964 61.693 255.809 0 65.8105 0.0856972 102.329 0.218143 25.3119 0.378395 0.00671097 61.7556 42.2738 29.8901 
65.9067 7.34307 2.15816 59.7911 0.0864187 7.28686 0.258542 115.879 149.047 9.66608 60.6493 31.8542 81.8159 26.8407 17.4255 24.3323 235.905 90.4423 0 36.4458 72.4036 20.6348 2.58384 4.34105 30.7825 23.076 0.0931985 7.27464 
40.3411 8.83331 26.8483 48.1834 12.5231 7.03199 0.19257 0.194271 27.8295 1.23463 75.2498 96.693 4.97027 4.39934 0.378145 2.20819 12.6977 1.34674 25.6499 0 239.678 2.16417 4.00002 6.30249 7.96154 8.34882 7.82089 4.336 
9.01279 174.354 127.197 151.524 75.7439 59.297 140.786 208.027 68.0226 97.5344 1.6555 59.8853 77.4951 23.1938 57.3661 0.490987 14.4341 88.8124 34.9682 248.038 0 32.0406 36.669 3.16054 48.8131 42.9388 40.4953 22.0241 
36.0988 26.5696 11.4632 16.8026 25.0534 20.1731 14.516 7.48403 68.9686 2.99343 25.1785 1.41104 89.6309 10.7366 4.44835 0.596871 21.2266 6.74963 19.2815 2.45091 23.2471 0 2.15063 12.0176 3.2247 9.52182 1.17541 0.0166676 
46.0244 48.5231 3.18338 18.8377 53.7602 14.3773 71.5492 41.5921 97.8218 48.2601 133.35 4.81988 9.52115 6.12329 1.23919 2.74859 13.6613 42.3527 22.9832 3.89948 35.1649 2.07589 0 4.1183 11.8528 4.46514 12.6742 7.22679 
36.1408 10.681 14.6808 0.586054 6.51515 0.649171 6.46516 40.7889 38.5095 42.295 13.1747 94.9147 66.8664 7.95849 10.6402 7.51618 15.6414 48.3312 9.59276 2.08764 1.5017 0.0254484 18.9867 0 0.968157 8.18172 16.9401 14.4402 
440.314 489.8 0.150897 430.206 66.3248 436.758 88.6758 182.123 550.371 7.0361 20.3812 1172.97 52.2745 13.5624 4.49509 52.9676 429.768 0.269361 4.10668 4.31663 60.3925 9.27217 32.8708 59.8098 0 43.7823 76.9393 131.006 
76.49 77.7833 6.74834 26.7689 21.0423 27.7715 38.6269 165.765 6.21483 61.4802 76.803 94.2735 3.86744 9.262 8.49482 0.03465 26.1131 61.6603 12.8017 7.49073 62.584 10.6625 9.94561 4.85055 38.2687 0 31.8914 52.9347 
43.2243 46.6827 3.15754 21.793 43.2945 8.23711 1.14548 56.1163 0.927511 1.2547 85.4608 28.8153 38.3536 5.8607 8.67182 0.125735 13.8529 42.7416 9.46334 0.000857699 28.2341 1.28642 3.87858 14.6779 22.0175 37.8673 0 21.4636 
25.5881 64.464 21.8776 2.41904 40.2813 10.8292 65.5492 117.507 2.96861e-05 57.3628 98.9783 7.7351 34.0814 0.01382 11.2745 0.278129 22.0784 25.3175 10.1519 0.5707 0.977332 8.69486 9.89539 11.5805 29.6856 46.1887 5.6532 0 
