0 685.273 98.7817 455.31 229.411 545.802 234.14 1.15612 591.533 151.197 47.8251 60.1974 0.390378 7.29816 67.2968 47.2383 429.5 202.322 0.758144 232.117 148.433 8.73154 29.7861 10.1031 481.509 14.8522 32.0084 60.2153 
753.748 0 32.2688 726.024 35.3279 581.986 154.045 4.38453 604.292 175.106 181.211 159.337 108.133 13.1204 8.62002 54.376 512.825 136.575 127.372 140.63 153.573 42.1937 51.6866 29.8998 429.834 81.5615 51.4245 18.3015 
2.98023 442.629 0 13.9557 21.2177 0.51342 243.259 256.148 399.305 45.7473 232.376 108.306 65.2894 10.8793 33.7433 17.1476 0.0496623 123.563 48.273 13.305 126.773 3.53188 0.161676 0.0383399 13.1893 26.858 3.08281 17.7009 
434.519 507.179 12.044 0 150.148 437.89 199.155 278.04 590.842 33.8337 124.268 156.512 0.287736 17.302 20.8346 2.98861 467.092 84.6736 0.40428 48.1609 759.077 1.97621 3.11329 1.13906 429.473 32.4105 16.0922 32.6072 
55.5699 110.596 0.0405603 19.1942 0 293.869 284.856 192.901 294.534 326.929 204.375 0.705199 131.827 5.77305 21.1524 8.13607 6.4127 77.201 1.16783 32.6035 109.476 51.3718 33.701 44.205 67.6094 67.6945 26.9799 23.2873 
497.836 625.398 23.0595 478.756 630.413 0 1142.99 70.3939 887.576 877.397 240.116 34.1372 379.825 15.7397 37.4321 0.0129824 429.763 0.914136 61.2609 14.7486 26.5949 7.03923 2.18028 5.35114 456.204 19.2009 0.794834 21.9893 
267.492 172.931 2.88605 11.8716 6.756 833.971 0 221.764 1306.24 150.483 262.356 20.0459 120.161 77.4792 64.1431 103.711 98.0864 14.7764 13.1886 86.9002 129.562 17.085 0.263953 70.8935 14.0044 95.9271 3.575 50.8493 
296.122 260.317 55.7322 279.762 199.37 97.735 157.467 0 656.726 211.129 0.0535195 1026.26 63.9826 126.216 67.7209 150.074 87.5551 44.9954 54.755 113.035 175.805 58.9538 86.407 6.95032 9.21896 208.789 97.0261 9.75953 
596.109 803.079 176.284 567.02 103.054 884.887 809.696 63.2991 0 264.883 1132.69 403.334 68.431 68.6038 101.548 3.13482 541.25 187.674 53.4678 91.5553 64.3848 68.6464 102.199 93.5569 429.11 14.5366 79.5426 0.39877 
5.42067 199.296 71.8361 92.7965 6.6986 191.803 352.899 52.9974 386.753 0 64.5586 44.4045 134.819 7.68548 10.683 27.8959 49.7278 58.5709 11.5439 35.0479 93.9921 57.5027 59.9216 48.5292 8.22954 3.99198 40.8715 56.7172 
190.689 265.083 0.309875 189.119 40.8384 271.005 149.383 371.111 731.527 596.644 0 511.687 213.633 88.7482 326.286 197.379 85.6458 0.762037 27.1204 0.210359 137.588 15.6703 27.6455 60.7087 145.736 92.839 53.1127 20.9252 
0.103699 139.016 160.385 258.078 176.488 0.0776528 235.169 940.005 0.126001 109.496 233.937 0 150.55 79.4709 226.36 405.099 30.7588 116.44 100.547 79.9447 116.196 14.9865 20.8917 19.4741 268.655 208.825 49.8574 161.499 
109.157 37.303 19.1297 17.4073 168.406 172.121 7.55992 79.0413 32.1293 240.968 236.288 110.649 0 0.192802 58.4238 0.105883 58.4673 9.42226 7.46001 43.1025 9.02519 45.3016 3.21208 70.273 14.4792 51.0802 34.1691 16.0174 
2.21548 56.8629 0.405203 3.12878 68.3229 12.6259 13.4552 10.6396 50.7155 82.5468 210.088 53.1416 137.529 0 12.0311 4.84657 4.15777 1.46612 9.46221 0.691476 31.3748 4.14269 7.78519 4.55159 14.6979 0.721404 9.5614 1.97131 
40.2128 88.3789 23.879 17.4271 94.4252 1.83002 36.0867 50.4778 98.6323 110.289 247.245 215.543 94.3447 41.6379 0 74.3362 13.2037 41.6327 4.9202 10.8337 46.7137 13.2314 7.40074 25.8632 7.20715 2.01385 0.00174621 22.2009 
0.0197157 40.4099 2.75106 5.2299 61.8628 20.9643 94.5006 188.31 151.982 11.6858 199.279 448.934 20.0201 19.1636 89.6633 0 1.61796 23.5266 23.6938 0.39728 14.8595 0.219345 4.3935 16.6168 33.3002 0.136664 0.337536 0.122429 
510.073 517.528 36.3287 433.571 82.9153 429.055 41.1489 80.4694 483.841 47.7059 52.4608 68.0576 54.849 22.0595 12.2022 2.25736 0 52.1123 7.08438 21.3026 40.6655 8.59719 3.26608 17.9798 452.229 27.3543 5.19691 10.9756 
5.75183 374.486 86.5654 1.74672 5.33056 120.102 4.5691 10.9991 218.27 66.119 137.658 110.095 41.9112 16.989 37.326 61.6071 244.171 0 61.1259 0.00266188 104.242 0.1503 24.6785 0.513987 0.0428142 61.8045 42.5211 29.1811 
62.84 5.03298 1.56518 59.1073 1.92764 5.50191 0.851357 115.434 150.627 7.72081 63.6648 30.166 81.0238 26.9704 18.1448 24.7337 230.018 85.7702 0 36.5143 72.2169 20.372 2.38594 4.09502 30.7225 22.6696 0.0635052 7.57453 
53.5844 6.18921 26.5051 48.179 14.3752 7.58623 0.503594 0.018279 30.2598 0.906211 76.4323 96.5186 4.52788 4.43833 0.310635 2.05208 13.2949 0.847835 26.2928 0 205.75 2.23098 3.98079 6.31925 7.72709 8.13986 7.696 4.17288 
13.4537 175.948 126.951 159.481 78.6392 60.7068 139.651 207.791 63.0386 98.0155 1.03156 55.8657 77.6538 22.4846 57.1024 0.287632 15.3083 91.1078 36.1646 277.353 0 31.9302 36.9789 2.78419 47.9326 41.7673 40.8102 22.8066 
35.7706 25.7967 11.3571 16.822 24.1241 20.0606 15.4912 6.82215 69.2239 2.42473 23.8171 1.80904 90.0872 10.6502 4.80822 0.713121 21.2088 6.37504 18.9946 2.38272 23.5604 0 2.61039 12.3091 2.96802 9.4143 1.27753 0.00785822 
45.7832 49.239 2.95834 18.694 54.1659 14.6068 71.1498 39.0088 96.6777 49.462 132.741 6.50292 7.52331 6.94797 0.726915 2.30746 13.4618 42.0412 22.9296 3.87391 35.5307 2.5294 0 6.0092 10.9589 4.21983 12.7992 7.06183 
35.0359 11.5751 14.8424 0.407495 5.91011 0.517283 5.59688 45.1789 40.9322 43.6093 15.768 86.2659 65.9781 8.37696 11.9678 9.51595 15.8567 48.379 9.2771 2.18047 1.78554 0.0737554 17.5316 0 0.492243 8.69737 17.2421 14.4597 
444.569 493.945 0.274507 432.304 65.9643 440.277 87.7822 177.827 552.079 6.02797 23.8141 676.002 52.7882 13.2045 5.22132 38.016 432.395 0.155397 4.40912 4.53738 60.4966 29.4932 32.8868 52.6163 0 23.8257 166.802 144.799 
75.6807 76.7417 6.07298 28.2519 22.3495 27.6951 35.913 153.861 4.42513 63.1194 83.2461 127.506 4.44846 9.59953 7.47644 0.235958 25.9538 61.75 13.2629 7.70757 62.7719 10.6959 10.0421 5.32517 38.3317 0 30.812 49.4236 
43.7739 46.1173 2.92712 21.3866 43.7041 7.93967 0.895499 53.8965 0.650977 1.02355 85.1236 26.1151 38.1877 5.67468 9.04234 0.0676437 14.0695 42.5049 9.20713 0.000142512 27.6811 1.39261 3.63588 15.0779 20.526 37.9906 0 15.4938 
26.6983 64.5949 21.7582 2.82816 41.0843 11.2522 66.445 114.602 0.0528441 57.2917 100.588 5.11599 34.6739 0.0354371 11.8457 0.44748 22.2395 24.6004 9.82783 0.499592 0.773167 8.79381 9.94887 11.3293 28.4409 49.9924 9.75347 0 
