0 606.262 104.587 393.731 233.138 492.678 230.55 2.03914 532.597 151.937 45.7088 63.2277 0.279114 7.60545 66.9555 48.1583 375.297 205.18 0.990174 235.425 143.866 8.54373 30.1142 10.483 426.369 15.5354 31.6829 60.3244 
674.51 0 46.875 666.693 45.7572 521.372 171.881 3.17789 539.592 170.901 177.023 156.514 109.686 13.6632 9.28404 53.4817 456.251 681.888 124.953 140.071 155.206 41.93 51.9449 29.3907 375.145 81.8163 51.2603 18.7535 
1.76536 428.29 0 7.23464 23.9442 0.281518 240.705 259.903 414.538 43.8437 234.399 104.864 64.7786 11.0667 33.8354 16.832 0.019527 126.232 47.6409 12.8972 126.983 3.60305 0.188513 0.0248558 12.8737 26.745 2.98213 17.5397 
376.775 443.705 30.7818 0 148.503 384.287 197.792 588.253 526.454 32.4298 120.573 150.488 0.20587 17.0913 20.3315 3.35389 413.139 86.9322 0.303368 48.0956 175.761 2.04103 2.98863 1.02465 375.204 33.0014 16.3043 32.5252 
59.9583 95.053 0.0109281 21.093 0 299.154 297.303 194.982 300.342 324.433 207.831 0.476407 129.59 5.40777 20.2394 7.68888 5.57116 73.5976 2.42981 33.7122 110.436 51.1243 34.1287 44.5518 67.6139 67.942 27.259 23.6695 
445.545 575.576 24.5185 425.315 242.667 0 1348.32 74.5275 824.591 866.092 235.328 36.121 30.4454 15.4941 37.8325 0.0321415 375.502 1.23638 59.8235 15.0064 27.3017 6.87144 2.07624 5.50094 401.781 19.4822 0.744014 22.0619 
267.829 191.284 4.67351 9.86966 3.88029 758.913 0 232.163 1302.83 169.544 247.636 22.6976 116.361 76.4411 61.675 103.774 98.765 12.9706 11.9542 86.25 128.626 17.5322 0.357856 70.7315 14.7314 95.4558 3.77828 51.4434 
293.577 256.812 49.8391 246.333 201.239 93.3893 167.696 0 651.064 209.439 0.406168 1030.16 65.5032 126.317 64.4056 157.091 87.0325 43.24 53.6817 112.467 177.823 58.6402 85.5624 7.88435 7.71399 212.172 96.6595 8.84258 
546.01 754.065 197.751 522.382 96.0052 837.742 705.109 78.5009 0 255.096 386.238 403.337 71.2181 66.7383 94.7314 2.4763 486.879 185.541 55.2847 90.7136 62.2215 68.7804 102.253 94.0868 374.949 15.815 79.5931 0.532117 
6.20547 195.684 69.9427 93.8098 4.45734 217.884 333.659 50.0511 386.096 0 81.116 47.7109 144.827 8.43317 9.2222 29.2006 50.4884 56.9057 12.532 34.5345 93.6072 57.7816 59.7695 48.0204 7.747 4.41309 41.1025 56.6062 
189.948 265.891 0.0358997 191.017 43.9619 272.222 135.972 372.441 711.895 589.74 0 514.686 210.283 83.8176 339.327 193.477 86.087 0.539105 28.2036 0.140009 136.794 16.1871 26.0592 58.9132 145.915 95.6356 52.4133 21.875 
0.299942 135.999 162.805 256.916 177.014 0.219213 238.927 903.641 0.00979782 105.288 248.962 0 151.35 82.5335 231.952 384.206 30.178 117.644 100.52 80.6837 117.9 15.4719 22.2347 17.2241 266.14 192.554 51.2482 159.745 
109.078 38.8337 18.4289 18.014 167.207 174.298 9.01231 77.5106 34.2952 231.796 238.522 109.007 0 0.624046 56.2069 0.0383976 58.7349 8.92001 7.01426 43.0752 9.35662 46.6268 2.68073 70.2753 14.8914 51.3296 34.0162 15.7257 
2.39564 56.2999 0.468081 3.29482 68.0932 12.3575 14.3549 11.6385 48.5697 82.1832 208.736 50.3068 140.298 0 9.45494 5.32919 4.05922 1.59682 9.27649 0.713732 31.6591 4.2754 8.08157 4.77352 14.5697 0.647769 9.50208 2.05138 
40.9038 87.7226 23.4074 16.9277 94.5963 1.56759 33.947 53.5884 103.618 112.368 263.514 209.23 92.515 38.3779 0 78.0774 13.0127 41.0614 4.7115 10.881 46.3467 13.0766 7.93807 26.1754 7.58013 1.76992 2.72568e-05 22.3083 
0.0598626 41.339 2.96748 4.78164 62.4113 21.251 93.6889 181.848 152.207 10.7627 195.474 432.676 21.0408 19.2542 89.1778 0 1.69609 23.0483 23.5089 0.365216 14.3761 0.190327 4.16538 15.6569 32.9823 0.056907 0.291458 0.0827185 
454.657 465.121 36.9173 378.766 80.7417 374.747 40.079 79.8421 428.345 48.4729 53.1821 68.5647 54.5178 22.0707 12.3916 2.1681 0 46.402 148.507 21.0417 41.1204 8.6968 3.1942 17.903 397.855 27.3569 5.11469 11.0964 
7.09115 373.58 83.4201 1.28301 6.5399 120.687 3.57091 10.043 218.668 64.4252 136.205 111.369 42.7868 16.6249 37.9063 61.5567 238.611 0 59.0934 0.00291004 105.056 0.124567 24.4007 0.57976 0.0684195 61.814 42.6258 28.87 
61.4941 4.15516 1.33486 58.7868 3.48118 4.79463 1.21797 115.207 151.247 6.93387 64.9849 29.4355 80.6553 27.0227 18.4601 24.9061 226.954 83.7119 0 36.5357 72.123 20.2554 2.30156 3.98919 30.6923 22.4897 0.0522924 7.7069 
59.785 5.17348 26.3367 48.1264 15.2183 7.83236 0.68548 3.50038e-06 31.3427 0.778224 76.9317 96.4096 4.34006 4.45481 0.283135 1.98509 13.5578 0.665364 26.5704 0 190.222 2.26035 3.97194 6.32564 7.62422 8.0475 7.64092 4.10194 
15.6588 176.547 126.728 164.538 79.8985 61.3102 139.104 207.561 60.8867 98.2036 0.804452 54.129 77.7122 22.1743 56.9756 0.215594 15.6964 92.0962 36.6882 288.603 0 31.8797 37.1102 2.62656 47.5401 41.2495 40.9441 23.1498 
35.6237 25.4587 11.3093 16.8285 23.7188 20.0066 15.9247 6.54114 69.3238 2.194 23.2281 1.99838 90.2236 10.6071 4.96843 0.767033 21.1995 6.21392 18.8678 2.353 23.6964 0 2.82265 12.4307 2.864 9.3661 1.32338 0.00503314 
45.6699 49.544 2.86168 18.6264 54.3332 14.7035 70.9523 37.8883 96.1385 49.973 132.379 7.31381 6.71677 7.28827 0.544334 2.12384 13.3738 41.9 22.9035 3.86231 35.6868 2.73912 0 6.9043 10.5706 4.11316 12.8508 6.98885 
34.5494 11.9751 14.9089 0.339399 5.65358 0.46416 5.23504 47.1365 41.9995 44.1748 16.9656 82.4973 65.5594 8.55066 12.5554 10.4301 15.9499 48.3934 9.13962 2.2214 1.91715 0.102738 16.7906 0 0.385 8.92271 17.3684 14.4641 
390.704 440.003 0.340009 377.502 65.793 386.079 87.3586 175.752 497.024 5.60912 25.3832 995.728 53.0016 13.0432 5.55271 31.5678 377.807 0.115316 4.54424 4.63485 60.5298 40.3047 32.8584 49.1932 0 23.9773 188.309 128.914 
75.2984 76.2613 5.78553 28.8924 22.9281 27.6507 34.7392 148.506 3.73459 63.8129 86.0672 142.901 4.7143 9.74399 7.04481 0.380023 25.8814 61.7774 13.4653 7.80175 62.8388 10.709 10.0808 5.53658 38.3304 0 30.3186 47.7762 
44.0093 45.8649 2.82861 21.2058 43.8793 7.81011 0.795652 52.9227 0.54523 0.929651 84.9569 24.9641 38.1112 5.59327 9.20487 0.0478269 14.1639 42.3977 9.0955 0.00089776 27.4379 1.44023 3.53127 15.2488 19.8727 38.0113 0 13.1269 
27.1857 64.6395 21.7004 3.01622 41.4317 11.4375 66.8219 113.276 0.107627 57.2465 101.256 4.13496 34.9295 0.0480244 12.0956 0.533901 22.3083 24.2869 9.68673 0.469906 0.691268 8.83642 9.97033 11.217 27.8768 51.5499 11.8549 0 
