0 267.049 122.771 112.509 243.815 230.878 218.313 6.41201 252.73 153.925 39.2812 73.0356 0.0505393 8.60537 65.807 51.0196 110.629 213.46 1.9181 240.63 129.342 7.96338 31.136 11.7122 158.577 17.7562 30.6531 60.6171 
331.36 0 107.218 381.842 86.0851 235.949 230.672 0.641518 242.549 157.238 163.572 147.427 114.436 15.4225 11.5118 50.6384 183.961 242.617 117.11 137.716 160.035 41.0835 52.719 27.7939 108.89 82.5051 50.7193 20.195 
0.00543572 368.635 0 12.7414 33.3959 0.00305155 230.101 269.334 451.921 37.9721 239.082 93.9736 63.0868 11.6453 34.0259 15.8197 0.0147706 134.17 45.5894 11.6224 127.189 3.82949 0.285986 0.00142048 11.8869 26.3357 2.67477 17.02 
108.214 152.494 177.543 0 142.804 121.547 192.322 928.324 230.086 28.132 108.818 131.322 0.0374968 16.4142 18.7491 4.62482 149.088 93.9297 0.0801765 47.6914 602.69 2.25055 2.61062 0.703236 110.27 34.7941 16.9668 32.2258 
74.4836 52.6685 1.13414 27.5428 0 323.915 334.309 201.097 316.989 313.765 218.148 0.0482824 122.358 4.33185 17.4683 6.35756 3.301 62.5964 9.31372 37.2474 113.341 50.3163 35.4626 45.6171 67.5715 68.6545 28.1337 24.8762 
186.688 322.905 29.21 162.739 422.063 0 1017.68 87.8424 521.344 685.707 218.624 42.6028 132.331 14.7052 38.9777 0.147761 110.587 2.56005 55.2054 15.8072 29.5495 6.35109 1.76364 5.979 136.245 20.3483 0.594839 22.2719 
267.528 251.011 12.9806 4.74067 0.000298679 462.017 0 264.265 1184.1 232.46 201.529 31.9871 104.386 73.0545 54.0078 103.729 100.78 8.02794 8.44274 84.0578 125.521 18.96 0.745021 70.1404 17.1109 93.7947 4.45097 53.2806 
284.127 244.866 33.0873 152.352 206.659 79.9171 200.354 0 621.997 203.518 3.65044 998.065 70.3035 126.313 54.2639 178.515 85.3304 37.8847 50.3208 110.47 183.804 57.6234 82.7949 11.175 3.83274 221.359 95.3945 6.23876 
293.762 502.553 266.515 287.857 74.9521 582.999 380.467 134.927 0 223.302 898.872 400.67 80.1358 60.9764 118.839 0.906845 221.421 178.477 61.0776 87.9479 55.551 69.1556 102.249 95.6175 110.528 20.1327 79.6906 1.07511 
8.99923 183.643 63.9063 96.7794 0.365422 306.773 270.434 41.1985 380.406 0 142.772 58.6659 176.613 10.9798 5.29264 33.3979 52.8594 51.7339 15.8669 32.9071 92.3175 58.588 59.1996 46.3714 6.31505 5.86409 41.8065 56.2028 
187.229 267.475 0.929754 196.179 54.3568 273.674 96.6093 374.491 645.856 555.075 0 518.472 199.098 68.7016 373.968 180.056 87.416 0.0887119 31.7046 0.011774 134.146 17.8511 21.313 53.3058 146.086 104.316 50.199 24.9612 
1.57711 126.407 169.787 251.442 178.382 1.13006 249.931 758.341 2.32312 92.2258 296.172 0 153.63 92.1464 247.561 309.981 28.3706 121.331 100.356 82.9181 123.148 17.0345 26.6642 10.9808 286.682 142.226 55.6486 153.676 
108.708 43.7691 16.2846 19.9648 163.037 173.361 14.3601 72.6933 41.4596 201.535 244.62 103.757 0 3.5618 49.2848 0.0445423 59.5412 7.42365 5.6956 42.9607 10.4313 50.778 1.31732 70.1471 16.2103 52.0661 33.5235 14.817 
3.00517 54.4805 0.694122 3.8395 67.2926 11.5096 17.3349 15.0355 41.9938 80.8038 203.031 41.7052 147.691 0 3.17828 6.92934 3.75553 2.04265 8.6988 0.785564 32.5413 4.69689 8.87062 5.47423 14.1441 0.441061 9.31047 2.31115 
43.0617 85.5179 21.8895 15.3716 94.9678 0.871284 27.5294 63.6983 119.399 118.371 311.524 188.048 86.4812 27.7416 0 86.6788 12.4145 39.2545 4.08115 11.0226 45.166 12.5786 9.68711 27.0147 8.79243 1.10108 0.0120404 22.6141 
0.327216 44.2597 3.6927 3.48987 64.0729 22.1203 90.9441 160.613 152.402 8.08026 182.326 369.369 24.3542 19.3378 83.7876 0 1.95273 21.5588 22.9168 0.272932 12.8943 0.112384 3.47 12.6313 31.8698 0.0302986 0.168408 0.00838769 
185.956 205.867 38.7369 112.12 73.8997 109.687 36.7577 77.823 159.474 50.8679 55.44 70.1274 53.4484 22.0964 12.9896 1.89832 0 30.2854 4.34189 20.2157 42.5417 9.01091 2.9725 17.6563 132.5 27.3526 4.85938 11.4766 
12.1736 374.595 73.5371 0.288728 11.1128 122.224 1.22716 7.30755 219.392 59.1372 131.491 115.286 45.5566 15.4954 39.7236 61.3471 219.493 0 52.7912 0.148621 107.519 0.0593819 23.5262 0.811833 0.187745 61.7967 42.9403 27.8893 
57.2565 1.935 0.728493 57.6977 11.2564 2.87557 2.79088 114.369 152.904 4.72315 69.1311 27.1749 79.4111 27.1695 19.452 25.4349 216.244 77.2079 0 36.5687 71.7798 19.8825 2.04521 3.66386 30.5824 21.9161 0.0241335 8.12728 
80.5313 2.55858 25.737 47.7618 17.992 8.61868 1.43739 0.17538 34.8149 0.438726 78.4283 95.9379 3.77302 4.5043 0.204826 1.78004 14.3893 0.235086 27.4268 0 140.669 2.35323 3.94239 6.34196 7.29993 7.75389 7.46626 3.88081 
23.5814 178.033 125.578 179.441 83.8193 63.1514 137.191 206.345 54.2574 98.7052 0.273776 48.7694 77.8518 21.1997 56.532 0.0565557 16.9382 95.1357 38.3328 316.334 0 31.7125 37.506 2.15957 46.2787 39.6042 41.349 24.231 
35.1493 24.3967 11.1542 16.8414 22.4524 19.818 17.3118 5.69264 69.5908 1.54164 21.4061 2.65256 90.3998 10.4507 5.48188 0.948217 21.1638 5.7188 18.4639 2.26012 24.1198 0 3.52974 12.789 2.57017 9.21004 1.47214 0.000233851 
45.2839 50.4684 2.56546 18.3964 54.818 14.9924 70.2426 34.4136 94.295 51.5163 130.87 10.15 4.46086 8.24675 0.140398 1.58768 13.095 41.437 22.8105 3.82422 36.1619 3.43892 0 9.8784 9.36723 3.7813 13.0008 6.75657 
33.0104 13.2648 15.1005 0.165546 4.88068 0.315521 4.17111 53.4103 45.3765 45.9113 20.9656 70.8013 64.1273 9.05501 14.415 13.4037 16.2392 48.4124 8.71016 2.35111 2.35981 0.224669 14.1388 0 0.452368 9.62736 17.7414 14.4614 
127.005 175.95 0.590675 110.882 65.2012 121.285 85.8999 168.503 229.292 4.38391 30.5649 474.883 53.6262 12.5194 6.6448 15.488 111.792 0.0281501 4.97977 4.9444 60.5843 69.1572 32.6303 38.0217 0 56.3813 118.679 45.8687 
73.9871 74.6561 4.91652 30.8649 24.7705 27.4682 31.1123 131.273 1.9383 65.8933 94.8963 193.258 5.59488 10.1841 5.7498 1.05027 25.6424 61.8163 14.1035 8.09455 62.9876 10.744 10.1886 6.21361 38.2126 0 28.6919 42.2432 
44.7284 45.0525 2.52814 20.6258 44.4132 7.40564 0.51988 49.8578 0.27357 0.66348 84.3578 21.4748 37.8548 5.3376 9.71677 0.00783153 14.459 42.0469 8.74644 0.00750519 26.6694 1.59441 3.20905 15.7682 17.8306 37.944 0 6.81993 
28.7224 64.7296 21.4965 3.64234 42.5079 12.0194 67.9459 108.898 0.404888 57.0488 103.215 1.72122 35.7176 0.0999441 12.8791 0.853603 22.5183 23.3032 9.24622 0.382295 0.463373 8.96754 10.03 10.8552 26.0359 55.9436 19.5286 0 
