0 101.78 140.44 6.77 252.797 132.982 204.78 13.1503 137.228 155.389 33.2249 83.2068 0.00622093 9.65475 64.5468 53.8238 10.6937 220.598 3.1435 230.586 114.711 7.39853 32.1419 12.9914 55.247 20.081 29.6148 60.8329 
157.528 0 183.42 256.248 136.108 114.77 291.188 0.0336146 111.786 143.049 149.798 138.069 118.966 17.2578 13.944 47.7555 76.1816 445.83 108.962 134.483 164.379 40.2113 53.4346 26.2057 7.27973 83.0215 50.1412 21.6652 
1.39666 292.829 0 55.7816 44.0393 0.410563 215.885 274.969 471.127 32.3211 241.153 83.0852 61.2702 12.2059 34.0651 14.7826 0.146411 141.336 43.4491 10.3665 126.704 4.05977 0.403133 0.00677729 10.9112 25.8464 2.38154 16.4816 
15.4157 30.8104 272.992 0 136.357 23.5774 185.136 696.774 99.7634 24.036 96.9707 112.126 0.00443929 15.7167 17.173 6.07182 49.5023 100.723 0.000231718 46.9894 759.926 2.46867 2.25441 0.440833 9.97538 36.4773 17.6216 31.8643 
89.945 21.7805 4.08089 34.6614 0 366.857 367.095 206.534 330.961 299.056 227.557 0.0630255 114.864 3.36814 14.858 5.14206 1.61243 52.1827 20.4482 40.8434 116.07 49.4635 36.7793 46.6438 67.4434 69.2661 29.0037 26.0895 
92.2107 232.001 33.9867 64.4063 419.545 0 1374.6 101.478 368.65 484.324 199.757 49.4136 297.244 13.8938 39.9427 0.346826 10.3015 4.34716 50.4753 16.591 31.8302 5.84219 1.4737 6.46688 35.1674 21.1837 0.461902 22.4541 
265.174 311.385 25.1292 1.44649 4.01635 175.776 0 294.854 930.282 296.784 156.941 42.6388 92.4734 69.4978 46.5476 103.315 102.612 4.23428 5.51217 81.6506 122.178 20.4193 1.2707 69.4263 19.6257 91.8695 5.17412 55.0677 
272.599 231.633 19.3848 110.307 211.359 66.8941 233.137 0 577.163 196.716 10.0843 903.094 75.1201 125.824 44.6505 198.497 83.541 32.7948 46.9868 108.162 189.203 56.5605 79.8671 14.9804 1.27933 228.204 93.9614 4.06986 
205.396 410.725 332.755 217.329 55.8749 473.915 125.331 202.027 0 190.654 1479.38 393.993 89.2362 55.3895 158.102 0.107947 120.294 170.91 66.968 85.0105 49.1045 69.4599 101.987 96.9383 11.0027 24.8771 79.6948 1.80444 
12.2742 170.691 57.7929 99.4043 0.821526 395.811 206.191 33.0288 369.364 0 215.553 70.3769 208.004 13.8062 2.41637 37.7113 55.1943 46.6773 19.5314 31.2635 90.9088 59.2857 58.4929 44.6526 5.01655 7.50183 42.4762 55.7182 
183.936 267.603 4.4632 200.068 65.5434 271.507 62.5459 373.288 537.119 502.798 0 513.638 187.021 54.4154 397.292 165.123 88.6554 0.0192865 35.3413 0.0247315 131.274 19.5718 16.9614 47.785 145.663 112.758 47.9656 28.1887 
3.84643 116.703 175.754 243.305 179.315 2.74073 259.609 581.372 8.65356 79.5275 342.154 0 155.549 101.642 259.843 229.088 26.5928 124.859 100.066 85.0116 128.211 18.65 31.3823 6.07109 311.206 95.6528 60.0744 146.822 
108.155 48.8723 14.2369 21.9769 158.284 159.111 20.8444 67.8825 49.1196 169.965 249.265 98.3891 0 8.82025 42.5044 0.381459 60.294 6.05518 4.50535 42.8029 11.555 54.8821 0.429127 69.8143 17.5617 52.7289 33.0128 13.9224 
3.67928 52.5906 0.962303 4.41713 66.375 10.6584 20.5304 18.8021 35.7241 79.0754 195.22 33.6588 152.924 0 0.19141 8.6163 3.46133 2.5409 8.13129 0.860141 33.4046 5.12305 9.40712 6.17001 13.6857 0.272848 9.11139 2.58255 
45.1929 83.1074 20.3285 13.8435 95.0858 0.375169 21.6367 74.2066 135.108 123.493 352.381 165.328 80.0819 17.4904 0 89.6896 11.8207 37.4344 3.49113 11.1529 43.9458 12.065 11.4983 27.6273 10.0581 0.58589 0.0504429 22.8707 
0.807531 47.1714 4.48216 2.38597 65.6356 22.9373 87.9209 138.469 151.817 5.75003 167.614 293.013 27.8071 19.1156 73.1931 0 2.22587 20.0926 22.3093 0.193738 11.4732 0.0547118 2.81516 9.69198 30.5981 0.34314 0.0786877 0.0109403 
81.6583 110.958 40.5031 10.0816 67.0824 9.26048 33.5094 75.7349 55.1343 53.2337 57.6807 71.64 52.3375 22.1078 13.5909 1.64514 0 17.2792 224.99 19.3817 43.948 9.32647 2.75735 17.4022 31.6442 27.3293 4.60884 11.8576 
18.5307 362.435 63.7732 0.0035233 16.8183 123.292 0.104277 4.99091 219.312 53.9248 126.572 119.065 48.3475 14.3896 41.5261 61.0606 198.301 0 46.658 0.513462 109.833 0.0180513 22.6502 1.08213 0.36579 61.7079 43.2328 26.9054 
53.0247 0.547902 0.302913 56.4879 23.2237 1.43297 4.99128 113.342 154.112 2.92215 73.2585 24.9722 78.0406 27.2894 20.4434 25.943 205.167 70.6889 0 36.5497 71.3643 19.5004 1.80262 3.34999 30.4493 21.3309 0.00672154 8.55395 
102.54 0.845217 25.0348 47.0987 20.9403 9.42153 2.45902 0.702908 38.3788 0.195357 79.81 95.2721 3.24212 4.55022 0.138981 1.58376 15.2273 0.0235337 28.2572 0 93.3893 2.44688 3.91024 6.35256 6.97481 7.4558 7.28929 3.66274 
32.9194 178.91 123.756 181.297 87.6739 64.9031 134.987 204.383 47.8598 99.07 0.0222148 43.5791 77.9247 20.2277 56.0211 0.000123964 18.2114 98.0661 39.9734 330.728 0 31.5325 37.8755 1.73628 44.9776 37.935 41.7297 25.3146 
34.6559 23.3371 10.9916 16.8425 21.1982 19.6012 18.7345 4.89799 69.786 1.00168 19.6315 3.39561 90.1925 10.2636 6.00882 1.14682 21.1187 5.24114 18.0527 2.1681 24.5369 0 4.29032 13.1085 2.32703 9.04736 1.62775 0.00162879 
44.8527 51.3397 2.28146 18.1398 55.2398 15.2575 69.4001 31.023 92.2326 52.9591 128.807 13.4039 2.6464 8.99174 9.26691e-05 1.11964 12.8126 40.9455 22.7013 3.7837 36.6127 4.19338 0 12.9001 8.20051 3.45554 13.1318 6.52025 
31.4594 14.602 15.2654 0.0532184 4.15956 0.195086 3.22131 59.8254 48.7753 47.58 25.3001 59.4749 62.5258 9.48938 16.2685 16.4308 16.5225 48.3919 8.28522 2.48232 2.8458 0.392684 11.1749 0 1.13047 10.3228 18.077 14.4338 
27.8876 76.3121 0.908316 8.89726 64.5298 21.0069 84.254 160.231 125.714 3.30081 36.0923 294.137 54.1799 11.9718 7.80691 10.3898 10.3022 1.60166e-05 5.43125 5.2583 60.5638 73.1796 32.1954 27.432 0 99.7149 50.2808 44.0804 
72.5147 72.9118 4.10384 32.7624 26.6451 27.2211 27.5973 113.722 0.721023 67.8139 103.593 244.044 6.54156 10.601 4.55876 2.03886 25.3867 61.7837 14.7438 8.38198 63.0433 10.7696 10.2748 6.90604 37.9239 0 26.9629 36.3294 
45.4151 44.2119 2.24213 20.0295 44.9217 7.0058 0.302173 46.7944 0.0944806 0.441568 83.6457 18.195 37.5749 5.08258 10.2293 0.00174578 14.7518 41.675 8.40042 0.0205257 25.8953 1.75528 2.89761 16.2594 15.8327 37.6768 0 2.45794 
30.2638 64.7435 21.2597 4.31961 43.5586 12.5999 68.9751 104.23 0.891101 56.7672 104.948 0.34397 36.4817 0.170478 13.6574 1.24447 22.7182 22.323 8.81064 0.303437 0.280567 9.09433 10.0779 10.4809 24.111 59.4564 28.5242 0 
