0 184.065 151.921 128.308 257.876 253.027 194.915 19.0465 245.639 156.08 29.3282 90.3044 0.0817547 10.397 63.6259 55.6952 129.839 224.766 4.14635 212.897 104.783 7.02272 32.8177 13.8904 171.931 21.7198 28.9028 60.9356 
231.628 0 239.73 355.315 174.406 219.447 331.793 0.729816 211.189 133.18 140.297 131.569 121.915 18.5492 15.7124 45.7746 189.881 414.223 103.273 131.797 167.048 39.6027 53.888 25.1299 125.236 83.2737 49.7262 22.6822 
4.13448 236.596 0 100.73 51.8737 1.07799 204.368 276.545 472.902 28.628 241.041 75.7373 59.9645 12.5761 34.0048 14.0651 0.314074 145.725 41.9456 9.52676 125.979 4.2188 0.494096 0.0269312 10.2549 25.4685 2.19006 16.1045 
145.505 138.361 261.538 0 131.572 144.066 179.322 863.132 199.479 21.3758 88.9216 99.2361 0.0595714 15.2309 16.1072 7.15166 168.732 105.204 0.0280641 46.3446 811.381 2.62215 2.02464 0.296406 128.822 37.5544 18.0629 31.5828 
100.901 8.19407 7.10754 39.8539 0 401.884 386.415 209.831 338.813 286.912 233.401 0.327062 109.634 2.77725 13.1777 4.38205 0.801572 45.4749 30.3096 43.3193 117.824 48.8573 37.6657 47.3206 67.3072 69.6242 29.5938 26.9196 
214.84 355.454 37.2421 184.347 442.111 0 1214.46 110.845 445.757 818.222 185.906 54.2151 39.4643 13.3302 40.4924 0.529795 129.15 5.82438 47.2132 17.1137 33.4 5.50261 1.28954 6.80434 153.38 21.7337 0.380674 22.5621 
262.409 351.28 35.4049 0.285852 11.2187 50.7706 0 314.441 711.95 339.335 128.236 50.6146 84.4603 66.9878 41.6258 102.822 103.751 2.32769 3.85964 79.8931 119.77 21.4302 1.70747 68.8701 21.4117 90.4111 5.69535 56.2546 
263.64 221.962 11.9987 111.161 214.131 58.383 255.131 0 538.771 191.608 16.2447 808.338 78.403 125.215 38.4671 210.988 82.2733 29.4898 44.7347 106.417 192.531 55.8106 77.7864 17.8535 0.319168 231.446 92.8908 2.84866 
331.867 532.379 373.587 355.546 44.1933 576.152 25.7945 252.041 0 168.382 997.886 387.208 95.5085 51.6963 152.783 0.00947597 238.401 165.49 71.0231 82.9168 44.8571 69.6264 101.66 97.7151 130.52 28.3369 79.6443 2.40713 
14.7716 161.436 53.6166 100.986 3.73884 448.41 163.917 27.8908 358.923 0 268.979 78.725 228.587 15.8809 1.08526 40.6984 56.7617 43.3094 22.2058 30.1364 89.8821 59.6977 57.9342 43.4443 4.21079 8.72069 42.9125 55.3418 
181.373 266.853 8.34776 201.963 73.5652 267.98 42.9964 370.611 430.658 458.876 0 505.471 178.352 45.3124 405.875 154.249 89.4476 0.190621 37.891 0.114509 129.193 20.7753 14.2396 44.092 145.035 118.326 46.4346 30.4624 
5.9527 110.061 179.197 236.321 179.698 4.23287 265.385 454.286 15.2108 71.1545 372.013 0 156.647 107.982 266.115 174.558 25.3996 127.166 99.7965 86.3537 131.543 19.7799 34.7457 3.52928 302.767 67.6223 63.0947 141.742 
107.675 52.4337 12.901 23.3803 154.728 143.033 25.8781 64.6165 54.5957 148.283 251.567 94.676 0 13.6553 38.0104 0.799553 60.7756 5.19752 3.76955 42.6705 12.3483 57.6352 0.101185 69.4711 18.5 53.1375 32.6546 13.3214 
4.17492 51.2651 1.16857 4.82855 65.684 10.0789 22.8213 21.5676 31.6571 77.7049 188.772 28.5463 155.167 0 0.239718 9.78898 3.26635 2.91012 7.75074 0.912502 33.9816 5.41495 9.61021 6.63504 13.3557 0.180793 8.97159 2.77382 
46.6263 81.353 19.2465 12.8227 95.0205 0.154252 17.9565 81.5256 145.623 126.434 374.712 149.305 75.5539 11.35 0 88.2981 11.4188 36.1883 3.11271 11.2352 43.0929 11.7069 12.7495 27.9094 10.9468 0.325665 0.0917074 23.0168 
1.25587 49.1444 5.05428 1.74707 66.6415 23.4619 85.7111 123.186 150.974 4.37434 156.858 237.647 30.2278 18.792 63.6884 0 2.42139 19.1085 21.8868 0.147361 10.5416 0.0271279 2.39684 7.8022 29.649 0.74803 0.036793 0.0567822 
197.651 233.285 41.6723 127.725 62.4758 128.015 31.3433 74.2745 171.168 54.8259 59.1961 72.6413 51.5573 22.1074 14.0024 1.48223 0 10.3806 169.608 18.8096 44.8967 9.54232 2.6145 17.2247 150.032 27.3025 4.44085 12.1175 
23.5578 337.454 57.2577 0.217314 21.3271 123.746 0.0452921 3.65749 218.797 50.4283 123.112 121.556 50.2585 13.6506 42.7441 60.8216 182.957 0 42.5963 0.88701 111.321 0.00357619 22.0528 1.2881 0.520672 61.6064 43.4195 26.2333 
50.1544 0.0872208 0.11779 55.5965 33.6065 0.731075 6.84228 112.536 154.676 1.9358 76.053 23.5063 77.0358 27.3555 21.1177 26.2772 198.023 66.2608 0 36.5071 71.0398 19.2349 1.64528 3.14274 30.3455 20.9259 0.00102073 8.84816 
117.822 0.205853 24.5003 46.4797 23.0415 9.97651 3.30718 1.26292 40.8522 0.0849741 80.684 94.7081 2.90138 4.57943 0.101311 1.45524 15.8013 0.00528718 28.8074 0 64.6276 2.51114 3.88686 6.3565 6.75301 7.25039 7.16742 3.51598 
40.0295 179.156 122.137 170.739 90.2565 66.0428 133.323 202.625 43.6498 99.2397 0.0112698 40.15 77.9361 19.5671 55.6348 0.0205799 19.0962 99.9966 41.088 332.188 0 31.4024 38.1121 1.4732 44.0694 36.7856 41.9751 26.0538 
34.3089 22.6171 10.8765 16.8365 20.3515 19.4376 19.723 4.38785 69.8778 0.699044 18.451 3.95214 89.832 10.1189 6.37471 1.29183 21.0825 4.92571 17.7684 2.1059 24.8173 0 4.83448 13.3032 2.19044 8.93277 1.73767 0.00613074 
44.5333 51.9022 2.0953 17.9499 55.4907 15.4241 68.7512 28.7685 90.7064 53.8817 127.091 15.8494 1.67268 9.35275 0.0573095 0.843063 12.6182 40.5943 22.6176 3.7547 36.9058 4.73408 0 14.8564 7.43285 3.23771 13.2101 6.3571 
30.3975 15.5391 15.3622 0.0121905 3.69838 0.129336 2.64097 64.2514 51.0972 48.6752 28.4304 52.0576 61.3415 9.74131 17.5121 18.459 16.712 48.3552 7.99837 2.57252 3.20146 0.533102 9.10285 0 1.93444 10.7892 18.2835 14.4006 
147.504 195.478 1.1625 126.595 64.0273 139.796 83.0284 154.064 242.055 2.64638 40.0362 547.903 54.5159 11.5864 8.63488 14.2436 128.272 0.0147157 5.7479 5.47448 60.5067 58.867 31.7842 21.2917 0 107.36 115.796 101.468 
71.4218 71.6467 3.58473 34.0046 27.939 27.0162 25.2759 101.775 0.228209 69.0261 109.396 277.216 7.22359 10.8706 3.81288 2.88519 25.2031 61.7204 15.1811 8.57447 63.0278 10.7817 10.321 7.38444 37.6311 0 25.7348 32.1896 
45.8641 43.6234 2.05576 19.6141 45.2535 6.73616 0.187258 44.7124 0.0256755 0.315874 83.0964 16.0878 37.3707 4.90934 10.5784 0.0170521 14.9499 41.4097 8.16642 0.0330733 25.3646 1.86867 2.69192 16.5768 14.5155 37.3814 0 0.712837 
31.3153 64.7092 21.0797 4.80929 44.2593 12.9941 69.6207 100.896 1.32996 56.5276 105.996 0.00823308 36.9882 0.229122 14.1832 1.55046 22.8486 21.6574 8.51676 0.254756 0.181965 9.17821 10.1036 10.2192 22.7632 61.2789 35.1912 0 
