0 454.604 177.174 482.071 266.533 580.32 168.873 37.7846 545.954 156.712 20.6045 108.171 0.63359 12.3149 61.152 60.1385 456.665 232.465 7.18237 144.003 80.9233 6.12937 34.4451 16.1925 492.205 25.924 27.137 61.0345 
475.857 0 371.228 626.526 276.569 511.9 422.754 6.2579 495.283 108.627 116.823 115.286 128.656 21.8572 20.4243 40.8654 503.059 450.218 88.9602 123.619 172.555 38.0564 54.8833 22.5101 448.984 83.5462 48.6324 25.234 
16.789 104.603 0 223.062 72.6927 4.02473 170.957 272.476 438.19 20.209 235.515 58.1974 56.5316 13.4415 33.5566 12.2766 0.994805 154.624 38.1131 7.53568 122.858 4.61725 0.755939 0.133567 8.67738 24.3909 1.74818 15.1442 
517.622 449.256 329.587 0 118.618 474.132 162.178 815.222 484.955 15.3417 69.5223 69.0472 0.463954 14.0043 13.5312 10.1014 495.235 115.591 0.381508 44.2057 670.521 3.01661 1.50545 0.0617331 454.724 39.9365 19.1301 30.7713 
128.801 2.69457 17.8942 53.6256 0 453.449 421.337 216.462 351.904 250.749 245.639 1.85363 96.4557 1.55604 9.40647 2.75469 0.000973545 30.5205 61.4929 49.4621 121.759 47.2806 39.8055 48.9041 66.8025 70.3001 31.0358 28.9711 
549.299 686.047 45.0486 512.05 198.897 0 123.171 133.692 658.728 732.477 149.532 66.4649 180.326 11.9155 41.4553 1.14098 455.045 10.3261 39.1591 18.3548 37.3037 4.69378 0.884201 7.64993 477.385 23.0137 0.21342 22.7717 
251.717 438.501 66.473 1.24359 43.5036 116.367 0 356.739 199.374 431.007 66.6379 72.4362 65.3831 60.5588 30.2481 100.89 106.169 0.042699 1.02437 75.1894 113.418 23.9713 3.0508 67.2649 26.0373 86.3381 7.07538 59.061 
238.211 196.274 1.22024 105.772 219.409 39.11 306.305 0 423.989 177.535 37.2203 512.769 86.452 122.771 24.7758 236.684 78.9909 21.9638 39.2775 101.554 199.437 53.8774 72.3964 25.8201 0.694839 234.291 89.939 0.755902 
674.512 854.705 448.383 723.752 20.6814 828.939 105.428 381.251 0 115.482 1035.66 363.207 111.047 43.0505 46.5054 1.31397 561.894 151.347 81.0788 77.4711 34.9743 69.8943 100.348 99.1914 458.567 37.554 79.3348 4.25149 
21.7904 137.573 43.4428 104.124 19.6629 513.593 73.6316 16.8737 324.098 0 401.704 100.256 274.085 21.4482 0.0527455 48.1355 60.5256 35.3372 29.3474 27.3468 87.1293 60.4879 56.2987 40.3559 2.51063 12.0585 43.9158 54.2578 
174.002 262.135 22.7462 203.937 94.4462 252.514 9.72176 357.746 162.969 332.148 0 469.429 155.816 25.7061 400.145 125.856 91.2129 1.36813 44.3889 0.615444 123.663 23.8381 8.45285 35.3222 142.33 131.211 42.6447 36.2906 
13.0223 93.7502 185.38 214.63 179.765 9.23426 276.555 172.168 38.6928 51.8051 437.305 0 158.604 122.89 273.729 61.0333 22.528 132.492 98.8875 89.351 139.299 22.6557 43.4642 0.178141 195.212 17.1496 70.5004 127.995 
106.136 61.4393 9.83556 26.9335 144.956 97.6489 40.2173 56.6533 68.8332 96.8514 254.165 85.3902 0 29.3986 27.5699 2.47229 61.8513 3.35053 2.22548 42.2594 14.3945 64.1942 0.264196 68.2282 20.8639 53.9916 31.7381 11.8728 
5.51821 47.8844 1.75473 5.89879 63.7609 8.66349 28.8092 29.0026 22.4736 73.6994 169.453 17.4503 155.91 0 7.4038 12.6383 2.80573 3.92057 6.8367 1.04659 35.361 6.13368 9.51264 7.72233 12.487 0.0339926 8.61358 3.2652 
50.0775 76.6721 16.5477 10.3994 94.3557 0.0227025 10.19 99.7839 170.217 131.622 406.076 109.515 64.0153 1.41221 0 73.8281 10.4396 33.1088 2.26521 11.4147 40.9225 10.8014 15.8054 28.1205 13.2051 0.00769154 0.245389 23.2751 
2.77243 53.9382 6.56912 0.58624 68.9035 24.6328 79.7976 86.3254 147.385 1.75986 128.635 108.983 36.3659 17.4337 36.6116 0 2.93484 16.7421 20.819 0.0598013 8.38215 3.88555e-05 1.48237 3.79494 27.0695 2.38098 0.00074152 0.321508 
516.128 567.024 44.416 450.634 51.3769 453.69 26.197 70.5563 489.979 58.6635 62.8796 75.0003 49.5589 22.0778 15.0199 1.11484 0 0.771024 391.413 17.3912 47.1973 10.0765 2.27607 16.773 474.547 27.1987 4.03664 12.7587 
38.1546 228.236 41.9877 2.15036 34.4333 123.908 2.34642 1.24302 215.942 42.0645 114.26 127.373 54.983 11.8847 45.6989 60.0826 143.391 0 33.0938 2.23433 114.663 0.0154102 20.5814 1.87023 1.01774 61.215 43.8351 24.5748 
43.1748 0.643924 0.0284135 53.1815 65.8648 5.66399e-05 12.5717 110.187 155.152 0.362773 82.8415 20.0267 74.3259 27.4644 22.7697 27.0563 182.642 55.5035 0 36.2992 70.0993 18.5635 1.28583 2.65594 30.0444 19.9081 0.0083656 9.58427 
154.492 0.484915 23.0039 44.4003 28.5006 11.3632 5.90816 3.32707 47.0638 0.00641155 82.5943 92.9437 2.13694 4.64409 0.0336766 1.15787 17.2218 0.396949 30.1034 0 13.7763 2.67081 3.82421 6.3548 6.20706 6.73792 6.86316 3.16149 
59.805 178.539 116.901 114.918 96.4376 68.6511 128.684 196.875 33.8735 99.3832 0.540584 32.125 77.8311 17.9502 54.5534 0.274999 21.3319 104.504 43.816 306.902 0 31.0568 38.6412 0.914417 41.7635 33.923 42.5301 27.8744 
33.4178 20.8532 10.5788 16.7985 18.2979 18.9808 22.2171 3.24234 69.9602 0.183409 15.652 5.49339 88.1942 9.70573 7.29534 1.68125 20.9746 4.18458 17.0544 1.95449 25.4949 0 6.24213 13.6986 1.95459 8.63807 2.02151 0.0295243 
43.6596 53.1759 1.66402 17.4321 55.9809 15.7846 66.9008 23.4427 86.551 55.9314 121.839 22.6034 0.215963 9.66674 0.722417 0.321302 12.133 39.6745 22.3795 3.67858 37.578 6.13587 0 18.7938 5.66413 2.7181 13.3637 5.94896 
27.7725 17.9298 15.5457 0.0347563 2.66992 0.0245635 1.44898 75.221 56.805 51.2134 36.679 35.2066 58.1231 10.195 20.4391 23.0584 17.1662 48.1866 7.30202 2.79702 4.16092 0.965916 4.38267 0 5.02419 11.9014 18.7125 14.2696 
475.184 521.726 1.91564 449.7 62.6366 465.324 79.6658 137.316 560.904 1.33302 50.2663 618.185 55.1978 10.6014 10.7794 39.8813 451.812 0.168276 6.55786 6.01358 60.2171 7.07185 30.3947 12.2146 0 40.0421 131.352 111.699 
68.4349 68.28 2.43621 36.8543 31.1711 26.3876 19.8543 73.2538 0.193264 71.6562 123.055 347.052 9.02584 11.4791 2.22807 5.51062 24.7184 61.4227 16.2594 9.03562 62.8042 10.793 10.3909 8.57498 36.5889 0 22.5772 22.0991 
46.9028 42.121 1.62694 18.563 46.0185 6.08295 0.0206935 39.6253 0.0411487 0.0953281 81.5258 11.3743 36.8217 4.48542 11.4351 0.122038 15.4329 40.7149 7.59644 0.0767023 24.0483 2.16075 2.20969 17.2946 11.5145 36.2712 0 0.906638 
33.9024 64.4733 20.5735 6.10775 45.9292 13.9578 71.0132 92.2323 2.77899 55.7736 108.104 1.27976 38.1842 0.409759 15.4554 2.43517 23.1496 20.0282 7.80369 0.152558 0.0295475 9.3759 10.1431 9.55393 19.3759 63.5869 52.4091 0 
