0 126.032 195.113 202.266 269.396 251.734 143.579 59.6617 195.335 155.938 13.8065 124.733 1.59524 14.176 58.6429 63.9596 129.882 236.135 10.6458 87.4008 60.4461 5.35294 35.8842 18.4009 158.853 29.9514 25.5076 60.9311 
119.192 0 452.608 245.65 369.399 156.923 485.757 15.9615 138.639 86.4943 95.6981 100.247 134.11 25.0271 25.142 36.3704 163.65 20.5718 75.7321 114.371 176.196 36.584 55.6388 20.1585 119.215 83.3562 47.5428 27.6212 
35.0329 22.0539 0 285.472 92.9025 8.23795 136.246 259.06 363.999 13.5232 224.124 43.2656 53.1423 14.1673 32.7778 10.6352 1.94856 160.139 34.4806 5.83989 118.384 4.98999 1.04182 0.302147 7.29466 23.2317 1.38205 14.2296 
249.022 124.68 378.168 0 105.579 150.111 143.553 845.961 130.994 10.5496 52.7699 44.5816 1.16904 12.8514 11.2623 13.1103 167.496 124.106 1.06003 41.6065 663.178 3.39784 1.09112 0.000588404 126.859 41.7411 20.0789 29.8847 
154.697 32.8251 31.5431 67.1592 0 405.118 435.191 220.579 355.618 211.694 253.918 4.33875 84.1964 0.738668 6.44775 1.58111 0.778969 19.0758 96.8775 55.0811 124.856 45.7356 41.7036 50.2451 66.13 70.6571 32.3402 30.8547 
228.132 353.853 51.6344 184.647 751.552 0 441.857 153.646 231.688 201.841 115.209 78.018 609.223 10.6008 41.8303 1.89559 127.166 15.4691 31.9221 19.4235 40.9036 3.99124 0.575812 8.43812 147.383 24.0821 0.10178 22.8917 
237.372 495.99 100.077 6.85685 88.9553 515.987 0 386.031 0.0657905 487.657 25.7345 94.656 49.1529 54.4393 21.0101 98.2435 107.878 1.01405 0.0172928 70.4588 107.121 26.3536 4.60836 65.5084 30.5221 82.0468 8.45655 61.4715 
211.47 171.033 1.17601 25.9215 222.225 24.1589 346.982 0 305.634 163.024 63.0085 239.215 93.7217 119.384 14.5093 252.465 75.7955 15.9062 34.4211 96.4407 204.053 52.004 67.1726 34.106 4.45883 230.356 86.8578 0.0128739 
359.051 510.578 473.332 424.968 6.56662 405.273 519.49 493.769 0 72.318 1614.45 333.019 125.167 35.7776 53.5003 4.42269 231.109 137.583 90.2712 72.1664 26.7495 69.96 98.519 99.9837 133.263 46.7311 78.8202 6.38109 
29.222 115.025 34.4789 106.005 44.322 459.368 18.9521 9.02775 282.727 0 507.155 120.732 306.128 27.0303 1.94859 54.922 63.8315 28.5135 36.4933 24.7902 84.3389 60.9249 54.4883 37.4078 1.32333 15.5031 44.7424 53.073 
166.005 254.311 41.3695 202.324 114.584 230.665 0.0131406 338.535 78.4759 209.946 0 418.856 134.202 12.067 362.49 99.065 92.5907 3.386 50.5695 1.42297 118.12 26.7556 4.39148 27.8187 138.438 141.704 39.1643 41.8681 
21.7438 79.0947 188.015 190.048 178.723 15.3961 282.706 20.2882 68.4781 36.0909 482.73 0 159.445 135.287 270.51 5.36194 19.9908 136.892 97.7493 91.6892 145.773 25.3959 51.872 0.848297 144.487 0.0470504 77.1732 114.165 
104.289 69.8946 7.33441 30.288 134.874 74.32 55.468 49.5181 82.6079 55.7651 252.638 76.7855 0 47.6721 19.0572 4.78705 62.6946 2.00025 1.15621 41.7771 16.3803 69.8235 1.62642 66.6039 23.0857 54.5785 30.8568 10.5896 
6.89688 44.6627 2.38409 6.94284 61.7335 7.39701 34.6536 36.4925 15.2718 69.306 148.258 9.43303 150.59 0 20.925 15.0294 2.40909 4.96997 6.0312 1.17555 36.5685 6.78401 8.69698 8.60881 11.6299 0.00142016 8.26947 3.73826 
53.1175 71.9788 14.077 8.32109 93.1207 0.421491 4.87311 116.333 190.221 133.636 401.698 74.9207 53.2546 0.824036 0 50.8613 9.55838 30.288 1.59867 11.5496 38.8553 9.94835 18.4517 27.7023 15.3296 0.127297 0.450881 23.3825 
4.66486 58.2081 8.06926 0.0622917 70.6915 25.5405 73.8652 55.6036 142.272 0.379312 101.841 26.5821 42.123 15.572 14.185 0 3.44427 14.656 19.8096 0.0134714 6.58546 0.0266663 0.814497 1.25189 24.4717 4.60754 0.0521978 0.751236 
181.026 245.302 46.7358 120.016 41.6765 125.623 21.7549 67.0124 155.464 62.0528 66.1805 77.0206 47.6373 22.0149 15.9553 0.821536 0 1.66881 323.48 16.0853 49.2528 10.5686 1.98312 16.3414 145.113 27.0565 3.67863 13.3466 
53.9782 142.464 29.3894 5.64935 48.6903 122.854 7.47492 0.143224 211.378 34.7914 105.804 132.269 59.3121 10.3404 48.3361 59.2196 106.985 0 25.1456 3.99309 117.304 0.0858942 19.2365 2.4962 1.61688 60.6803 44.1597 23.0546 
36.9587 3.26319 0.407362 50.7123 101.913 0.595123 19.2024 107.594 154.44 0.0157561 88.8939 17.0173 71.5633 27.4958 24.265 27.7127 169.525 45.9822 0 35.9806 69.063 17.9277 0.992496 2.24054 29.7122 18.9528 0.0419537 10.2721 
184.115 3.05466 21.4309 41.8499 33.7996 12.6471 8.90613 6.05509 52.8513 0.17755 84.03 90.8684 1.53271 4.69402 0.00352902 0.910874 18.5263 1.30017 31.211 0 0.228373 2.81875 3.76058 6.33892 5.70925 6.26234 6.57957 2.84623 
80.2237 176.446 110.644 73.3586 101.836 70.7754 123.792 189.902 25.7628 99.1692 1.72049 25.3678 77.5684 16.4855 53.4037 0.762851 23.4448 108.298 46.2853 252.609 0 30.7085 39.0577 0.516133 39.5732 31.2741 42.9758 29.5373 
32.5571 19.2531 10.2886 16.7345 16.4626 18.4969 24.5672 2.33558 69.8553 0.00275057 13.2355 7.11366 85.7792 9.2606 8.1567 2.07622 20.8522 3.55132 16.3843 1.81819 26.0985 0 7.58186 13.9505 1.86317 8.35314 2.29757 0.0663814 
42.7526 54.1977 1.30544 16.8971 56.2674 16.0498 64.9014 18.8954 82.2836 57.513 115.823 29.6119 0.089959 9.20714 1.9601 0.0569743 11.6807 38.7645 22.1217 3.60307 38.1299 7.47368 0 20.6905 4.23383 2.26724 13.4548 5.56864 
25.3684 20.2142 15.6438 0.210388 1.866 0.000903771 0.662288 85.179 61.9747 53.3203 44.7962 22.0509 54.8297 10.3867 22.8544 26.4079 17.5661 47.9339 6.67815 3.00507 5.14169 1.46626 1.28338 0 9.07639 12.8602 19.0022 14.0886 
148.799 193.634 2.75861 119.345 61.176 136.835 76.1812 120.47 225.548 0.514603 60.1343 212.34 55.6368 9.66368 12.8461 57.914 121.551 0.455896 7.33602 6.51402 59.7659 12.905 28.6906 12.5807 0 20.4842 88.2246 34.4216 
65.3523 64.9059 1.56016 39.1564 34.1739 25.6617 15.3176 49.458 1.63968 73.5931 134.492 387.765 10.8217 11.9602 1.12348 8.48934 24.2348 60.9729 17.2465 9.43993 62.3678 10.7798 10.3991 9.66559 35.2552 0 19.5796 13.6853 
47.7676 40.6817 1.27343 17.5683 46.6528 5.49973 0.0148347 35.0482 0.287525 0.00572165 79.8201 7.69837 36.2617 4.10179 12.2127 0.302045 15.8689 40.0275 7.08278 0.132587 22.8325 2.44388 1.80089 17.8661 9.2092 34.7964 0 6.63241 
36.2586 64.0679 20.0333 7.4043 47.3845 14.8275 72.0334 83.8351 4.55925 54.8808 109.422 5.04431 39.2123 0.619736 16.5827 3.39932 23.3997 18.5516 7.1649 0.0813928 0.00388598 9.54557 10.1492 8.92243 16.2732 62.8297 67.5691 0 
