0 27.1018 201.758 115.061 268.954 133.713 130.741 72.0122 67.4916 155.068 10.8798 132.954 2.23701 15.138 57.3109 65.76 13.5671 236.708 12.6057 73.1627 50.9569 4.98146 36.5812 19.5336 39.077 32.0094 24.6927 60.8098 
6.35163 0 470.774 102.99 411.543 28.3081 507.159 22.3814 11.3374 75.832 85.4749 92.7888 136.548 26.6495 27.6203 34.1452 41.0589 60.5871 69.1914 109.217 177.486 35.8312 55.9581 19.0077 1.36184 83.1034 46.969 28.8257 
46.13 3.14859 0 283.03 103.091 10.8217 118.36 249.148 316.202 10.6181 216.341 36.3826 51.3756 14.5022 32.2616 9.82451 2.53991 161.875 32.6414 5.05148 115.607 5.17828 1.20033 0.41134 6.63267 22.597 1.21391 13.763 
164.779 15.4331 263.348 0 98.7752 35.0525 133.476 415.385 5.6943 8.45428 44.9555 33.9481 1.63947 12.2696 10.1745 14.6979 50.4697 127.929 1.52409 40.1038 658.517 3.59483 0.907496 0.0258056 9.91985 42.4927 20.5401 29.3934 
167.426 59.4747 39.5101 74.1142 0 356.183 435.105 221.901 354.415 190.887 256.922 5.96113 78.088 0.44184 5.16301 1.11335 1.70823 14.2754 116.183 57.8557 126.21 44.931 42.6248 50.8722 65.72 70.7399 32.9837 31.7931 
114.061 231.683 54.6098 67.496 846.301 0 772.832 162.995 72.8792 19.3657 98.4237 83.8219 559.589 9.94439 41.8312 2.3387 10.2202 18.372 28.4262 19.9282 42.698 3.65619 0.445501 8.83425 29.2436 24.5737 0.06122 22.9254 
228.74 514.103 117.819 11.2912 116.134 717.148 0 396.63 46.6052 503.057 12.1285 106.335 41.6559 51.3361 16.9155 96.6214 108.543 2.59837 0.0956767 67.9681 103.828 27.5572 5.49867 64.5338 32.8322 79.7235 9.18574 62.6104 
197.212 158.08 4.72761 5.09143 222.885 17.8679 364.216 0 246.747 155.308 77.9077 129.63 97.2872 117.3 10.3203 257.155 74.1396 13.2095 32.0625 93.6763 205.713 51.0351 64.4839 38.5396 7.53244 226.09 85.1935 0.0701766 
247.119 381.104 468.025 318.172 2.426 235.719 775.386 543.006 0 53.6678 844.038 315.458 132.082 32.4144 93.2843 6.64057 112.469 130.504 94.8082 69.4265 22.9828 69.9279 97.388 100.174 17.8048 51.5148 78.4811 7.59597 
33.251 103.782 30.2153 106.573 59.759 392.542 4.69443 5.98374 259.565 0 548.096 131.033 317.689 29.9502 3.8984 58.2493 65.421 25.3104 40.237 23.5211 82.8559 61.0382 53.4792 35.9042 0.868707 17.346 45.1202 52.4153 
161.606 249.208 52.3129 200.299 124.834 217.423 3.00793 326.52 84.0671 153.372 0 388.541 123.277 7.06069 333.742 85.8939 93.1892 4.72455 53.7155 1.94949 115.2 28.2452 2.84044 24.3109 136.01 146.372 37.4324 44.7163 
26.8466 71.9736 188.206 176.493 177.809 18.9985 284.24 0.00039912 85.8716 29.1206 498.986 0 159.518 140.888 265.272 0.261552 18.7622 138.903 97.0735 92.7012 148.751 26.7959 56.1677 2.5283 159.72 3.09094 80.4342 106.946 
103.214 74.1514 6.20648 31.9878 129.497 73.6693 63.7006 46.0392 89.6586 38.6364 250.478 72.4899 0 57.7483 15.2805 6.21025 63.0628 1.45275 0.750173 41.4991 17.4085 72.4581 2.73308 65.6255 24.2097 54.7994 30.4029 9.96719 
7.63513 43.0199 2.72873 7.48328 60.6319 6.78196 37.6675 40.43 12.1715 66.8837 136.774 6.29291 145.882 0 29.0191 16.0839 2.22074 5.53644 5.64206 1.24194 37.149 7.10242 8.06309 8.99887 11.1839 0.0221147 8.09252 3.9814 
54.5815 69.5109 12.862 7.34575 92.2838 0.805004 2.91998 124.348 198.985 133.622 387.566 59.1447 47.9308 3.76744 0 38.1652 9.12549 28.887 1.30702 11.6059 37.7995 9.51702 19.6732 27.2779 16.3969 0.334481 0.576307 23.389 
5.7827 60.2785 8.84974 8.58913e-05 71.4757 25.9295 70.7523 42.0914 139.101 0.067079 88.6104 5.60481 45.0083 14.4644 6.24159 0 3.7119 13.6488 19.2963 0.00267696 5.75909 0.0584348 0.550344 0.479204 23.1191 5.94757 0.108194 1.03098 
60.3471 131.015 47.8143 1.71162 37.0647 8.59029 19.6506 65.2014 35.1721 63.6893 67.7948 77.9748 46.649 21.9708 16.4219 0.691124 0 5.62192 225.184 15.434 50.2569 10.8148 1.84334 16.1201 27.2929 26.9687 3.50466 13.6397 
62.6121 125.725 23.7504 7.9931 56.4994 121.901 11.0833 9.19802e-05 208.422 31.3333 101.49 134.542 61.4629 9.59893 49.621 58.7237 89.5377 0 21.4995 5.05293 118.462 0.14249 18.5682 2.84109 1.9667 60.3509 44.3012 22.2976 
33.9469 5.31218 0.760977 49.3966 121.416 1.34406 22.967 106.148 153.674 0.239587 91.8342 15.5857 70.0917 27.4868 25.0014 28.0184 161.951 41.4075 0 35.7762 68.4846 17.6037 0.859437 2.04471 29.5265 18.4693 0.0683661 10.6195 
196.533 5.14743 20.5838 40.3689 36.5266 13.2879 10.6103 7.7055 55.7513 0.350152 84.6293 89.674 1.26688 4.7155 7.37775e-06 0.797347 19.1757 1.9437 31.7324 0 6.64159 2.89304 3.72665 6.32586 5.46255 6.02382 6.43662 2.69277 
91.0162 174.861 107.047 69.7526 104.418 71.7336 121.136 185.848 22.0584 98.9384 2.55638 22.2361 77.3775 15.7628 52.7749 1.09687 24.5195 110.06 47.5025 217.763 0 30.5236 39.2404 0.358997 38.4567 29.9492 43.1752 30.3628 
32.1125 18.4627 10.138 16.6921 15.5666 18.2331 25.7587 1.93594 69.738 0.0183784 12.088 7.99398 84.2597 9.01658 8.59016 2.28603 20.7828 3.25239 16.045 1.75115 26.3931 0 8.2549 14.0351 1.86144 8.206 2.44076 0.0902961 
42.263 54.6533 1.14061 16.6097 56.3513 16.158 63.8002 16.7645 80.0051 58.1893 112.426 33.3625 0.464905 8.72582 2.78512 0.00542971 11.4526 38.2873 21.9791 3.56339 38.3816 8.14704 0 20.8795 3.60158 2.05289 13.4821 5.37727 
24.1744 21.3831 15.6672 0.35328 1.51621 0.0152401 0.382116 90.0459 64.514 54.2856 49.0005 16.4778 53.0771 10.3985 23.9304 27.6526 17.7595 47.7727 6.3726 3.10944 5.66625 1.75074 0.394258 0 11.4544 13.3115 19.1084 13.9767 
32.5451 76.3906 3.23116 1.20308 60.3829 19.4902 74.3094 111.707 104.538 0.247958 65.1747 1019.39 55.7879 9.18718 13.9017 57.0507 3.34349 0.65192 7.73635 6.7652 59.4746 37.241 27.7039 15.4168 0 52.427 178.831 91.0732 
63.7009 63.129 1.19097 40.1778 35.6799 25.2479 13.2303 38.8478 2.88564 74.3802 139.707 397.46 11.7656 12.1703 0.707067 10.1356 23.9797 60.6854 17.7373 9.63427 62.0675 10.7649 10.3832 10.2036 34.4649 0 18.0707 10.0287 
48.1665 39.9427 1.11179 17.0625 46.9447 5.21501 0.0648169 32.8078 0.493696 0.00167824 78.8765 6.11154 35.9624 3.9127 12.5964 0.421573 16.0838 39.6668 6.82991 0.166155 22.2237 2.59043 1.6098 18.1182 8.27125 33.9072 0 11.2999 
37.4245 63.7981 19.7375 8.08586 48.0817 15.2549 72.4479 79.5251 5.6054 54.3646 109.855 7.82741 39.6994 0.740031 17.1273 3.93081 23.515 17.8224 6.85202 0.0540751 0.0321996 9.62594 10.1413 8.60114 14.7585 61.4273 74.3298 0 
