0 37.7186 203.39 127.406 268.587 136.419 126.965 75.7986 67.4746 154.751 10.0813 135.356 2.44594 15.4247 56.9098 66.2743 16.8764 236.715 13.2098 70.9788 48.2792 4.87437 36.7832 19.8698 41.3475 32.619 24.4532 60.7653 
13.0217 0 472.875 98.7808 423.101 28.268 512.01 24.4588 11.9492 72.7672 82.5249 90.61 137.227 27.1307 28.3624 33.495 42.5322 687.707 67.285 107.642 177.797 35.6079 56.0444 18.6728 4.21341 83.0092 46.7966 29.181 
49.6047 0.821568 0 277.764 106.073 11.6358 113.107 245.859 301.262 9.82362 213.806 34.4439 50.8479 14.5969 32.0942 9.58809 2.72802 162.252 32.0991 4.82801 114.725 5.23386 1.24886 0.446567 6.44209 22.4038 1.1664 13.6248 
177.627 21.5386 227.612 0 96.748 38.7116 130.438 387.754 6.98446 7.87815 42.742 31.054 1.79259 12.098 9.86139 15.1735 53.5405 128.993 1.67617 39.6384 163.272 3.65356 0.856547 0.0402949 13.0349 42.6937 20.674 29.2431 
171.118 68.6236 41.9798 76.1728 0 341.185 434.181 222.196 353.674 184.676 257.657 6.4856 76.3004 0.368893 4.81068 0.9911 2.04925 12.9875 121.995 58.6653 126.582 44.6905 42.8918 51.051 65.5902 70.752 33.1718 32.0685 
117.954 232.883 55.4368 70.4916 274.672 0 563.926 165.646 65.0934 318.74 93.5912 85.5258 531.126 9.75192 41.8077 2.47706 13.3337 19.265 27.4182 20.0726 43.2243 3.55985 0.410262 8.95087 31.9899 24.7125 0.0512385 22.932 
226.031 517.94 123.083 12.7923 124.575 766.1 0 399.196 78.7156 505.793 9.06538 109.825 39.5405 50.4207 15.7842 96.1078 108.715 3.20206 0.192659 67.2214 102.843 27.9123 5.77424 64.2354 33.519 79.0194 9.40491 62.9366 
192.935 154.25 6.21629 6.23278 222.983 16.181 368.832 0 229.867 152.989 82.5135 102.798 98.3252 116.64 9.21573 258.107 73.6457 12.4603 31.3786 92.8389 206.118 50.7464 63.6851 39.8757 8.58272 224.553 84.6891 0.141484 
251.546 380.006 464.209 323.657 1.59013 223.264 848.837 556.249 0 48.6234 1692.25 310.022 134.09 31.4628 101.66 7.37462 115.054 128.403 96.1317 68.6112 21.9217 69.9102 97.0285 100.204 21.3797 52.9419 78.371 7.97166 
34.4723 100.5 28.9952 106.692 64.6432 369.11 2.30605 5.20395 252.518 0 558.252 134.057 320.465 30.822 4.59535 59.2156 65.8796 24.3971 41.3562 23.1496 82.4089 61.058 53.1698 35.4589 0.752936 17.9021 45.2267 52.2139 
160.265 247.562 55.7099 199.551 127.858 213.276 4.88118 322.705 86.6701 137.817 0 379.106 120.064 5.83369 324.246 82.0867 93.3537 5.15931 54.6463 2.1197 114.323 28.6868 2.44692 23.3137 135.238 147.665 36.9247 45.5602 
28.4362 69.9118 188.118 172.383 177.491 20.1205 284.493 1.69752 91.2625 27.1932 502.872 0 159.495 142.45 263.287 1.80461 18.4062 139.469 96.8614 92.9784 149.592 27.211 57.4388 3.19049 165.469 5.45942 81.3816 104.795 
102.879 75.4039 5.89102 32.4899 127.879 74.6666 66.1872 45.0291 91.7461 34.1154 249.668 71.2301 0 60.7929 14.2371 6.66129 63.1642 1.30812 0.647269 41.4127 17.7151 73.2072 3.11115 65.3173 24.5415 54.855 30.2679 9.78667 
7.85828 42.5334 2.83366 7.64426 60.2973 6.60382 38.563 41.6087 11.327 66.1452 133.315 5.48518 144.253 0 31.4527 16.3718 2.16663 5.70819 5.52947 1.2617 37.3166 7.19499 7.85244 9.10595 11.0508 0.0328851 8.0399 4.05366 
55.0043 68.7714 12.5086 7.06776 92.0104 0.940731 2.43824 126.659 201.383 133.488 381.984 54.7587 46.3812 5.01354 0 34.4875 8.99927 28.4768 1.22665 11.6211 37.4864 9.38975 20.0162 27.1264 16.7104 0.413894 0.616037 23.3849 
6.1326 60.878 9.08245 0.0072905 71.6921 26.0354 69.8211 38.4048 138.094 0.0237034 84.7787 2.36543 45.8553 14.1204 4.47155 0 3.79219 13.3574 19.1444 0.0010765 5.52552 0.0701078 0.482016 0.320133 22.7169 6.36711 0.128483 1.12126 
62.3491 134.854 48.1206 4.42767 35.7434 11.6788 19.0474 64.6644 37.2994 64.1626 68.2646 78.2482 46.3551 21.9562 16.5589 0.654845 0 7.21926 398.85 15.2429 50.5489 10.8871 1.80311 16.0543 30.1373 26.9408 3.45412 13.7258 
65.23 123.847 22.1865 8.75503 58.8727 121.567 12.2727 0.00977154 207.47 30.3411 100.212 135.188 62.093 9.38492 49.994 58.5698 84.5619 0 20.4726 5.38698 118.782 0.161836 18.3723 2.94651 2.07594 60.2463 44.3402 22.0755 
33.0752 6.00635 0.885607 49 127.269 1.6208 24.1276 105.704 153.397 0.355716 92.6863 15.1746 69.6479 27.4811 25.2164 28.1054 159.465 40.0901 0 35.7104 68.307 17.5077 0.822052 1.98869 29.4695 18.3264 0.0773514 10.722 
199.816 5.86239 20.3277 39.9096 37.3366 13.4758 11.1362 8.22613 56.6032 0.411896 84.7903 89.3034 1.19334 4.72137 0.000438801 0.76526 19.3661 2.15695 31.8815 0 10.1709 2.91493 3.71641 6.32138 5.39034 5.95367 6.39446 2.64819 
94.2455 174.328 105.935 70.9069 105.161 72.0017 120.329 184.587 21.0163 98.8549 2.83303 21.3484 77.3139 15.5517 52.5833 1.20642 24.8375 110.56 47.858 206.906 0 30.4679 39.2909 0.318169 38.1259 29.56 43.2308 30.6047 
31.98 18.2317 10.093 16.6783 15.306 18.1528 26.1108 1.82536 69.6953 0.0364272 11.7586 8.26153 83.7748 8.9423 8.71779 2.3492 20.7613 3.16676 15.9446 1.73158 26.4789 0 8.45212 14.0547 1.86641 8.16214 2.48351 0.0980223 
42.1146 54.7801 1.09404 16.5227 56.3684 16.1866 63.464 16.1571 79.3181 58.3733 111.382 34.4932 0.630369 8.55556 3.05194 0.000629995 11.3854 38.1443 21.9354 3.55148 38.4525 8.34448 0 20.8343 3.42705 1.99136 13.4878 5.32089 
23.8247 21.7298 15.6708 0.40222 1.42003 0.0227731 0.314201 91.4577 65.2538 54.5578 50.2515 14.9778 52.5492 10.3912 24.2277 27.9569 17.8155 47.7209 6.28362 3.14015 5.82473 1.83853 0.228063 0 12.1906 13.4403 19.1347 13.9412 
35.8545 79.3924 3.37633 3.97052 60.142 22.4744 73.7435 109.102 106.418 0.187787 66.6654 450.54 55.8236 9.0464 14.2139 55.3558 6.07721 0.716187 7.85548 6.83913 59.3807 45.0185 27.3984 16.4928 0 63.5354 190.824 111.548 
63.202 62.596 1.09143 40.4606 36.1228 25.1201 12.6411 35.9213 3.31742 74.5881 141.17 398.854 12.0487 12.228 0.602423 10.6356 23.903 60.593 17.8812 9.69037 61.9689 10.7594 10.3759 10.3604 34.218 0 17.6275 9.04058 
48.2796 39.723 1.06621 16.9127 47.0273 5.13223 0.0862216 32.156 0.564798 0.00566334 78.5878 5.67777 35.8719 3.85748 12.7085 0.460429 16.1466 39.5585 6.75607 0.17674 22.0446 2.63414 1.55536 18.1879 8.02674 33.6275 0 12.8759 
37.7656 63.7104 19.6474 8.29019 48.2827 15.3796 72.5575 78.2474 5.93244 54.2041 109.953 8.75654 39.8391 0.777312 17.2847 4.09295 23.5477 17.6092 6.76087 0.0470947 0.0457411 9.64899 10.1376 8.50608 14.3201 60.8901 76.1714 0 
