0 340.053 209.394 426.031 264.951 382.379 107.491 96.465 300.58 152.666 6.39968 147.664 3.67815 16.9404 54.761 68.8304 266.708 235.57 16.5457 70.6537 35.2803 4.33394 37.8102 21.6395 285.637 35.8142 23.2098 60.4698 
296.634 0 459.576 312.034 475.443 262.868 526.024 36.5726 251.817 57.4666 67.6888 79.4333 140.463 29.6575 32.3101 30.1523 282.922 152.85 57.5504 99.0756 178.906 34.4332 56.4377 16.9597 251.633 82.3743 45.8751 31.0339 
68.9428 12.9544 0 221.618 121.32 16.2212 86.3452 226.275 220.536 6.15502 198.984 25.0601 48.0511 15.0603 31.1139 8.37816 3.80754 163.22 29.2756 3.73269 109.688 5.52416 1.51479 0.652201 5.48392 21.3551 0.933738 12.8997 
476.126 290.767 149.752 0 86.0852 290.195 114.257 807.94 251.019 5.19052 31.9313 17.8813 2.69535 11.2052 8.28832 17.6953 301.921 134.061 2.57936 37.0618 770.412 3.96424 0.614462 0.167257 261.779 43.5881 21.3558 28.4201 
189.775 124.457 55.6177 86.9079 0 273.927 422.9 223.025 347.023 152.153 260.373 9.55179 67.1055 0.0953232 3.17121 0.469083 4.31206 7.23017 152.729 62.8149 128.33 43.4128 44.251 51.9379 64.8484 70.7258 34.1403 33.4945 
370.236 469.043 59.3395 318.197 885.13 0 1176.94 178.589 269.677 528.124 69.5623 94.3232 112.626 8.75861 41.5124 3.25301 262.074 24.1782 22.3577 20.7918 45.9443 3.07555 0.249979 9.55696 278.707 25.391 0.0136218 22.9416 
210.819 526.483 150.289 21.9651 170.923 903.775 0 408.333 356.321 506.468 0.291882 128.253 29.2674 45.6562 10.471 93.1788 109.425 7.33247 1.23614 63.2468 97.6121 29.7656 7.30491 62.6001 37.1349 75.2167 10.578 64.5654 
170.255 134.31 17.0907 65.4682 222.791 8.68353 389.218 0 147.741 140.63 107.882 11.7516 103.633 112.868 4.4458 259.86 71.03 8.89579 27.9003 88.3194 207.597 49.2182 59.4826 47.0273 15.0753 214.596 81.9616 0.909824 
505.896 603.271 428.82 580.005 0.0809723 393.604 1167.99 614.14 0 26.0126 1601.9 280.067 144.303 26.8043 87.7271 11.7683 360.833 117.382 102.913 64.3131 16.7627 69.7581 94.9679 100.166 272.687 60.4754 77.7241 10.0572 
41.0668 83.7365 22.9362 106.958 92.2043 232.964 3.4574 2.01453 214.709 0 595.441 149.632 330.057 35.4312 9.09222 64.1267 68.1974 19.8703 47.2889 21.2336 80.0109 61.0628 51.4723 33.1272 0.283508 20.887 45.7466 51.1092 
152.966 237.994 74.4765 194.58 143.571 190.158 21.6946 300.989 88.4861 67.7082 0 327.103 103.482 1.31735 268.963 63.0105 94.1224 7.71637 59.516 3.11615 109.645 31.0054 0.868766 18.4006 130.805 153.763 34.3 49.9798 
37.3149 59.4729 186.613 150.338 175.48 26.3833 284.343 65.5425 121.02 18.133 516.197 0 159.053 149.891 249.876 31.5074 16.5966 142.227 95.6622 94.267 153.702 29.3915 64.0757 7.83472 169.624 28.1089 86.2083 93.4729 
101.004 81.9056 4.37357 35.1105 119.222 84.4762 79.5127 39.8836 102.654 14.8233 244.207 64.7201 0 76.9653 9.34439 9.23444 63.6407 0.67722 0.233923 40.9302 19.3394 76.8974 5.45251 63.5701 26.274 55.0761 29.5543 8.86753 
9.06061 39.9843 3.40394 8.4946 58.4823 5.7007 43.2694 47.8656 7.4529 62.1319 114.93 2.16178 134.137 0 43.7273 17.682 1.89499 6.63801 4.95784 1.36597 38.1648 7.66665 6.6159 9.60143 10.3467 0.123017 7.76238 4.43419 
57.1416 64.837 10.708 5.69221 90.3921 1.81106 0.627428 138.247 212.419 131.845 343.559 34.1603 38.4992 13.8643 0 17.0833 8.35118 26.3585 0.848728 11.6894 35.8424 8.72654 21.6623 26.1522 18.3314 0.959878 0.843138 23.3198 
8.10125 63.9192 10.311 0.231274 72.7104 26.5216 64.879 21.6206 132.344 0.153942 65.524 7.74975 50.2259 12.2272 0.00565865 0 4.22118 11.88 18.3484 0.00430369 4.38236 0.147763 0.197999 0.00905927 20.6076 8.71199 0.261767 1.64776 
305.225 386.939 49.6286 251.122 29.1548 260.296 16.0346 61.843 280.906 66.5604 70.6677 79.6143 44.8042 21.8685 17.2691 0.481658 0 18.5845 319.736 14.2531 52.0425 11.2633 1.60031 15.7074 277.396 26.7802 3.19628 14.1719 
79.3394 123.704 14.8072 13.2301 71.7036 119.448 19.3626 0.439151 201.931 25.3791 93.521 138.368 65.3465 8.30354 51.8969 57.7121 60.1985 0 15.483 7.28228 120.288 0.28219 17.3593 3.52343 2.68915 59.6459 44.5232 20.9252 
28.6592 10.2678 1.68238 46.8727 158.08 3.46397 30.527 103.265 151.584 1.3258 97.0178 13.1103 67.265 27.4281 26.3202 28.5359 143.978 33.4705 0 35.3274 67.3294 17.0033 0.640641 1.70878 29.1551 17.5794 0.13298 11.2578 
213.85 10.283 18.9526 37.3613 41.5928 14.447 14.045 11.1823 61.0149 0.812801 85.5138 87.239 0.845646 4.74861 0.0134324 0.608274 20.3511 3.43868 32.6239 0 39.6526 3.02893 3.66128 6.29332 5.01787 5.58921 6.17434 2.42071 
111.315 171.075 99.7809 86.4807 108.902 73.2936 115.962 177.551 15.96 98.3066 4.49489 16.9863 76.9284 14.4651 51.5396 1.85799 26.5052 113.028 49.6862 148.573 0 30.1683 39.5291 0.145361 36.3906 27.542 43.4977 31.8544 
31.2787 17.0411 9.85418 16.5971 13.974 17.7161 27.952 1.30144 69.4135 0.228608 10.1074 9.71433 80.9855 8.53854 9.38106 2.68788 20.6422 2.73861 15.4197 1.63096 26.9174 0 9.46583 14.1169 1.93147 7.93023 2.71025 0.143252 
41.3111 55.3863 0.866215 16.0534 56.4017 16.3123 61.6285 13.1497 75.6305 59.2183 105.64 40.5521 1.89068 7.48953 4.60092 0.0517153 11.034 37.3809 21.696 3.48787 38.798 9.36065 0 19.8766 2.60874 1.68331 13.5004 5.02741 
22.02 23.5526 15.6656 0.706722 0.969694 0.0861816 0.0678954 98.622 69.0377 55.8841 56.8368 8.26234 49.7242 10.2752 25.6196 29.0521 18.1002 47.4198 5.82747 3.29986 6.67879 2.32371 0.0953816 0 16.2319 14.0783 19.2346 13.7371 
285.559 327.379 4.17475 250.959 58.834 270.458 70.6956 95.4548 348.478 0.00942453 74.4469 178.13 55.945 8.31177 15.8444 38.1294 252.785 1.09804 8.48421 7.22351 58.8324 73.0269 25.7093 23.0621 0 97.9896 92.7991 139.868 
60.5193 59.753 0.641773 41.7955 38.4226 24.4113 9.76635 22.2996 6.03025 75.4929 148.209 395.234 13.5589 12.4978 0.191986 13.323 23.4927 60.0555 18.6254 9.97397 61.3814 10.7232 10.3196 11.1625 32.8343 0 15.3408 4.63637 
48.8351 38.5648 0.843806 16.1285 47.4325 4.70887 0.246528 28.8256 1.01093 0.0642836 77.0064 3.66984 35.3842 3.57354 13.2848 0.689182 16.4701 38.9808 6.37616 0.236922 21.1136 2.86573 1.2856 18.517 7.00911 32.0483 0 22.3503 
39.5223 63.1926 19.1565 9.37901 49.2974 16.019 73.0365 71.5517 7.77115 53.3072 110.248 14.3672 40.5391 0.984711 18.0817 4.97585 23.7083 16.511 6.29353 0.0185509 0.154314 9.76459 10.1084 8.00845 12.1096 57.2366 84.433 0 
