0 532.117 210.843 607.526 261.815 534.888 97.2131 108.158 447.125 151.243 4.7515 154.131 4.44159 17.7725 53.5623 70.12 421.804 234.137 18.4712 74.0722 28.9864 4.05455 38.3462 22.6051 437.658 37.547 22.5424 60.2663 
480.313 0 436.276 449.688 497.31 411.399 525.56 43.9526 404.428 49.7452 60.1042 73.5499 141.997 31.0318 34.4891 28.3847 433.028 79.4502 52.4645 94.2387 179.147 33.7922 56.6105 16.0584 405.412 81.9329 45.3616 32.0337 
80.0423 35.6812 0 177.058 129.25 18.9028 72.6204 214.2 177.243 4.51493 189.972 20.5334 46.5128 15.2887 30.5126 7.74311 4.45752 163.048 27.7592 3.19242 106.681 5.68124 1.66711 0.778279 4.9924 20.7617 0.818654 12.5059 
655.65 459.34 168.064 0 80.3027 446.049 105.38 1067.2 406.293 3.96393 26.6451 12.1858 3.25438 10.725 7.48299 19.0785 456.091 136.449 3.14234 35.5769 533.06 4.13519 0.50022 0.271283 416.236 43.9621 21.7126 27.9495 
199.351 159.228 63.4231 92.6648 0 250.207 412.474 222.984 341.544 134.788 261.058 11.4334 62.2496 0.0218371 2.42493 0.26751 5.8641 4.80447 169.324 64.9994 129.137 42.7069 44.9612 52.3852 64.4032 70.6496 34.6548 34.2574 
526.232 615.01 61.1383 471.805 956.582 0 1259.51 184.904 410.141 332.264 57.5982 98.9908 551.833 8.23094 41.2341 3.70846 416.533 26.998 19.7769 21.156 47.3943 2.82691 0.179813 9.88245 432.001 25.725 0.00332215 22.9296 
201.922 523.033 164.516 27.7946 197.018 886.043 0 410.258 557.457 497.445 0.631942 138.296 24.28 43.0989 8.02717 91.4295 109.681 10.2305 2.16949 61.0508 94.7277 30.7665 8.19502 61.6636 39.1072 73.0785 11.2322 65.3938 
157.862 123.648 25.0134 117.132 222.199 5.57055 397.509 0 108.92 133.805 122.38 0.0732231 106.421 110.614 2.57512 258.569 69.5909 7.21265 26.0856 85.7805 207.958 48.3777 57.1932 50.9985 19.2557 207.944 80.4238 1.59777 
662.5 741.735 400.024 735.174 1.24694 509.645 1269.64 636.67 0 16.56 1220.89 262.97 149.615 24.5093 48.382 14.5199 513.553 111.408 106.48 61.9653 14.244 69.6344 93.7288 100.012 428.637 64.59 77.3244 11.2687 
44.7717 75.0036 19.8951 106.855 108.29 159.833 13.4391 0.908345 193.898 0 603.795 157.858 331.751 37.9512 12.0933 66.6769 69.3955 17.5956 50.5476 20.2154 78.67 60.997 50.4996 31.8635 0.123577 22.5539 46.0024 50.4757 
148.826 232.175 85.2082 191.172 151.968 176.837 35.4477 288.116 86.4308 39.0492 0 297.638 94.7046 0.212541 236.347 53.3857 94.4759 9.29514 62.1519 3.72877 107.048 32.2671 0.348553 15.9567 128.143 156.589 32.9001 52.3756 
42.4952 54.0754 185.08 138.165 174.152 30.0357 283.248 135.01 138.038 13.9563 518.451 0 158.59 153.393 240.646 61.3812 15.652 143.577 94.9506 94.8529 155.724 30.579 67.6518 11.1441 142.789 46.9564 88.7293 87.3281 
99.9025 85.3855 3.64425 36.5256 114.418 89.6464 86.9105 37.1948 108.537 7.59592 240.421 61.2544 0 85.741 7.1016 10.7715 63.8616 0.422311 0.0964901 40.6477 20.2338 78.7315 6.96503 62.5323 27.21 55.1473 29.1625 8.38688 
9.73621 38.6015 3.72706 8.96039 57.4552 5.23227 45.8274 51.3069 5.73808 59.8634 104.891 0.995612 127.652 0 49.5887 18.2441 1.75556 7.16359 4.66011 1.42316 38.6046 7.91299 5.87823 9.8227 9.96063 0.195055 7.61038 4.642 
58.2473 62.6639 9.76966 5.00301 89.3873 2.39087 0.141567 144.136 217.292 130.314 317.227 24.8072 34.4129 19.9133 0 9.67521 8.00842 25.2307 0.673374 11.7189 34.9472 8.36928 22.4414 25.5035 19.1936 1.34428 0.979468 23.2543 
9.26146 65.4989 10.9824 0.480587 73.1833 26.7377 62.1614 14.4057 128.91 0.470715 55.7692 25.7815 52.5459 11.1555 1.06199 0 4.45981 11.1119 17.9161 0.0140595 3.81772 0.201271 0.0959198 0.203529 19.4696 10.0716 0.352672 1.96971 
456.475 542.89 50.3794 404.496 25.8214 414.693 14.5017 60.3062 432.604 67.8049 71.9322 80.3108 43.9546 21.8132 17.6495 0.399197 0 26.7219 235.608 13.7238 52.8282 11.4655 1.49567 15.5174 431.002 26.6832 3.06093 14.411 
87.2227 120.527 11.3922 15.9814 78.9084 118.046 23.7833 0.932852 198.554 22.8529 89.8952 139.955 67.0793 7.74362 52.8936 57.2108 48.3488 0 13.0529 8.40979 120.988 0.360658 16.8182 3.85371 3.0506 59.284 44.608 20.3098 
26.37 13.0008 2.21315 45.6852 174.624 4.73053 34.2081 101.864 150.351 2.10022 99.2745 12.0521 65.9323 27.3837 26.9041 28.7522 133.588 30.0831 0 35.0931 66.7663 16.7285 0.552061 1.56619 28.9737 17.1748 0.169101 11.5479 
219.115 13.1318 18.1855 35.8895 43.9071 14.9642 15.7262 12.9412 63.3703 1.08367 85.8238 86.0349 0.68272 4.76098 0.0278868 0.530721 20.8769 4.24669 33.0003 0 62.3329 3.09041 3.6303 6.27495 4.81966 5.39357 6.05536 2.30133 
120.618 168.997 96.2339 95.2985 110.824 73.9165 113.495 173.447 13.4997 97.9327 5.54275 14.8217 76.683 13.8885 50.9455 2.26496 27.4116 114.26 50.6552 117.61 0 30.0003 39.6404 0.0799323 35.4471 26.4616 43.6258 32.521 
30.8929 16.4086 9.72238 16.5468 13.2738 17.4682 28.949 1.05527 69.2205 0.400157 9.26249 10.5381 79.3055 8.30992 9.73698 2.87696 20.5728 2.52005 15.1349 1.5776 27.1486 0 9.99892 14.1229 1.99312 7.80278 2.83535 0.171096 
40.8569 55.6752 0.753765 15.7893 56.3811 16.3636 60.5821 11.64 73.5713 59.5944 102.349 43.9234 2.84223 6.81278 5.53625 0.131751 10.8439 36.9568 21.5585 3.45248 38.9678 9.89589 0 18.8886 2.23308 1.52612 13.4953 4.86937 
21.0595 24.5459 15.6462 0.904965 0.762112 0.137088 0.00977886 102.336 71.0262 56.5346 60.4218 5.43458 48.1522 10.1591 26.2541 29.2891 18.2489 47.2357 5.5867 3.38576 7.15877 2.60374 0.532893 0 18.5184 14.3984 19.2628 13.6141 
440.499 481.312 4.63352 404.511 58.0927 424.452 68.9861 88.0997 499.17 0.00706946 78.6357 226.818 55.9656 7.91582 16.7229 25.724 406.112 1.33668 8.829 7.43017 58.4962 72.1378 24.738 26.7196 0 87.1549 45.9027 89.9619 
59.0171 58.1773 0.447768 42.4162 39.6564 24.0005 8.3557 16.1746 7.80854 75.856 151.579 385.847 14.397 12.6212 0.065231 14.8123 23.2638 59.7269 19.023 10.1208 61.0138 10.6983 10.2765 11.5832 32.0258 0 14.1298 2.8275 
49.1116 37.9306 0.734329 15.7029 47.6338 4.48616 0.366796 27.0773 1.30379 0.122134 76.1009 2.76428 35.1097 3.42307 13.5901 0.830635 16.642 38.6593 6.17459 0.272898 20.613 2.99331 1.1499 18.6706 6.65233 31.1167 0 28.182 
40.4552 62.8717 18.8773 9.98209 49.822 16.3566 73.2307 67.9261 8.85484 52.782 110.258 17.907 40.8972 1.10559 18.4946 5.47692 23.7884 15.9273 6.04669 0.00858422 0.239229 9.82379 10.0856 7.73877 10.9769 54.7182 87.8362 0 
