0 616.774 211.048 677.388 258.185 578.282 87.8738 119.286 485.612 149.738 3.4358 160.01 5.21195 18.5542 52.4253 71.2599 467.907 232.301 20.3355 76.1234 23.6274 3.80253 38.8329 23.5085 480.856 39.1597 21.9245 60.0498 
558.538 0 405.694 481.346 513.088 452.504 520.088 51.3 450.05 42.9516 53.3521 68.1912 143.287 32.3145 36.5407 26.7671 474.572 135.567 47.8622 89.6352 179.149 33.1921 56.7462 15.2361 450.283 81.4613 44.8745 32.9626 
90.6275 65.7983 0 132.199 136.365 21.5015 60.5234 202.186 138.842 3.21118 181.047 16.6883 45.0676 15.487 29.9107 7.1659 5.10259 162.454 26.3577 2.72392 103.719 5.82744 1.81405 0.904769 4.55232 20.1946 0.71828 12.1385 
722.539 519.563 165.185 0 74.9399 492.764 97.1091 1083.41 454.613 2.96773 22.1049 7.83303 3.81824 10.2805 6.76366 20.3723 501.247 138.443 3.712 34.1451 139.065 4.29608 0.404387 0.390031 461.713 44.2404 22.037 27.496 
207.879 193.624 70.8918 97.9629 0 235.347 400.228 222.639 335.313 118.972 261.203 13.321 57.8174 2.09529e-06 1.81944 0.130573 7.50908 2.987 184.533 66.9905 129.8 42.0408 45.6063 52.7811 63.9617 70.5401 35.1278 34.9619 
572.897 651.627 62.6013 516.314 849.658 0 1097.16 190.31 449.297 97.4321 47.248 103.262 434.535 7.74694 40.9021 4.15371 462.016 29.7155 17.4839 21.4789 48.7292 2.60395 0.124889 10.1837 476.356 26.0147 7.83242e-06 22.9079 
193.28 514.835 177.235 33.7158 221.531 815.68 0 410.14 753.684 483.405 4.12979 147.642 20.0179 40.7377 6.0329 89.7029 109.839 13.3302 3.26579 58.9823 92.0126 31.6965 9.06122 60.7602 40.9504 71.0422 11.8531 66.1316 
146.329 113.857 33.5647 159.713 221.346 3.28319 403.422 0 77.2481 127.391 136.255 13.711 108.961 108.389 1.28802 255.983 68.2371 5.80172 24.4397 83.3637 208.018 47.5869 55.0562 54.7452 23.5401 201.025 78.9552 2.40636 
709.411 771.109 368.235 779.159 3.5626 523.228 1306.54 651.577 0 9.6198 967.665 246.64 154.41 22.5196 14.2426 17.3045 557.334 105.855 109.731 59.7695 12.0746 69.4936 92.4999 99.7848 475.568 68.4312 76.9214 12.4474 
48.2968 67.1376 17.2263 106.605 123.808 99.5985 28.3263 0.26967 174.566 0 603.907 165.351 331.11 40.3051 15.2204 68.9749 70.475 15.5911 53.6027 19.2798 77.3956 60.893 49.5616 30.6876 0.0336343 24.1344 46.2246 49.8641 
144.863 226.381 95.4594 187.571 159.686 164.08 50.9477 275.524 96.0619 19.1038 0 269.804 86.6982 0.0315603 205.259 44.9567 94.7658 10.8844 64.6034 4.34451 104.593 33.4456 0.0743116 13.8225 125.509 158.911 31.6104 54.6049 
47.5352 49.2216 183.214 126.794 172.768 33.5874 281.601 217.672 154.309 10.5412 517.414 0 158.022 156.305 230.94 96.4515 14.7944 144.746 94.2493 95.3282 157.478 31.6886 70.9609 14.7008 104.062 68.0946 91.0151 81.6252 
98.8248 88.5952 3.02373 37.8396 109.884 92.0023 93.8791 34.7546 113.982 2.99577 236.396 58.0688 0 93.8072 5.27892 12.2883 64.0442 0.239084 0.0224546 40.3713 21.0759 80.3314 8.52001 61.5105 28.08 55.1833 28.7943 7.94979 
10.3804 37.3134 4.03636 9.39703 56.472 4.80982 48.2094 54.5359 4.38662 57.6981 95.5806 0.311149 121.072 0 54.2347 18.6677 1.63046 7.66669 4.3903 1.47686 39.0021 8.13624 5.1691 9.99774 9.59871 0.276481 7.46781 4.83656 
59.2437 60.617 8.92175 4.39732 88.3732 2.99655 0.000106183 149.348 221.103 128.497 290.014 17.3451 30.7429 26.0145 0 4.50516 7.69427 24.1929 0.528405 11.7416 34.1106 8.03819 23.09 24.8282 19.9844 1.7561 1.1147 23.1747 
10.3988 66.9259 11.6097 0.791683 73.5742 26.9092 59.6112 8.95212 125.526 0.918343 47.1995 51.24 54.6704 10.1431 4.1818 0 4.68604 10.4167 17.5127 0.0281339 3.32615 0.258202 0.0337423 0.608361 18.4186 11.3822 0.448935 2.29174 
498.952 589.558 51.0366 448.984 22.8723 460.121 13.1373 58.87 475.528 68.9293 73.0869 80.9325 43.1575 21.7567 18.0013 0.329463 0 35.445 254.06 13.2353 53.5457 11.6531 1.40143 15.339 475.66 26.5866 2.93745 14.6323 
94.6794 110.088 8.59509 18.7377 85.7491 116.586 28.2456 1.55492 195.181 20.6045 86.5207 141.347 68.6743 7.23836 53.8003 56.7212 38.2911 0 10.9655 9.52128 121.568 0.442056 16.3188 4.17243 3.40548 58.9241 44.6781 19.7411 
24.3054 15.8016 2.76845 44.5587 189.727 6.07208 37.7603 100.51 149.05 2.97477 101.318 11.1041 64.6657 27.3326 27.4389 28.9432 122.598 27.0606 0 34.8581 66.2207 16.4715 0.475568 1.43896 28.7978 16.7979 0.206496 11.818 
222.465 16.0543 17.4595 34.4685 46.0643 15.4397 17.3547 14.6744 65.5395 1.36925 86.0613 84.861 0.54679 4.77101 0.0459694 0.463179 21.3618 5.06907 33.3347 0 86.7762 3.14754 3.60076 6.25586 4.63729 5.21251 5.94464 2.19251 
129.264 166.869 92.8113 99.2206 112.549 74.4482 111.138 169.454 11.386 97.5366 6.60977 12.9314 76.4317 13.359 50.3744 2.67749 28.2576 115.342 51.5443 90.4081 0 29.8401 39.7331 0.036545 34.5663 25.4639 43.7349 33.1355 
30.5297 15.8269 9.59808 16.496 12.6348 17.2303 29.877 0.849424 69.0154 0.601817 8.50677 11.328 77.6406 8.09121 10.0661 3.05641 20.5051 2.32476 14.8694 1.52858 27.3599 0 10.4828 14.1113 2.06653 7.68289 2.95332 0.199127 
40.4221 55.9196 0.655931 15.5374 56.3377 16.4009 59.576 10.3106 71.6178 59.8933 99.1815 47.1095 3.89233 6.13897 6.45934 0.238529 10.667 36.555 21.4257 3.41891 39.1151 10.3822 0 17.7106 1.927 1.3859 13.4831 4.72281 
20.1759 25.4746 15.6177 1.11014 0.591438 0.194799 0.00262882 105.679 72.8377 57.0973 63.7627 3.32454 46.665 10.0186 26.7659 29.2824 18.384 47.0511 5.36631 3.46538 7.61679 2.87469 1.24433 0 20.6816 14.6798 19.2727 13.4919 
486.402 526.233 5.0766 449.175 57.382 469.468 67.3593 81.314 541.057 0.0636315 82.5093 350.577 55.9566 7.54891 17.5358 14.7326 450.522 1.57875 9.15284 7.62165 58.1586 60.5127 23.8037 29.7917 0 61.3091 80.5592 42.3431 
57.5891 56.6887 0.298377 42.9286 40.7972 23.6015 7.13584 11.3099 9.65198 76.1144 154.427 372.714 15.1897 12.7218 0.00730148 16.2078 23.0463 59.3976 19.3898 10.2533 60.6407 10.6719 10.2285 11.9655 31.2391 0 13.0238 1.53231 
49.3539 37.3356 0.639237 15.3059 47.8099 4.28286 0.499634 25.4853 1.60845 0.192283 75.2274 2.03579 34.8476 3.28499 13.8701 0.973206 16.8001 38.3545 5.98929 0.308517 20.1488 3.1135 1.03006 18.7981 6.45089 30.2053 0 33.9257 
41.3124 62.5476 18.6091 10.5516 50.2949 16.6656 73.3708 64.5592 9.91804 52.2683 110.173 21.5 41.2175 1.22344 18.8668 5.9567 23.8586 15.3904 5.82066 0.00272484 0.334573 9.87683 10.0601 7.48771 9.9681 52.0748 90.2607 0 
