0 465.361 207.964 481.951 248.531 331.8 69.3243 142.948 230.975 146.066 1.37598 171.75 6.997 20.2021 49.9967 73.4406 227.964 226.974 24.4272 69.0797 14.1041 3.30247 39.8076 25.4013 234.74 42.5095 20.6488 59.5163 
398.592 0 320.815 217.653 530.708 205.706 493.757 67.9252 214.671 30.1493 40.3373 57.4476 145.541 34.9905 40.87 23.4937 225.434 609.349 38.7449 79.8263 178.464 31.9324 56.9518 13.5758 207.764 80.2955 43.8319 34.8891 
112.982 150.004 0 47.7732 150.17 27.1486 38.0252 175.313 69.5462 1.19959 161.104 9.88194 42.0246 15.8547 28.5349 6.01194 6.56554 159.902 23.4803 1.85907 97.0941 6.13183 2.13546 1.19568 3.69209 18.9727 0.530104 11.3723 
517.738 312.781 43.6173 0 63.9236 253.773 80.0909 685.267 225.359 1.35022 13.9016 1.81117 5.12375 9.36442 5.36465 23.0672 259.07 141.863 5.03529 31.0378 628.01 4.63655 0.237388 0.703851 220.368 44.6025 22.6883 26.5065 
224.272 268.648 86.8554 108.722 0 209.579 367.614 220.986 319.045 87.7407 259.991 17.6585 48.9033 0.0975065 0.835813 0.00139005 11.5319 0.578871 214.8 70.9931 130.911 40.6271 46.8995 53.5422 62.9598 70.1936 36.095 36.4116 
333.259 389.244 64.9578 272.417 447.823 0 891.496 199.995 215.822 464.213 28.4993 111.88 571.162 6.76453 39.9916 5.14282 220.697 35.6317 13.0802 22.1005 51.4584 2.16628 0.0425767 10.8047 232.563 26.5514 0.0123578 22.8298 
174.368 483.209 201.479 47.4025 271.942 555.173 0 404.053 1113.07 438.341 20.949 166.935 12.3781 35.8997 2.77352 85.8213 109.921 20.9739 6.23431 54.6156 86.2793 33.6266 10.9772 58.7859 44.8013 66.6756 13.1823 67.5634 
122.595 94.0641 54.6062 199.723 218.649 0.443462 409.992 0 27.4899 113.932 165.96 113.443 114.068 103.387 0.0241555 246.475 65.3761 3.34961 21.1504 78.1848 207.299 45.9155 50.5995 62.6583 33.58 184.617 75.7879 4.599 
469.287 493.083 290.979 528.16 12.0867 230.948 1197.43 662.909 0 1.14366 461.715 211.851 163.888 18.8508 15.0366 23.748 312.222 94.3717 116.261 55.1777 8.10987 69.1213 89.7161 99.0584 237.435 76.4234 75.9882 15.0527 
55.8405 51.7219 12.2066 105.616 157.165 17.665 74.9335 0.146405 135.235 0 580.807 180.333 323.033 45.2027 22.6786 73.4993 72.6098 11.7757 60.004 17.3725 74.6638 60.546 47.5135 28.2452 0.027544 27.5042 46.6384 48.5246 
136.304 213.251 117.278 178.822 175.347 136.919 90.6442 247.753 194.569 0.158483 0 211.975 70.6664 2.25476 141.44 29.3095 95.2493 14.5538 69.691 5.7642 99.3713 35.9096 0.150329 9.83078 119.569 162.766 28.968 59.2337 
58.6402 39.6858 178.014 103.356 169.443 41.408 276.273 427.799 189.038 4.93229 505.719 0 156.416 161.252 207.752 185.766 13.0757 146.901 92.671 96.1007 160.728 34.0105 77.7588 23.483 33.1847 120.978 95.5744 69.8962 
96.4213 95.1674 1.91375 40.5613 100.3 84.6652 108.528 29.8761 125.173 0.170107 226.549 51.5768 0 109.92 2.33024 15.6954 64.3534 0.0238679 0.0339142 39.7549 22.8587 83.3166 12.187 59.2188 29.8856 55.1655 28.0164 7.0719 
11.7675 34.6333 4.70456 10.3136 54.3448 3.97478 53.1522 61.3063 2.34016 53.0526 76.5963 0.127767 106.003 0 60.6256 19.2252 1.38433 8.75634 3.85108 1.59011 39.7927 8.58094 3.6911 10.2629 8.83975 0.489492 7.16767 5.2444 
61.2143 56.295 7.24432 3.251 86.0255 4.45144 0.660545 159.273 226.708 123.562 227.873 5.94206 23.5807 39.0488 0 1.87107e-05 7.05529 22.071 0.282867 11.7745 32.3604 7.35431 24.186 23.2208 21.5875 2.77311 1.4216 22.9516 
12.9364 69.7568 12.9175 1.67735 74.2359 27.1738 54.2604 1.69168 117.948 2.31299 31.2039 126.381 58.9668 8.03649 16.4962 0 5.16972 9.03109 16.6702 0.0727274 2.40835 0.39842 0.00617722 2.10879 16.2761 14.2096 0.684779 3.02829 
251.335 350.066 52.2734 205.646 17.2329 218.699 10.4927 55.8637 228.929 71.1632 75.42 82.1442 41.4785 21.6241 18.7263 0.205798 0 56.7718 195.56 12.2317 54.9961 12.0414 1.21476 14.963 232.535 26.3659 2.68796 15.0892 
110.448 64.5934 3.99698 25.0424 100.307 113.083 38.5387 3.34483 187.488 16.2534 79.5143 143.979 71.9362 6.23562 55.6219 55.6322 20.7319 0 7.17526 12.0195 122.553 0.637198 15.2926 4.87077 4.20067 58.1045 44.7972 18.5701 
20.2219 22.3835 4.10834 42.1537 219.602 9.34301 45.5037 97.5409 145.877 5.25949 105.39 9.24522 61.9525 27.196 28.525 29.3085 96.2044 21.1957 0 34.318 65.0202 15.9323 0.334609 1.19096 28.4098 16.0125 0.29596 12.381 
224.515 22.9146 15.9194 31.3789 50.5489 16.4093 20.9297 18.5655 69.9727 2.0656 86.3983 82.2587 0.312187 4.78733 0.0978026 0.33697 22.3564 6.99241 33.9811 0 144.493 3.26621 3.53704 6.21002 4.26429 4.83904 5.71417 1.97306 
147.056 161.863 85.3642 86.4902 115.934 75.4058 106.052 160.639 7.54122 96.5655 9.10921 9.38904 75.8382 12.2789 49.1305 3.63868 30.0265 117.392 53.3558 42.3552 0 29.495 39.8924 1.42994e-06 32.7261 23.4128 43.9309 34.3962 
29.761 14.6382 9.3343 16.3779 11.3447 16.7136 31.808 0.492555 68.5111 1.14977 7.02877 13.0431 73.8812 7.6194 10.7432 3.44015 20.3547 1.94295 14.3149 1.42851 27.7885 0 11.4435 14.034 2.26693 7.42955 3.20361 0.263979 
39.4805 56.353 0.473457 14.9945 56.1733 16.4464 57.3861 7.7822 67.4489 60.3572 92.3021 53.8602 6.56813 4.666 8.51392 0.557499 10.2984 35.6973 21.1339 3.34713 39.3889 11.3495 0 14.6235 1.42801 1.11333 13.435 4.41947 
18.3699 27.4187 15.5267 1.59951 0.305508 0.346468 0.131807 112.252 76.4797 58.1354 70.6979 0.57952 43.5041 9.63027 27.5776 28.5744 18.6553 46.6262 4.91882 3.63013 8.60432 3.46817 3.55898 0 25.2042 15.2127 19.2437 13.2141 
245.879 283.525 6.04598 206.236 55.8398 227.076 63.8721 67.5077 292.007 0.361417 90.4562 877.012 55.8516 6.79243 19.2057 0.836132 206.916 2.14376 9.83588 8.01743 57.3805 20.5371 21.7837 34.1379 0 8.36525 187.089 67.2551 
54.5325 53.5296 0.0841407 43.7888 43.1471 22.7221 4.89056 3.90178 14.0483 76.4064 159.428 333.27 16.8766 12.8867 0.071615 19.0995 22.5804 58.6403 20.1435 10.5159 59.7701 10.6067 10.1046 12.7292 29.509 0 10.8019 0.0933126 
49.8122 36.0825 0.462219 14.4778 48.1423 3.87179 0.840253 22.2837 2.34066 0.388311 73.316 0.874318 34.2813 3.00375 14.4397 1.30308 17.1239 37.7026 5.61063 0.389239 19.1878 3.36817 0.800729 19.0153 6.45824 28.1843 0 46.4274 
43.061 61.7956 18.0258 11.7599 51.2324 17.2922 73.5375 57.6007 12.2946 51.1243 109.71 29.8362 41.8447 1.48487 19.6031 6.99286 23.9918 14.2927 5.36132 0.00101328 0.583101 9.98092 9.99391 6.96568 8.02529 45.8006 92.8632 0 
