0 333.764 20.4084 72.0357 221.521 96.1073 18.0939 93.19 100.523 5.25112 194.128 23.9786 24.2334 38.0474 43.0377 60.8326 151.189 232.465 12.4863 156.854 112.014 2.36931 11.7006 24.0672 106.803 76.2598 51.1707 33.5171 
265.832 0 40.3126 91.0809 529.944 268.839 273.871 135.518 144.919 55.3335 6.94584 1.7941 107.462 17.6103 5.6417 0.26762 45.8584 94.7718 113.835 106.473 18.1089 48.8102 29.8042 0.810396 75.4078 3.05677 51.7855 62.6879 
181.735 434.74 0 44.9636 184.343 27.5767 246.902 103.933 403.144 0.0115332 224 185.962 7.6992 10.6905 28.7831 0.829568 20.8929 61.599 61.0552 14.355 25.1631 0.324511 0.360464 9.73776 0.306996 13.0329 18.7986 19.766 
104.973 320.382 209.401 0 147.027 45.8977 24.466 576.216 360.289 0.0688972 196.348 155.654 49.759 4.96536 36.3683 41.0248 46.3043 4.9414 44.6403 46.6048 196.534 1.49926 2.72857 12.5677 75.3498 23.4477 23.3602 5.85402 
250.436 324.421 180.546 22.7811 0 422.595 0.152041 158.667 55.2842 304.849 59.354 56.7331 28.805 56.0759 9.9802 67.87 27.3152 110.94 243.503 2.17971 4.95143 12.9533 44.1485 19.1167 27.9632 69.5792 36.3069 4.36486 
149.092 158.402 65.0941 74.5662 825.055 0 877.571 134.297 351.415 833.233 75.8224 3.69701 0.706269 21.9539 0.000970258 12.451 100.725 65.3812 1.09663 22.2895 2.77105 3.20312 11.5463 2.01242 50.2779 25.9141 12.8241 15.3627 
102.752 253.459 0.697811 203.135 327.039 832.208 0 359.06 27.7431 508.43 483.522 20.4159 53.7678 21.167 30.2482 4.70811 0.865861 202.128 4.69787e-06 93.0165 0.000459628 62.591 58.3563 46.7347 87.6755 85.4955 40.8946 55.3868 
173.78 272.12 219.902 280.966 149.478 38.6294 393.613 0 36.5175 131.201 48.6599 113.2 87.6124 60.6881 181.145 4.58238 4.18457 0.142218 98.4309 100.028 96.4376 33.1409 39.1465 0.0985493 192.341 146.118 55.3987 114.504 
298.049 187.156 467.392 51.6975 259.62 175.859 348.968 662.729 0 379.547 216.357 108.71 156.217 138.399 98.7262 152.299 154.39 0.000268153 1.87667 30.3578 146.454 0.00261043 82.2478 50.8009 105.725 37.2934 11.7813 70.7262 
151.023 33.0809 6.47542 102.758 0.127557 469.842 0.229752 221.04 316.665 0 192.826 164.78 64.439 0.646972 30.4854 0.597218 18.7423 34.9215 122.962 55.7699 58.3851 2.17802 18.0146 5.0142 37.2478 0.650559 0.145492 52.1732 
85.1893 71.3396 3.09683 35.2211 222.547 196.612 476.338 295.808 485.357 283.512 0 464.276 218.676 82.4174 349.777 214.57 26.1962 145.453 90.7999 8.40042 89.6702 67.6199 36.8193 1.1577 128.535 166.065 10.2447 107.248 
7.96271 0.0109557 22.9074 257.93 135.321 14.4842 235.713 0.599109 292.448 10.7877 443.461 0 125.545 0.011849 0.41404 76.3866 84.8604 27.2619 33.2959 7.08067 157.846 74.9604 102.51 2.40499 48.6296 23.2444 65.3057 125.627 
93.0366 36.6531 9.40931 10.9782 75.8401 152.197 50.8022 66.0388 116.069 226.953 232.502 10.951 0 155.815 115.808 29.5444 3.08567e-05 2.25319 48.4829 2.74816 11.6889 52.2778 71.3832 59.173 41.3046 53.8043 28.6515 44.9771 
29.0754 55.1779 0.346756 20.8055 44.9111 21.6116 81.9846 103.863 137.998 78.6816 208.308 158.922 30.0143 0 20.9251 18.88 1.62101 51.1493 23.8939 0.475244 0.278117 0.0903067 3.06078 0.263539 15.9663 11.1125 3.49458 1.07332 
0.572364 91.3174 31.614 37.9454 94.5119 41.2926 10.1901 45.9025 164.5 85.6312 277.141 160.112 92.5469 0.824043 0 89.4684 27.3051 14.0631 4.06345 1.57515 0.465791 6.60151 19.0366 14.9358 28.8813 23.0775 7.67237 7.99316 
3.07228 84.4006 24.7523 36.3032 3.48222 2.45487 1.45788 212.069 0.566019 67.416 213.19 127.945 71.9467 3.89936 69.5729 0 0.000330431 3.48837 12.492 0.199262 30.5757 4.77267 6.73968 28.3995 32.175 11.8964 11.233 22.4459 
55.0073 192.285 55.4968 101.197 5.13095 99.7612 92.243 1.16992 118.625 17.0672 63.987 0.184044 27.8934 21.7522 0.704259 7.2176 0 21.6245 252.758 0.300317 0.228213 19.1981 4.65856 3.32314 73.4148 27.2772 18.5172 23.8718 
38.1546 376.559 53.4101 122.737 234.893 90.321 218.186 15.8961 43.7588 41.6248 2.75196 21.8989 86.6941 39.0069 62.0418 20.7454 206.212 0 13.8246 23.4473 72.4244 10.5194 37.3819 9.89307 53.2722 6.24426 35.0092 40.5267 
34.122 162.769 28.2295 3.66964 239.231 29.4278 20.28 105.898 92.4463 95.1456 52.5977 12.8603 77.2753 0.380149 38.0142 1.97913 170.285 3.07125 0 32.3253 5.12074 15.9725 5.12664 4.14072 28.7921 28.4215 21.0105 19.5262 
174.911 77.8975 26.8871 46.4746 0.522914 24.3166 11.5887 37.7826 91.4797 22.4931 57.6347 4.07106 42.6019 1.45459 11.0742 0.163903 33.6489 16.6235 35.4932 0 321.512 6.10739 3.99652 1.8181 4.41358 0.536968 2.51619 10.0659 
221.978 0.88882 15.6374 185.47 0.610878 5.5927 3.13671 19.4354 145.276 88.043 112.463 8.73153 37.429 41.5606 9.38507 6.66176 12.693 56.2557 23.633 127.767 0 0.0382471 27.9936 47.965 0.872556 29.7156 44.2401 1.52304 
28.11 51.1998 12.5426 16.7295 42.3755 17.8368 62.2578 66.8201 0.0571188 57.801 1.53378 61.9764 90.3688 7.42806 10.407 1.05279 2.22648 1.40107 14.3561 1.44263 15.6678 0 0.206271 0.359796 2.34135 8.89715 1.07113 1.93314 
3.96506 33.6187 6.34867 18.4725 17.9364 5.3796 18.524 2.80402 57.4585 49.6292 133.69 81.1959 63.1775 4.00819 2.33217 9.01893 0.0532772 44.964 23.0006 3.89479 25.6714 0.232008 0 20.0388 0.297774 4.54224 13.1536 0.186534 
19.6364 49.2222 3.34227 14.8098 45.0112 2.80845 52.7797 16.7531 97.6216 26.6555 112.833 16.7855 68.6768 0.546282 1.64304 0.1251 19.7017 33.0431 9.33616 0.566062 38.6922 13.0552 2.54439 0 9.19015 12.2649 11.3212 10.2138 
63.8382 74.2858 13.0285 88.5532 17.4886 48.8639 14.1893 33.389 124.475 40.9168 78.038 920.401 52.2872 14.9487 27.3619 85.4516 45.8397 55.8606 0.0695688 10.8381 21.2248 25.9098 25.3804 41.7674 0 12.1054 32.1766 81.2769 
13.7782 5.18293 27.2002 18.9969 27.7658 10.1416 87.7805 213.597 0.172109 40.6542 166.38 337.266 8.5723 0.11124 15.5049 16.7454 26.4293 6.96614 0.266243 11.9396 62.0089 4.2444 1.19389 14.8936 20.5959 0 3.26303 45.4214 
10.9305 54.359 18.8704 0.0222807 48.21 19.6262 57.1681 97.558 65.2409 43.639 53.5086 14.6127 34.7449 7.68304 19.4323 9.84274 6.87345 14.8566 7.30462 2.48499 16.7966 1.1777 2.84221 14.1316 37.3664 1.18895 0 11.23 
61.0338 11.2423 22.205 22.1975 0.0913531 22.9312 69.1517 9.68905 74.2954 54.1715 69.557 1.76563 0.649714 0.0420743 19.9278 20.2836 14.6754 36.5687 0.94327 5.60397 37.5011 10.5206 3.13916 14.3998 34.649 0.0638912 13.7936 0 
