0 744.144 186.242 629.316 219.163 405.263 35.0466 193.948 296.737 135.843 0.0878747 194.209 11.637 23.8259 44.5294 77.2055 319.317 209.065 34.083 13.3616 1.74344 2.33866 41.7261 29.5088 312.364 49.6091 17.9554 57.9963 
683.569 0 110.141 291.135 496.509 298.763 379.945 108.478 339.6 9.69376 17.8145 36.6193 148.377 40.7321 50.3347 16.9473 298.64 939.5 21.7106 58.4205 173.901 29.1785 57.0422 10.2545 293.576 76.9731 41.4622 38.9887 
158.598 360.919 0 24.8092 173.792 39.695 6.04813 113.741 0.037976 0.170929 114.639 1.15222 35.3882 16.4317 25.0844 3.7888 10.2237 148.692 17.5567 0.537766 81.164 6.78619 2.89302 1.94251 2.11477 16.1949 0.220689 9.72682 
634.786 482.495 238.522 0 41.6417 345.479 46.2171 1286.58 363.765 0.00271267 2.49771 3.23037 8.51044 7.4522 2.84554 28.719 344.486 145.743 8.47825 23.9966 92.4595 5.39385 0.0276005 1.67478 308.264 44.3821 23.9756 24.1877 
251.969 421.243 121.268 129.911 0 72.5483 272.853 213.258 271.044 33.0924 250.615 28.7429 31.5087 0.955114 0.000600762 0.433465 22.73 1.74956 268.405 78.8428 132.057 37.4697 49.4465 54.8881 60.4364 68.9144 38.0947 39.4469 
421.203 423.539 66.6582 352.505 387.072 0 538.923 212.879 406.2 538.034 3.53856 128.778 675.606 4.79419 37.0901 7.52269 308.734 49.2929 5.54566 23.1944 57.0634 1.34983 0.012148 12.1052 314.754 27.3936 0.126439 22.5138 
131.178 361.31 238.844 81.4694 366.929 72.688 0 365.779 1209.33 289.651 95.8352 206.382 2.00795 26.0135 0.00293489 76.3116 108.977 42.3629 15.5985 45.07 73.6913 37.736 15.5791 54.1407 53.0658 56.8316 16.2023 70.1547 
74.8982 55.5774 110.75 286.318 208.784 3.24213 397.514 0 6.9729 85.1816 230.634 547.112 124.141 91.1529 3.78232 209.307 59.0504 0.333282 14.741 66.5266 201.948 42.2119 41.0825 79.8216 59.4254 142.476 68.5247 11.5437 
551.706 493.113 115.536 567.907 46.1115 298.232 422.387 597.617 0 10.932 568.981 137.453 181.593 13.307 87.4281 40.1775 391.025 70.4375 129.047 45.3113 2.19379 67.9633 82.7708 96.3572 332.985 93.2466 73.5579 21.3051 
72.7361 24.1425 4.14482 101.403 228.297 95.3837 225.409 5.34156 61.2696 0 439.825 208.819 277.541 55.4948 42.2589 81.835 76.6632 5.28574 73.7293 13.4788 68.4562 59.2123 42.719 23.0633 0.836697 35.0185 47.3046 45.3567 
116.762 180.943 163.583 155.021 206.322 79.9593 200.572 183.741 607.346 64.5752 0 99.3224 40.1412 18.4022 32.9599 6.23175 95.7399 24.0116 80.4723 9.42713 87.7219 41.2369 3.23718 3.44395 104.988 166.396 23.5027 69.0371 
84.7866 22.1185 161.289 56.9298 160.343 59.7934 256.61 879.604 263.556 9.56287e-05 440.499 0 151.085 166.5 148.655 390.768 9.68902 150.249 88.7495 96.7645 165.824 39.0416 91.6946 47.7772 88.1301 252.99 104.362 46.0831 
90.5577 108.635 0.374774 46.3116 79.4179 26.3262 139.724 20.3852 148.118 24.5899 199.414 38.3909 0 138.641 0.0228728 24.0152 64.695 0.318256 0.810521 38.2459 26.8231 88.0415 21.8017 53.6083 33.7278 54.7054 26.2924 5.3318 
14.948 28.9152 6.2348 12.3027 49.4352 2.40431 63.5385 75.8221 1.51312 42.6529 39.9263 5.34352 70.2318 0 56.3912 18.88 0.920072 11.2868 2.79574 1.84002 41.3232 9.4331 1.04632 10.3605 7.20242 1.13819 6.50845 6.12995 
64.9528 46.8349 4.11174 1.34051 79.9625 8.38051 6.34682 175.691 227.69 108.237 94.688 1.79642 10.8706 59.5931 0 19.4322 5.75049 17.7025 0.0123767 11.7795 28.568 5.92038 25.272 19.0156 24.7764 5.62364 2.19437 22.2167 
19.1008 75.1513 15.6902 4.60813 74.9579 27.316 42.7552 5.55559 99.6598 7.3377 7.17436 334.131 67.4607 3.89931 57.4489 0 6.26703 6.34142 14.8496 0.237708 0.92514 0.796716 0.407945 7.86034 12.0377 20.4004 1.34968 4.88731 
325.751 439.025 54.3106 289.613 7.59558 306.56 5.73991 49.3456 305.897 75.4534 80.1041 84.3723 37.7867 21.2696 20.2514 0.0377783 0 113.375 228.758 10.1406 57.9155 12.8685 0.85636 14.1321 316.32 25.8025 2.18486 16.0556 
144.432 4.99545 0.00119666 40.8313 132.215 103.594 64.6295 9.39956 168.182 8.49709 64.6605 148.402 78.6578 4.30713 59.2227 52.9806 0.819123 0 1.67976 18.1719 123.652 1.17404 13.1467 6.52927 6.16388 56.0274 44.9306 16.1113 
12.5128 39.5893 7.78524 36.7573 271.666 18.3399 63.4067 90.5126 137.036 12.1936 113.25 5.78269 55.8062 26.7659 30.7281 29.9469 35.403 10.7403 0 32.9292 62.1479 14.7544 0.1147 0.734333 27.4769 14.3223 0.541466 13.5955 
206.741 40.6747 12.5453 24.3536 60.0417 18.3825 29.3568 28.1038 79.0339 4.01662 86.4046 75.9866 0.0286555 4.80171 0.273511 0.132151 24.4216 12.0433 35.1396 0 267.849 3.5206 3.38998 6.08385 3.4945 4.05459 5.21838 1.53368 
182.959 148.653 68.329 12.3496 122.234 76.7742 94.4015 139.736 1.89851 93.8195 15.7096 3.62594 74.2432 10.0602 46.2143 6.15938 33.8587 120.856 57.0633 0.287903 0 28.6983 40.0822 0.166116 28.7511 19.1408 44.2113 37.0195 
28.0497 12.185 8.74457 16.0682 8.75718 15.5099 35.9426 0.0520344 67.0763 2.90142 4.29478 17.0385 64.6347 6.54387 12.1513 4.30649 19.9873 1.23427 13.1149 1.22195 28.6599 0 13.2312 13.6308 2.8988 6.86813 3.76324 0.433084 
37.2932 56.9391 0.179555 13.7492 55.4844 16.3972 52.2789 3.48795 58.1152 60.6263 76.5228 68.6436 14.3796 1.73293 13.2802 1.65311 9.50367 33.7559 20.4377 3.18409 39.8281 13.1573 0 6.79432 1.00944 0.619867 13.2285 3.77729 
14.6572 31.6333 15.1884 2.9247 0.00751762 0.814096 1.06213 124.338 83.6525 59.7432 85.2552 2.33373 36.5023 8.40494 28.1025 24.1701 19.1938 45.5284 4.00817 3.97929 10.8785 4.85809 10.9549 0 34.284 16.0993 18.956 12.5141 
335.26 367.613 8.32234 291.196 52.2505 312.371 55.9863 40.3436 362.508 1.81297 106.683 203.727 55.2345 5.21874 22.6305 28.8543 289.831 3.63414 11.3448 8.85351 55.3713 29.0779 17.2561 30.4897 0 84.7106 126.187 58.9978 
47.6412 46.5163 0.0685298 44.6662 48.0612 20.628 1.45956 1.09616 25.8406 75.912 165.688 211.071 20.6545 13.0341 1.04153 24.9173 21.5178 56.6903 21.7172 11.0193 57.4798 10.4208 9.73184 14.1992 25.4737 0 6.51253 2.87313 
50.5865 33.3235 0.177387 12.6946 48.7014 3.04429 1.86291 15.9584 4.35641 1.03655 68.7996 0.0159907 32.97 2.42833 15.5995 2.15803 17.7965 36.2202 4.82745 0.592832 17.1448 3.93603 0.401429 19.2597 8.56744 23.3947 0 72.1085 
46.6458 59.8307 16.6648 14.4426 53.0316 18.5587 73.3263 43.1133 18.1108 48.3361 107.421 51.0849 43.0106 2.11715 20.9972 9.35586 24.2192 12.0233 4.42399 0.0450348 1.34449 10.1762 9.79206 5.85248 4.6869 30.2283 86.9881 0 
