0 843.562 182.376 711.898 214.932 483.379 31.5575 199.915 374.858 134.411 0.224584 196.615 12.2676 24.2685 43.8515 77.5699 399.912 206.358 35.3157 9.00623 1.04664 2.23284 41.9404 30.0054 391.273 50.4488 17.6358 57.7793 
785.937 0 88.5927 372.798 486.079 381.034 362.349 113.687 426.204 7.95244 15.661 34.3532 148.529 41.4192 51.479 16.21 377.222 232.638 19.933 55.8763 173.072 28.8428 57.0206 9.87858 373.508 76.5 41.1651 39.4774 
163.538 382.651 0 39.9086 175.968 41.1832 3.98988 106.399 0.663098 0.354697 108.95 0.673871 34.5859 16.4808 24.6298 3.54819 10.7084 146.849 16.8745 0.430789 79.1272 6.86494 2.99006 2.04325 1.95134 15.8499 0.192257 9.52958 
713.246 572.253 257.112 0 39.1493 425.942 42.5379 479 451.809 0.0395711 1.73628 4.72807 8.96986 7.22862 2.5905 29.3738 424.266 145.881 8.94536 23.1353 708.132 5.48735 0.0162027 1.81824 388.401 44.2636 24.1199 23.8923 
254.508 436.782 125.265 132.225 0 53.02 259.973 211.954 264.269 28.0299 248.881 30.2304 29.606 1.1177 0.0190373 0.550774 24.2961 2.47543 273.407 79.7095 132.08 37.0791 49.7311 55.023 60.0991 68.7116 38.3282 39.8047 
501.006 496.783 66.5424 431.503 1075.17 0 785.289 213.646 504.67 975.838 2.11642 130.63 210.085 4.57231 36.6596 7.82985 388.9 51.0032 4.83564 23.3028 57.7111 1.26331 0.0220283 12.258 394.171 27.4656 0.148242 22.4622 
125.893 343.153 241.659 85.8532 376.288 67.3863 0 359.06 1146.49 269.219 107.814 210.837 1.34688 24.8841 0.0688275 75.0724 108.76 45.3485 16.9858 43.9166 72.161 38.2261 16.1749 53.5469 54.0527 55.6151 16.5805 70.4208 
69.6374 51.4327 118.138 316.848 207.235 4.39408 393.613 0 12.8884 81.7961 238.238 606.117 125.264 89.5618 4.82293 203.538 58.2743 0.181077 14.0335 65.0877 200.961 41.7562 39.9511 81.8704 62.8493 136.985 67.6124 12.5764 
630.443 562.339 97.2178 640.07 51.5136 384.623 326.653 582.21 0 14.651 790.194 128.879 183.448 12.8729 71.2477 42.358 469.984 67.6607 130.456 44.1324 1.72899 67.791 81.8521 95.9288 414.105 95.21 73.2267 22.1144 
74.8099 21.4266 3.44694 100.71 236.345 123.716 245.884 6.46159 53.8519 0 416.669 211.831 269.841 56.6926 44.869 82.6935 77.0998 4.6688 75.3584 13.031 67.68 58.9983 42.1095 22.4495 1.00943 35.9402 47.3641 44.9499 
114.328 176.752 168.863 151.764 209.733 73.591 215.147 175.89 640.273 81.1375 0 87.7446 36.9136 21.3197 24.3906 4.55874 95.7482 25.2882 81.7488 9.92295 86.2867 41.8796 3.87363 2.88779 103.089 166.393 22.8663 70.1958 
88.0968 20.3015 158.811 51.9454 159.075 62.1187 253.536 919.098 272.169 0.0784009 429.43 0 150.274 166.617 141.103 411.157 9.31018 150.532 88.2296 96.7519 166.259 39.6497 93.2876 51.1155 91.2286 268.487 105.318 43.4084 
89.7903 110.182 0.268998 46.9914 76.9116 19.8351 143.372 19.3411 150.739 30.1597 195.669 36.8857 0 141.334 0.125505 25.0957 64.7062 0.423479 0.97305 38.0475 27.3123 88.4456 23.0975 52.8756 34.1855 54.6112 26.08 5.13602 
15.3482 28.234 6.42616 12.5426 48.8156 2.23778 64.7528 77.5437 1.7457 41.3824 36.0831 6.47582 65.8763 0 54.2851 18.6972 0.870142 11.6084 2.6784 1.87069 41.4917 9.5251 0.818822 10.328 7.00644 1.23314 6.42789 6.237 
65.3548 45.6902 3.78421 1.16403 79.1446 8.9193 7.41154 177.162 226.776 106.014 80.885 3.22354 9.62784 60.7366 0 23.9181 5.59979 17.196 0.00365062 11.7741 28.1096 5.75201 25.2795 18.4566 25.1315 6.02173 2.29762 22.1051 
19.9026 75.7325 16.0164 5.04947 74.9798 27.2935 41.3861 7.80627 97.3133 8.12009 5.37305 357.946 68.4012 3.46894 62.3855 0 6.40444 6.04497 14.6298 0.263896 0.79244 0.853413 0.49772 8.72945 11.5745 21.1265 1.44396 5.13417 
404.278 519.018 54.4966 369.316 6.68054 386.709 5.25673 48.5575 384.762 75.9206 80.6365 84.6055 37.3351 21.2205 20.4318 0.0265748 0 120.823 490.187 9.89555 58.2483 12.9675 0.817124 14.0299 395.943 25.7265 2.12727 16.1706 
148.443 12.6657 0.0789602 42.9067 136.041 102.285 68.0787 10.3269 165.629 7.71827 62.9025 148.818 79.4379 4.09623 59.6258 52.6334 0.210097 0 1.27162 18.9795 123.689 1.24954 12.894 6.74338 6.42351 55.7487 44.9353 15.8207 
11.6906 41.9072 8.2974 36.091 276.429 19.5831 65.6479 89.6101 135.794 13.2052 114.109 5.41593 55.0404 26.7016 30.9805 30.0101 29.1329 9.69626 0 32.7415 61.7756 14.6108 0.0958938 0.686406 27.3555 14.1187 0.575966 13.7422 
202.706 43.0399 12.1392 23.492 61.1602 18.6082 30.4308 29.3498 80.0737 4.29243 86.339 75.1729 0.0149344 4.80153 0.300563 0.1137 24.663 12.7316 35.2573 0 279.895 3.55119 3.37135 6.06612 3.40492 3.96207 5.15863 1.48379 
186.948 146.854 66.2231 8.272 122.898 76.8745 92.9415 137.07 1.46768 93.4291 16.6139 3.10793 74.0218 9.80284 45.8415 6.50365 34.3225 121.185 57.4918 1.96892 0 28.5973 40.091 0.208676 28.2719 18.6406 44.232 37.3271 
27.8382 11.8993 8.67148 16.0257 8.46322 15.3569 36.4378 0.0291903 66.8714 3.16423 4.00734 17.5471 63.43 6.40997 12.3155 4.41418 19.9389 1.15922 12.9695 1.19785 28.7604 0 13.4155 13.5609 2.992 6.79904 3.83263 0.456196 
37.0151 56.9776 0.153382 13.5926 55.3707 16.3778 51.6303 3.0802 56.9655 60.5912 74.5599 70.4252 15.4924 1.44702 13.8632 1.81943 9.40768 33.5132 20.3475 3.16365 39.8672 13.3445 0 5.90343 1.02062 0.56935 13.1942 3.70103 
14.2272 32.1427 15.1347 3.10838 0.000923305 0.883251 1.2339 125.581 84.4497 59.878 86.9527 3.24826 35.6479 8.22631 28.0505 23.4159 19.2546 45.3793 3.90323 4.02084 11.166 5.03419 11.9191 0 35.2574 16.1809 18.9008 12.4207 
415.554 447.217 8.61221 371.029 51.794 392.169 55.0072 37.3927 440.496 2.06155 108.531 581.715 55.1242 5.03577 23.0222 34.8978 369.364 3.83892 11.5301 8.95265 55.0988 40.0332 16.7076 28.996 0 90.5026 161.407 37.5066 
46.7876 45.6565 0.107789 44.6803 48.6382 20.3588 1.17932 1.99173 27.4566 75.7493 166.01 194.8 21.1219 13.0325 1.23303 25.5528 21.3841 56.4262 21.9023 11.0741 57.1663 10.3942 9.67739 14.3582 24.9682 0 6.05093 3.73132 
50.6602 32.9855 0.151978 12.48 48.7543 2.94991 2.01269 15.2518 4.63948 1.13545 68.2197 0.0648666 32.8034 2.36183 15.7328 2.27396 17.8754 36.0341 4.73591 0.620141 16.9009 4.00629 0.362162 19.2683 9.02175 22.7876 0 74.7812 
47.0603 59.5625 16.4916 14.7718 53.2281 18.7034 73.2484 41.4327 18.873 47.9712 107.027 53.8955 43.134 2.19951 21.1466 9.64982 24.2412 11.7585 4.31571 0.0547349 1.45707 10.197 9.76232 5.71985 4.37081 28.2961 85.2768 0 
