0 879.342 180.647 740.523 213.079 510.418 30.1106 202.45 401.962 133.786 0.302427 197.624 12.5423 24.4584 43.56 77.7199 428.034 205.165 35.848 7.65676 0.801775 2.18818 42.0311 30.2181 418.67 50.8071 17.4993 57.684 
823.11 0 79.9079 401.587 481.237 409.965 354.638 115.934 457.015 7.25725 14.7778 33.4 148.582 41.713 51.9692 15.8978 404.493 450.545 19.1913 54.792 172.699 28.6988 57.0092 9.71915 401.346 76.2927 41.0371 39.6863 
165.602 391.423 0 47.3447 176.85 41.8164 3.23642 103.28 1.55367 0.453682 106.519 0.507797 34.2423 16.5005 24.4329 3.44711 10.9187 146.03 16.5846 0.388519 78.2487 6.89867 3.03197 2.08707 1.88317 15.7017 0.180665 9.44518 
740.1 604.235 260.266 0 38.097 453.994 40.9957 1099.65 483.211 0.0685562 1.45183 5.45529 9.16995 7.13334 2.4846 29.6519 452.031 145.918 9.14871 22.7663 599.769 5.52756 0.0122399 1.88143 416.324 44.2068 24.181 23.7648 
255.538 443.162 126.959 133.198 0 45.2468 254.401 211.371 261.314 25.9766 248.1 30.8772 28.8049 1.19124 0.0348215 0.605323 24.9801 2.82439 275.438 80.075 132.082 36.9111 49.8514 55.079 59.9525 68.6215 38.4278 39.9573 
528.764 521.741 66.4716 458.925 991.608 0 983.008 213.921 540.708 855.185 1.6174 131.41 139.261 4.47837 36.4702 7.96256 416.835 51.7388 4.54547 23.3476 57.9864 1.22705 0.0271542 12.3232 421.783 27.4944 0.158115 22.4392 
123.631 335.234 242.742 87.7411 380.123 69.8655 0 356.057 1115.47 260.423 113.104 212.72 1.10362 24.4052 0.12358 74.536 108.66 46.6516 17.5963 43.423 71.505 38.4357 16.4327 53.2904 54.4747 55.0929 16.7434 70.5316 
67.4247 49.6952 121.323 330.573 206.549 4.93999 391.791 0 15.9637 80.3537 241.47 631.075 125.738 88.8734 5.30665 200.996 57.941 0.12993 13.7349 64.4701 200.515 41.5605 39.4678 82.7452 64.3322 134.618 67.2193 13.031 
657.717 585.592 89.7261 664.457 53.9053 415.777 288.109 575.178 0 16.4045 948.196 125.249 184.223 12.7033 63.7004 43.3036 497.397 66.4799 131.05 43.6286 1.54656 67.7151 81.4535 95.7386 442.452 96.0455 73.0822 22.4645 
75.6994 20.3081 3.16698 100.401 239.737 136.558 254.686 6.97329 50.7957 0 406.485 213.09 266.422 57.2019 45.9994 83.0509 77.2833 4.41575 76.0539 12.8408 67.3457 58.9031 41.8465 22.1874 1.08836 36.3357 47.3882 44.774 
113.281 174.94 171.094 150.347 211.17 70.9126 221.429 172.529 652.542 88.7248 0 82.957 35.5651 22.6282 21.0876 3.92006 95.7484 25.8436 82.2937 10.1387 85.6703 42.1548 4.16338 2.66402 102.267 166.362 22.5953 70.6904 
89.523 19.5441 157.723 49.8617 158.521 63.1194 252.176 934.404 275.815 0.156603 424.508 0 149.916 166.633 137.86 419.361 9.14979 150.645 88.0039 96.7404 166.433 39.9104 93.9633 52.5678 90.9389 274.995 105.72 42.2787 
89.4575 110.839 0.229009 47.2816 75.8402 17.3532 144.922 18.9008 151.85 32.7026 194.037 36.2468 0 142.428 0.194703 25.5628 64.7091 0.473155 1.04718 37.9614 27.5226 88.6074 23.6604 52.5585 34.3811 54.5683 25.9887 5.05313 
15.5208 27.9429 6.50851 12.6452 48.5486 2.16801 65.2696 78.2783 1.86725 40.838 34.4835 6.99271 64.0202 0 53.2945 18.6099 0.849152 11.7473 2.62884 1.88386 41.5628 9.56377 0.729071 10.3112 6.92266 1.27487 6.3933 6.28287 
65.5237 45.1999 3.64749 1.0921 78.7887 9.15392 7.8916 177.756 226.317 105.04 75.2174 3.96046 9.1163 61.1175 0 25.9316 5.53569 16.9803 0.00149265 11.7713 27.9133 5.68025 25.2744 18.2146 25.2814 6.19556 2.34251 22.0559 
20.2495 75.9767 16.1553 5.24395 74.9848 27.2813 40.8015 8.88422 96.3006 8.46655 4.67879 367.802 68.7977 3.29051 64.4314 0 6.46365 5.91991 14.5357 0.275525 0.73867 0.878266 0.538798 9.11016 11.3798 21.4348 1.48526 5.24129 
431.513 546.86 54.5723 397.056 6.30564 414.637 5.05591 48.2197 412.143 76.1174 80.8624 84.703 37.1412 21.1991 20.5089 0.022375 0 124.037 547.445 9.79101 58.3896 13.0099 0.800576 13.986 423.644 25.6934 2.10281 16.2197 
150.15 16.8909 0.149437 43.8053 137.674 101.715 69.5729 10.737 164.523 7.39529 62.1522 148.989 79.77 4.00732 59.7964 52.4829 0.071129 0 1.11394 19.3293 123.699 1.28261 12.7861 6.83605 6.53616 55.6275 44.9366 15.6966 
11.346 42.9145 8.52106 35.8047 278.353 20.1249 66.612 89.2202 135.252 13.6498 114.471 5.26223 54.7108 26.6732 31.0877 30.0363 26.5906 9.26404 0 32.6598 61.6145 14.5492 0.088348 0.666343 27.3029 14.0315 0.591069 13.8051 
200.865 44.0652 11.9657 23.1228 61.6371 18.7041 30.894 29.8893 80.5152 4.41322 86.3065 74.8208 0.0104105 4.80133 0.312543 0.106216 24.7658 13.0315 35.3063 0 284.749 3.5643 3.3633 6.05836 3.36677 3.92259 5.13305 1.46262 
188.63 146.072 65.3194 7.20589 123.176 76.9132 92.3128 135.919 1.29995 93.258 17.0081 2.89797 73.925 9.69321 45.6805 6.65376 34.5213 121.319 57.6741 3.1462 0 28.5536 40.0938 0.228389 28.0666 18.4275 44.24 37.4583 
27.7472 11.7776 8.64004 16.0072 8.33849 15.2908 36.6497 0.0214102 66.7815 3.28017 3.88705 17.7667 62.9089 6.35241 12.3855 4.46052 19.9179 1.12775 12.9073 1.18758 28.8031 0 13.4922 13.5295 3.03296 6.76936 3.86248 0.466275 
36.8951 56.992 0.14279 13.5251 55.3199 16.3685 51.3504 2.91298 56.4717 60.5717 73.7163 71.1872 15.9795 1.33099 14.1123 1.89271 9.36654 33.4087 20.3085 3.15485 39.883 13.4225 0 5.53308 1.02949 0.548316 13.1789 3.66845 
14.0442 32.3609 15.1108 3.18863 3.86813e-05 0.913711 1.31139 126.099 84.7866 59.9318 87.6752 3.68535 35.2816 8.14803 28.0206 23.0808 19.2803 45.3143 3.85861 4.03859 11.29 5.11007 12.329 0 35.6636 16.2141 18.8758 12.3801 
443.541 474.907 8.73729 398.825 51.597 419.944 54.5863 36.1545 467.495 2.17285 109.314 44.5768 55.0746 4.95791 23.1883 37.4039 397.027 3.92823 11.6097 8.99501 54.9801 44.707 16.4731 28.3132 0 91.2845 171.786 31.6656 
46.4207 45.2874 0.127313 44.6803 48.8842 20.2425 1.06828 2.45618 28.1607 75.6729 166.12 187.831 21.3228 13.0306 1.31985 25.8194 21.3266 56.3112 21.9813 11.0972 57.0296 10.3825 9.65347 14.425 24.7508 0 5.8573 4.13125 
50.6905 32.8403 0.141681 12.3881 48.7761 2.90981 2.07859 14.953 4.76333 1.17917 67.9691 0.0958683 32.7314 2.33353 15.7895 2.32446 17.9091 35.954 4.69686 0.632021 16.7966 4.03651 0.345933 19.2707 9.22961 22.5263 0 75.8844 
47.2367 59.4456 16.4169 14.913 53.3109 18.7648 73.2116 40.7186 19.2032 47.8129 106.851 55.1128 43.1858 2.23517 21.2093 9.77617 24.2502 11.6456 4.26963 0.0591792 1.50663 10.2058 9.74922 5.66319 4.24145 27.4715 84.4835 0 
