0 757.64 152.534 528.154 185.019 296.877 13.1514 236.102 193.227 124.312 2.59713 210.244 16.6571 27.1266 39.4326 79.4243 230.747 186.556 43.5058 27.8053 0.796903 1.60826 43.2241 33.1837 211.203 55.7076 15.6164 56.2184 
727.852 0 3.6247 226.148 393.267 229.348 240.821 147.936 303.607 0.8342 5.02443 21.2788 148.525 45.7723 58.7674 11.7849 196.175 320.791 10.1601 40.1475 166.384 26.6755 56.7154 7.60207 200.151 73.1129 39.2042 42.5741 
190.507 469.338 0 184.806 185.922 50.2309 0.990941 62.3407 51.3679 3.09743 73.5435 0.648487 29.4688 16.6878 21.562 2.16682 14.0166 132.815 12.7088 0.0252065 65.7235 7.36865 3.63849 2.7405 1.04975 13.6098 0.0560576 8.2763 
503.961 454.777 277.723 0 24.5251 254.943 21.8809 783.522 335.976 1.30073 0.143169 20.7997 12.1625 5.84005 1.22419 33.3555 249.396 145.049 12.1865 17.6736 120.451 6.09791 0.0150164 2.86757 216.099 43.0412 24.9859 21.928 
266.173 511.156 149.156 145.49 0 6.20426 175.541 201.777 217.29 5.17185 234.852 40.4708 18.5767 2.45983 0.750363 1.63488 35.3125 10.0565 296.062 84.7999 131.629 34.5291 51.4343 55.7457 57.7737 67.1661 39.7855 42.0515 
324.821 280.282 64.1686 250.994 1020.43 0 430.345 214.356 462.694 728.485 1.68175 141.363 224.933 3.24454 33.5324 9.88297 216.839 62.1467 1.40157 23.8719 61.6953 0.772263 0.154858 13.2127 217.118 27.7705 0.329291 22.0626 
92.5725 220.565 249.748 114.392 421.256 374.009 0 307.172 530.941 141.304 194.645 237.202 0.243134 18.0521 2.54706 66.7462 106.849 66.227 27.0849 36.581 62.3513 41.3304 20.184 49.5859 60.2862 47.7434 19.0733 71.8802 
39.4404 28.0585 166.101 468.764 195.583 15.7652 357.409 0 90.6154 60.8765 284.419 924.814 131.938 78.8992 14.3617 161.961 53.2433 0.303134 9.85483 55.7836 192.938 38.7931 32.8388 94.6965 85.8134 101.161 61.6066 20.1243 
445.49 321.665 13.8798 408.648 91.6251 291.632 0.00444056 454.468 0 50.3557 9.32176 78.0403 193.735 11.4039 44.0201 57.1131 289.758 50.6415 138.72 36.6895 0.0588468 66.5209 75.5909 92.6731 248.342 107.281 70.9124 27.5588 
88.1378 7.63688 0.480887 95.3718 282.524 327.755 373.134 16.0666 16.6685 0 255.974 228.559 212.449 64.0283 62.3564 87.352 79.6178 1.60099 85.5461 10.286 62.578 57.3598 38.0691 18.5965 2.49661 41.8733 47.6379 42.2235 
98.4873 148.881 199.751 129.402 229.529 37.3964 309.011 126.483 774.57 219.076 0 28.6321 19.0289 44.2783 0.129503 0.0431163 95.5397 34.1185 89.7611 13.3655 76.9789 45.9877 9.25551 0.472009 90.359 164.101 18.9166 77.4515 
109.807 10.3567 140.939 24.4832 150.129 77.3464 230.638 1028.8 323.36 4.04428 346.34 0 144.248 164.689 93.2405 491.811 7.03674 151.712 84.6641 96.1944 168.098 43.5445 102.913 73.9895 21.4258 353.131 110.857 27.6468 
84.5812 119.615 0.00700151 51.2568 61.1205 7.88452 165.657 13.2068 166.563 76.9922 169.75 27.7459 0 153.588 2.73421 32.3274 64.6241 1.45486 2.36499 36.6929 30.5019 90.1433 31.9483 47.9348 37.0808 53.8108 24.6956 3.95539 
17.9922 23.9336 7.67736 14.0704 44.7227 1.29831 72.25 88.2874 4.92543 33.279 15.449 16.1557 39.3829 0 35.4097 16.8639 0.581356 13.7506 1.97888 2.0698 42.4873 10.0535 0.0144263 9.89786 5.76903 1.92163 5.90689 6.92178 
67.667 38.3937 1.97585 0.322717 73.4976 12.6486 16.0456 183.724 215.781 90.2822 15.5712 21.8429 3.35583 59.3181 0 56.6538 4.66911 14.0631 0.0709176 11.7079 25.1736 4.70253 24.6868 14.7213 27.2264 8.80583 3.0092 21.2771 
25.3002 79.0741 18.0391 8.27992 74.7833 26.9468 32.8077 30.6757 81.8123 13.9664 0.000518242 472.407 73.9171 1.23164 85.8476 0 7.31089 4.29402 13.2222 0.463571 0.183264 1.25984 1.27124 14.7585 8.92643 25.4951 2.11795 6.81577 
221.816 344.384 55.3736 194.465 2.16811 214.565 2.64138 43.5071 204.585 78.6444 83.8748 85.9153 34.4119 20.8735 21.5696 0.00148538 0 169.32 227.838 8.36502 60.2806 13.5983 0.586067 13.3644 220.276 25.1977 1.77373 16.9001 
173.143 98.2966 3.45502 56.866 159.991 93.16 91.3389 17.243 148.318 3.57446 51.8795 150.868 84.2653 2.85842 62.0418 50.2727 5.79675 0 0.00172136 24.4536 123.44 1.78896 11.3061 8.18733 8.20179 53.8207 44.9076 13.9894 
7.01864 57.7655 11.9027 31.7681 297.358 28.2081 80.2374 83.5678 127.013 20.5193 119.12 3.33307 50.0264 26.2259 32.5255 30.3435 2.9517 4.20626 0 31.4379 59.2603 13.6826 0.0151206 0.416087 26.532 12.8166 0.822418 14.6836 
169.018 58.9958 9.5794 18.0183 68.1287 19.982 37.5468 37.7532 86.4148 6.2614 85.5788 69.693 0.0325567 4.79052 0.50383 0.0280363 26.1667 17.5178 35.8964 0 328.962 3.74697 3.24727 5.93967 2.84869 3.3815 4.77578 1.18023 
210.098 134.396 52.716 30.4773 126.646 77.1805 83.3589 119.43 0.0192494 90.6289 22.9377 0.723357 72.4549 8.20807 43.3501 8.9091 37.3 122.822 60.1388 46.4391 0 27.9231 40.0743 0.596974 25.208 15.5245 44.2977 39.2512 
26.4561 10.1212 8.19333 15.7275 6.6751 14.3388 39.5859 0.0389264 65.3964 5.10548 2.38802 20.9354 55.3571 5.53863 13.3334 5.11798 19.608 0.731794 12.0356 1.04741 29.3807 0 14.408 13.0076 3.66701 6.34946 4.28687 0.618321 
35.1627 57.0585 0.0340945 12.5591 54.4851 16.184 47.326 1.05419 49.5285 60.0201 61.8544 81.6866 23.3738 0.189805 17.4951 3.03342 8.79141 31.9146 19.7376 3.02873 40.0461 14.3579 0 1.40432 1.40889 0.293884 12.927 3.21958 
11.5717 35.4037 14.7254 4.40096 0.109865 1.39054 2.63649 132.33 89.1763 60.4324 97.3956 12.5691 30.1695 6.95995 27.1314 17.8161 19.6225 44.3382 3.25617 4.28391 13.0736 6.19379 17.4713 0 40.5384 16.5665 18.4434 11.7782 
244.138 271.143 10.5355 197.054 48.7543 217.575 48.631 20.6531 254.285 4.02329 119.647 833.684 54.2354 3.90825 25.3904 56.0465 193.199 5.2775 12.7349 9.57814 53.2015 71.1319 13.2628 18.0749 0 22.2965 32.7152 136.624 
41.2374 40.1043 0.568915 44.2967 52.2427 18.5596 0.0885354 13.878 38.6689 74.1848 165.804 95.5864 24.1674 12.9229 2.82207 29.1272 20.5003 54.5886 23.0628 11.394 54.9713 10.2023 9.28176 15.271 21.6929 0 3.4341 11.566 
51.0312 30.7927 0.0353323 11.1106 49.0195 2.37323 3.10763 11.0357 6.65486 1.87519 64.333 1.16088 31.6921 1.95118 16.5512 3.07965 18.3704 34.8036 4.16359 0.809283 15.3501 4.46562 0.157187 19.2163 12.9501 18.8175 0 88.0921 
49.6184 57.6861 15.3396 16.8989 54.3805 19.5871 72.4806 31.1309 24.0451 45.4916 103.92 72.8062 43.836 2.75664 22.0009 11.559 24.354 10.107 3.64609 0.139457 2.28446 10.3172 9.54429 4.88185 2.82458 16.4899 70.1121 0 
