0 669.835 146.498 426.211 179.301 199.065 10.6631 242.028 97.1488 122.368 3.28661 212.31 17.4955 27.6354 38.6393 79.6636 136.242 182.646 45.0015 39.206 1.51966 1.50749 43.4347 33.7444 114.756 56.6126 15.2645 55.9116 
646.21 0 0.264957 138.23 373.082 139.037 218.949 154.074 218.56 0.327287 3.73738 19.2443 148.345 46.5315 60.0427 11.0594 99.7631 1042.82 8.7417 37.5051 164.957 26.2892 56.6312 7.22403 104.917 72.4509 38.847 43.1149 
194.277 473.06 0 211.207 186.923 51.7089 2.33147 55.3269 67.9919 3.86174 67.6128 1.19656 28.5712 16.7047 20.9956 1.95314 14.6365 129.964 12.0129 0.00490433 63.3128 7.45757 3.75786 2.87299 0.917342 13.2103 0.0403382 8.05698 
397.978 367.648 319.313 0 22.214 159.927 18.8273 1311.83 251.529 1.70852 0.462417 24.7555 12.7711 5.60319 1.03251 34.014 153.798 144.591 12.803 16.7299 653.896 6.20796 0.0278706 3.07612 121.002 42.7425 25.1284 21.5685 
267.369 518.969 152.985 147.524 0 15.6888 160.839 199.658 208.494 2.98586 231.864 42.4043 16.8509 2.75124 0.990648 1.8866 37.4262 11.9165 298.235 85.612 131.441 34.0697 51.7135 55.8476 57.333 66.8484 40.0362 42.4406 
228.724 177.579 63.461 154.295 381.023 0 253.594 213.715 390.946 583.701 3.1841 143.04 689.35 3.02794 32.9174 10.2598 121.798 64.1376 1.00316 23.9494 62.3684 0.697034 0.19094 13.3768 121.161 27.7959 0.368825 21.9794 
86.8669 198.977 249.319 119.425 426.178 470.829 0 296.631 414.659 120.792 211.249 241.413 0.619426 16.9243 3.35414 65.2124 106.417 70.2012 29.0779 35.2996 60.6213 41.8723 20.9261 48.8584 61.3685 46.3436 19.5266 72.0934 
34.8221 24.5557 174.442 471.49 193.221 18.4692 349.137 0 110.799 57.3502 291.983 962.319 133.021 76.9406 16.5479 153.998 52.3438 0.524114 9.18166 54.1304 191.22 38.2614 31.6105 96.892 90.0048 94.8525 60.5177 21.6205 
347.509 215.06 6.67924 302.008 99.5808 216.43 10.7705 427.916 0 58.6409 636.659 69.9775 195.25 11.3923 67.2511 59.8403 193.196 47.7911 140.035 35.3979 0.00266547 66.2661 74.4195 92.0063 154.44 109.307 70.4684 28.5665 
90.4887 5.88853 0.235628 94.2712 289.478 360.15 393.366 18.1918 12.1679 0 227.46 231.017 201.229 65.2535 65.5354 88.0158 80.0115 1.22153 87.2909 9.82411 61.6535 57.0221 37.3324 17.9318 2.82792 42.923 47.6667 41.7204 
95.6556 143.818 204.554 125.227 232.621 32.0085 325.068 118.06 801.523 247.412 0 21.2817 16.4107 49.0232 1.71591 0.390932 95.4552 35.7935 91.1441 14.0217 75.3161 46.7119 10.4368 0.256295 88.0219 163.286 18.2423 78.6995 
113.707 8.91755 137.456 20.5478 148.403 80.0787 226.054 1019.4 331.504 5.36757 329.945 0 143.035 163.865 85.1377 495.32 6.66285 151.806 83.9916 96.0094 168.25 44.2323 104.498 78.2409 11.6991 364.385 111.726 25.141 
83.6087 121.189 0.0363991 51.9931 58.396 11.5074 169.358 12.226 169.165 86.9785 164.871 26.227 0 154.775 3.54417 33.6537 64.5816 1.70199 2.67444 36.4383 31.076 90.2793 33.5975 47.0202 37.5855 53.6336 24.4464 3.76006 
18.4737 23.1865 7.90229 14.3382 43.978 1.15615 73.5168 90.1226 5.78976 31.8644 12.6066 18.2867 35.1073 0 31.5284 16.43 0.53592 14.144 1.86473 2.10548 42.6481 10.1354 0.000472255 9.78284 5.55445 2.05735 5.81392 7.04246 
68.027 37.1159 1.71136 0.227318 72.4292 13.3522 17.8848 184.349 212.941 87.2756 9.05622 26.7546 2.56854 57.5118 0 62.3152 4.51086 13.5303 0.105198 11.6906 24.655 4.52277 24.4678 14.0441 27.5617 9.33566 3.14401 21.1105 
26.2983 79.5936 18.3825 8.91895 74.6874 26.849 31.3351 36.1302 79.0123 15.1429 0.194027 483.336 74.7934 0.943608 87.9025 0 7.47598 4.01153 12.9735 0.504637 0.119539 1.33942 1.44213 15.86 8.5225 26.1999 2.24961 7.12968 
124.957 248.622 55.4708 98.9626 1.62095 119.513 2.26737 42.6145 108.152 79.0761 84.4156 86.1133 33.8899 20.8061 21.7675 0.00553316 0 177.793 315.532 8.1018 60.6216 13.7094 0.548875 13.2447 124.575 25.0966 1.71393 17.0279 
177.28 110.285 4.56654 59.4335 164.082 91.4226 95.6239 18.6386 145.101 2.99835 49.9797 151.118 85.0868 2.66029 62.4381 49.8308 8.48055 0 0.0230591 25.4728 123.307 1.89452 11.0309 8.45575 8.53715 53.4541 44.8921 13.6711 
6.30392 60.7272 12.5961 30.9965 299.2 29.8376 82.8403 82.4538 125.316 21.956 119.915 3.01356 49.1218 26.1302 32.7852 30.3894 1.40304 3.45971 0 31.1894 58.7921 13.5169 0.00805437 0.374956 26.3781 12.5869 0.870663 14.8504 
161.892 61.9275 9.13769 17.0707 69.3191 20.2109 38.8422 39.3088 87.474 6.64557 85.3828 68.6779 0.0548548 4.78678 0.545195 0.018821 26.4246 18.4295 35.9883 0 331.692 3.78158 3.22448 5.91497 2.75362 3.28112 4.70804 1.12948 
213.696 132.035 50.3488 39.3902 127.215 77.1733 81.6283 116.23 0.00272681 90.0801 24.15 0.47297 72.1509 7.93602 42.891 9.37001 37.8275 123.026 60.5888 59.6617 0 27.7989 40.0581 0.686663 24.668 14.9902 44.2971 39.5829 
26.2068 9.81642 8.10694 15.67 6.37635 14.1522 40.1376 0.0690204 65.1062 5.49474 2.14238 21.5579 53.8755 5.38283 13.5067 5.24471 19.5456 0.665858 11.8698 1.02151 29.4862 0 14.547 12.8912 3.7996 6.26873 4.369 0.649565 
34.8223 57.0426 0.0218328 12.3712 54.3002 16.1372 46.5398 0.803846 48.2055 59.8565 59.6016 83.6369 24.8899 0.0869018 18.1049 3.27208 8.68213 31.6239 19.6239 3.00413 40.0647 14.5009 0 0.901496 1.53437 0.254072 12.8711 3.1358 
11.121 35.9793 14.6413 4.64974 0.156615 1.49175 2.93889 133.293 89.94 60.4739 99.1512 14.8206 29.2045 6.71797 26.8653 16.7312 19.6838 44.1385 3.14629 4.32987 13.4227 6.40342 18.2492 0 41.2719 16.6094 18.344 11.6568 
149.18 175.319 10.8863 101.713 48.1963 122.056 47.4884 18.1267 156.716 4.43626 121.467 40.582 54.0453 3.71786 25.7807 54.7238 97.4239 5.55492 12.9512 9.68691 52.8387 64.2314 12.6739 16.4426 0 8.66224 39.0462 147.018 
40.2445 39.1175 0.688147 44.1432 52.8624 18.229 0.0246667 17.0494 40.7934 73.8145 165.355 80.1915 24.7143 12.8855 3.16611 29.6557 20.3389 54.2373 23.2635 11.4448 54.5498 10.1645 9.20347 15.4122 21.1128 0 3.03785 13.3226 
51.0784 30.4001 0.0231133 10.8696 49.0529 2.2764 3.32578 10.3483 7.04771 2.02527 63.6153 1.49621 31.4875 1.8814 16.6892 3.23324 18.4561 34.5789 4.06492 0.845335 15.0779 4.54855 0.129467 19.1876 13.824 18.1074 0 89.6295 
50.0526 57.3259 15.1284 17.2776 54.5649 19.7353 72.2962 29.4044 25.0102 45.0281 103.266 76.277 43.9439 2.86036 22.1328 11.8995 24.3689 9.82324 3.53201 0.158546 2.45005 10.336 9.50077 4.7361 2.63971 14.5871 66.8077 0 
