0 582.997 135.562 317.941 169.079 101.12 6.91575 251.944 2.85403 118.87 4.68423 215.65 19.0023 28.5253 37.2477 80.0155 44.2242 175.563 47.6405 62.3739 3.33503 1.33866 43.7901 34.7211 19.3454 58.1707 14.6542 55.3542 
570.663 0 3.67852 59.3396 335.999 55.021 181.515 164.78 143.722 0.000657044 1.93795 15.9094 147.902 47.847 62.2535 9.83749 4.56794 1008.01 6.50407 33.0241 162.296 25.6129 56.462 6.58271 11.6397 71.2513 38.216 44.0532 
200.022 470.282 0 251.177 188.097 54.1724 6.01408 43.8353 101.52 5.39345 57.6159 2.55241 27.013 16.7196 19.9935 1.60387 15.7415 124.752 10.8315 0.00727531 59.0974 7.61261 3.96936 3.11057 0.706441 12.5126 0.0190268 7.67624 
283.244 286.861 391.226 0 18.4059 66.8759 13.9872 1262.64 177.185 2.55317 1.45706 32.4052 13.8641 5.19692 0.735415 35.1245 59.8146 143.568 13.9086 15.1093 623.284 6.40155 0.0598258 3.45631 27.9234 42.163 25.3689 20.9331 
268.803 528.257 159.315 150.826 0 41.8015 135.807 195.739 192.926 0.590599 226.303 45.8616 14.014 3.29866 1.49026 2.36918 41.2228 15.5283 300.619 86.961 131.034 33.2623 52.1843 56.0064 56.5427 66.2623 40.4686 43.1133 
133.678 71.5589 62.0266 58.3231 464.178 0 508.568 212.041 337.152 530.259 6.93611 145.792 376.782 2.66416 31.8034 10.9257 28.828 67.6155 0.464795 24.0674 63.5186 0.574371 0.26304 13.6595 26.5711 27.8192 0.443287 21.8254 
77.1206 162.373 247.209 128.119 432.373 643.171 0 277.461 233.135 87.7306 240.628 248.39 1.6915 15.0207 5.02511 62.499 105.595 77.3109 32.6951 33.0802 57.6105 42.8125 22.2435 47.5707 63.2388 43.901 20.3265 72.4323 
27.3552 18.9431 188.685 461.389 188.893 23.6604 333.505 0 149.848 51.3492 304.629 1008.92 134.837 73.481 20.7051 139.853 50.768 1.05484 8.05641 51.2472 188.012 37.3281 29.4929 100.655 97.366 83.9854 58.6001 24.342 
248.948 102.567 0.326844 188.317 113.97 161.035 82.0148 379.898 0 74.3509 238.168 56.7248 197.663 11.5612 113.25 64.6644 97.5203 42.9491 142.219 33.1666 0.0798639 65.7996 72.3325 90.7781 63.4708 112.75 69.6687 30.3555 
94.5743 3.36495 0.0146185 92.2424 300.558 409.023 425.834 22.1974 5.95501 0 179.39 234.916 181.211 67.3302 71.1016 89.0519 80.6599 0.680038 90.2851 9.03606 60.0251 56.3986 36.0328 16.7855 3.45513 44.7507 47.7028 40.8277 
90.7059 134.926 212.362 117.825 237.693 23.4743 352.183 103.716 854.641 298.057 0 10.9606 12.2678 57.7197 8.78691 1.8352 95.2731 38.7948 93.5288 15.2003 72.406 47.9727 12.6593 0.035953 83.8941 161.572 17.0838 80.848 
120.531 6.64962 131.178 14.4319 145.291 84.8558 217.708 982.034 344.91 8.12081 300.552 0 140.814 162.082 71.4735 492.94 6.03116 151.885 82.7879 95.6238 168.389 45.4313 107.168 85.7541 12.5257 380.6 113.159 20.9992 
81.876 123.862 0.143019 53.2629 53.7072 20.7557 175.603 10.5931 173.545 105.351 156.19 23.6527 0 156.092 5.20435 35.9952 64.4868 2.18016 3.25997 35.9832 32.0848 90.3954 36.5237 45.3979 38.4601 53.2986 24.0083 3.42904 
19.3236 21.894 8.29657 14.8031 42.6647 0.926206 75.6779 93.2675 7.51271 29.4189 8.29237 22.2898 28.0624 0 24.7535 15.6038 0.460762 14.8411 1.6725 2.16807 42.9175 10.2695 0.0727195 9.55521 5.18396 2.30376 5.65113 7.25261 
68.6189 34.9005 1.29215 0.100326 70.5176 14.6074 21.3052 185.039 207.37 81.908 1.83695 36.3944 1.43969 53.3658 0 71.4138 4.2393 12.6168 0.181343 11.6561 23.751 4.21376 24.0054 12.8604 28.1189 10.2834 3.38564 20.8054 
28.0682 80.4463 18.9691 10.0785 74.4757 26.6519 28.8055 46.5517 74.1054 17.2919 1.36999 494.294 76.2446 0.528277 89.6351 0 7.76745 3.53891 12.5398 0.580442 0.0406226 1.48376 1.76335 17.7675 7.86926 27.3678 2.48819 7.68803 
28.8358 154.2 55.5978 5.21288 0.853211 26.5282 1.68023 41.0586 12.7865 79.7922 85.3356 86.4343 32.9752 20.6843 22.1103 0.0187948 0 192.306 492.663 7.64826 61.2031 13.9028 0.486636 13.0342 30.4412 24.9146 1.61159 17.2499 
184.292 123.748 6.87049 63.9659 171.081 88.3098 103.191 21.1953 139.389 2.10987 46.7063 151.472 86.4959 2.32979 63.1065 49.0425 14.3539 0 0.240215 27.2851 123.01 2.08619 10.555 8.93368 9.13742 52.7961 44.8573 13.1197 
5.14061 65.9885 13.8442 29.6467 300.997 32.7425 87.3835 80.4791 122.258 24.5606 121.233 2.49209 47.5325 25.9549 33.2284 30.46 1.13766 2.32527 0 30.7428 57.958 13.2266 0.000998442 0.308031 26.1034 12.1862 0.958263 15.1418 
148.84 67.0929 8.37793 15.4414 71.3608 20.5995 41.1246 42.0671 89.2729 7.34149 84.996 66.8756 0.107777 4.77894 0.621299 0.00709468 26.8684 20.0651 36.1332 0 331.755 3.84196 3.18408 5.8702 2.59014 3.10784 4.58979 1.04305 
219.569 127.812 46.2544 53.61 128.137 77.116 78.5867 110.602 0.149322 89.0838 26.3312 0.162088 71.6006 7.46858 42.0771 10.1995 38.7486 123.319 61.3603 85.7322 0 27.5786 40.0202 0.858419 23.7274 14.0708 44.2872 40.1554 
25.7679 9.29163 7.9549 15.5661 5.86809 13.822 41.0961 0.142264 64.5785 6.2067 1.74374 22.6602 51.2608 5.11045 13.8037 5.46723 19.4339 0.557883 11.58 0.976817 29.6675 0 14.7614 12.675 4.03977 6.12694 4.51361 0.705961 
34.2193 56.9928 0.00691751 12.0398 53.9569 16.0466 45.1512 0.446827 45.8953 59.5256 55.6799 86.9986 27.6133 0.00220501 19.1343 3.70324 8.49117 31.1109 19.4212 2.96068 40.0878 14.7226 0 0.282164 1.79385 0.191227 12.7675 2.99066 
10.3486 36.9821 14.4863 5.09798 0.258213 1.67661 3.50578 134.796 91.218 60.5049 102.138 19.1618 27.5271 6.28602 26.3285 14.8082 19.7879 43.7787 2.95785 4.40961 14.0405 6.77165 19.3948 0 42.3868 16.6655 18.1572 11.4396 
56.3316 80.9308 11.5054 8.24765 47.2085 28.2306 45.4868 14.0666 59.3279 5.20386 124.526 346.215 53.6895 3.39299 26.4387 48.7046 3.17078 6.05568 13.3307 9.87531 52.1862 45.4472 11.6674 14.2434 0 0.327178 106.798 122.777 
38.5069 37.3946 0.923251 43.8137 53.9299 17.644 0.00790092 23.3098 44.5903 73.1011 164.272 55.8158 25.6743 12.8072 3.80976 30.4924 20.0534 53.6054 23.6102 11.5293 53.7908 10.0957 9.061 15.643 20.1051 0 2.39834 16.607 
51.1472 29.7115 0.00793946 10.4501 49.1013 2.11116 3.72425 9.19282 7.75968 2.30113 62.3416 2.18373 31.1247 1.76174 16.9251 3.50911 18.6044 34.1815 3.89445 0.91015 14.6046 4.69447 0.0873722 19.1233 15.4726 16.8686 0 91.6397 
50.7964 56.6768 14.7549 17.939 54.8724 19.9879 71.9391 26.4706 26.7291 44.2019 102.049 82.3926 44.1204 3.04503 22.3487 12.4942 24.3912 9.33406 3.33609 0.194849 2.75306 10.367 9.42124 4.48379 2.38212 11.4633 60.721 0 
