0 744.99 114.39 452.946 149.573 264.573 2.07098 268.631 175.116 112.08 7.91304 220.887 21.9283 30.1724 34.6596 80.441 219.093 161.697 52.5984 106.147 8.53036 1.05095 44.4048 36.5159 187.948 60.9689 13.541 54.2514 
754.323 0 40.3124 263.127 263.705 246.64 117.232 184.371 352.018 1.28834 0.147115 10.5056 146.645 50.2394 66.2727 7.73602 174.095 482.297 3.20144 25.257 156.823 24.3578 56.0754 5.4623 184.229 68.8909 37.0258 45.7655 
207.613 434.741 0 291.928 188.297 58.2726 17.1889 25.5339 175.113 8.87053 40.6097 6.38506 24.1707 16.6978 18.107 1.04146 17.8558 114.415 8.76875 0.139463 51.3353 7.89828 4.37006 3.57023 0.386444 11.2267 0.000443842 6.98123 
408.795 476.237 359.231 0 12.1863 239.354 6.80791 934.866 384.269 4.55477 4.75686 48.8534 15.9828 4.47205 0.315519 37.0306 230.865 140.931 16.0464 12.2273 62.201 6.76399 0.150995 4.21139 200.744 40.9008 25.7855 19.7352 
269.223 530.207 169.666 156.034 0 101.622 92.7892 187.786 163.794 1.03412 214.927 52.5104 9.39135 4.43946 2.68171 3.40523 48.5684 23.39 300.183 89.214 130.018 31.7528 52.9974 56.2349 55.0138 65.0737 41.2496 44.3336 
302.128 222 58.7389 225.505 964.449 0 1100.28 207.108 573.76 456.925 17.5596 150.26 693.462 2.04298 29.6214 12.1793 201.889 74.019 0.00739555 24.2267 65.5559 0.377328 0.426862 14.168 196.574 27.7914 0.599244 21.5107 
60.0038 100.699 238.809 143.676 435.474 889.663 0 240.028 23.5434 38.4005 294.98 259.918 5.06119 11.7381 8.97588 57.3844 103.852 90.9422 39.8121 29.0528 52.092 44.5273 24.7472 45.1358 66.623 39.4071 21.8326 72.9447 
15.7035 10.3534 213.443 437.115 180.235 34.744 301.073 0 232.275 40.8507 325.859 1025.09 137.932 66.9791 29.4711 113.401 47.8404 2.52328 6.1493 45.9464 181.405 35.5879 25.6811 107.337 110.996 64.6773 55.0082 29.72 
410.19 242.344 10.0256 322.332 141.924 409.653 362.454 288.713 0 107.044 71.2679 35.3301 201.312 12.5283 150.882 73.7345 265.417 34.4933 145.856 29.1333 0.814832 64.8651 68.3449 88.2972 240.253 118.766 68.1095 33.7558 
102.033 0.530061 0.309218 88.1487 317.095 467.002 473.76 30.5539 0.228131 0 100.316 240.746 143.66 70.9369 81.3318 90.5418 81.7249 0.0915072 95.6181 7.6447 56.9716 55.1339 33.5923 14.721 4.77624 48.1014 47.7208 39.1319 
81.5689 118.431 224.64 103.88 245.903 10.9104 398.044 78.7108 935.561 391.356 0 0.748703 6.11456 74.9617 35.6998 7.28844 94.8198 44.589 97.8265 17.4861 67.0137 50.2891 17.2843 0.15892 76.1436 157.441 15.0097 84.7056 
133.128 3.3007 119.012 5.82988 139.226 93.6631 201.243 849.371 366.629 14.6684 244.79 0 136.374 157.65 48.3359 460.526 4.93607 151.746 80.4661 94.7011 168.214 47.6379 111.755 99.807 70.4603 397.782 115.514 14.1871 
78.5612 128.528 0.526514 55.5529 45.3126 41.3978 186.333 7.85069 181.054 141.647 139.713 19.1694 0 155.928 9.07813 40.39 64.2428 3.22102 4.49379 35.107 33.9706 90.1989 42.0535 42.3234 40.0523 52.5936 23.1889 2.85173 
20.9231 19.5508 9.02857 15.6513 40.1978 0.564509 79.4843 98.8522 11.4005 25.0067 2.61738 30.5817 16.7179 0 13.2075 13.8761 0.335969 16.1624 1.34171 2.28472 43.3763 10.4864 0.52472 9.04888 4.51538 2.78958 5.34892 7.63833 
69.586 30.8699 0.665361 0.000364565 66.8385 17.0022 28.2889 184.952 195.135 71.6914 3.00027 57.4506 0.200551 42.9982 0 84.1521 3.75396 10.9875 0.376989 11.5787 22.0869 3.66036 22.8926 10.691 29.0493 12.0999 3.8529 20.1952 
31.4224 81.8342 20.0057 12.3563 73.9349 26.2001 24.2897 68.4671 65.0313 21.5629 6.33833 486.051 78.6484 0.0713115 86.4043 0 8.31711 2.7356 11.7407 0.734273 0.00440635 1.76838 2.42878 21.1428 6.84774 29.2865 2.95786 8.75067 
196.162 323.934 55.6874 176.922 0.074467 199.572 0.820377 38.194 181.549 80.9859 86.9523 86.9432 31.2759 20.4446 22.7346 0.0642541 0 217.709 579.04 6.83121 62.2304 14.2588 0.380762 12.6407 201.31 24.5599 1.42926 17.657 
196.438 128.333 12.3177 72.4642 183.452 82.3164 117.378 26.3151 128.564 0.869341 40.8177 151.842 89.0112 1.77192 64.2608 47.5297 29.0144 0 1.24804 30.7376 122.244 2.4652 9.6908 9.84784 10.2958 51.52 44.7669 12.1157 
3.28355 75.9581 16.2692 27.1504 299.465 38.2786 95.733 76.7337 116.298 29.6784 123.428 1.65237 44.5648 25.6032 34.0114 30.5578 8.51404 0.809225 0 29.8758 56.3621 12.6869 0.00583424 0.20102 25.5758 11.4484 1.13159 15.6807 
123.3 76.721 7.01932 12.5393 74.998 21.2783 45.3989 47.2922 92.42 8.71079 84.1318 63.4493 0.252825 4.76006 0.775019 0.000200924 27.6666 23.2284 36.3476 0 316.156 3.95346 3.10741 5.78182 2.29697 2.79434 4.37139 0.890849 
228.943 119.696 38.8663 64.9362 129.598 76.8588 72.9109 100.112 1.01264 87.1164 30.5747 0.0162053 70.5189 6.63109 40.5318 11.8137 40.4499 123.646 62.7377 141.078 0 27.1595 39.9175 1.22709 21.9988 12.4196 44.2386 41.1901 
24.9455 8.34733 7.66988 15.3626 4.97427 13.1979 42.8497 0.347558 63.533 7.62939 1.11033 24.7483 46.3563 4.60735 14.3328 5.88219 19.2179 0.382379 11.0436 0.896013 29.9921 0 15.0587 12.2333 4.5109 5.86235 4.78495 0.816449 
33.076 56.8263 0.00135641 11.4169 53.2541 15.8489 42.5369 0.0595265 41.6374 58.763 48.5117 93.0366 32.8688 0.170488 20.8924 4.54185 8.13776 30.1444 19.0326 2.87867 40.0981 15.0338 0 0.0650239 2.40654 0.0978594 12.5554 2.72661 
8.97296 38.8267 14.1723 5.9711 0.513484 2.04528 4.68312 136.963 93.3854 60.4216 107.369 28.4932 24.4627 5.46511 25.1043 11.2551 19.9707 43.0763 2.62132 4.55528 15.2087 7.45683 20.6846 0 43.853 16.7052 17.7682 11.0207 
229.54 251.204 12.6683 180.49 45.338 199.645 41.775 7.8132 224.228 6.77719 129.75 704.778 52.9528 2.81982 27.5699 29.5449 173.855 7.03591 14.039 10.218 50.9164 8.91047 9.89468 13.1899 0 38.9007 155.146 29.9591 
35.2884 34.217 1.44723 42.9995 55.8508 16.5393 0.297403 37.1578 51.8722 71.5614 161.278 21.0815 27.4625 12.6192 5.13691 31.7289 19.5139 52.376 24.2382 11.6706 52.3108 9.95907 8.77868 16.0147 18.2708 0 1.4009 23.266 
51.2285 28.4287 0.0007721 9.68011 49.1574 1.81905 4.51971 7.21235 9.1619 2.85749 59.9207 3.79567 30.435 1.54817 17.3429 4.04404 18.8738 33.4301 3.58588 1.03628 13.7358 4.96797 0.0310034 18.9569 18.9081 14.5961 0 92.9716 
52.1216 55.4103 14.0492 19.1607 55.3914 20.4332 71.1615 21.3415 30.0138 42.6187 99.5554 93.8025 44.4058 3.39777 22.6978 13.5893 24.4199 8.45168 2.98508 0.271982 3.35965 10.4181 9.26244 4.02574 2.12511 6.49489 48.7612 0 
