0 792.505 111.078 497.916 146.533 314.837 1.5752 270.98 226.963 111.005 8.48153 221.578 22.3925 30.4249 34.2616 80.48 271.154 159.493 53.3658 111.958 9.53524 1.00967 44.494 36.7894 239.051 61.3873 13.3722 54.0741 
805.143 0 49.1586 320.06 252.459 301.455 108.185 187.333 409.333 1.70393 0.0520623 9.76824 146.403 50.601 66.8795 7.43278 225.4 1020.59 2.79409 24.1334 155.922 24.1649 56.0076 5.29827 235.947 68.5132 36.8408 46.0253 
208.409 426.043 0 293.453 188.099 58.8426 19.3829 23.1068 187.311 9.47582 38.1999 7.12307 23.7403 16.6888 17.815 0.96517 18.1875 112.761 8.46742 0.174477 50.1546 7.94192 4.43254 3.64296 0.345598 11.0306 9.24671e-06 6.87588 
452.648 529.737 333.218 0 11.3332 290.992 5.92202 437.806 441.126 4.91166 5.42903 51.6179 16.3184 4.36416 0.26632 37.3044 282.32 140.442 16.3843 11.8013 182.382 6.82003 0.168677 4.33297 252.481 40.686 25.846 19.5491 
269.028 528.728 171.082 156.725 0 110 86.6813 186.489 159.326 1.66712 213.065 53.5574 8.75738 4.62891 2.89501 3.58045 49.7284 24.7265 299.555 89.5305 129.832 31.5197 53.1152 56.2624 54.7718 64.8795 41.3671 44.5179 
353.113 270.527 58.1657 276.349 441.193 0 889.462 206.144 633.877 761.497 19.5968 150.87 469.357 1.95397 29.2742 12.3735 253.667 74.9943 3.23656e-05 24.2442 65.8573 0.350612 0.455475 14.2442 247.877 27.7789 0.625258 21.4591 
57.5028 92.1692 237.019 145.981 434.972 911.079 0 234.125 10.1522 32.4336 303.179 261.517 5.73596 11.2638 9.67827 56.5915 103.559 93.0792 40.9492 28.4458 51.253 44.7873 25.1383 44.7568 67.1319 38.7225 22.0664 73.0099 
14.1797 9.25173 217.006 437.048 178.836 36.6029 295.749 0 245.787 39.3176 328.838 1019.23 138.375 65.9734 30.9321 109.365 47.3904 2.80431 5.87738 45.1393 180.317 35.3196 25.1099 108.325 113.074 61.8392 54.4528 30.5821 
459.992 289.402 13.9551 368.131 146.331 473.29 417.892 274.801 0 112.415 640.297 32.4401 201.776 12.7539 147.722 75.136 316.386 33.2583 146.366 28.527 0.995884 64.7136 67.7197 87.8933 292.602 119.644 67.8614 34.287 
103.162 0.310601 0.435743 87.4834 319.14 471.804 479.483 31.9398 0.0305427 0 89.7215 241.475 137.936 71.4606 82.881 90.7198 81.8725 0.0493279 96.4097 7.43936 56.4989 54.9273 33.2144 14.4114 4.99708 48.6105 47.7179 38.867 
80.1731 115.908 226.253 101.724 247.02 9.38075 404.463 75.0822 940.821 405.165 0 0.237577 5.35137 77.7139 41.3122 8.43889 94.7368 45.504 98.4713 17.8484 66.1868 50.6422 18.0504 0.239208 74.9461 156.699 14.7001 85.2825 
135.049 2.88677 117.093 4.83826 138.261 95.0049 198.612 822.806 369.572 15.8359 236.205 0 135.656 156.842 45.0843 452.528 4.77673 151.691 80.0993 94.5355 168.138 47.9747 112.415 101.965 82.4475 398.847 115.84 13.2466 
78.0409 129.21 0.606806 55.8968 44.0622 44.2545 187.875 7.46296 182.133 147.389 137.151 18.5158 0 155.601 9.76168 41.0691 64.1975 3.39854 4.70016 34.9687 34.2619 90.1212 42.9109 41.8446 40.2933 52.4758 23.0623 2.76734 
21.1714 19.1975 9.14087 15.7799 39.8157 0.516567 80.0443 99.679 12.0755 24.3454 2.02313 31.949 15.1985 0 11.6484 13.5918 0.318485 16.3685 1.29385 2.30271 43.4421 10.5159 0.62912 8.96196 4.415 2.86736 5.30248 7.69706 
69.7193 30.261 0.586849 0.000715017 66.259 17.3763 29.4304 184.78 193.052 70.1029 4.8632 61.0099 0.110127 41.1793 0 85.5062 3.68155 10.7449 0.413316 11.5652 21.8329 3.57774 22.6936 10.3633 29.1798 12.3845 3.92684 20.0965 
31.945 82.0247 20.1586 12.7193 73.8348 26.1209 23.6184 72.0889 63.6462 22.2494 7.41651 481.519 78.9833 0.0383837 85.186 0 8.40257 2.62074 11.6186 0.759417 0.0115775 1.814 2.53842 21.6326 6.71373 29.55 3.03307 8.91663 
247.074 375.129 55.6842 228.504 0.0298079 251.349 0.714978 37.7565 232.684 81.1536 87.1902 87.0113 31.0145 20.4062 22.8292 0.0736456 0 221.389 471.692 6.70853 62.3823 14.3132 0.365602 12.5798 252.749 24.5034 1.4021 17.719 
198.196 128.181 13.2848 73.7754 185.273 81.3729 119.567 27.1438 126.877 0.72622 39.9358 151.866 89.3858 1.69264 64.4281 47.2917 31.6759 0 1.4724 31.2773 122.101 2.52616 9.56023 9.99144 10.479 51.3177 44.75 11.9637 
3.03355 77.5081 16.6537 26.7684 298.67 39.1425 97.0028 76.1493 115.352 30.4957 123.736 1.53821 44.1072 25.5461 34.1271 30.569 10.4692 0.644969 0 29.7382 56.1114 12.6038 0.00864834 0.18656 25.4928 11.3358 1.15947 15.7633 
119.292 78.1973 6.8171 12.1097 75.5382 21.3775 46.0588 48.1059 92.8808 8.92997 83.9822 62.9141 0.280521 4.75665 0.800069 0.000859988 27.7862 23.7283 36.3742 0 312.028 3.97053 3.09543 5.76763 2.25312 2.74712 4.33796 0.868403 
230.199 118.42 37.7602 64.3335 129.794 76.8019 72.0361 98.4994 1.21332 86.8006 31.2487 0.0436123 70.3457 6.50591 40.2905 12.0702 40.7103 123.671 62.9431 150.05 0 27.0939 39.8979 1.28947 21.7353 12.1726 44.2276 41.3459 
24.8182 8.20567 7.62575 15.3301 4.84263 13.1007 43.1161 0.387101 63.3647 7.85945 1.02531 25.0739 45.5991 4.5305 14.4115 5.94611 19.1837 0.358289 10.9613 0.88384 30.0407 0 15.0925 12.1609 4.58601 5.82152 4.82699 0.834093 
32.8975 56.7922 0.0030569 11.3204 53.1386 15.8151 42.1313 0.0319101 40.9876 58.6287 47.4266 93.9386 33.6962 0.233387 21.1425 4.67436 8.08355 29.9942 18.9715 2.86591 40.096 15.0698 0 0.141275 2.51541 0.0862156 12.5206 2.68666 
8.76837 39.1079 14.1211 6.10983 0.560389 2.10485 4.87837 137.223 93.6945 60.3925 108.135 30.0648 23.9984 5.33769 24.8911 10.7213 19.9975 42.9643 2.57113 4.57739 15.3907 7.56205 20.7781 0 44.0059 16.7039 17.7036 10.9546 
281.332 302.536 12.8483 232.154 45.0466 251.164 41.2056 7.00583 274.76 7.03581 130.498 658.108 52.8308 2.73537 27.7328 26.3324 225.269 7.19242 14.1482 10.2699 50.7146 5.3837 9.63472 13.4393 0 48.1301 137.084 25.1736 
34.7952 33.7317 1.5377 42.8515 56.1388 16.3677 0.378856 39.5233 53.0141 71.3003 160.706 17.1181 27.7377 12.5854 5.35529 31.8806 19.4299 52.1806 24.333 11.6905 52.0754 9.93707 8.73328 16.0651 17.9944 0 1.27011 24.338 
51.2357 28.2311 0.00209438 9.5628 49.1621 1.77583 4.64837 6.92727 9.38662 2.94808 59.5422 4.08171 30.3272 1.51633 17.4048 4.12884 18.9145 33.313 3.53933 1.05632 13.6035 5.01032 0.0248604 18.9259 19.4763 14.2513 0 92.8938 
52.3187 55.2085 13.9394 19.3475 55.4652 20.4989 71.0288 20.5919 30.529 42.3698 99.1455 95.5542 44.4447 3.4531 22.7454 13.7561 24.4228 8.31905 2.93258 0.284959 3.45798 10.4252 9.23674 3.9566 2.11079 5.83973 46.8865 0 
