0 920.391 101.121 620.856 137.381 454.849 0.493002 277.651 372.076 107.734 10.2989 223.463 23.8065 31.1805 33.0691 80.5544 416.61 152.788 55.6731 126.777 12.8687 0.890735 44.7531 37.6055 381.644 62.6226 12.87 53.5304 
942.73 0 80.1384 480.642 218.945 455.397 82.7461 196.108 570.622 3.29502 0.0566661 7.711 145.596 51.6744 68.6794 6.55621 368.699 604.97 1.7363 20.8871 153.13 23.587 55.791 4.81988 380.388 67.358 36.2826 46.7977 
210.184 395.464 0 289.946 187.14 60.4469 26.674 16.4984 224.598 11.3991 31.3384 9.56732 22.4615 16.6526 16.9381 0.753141 19.1918 107.707 7.59031 0.302801 46.6438 8.0724 4.62114 3.86411 0.23659 10.4459 0.00258792 6.56242 
572.84 678.174 247.221 0 8.9481 435.092 3.6264 409.069 600.585 6.0585 7.70353 60.2433 17.3402 4.04669 0.143622 38.0929 425.931 138.845 17.4114 10.5546 128.389 6.98865 0.227524 4.70596 396.952 40.0097 26.0219 18.9888 
268.029 521.481 175.027 158.612 0 131.602 69.3343 182.485 146.004 4.46022 207.308 56.733 6.98214 5.21949 3.5821 4.1312 53.2497 28.9315 296.783 90.4307 129.226 30.819 53.4571 56.3324 54.0352 64.2793 41.7153 45.0647 
495.203 405.8 56.3465 418.102 852.098 0 1320.24 202.934 800.7 276.407 26.3172 152.573 542.096 1.69769 28.2164 12.9578 398.269 77.8989 0.0789425 24.2856 66.7418 0.276241 0.546716 14.4694 391.048 27.7284 0.706503 21.2991 
50.2382 68.4411 230.892 152.724 431.902 940.142 0 216.286 3.37896 17.4106 327.313 266.017 8.00535 9.89257 11.9309 54.2067 102.643 99.5358 44.4209 26.6472 48.7554 45.5604 26.32 43.6135 68.6394 36.6824 22.771 73.1838 
10.057 6.30877 227.229 445.431 174.54 42.4061 279.335 0 287.157 34.8583 337.282 988.621 139.651 62.9531 35.4811 97.3948 46.0417 3.73503 5.09684 42.7348 176.944 34.5142 23.4229 111.22 119.259 53.5788 52.7843 33.2198 
598.432 420.563 29.4501 494.978 159.656 653.175 594.37 233.773 0 128.968 641.806 24.4559 203.007 13.5551 127.525 79.342 458.54 29.667 147.815 26.7328 1.6472 64.2467 65.8284 86.6471 438.914 122.198 67.1038 35.8922 
106.513 0.00202889 0.944227 85.4347 324.437 479.577 493.737 36.2493 0.538435 0 60.9939 243.388 120.996 72.9786 87.4707 91.1709 82.2886 0.000367043 98.7343 6.83748 55.0776 54.289 32.0786 13.4965 5.68726 50.1254 47.7002 38.0666 
76.0107 108.382 230.624 95.2626 250.131 5.46685 422.539 64.5942 938.896 445.029 0 0.417872 3.36173 86.0873 60.2591 12.3713 94.4668 48.2836 100.378 18.952 63.7137 51.6954 20.432 0.577916 71.3511 154.309 13.7865 86.9849 
140.774 1.81012 111.278 2.41086 135.321 99.0019 190.587 735.591 377.723 19.586 210.645 0 133.449 154.228 35.8905 424.268 4.31353 151.475 78.9844 94.0016 167.828 48.9803 114.319 108.407 115.519 399.452 116.759 10.6044 
76.4644 131.196 0.881497 56.9139 40.3825 51.336 192.312 6.35619 185.241 164.723 129.446 16.6139 0 154.146 11.9464 43.1072 64.0489 3.95873 5.34556 34.5486 35.1373 89.8125 45.488 40.4008 41.0094 52.1074 22.6814 2.52124 
21.9191 18.15 9.47682 16.1618 38.6662 0.385203 81.6799 102.103 14.2187 22.3945 0.696546 36.1837 11.036 0 7.45297 12.7153 0.268811 16.9913 1.15534 2.35667 43.6315 10.5984 0.993866 8.68789 4.11836 3.10524 5.16332 7.87219 
70.0942 28.4548 0.380462 0.0269449 64.5011 18.5051 32.9525 184.014 186.505 65.331 13.0798 72.1283 0.000263233 35.5115 0 88.4587 3.46793 10.0305 0.53218 11.5223 21.0743 3.33416 22.0553 9.39378 29.5507 13.2445 4.1518 19.7929 
33.5208 82.5586 20.6057 13.8264 73.5078 25.8681 21.6447 83.2831 59.5182 24.3521 11.1371 462.986 79.9302 0.000313642 80.4761 0 8.66035 2.29035 11.2538 0.837149 0.0534716 1.95371 2.8779 23.0401 6.34989 30.2857 3.26322 9.41767 
389.104 517.869 55.6477 372.537 0.0164033 395.95 0.441973 36.4502 375.39 81.6306 87.8862 87.1995 30.2313 20.2886 23.1103 0.105655 0 231.993 251.059 6.34557 62.8274 14.4756 0.321927 12.3969 396.329 24.3311 1.32213 17.904 
203.275 129.515 16.3839 77.7051 190.592 78.514 126.122 29.6923 121.797 0.373754 37.3302 151.886 90.4898 1.46533 64.9131 46.5693 40.2607 0 2.25497 32.9091 121.634 2.71317 9.17236 10.4268 11.0358 50.7014 44.6946 11.5118 
2.34159 82.1726 17.8237 25.6265 295.402 41.7456 100.781 74.3846 112.468 32.9912 124.611 1.2198 42.7336 25.3702 34.4663 30.5965 17.447 0.263665 0 29.3192 55.3514 12.3547 0.0203981 0.146392 25.2405 10.999 1.24504 16.0106 
107.256 82.6048 6.22286 10.8513 77.1255 21.6667 48.0395 50.5586 94.2235 9.60071 83.5071 61.297 0.372156 4.74565 0.877423 0.0055866 28.1396 25.2481 36.444 0 297.113 4.0216 3.05921 5.72415 2.12359 2.60723 4.23789 0.802669 
233.655 114.553 34.4994 58.8933 130.333 76.6035 69.4129 93.67 1.92317 85.8327 33.3021 0.20554 69.8155 6.1363 39.561 12.8522 41.4892 123.707 63.5483 177.148 0 26.8953 39.8335 1.48568 20.949 11.4425 44.1892 41.8075 
24.4352 7.78669 7.49296 15.2306 4.45747 12.8076 43.9095 0.518446 62.8482 8.56704 0.79041 26.0571 43.3274 4.30112 14.6428 6.13789 19.0796 0.290672 10.7149 0.847743 30.184 0 15.1745 11.937 4.81518 5.69893 4.95353 0.888079 
32.3584 56.6762 0.0122471 11.0299 52.7803 15.7086 40.9099 0.000304515 39.0487 58.1996 44.2054 96.5964 36.2029 0.478911 21.8565 5.07627 7.92121 29.5415 18.786 2.8274 40.0835 15.1584 0 0.542474 2.86459 0.0556847 12.4126 2.56797 
8.16639 39.9475 13.9628 6.53264 0.713306 2.28796 5.48597 137.882 94.5814 60.2796 110.364 34.9794 22.6187 4.95527 24.2146 9.15612 20.0762 42.6225 2.42311 4.64322 15.94 7.87701 20.8835 0 44.3452 16.6879 17.5025 10.7537 
425.962 445.776 13.3895 376.433 44.1662 394.981 39.5025 4.84033 415.64 7.83718 132.648 697.838 52.4513 2.4882 28.2029 17.3877 368.783 7.67066 14.4764 10.4239 50.0992 0.638936 8.87713 14.8935 0 73.5306 66.7728 37.9122 
33.3211 32.2825 1.82449 42.3716 56.9903 15.8504 0.681852 46.9588 56.4707 70.4793 158.816 7.6339 28.5636 12.4765 6.0317 32.2718 19.1762 51.5847 24.6141 11.7473 51.3569 9.86949 8.5941 16.2053 17.1762 0 0.915246 27.6035 
51.2485 27.6379 0.0099431 9.21295 49.17 1.64905 5.04427 6.10415 10.0749 3.22778 58.3983 4.99972 30.0009 1.42252 17.5865 4.38687 19.0356 32.9594 3.40124 1.11752 13.2085 5.13772 0.0104927 18.8244 21.2381 13.2278 0 92.2085 
52.8991 54.5929 13.6082 19.9057 55.6768 20.6914 70.6101 18.41 32.089 41.6153 97.875 100.789 44.5537 3.62063 22.8782 14.2536 24.4293 7.92621 2.77758 0.325661 3.76081 10.4453 9.15772 3.75142 2.10736 4.06586 41.2713 0 
