0 965.156 95.3254 664.615 132.035 509.276 0.143776 281.273 429.717 105.798 11.4357 224.43 24.6457 31.6196 32.3748 80.5683 474.245 148.818 57.0209 133.391 15.0299 0.824712 44.8982 38.0781 437.619 63.3284 12.58 53.2051 
992.945 0 100.948 547.387 199.712 518.109 69.1966 201.141 637.508 4.45963 0.260056 6.61937 145.072 52.2924 69.7141 6.06815 425.152 980.361 1.23386 19.0834 151.441 23.2504 55.6556 4.55044 437.441 66.669 35.9551 47.2438 
210.79 374.853 0 282.421 186.33 61.3068 31.3966 13.1264 246.551 12.5937 27.6037 11.1501 21.7247 16.6252 16.4264 0.641232 19.7836 104.705 7.0977 0.393689 44.62 8.14811 4.73193 3.99518 0.182447 10.1076 0.00677957 6.38156 
615.422 736.605 204.657 0 7.67947 491.876 2.5418 1176.49 666.071 6.77942 9.20575 65.4889 17.9461 3.86591 0.0893478 38.5291 482.472 137.825 18.0195 9.85076 402.494 7.08733 0.265859 4.92911 454.004 39.5936 26.1205 18.6606 
267.16 515.345 177.113 159.584 0 141.489 59.9436 180.075 138.312 6.70177 203.84 58.6084 6.03581 5.57893 4.01525 4.46953 55.3302 31.5143 294.558 90.921 128.84 30.4096 53.6483 56.3647 53.5985 63.917 41.9154 45.3796 
550.783 457.808 55.2196 473.546 287.764 0 683.942 200.846 868.697 599.465 30.6435 153.477 552.204 1.55584 27.5892 13.2992 455.404 79.5767 0.19483 24.302 67.2438 0.236891 0.603648 14.5984 447.343 27.6898 0.756096 21.2023 
46.1753 55.9966 226.813 156.527 429.039 931.168 0 205.832 22.6461 10.7242 340.993 268.434 9.49635 9.12912 13.3434 52.8128 102.081 103.33 46.4856 25.6145 47.3125 46.0065 27.0146 42.9427 69.5043 35.5028 23.1841 73.27 
7.96831 4.84628 232.843 455.468 171.968 45.9394 269.49 0 311.664 32.3582 341.852 962.127 140.358 61.1914 38.2439 90.5386 45.2563 4.3381 4.66603 41.3451 174.902 34.0441 22.4578 112.859 122.825 48.9529 51.8093 34.7923 
651.812 470.383 40.9356 541.935 167.482 730.428 700.309 210.53 0 138.886 329.563 20.2875 203.614 14.1097 112.233 81.7916 514.231 27.6523 148.603 25.7042 2.10164 63.9661 64.7147 85.8968 497.04 123.629 66.6531 36.8358 
108.442 0.0645058 1.32974 84.2044 326.932 479.622 499.955 38.8644 1.59544 0 46.5232 244.312 111.331 73.826 90.1009 91.3762 82.5129 0.0255663 100.054 6.49649 54.2462 53.9039 31.4148 12.9727 6.10862 50.9998 47.6837 37.5957 
73.6009 104.028 232.842 91.5039 251.775 3.66027 432.207 58.7668 924.719 466.962 0 1.70891 2.41133 91.0384 72.6608 14.9905 94.2948 49.9282 101.47 19.6066 62.2762 52.3053 21.8769 0.843062 69.2555 152.803 13.2645 87.9577 
144.083 1.29656 107.852 1.37844 133.576 101.31 185.822 680.509 381.992 21.9412 195.939 0 132.125 152.571 30.9403 405.098 4.05368 151.312 78.3241 93.6645 167.593 49.5632 115.375 112.134 130.138 398.008 117.253 9.19044 
75.5344 132.311 1.06502 57.4968 38.2886 54.1598 194.766 5.74979 186.962 174.853 124.946 15.5466 0 152.97 13.3108 44.2954 63.9536 4.30443 5.73983 34.2999 35.6489 89.5804 46.9923 39.5543 41.4222 51.8823 22.4587 2.38263 
22.3573 17.548 9.67199 16.3819 37.9938 0.317319 82.6028 103.476 15.5488 21.2806 0.241087 38.7415 8.89291 0 5.38251 12.1903 0.24175 17.3574 1.07801 2.38816 43.7366 10.6422 1.2403 8.51917 3.9485 3.24698 5.08227 7.97352 
70.2953 27.4164 0.280442 0.0596769 63.463 19.1672 35.071 183.393 182.493 62.5488 19.6425 78.8898 0.0481076 32.1183 0 89.3785 3.34587 9.62316 0.608359 11.4956 20.6345 3.1951 21.6553 8.83911 29.7524 13.7497 4.28515 19.6107 
34.4452 82.844 20.8583 14.4833 73.2985 25.7102 20.5226 90.0103 57.1331 25.6063 13.6364 448.931 80.442 0.0202582 77.0547 0 8.81166 2.10749 11.0422 0.884071 0.0920168 2.03712 3.08278 23.8129 6.16459 30.6757 3.40055 9.71186 
444.757 573.841 55.6077 429.352 0.0921056 453.084 0.312775 35.693 431.441 81.8907 88.2797 87.2979 29.775 20.2184 23.2724 0.126974 0 237.851 502.759 6.13753 63.0802 14.5699 0.297724 12.2899 452.865 24.2285 1.27648 18.0111 
206.098 132.701 18.3243 79.992 193.589 76.8281 129.935 31.2216 118.822 0.221606 35.8396 151.86 91.1194 1.34009 65.1844 46.1424 45.6633 0 2.78708 33.8685 121.335 2.82514 8.9489 10.6839 11.3658 50.3355 44.659 11.2509 
1.97841 84.9002 18.517 24.964 292.894 43.27 102.96 73.3478 110.757 34.4758 125.087 1.05095 41.9323 25.2643 34.6587 30.6082 22.1944 0.118586 0 29.0704 54.9027 12.2095 0.0295419 0.125194 25.0912 10.8036 1.29629 16.1545 
100.268 85.156 5.88509 10.1402 78.0276 21.8293 49.1946 51.9963 94.979 10.0009 83.2118 60.3463 0.431534 4.73868 0.924069 0.0102468 28.3421 26.1476 36.4776 0 286.777 4.05129 3.0379 5.69816 2.0495 2.52684 4.17973 0.765418 
235.451 112.273 32.6398 53.6006 130.615 76.4687 67.8842 90.8615 2.41166 85.254 34.5216 0.355147 69.4989 5.92492 39.132 13.3167 41.9419 123.7 63.8937 192.866 0 26.7783 39.7918 1.60632 20.4935 11.0247 44.163 42.0729 
24.2109 7.54639 7.41526 15.1713 4.23956 12.6356 44.3681 0.603834 62.539 8.99154 0.667325 26.635 42.0043 4.16826 14.7745 6.2497 19.0179 0.254484 10.5715 0.826985 30.2661 0 15.2088 11.8019 4.95135 5.62731 5.02764 0.92028 
32.0413 56.5992 0.0204358 10.8598 52.5633 15.6428 40.195 0.0173969 37.9259 57.9311 42.3528 98.1117 37.6798 0.660108 22.2466 5.31316 7.82678 29.276 18.6763 2.8048 40.0721 15.1966 0 0.892856 3.08353 0.0409302 12.3472 2.49956 
7.82352 40.434 13.8674 6.78368 0.810906 2.39776 5.85552 138.184 95.0707 60.1958 111.617 37.9777 21.8238 4.73264 23.7953 8.27421 20.1207 42.4189 2.33857 4.68125 16.2627 8.06 20.8232 0 44.4598 16.6704 17.3802 10.6348 
483.103 502.098 13.7058 433.392 43.6491 451.65 38.5132 3.75684 470.619 8.32221 133.836 405.597 52.2205 2.34851 28.464 13.0492 425.286 7.95572 14.6681 10.5127 49.7334 2.23703 8.45174 16.2319 0 83.9818 34.385 60.9669 
32.4651 31.4425 2.00227 42.0673 57.478 15.5473 0.899172 51.5172 58.5045 69.9747 157.596 3.82038 29.0448 12.4078 6.44027 32.4551 19.0272 51.2304 24.7758 11.7784 50.9298 9.82898 8.51087 16.2793 16.7074 0 0.73441 29.5321 
51.25 27.2919 0.017207 9.01034 49.1702 1.57707 5.28196 5.64648 10.486 3.39635 57.7252 5.57634 29.8086 1.36899 17.6897 4.53991 19.1054 32.7516 3.32173 1.15391 12.9797 5.2123 0.00492791 18.7594 22.303 12.6389 0 91.4988 
53.2298 54.2265 13.414 20.2294 55.7934 20.8003 70.3517 17.1852 33.0082 41.17 97.1063 103.824 44.6118 3.7194 22.9488 14.5411 24.4314 7.70066 2.68888 0.350622 3.94281 10.4562 9.11026 3.63339 2.1324 3.16967 38.0254 0 
