0 650.901 11.3115 341.927 208.67 333.156 10.9604 110.706 333.181 3.24153 192.979 30.6077 21.7635 39.251 45.073 63.196 394.938 235.126 15.0953 129.308 125.976 2.0568 10.8277 25.5422 351.797 77.2187 51.2301 32.049 
583.007 0 94.8175 358.848 516.479 501.812 216.235 119.55 416.031 67.4642 11.8141 0.516582 112.087 15.844 7.35936 0.0460767 289.884 748.546 121.455 112.991 14.0601 49.2615 28.4639 0.499835 316.631 2.15806 52.2277 62.129 
168.689 380.93 0 108.483 179.837 32.1176 240.307 126.089 350.506 0.19314 231.753 187.668 6.28613 11.2526 29.8457 1.23353 22.7093 52.5958 61.4191 13.1302 20.3194 0.403791 0.254662 9.29484 0.141594 14.0816 18.9334 19.38 
383.223 581.974 343.201 0 141.402 289.836 33.8017 1251.76 588.433 0.031669 200.042 137.443 47.7594 5.56939 37.1309 40.0521 289.342 2.75785 46.4461 47.399 581.761 1.67448 2.38135 13.4371 317.117 25.4394 22.8838 6.63181 
257.806 380.132 184.836 29.105 0 376.034 5.2207 150.116 39.3372 288.624 49.057 62.405 23.4537 54.4145 8.03873 66.5395 32.478 122.525 222.67 3.34535 6.5195 13.9996 43.0514 17.9251 26.3694 70.0084 37.0398 3.76587 
386.811 420.845 66.1955 321.526 224.137 0 826.86 146.77 652.961 676.193 57.5982 6.16456 15.7232 21.9593 0.076921 11.4342 344.7 70.5828 0.321844 21.8295 2.00327 2.82691 11.1157 2.33117 294.25 25.4251 12.4383 14.8356 
87.5751 196.307 4.96321 203.176 291.111 958.359 0 336.581 12.3178 505.08 487.206 28.8779 44.2491 24.431 24.3861 3.12224 0.377287 209.636 0.294411 93.8343 0.130319 62.7877 56.6078 48.6764 88.8423 87.9561 39.6896 57.0306 
155.2 279.846 200.729 319.267 140.643 29.0929 379.024 0 10.3806 141.454 33.9448 27.7003 83.0663 55.4203 183.629 0.670277 3.28837 0.692665 96.028 103.003 88.0175 34.5512 35.8033 0.0462596 193.506 162.032 58.2999 118.287 
546.486 401.752 473.013 305.521 279.757 479.576 654.889 657.494 0 368.627 441.283 85.3667 163.55 140.988 161.374 152.369 398.894 0.386579 3.32951 27.1778 140.661 0.0170741 79.4185 47.5511 344.255 42.8823 10.5057 68.023 
148.463 43.2298 4.04136 100.811 3.22906 507.283 5.05331 218.083 339.064 0 125.823 176.534 42.2184 0.151833 23.7777 0.110381 20.7107 30.6628 122.123 55.3919 55.9073 2.90091 16.2205 6.11138 39.5404 0.240475 0.275798 51.2853 
92.5918 59.8649 0.437613 44.1684 213.1 176.837 459.524 314.11 594.721 359.588 0 433.656 208.816 68.0314 380.331 221.505 24.2797 149.223 87.1322 7.0556 93.9184 68.9347 31.6382 2.39615 124.242 164.872 8.8929 108.311 
4.63915 0.52793 30.1412 253.479 130.019 10.626 246.568 39.575 315.966 6.18995 472.302 0 121.092 0.672996 0.52964 29.4721 85.4857 30.636 31.0577 5.62122 154.996 75.4548 106.607 5.62697 5.22744 5.86022 69.5061 117.086 
95.1331 41.2785 11.0779 9.50457 68.4052 165.414 60.7547 70.623 124.762 254.041 239.436 8.4165 0 156.369 117.716 32.9893 0.0272696 3.09083 46.0921 3.21859 10.6098 56.1723 74.9763 60.9781 42.5233 54.2206 28.0456 44.9941 
30.4041 56.8891 0.535353 20.3483 46.8397 21.3784 79.1011 107.761 140.54 80.4049 202.72 154.608 20.3657 0 30.9656 18.2454 1.4285 50.6346 24.2811 0.420322 0.151273 0.0313401 2.04433 0.0945593 15.718 10.7483 3.72217 1.2639 
0.260459 89.624 30.7617 38.4721 93.8837 40.7444 6.68877 37.2496 150.462 93.4816 321.545 182.064 97.8872 4.75114 0 85.2195 26.9595 12.6813 4.66314 1.40031 0.25269 7.12461 20.4829 16.6987 29.5507 24.3688 8.15128 7.28999 
4.23732 83.953 24.8494 37.7528 4.45819 3.07209 2.60513 227.48 1.8128 63.5965 220.49 66.7799 74.3595 2.66936 55.2054 0 0.00575995 4.20307 13.143 0.275525 28.8606 4.446 7.45334 27.1326 33.4582 14.103 10.6999 22.1916 
300.323 433.108 55.2178 343.893 3.04783 343.873 94.6171 0.715788 359.007 18.9732 61.9228 0.0546851 29.2567 21.6502 0.889481 6.79155 0 11.2038 413.764 0.469889 0.09596 19.015 4.90782 3.08877 316.775 27.3213 18.7373 23.7577 
47.6845 328.801 62.4431 117.489 235.573 85.5753 223.543 19.535 36.8189 37.0952 4.29122 25.0026 88.7279 40.0426 63.0599 19.3593 185.035 0 17.6277 26.1159 75.7395 11.1119 36.7424 9.15078 52.4645 5.41476 34.4197 39.7501 
30.5027 158.654 25.9655 2.77701 217.924 33.7945 25.0729 107.69 98.0076 99.2337 48.7306 14.505 78.6477 0.529594 38.2146 1.66715 160.645 5.07714 0 31.7117 5.95314 15.5491 4.7825 3.82513 29.0731 28.7306 21.2456 19.9151 
191.117 70.1255 26.4343 47.3051 0.133855 24.302 9.41526 33.7811 93.8934 20.9515 59.8379 5.33775 42.7946 1.54213 11.1947 0.106215 33.4538 19.0079 35.7851 0 298.495 6.06806 3.97065 1.93579 4.70553 0.42207 2.36704 9.91569 
213.331 0.170933 11.7252 191.446 0.199439 6.80028 1.9376 14.7875 139.428 86.4009 108.637 11.3572 38.9699 42.0397 8.39548 5.64271 11.6298 59.6308 22.1742 174.889 0 0.0135377 28.67 47.9059 0.562719 28.084 44.2817 1.19107 
27.4733 50.9739 12.5738 16.7734 43.4381 17.4682 62.5402 66.5336 0.176913 56.935 2.11233 63.385 90.0463 7.8034 9.87754 0.870452 2.04368 1.65425 13.9228 1.52052 15.2144 0 0.0585347 0.206096 1.99652 9.058 1.20058 2.0684 
4.5517 32.2943 6.00483 18.2361 16.728 5.82024 20.4395 1.78262 53.9967 48.0509 133.378 86.2842 67.2505 2.90152 3.44297 9.64439 0.0272564 45.0313 23.0534 3.86064 26.3804 0.0726737 0 20.8008 0.356467 4.86718 13.2571 0.255544 
18.238 50.4346 3.72112 15.6703 46.0135 2.46245 50.9378 21.021 96.4878 24.7765 116.252 10.8768 69.3519 0.882645 2.57374 0.782657 19.5392 33.9057 8.92438 0.494745 37.869 12.7443 0.971299 0 6.74251 11.6545 10.702 10.5789 
305.329 319.754 13.977 331.53 16.0843 291.693 12.0886 42.1322 372.469 43.1801 84.2887 257.749 51.5602 14.5757 28.2029 86.5023 289.117 55.2143 0.134824 10.5785 19.8612 3.13524 24.4488 38.0988 0 3.1049 83.9438 144.398 
11.8623 6.50399 26.9293 20.9863 29.5925 9.26793 85.3048 203.105 0.873806 43.4118 166.161 368.284 9.64502 0.220779 17.0302 18.9933 26.2449 6.09367 0.16468 11.8708 61.5519 4.45536 0.99378 14.4516 18.3929 0 4.38171 50.4256 
11.7666 54.4804 18.9965 0.0740701 48.4291 19.4847 56.5568 98.4683 66.6316 43.0652 51.407 11.9692 34.3028 7.90913 19.5663 9.30253 6.60474 14.199 7.62343 2.63667 16.0698 1.31262 2.55797 13.569 33.5357 0.626532 0 5.6485 
60.986 10.1288 22.1726 21.2535 0.208194 22.8925 70.0255 12.6771 71.694 53.4519 66.0511 4.0703 0.886285 0.0126233 19.3786 19.6966 14.3178 35.7097 0.787983 5.38244 36.5757 10.5006 2.92216 14.4433 34.2467 0.959209 21.4717 0 
