0 577.678 61.8084 299.432 100.335 213.905 2.42518 298.494 157.105 93.8261 19.3973 228.15 29.8862 34.2241 28.2459 80.1957 198.476 124.392 65.0991 145.854 31.1456 0.481175 45.6735 40.8522 152.075 67.3158 10.8888 51.1333 
632.624 0 251.075 327.873 95.4487 273.703 11.9242 229.593 415.858 14.9841 4.56165 1.79403 141.112 55.8601 75.6508 3.51459 143.501 1099.25 0.0181207 9.79392 140.444 21.2421 54.7046 3.08623 158.348 62.3224 33.9622 49.8416 
207.735 225.247 0 172.684 177.713 65.187 65.9215 0.894287 370.015 20.7975 9.82345 22.932 17.4666 16.3651 13.3842 0.156537 23.4078 86.1303 4.4553 1.18166 32.9936 8.59602 5.40629 4.80968 0.0049899 8.1353 0.073442 5.33018 
250.158 450.715 181.699 0 2.05826 210.071 0.0764603 330.37 430.619 11.8739 20.8018 99.5407 21.7196 2.85338 0.0331272 40.7545 199.883 130.398 21.7875 6.03921 337.181 7.68263 0.557109 6.34766 174.6 36.7885 26.6481 16.6778 
257.638 451.51 186.048 163.35 0 178.721 16.8573 164.579 94.2913 29.168 181.544 70.1553 1.78002 7.9601 7.10019 6.7561 68.1186 48.8592 272.314 93.3092 126.031 27.948 54.6661 56.4254 50.8753 61.5637 43.068 47.201 
261.342 153.873 47.5884 184.26 248.545 0 1263.01 185.213 617.832 560.619 62.1276 157.471 386.529 0.827921 23.7068 15.3454 176.58 89.3067 1.95946 24.2795 70.0271 0.0639261 1.00129 15.3322 163.45 27.3197 1.08728 20.569 
24.8785 6.61033 195.456 176.893 396.117 530.714 0 144.025 439.901 4.71893 413.931 279.533 20.9115 5.14542 23.232 44.4719 98.3197 126.262 59.3798 19.7113 38.9123 48.6026 31.2494 38.8732 74.4447 28.6324 25.6892 73.5505 
0.508228 0.107455 260.172 497.185 155.631 69.0615 207.838 0 456.271 19.0737 363.306 695.721 143.993 50.6998 56.2738 52.5923 40.5747 8.86652 2.46943 33.2587 161.611 31.2255 16.9923 121.823 143.253 24.81 45.9614 44.6832 
348.267 156.819 140.798 206.905 214.327 555.383 1218.9 89.2841 0 200.693 950.793 3.30033 205.506 18.7929 119.677 96.2809 226.569 16.8925 152.416 19.8407 5.96335 62.1567 57.9064 81.0568 224.057 131.251 63.8193 42.5906 
119.522 4.16865 4.98563 76.3384 332.371 418.442 503.03 55.9614 19.4198 0 0.483253 246.827 58.8112 78.2771 104.882 91.7026 83.5692 1.00641 107.355 4.61466 49.2397 51.4064 27.4319 9.99668 8.91555 56.072 47.4879 34.7198 
59.5183 78.762 240.747 69.4336 258.914 0.427033 474.664 28.8784 703.169 569.229 0 27.3505 0.0191728 121.081 162.455 35.3301 93.0408 60.1071 107.682 23.6909 53.7692 55.8871 31.3279 3.46394 56.8074 142.155 10.3112 93.451 
163.276 0.010949 87.0727 1.21865 122.674 114.672 156.304 330.894 399.621 38.4844 113.874 0 123.661 140.755 8.49356 262.436 2.65786 149.776 74.2194 91.254 165.339 52.9965 120.822 133.655 120.566 362.691 119.561 2.7738 
69.8165 138.307 2.52096 60.8218 26.6385 47.6303 207.234 2.73344 195.795 233.623 98.1974 9.82662 0 141.147 22.7715 51.3555 63.25 6.6656 8.37309 32.7546 38.7275 87.3955 55.9287 34.4373 43.8159 50.379 21.1158 1.62977 
25.008 14.0878 10.8239 17.6566 33.9463 0.0474211 87.6155 111.021 24.6848 15.0287 2.46318 55.2274 0.814713 0 0.0588059 8.93093 0.109338 19.5943 0.66851 2.57695 44.2817 10.8359 3.13544 7.39034 2.98473 4.13835 4.59913 8.56709 
71.2266 21.4516 1.82763e-05 0.523879 57.0734 23.1533 48.6134 177.051 155.922 46.1832 83.1524 122.419 2.05564 12.8944 0 82.2576 2.65455 7.33225 1.16969 11.3095 18.0438 2.4113 18.8832 5.73915 30.7262 16.8004 5.11593 18.4448 
40.0406 84.1427 22.2362 18.5564 71.7631 24.6089 14.2939 132.172 43.322 33.4922 33.3329 325.325 82.8596 0.781736 49.297 0 9.73191 1.16627 9.79228 1.18922 0.540531 2.56558 4.39932 27.5122 5.48294 32.3639 4.26884 11.4941 
157.397 286.9 55.0793 148.838 1.83183 174.285 0.0055958 31.2295 146.486 83.1656 90.4432 87.712 27.0508 19.772 24.2165 0.295664 0 266.988 364.815 4.94776 64.4833 15.1279 0.172098 11.6443 170.442 23.5822 1.01861 18.6413 
220.688 213.036 31.8342 93.4882 209.754 66.5137 152.386 41.004 100.901 0.139524 27.3906 151.141 94.6646 0.70407 66.6254 43.5032 83.2306 0 7.12022 39.7148 119.128 3.54053 7.65284 12.2718 13.4211 48.0478 44.3949 9.73266 
0.437253 101.198 22.8193 21.0616 269.084 52.4038 115.55 67.0313 100.107 43.7606 127.41 0.300435 37.1405 24.581 35.7246 30.6124 56.8928 0.449523 0 27.5152 52.1332 11.34 0.11976 0.0327232 24.1654 9.64931 1.62408 17.01 
60.5847 99.9497 4.01401 6.27752 83.0395 22.7063 56.0793 60.6777 99.0604 12.5307 81.1669 54.5521 0.87853 4.68847 1.22667 0.0675623 29.4959 31.7169 36.5691 0 205.75 4.22765 2.90723 5.53266 1.62837 2.06482 3.83426 0.559448 
242.682 98.3179 22.2673 17.1567 131.788 75.3686 58.7753 74.2926 6.47248 81.5777 42.1421 2.10032 67.4898 4.72411 36.5089 16.2248 44.6249 123.226 65.844 277.353 0 26.0578 39.4786 2.42471 17.816 8.65167 43.9466 43.6003 
22.8559 6.17199 6.94576 14.7956 3.03928 11.5904 47.0471 1.25076 60.5646 11.7101 0.146717 30.1587 34.1625 3.39086 15.5104 6.91723 18.6314 0.087652 9.71775 0.707088 30.7333 0 15.2033 10.9264 5.80065 5.19733 5.47597 1.12421 
30.1041 55.9932 0.113134 9.83408 51.1407 15.1938 35.8819 0.66823 31.3515 56.0466 31.744 106.587 46.6649 2.25419 24.1296 6.75095 7.26401 27.6624 17.9971 2.66709 39.9397 15.2147 0 4.56755 4.61696 0 11.9196 2.10274 
5.90044 43.2945 13.2491 8.35068 1.52491 3.10096 8.29763 138.694 97.5575 59.4188 118.333 57.6999 17.236 3.42929 20.9451 3.68803 20.366 41.1356 1.85989 4.90346 18.2295 9.1394 18.6566 0 43.8523 16.4382 16.5723 9.89811 
204.169 218.154 15.6026 153.716 40.4981 169.964 32.6671 0.126964 179.164 11.4882 139.881 669.17 50.6958 1.58409 29.8135 11.1942 142.731 9.7562 15.8194 11.0279 47.4396 55.9461 6.18406 30.9578 0 42.8186 160.246 118.124 
27.4171 26.5086 3.22394 39.8832 60.2566 13.7175 2.82054 81.6226 70.8752 66.5684 148.531 8.50797 31.9186 11.9178 9.08102 32.84 18.1179 49.0079 25.7102 11.9329 48.2492 9.56983 7.98244 16.6004 14.0563 0 0.0649393 41.0305 
51.1667 25.2173 0.102236 7.8211 49.1044 1.17655 6.81029 3.25925 13.0952 4.48966 53.608 9.65068 28.6284 1.0668 18.2642 5.49366 19.5116 31.4821 2.86165 1.38296 11.6323 5.66287 0.0151865 18.2806 29.1559 9.26982 0 82.7326 
55.0878 51.9219 12.2348 22.1366 56.3863 21.4023 68.5872 10.6245 38.6486 38.4239 92.0891 121.504 44.8744 4.3261 23.2635 16.2147 24.4188 6.40498 2.18396 0.518944 5.11642 10.5087 8.80541 2.95302 2.68032 0.113751 19.9838 0 
