0 424.682 34.2344 206.102 71.9249 183.638 11.4357 307.109 153.398 82.0561 28.6686 228.306 35.1609 36.6386 24.4089 79.1207 187.024 100.869 72.6752 155.547 50.9223 0.238796 46.2564 43.3771 131.71 70.6749 9.36246 48.9816 
492.385 0 389.269 365.884 26.6823 291.027 1.79234 253.039 450.174 30.2382 13.4302 0.0243423 136.098 59.0022 80.7953 1.70699 128.425 445.158 1.74163 3.66497 128.783 19.3556 53.5841 1.94405 144.044 57.8872 32.0284 52.1766 
194.537 86.398 0 48.3185 163.98 66.6762 105.683 2.65194 450.597 30.0276 1.11586 37.3937 13.7182 15.9683 10.5954 5.33609e-05 26.934 68.2015 2.47414 2.30089 23.0378 9.01062 6.05849 5.62327 0.0724662 6.37762 0.202706 4.39069 
167.506 406.859 13.4352 0 0.0214988 191.453 4.22026 895.187 443.065 17.8483 35.5576 134.26 25.5 2.01447 0.408416 42.1963 181.604 121.427 25.5254 3.17708 61.1632 8.25312 0.929786 7.8094 159.498 33.6854 27.046 14.7872 
242.104 356.949 188.498 163.555 0 263.076 0.264824 148.455 57.7447 63.2711 158.509 81.4851 0.0655311 10.5638 10.7712 9.32142 80.5416 67.8634 238.754 94.6695 122.596 25.6071 55.4234 56.2712 48.1346 59.0531 44.0851 48.8203 
234.998 125.921 39.3235 159.628 774.551 0 1178.75 166.021 567.284 495.1 98.8229 158.919 383.227 0.340938 19.9131 17.2599 162.178 97.8569 5.28721 24.0664 72.2903 0.000867891 1.46588 15.9618 144.215 26.7508 1.45483 19.8865 
10.2472 4.95457 157.377 191.504 342.95 55.8245 0 90.3585 1019.49 52.5172 462.872 284.391 35.3694 2.36461 34.6053 36.704 94.1471 147.794 72.2088 14.6373 31.41 50.9305 35.3491 34.9606 78.699 22.5159 28.1056 73.4389 
1.70744 2.1333 274.34 365.3 138.936 93.2229 148.809 0 571.7 9.44561 373.428 362.206 146.459 41.0282 75.1509 24.1388 36.1935 14.5718 1.01266 26.073 147.527 28.5567 12.3697 128.794 160.482 8.79558 40.4448 54.6592 
307.467 125.637 263.4 151.031 256.618 593.934 1254.91 17.5612 0 258.952 1447.56 0.599939 204.495 25.4092 225.187 109.393 203.535 8.94354 154.542 14.8164 11.39 60.2424 51.3041 75.9626 214.933 136.821 60.9305 48.166 
129.113 13.835 10.4948 68.2281 322.211 287.996 452.697 74.0824 53.2175 0 26.8925 244.354 21.9324 81.415 116.775 90.5705 84.1057 3.24669 113.201 3.09864 44.4752 48.7535 23.6841 7.45877 12.0014 60.5551 47.1487 31.92 
46.9204 56.7173 239.345 49.882 261.211 9.51221 487.146 9.68107 515.8 604.766 0 77.791 3.05559 148.667 257.599 60.8717 91.4998 70.1876 112.999 27.7978 45.9315 59.1522 41.3737 7.54733 45.3941 129.745 7.80201 98.0764 
180.108 1.65965 67.5869 10.5862 111.743 126.34 127.591 74.7427 402.964 57.6013 51.8499 0 114.873 126.902 0.100484 120.513 1.59468 147.434 70.1069 88.3652 161.88 56.1433 124.495 151.993 139.109 293.384 120.684 0.120605 
64.1964 142.831 4.45511 63.6834 17.2137 24.191 215.179 0.880273 201.664 281.335 73.9131 5.53206 0 123.276 33.49 57.8378 62.3731 9.35495 11.285 31.2061 41.661 84.1021 64.0709 29.5761 45.9476 48.7148 19.8304 1.0412 
27.5509 11.0657 11.8754 18.7839 30.1054 0.0126434 91.4745 116.967 35.0001 9.89547 12.2734 72.2077 1.21547 0 7.09078 5.90025 0.0313081 21.7764 0.367352 2.75577 44.6625 10.9081 5.30385 6.17981 2.16768 5.03856 4.14629 9.10486 
71.6671 16.2742 0.246207 1.38431 50.8137 26.8764 62.4387 167.073 127.894 31.7759 170.864 165.419 6.62542 1.56122 0 58.8828 2.064 5.40942 1.86676 11.0921 15.6677 1.75288 15.7957 3.27635 31.2607 19.6594 5.95072 17.231 
45.3753 84.708 23.3051 22.5418 69.8689 23.331 9.26622 172.174 31.2992 41.3965 58.4165 179.221 84.0807 2.45633 20.6836 0 10.6253 0.523487 8.6399 1.51533 1.30986 3.10894 5.74521 29.1994 5.53542 32.8602 5.15892 13.1899 
135.508 263.077 54.1239 133.198 5.49661 159.941 0.460267 27.1339 126.897 83.915 92.1772 87.8237 24.4916 19.3086 25.0656 0.520657 0 283.39 260.736 3.91529 65.6342 15.6456 0.0840624 11.0253 152.634 22.9201 0.798905 19.2204 
230.44 334.888 47.1817 105.672 221.857 56.5674 172.53 51.1687 84.0452 1.38287 20.2196 149.561 97.6474 0.285384 67.6916 40.8816 124.656 0 12.9802 45.3542 116.389 4.28939 6.49464 13.8502 15.4889 45.7343 44.0635 8.36637 
0.00265904 116.229 27.0809 17.5037 234.357 60.8363 126.52 60.9152 89.5078 53.0441 128.745 0.00858035 32.6425 23.8564 36.5925 30.5107 90.4598 2.66601 0 25.945 49.386 10.518 0.261665 0.000255064 23.2385 8.58357 1.96791 17.8106 
30.0841 112.762 2.51711 3.35651 87.1045 23.3749 62.4656 68.909 102.181 15.1243 78.7998 48.9472 1.44654 4.62748 1.54954 0.168468 30.491 37.228 36.4805 0 116.472 4.39243 2.77883 5.36062 1.26687 1.65988 3.51186 0.391943 
243.708 84.8199 13.9003 33.9047 132.073 73.8666 50.2986 59.2386 12.0787 77.7745 49.8139 5.09005 65.4105 3.69346 33.9488 19.1638 47.1168 122.092 67.4974 325.308 0 25.3442 39.0812 3.35053 15.3704 6.62054 43.6469 44.9456 
21.5539 4.97551 6.49522 14.4077 2.07262 10.5815 49.4673 2.0783 58.5044 14.5469 0.000961026 33.5838 27.0071 2.6933 16.1181 7.54213 18.2389 0.00946795 8.91769 0.600615 31.1377 0 14.8635 10.0041 6.6465 4.78893 5.90743 1.33496 
28.2127 55.1906 0.270001 8.85583 49.6016 14.6834 31.7777 2.15179 25.4282 53.8384 22.6635 113.523 55.1895 4.3197 25.107 8.09612 6.73581 26.0994 17.3187 2.5331 39.7122 14.8968 0 9.74022 6.38371 0.0371378 11.459 1.74888 
4.29575 45.9077 12.5928 9.92213 2.40562 3.83566 10.9603 137.105 99.1849 58.251 123.337 78.4603 13.2191 2.29533 17.8212 0.88336 20.5644 39.8197 1.45107 5.10455 20.1418 10.1204 14.2679 0 41.2896 16.0199 15.6939 9.16511 
189.435 198.536 17.3855 138.817 37.4391 152.747 27.3086 1.3339 153.392 14.8768 143.8 69.4895 49.0305 0.983574 30.7298 43.7485 124.914 11.6057 16.9141 11.4877 45.1106 68.6094 4.53788 50.7892 0 9.06799 13.0136 29.9695 
22.8054 22.027 4.6151 37.2797 62.6477 11.9775 5.60447 113.028 82.6743 62.7693 137.387 54.7511 34.6119 11.335 11.8287 32.0604 17.2309 46.749 26.5387 12.0278 45.528 9.29835 7.43832 16.7052 11.854 0 0.103038 50.8724 
50.9407 23.2525 0.248798 6.73702 48.9349 0.846639 8.42113 1.57731 15.7924 5.65624 49.589 14.4561 27.4649 0.810766 18.7366 6.45024 19.8774 30.2402 2.45136 1.61741 10.3942 6.09558 0.0943388 17.6891 36.1211 6.40686 0 68.392 
56.645 49.5706 11.0995 23.8784 56.7782 21.8892 66.5786 5.7414 44.1658 35.7107 86.7233 137.005 44.9867 4.92177 23.3866 17.6991 24.3666 5.26726 1.74795 0.70816 6.35869 10.5379 8.48478 2.35507 3.77386 1.09886 7.11822 0 
