0 634.104 18.4888 473.492 53.2606 485.474 21.891 308.322 476.908 73.4543 36.3092 226.345 39.1244 38.3366 21.7127 77.9122 502.281 84.1947 78.0199 188.813 67.4286 0.115399 46.5818 45.122 440.819 72.812 8.31239 47.323 
701.16 0 454.135 709.744 2.79256 624.618 22.927 267.212 792.596 44.0755 22.5939 0.494191 131.758 61.1016 84.1595 0.794278 442.277 407.756 4.72078 1.03977 119.755 18.0102 52.6457 1.27582 457.455 54.5273 30.6103 53.7741 
179.4 20.4856 0 11.871 151.149 66.3444 136.135 12.0677 472.958 37.3837 0.215679 49.4907 11.2219 15.5937 8.68744 0.0752833 29.503 55.5599 1.38765 3.31937 16.7097 9.30264 6.53334 6.2305 0.265199 5.19852 0.336074 3.75302 
447.978 686.862 95.3328 0 0.622386 500.721 11.0536 665.424 764.729 22.7749 48.1477 159.381 28.3278 1.48961 0.93793 42.7983 491.766 113.929 28.2938 1.64094 219.333 8.66737 1.25599 8.92378 472.012 31.2243 27.2688 13.4294 
227.344 277.25 186.468 161.63 0 361.447 4.43063 136.164 35.8882 94.0158 141.164 89.7965 0.277882 12.6384 13.8427 11.3997 89.5099 82.7745 208.746 95.0819 119.666 23.9214 55.8397 56.0306 46.0712 57.0828 44.771 49.9179 
538.545 436.165 33.0452 465.362 697.563 0 663.292 150.07 820.121 155.12 127.693 158.505 343.306 0.11946 17.1764 18.6042 475.295 103.491 8.63588 23.7966 73.6787 0.0175743 1.85202 16.372 453.864 26.2113 1.75193 19.3466 
3.5306 31.9751 127.211 198.635 294.657 35.0743 0 57.2689 1277.06 114.508 482.346 284.302 47.7162 1.0046 43.7868 31.2858 90.7936 162.784 81.6424 11.3503 26.3385 52.519 38.3315 32.1283 81.4699 18.4126 29.8671 73.1274 
7.62648 7.55341 276.538 274.114 126.379 111.296 108.71 0 629.625 4.49165 374.112 152.988 147.618 34.3541 89.3833 9.85066 33.085 19.5042 0.353736 21.2612 136.641 26.6414 9.41867 132.774 171.14 2.15524 36.5167 62.0965 
600.247 437.277 349.636 444.113 284.301 908.37 964.731 0.060897 0 297.63 757.054 7.01003 202.058 31.4798 185.188 118.223 510.325 4.69693 155.14 11.5636 16.3317 58.7456 46.5097 72.0179 531.629 139.74 58.7328 52.2252 
135.352 24.0997 15.6086 62.0931 305.956 175.721 389.338 88.0101 86.2074 0 86.1428 239.638 5.87748 82.9626 123.67 88.8875 84.2047 5.64599 116.683 2.17815 41.0485 46.6822 21.0287 5.82074 14.4639 63.5437 46.8107 29.8688 
38.4385 42.4285 232.908 37.1113 260.078 23.1101 478.126 2.07713 396.089 587.389 0 127.16 8.43762 166.884 320.439 82.0511 90.1776 77.6458 116.444 30.8822 40.4661 61.4136 49.1296 11.4182 37.5665 119.629 6.18142 101.018 
191.141 4.58707 54.1467 22.8247 103.586 133.954 107.083 1.16297 397.016 73.0913 20.7481 0 108.139 115.621 2.47967 42.9224 0.990231 145.216 67.0211 85.9311 158.602 58.3344 126.177 163.401 233.568 229.645 120.83 0.373717 
60.0516 145.339 6.17432 65.5518 11.5442 22.7108 218.355 0.174409 204.273 307.49 57.6103 3.16297 0 107.316 42.0272 62.2922 61.6145 11.5595 13.6235 30.0424 43.7794 81.0266 69.5815 26.1136 47.3913 47.3759 18.8976 0.694973 
29.3924 9.06316 12.599 19.5393 27.3562 0.123623 93.6617 120.433 43.2709 6.76408 23.6952 84.8679 6.45882 0 18.2108 3.93153 0.00427285 23.3814 0.204385 2.88422 44.8527 10.8911 6.84183 5.26123 1.64569 5.71168 3.82416 9.47468 
71.7106 12.8828 0.734312 2.25316 46.2329 29.4599 72.7127 157.693 106.941 22.5252 240.175 195.069 11.4464 0.289809 0 37.4252 1.67909 4.18369 2.46782 10.9109 14.0122 1.33446 13.4071 1.87321 31.4001 21.6455 6.57828 16.2984 
49.1922 84.7025 23.9165 25.4168 68.2452 22.2797 6.24254 198.81 23.5093 47.2276 79.3787 85.4619 84.2867 4.15291 5.86562 0 11.2808 0.21544 7.83203 1.77163 2.07176 3.52374 6.73968 29.153 6.00031 32.5189 5.83663 14.3966 
443.654 568.449 53.1641 445.658 9.32567 473.121 1.24268 24.2789 436.691 84.1698 93.2278 87.7317 22.6672 18.9503 25.648 0.722392 0 287.453 234.31 3.2331 66.3514 16.0117 0.0396887 10.5754 463.324 22.4132 0.655709 19.6262 
234.75 376.774 59.3972 113.869 228.372 49.4293 185.973 58.9584 72.1901 3.07888 15.6166 147.881 99.5537 0.0976942 68.2719 38.9274 155.989 0 18.2039 49.4321 114.032 4.8719 5.70473 15.03 17.0476 43.985 43.7752 7.42818 
0.323088 126.542 30.222 15.0522 203.771 66.6051 133.676 56.4592 81.6645 59.9164 129.168 0.056532 29.4513 23.289 37.1273 30.3729 110.445 5.40324 0 24.7609 47.3383 9.92769 0.398316 0.0107356 22.5418 7.83502 2.23591 18.3805 
14.8204 120.947 1.63077 1.77293 89.5733 23.7519 66.9201 74.7593 103.945 17.1 76.8424 44.8744 1.94303 4.57542 1.80343 0.269347 31.1443 41.2974 36.3094 0 59.3451 4.50966 2.68365 5.22768 1.03047 1.38977 3.28284 0.288506 
240.836 75.0831 8.93253 77.2055 131.769 72.5107 44.3458 48.9784 17.1424 74.8529 55.5742 8.04123 63.8084 3.01886 32.0668 21.3796 48.876 120.861 68.5653 331.652 0 24.8112 38.7338 4.10758 13.6728 5.2993 43.3734 45.8495 
20.606 4.18054 6.16784 14.1092 1.48339 9.84757 51.13 2.80422 56.9092 16.7339 0.109712 36.0931 22.1272 2.22193 16.497 7.98444 17.9401 0.00219695 8.3476 0.528317 31.4053 0 14.4209 9.29324 7.27156 4.49491 6.22181 1.49736 
26.8206 54.4749 0.424624 8.15146 48.3805 14.2662 28.8349 3.74066 21.3975 52.0049 16.856 117.752 61.175 5.90933 25.2759 9.01893 6.35859 24.9545 16.8095 2.43456 39.4859 14.4693 0 13.6987 7.81334 0.110243 11.0952 1.50865 
3.27979 47.7211 12.0803 11.0957 3.16292 4.40347 13.0778 134.711 99.8979 57.1527 126.042 94.0824 10.5671 1.57838 15.4101 0.042513 20.6863 38.8125 1.18448 5.24321 21.5449 10.7902 10.3449 0 38.3589 15.6018 14.9984 8.61939 
502.178 507.704 18.6469 451.759 35.2008 463.793 23.5994 5.03145 458.793 17.5322 145.458 776.192 47.7019 0.632552 31.1551 65.208 435.667 13.0221 17.7035 11.8004 43.345 28.4953 3.69218 63.6638 0 69.1765 132.504 130.736 
19.6231 18.947 5.74591 35.1161 64.2116 10.7334 8.17375 136.125 91.0524 59.7178 128.011 108.428 36.5224 10.8487 13.9068 30.8233 16.5774 45.0344 27.0992 12.0643 43.468 9.08738 7.0234 16.6569 10.4983 0 0.543189 56.6377 
50.6882 21.8408 0.394511 5.98572 48.7472 0.640011 9.67775 0.731126 17.8654 6.57427 46.6364 18.4557 26.6001 0.645523 19.0309 7.16658 20.1293 29.3223 2.17163 1.7968 9.52701 6.41034 0.193622 17.1828 41.1905 4.60034 0 55.6381 
57.6369 47.7811 10.2757 25.0823 56.9556 22.1869 64.9339 3.10153 48.2144 33.6992 82.5223 147.069 44.9836 5.36099 23.3669 18.6893 24.3042 4.50444 1.4602 0.862403 7.33114 10.5463 8.23529 1.95604 4.85679 4.14266 1.66215 0 
