0 850.867 6.09084 513.68 198.165 475.142 6.678 124.491 472.308 2.02864 191.731 36.1121 19.9491 40.148 46.603 64.9224 541.746 236.298 17.2234 101.016 136.589 1.83277 10.1787 26.6722 499.634 77.8416 51.2489 30.9279 
786.001 0 147.379 526.532 497.897 638.892 173.695 107.595 585.062 77.1936 16.3405 0.0599865 115.486 14.5434 8.80749 0.000260149 437.394 752.814 127.052 117.622 11.2919 49.5812 27.4426 0.313009 461.679 1.57562 52.5405 61.6601 
157.575 328.73 0 163.961 175.374 35.5974 232.844 143.219 304.275 0.731768 236.167 188.2 5.29717 11.6712 30.5859 1.59182 24.1091 45.9904 61.584 12.2002 16.9139 0.469804 0.186135 8.95402 0.0578585 14.8797 19.0247 19.0698 
559.72 738.813 345.797 0 136.665 437.186 41.71 559.886 720.553 0.263543 202.049 123.448 46.2099 6.04538 37.6436 39.1922 435.815 1.51228 47.7801 47.8247 460.358 1.81374 2.13051 14.0993 462.528 26.9409 22.5074 7.24856 
262.255 418.949 187.022 34.3245 0 322.897 13.8147 143.419 28.8025 274.187 41.7245 66.8106 19.6929 53.1053 6.68821 65.4594 36.6286 131.326 205.44 4.39357 7.85068 14.8151 42.194 17.0312 25.1665 70.2711 37.5884 3.33717 
528.955 581.833 66.6222 470.933 201.883 0 893.747 155.89 838.011 771.315 44.9734 8.44634 108.889 21.9231 0.262153 10.6677 491.746 74.5071 0.0402629 21.4513 1.49976 2.55361 10.7814 2.58732 441.39 25.0188 12.1418 14.4287 
76.4371 154.785 10.7428 202.031 262.047 932.628 0 317.366 101.712 492.676 484.638 36.1872 37.4688 27.0206 20.2606 2.12607 0.139027 214.765 0.915384 94.291 0.425263 62.8897 55.2266 50.128 89.6085 89.6914 38.7601 58.2456 
141.019 284.667 184.986 324.002 133.774 22.603 365.165 0 1.08953 149.098 24.3514 1.10746 79.5787 51.4412 184.756 0.0371309 2.67568 1.38868 94.1192 105.108 81.6705 35.6249 33.3026 0.381806 193.549 173.557 60.4925 120.951 
696.106 527.876 465.053 463.4 293.918 674.743 891.702 642.638 0 357.219 125.653 68.994 168.839 142.576 211.067 151.946 546.314 1.17147 4.70705 24.8334 136.075 0.0724165 77.1745 45.0816 487.26 47.2879 9.57559 65.9203 
146.215 51.6642 2.55859 99.0972 8.33407 506.744 18.5409 215.204 353.607 0 82.1009 185.117 28.034 0.00534793 19.1128 1.64094e-05 22.2545 27.5562 121.219 55.0461 54.0085 3.51734 14.894 7.01154 41.2773 0.0620109 0.40262 50.5678 
98.2528 51.6102 0.0316145 51.4692 205.374 161.096 441.915 326.72 701.52 415.363 0 406.724 200.679 57.5726 396.502 225.286 22.8521 151.923 84.2801 6.10307 97.1117 69.8892 27.875 3.63203 120.715 163.395 7.92009 108.97 
2.69609 1.4392 36.1835 248.426 125.857 8.06113 254.058 107.671 332.498 3.52142 489.983 0 117.575 1.85205 3.13166 7.90649 85.9137 33.3047 29.3816 4.61576 152.616 75.7751 109.525 8.95346 3.24653 0.320038 72.6775 110.363 
96.6471 44.9151 12.4238 8.44285 62.8385 177.989 68.7002 74.1259 131.281 272.743 243.873 6.69768 0 155.304 118.688 35.6594 0.0870795 3.8148 44.2632 3.59984 9.81742 59.0842 77.523 62.2615 43.4274 54.4889 27.5772 44.982 
31.4109 58.1445 0.705411 19.9771 48.2834 21.1624 76.7734 110.524 142.069 81.5074 197.172 150.736 14.1016 0 38.6771 17.5947 1.28945 50.2115 24.5633 0.380531 0.0802881 0.00685201 1.3741 0.0224301 15.5033 10.4544 3.89803 1.41827 
0.103988 88.1937 30.0373 38.7998 93.2533 40.2054 4.49341 31.1179 139.342 99.1906 350.719 197.989 101.641 9.67765 0 78.6286 26.6844 11.6659 5.14381 1.27309 0.133583 7.52741 21.4851 18.0151 29.9955 25.2951 8.51913 6.76624 
5.24278 83.491 24.8676 38.7544 5.27712 3.58256 3.69457 237.47 3.22917 60.5839 224.564 31.8162 76.0438 1.8661 43.31 0 0.0217726 4.78883 13.6417 0.341641 27.5589 4.20031 7.9867 25.8384 34.3339 15.816 10.2909 21.9531 
448.576 577.507 54.9231 489.978 1.81696 491.026 96.329 0.443843 503.363 20.4731 60.3303 0.0072397 30.2992 21.5641 1.04463 6.47262 0 5.47529 63.2795 0.624063 0.0330214 18.8709 5.1006 2.91498 463.416 27.3433 18.9017 23.6638 
55.4701 306.786 69.5042 113.222 235.327 81.8453 226.942 22.5272 31.8558 33.7611 5.68597 27.4773 90.2166 40.8146 63.7865 18.3208 168.179 0 20.7915 28.2042 78.2379 11.5703 36.242 8.60018 51.8218 4.81879 33.9628 39.1455 
27.8341 155.079 24.2578 2.17679 200.419 37.2028 28.998 108.955 102.172 102.185 45.8236 15.8129 79.6177 0.659697 38.3366 1.44642 151.613 6.92865 0 31.2207 6.62552 15.2243 4.52626 3.59151 29.2745 28.9519 21.4198 20.2068 
201.55 64.2062 26.0226 47.7593 0.00870484 24.2562 7.89503 30.8233 95.6099 19.792 61.4839 6.4106 42.9151 1.60973 11.2793 0.0705516 33.2805 20.9013 35.9772 0 273.634 6.03648 3.94933 2.02684 4.93098 0.343492 2.25564 9.79707 
205.932 9.07771e-05 9.08717 183.816 0.0365097 7.79146 1.21478 11.6422 134.805 85.0869 105.643 13.5712 40.144 42.3824 7.67246 4.91774 10.8446 62.2073 21.0803 210.525 0 0.00313334 29.1774 47.8315 0.371725 26.8468 44.2962 0.964905 
26.9825 50.7759 12.5916 16.7997 44.2291 17.1744 62.708 66.2767 0.312317 56.2124 2.61328 64.4204 89.5675 8.08063 9.47128 0.742302 1.90911 1.86063 13.5917 1.58081 14.8696 0 0.00635522 0.117218 1.76602 9.17666 1.30364 2.17378 
5.02277 31.2795 5.74338 18.04 15.8237 6.16121 21.937 1.15673 51.3493 46.7966 132.788 90.0539 70.2139 2.12934 4.4092 10.0909 0.0132231 45.0618 23.0835 3.83309 26.9147 0.0115373 0 20.847 0.48148 5.11571 13.3239 0.315194 
17.1913 51.3266 4.01908 16.3194 46.7531 2.21177 49.5012 24.5363 95.4927 23.359 118.617 7.18732 69.7441 1.18722 3.40679 1.64794 19.4096 34.5534 8.61317 0.443371 37.2247 12.4839 0.25773 0 5.16558 11.1748 10.2271 10.8501 
450.605 468.031 14.7005 477.805 15.0416 437.967 10.5847 49.2777 522.579 44.8845 88.9976 916.804 50.9663 14.2699 28.7848 79.5195 435.716 54.6911 0.19883 10.3757 18.8379 3.00796 23.6663 37.0534 0 27.9238 167.142 120.367 
10.4826 7.60206 26.6716 22.5102 30.9952 8.6156 83.2874 193.917 1.76827 45.4953 165.417 385.278 10.4956 0.328678 18.1829 20.6758 26.0936 5.46398 0.103527 11.809 61.1492 4.61711 0.852403 14.0878 16.7391 0 5.32905 53.8309 
12.418 54.5465 19.081 0.133734 48.5773 19.3671 56.0597 99.0524 67.6529 42.6056 49.7916 10.1137 33.9543 8.07859 19.6527 8.89117 6.40211 13.7034 7.86881 2.75429 15.5208 1.41974 2.34916 13.1291 30.5758 0.316435 0 2.61063 
60.902 9.31228 22.1265 20.5227 0.328918 22.845 70.6295 15.1931 69.6603 52.8588 63.3478 6.44468 1.09059 0.00173182 18.9389 19.2149 14.0441 35.0461 0.678771 5.21401 35.8584 10.4816 2.75995 14.4612 33.8358 2.33432 28.0926 0 
