0 146.336 0.068714 142.878 14.1335 163.742 65.7624 289.376 222.47 50.0664 60.9446 211.994 50.6014 42.7727 14.7205 72.7392 215.252 42.4347 91.8483 278.363 119.322 0.00594274 47.0482 49.5352 138.414 77.3017 5.65847 42.32 
171.526 0 386.118 449.594 64.56 368.14 184.927 291.469 543.237 91.7523 58.6538 9.49289 116.885 66.0484 91.6435 0.076014 156.66 831.529 20.2001 2.23201 92.9882 14.3863 49.5011 0.147483 166.418 44.7272 26.6136 57.7524 
120.064 85.1583 0 206.855 106.69 59.3755 212.12 69.3018 361.344 59.5293 21.552 87.8105 5.41652 14.1955 4.12796 1.11034 36.535 24.72 0.00382179 6.93957 4.03133 10.0732 7.84396 7.96833 1.42548 2.44445 0.880463 2.19687 
163.363 272.699 313.131 0 11.3154 194.088 44.835 756.572 443.169 38.5465 88.9532 220.778 36.4468 0.428268 3.50155 42.4295 190.204 89.7563 36.0846 0.0218953 628.489 9.81808 2.39978 12.1959 177.027 23.757 27.5908 9.77963 
174.387 72.5542 164.818 147.507 0 399.612 83.1256 100.644 1.6314 192.893 92.7096 112.792 7.27094 19.1427 23.9788 18.0514 113.276 126.932 114.363 93.6558 109.705 19.318 56.3964 54.795 40.0511 51.0088 46.4432 52.6134 
216.307 165.695 16.2703 153.195 346.297 0 935.07 100.677 287.394 425.294 206.324 150.943 390.817 0.104116 10.0219 22.0353 182.424 116.039 21.5167 22.5528 76.3571 0.34055 3.1279 17.2916 151.705 24.1824 2.70985 17.6601 
3.43035 204.636 47.8722 201.341 144.842 905.898 0 3.16724 651.426 342.096 457.408 268.204 88.0896 0.254083 71.816 17.7032 80.1833 199.441 107.352 4.20783 14.1614 56.4514 46.5221 24.3984 87.6154 8.80419 34.7758 71.2489 
44.783 38.9237 246.845 135.327 90.8012 159.601 24.2901 0 635.904 0.335956 346.755 74.5124 147.994 18.0107 128.465 3.83536 24.8249 36.4149 0.310756 10.0378 104.504 21.4365 3.18597 138.594 190.486 7.53136 26.0944 82.946 
248.796 186.434 473.351 148.077 340.337 463.645 11.6575 110.366 0 373.202 1640.89 59.3724 188.041 53.458 291.565 138.489 199.84 0.0257885 152.577 4.45898 34.1318 54.1296 33.4659 60.1752 247.238 142.561 52.2175 63.393 
148.931 64.7073 33.8963 44.6011 228.995 37.4143 161.181 128.286 200.427 0 355.981 214.473 15.793 83.8582 133.535 80.6321 83.1889 15.5769 122.669 0.450271 31.7511 40.3683 14.0844 2.25312 22.1643 70.4612 45.4683 24.1412 
18.483 12.4205 193.567 10.302 244.77 85.875 380.504 10.5049 19.8938 378.68 0 294.831 36.4017 203.824 408.235 145.201 85.6217 98.6185 124.034 39.8123 26.4883 67.1663 71.8202 25.7832 18.6825 88.2547 2.60614 107.191 
215.277 20.0641 22.4503 76.5361 80.408 150.419 55.1293 361.782 345.777 120.69 9.35774 0 88.2468 81.0364 44.5184 45.3351 0.0593964 136.833 58.0605 77.7835 146.284 63.9679 126.339 184.133 246.601 57.4916 118.264 10.6026 
48.3843 148.705 12.2522 69.7452 1.55192 104.088 215.267 1.07647 203.963 329.708 20.9661 0.0257055 0 57.4438 67.4122 73.0997 58.9732 18.7495 21.0361 26.6478 49.6001 69.812 82.3171 17.0351 50.9092 43.1122 16.3082 0.0955024 
34.4486 4.42499 14.3851 21.3239 19.9926 1.02566 96.8344 125.962 68.5765 1.0645 70.4644 119.117 39.9268 0 54.2347 0.375314 0.0606488 27.9118 0.000410539 3.23425 44.9967 10.538 9.55778 2.77673 0.545485 7.61494 2.96251 10.4001 
70.6066 5.31039 3.39489 5.67538 33.6367 35.7604 100.575 124.093 51.9682 4.37842 388.79 257.568 30.4994 26.0146 0 0.0583507 0.806149 1.56269 4.54612 10.3059 9.74968 0.454071 6.86552 0.00836446 30.6769 26.4769 8.40393 13.5267 
59.3078 82.8478 24.8301 32.9127 62.6954 18.8937 0.882032 250.804 7.08521 63.1028 142.499 15.4937 81.8371 10.1422 14.7909 0 13.1308 0.0687071 5.72463 2.56412 5.06629 4.75228 9.37165 23.6529 9.063 28.6216 7.83482 17.5376 
139.267 250.716 49.374 152.084 24.7204 180.513 5.38619 16.9221 136.696 83.5874 95.2059 86.7088 17.7673 17.8582 27.1123 1.4528 0 263.224 133.825 1.64854 67.8131 16.9878 0.00296974 9.32048 164.031 20.8899 0.329104 20.6911 
233.846 423.082 95.4808 132.7 235.533 30.6897 216.183 81.9615 42.0647 11.1914 5.72585 140.904 103.656 0.0944965 69.0114 33.3098 235.853 0 36.4837 60.4531 105.922 6.66458 3.73878 18.4525 21.6171 38.8433 42.7613 5.06304 
4.00542 151.17 38.9248 8.94987 109.19 80.1861 149.218 44.1527 59.7925 78.9597 127.9 1.34118 21.0225 21.5346 38.1799 29.708 152.51 17.7175 0 21.3033 41.4362 8.31612 0.927036 0.191031 20.5021 5.87186 3.06402 19.9151 
10.8475 137.27 0.152761 0.00931866 94.1216 24.2997 78.1721 90.0268 106.531 22.9329 70.4055 33.7215 3.69002 4.39657 2.59177 0.669631 32.6414 52.6674 35.365 0 4.34818 4.82546 2.41062 4.82367 0.49258 0.750646 2.66852 0.0823436 
217.606 49.1665 0.738937 97.6987 128.675 67.6178 28.995 24.3844 35.2358 66.0936 72.2003 19.5331 58.957 1.47759 26.7686 27.8318 53.5287 115.671 70.9315 226.28 0 23.2603 37.5078 6.57953 9.33257 2.34231 42.3643 48.0313 
17.9605 2.30361 5.25823 13.2048 0.35228 7.82069 55.3014 5.3694 52.0545 23.2857 1.36106 43.1185 10.5069 1.10332 17.2574 9.14802 17.0467 0.201777 6.81115 0.34919 32.0362 0 12.4134 7.19667 9.0098 3.69092 7.10004 1.99068 
22.8854 51.9086 1.02994 6.24037 44.5472 12.9149 20.9428 10.3247 11.6304 45.9914 4.85006 125.521 76.028 9.24661 23.3423 11.1553 5.33639 21.7329 15.3215 2.15535 38.5869 12.4971 0 20.7162 12.2037 0.514134 9.96396 0.91921 
1.1433 52.3485 10.5166 14.4388 5.77917 6.11618 19.7031 122.884 99.7683 53.0448 129.188 136.283 4.55648 0.238113 8.69462 3.31278 20.9274 35.7891 0.57818 5.59486 25.4937 12.4071 1.21766 0 26.8662 13.9744 12.8466 7.0616 
207.727 203.316 21.933 159.163 28.9478 165.16 14.2927 26.9108 147.399 25.6392 144.65 179.232 43.5105 0.0566333 31.2356 33.7923 136.864 17.2685 19.87 12.5707 38.1405 60.6552 2.97457 70.4286 0 9.00317 142.876 95.7219 
11.686 11.2993 9.33116 28.1541 67.7515 7.42969 17.5441 193.996 112.571 50.1575 97.7967 289.88 41.5807 9.25679 19.7415 24.8392 14.7201 39.967 28.4703 12.0211 37.4231 8.44108 5.80226 15.9784 7.98875 0 3.51603 63.6463 
49.5952 17.9897 0.9722 4.06965 47.9388 0.213102 13.5433 0.0728017 24.1008 9.43164 38.3456 31.5707 24.1084 0.279905 19.6272 9.22818 20.7704 26.6962 1.47306 2.33653 7.25768 7.28723 0.652123 15.462 53.8745 1.03927 0 19.5206 
59.7578 42.473 8.01336 28.1086 56.9716 22.7612 59.5824 0.00122359 59.4931 27.9777 69.7225 168.125 44.5994 6.59816 22.8309 20.9694 24.0221 2.66718 0.787986 1.36504 10.3387 10.5127 7.47227 1.01636 8.74517 20.9154 6.82485 0 
