0 217.058 0.36569 221.889 12.1598 237.652 69.7029 286.733 301.563 48.4134 62.9224 210.442 51.4655 43.0802 14.2409 72.2576 291.492 39.7545 92.7893 276.145 123.314 0.0116591 47.0565 49.8318 213.637 77.5419 5.47942 41.931 
237.513 0 367.84 524.211 75.9804 445.114 200.864 292.28 619.688 95.6367 61.8395 10.5937 115.643 66.3562 92.0748 0.131203 233.304 722.954 21.7285 2.81873 90.9617 14.1273 49.2394 0.107975 242.434 43.9875 26.3171 58.0163 
115.117 103.273 0 225.809 103.113 58.5389 216.528 74.9468 344.965 61.1982 24.4225 90.7831 5.0621 14.0732 3.84592 1.23353 37.0386 22.8167 0.000450162 7.24529 3.42203 10.1273 7.93901 8.09788 1.54649 2.27669 0.93059 2.09607 
245.562 339.169 348.791 0 12.6048 268.744 48.04 169.476 513.949 39.8006 92.1651 224.458 37.0534 0.374564 3.75095 42.2825 265.365 87.8367 36.6559 0.0646733 54.7061 9.90254 2.49723 12.4437 252.666 23.1859 27.5968 9.52133 
169.984 61.3667 162.38 145.99 0 389.943 92.2041 98.0123 0.848228 200.285 89.2498 114.453 8.15105 19.66 24.8073 18.5874 114.912 130.228 107.483 93.4009 108.873 18.9856 56.4018 54.6711 39.5941 50.5301 46.5522 52.7901 
289.87 244.777 15.1623 227.716 230.043 0 446.01 96.9409 346.028 564.45 211.488 150.024 626.835 0.138446 9.53918 22.265 258.245 116.755 22.6411 22.4334 76.4826 0.380438 3.23283 17.3456 226.872 24.0039 2.78791 17.5258 
4.52428 220.866 42.9971 200.511 134.273 925.795 0 1.79151 560.827 358.402 451.069 266.129 91.3024 0.378984 73.9456 16.8132 79.3352 201.749 109.165 3.80931 13.3901 56.7106 47.1124 23.8435 87.9696 8.21614 35.1363 71.0521 
48.5987 42.0972 242.741 110.172 88.206 162.846 20.2332 0 626.933 0.608151 343.123 103.025 147.853 16.9674 131.181 5.44958 24.2431 37.8296 0.413081 9.35415 102.082 21.062 2.85045 138.7 191.233 9.3148 25.3646 84.4568 
320.34 267.794 472.594 226.787 342.951 521.832 0.818349 126.533 0 376.31 900.813 65.0147 186.608 55.3355 289.386 139.677 274.376 0.11127 152.142 4.05807 35.6581 53.7646 32.5373 59.2636 323.582 142.451 51.7167 64.1993 
149.686 68.2669 35.4328 43.3203 221.97 48.411 145.038 131.25 209.346 0 377.315 211.979 19.6954 83.7208 133.667 79.8311 83.0388 16.4886 122.881 0.373275 31.0853 39.8758 13.6063 2.05198 22.7739 70.8793 45.3462 23.7214 
17.2571 10.8654 189.613 8.93211 242.963 91.5626 369.876 12.8427 26.9549 357.367 0 307.571 39.146 205.525 407.891 149.738 85.2361 100.156 124.468 40.4847 25.5422 67.5555 73.5109 27.0278 17.4983 85.8388 2.39966 107.521 
216.617 21.6091 20.5569 81.3649 78.6978 151.318 51.7604 411.104 340.202 124.327 13.1039 0 86.7345 78.4131 49.4062 58.9584 0.0353217 136.092 57.3825 77.1093 145.201 64.3531 126.083 184.925 254.53 48.0548 117.903 11.8895 
47.525 148.736 12.7699 69.9916 1.17571 109.036 214.344 1.31099 203.494 328.111 18.8928 0.00160689 0 53.8384 69.2938 73.7823 58.7482 19.3376 21.6302 26.3896 50.0231 68.8516 83.0687 16.4111 51.1371 42.7689 16.1181 0.0729332 
34.8145 4.14197 14.5011 21.435 19.4726 1.12587 96.8912 126.116 70.5161 0.834784 74.5433 121.471 43.2539 0 56.0639 0.256716 0.0725377 28.2477 0.000138485 3.2595 44.9846 10.4945 9.61884 2.60917 0.486601 7.75415 2.90137 10.4616 
70.4539 4.87186 3.66218 5.98172 32.7327 36.157 102.503 121.287 48.3812 3.56891 394.465 260.501 32.173 28.9166 0 0.054368 0.753709 1.41749 4.72212 10.2556 9.45787 0.406713 6.42452 1.84461e-05 30.5593 26.7792 8.54217 13.3148 
60.0112 82.6047 24.8494 33.4163 62.2302 18.6218 0.676162 252.922 6.2261 64.2165 147.068 24.1607 81.4827 10.6108 18.2735 0 13.2682 0.0997963 5.57838 2.62673 5.33641 4.84628 9.54805 22.986 9.38252 28.1796 7.98716 17.7513 
214.387 324.549 49.0329 227.921 26.1059 256.359 5.80383 16.4181 212.124 83.4689 95.2953 86.5886 17.4183 17.7723 27.2107 1.51641 0 259.491 140.907 1.55101 67.8889 17.0572 0.00537192 9.22803 239.405 20.7713 0.309279 20.7657 
233.02 434.794 98.1321 133.808 235.394 29.4099 217.907 83.7086 40.0654 11.9795 5.17871 140.259 103.885 0.124818 69.0139 32.888 240.745 0 38.0192 61.2334 105.238 6.80657 3.60801 18.712 21.9659 38.4506 42.6743 4.90368 
4.43684 152.686 39.5517 8.54875 102.381 81.0034 150.075 43.2598 58.2082 80.3258 127.664 1.50299 20.4341 21.3956 38.2313 29.6426 155.853 18.88 0 21.0409 40.9913 8.19951 0.974619 0.213172 20.3463 5.73483 3.12983 20.0249 
12.9074 138.038 0.10525 0.0411776 94.3137 24.31 78.9186 91.0708 106.581 23.3782 69.8773 32.9202 3.83963 4.38144 2.65435 0.705937 32.7321 53.4951 35.2684 0 7.96588 4.8481 2.39008 4.79202 0.460218 0.710502 2.62468 0.0720066 
215.074 47.3679 0.489569 93.9561 128.317 67.1951 27.9504 22.8479 36.7805 65.4161 73.4471 20.5609 58.5777 1.38428 26.377 28.3198 53.8558 115.188 71.0694 213.446 0 23.1421 37.4024 6.78236 9.0375 2.1685 42.2755 48.1718 
17.7655 2.18557 5.19149 13.134 0.299277 7.67344 55.5799 5.58973 51.6741 23.7905 1.50847 43.6354 9.78977 1.03388 17.2954 9.22894 16.9772 0.229389 6.70112 0.3373 32.0759 0 12.226 7.0385 9.13561 3.63273 7.16478 2.0294 
22.5933 51.6869 1.08445 6.1036 44.2408 12.8051 20.3853 10.9299 11.0073 45.5009 4.2354 125.843 76.9771 9.37223 23.0674 11.2795 5.26277 21.4941 15.208 2.13453 38.505 12.3118 0 20.8322 12.5393 0.555319 9.87429 0.880689 
1.02778 52.6625 10.3944 14.6862 6.00084 6.24906 20.2293 121.732 99.6344 52.684 129.156 139.148 4.20233 0.184265 8.22877 3.85432 20.9393 35.5541 0.541598 5.61866 25.7858 12.5091 0.858044 0 25.9054 13.8298 12.6775 6.94563 
283.403 278.267 22.1584 235.045 28.4886 240.562 13.6765 29.1322 222.053 26.2709 144.272 1080.34 43.1748 0.0385632 31.1763 30.0871 212.292 17.5979 20.0274 12.6213 37.7423 67.8901 3.01792 69.0801 0 10.6049 146.879 116.711 
11.1635 10.7973 9.61588 27.6002 67.9623 7.19909 18.3526 197.552 114.007 49.4025 95.4098 302.105 41.9352 9.12776 20.1593 24.2784 14.5813 39.5783 28.5599 12.0094 36.9628 8.39017 5.7095 15.8974 7.88435 0 3.83078 63.5567 
49.492 17.7113 1.0247 3.93957 47.8625 0.190472 13.8485 0.124734 24.5851 9.65909 37.7348 32.6382 23.9201 0.258638 19.6577 9.38252 20.8141 26.4987 1.42633 2.37861 7.09927 7.35173 0.696355 15.3186 54.6598 0.87259 0 17.2797 
59.8755 42.0648 7.84989 28.31 56.9447 22.7883 59.1457 0.0283929 60.3158 27.5522 68.7274 169.204 44.5491 6.6894 22.7636 21.1058 23.995 2.54903 0.746097 1.40628 10.5772 10.5069 7.41235 0.957854 9.06306 22.4908 8.36402 0 
