0 278.722 0.792099 289.898 10.6236 300.826 73.0433 284.409 369.062 47.0476 64.5831 209.1 52.1861 43.334 13.8459 71.8465 356.576 37.5745 93.5631 273.255 126.641 0.0178776 47.0607 50.0755 277.889 77.732 5.33217 41.6052 
295.146 0 351.68 587.553 86.0841 510.632 214.333 292.847 684.662 98.8953 64.539 11.5548 114.595 66.6062 92.4205 0.188588 298.757 305.778 23.0385 3.35877 89.2725 13.9126 49.0185 0.0797384 307.341 43.3706 26.07 58.2328 
110.977 119.314 0 240.489 100.121 57.8123 220.023 79.7557 330.79 62.5864 26.9348 93.2629 4.77522 13.9696 3.61767 1.34088 37.4557 21.2794 0.0081654 7.5033 2.95134 10.172 8.01791 8.20578 1.65086 2.14102 0.973373 2.01371 
316.141 396.193 375.974 0 13.7277 332.499 50.769 504.543 574.215 40.8518 94.8498 227.407 37.5588 0.332517 3.96463 42.1477 329.552 86.2288 37.1307 0.117579 248.25 9.97282 2.57973 12.6504 317.25 22.7097 27.6 9.30775 
166.285 52.6706 160.272 144.682 0 382.251 100.032 95.825 0.389155 206.391 86.3907 115.831 8.92082 20.0944 25.5044 19.0381 116.259 132.969 101.823 93.1731 108.17 18.7098 56.4025 54.5645 39.2123 50.1287 46.6415 52.9348 
352.723 312.376 14.2601 291.388 776.718 0 1113.52 93.8371 396.912 934.586 215.68 149.222 270.33 0.170757 9.14336 22.4534 322.983 117.328 23.5929 22.3311 76.5793 0.415339 3.32128 17.3892 291.069 23.8525 2.85366 17.413 
5.54924 234.523 39.0958 199.713 125.635 931.85 0 0.941607 486.627 371.613 445.359 264.313 93.9923 0.501984 75.7187 16.0858 78.623 203.623 110.66 3.49173 12.7622 56.9231 47.6019 23.3838 88.2536 7.74033 35.4362 70.8821 
51.8749 44.8206 239.149 90.0196 86.0531 165.5 17.1222 0 618.542 0.89613 339.942 129.881 147.718 16.1183 133.415 7.00567 23.7618 39.0236 0.509414 8.8013 100.065 20.7514 2.58468 138.754 191.778 10.9386 24.7617 85.7092 
381.534 337.367 470.824 294.243 344.948 571.544 1.41728 140.638 0 378.602 1706.64 69.8741 185.375 56.9218 283.464 140.631 338.047 0.228179 151.755 3.73791 36.9496 53.4583 31.7687 58.5015 388.743 142.325 51.2978 64.8679 
150.288 71.2766 36.7273 42.2575 216.029 60.154 131.984 133.71 216.756 0 394.799 209.841 23.255 83.585 133.713 79.1458 82.9058 17.2656 123.034 0.3146 30.5331 39.4633 13.2123 1.89129 23.2854 71.217 45.242 23.3724 
16.2645 9.64549 186.232 7.86175 241.39 96.3708 360.758 14.9643 36.5412 339.384 0 318.096 41.4943 206.82 406.829 153.472 84.9101 101.434 124.817 41.0456 24.764 67.8756 74.916 28.0813 16.5372 83.8238 2.23391 107.782 
217.683 22.9358 19.0353 85.4496 77.275 152.031 49.0165 453.009 335.397 127.358 16.6924 0 85.4724 76.2302 53.6295 71.4788 0.0200047 135.462 56.8165 76.5409 144.282 64.6704 125.843 185.501 264.002 40.7529 117.585 13.0141 
46.8101 148.739 13.2078 70.1899 0.901854 112.494 213.503 1.5239 203.057 326.44 17.2411 0.00362264 0 50.8768 70.8543 74.337 58.5578 19.833 22.1296 26.1739 50.3744 68.0396 83.6721 15.8975 51.3234 42.4803 15.9601 0.0564424 
35.1183 3.91281 14.5958 21.5253 19.0424 1.21274 96.9194 126.218 72.1335 0.66448 77.9824 123.403 46.0887 0 57.4188 0.174827 0.0832531 28.5275 0.00147909 3.28048 44.9722 10.4564 9.65263 2.47219 0.440023 7.86974 2.85073 10.512 
70.3194 4.52012 3.89168 6.24203 31.9837 36.4788 104.089 118.927 45.4649 2.9559 398.472 262.734 33.5889 31.35 0 0.394788 0.711304 1.30182 4.87095 10.2132 9.2174 0.36919 6.06438 0.00707323 30.4549 27.0244 8.65761 13.1378 
60.5914 82.3913 24.8603 33.8289 61.8372 18.3935 0.525345 254.48 5.55078 65.135 150.833 32.7629 81.1698 10.9997 21.3806 0 13.3827 0.130109 5.4576 2.67927 5.56638 4.92485 9.6923 22.4099 9.65731 27.7975 8.11442 17.927 
278.558 387.62 48.7428 292.679 27.2831 321.117 6.16302 16.0028 276.549 83.3622 95.3636 86.4839 17.1291 17.7002 27.2915 1.57039 0 256.199 317.932 1.4719 67.9487 17.1147 0.00791285 9.15102 303.773 20.6719 0.293222 20.8274 
232.253 444.786 100.328 134.698 235.207 28.3576 219.283 85.167 38.4287 12.6548 4.74314 139.709 104.068 0.153299 69.0105 32.5361 244.671 0 39.3146 61.8787 104.661 6.92582 3.50064 18.9288 22.2575 38.1222 42.6005 4.77264 
4.81261 153.912 40.0714 8.22044 96.7892 81.6617 150.755 42.5188 56.8941 81.4572 127.452 1.6448 19.9481 21.2789 38.2712 29.5865 158.746 19.8731 0 20.8218 40.6201 8.10259 1.01515 0.232546 20.2161 5.62157 3.18512 20.1161 
14.8604 138.628 0.0723848 0.0849942 94.4581 24.3153 79.53 91.9299 106.608 23.7503 69.432 32.256 3.96638 4.36863 2.70692 0.736863 32.8055 54.1821 35.1851 0 11.7859 4.86687 2.37293 4.76548 0.434055 0.677825 2.58834 0.0639217 
212.888 45.8852 0.32069 91.3258 128.006 66.837 27.0912 21.6013 38.0871 64.8487 74.4867 21.4348 58.2598 1.30879 26.0511 28.7271 54.1264 114.776 71.1802 202.506 0 23.0433 37.3132 6.95324 8.79449 2.02865 42.2001 48.2866 
17.6031 2.08941 5.13599 13.0747 0.258399 7.55118 55.8086 5.77631 51.3551 24.2127 1.637 44.0654 9.20905 0.977542 17.3251 9.29575 16.9191 0.253748 6.60988 0.327544 32.1083 0 12.0664 6.90667 9.23994 3.58442 7.21868 2.06188 
22.35 51.4989 1.13084 5.99025 43.9833 12.7127 19.9243 11.4456 10.4995 45.0881 3.75423 126.083 77.7488 9.46071 22.8258 11.3787 5.20168 21.2952 15.1131 2.11717 38.4352 12.154 0 20.8787 12.8189 0.590787 9.79904 0.849166 
0.936126 52.9207 10.2921 14.892 6.18845 6.36032 20.6712 120.746 99.5098 52.3778 129.1 141.495 3.91747 0.144568 7.84636 4.33194 20.9487 35.3572 0.511999 5.63823 26.0291 12.592 0.604522 0 25.1012 13.7071 12.5358 6.84903 
348.016 342.28 22.3439 299.839 28.1068 304.952 13.1715 31.0381 285.843 26.7996 143.924 295.79 42.8927 0.0261457 31.1201 27.4765 276.708 17.8739 20.1582 12.6627 37.4093 72.5791 3.06398 67.8162 0 15.1124 136.865 128.906 
10.7358 10.3863 9.8547 27.136 68.1324 7.0087 19.0371 200.413 115.185 48.7698 93.4128 311.916 42.228 9.01927 20.5047 23.8019 14.4655 39.2533 28.6332 11.9988 36.5784 8.34742 5.63208 15.8269 7.80636 0 4.10214 63.416 
49.4037 17.4803 1.06946 3.83257 47.7972 0.172581 14.1047 0.178613 24.9905 9.85019 37.2266 33.5363 23.763 0.241544 19.6817 9.51121 20.8501 26.3339 1.3879 2.41388 6.96834 7.40542 0.73426 15.1975 55.2927 0.744577 0 15.4939 
59.9692 41.7234 7.71428 28.4751 56.9193 22.8092 58.778 0.0782894 60.9991 27.1977 67.8944 170.048 44.5049 6.7653 22.7046 21.2157 23.9717 2.45246 0.712046 1.44104 10.7775 10.5017 7.36208 0.910322 9.32934 23.8232 9.75355 0 
