0 169.395 17.6426 211.006 0.286572 130.986 115.364 249.46 249.611 31.9084 84.8457 190.194 60.6877 46.148 9.5241 66.3723 206.843 15.9749 101.916 212.063 164.962 0.191049 46.9198 52.7012 119.363 79.2661 3.73178 37.6615 
137.835 0 136.693 392.1 234.453 353.435 373.222 292 514.031 137.933 98.9116 25.7505 101.451 69.0915 95.5245 1.64173 155.342 203.379 40.7373 13.0812 69.5099 11.4628 46.2258 0.0693084 156.098 36.1012 23.1685 60.5428 
63.2322 334.193 0 282.5 65.2022 47.5078 247.099 141.077 150.4 78.5044 63.7706 122.102 1.99663 12.6342 1.41606 2.91323 42.1653 6.8827 0.818337 10.7279 0.0219306 10.6759 8.92344 9.46811 3.11534 0.840012 1.5455 1.15754 
258.829 162.707 189.172 0 30.0333 166.586 85.9674 136.181 352.22 53.5304 126.396 253.075 43.4807 0.0247636 6.86081 39.7414 169.375 66.9719 42.5991 1.90439 497.478 10.7921 3.63492 15.0886 161.603 17.1356 27.5078 6.91029 
121.534 0.0348065 130.985 126.477 0 340.547 204.775 70.7087 8.26141 271.901 54.8524 131.495 20.3866 25.4109 34.1368 24.6 130.802 164.274 43.0338 89.456 99.2995 15.5405 56.1506 53.0826 34.6684 45.2337 47.5826 54.4644 
176.975 200.596 5.38811 126.541 824.672 0 1285.95 58.7847 129.539 945.398 255.588 137.441 334.313 0.801793 4.98424 24.4492 169.323 122.353 35.6151 20.9463 77.1764 0.938567 4.42753 17.795 131.365 21.8913 3.67614 16.0268 
25.0602 391.424 6.18035 183.346 40.8468 453.378 0 11.3221 1.00135 487.657 353.053 237.371 126.009 3.23149 96.1347 8.5664 69.8898 221.931 127.118 0.772143 6.41941 59.1746 53.1782 18.1556 90.8147 3.14566 38.927 68.4799 
96.1303 81.6692 186.998 57.5029 61.6269 192.541 0.0338577 0 466.893 8.41 292.934 580.93 144.928 7.59417 157.161 38.7351 18.3504 54.0405 2.39805 3.49093 76.576 17.1904 0.422274 136.999 192.861 38.7934 18.0478 99.8689 
188.163 253.25 378.477 191.489 355.575 239.954 564.266 335.703 0 384.387 1247.24 136.091 168.372 76.8098 237.863 149.191 172.104 4.71403 145.502 0.937835 53.3781 49.703 23.1364 49.4077 239.174 138.556 46.2641 72.4992 
155.388 108.989 52.7041 30.1826 142.956 323.523 18.9518 161.595 298.659 0 560.174 181.057 83.4595 80.5483 129.816 69.9464 80.8122 27.5383 123.102 0.000975013 24.2496 34.4846 8.90529 0.483068 29.5079 74.4338 43.8572 19.33 
6.65724 0.692177 141.798 0.355053 218.6 155.451 241.602 51.0405 188.466 134.774 0 429.935 72.9043 213.271 344.542 192.876 80.7467 116.156 127.938 47.6669 16.352 71.3492 91.0597 41.4872 7.09202 60.3409 0.719983 109.885 
226.593 41.0714 5.27076 136.16 60.8326 157.839 21.5714 902.8 269.657 162.447 88.2468 0 70.557 51.2467 111.306 270.356 0.165709 127.244 50.0938 69.4183 132.381 68.1478 121.138 186.451 369.079 0.132932 112.657 29.5862 
38.5123 147.182 18.7777 72.0333 0.413323 110.459 198.922 5.21619 194.794 285.042 3.30292 1.54045 0 20.47 88.3816 79.8392 56.1146 26.0218 28.2759 23.5988 54.4363 57.8038 89.1212 10.314 53.2624 38.9121 14.1161 0.0213101 
38.6051 1.68442 15.5731 22.4213 14.2173 2.45866 95.9467 125.523 91.0215 0.123436 119.935 143.771 82.1394 0 59.844 0.39647 0.264983 31.8061 0.124707 3.52159 44.6609 9.89088 8.88725 1.08216 0.0657997 9.19006 2.27709 11.0491 
68.2385 1.3418 7.02568 9.6273 23.5269 39.6293 121.006 90.1266 17.0137 0.0924083 393.425 273.633 51.4051 56.0032 0 25.255 0.302412 0.305633 6.77025 9.67701 6.57831 0.0625534 2.4554 1.03922 28.7898 29.401 10.0286 11.0352 
66.9731 79.1469 24.6328 38.1392 56.8678 15.6062 0.183225 258.028 0.482929 75.1557 190.818 206.383 76.3217 15.2562 63.7548 0 14.7299 0.788848 4.11433 3.32125 8.599 5.86232 11.1695 14.6926 13.4151 22.4917 9.62808 19.8121 
119.421 213.711 44.9404 139.765 42.5698 167.734 11.1439 11.4417 120.236 81.5714 95.7486 84.9343 13.8422 16.8174 28.1665 2.27293 0 206.775 290.175 0.690364 68.414 17.7695 0.0748785 8.24909 146.025 19.4629 0.135768 21.5218 
218.031 481.787 124.726 142.741 228.198 17.0756 231.157 102.38 21.312 21.8311 1.03172 132.375 105.664 0.708251 68.5918 28.381 278.873 0 55.513 69.0964 97.3243 8.39366 2.34833 21.5154 25.7484 34.1937 41.6467 3.3494 
10.3161 165.612 45.9424 4.77968 39.3551 87.7391 156.401 34.0154 41.977 94.1389 123.958 3.78628 14.5454 19.8462 38.5453 28.8127 200.32 33.1017 0 18.217 36.2167 6.98438 1.55188 0.523681 18.6538 4.35421 3.86802 21.1589 
52.3315 142.034 0.148293 1.76776 95.0725 24.1569 85.9636 101.218 105.899 28.1825 63.8667 24.7126 5.59739 4.20486 3.3528 1.14637 33.5177 62.0387 34.0189 0 103.101 5.08224 2.1692 4.44175 0.182135 0.34817 2.1734 0.00481934 
182.48 29.7039 1.01743 128.433 123.444 62.2276 17.7839 9.34844 54.6656 58.0129 86.6992 32.8538 54.3862 0.574823 22.2454 33.549 57.1723 109.253 72.2079 74.7932 0 21.8567 36.1605 9.09863 6.14342 0.724222 41.2124 49.4792 
15.7035 1.11377 4.48919 12.35 0.00254687 6.14442 58.2624 8.18284 47.4681 29.2667 3.5363 49.0685 3.61341 0.425026 17.5378 10.0363 16.2111 0.632913 5.56551 0.222744 32.4385 0 9.98812 5.36794 10.4279 3.02784 7.84933 2.45936 
19.4954 49.0703 1.74197 4.70232 40.8082 11.5657 14.7569 18.2761 5.34553 39.9717 0.253379 126.994 85.4052 9.33868 19.2173 12.2387 4.49844 18.9596 13.9753 1.9124 37.5049 10.0907 0 18.0978 16.06 1.0847 8.87811 0.51766 
0.175933 55.7305 9.05505 17.2788 8.58608 7.70132 26.0755 107.469 97.1599 48.4107 126.535 165.67 1.28866 0.0407841 3.84795 11.3627 21.0158 32.9676 0.224731 5.85144 28.8771 13.4178 0.995261 0 15.7791 12.1218 10.8204 5.71915 
192.71 180.058 24.3632 147.084 23.6705 147.313 7.84317 56.7826 122.703 33.1639 137.618 756.023 39.414 0.0613707 29.9992 41.9577 119.646 21.2142 21.6705 13.1007 33.4241 26.6757 4.25822 48.9206 0 100.952 120.182 18.2739 
6.24971 6.07825 12.7483 21.5513 69.7453 4.90309 27.7731 226.063 127.518 41.1179 69.7172 391.4 45.5006 7.68717 24.3195 17.7283 13.0979 35.3532 29.4059 11.8131 31.9998 7.82413 4.71602 14.7922 7.50989 0 7.8745 57.4162 
48.2068 14.8198 1.664 2.66674 46.9118 0.0278828 17.2438 1.53686 29.8983 12.204 31.3116 44.6278 21.8905 0.083472 19.8626 11.0218 21.2466 24.3758 0.972372 2.84363 5.50075 8.03252 1.25122 13.6775 61.0692 0.000258302 0 1.39897 
60.7793 37.6198 6.16154 30.2304 56.4177 22.9414 54.1936 2.5219 68.8582 23.0479 57.8869 176.065 43.8285 7.64814 21.8196 22.245 23.6526 1.44889 0.369219 1.87786 13.2392 10.4165 6.74937 0.436985 12.4823 39.9868 32.0382 0 
