0 151.33 18.572 192.454 0.195595 108.502 116.861 248.058 228.786 31.4316 85.5479 189.461 60.9746 46.2371 9.38932 66.168 184.954 15.3883 102.172 210.544 166.205 0.20013 46.9089 52.7818 97.211 79.2949 3.6821 37.5251 
118.294 0 129.884 367.929 240.046 330.888 378.208 291.728 490.817 139.249 100.141 26.3191 100.984 69.1602 95.5974 1.71574 133.727 224.925 41.4015 13.513 68.852 11.3827 46.1255 0.0793821 134.178 35.8566 23.0708 60.613 
61.717 341.042 0 279.05 64.0628 47.1126 247.515 143.219 144.588 79.0205 65.2132 123.048 1.92265 12.5857 1.35828 2.97587 42.317 6.52561 0.868793 10.8418 0.00896177 10.6922 8.95317 9.51031 3.17218 0.80599 1.567 1.13238 
240.658 138.509 183.918 0 30.6754 144.14 87.226 553.123 327.494 53.9641 127.442 253.623 43.6791 0.0204801 6.97023 39.6347 147.139 66.319 42.779 2.00147 266.77 10.8195 3.67317 15.1707 139.515 16.9504 27.5005 6.83345 
120.014 0.00328094 129.876 125.781 0 339.38 208.546 69.8889 8.95067 273.825 53.8703 132.004 20.848 25.5964 34.4403 24.7954 131.246 165.286 41.3834 89.2977 98.9817 15.4361 56.1337 53.0252 34.5136 45.0632 47.6108 54.5104 
154.225 180.201 5.15322 104.196 899.309 0 1528.92 57.6743 105.699 1006.07 256.581 136.972 174.439 0.831068 4.86173 24.5089 147.307 122.465 36.0419 20.8939 77.179 0.959827 4.46687 17.8052 109.156 21.8196 3.70545 15.9782 
25.9472 396.213 5.54305 182.581 38.672 429.583 0 12.3217 3.37911 489.947 349.276 236.296 127.085 3.36441 96.7988 8.34846 69.5849 222.42 127.631 0.713923 6.24028 59.2424 53.3598 17.9856 90.8755 3.02415 39.0435 68.386 
97.7777 83.0478 184.986 61.5197 60.8394 193.299 0.109915 0 460.441 8.7944 291.073 597.744 144.795 7.35649 157.867 40.1983 18.1763 54.5761 2.48609 3.35161 75.798 17.0735 0.380927 136.863 192.724 39.9888 17.8343 100.324 
164.89 233.908 373.405 171.717 355.507 212.547 594.372 342.737 0 383.887 1425.14 138.56 167.723 77.5118 243.159 149.39 149.684 4.96493 145.238 0.875147 53.9689 49.5715 22.8598 49.0981 217.266 138.356 46.0911 72.7482 
155.495 110.313 53.2599 29.793 140.478 333.98 16.7927 162.491 301.146 0 563.905 179.982 85.9828 80.4003 129.544 69.6027 80.7246 27.9196 123.049 0.00263085 24.0447 34.313 8.77125 0.451371 29.7236 74.5172 43.8053 19.1959 
6.40233 0.569047 140.192 0.270894 217.702 157.455 237.393 52.5913 192.58 128.763 0 433.151 74.0701 213.197 341.017 194.018 80.5958 116.64 128.011 47.8905 16.0931 71.4567 91.586 41.9683 6.83673 59.5668 0.683141 109.924 
226.773 41.7604 4.94828 137.908 60.2904 157.949 20.8165 913.774 267.2 163.596 91.5051 0 70.0543 50.4407 113.433 277.732 0.181173 126.942 49.8653 69.1649 131.946 68.2567 120.92 186.294 366.992 0.356666 112.453 30.2456 
38.2365 147.078 18.9784 72.0794 0.48561 109.628 198.285 5.37875 194.417 283.01 3.01803 1.64104 0 19.6306 88.9359 79.9899 56.0256 26.2419 28.4915 23.5107 54.5708 57.4397 89.2491 10.1418 53.3195 38.7864 14.0544 0.0252725 
38.7197 1.62464 15.6014 22.4461 14.0627 2.50766 95.8718 125.438 91.6466 0.152783 121.358 144.37 83.3928 0 59.4724 0.442058 0.27292 31.9161 0.132348 3.52954 44.645 9.8681 8.82587 1.04353 0.0588797 9.23302 2.25846 11.0654 
68.1524 1.2663 7.14436 9.75117 23.2546 39.7137 121.512 89.1383 16.2682 0.138957 391.574 273.487 52.0334 56.5669 0 26.6137 0.291536 0.283934 6.83899 9.65775 6.49554 0.0566165 2.35737 1.10405 28.72 29.4636 10.0752 10.9639 
67.1728 79.0142 24.6136 38.2652 56.6895 15.5095 0.218191 257.664 0.407317 75.4646 191.987 213.717 76.1217 15.3834 65.1028 0 14.7753 0.820824 4.07156 3.34363 8.71167 5.89428 11.2113 14.4171 13.5566 22.2913 9.67952 19.8693 
97.2597 190.997 44.8002 117.79 43.1274 145.729 11.3357 11.2985 98.1639 81.4938 95.748 84.8718 13.7352 16.7864 28.1936 2.29882 0 204.821 357.756 0.668852 68.422 17.7909 0.0783376 8.21879 123.88 19.4209 0.131474 21.5443 
217.39 478.945 125.488 142.93 227.809 16.734 231.412 102.959 20.809 22.1789 0.952831 132.101 105.7 0.734068 68.5655 28.2406 279.596 0 56.0856 69.3264 97.0599 8.44533 2.31307 21.6038 25.868 34.0592 41.6117 3.30526 
10.536 165.914 46.1315 4.6778 37.7666 87.8872 156.513 33.7363 41.4945 94.5432 123.808 3.87373 14.3738 19.796 38.5482 28.7829 201.888 33.5944 0 18.1284 36.0671 6.94738 1.57193 0.535563 18.6001 4.31362 3.8921 21.1931 
53.9978 142.033 0.165838 1.86148 95.0579 24.1444 86.1547 101.503 105.842 28.3334 63.669 24.4678 5.65694 4.19891 3.37545 1.16164 33.5368 62.2952 33.9736 0 107.308 5.08933 2.16227 4.43046 0.175454 0.338844 2.1598 0.00399375 
181.32 29.2033 1.12761 131.692 123.261 62.0599 17.4974 9.0169 55.2605 57.7775 87.1095 33.2741 54.2512 0.555077 22.1182 33.7124 57.2706 109.046 72.2336 71.0526 0 21.8159 36.1183 9.17531 6.06086 0.691361 41.1758 49.5143 
15.6398 1.0859 4.46758 12.3247 0.00121991 6.09811 58.3375 8.27069 47.3328 29.4394 3.61276 49.2351 3.46652 0.410096 17.5405 10.0597 16.1865 0.648708 5.53121 0.219531 32.448 0 9.91263 5.31678 10.4666 3.00943 7.87049 2.47328 
19.3994 48.9814 1.76466 4.66045 40.6965 11.5251 14.5914 18.53 5.19913 39.7914 0.206563 126.962 85.6141 9.29713 19.0741 12.2572 4.47522 18.881 13.9363 1.90548 37.47 10.0156 0 17.9068 16.1662 1.10379 8.84594 0.507773 
0.160652 55.8177 9.01239 17.3578 8.67301 7.74752 26.2638 106.972 97.0524 48.2656 126.387 166.358 1.22394 0.0491412 3.73231 11.6318 21.0167 32.8846 0.217012 5.85807 28.9727 13.4406 1.11656 0 15.4813 12.0641 10.7612 5.68134 
170.633 157.753 24.4257 125.106 23.523 125.168 7.68416 57.7426 100.424 33.3822 137.336 346.609 39.2917 0.0684272 29.9468 43.7005 97.5284 21.3298 21.7207 13.1139 33.2876 23.8887 4.31857 48.3307 0 99.1532 128.492 22.556 
6.11671 5.95057 12.8479 21.3609 69.787 4.83671 28.0879 226.643 127.881 40.8546 68.9223 392.673 45.6052 7.64073 24.4384 17.5138 13.0515 35.2193 29.4291 11.8049 31.8438 7.80582 4.68507 14.7509 7.52006 0 8.01896 57.0827 
48.1613 14.7319 1.68623 2.63049 46.8782 0.0251379 17.3537 1.60603 30.068 12.2868 31.1146 45.0169 21.8266 0.079539 19.8654 11.0724 21.2591 24.3091 0.95951 2.85861 5.45358 8.05354 1.27092 13.6233 61.2046 0.000162006 0 1.17983 
60.7971 37.4788 6.11066 30.2833 56.3942 22.9422 54.031 2.66394 69.1166 22.9089 57.5442 176.138 43.8007 7.67752 21.7836 22.2709 23.6404 1.41935 0.359522 1.89349 13.3256 10.4128 6.72802 0.423841 12.5871 40.5212 32.9324 0 
