0 104.252 21.9937 142.895 0.0135771 44.9063 122.12 243.055 170.962 29.7846 88.0108 186.856 61.9769 46.5459 8.9242 65.4437 123.392 13.4158 103.053 206.059 170.513 0.233572 46.8675 53.0593 34.7484 79.3834 3.51067 37.0466 
66.2109 0 106.961 298.064 259.695 266.818 395.245 290.654 424.318 143.835 104.465 28.3505 99.339 69.3929 95.8355 1.98731 73.1553 880.207 43.7547 15.0733 66.5585 11.1038 45.7715 0.120028 72.5158 35.002 22.7292 60.8542 
56.5006 364.123 0 264.734 60.1148 45.7109 248.694 150.705 124.783 80.8101 70.3407 126.332 1.67446 12.4143 1.16511 3.19958 42.8433 5.34827 1.05717 11.2418 0.0085334 10.7486 9.05664 9.65768 3.37458 0.6923 1.64337 1.04643 
192.229 69.22 175.248 0 32.9634 80.6253 91.6475 236.33 255.864 55.4823 131.075 255.365 44.3716 0.00868942 7.35845 39.2489 84.3667 64.0378 43.4051 2.35939 262.114 10.9152 3.80828 15.4573 77.2554 16.3055 27.4728 6.56704 
114.712 0.829809 125.953 123.311 0 334.016 221.761 67.0395 11.5743 280.363 50.4828 133.769 22.4977 26.2478 35.5074 25.4825 132.772 168.795 35.8237 88.728 97.8615 15.0726 56.0702 52.821 33.9717 44.4654 47.7077 54.6682 
89.6679 123.943 4.36954 41.0706 197.498 0 957.689 53.8415 38.5117 575.422 259.852 135.296 262.805 0.937533 4.44352 24.7136 85.3044 122.827 37.5422 20.7078 77.1787 1.03604 4.60542 17.8391 46.4857 21.5663 3.80879 15.8073 
29.1593 412.497 3.58008 179.805 31.4893 348.835 0 16.14 22.6466 496.968 335.811 232.456 130.837 3.85002 99.103 7.60573 68.5133 224.058 129.4 0.528012 5.6321 59.4753 53.9908 17.3951 91.0743 2.61724 39.4501 68.051 
103.602 87.9272 177.859 74.8435 58.1076 195.86 0.718339 0 437.417 10.2044 284.442 655.751 144.311 6.55317 160.276 45.4916 17.5718 56.4616 2.80633 2.88587 73.0892 16.6662 0.25297 136.348 192.154 44.2857 17.095 101.903 
98.5435 181.379 354.917 117.782 355.048 132.336 700.311 367.298 0 381.785 549.727 147.28 165.416 79.9771 263.456 150.038 86.273 5.89305 144.285 0.672799 56.0516 49.1094 21.9016 48.0151 155.624 137.619 45.4846 73.6136 
155.834 114.954 55.2073 28.4411 131.854 369.718 10.2372 165.594 309.647 0 575.752 176.178 95.0086 79.8598 128.522 68.3852 80.4095 29.27 122.833 0.0147866 23.3329 33.712 8.30904 0.348862 30.4802 74.7952 43.6213 18.7287 
5.54847 0.232904 134.542 0.0657496 214.5 164.433 222.679 58.1682 208.298 108.547 0 444.021 78.1931 212.788 328.096 197.895 80.0629 118.326 128.251 48.6717 15.2016 71.8275 93.4141 43.6634 5.97827 56.8755 0.561769 110.045 
227.338 44.2035 3.89809 144.011 58.401 158.289 18.2725 948.683 258.512 167.584 103.267 0 68.2974 47.6483 120.919 303.29 0.240753 125.871 49.0656 68.2722 130.41 68.6328 120.128 185.645 356.592 1.9888 111.722 32.5975 
37.2758 146.689 19.6859 72.2322 0.784261 106.852 195.988 5.96655 193.049 275.618 2.12097 2.01804 0 16.8137 90.8491 80.4982 55.7114 27.0169 29.2491 23.2024 55.0402 56.1589 89.6661 9.54849 53.5149 38.3442 13.8389 0.0418115 
39.1189 1.42373 15.698 22.5296 13.5264 2.68254 95.5884 125.112 93.822 0.280113 126.316 146.413 87.7662 0 57.9531 0.620639 0.301601 32.3007 0.16085 3.55723 44.587 9.78664 8.595 0.91332 0.0376818 9.38221 2.19376 11.1212 
67.8432 1.0191 7.56546 10.1888 22.3102 39.9968 123.243 85.6832 13.7826 0.376197 384.292 272.709 54.2387 58.3376 0 31.52 0.255025 0.214201 7.08179 9.58976 6.20956 0.0381597 2.02851 1.34563 28.4692 29.6732 10.2382 10.7146 
67.8623 78.5385 24.5409 38.6945 56.0608 15.1703 0.364576 256.141 0.193299 76.5278 195.958 239.563 75.4048 15.8165 69.6336 0 14.9343 0.937687 3.92339 3.42226 9.11076 6.00616 11.3527 13.4534 14.0578 21.5821 9.85953 20.0658 
34.7694 126.548 44.3039 55.9406 45.0961 83.7628 12.0188 10.8038 35.9836 81.2135 95.7388 84.6479 13.3628 16.6778 28.2869 2.39044 0 197.877 371.555 0.59626 68.446 17.8654 0.0910662 8.11288 61.4306 19.2731 0.116979 21.6222 
215.07 467.293 128.109 143.549 226.37 15.5613 232.228 104.984 19.0901 23.4139 0.701398 131.127 105.815 0.82806 68.4669 27.7493 281.883 0 58.0999 70.1235 96.1271 8.62703 2.19157 21.9135 26.2873 33.588 41.488 3.1528 
11.3215 166.919 46.7868 4.32917 32.4304 88.3744 156.863 32.7649 39.82 95.9418 123.267 4.18744 13.7798 19.6195 38.5549 28.677 207.37 35.3385 0 17.8184 35.5434 6.81824 1.64305 0.578135 18.412 4.17267 3.97695 21.3124 
59.9905 141.966 0.234841 2.20774 94.9888 24.0971 86.8082 102.483 105.625 28.8614 62.9719 23.6176 5.86736 4.17788 3.4551 1.21576 33.601 63.1863 33.8122 0 122.35 5.11404 2.13799 4.39082 0.153036 0.307149 2.11248 0.00171499 
177.208 27.4776 1.55738 143.38 122.609 61.4669 16.5099 7.90123 57.3576 56.952 88.542 34.7609 53.7773 0.488679 21.6739 34.2833 57.6117 108.309 72.3186 58.5285 0 21.6726 35.969 9.4455 5.77578 0.58228 41.0463 49.6344 
15.4169 0.991086 4.39214 12.2358 0.000378887 5.93677 58.5955 8.58171 46.8574 30.0443 3.88668 49.8169 2.97555 0.359814 17.5477 10.1408 16.0999 0.705509 5.41179 0.208465 32.4804 0 9.64651 5.13859 10.6008 2.94536 7.94444 2.52218 
19.0641 48.6672 1.845 4.51492 40.3036 11.3825 14.0181 19.4295 4.70189 39.1579 0.0802921 126.819 86.3164 9.13365 18.5642 12.3162 4.39424 18.6061 13.7993 1.88125 37.3461 9.7506 0 17.1981 16.5351 1.17171 8.73301 0.473864 
0.112612 56.1185 8.86268 17.6331 8.9803 7.90936 26.9258 105.209 96.6619 47.7526 125.839 168.688 1.01039 0.0844763 3.33958 12.582 21.019 32.5933 0.191058 5.88098 29.3064 13.5176 1.59199 0 14.4551 11.8606 10.5538 5.54941 
108.413 94.7416 24.641 63.2409 23.0081 62.7124 7.13911 61.1409 37.5299 34.1474 136.313 1145.99 38.8615 0.0961379 29.7564 50.046 35.1772 21.7357 21.8956 13.1591 32.8095 15.2647 4.53957 46.3791 0 89.7389 144.417 44.2802 
5.66177 5.5135 13.1971 20.6951 69.9261 4.60729 29.1989 228.512 129.12 39.9322 66.1513 396.302 45.9676 7.47776 24.8485 16.7618 12.8894 34.7501 29.5084 11.7751 31.298 7.74145 4.57688 14.6036 7.56604 0 8.53189 55.8565 
47.9996 14.4257 1.76517 2.50537 46.7584 0.0166463 17.7398 1.85982 30.6636 12.578 30.427 46.3843 21.6026 0.0665155 19.8736 11.2495 21.3024 24.0754 0.915186 2.91124 5.28986 8.12693 1.34095 13.4325 61.6446 0.0128913 0 0.558601 
60.8543 36.9843 5.93372 30.465 56.3087 22.943 53.4581 3.19066 70.0161 22.4233 56.3438 176.325 43.7006 7.77999 21.6549 22.3568 23.5969 1.31817 0.326583 1.94861 13.6295 10.3996 6.65308 0.379378 12.9514 42.369 36.1033 0 
