0 89.2923 25.1288 124.865 0.0264797 14.5473 126.642 238.651 145.499 28.4 90.1267 184.57 62.834 46.8061 8.53359 64.8123 94.7153 11.8266 103.789 203.275 174.15 0.264285 46.8282 53.2915 5.32338 79.4443 3.36668 36.6351 
47.18 0 88.5922 261.894 276.569 235.742 409.288 289.58 391.04 147.74 108.198 30.143 97.9177 69.582 96.0184 2.23562 45.3627 184.757 45.8056 16.4703 64.6054 10.8667 45.4647 0.161517 43.766 34.2718 22.437 61.0555 
52.1466 382.651 0 249.93 56.7849 44.4891 249.362 157.094 108.567 82.3222 74.8254 129.112 1.47505 12.2656 1.01096 3.39682 43.2886 4.4291 1.23301 11.5865 0.0638507 10.7965 9.1446 9.78347 3.55241 0.601562 1.71013 0.975331 
174.905 34.3724 177.622 0 34.9727 50.2746 95.4536 748.238 218.409 56.7818 134.159 256.636 44.9629 0.00254436 7.69769 38.9033 54.6582 62.0896 43.9374 2.68836 659.245 10.997 3.92555 15.7022 47.9821 15.757 27.4464 6.34191 
110.192 2.69467 122.54 121.152 0 327.484 233.079 64.6245 14.0816 285.716 47.6466 135.265 23.9544 26.8088 36.4271 26.075 134.044 171.759 31.336 88.22 96.8917 14.7633 56.0104 52.6415 33.5074 43.9505 47.7883 54.7996 
58.4459 99.892 3.74584 11.0945 846.584 0 1179.65 50.6267 6.52832 526.32 262.393 133.819 610.749 1.03365 4.09825 24.8836 56.2542 123.1 38.8356 20.5452 77.1672 1.10355 4.72519 17.8659 16.872 21.3462 3.89823 15.6599 
32.0426 425.82 2.23381 177.306 25.8767 284.501 0 19.8037 52.3905 501.732 324 229.073 134.033 4.29115 101.051 6.99462 67.5906 225.372 130.882 0.390825 5.13471 59.6692 54.5262 16.8944 91.2277 2.29124 39.7971 67.7563 
108.66 92.1721 171.657 84.3714 55.7988 197.938 1.66247 0 417.211 11.4919 278.623 704.015 143.872 5.89941 162.266 50.2322 17.0601 58.092 3.0959 2.51378 70.7854 16.3196 0.164027 135.859 191.556 48.1002 16.4714 103.236 
65.8422 160.577 338.255 95.8904 354.379 88.583 790.246 388.196 0 379.547 1296.44 154.844 163.398 82.0994 281.279 150.532 56.0249 6.74993 143.437 0.520381 57.855 48.711 21.0921 47.0874 126.863 136.943 44.9637 74.348 
156.08 118.94 56.8782 27.2987 124.537 398.82 5.88239 168.213 316.664 0 584.367 172.867 102.954 79.3691 127.561 67.3248 80.1292 30.4465 122.612 0.0330748 22.7285 33.1957 7.92121 0.271445 31.1306 75.0166 43.4605 18.3305 
4.86379 0.0622354 129.676 0.000899514 211.685 170.356 210.127 63.1315 224.428 92.3055 0 452.845 81.7762 212.251 316.348 201.062 79.6 119.76 128.435 49.34 14.4556 72.1384 94.9624 45.129 5.28652 54.593 0.467134 110.127 
227.743 46.34 3.09556 149.218 56.7939 158.524 16.2151 974.03 250.973 170.961 113.769 0 66.7958 45.2927 127.375 324.721 0.298537 124.94 48.3804 67.5005 129.075 68.9492 119.413 184.969 344.75 4.43271 111.073 34.6674 
36.457 146.324 20.2988 72.3525 1.09665 104.787 193.936 6.49358 191.817 268.955 1.47682 2.37177 0 14.5529 92.4549 80.9095 55.4382 27.6871 29.9023 22.9379 55.4404 55.0533 89.9855 9.05199 53.6766 37.9627 13.6548 0.0592825 
39.4583 1.26188 15.7775 22.5975 13.0731 2.83646 95.3193 124.793 95.6698 0.419598 130.532 148.096 91.4917 0 56.3911 0.796879 0.327311 32.6294 0.187476 3.58082 44.5338 9.71464 8.378 0.807972 0.0232568 9.50865 2.13885 11.1678 
67.5685 0.828322 7.93318 10.5689 21.5115 40.2242 124.677 82.7294 11.8094 0.671402 377.075 271.713 56.1351 59.5931 0 35.8731 0.225647 0.16221 7.29257 9.53085 5.96894 0.0252213 1.76466 1.57068 28.2462 29.8407 10.3779 10.5013 
68.4417 78.1168 24.4713 39.048 55.5162 14.8788 0.51965 254.533 0.0725552 77.416 199.211 261.802 74.769 16.1721 73.2498 0 15.0702 1.04393 3.79822 3.48999 9.45869 6.10206 11.4679 12.6313 14.494 20.9656 10.0137 20.2296 
5.32785 95.3992 43.8721 27.032 46.8038 54.7445 12.6181 10.3876 6.80356 80.9628 95.7222 84.4497 13.0466 16.584 28.3651 2.47026 0 191.805 148.887 0.537309 68.4615 17.9287 0.102732 8.02229 32.0045 19.1458 0.105225 21.6882 
212.987 455.617 130.301 144.024 225.043 14.5853 232.83 106.713 17.6701 24.4938 0.516376 130.276 105.902 0.913062 68.3748 27.3289 283.537 0 59.8366 70.7961 95.3185 8.78389 2.08991 22.1793 26.6472 33.1835 41.3803 3.02483 
12.0149 167.717 47.3408 4.04029 28.1426 88.753 157.112 31.9393 38.4029 97.1213 122.784 4.4656 13.2787 19.4671 38.5566 28.584 212.029 36.8577 0 17.5528 35.095 6.70818 1.70515 0.61588 18.2504 4.05345 4.05023 21.4139 
65.3112 141.834 0.303445 2.5268 94.9069 24.052 87.3497 103.302 105.419 29.3138 62.3694 22.897 6.05027 4.15962 3.52379 1.26299 33.6527 63.9425 33.6702 0 135.566 5.13508 2.11716 4.35666 0.135028 0.281194 2.07224 0.000517105 
173.618 26.0327 1.9801 153.436 122.032 60.952 15.6836 7.00144 59.1721 56.2427 89.7654 36.0543 53.3691 0.435091 21.2945 34.7719 57.9006 107.665 72.3856 48.5653 0 21.5496 35.8391 9.67955 5.53635 0.496199 40.9333 49.7338 
15.2265 0.913165 4.32771 12.1592 0.00436145 5.79952 58.8113 8.85224 46.4479 30.5629 4.12905 50.3133 2.58359 0.319262 17.5509 10.2092 16.0252 0.756072 5.31019 0.199198 32.5071 0 9.41629 4.98688 10.7147 2.89079 8.00765 2.56434 
18.7775 48.394 1.91504 4.39146 39.9645 11.2594 13.5336 20.2133 4.2946 38.6114 0.0186705 126.656 86.8835 8.9717 18.117 12.3596 4.32527 18.371 13.6816 1.8605 37.2378 9.52124 0 16.5441 16.8477 1.23133 8.63573 0.445685 
0.0782059 56.371 8.7341 17.8675 9.2471 8.04838 27.4956 103.672 96.3098 47.3068 125.33 170.588 0.843383 0.122265 3.01806 13.4038 21.0202 32.3425 0.17012 5.90021 29.5916 13.58 2.06025 0 13.5971 11.6842 10.3757 5.43677 
79.1741 64.8288 24.8215 34.3128 22.569 33.2782 6.68667 64.0941 7.75478 34.8039 135.396 273.357 38.4905 0.123612 29.5844 55.6281 5.83774 22.0849 22.0447 13.1967 32.3992 9.69238 4.74058 44.866 0 78.5886 139.351 68.1363 
5.28469 5.15122 13.4967 20.1254 70.037 4.41418 30.1608 229.912 130.144 39.1405 63.7923 398.377 46.2736 7.33755 25.192 16.1166 12.7505 34.3472 29.5745 11.7484 30.8302 7.68597 4.48439 14.4736 7.61828 0 8.9805 54.7342 
47.858 14.1648 1.83409 2.40031 46.6535 0.0107563 18.0728 2.09186 31.176 12.8293 29.8403 47.5622 21.4105 0.0562726 19.8785 11.4008 21.3389 23.875 0.877977 2.95659 5.15131 8.18966 1.40231 13.2675 61.9796 0.03997 0 0.208156 
60.8971 36.5596 5.78338 30.6163 56.2313 22.9412 52.9632 3.67915 70.7811 22.0086 55.3144 176.401 43.6117 7.86737 21.541 22.4244 23.5587 1.2344 0.299598 1.99636 13.8918 10.3879 6.58854 0.343171 13.2604 43.9222 38.8623 0 
