0 91.8953 26.7637 125.611 0.0913622 9.04583 128.907 236.411 142.425 27.7174 91.1857 183.41 63.2618 46.9349 8.34112 64.4929 90.0335 11.0676 104.151 202.249 175.948 0.280348 46.8072 53.4056 0.275898 79.4695 3.29578 36.4289 
47.8326 0 79.9101 253.343 284.994 229.776 416.097 288.99 383.934 149.682 110.072 31.0564 97.2036 69.673 96.1025 2.36505 41.1353 277.621 46.8424 17.1889 63.6336 10.7489 45.3102 0.184557 39.0522 33.9076 22.2911 61.1542 
50.0139 391.42 0 241.751 55.1401 43.8717 249.576 160.275 100.757 83.0702 77.0968 130.489 1.38001 12.1907 0.937882 3.49729 43.5091 4.00121 1.32593 11.7593 0.110767 10.8202 9.18833 9.84613 3.64278 0.55853 1.74396 0.940684 
175.915 26.7687 180.927 0 35.9938 44.7562 97.3599 896.453 209.293 57.4311 135.689 257.194 45.2576 0.00084466 7.86948 38.7254 49.4628 61.1184 44.2019 2.86033 393.29 11.0377 3.9847 15.8244 43.0026 15.4844 27.4323 6.23046 
107.943 4.0255 120.818 120.059 0 323.43 238.724 63.4267 15.4232 288.301 46.2525 136.006 24.6973 27.0902 36.8887 26.3725 134.668 173.226 29.1919 87.9593 96.4037 14.6094 55.9787 52.5503 33.275 43.6924 47.8277 54.864 
52.4995 97.5482 3.45089 5.77731 893.074 0 1479.42 49.045 0.723154 759.527 263.571 133.067 490.613 1.08338 3.93029 24.9666 51.3874 123.223 39.4842 20.4627 77.1575 1.13806 4.78544 17.8784 11.7265 21.2352 3.94325 15.5859 
33.5284 432.244 1.67823 176.017 23.2642 254.58 0 21.7689 71.6605 503.671 318.012 227.353 135.623 4.52018 102.016 6.69802 67.1277 225.997 131.612 0.329927 4.89433 59.7642 54.7917 16.6458 91.2984 2.13624 39.9701 67.6062 
111.21 94.3151 168.527 88.1813 54.6559 198.936 2.28039 0 406.972 12.1629 275.668 727.479 143.645 5.58499 163.235 52.6698 16.8065 58.9114 3.24585 2.33705 69.6401 16.1472 0.126742 135.598 191.22 50.0519 16.163 103.896 
59.1764 159.872 329.677 94.6818 353.949 76.7036 834.325 398.567 0 378.279 678.821 158.652 162.375 83.1634 289.678 150.758 50.5628 7.19938 143.002 0.451446 58.7625 48.5109 20.6918 46.624 122.133 136.59 44.703 74.7126 
156.189 120.935 57.7139 26.7332 120.91 412.675 4.15001 169.507 320.076 0 588.127 171.195 106.995 79.1144 127.051 66.7889 79.9855 31.041 122.49 0.0449363 22.4284 32.9373 7.73026 0.236373 31.4565 75.1213 43.3791 18.1324 
4.53793 0.0176733 127.235 0.00691046 210.254 173.293 203.884 65.6727 233.766 84.5889 0 457.078 83.5832 211.917 310.261 202.591 79.3667 120.473 128.52 49.6735 14.0888 72.2915 95.73 45.8662 4.95589 53.4605 0.423071 110.162 
227.917 47.4215 2.72842 151.81 55.9952 158.621 15.2298 985.032 247.176 172.634 119.157 0 66.0465 44.1295 130.613 335.216 0.329728 124.469 48.0379 67.1124 128.402 69.1052 119.043 184.59 338.209 6.01244 110.741 35.7202 
36.0493 146.13 20.6074 72.4089 1.27233 103.92 192.882 6.76507 191.181 265.517 1.19814 2.55917 0 13.4776 93.2454 81.1067 55.3003 28.0243 30.2302 22.8055 55.6397 54.4983 90.1319 8.80797 53.7554 37.771 13.563 0.0691504 
39.627 1.18454 15.8161 22.6302 12.8487 2.91477 95.1757 124.621 96.5871 0.49977 132.626 148.914 93.3432 0 55.5245 0.892883 0.340549 32.7934 0.201557 3.59255 44.5061 9.6779 8.26322 0.757528 0.017343 9.57133 2.1116 11.1906 
67.4279 0.740249 8.11932 10.7607 21.116 40.3325 125.376 81.2558 10.8786 0.850588 373.142 271.101 57.0848 60.1265 0 38.0865 0.211633 0.138925 7.39885 9.50115 5.85015 0.0197541 1.63912 1.68935 28.1321 29.9201 10.4478 10.3948 
68.7271 77.9012 24.434 39.2198 55.2422 14.7329 0.607397 253.626 0.0339291 77.8522 200.783 272.894 74.444 16.3442 74.9534 0 15.1381 1.09914 3.73629 3.52396 9.6347 6.15 11.5234 12.2226 14.7145 20.6547 10.0907 20.3098 
0.274616 89.4833 43.654 22.2396 47.6643 49.8938 12.9226 10.1823 1.87949 80.8338 95.7108 84.3485 12.8897 16.5369 28.4036 2.51061 0 188.732 57.6146 0.508965 68.4675 17.9602 0.108829 7.97705 26.9521 19.082 0.0995818 21.7209 
211.914 449.368 131.378 144.242 224.348 14.1076 233.097 107.576 16.9794 25.0412 0.434441 129.845 105.941 0.957094 68.326 27.119 284.257 0 60.7082 71.1284 94.9112 8.86275 2.03994 22.3123 26.8273 32.9812 41.3259 2.96176 
12.3683 168.093 47.615 3.89933 26.1012 88.9286 157.218 31.5288 37.7006 97.704 122.536 4.60796 13.0311 19.3907 38.556 28.5367 214.331 37.6255 0 17.4201 34.8707 6.65334 1.7366 0.635196 18.1694 3.99439 4.08709 21.4644 
68.0304 141.742 0.340967 2.69399 94.8581 24.0279 87.6141 103.704 105.308 29.5399 62.0664 22.5395 6.14261 4.15041 3.5583 1.28687 33.6774 64.3176 33.598 0 142.256 5.14554 2.10674 4.33952 0.126448 0.268635 2.05222 0.000179803 
171.803 25.3219 2.21014 158.358 121.738 60.6922 15.2774 6.57124 60.0851 55.8878 90.3755 36.7075 53.1642 0.409453 21.1054 35.016 58.0439 107.339 72.4171 43.8735 0 21.4879 35.7735 9.79733 5.41832 0.455698 40.8761 49.7823 
15.1314 0.875404 4.29557 12.1208 0.00798381 5.73126 58.9172 8.98884 46.2425 30.8222 4.25279 50.5606 2.39769 0.29986 17.5516 10.2429 15.9877 0.781976 5.25965 0.194639 32.5201 0 9.30051 4.91142 10.7712 2.86361 8.03919 2.58552 
18.6345 48.2561 1.95046 4.3302 39.7942 11.1976 13.2938 20.6098 4.09766 38.337 0.00400026 126.561 87.1546 8.88342 17.8902 12.3788 4.29091 18.2536 13.6227 1.85013 37.1829 9.40589 0 16.2024 17.0026 1.26163 8.58692 0.431912 
0.0633365 56.4953 8.66971 17.9841 9.38168 8.11798 27.7814 102.895 96.1278 47.0818 125.063 171.504 0.765441 0.143735 2.86264 13.8162 21.0204 32.2166 0.1601 5.90969 29.7339 13.61 2.31444 0 13.1761 11.5952 10.2865 5.38065 
74.2118 59.5315 24.9103 29.5084 22.3502 28.2207 6.46548 65.5839 2.53904 35.1322 134.922 589.377 38.3041 0.138632 29.4954 58.4067 0.829547 22.2599 22.119 13.2151 32.1938 7.66496 4.84504 44.171 0 72.3014 130.508 80.5325 
5.10075 4.97443 13.6466 19.8412 70.0895 4.3189 30.645 230.542 130.642 38.7446 62.6185 399.052 46.4251 7.26732 25.3608 15.7942 12.6811 34.1456 29.6068 11.7347 30.5964 7.65812 4.43822 14.4074 7.64881 0 9.20779 54.1494 
47.7861 14.035 1.869 2.34852 46.6002 0.00828972 18.24 2.21291 31.4327 12.9555 29.5481 48.1534 21.3143 0.0514705 19.8802 11.4762 21.3569 23.7747 0.859669 2.97935 5.0826 8.22094 1.43344 13.1846 62.1322 0.059098 0 0.0963949 
60.9163 36.3469 5.70869 30.6903 56.1912 22.9395 52.7143 3.93605 71.1611 21.8017 54.7998 176.409 43.5662 7.91088 21.4828 22.4562 23.5392 1.19351 0.286537 2.02041 14.0234 10.3818 6.55619 0.325732 13.4138 44.6866 40.2532 0 
