0 101.471 28.4424 133.123 0.195234 10.2635 131.172 234.148 146.057 27.0412 92.2457 182.239 63.6891 47.0626 8.15052 64.1711 92.0565 10.3325 104.507 201.458 177.73 0.296882 46.7852 53.5184 1.93866 79.4912 3.22559 36.2225 
55.5169 0 71.5861 251.418 293.399 230.459 422.755 288.366 383.45 151.616 111.952 31.9815 96.4872 69.7617 96.1817 2.49802 43.6202 693.172 47.8863 17.9207 62.6651 10.6316 45.1549 0.209129 41.0462 33.5439 22.1454 61.2518 
47.9121 399.837 0 233.112 53.509 43.2501 249.711 163.442 93.1601 83.8129 79.3852 131.857 1.28806 12.1153 0.86743 3.59898 43.7283 3.59435 1.42208 11.9326 0.170524 10.8438 9.2319 9.9087 3.7341 0.517063 1.7781 0.906621 
183.626 25.9806 184.844 0 37.0255 45.9428 99.2681 293.182 206.857 58.0798 137.21 257.701 45.5518 5.88011e-05 8.04268 38.5442 50.9736 60.1493 44.4653 3.03736 88.4013 11.0784 4.04415 15.9463 44.7283 15.2129 27.4176 6.11978 
105.701 5.61927 119.086 118.958 0 318.807 244.352 62.236 16.8231 290.825 44.8746 136.744 25.4496 27.3721 37.3514 26.6708 135.283 174.681 27.1165 87.6941 95.9134 14.4561 55.9458 52.458 33.0429 43.4339 47.8667 54.9275 
53.2636 101.922 3.1675 7.17445 514.275 0 1300.26 47.481 1.97815 939.754 264.686 132.306 242.997 1.1342 3.76549 25.0484 53.2263 123.337 40.134 20.3796 77.1453 1.17307 4.84589 17.8905 13.2888 21.1235 3.98846 15.5117 
35.0426 438.502 1.20122 174.701 20.784 226.402 0 23.8217 93.7439 505.312 311.972 225.612 137.208 4.75495 102.973 6.40732 66.6639 226.601 132.333 0.274148 4.65961 59.8579 55.0561 16.3987 91.3653 1.98649 40.1428 67.4545 
113.773 96.4709 165.382 91.2491 53.5214 199.907 2.99514 0 396.659 12.8514 272.685 750.423 143.412 5.2786 164.185 55.1494 16.5544 59.7342 3.39928 2.16677 68.4995 15.9756 0.0942504 135.326 190.858 52.0318 15.8571 104.551 
59.234 165.896 320.948 100.227 353.457 71.7739 877.53 408.869 0 376.912 458.029 162.477 161.344 84.2281 297.414 150.97 51.8085 7.66297 142.56 0.387407 59.6738 48.3105 20.2942 46.161 124.104 136.226 44.442 75.0755 
156.287 122.928 58.5499 26.1717 117.305 425.986 2.71704 170.791 323.42 0 591.514 169.513 111.075 78.8534 126.522 66.2496 79.8394 31.6398 122.359 0.0586084 22.1298 32.6787 7.5413 0.20369 31.7827 75.2221 43.297 17.9347 
4.22311 0.000271282 124.793 0.0385393 208.807 176.212 197.665 68.2533 244.11 77.1563 0 461.187 85.4002 211.541 304.041 204.081 79.132 121.183 128.6 50.0067 13.7263 72.4429 96.493 46.6059 4.63558 52.3343 0.381156 110.191 
228.073 48.5135 2.38406 154.393 55.1995 158.706 14.2737 994.884 243.361 174.297 124.629 0 65.299 42.9755 133.853 345.535 0.362506 123.995 47.6955 66.723 127.724 69.2599 118.665 184.183 331.468 7.8283 110.404 36.785 
35.6428 145.929 20.9176 72.4629 1.46097 103.187 191.81 7.04184 190.531 262.01 0.948392 2.75358 0 12.4396 94.0274 81.2982 55.1616 28.3627 30.5588 22.6731 55.8384 53.9417 90.2694 8.56682 53.833 37.5788 13.4714 0.0797759 
39.7952 1.10962 15.854 22.662 12.6259 2.99399 95.026 124.44 97.5006 0.586954 134.709 149.716 95.1865 0 54.6036 0.994068 0.354055 32.9571 0.216125 3.60425 44.4776 9.64068 8.14442 0.708566 0.0122923 9.63367 2.08449 11.2132 
67.285 0.657148 8.30693 10.9535 20.7232 40.4372 126.063 79.7854 9.9852 1.05079 368.996 270.414 58.0351 60.5951 0 40.3162 0.198063 0.11744 7.50565 9.47133 5.73248 0.0149533 1.5179 1.81201 28.0161 29.9967 10.5175 10.2884 
69.0098 77.6826 24.3952 39.388 54.9668 14.5868 0.701972 252.65 0.00980304 78.2826 202.318 283.928 74.1144 16.5123 76.5807 0 15.2059 1.15577 3.6748 3.55801 9.81199 6.19793 11.5775 11.8156 14.9363 20.3421 10.1677 20.3889 
1.93329 90.2724 43.4344 24.1552 48.5293 51.749 13.2303 9.97871 3.6663 80.7024 95.6975 84.2458 12.7334 16.4897 28.4417 2.55126 0 185.634 31.4374 0.481378 68.4724 17.9916 0.115101 7.93186 28.6071 19.018 0.0940948 21.7535 
210.819 442.94 132.441 144.448 223.633 13.6369 233.341 108.437 16.3009 25.5932 0.359559 129.411 105.978 1.00214 68.2755 26.9091 284.906 0 61.5819 71.4583 94.5018 8.94179 1.99056 22.4453 27.0077 32.7788 41.2711 2.89932 
12.7264 168.454 47.8875 3.76072 24.1301 89.0951 157.312 31.1201 37.0027 98.2815 122.283 4.75228 12.7853 19.314 38.5545 28.4889 216.608 38.3984 0 17.2874 34.6465 6.59869 1.76832 0.654802 18.0884 3.93569 4.12405 21.5147 
70.7861 141.632 0.380696 2.86621 94.8042 24.0028 87.874 104.101 105.192 29.7659 61.7622 22.1841 6.23553 4.14113 3.59288 1.31097 33.7014 64.691 33.525 0 148.984 5.15598 2.09633 4.32234 0.118141 0.256358 2.03228 1.64705e-05 
169.973 24.6203 2.45264 163.154 121.44 60.431 14.8761 6.15425 61.0017 55.5321 90.9845 37.3647 52.9589 0.384587 20.9165 35.2597 58.1864 107.01 72.4471 39.3853 0 21.4261 35.7074 9.91572 5.30149 0.416928 40.8185 49.83 
15.0364 0.838428 4.26349 12.0822 0.0126902 5.66325 59.0219 9.12624 46.0367 31.0815 4.37826 50.8074 2.21855 0.281051 17.5515 10.2764 15.9502 0.808329 5.20929 0.190135 32.5328 0 9.18432 4.83622 10.8274 2.83651 8.07069 2.60676 
18.4916 48.1172 1.98616 4.26921 39.6234 11.1355 13.0556 21.009 3.90507 38.062 0.000103592 126.456 87.4175 8.7904 17.6613 12.3964 4.25665 18.1364 13.5637 1.83977 37.1276 9.29004 0 15.8515 17.1565 1.29224 8.53801 0.418338 
0.0500343 56.6184 8.60527 18.1003 9.51703 8.18764 28.0678 102.113 95.9418 46.8555 124.788 172.396 0.691289 0.166924 2.71091 14.2294 21.0205 32.0907 0.150382 5.91908 29.876 13.6392 2.5816 0 12.7607 11.5059 10.1973 5.32462 
75.9545 60.9406 24.9981 31.4108 22.132 29.8699 6.24783 67.082 4.03815 35.4605 134.44 1143.65 38.1172 0.154506 29.4044 61.1469 2.52927 22.4353 22.1932 13.2332 31.9884 6.19172 4.95209 43.5198 0 65.7453 118.095 92.5168 
4.9197 4.80054 13.7964 19.5572 70.14 4.22448 31.1315 231.124 131.131 38.3487 61.449 399.485 46.5755 7.19697 25.5277 15.4719 12.6117 33.9438 29.6387 11.7206 30.3626 7.63018 4.39213 14.3404 7.68228 0 9.437 53.5494 
47.7135 13.9056 1.90421 2.29728 46.5464 0.00614424 18.4076 2.33726 31.6898 13.0822 29.2563 48.7455 21.2181 0.0468833 19.8814 11.5515 21.3748 23.6745 0.841529 3.00218 5.0143 8.25219 1.46487 13.1013 62.2748 0.0819487 0 0.027104 
60.9341 36.1342 5.63428 30.7634 56.1502 22.9373 52.4646 4.20119 71.54 21.5953 54.2851 176.397 43.52 7.95428 21.4237 22.4866 23.5196 1.15329 0.273764 2.04457 14.1555 10.3756 6.52375 0.308745 13.5662 45.4423 41.6499 0 
