0 170.459 33.7328 194.694 0.740284 52.7455 137.973 227.214 195.695 25.053 95.429 178.659 64.9673 47.4395 7.59043 63.1914 136.866 8.27304 105.551 200.391 182.989 0.349288 46.7141 53.8487 45.7015 79.5355 3.01916 35.6014 
119.207 0 48.9708 283.952 318.416 270.918 441.755 286.287 420.259 157.367 117.614 34.8238 94.3243 70.0134 96.3897 2.91813 89.8626 168.128 51.0596 20.1934 59.7809 10.2824 44.6845 0.292022 85.7868 32.4571 21.7091 61.5367 
41.8032 422.757 0 204.89 48.7091 41.3638 249.635 172.858 71.7812 86.0058 86.3501 135.903 1.03094 11.8871 0.672242 3.91127 44.3767 2.50273 1.73035 12.454 0.426613 10.9138 9.36145 10.0955 4.01383 0.402099 1.88229 0.808079 
245.432 63.0486 193.911 0 40.1811 88.2473 104.995 939.298 238.16 60.0214 141.719 258.906 46.4304 0.00319117 8.57056 37.9808 94.256 57.2567 45.2488 3.59791 661.251 11.2001 4.22449 16.3107 88.6484 14.4055 27.3697 5.79233 
99.0272 11.9669 113.837 115.603 0 301.346 261.123 58.7055 21.3664 298.008 40.8414 138.93 27.7625 28.221 38.745 27.5699 137.078 178.978 21.3083 86.8723 94.4305 13.9993 55.8397 52.1753 32.3466 42.6555 47.9801 55.1125 
94.3335 153.858 2.38693 50.1657 866.925 0 1009.5 42.9005 46.619 449.365 267.652 129.971 336.371 1.29329 3.29037 25.2858 97.4905 123.625 42.0893 20.1259 77.0927 1.28108 5.02856 17.9234 56.7359 20.7847 4.12526 15.2879 
39.7541 456.212 0.247069 170.601 14.1466 154.088 0 30.4951 175.755 508.43 293.597 220.278 141.923 5.49291 105.802 5.57175 65.2678 228.283 134.447 0.13776 3.98871 60.131 55.8408 15.6649 91.5419 1.56937 40.6585 66.989 
121.53 103.011 155.865 95.6129 50.1669 202.648 5.71665 0 365.362 15.0245 263.574 815.591 142.68 4.40942 166.925 62.8319 15.8074 62.2193 3.88005 1.69376 65.1069 15.4643 0.0255792 134.446 189.622 58.131 14.9535 106.487 
98.2658 222.833 294.025 155.878 351.603 97.2756 999.854 439.26 0 372.228 647.666 174.036 158.196 87.4286 314.616 151.519 94.3069 9.13671 141.19 0.224576 62.4298 47.7057 19.1191 44.7738 168.736 135.076 43.6578 76.1532 
156.522 128.905 61.054 24.5116 106.651 462.089 0.229752 174.579 333.027 0 599.395 164.408 123.529 78.0338 124.822 64.6104 79.3871 33.4609 121.919 0.110519 21.2426 31.902 6.98653 0.120231 32.7632 75.5006 43.0465 17.3454 
3.34524 0.111042 117.459 0.287085 204.378 184.848 179.214 76.2236 282.073 56.6635 0 472.756 90.908 210.156 284.667 208.32 78.42 123.294 128.81 51.0038 12.6642 72.8876 98.7523 48.8402 3.73718 48.9961 0.268521 110.25 
228.428 51.8398 1.48907 162.08 52.8314 158.88 11.5827 1017.32 231.828 179.216 141.541 0 63.064 39.5753 143.579 375.233 0.470015 122.555 46.6692 65.5464 125.669 69.7152 117.484 182.802 311.699 14.6696 109.363 40.0467 
34.4305 145.282 21.856 72.6098 2.10419 101.966 188.483 7.90383 188.504 251.105 0.373783 3.37857 0 9.55709 96.3203 81.8383 54.7406 29.3857 31.5495 22.2757 56.4314 52.264 90.6284 7.8608 54.0577 36.9989 13.1972 0.116214 
40.2957 0.899322 15.963 22.7521 11.9663 3.23698 94.5411 123.844 100.212 0.890157 140.886 152.02 100.652 0 51.5351 1.32806 0.396102 33.447 0.262892 3.63911 44.3876 9.52618 7.7654 0.570898 0.00234147 9.81842 2.00395 11.2788 
66.8435 0.43729 8.87838 11.538 19.5609 40.7294 128.049 75.3952 7.53186 1.77721 355.352 267.906 60.8876 61.6033 0 47.0518 0.16003 0.0637724 7.82964 9.38097 5.38589 0.00454922 1.18069 2.20391 27.6576 30.209 10.7267 9.96995 
69.8405 77.0078 24.2687 39.8718 54.1336 14.148 1.02631 249.316 0.0245031 79.5401 206.695 316.522 73.0972 16.9922 80.9696 0 15.4091 1.334 3.49305 3.66054 10.3518 6.3416 11.7308 10.61 15.6096 19.3958 10.3983 20.6194 
45.6939 131.389 42.7672 68.6636 51.1487 96.0627 14.1715 9.37882 47.8052 80.2938 95.6454 83.9292 12.2688 16.3473 28.5536 2.67492 0 176.222 299.069 0.403143 68.4802 18.0849 0.134965 7.79668 72.3289 18.8252 0.0785568 21.8502 
207.414 423.277 135.544 144.985 221.359 12.2668 233.938 111.01 14.3425 27.2776 0.177306 128.088 106.071 1.14338 68.1134 26.2808 286.418 0 64.2139 72.4327 93.2617 9.18063 1.84585 22.8447 27.5489 32.171 41.1044 2.71578 
13.8272 169.446 48.693 3.35907 18.6449 89.5393 157.523 29.9042 34.9367 99.9851 121.499 5.19823 12.0597 19.0827 38.5442 28.3426 223.234 40.7478 0 16.8897 33.9744 6.43557 1.86503 0.715339 17.8449 3.76185 4.23579 21.6646 
79.2498 141.2 0.512737 3.41253 94.6112 23.9212 88.627 105.261 104.818 30.4433 60.843 21.1298 6.51774 4.11299 3.69721 1.38434 33.7686 65.7991 33.3012 0 169.301 5.18708 2.06507 4.27057 0.0949074 0.221214 1.97293 0.000573379 
164.411 22.5638 3.25394 176.372 120.524 59.6385 13.7002 4.98284 63.7729 54.4642 92.8052 39.3616 52.3405 0.314624 20.3525 35.9898 58.6089 106.008 72.5291 27.2173 0 21.2403 35.5067 10.2738 4.95783 0.310888 40.6431 49.9682 
14.7523 0.732168 4.16764 11.966 0.03332 5.4607 59.3284 9.54385 45.4166 31.8591 4.76499 51.5443 1.72185 0.228204 17.5473 10.3753 15.837 0.889934 5.0593 0.176927 32.5695 0 8.8336 4.61234 10.9941 2.75577 8.16493 2.67081 
18.0642 47.6954 2.09479 4.0882 39.1079 10.9482 12.3515 22.2233 3.35418 37.2327 0.0530274 126.088 88.1558 8.48404 16.963 12.4388 4.15446 17.7854 13.3864 1.80871 36.9587 8.9403 0 14.7499 17.6122 1.38595 8.39069 0.378873 
0.0195265 56.9799 8.41161 18.4464 9.92778 8.39689 28.9299 99.7339 95.3604 46.1686 123.909 174.929 0.491224 0.246651 2.27812 15.4697 21.0194 31.7112 0.12305 5.94669 30.3008 13.7218 3.45554 0 11.5512 11.2354 9.92943 5.1573 
119.926 103.919 25.2554 75.8708 21.4807 73.5703 5.61552 71.6229 47.3374 36.4459 132.937 555.803 37.5534 0.207216 29.1197 68.9126 46.3891 22.9627 22.4143 13.2861 31.3717 5.29493 5.28839 41.8471 0 46.08 67.8835 121.018 
4.39526 4.29629 14.246 18.7085 70.2798 3.94639 32.6033 232.583 132.541 37.1607 57.9691 399.322 47.0204 6.98552 26.0161 14.5079 12.4038 33.3376 29.7315 11.6768 29.6617 7.54596 4.2542 14.1345 7.80019 0 10.1356 51.6624 
47.4917 13.5196 2.01155 2.14659 46.3819 0.00163336 18.9129 2.7302 32.4632 13.4643 28.3859 50.5289 20.9294 0.0343973 19.8821 11.7766 21.4277 23.3735 0.788247 3.07095 4.81182 8.34563 1.56096 12.8498 62.6427 0.172774 0 0.0744978 
60.9788 35.4948 5.4131 30.9762 56.0214 22.9273 51.71 5.04718 72.6667 20.9784 52.7415 176.245 43.377 8.0838 21.2417 22.5693 23.4595 1.03667 0.237176 2.11772 14.5541 10.3564 6.42607 0.260446 14.0181 47.6518 45.8613 0 
