0 303.846 40.031 317.809 1.75481 154.476 145.516 219.281 305.209 22.9166 98.9681 174.571 66.3808 47.8476 6.98885 62.0793 241.024 6.24438 106.661 201.06 188.66 0.412475 46.6257 54.2015 148.757 79.5479 2.79734 34.9088 
247.439 0 28.4133 373.786 345.647 369.678 461.005 283.616 514.712 163.652 123.941 38.0962 91.8999 70.2677 96.5686 3.42169 195.693 785.417 54.6537 22.8499 56.6168 9.89962 44.1542 0.400226 189.901 31.2574 21.2261 61.8398 
35.3917 443.695 0 170.777 43.5513 39.2358 248.709 183.122 50.7887 88.3773 94.2358 140.288 0.778376 11.6296 0.484026 4.27055 45.0813 1.51791 2.10717 13.0356 0.845883 10.9901 9.50345 10.3014 4.33441 0.291091 2.00114 0.704988 
368.155 159.868 185.466 0 43.7875 189.633 111.344 903.532 327.159 62.1686 146.624 259.69 47.3994 0.0163273 9.17122 37.3211 196.735 54.0729 46.1068 4.27143 49.3932 11.3346 4.42813 16.7129 191.824 13.5222 27.3102 5.43689 
91.7233 21.7151 107.932 111.795 0 275.567 279.444 54.8611 27.0052 305.278 36.5437 141.312 30.4276 29.169 40.303 28.5761 138.978 183.625 15.6213 85.9136 92.762 13.4975 55.7089 51.8507 31.5736 41.786 48.1002 55.3085 
194.408 266.025 1.64496 152.41 277.852 0 575.621 38.0187 154.328 824.496 270.267 127.289 321.024 1.48147 2.79701 25.5355 201.055 123.852 44.269 19.8366 77.0067 1.40628 5.23374 17.9542 159.415 20.4018 4.27925 15.0374 
45.2735 473.876 0.0286505 165.79 8.22681 98.6845 0 38.788 290.992 508.69 272.83 214.163 147.085 6.37118 108.863 4.70813 63.7083 229.923 136.705 0.0406787 3.30285 60.4205 56.6976 14.8639 91.6963 1.16268 41.2277 66.4535 
130.251 110.391 145.193 92.2925 46.5308 205.388 9.74413 0 330.238 17.622 253.19 880.193 141.81 3.53238 169.768 71.7594 14.9939 65.0085 4.45015 1.2356 61.3937 14.9031 1.21806e-05 133.355 187.99 65.1677 13.9753 108.583 
196.222 340.632 263.177 272.497 348.886 182.935 1117.92 471.861 0 366.018 1062.35 186.986 154.611 90.989 319.562 151.979 195.935 10.919 139.594 0.0953415 65.5276 47.0288 17.8453 43.2373 272.657 133.693 42.7848 77.3307 
156.676 135.524 63.8278 22.7123 95.135 494.189 0.673966 178.67 342.915 0 604.066 158.642 137.669 77.0594 122.738 62.7551 78.8601 35.526 121.344 0.187283 20.2723 31.0381 6.39186 0.0531076 33.8554 75.7677 42.761 16.6973 
2.48791 0.520751 109.326 0.83295 199.306 194.192 159.175 85.4588 337.582 37.2786 0 484.212 97.1152 208.174 262.093 212.603 77.6153 125.607 128.991 52.1066 11.53 73.3644 101.208 51.3464 2.84983 45.3632 0.166398 110.265 
228.626 55.6252 0.739145 170.479 50.2364 158.935 8.90962 1029.28 218.895 184.555 161.097 0 60.5963 35.9119 154.343 405.505 0.605713 120.923 45.5305 64.2253 123.347 70.2057 116.089 180.985 294.461 24.6465 108.155 43.7839 
33.0969 144.487 22.9124 72.7468 2.95417 102.677 184.602 8.9163 186.116 238.375 0.0433604 4.14617 0 6.77471 98.7694 82.3771 54.2641 30.5353 32.658 21.8339 57.0844 50.3884 90.9324 7.10766 54.2931 36.3487 12.8943 0.16469 
40.8449 0.691252 16.0758 22.843 11.2503 3.51611 93.9397 123.091 103.172 1.29981 147.602 154.4 106.586 0 47.6483 1.75105 0.445543 33.9885 0.320168 3.67744 44.2794 9.39403 7.30833 0.434479 0.000442459 10.0196 1.91594 11.3486 
66.3303 0.245178 9.52756 12.1979 18.2988 41.0153 130.122 70.5644 5.21475 2.80283 338.212 264.345 64.0535 62.007 0 54.4714 0.122501 0.0232128 8.19556 9.27909 5.01218 4.23694e-05 0.853514 2.68005 27.241 30.4139 10.9587 9.61763 
70.7327 76.2258 24.1111 40.3718 53.1956 13.6599 1.45789 244.916 0.193944 80.8756 211.139 351.253 71.9196 17.4797 84.8862 0 15.6341 1.54664 3.29576 3.77512 10.9651 6.501 11.8854 9.30491 16.37 18.3324 10.6539 20.8633 
148.765 231.462 42.0116 172.524 54.0992 199.684 15.2495 8.73207 151.285 79.8147 95.5663 83.5626 11.7605 16.1877 28.6737 2.81535 0 165.59 299.116 0.324278 68.4766 18.1874 0.158866 7.647 175.308 18.6096 0.0629312 21.9558 
203.42 402.51 138.837 145.445 218.618 10.821 234.359 113.849 12.3037 29.1975 0.0495677 126.581 106.146 1.31095 67.9146 25.5851 287.328 0 67.154 73.4869 91.8637 9.44863 1.69121 23.2889 28.1514 31.4951 40.9153 2.5185 
15.0962 170.388 49.567 2.93796 13.3324 89.9351 157.629 28.572 32.6911 101.824 120.581 5.71578 11.2743 18.8237 38.5227 28.1749 230.097 43.4089 0 16.4485 33.2286 6.25588 1.97525 0.785647 17.5736 3.57265 4.36133 21.8292 
88.9464 140.538 0.681925 4.07073 94.3423 23.8199 89.4161 106.495 104.351 31.1944 59.8105 19.9802 6.83733 4.08115 3.81406 1.46783 33.8353 67.0087 33.0441 0 191.808 5.22128 2.03034 4.21267 0.0720491 0.185146 1.90778 0.00303229 
158.112 20.3706 4.27297 188.1 119.465 58.7428 12.4448 3.82345 66.886 53.275 94.8141 41.6224 51.6487 0.245061 19.7299 36.798 59.0698 104.865 72.6057 16.1426 0 21.0332 35.279 10.6771 4.58831 0.211198 40.4436 50.1132 
14.4379 0.622462 4.06179 11.8359 0.0676899 5.23848 59.6551 10.017 44.7234 32.722 5.21249 52.3565 1.24257 0.175802 17.5357 10.4821 15.7104 0.985114 4.8946 0.162787 32.6076 0 8.44083 4.3668 11.1762 2.66694 8.26918 2.74257 
17.5917 47.2176 2.21819 3.89045 38.5301 10.7383 11.5873 23.6014 2.78963 36.3051 0.225413 125.583 88.8864 8.09881 16.1694 12.4682 4.04202 17.3967 13.189 1.77428 36.766 8.54832 0 13.4549 18.107 1.4933 8.22601 0.337225 
0.00215524 57.3679 8.19604 18.8261 10.392 8.62978 29.8926 97.0378 94.6734 45.3918 122.844 177.487 0.308715 0.352897 1.83784 16.8405 21.016 31.2871 0.0958755 5.97639 30.7704 13.8048 4.54252 0 10.2769 10.9308 9.63152 4.97281 
223.159 206.063 25.5305 179.662 20.7632 176.519 4.95016 76.7382 149.927 37.54 131.172 275.716 36.9218 0.274714 28.7829 76.2071 149.528 23.5517 22.658 13.3421 30.6861 10.5027 5.68782 40.5165 0 28.315 16.1467 130.122 
3.84532 3.76716 14.7448 17.7719 70.4143 3.64668 34.2585 233.693 134.008 35.8421 54.1592 396.579 47.5033 6.74999 26.5366 13.4447 12.1731 32.663 29.8297 11.6252 28.8839 7.45165 4.10179 13.8976 7.96175 0 10.9302 49.4237 
47.2379 13.0952 2.13391 1.98471 46.1936 3.01247e-06 19.4788 3.20149 33.3258 13.8928 27.4266 52.521 20.6082 0.0227821 19.8776 12.0249 21.4848 23.0389 0.731026 3.14792 4.5912 8.44894 1.67082 12.5674 62.9441 0.312724 0 0.575236 
61.0132 34.783 5.17085 31.2014 55.8684 22.9104 50.8627 6.07397 73.9015 20.2974 51.0288 175.868 43.2108 8.22641 21.031 22.6464 23.3906 0.91425 0.199574 2.20016 15.0007 10.334 6.31691 0.211516 14.5094 49.9922 50.5445 0 
