0 720.245 64.2224 685.883 8.37119 452.093 170.745 190.862 627.735 16.2649 110.958 159.897 71.1194 49.1466 5.11249 58.1253 545.604 1.45324 110.037 205.275 206.358 0.666022 46.2511 55.286 450.076 79.3005 2.10337 32.539 
652.963 0 0.279731 625.963 429.828 651.842 509.18 271.807 780.521 183.954 145.532 50.0563 83.5242 70.931 96.7635 5.41662 506.543 245.712 67.3114 32.8174 46.2354 8.6406 42.2943 0.894017 494.584 27.253 19.5998 62.7621 
17.0502 473.318 0 59.4857 27.6698 31.8685 239.064 215.654 5.53786 95.8551 121.731 154.168 0.183448 10.7283 0.0736688 5.5814 47.3422 0.00136205 3.65198 15.0173 3.31692 11.2384 9.96937 10.9866 5.49743 0.046987 2.42892 0.40584 
729.908 450.105 17.6639 0 56.719 484.939 132.503 444.378 580.373 69.3407 162.287 257.956 50.6272 0.136772 11.3135 34.8322 495.765 43.5713 48.9148 6.93699 64.8386 11.7852 5.14493 18.0532 493.113 10.6483 27.0578 4.29819 
68.0572 74.3783 87.5834 98.3389 0 155.125 337.484 42.4899 50.5122 323.889 23.4923 149.005 40.1812 32.4217 45.649 32.0439 144.667 198.285 2.74213 82.3111 86.9426 11.8404 55.1642 50.6669 28.9568 38.8038 48.4616 55.8989 
485.751 597.84 0.145794 451.356 768.537 0 286.969 23.2676 498.902 229.857 273.64 117.538 573.128 2.208 1.40491 26.2694 503.718 123.875 51.666 18.7996 76.4984 1.87177 5.94666 18.0142 459.26 19.0546 4.81786 14.1722 
66.0363 515.721 5.88361 147.674 0.0392438 134.82 0 73.2785 783.515 484.672 201.53 192.1 163.873 9.79975 118.53 2.29864 58.3593 233.649 143.623 0.140391 1.44758 61.292 59.4831 12.2613 91.8892 0.233202 43.1284 64.4958 
160.32 136.109 108.983 67.9214 34.9629 212.185 31.012 0 213.274 27.8265 216.345 1017.5 138.417 1.26563 177.746 104.444 12.3634 74.6746 6.66578 0.215095 49.2809 13.0523 0.312368 128.783 180.459 90.6968 10.8624 115.248 
481.6 691.881 158.084 621.39 334.644 451.236 1307 568.859 0 337.521 975.185 231.151 141.81 103.005 244.44 152.338 492.236 18.081 133.609 0.064026 76.2933 44.69 13.783 38.0711 576.116 128.202 39.8086 81.1665 
156.359 157.586 73.1022 16.9909 59.3754 524.629 26.9965 191.539 369.601 0 587.399 138.487 186.699 73.2712 114.223 56.2255 76.8806 42.8449 118.736 0.597744 17.1035 28.1018 4.54876 0.0272733 37.5759 76.3393 41.7353 14.5508 
0.515713 4.15167 82.2768 4.78517 181.029 223.322 96.6103 119.383 598.271 1.2943 0 511.188 118.695 198.069 181.289 223.562 74.7776 133.182 129.197 55.8071 8.04436 74.8458 109.073 60.0005 0.722843 33.7255 0.00106638 109.918 
227.744 69.118 0.136208 197.445 41.7307 158.024 2.40143 966.687 174.714 201.527 231.797 0 52.3663 24.4928 189.737 478.71 1.19432 115.137 41.6812 59.6405 115.176 71.7494 110.723 172.673 307.527 75.2283 103.659 57.2567 
28.6805 141.194 26.5989 73.0043 6.88911 123.578 170.087 12.7786 176.978 191.578 1.34986 7.32086 0 0.837171 106.233 83.7158 52.5781 34.5377 36.4761 20.332 59.2551 43.9627 91.2123 4.80527 54.9803 34.1005 11.8783 0.392172 
42.6523 0.187375 16.3933 23.0779 8.9531 4.53229 91.4143 119.827 112.733 3.25473 168.877 160.991 125.179 0 32.0154 3.55814 0.634803 35.8046 0.556346 3.8043 43.8489 8.90819 5.55284 0.107049 0.0660046 10.6677 1.62875 11.5591 
64.412 0.00496937 11.8307 14.5109 14.2574 41.6743 136.05 54.6905 0.658656 7.95785 267.682 246.475 74.6721 57.7612 0 76.5267 0.0322871 0.0354897 9.4839 8.92144 3.83407 0.0402316 0.132569 4.59596 25.6911 30.8612 11.7427 8.43629 
73.5093 73.3231 23.4442 41.7615 49.9208 12.0041 3.47636 224.864 1.96794 84.8985 222.692 447.882 67.5656 18.7382 89.4607 0 16.3929 2.38321 2.66341 4.16903 13.1515 7.03948 12.2808 5.28677 19.0216 14.6836 11.515 21.5919 
450.273 522.369 39.3397 476.387 64.381 502.548 19.156 6.69176 454.094 77.993 95.1305 82.1998 10.0964 15.6352 29.0478 3.31609 0 128.883 101.729 0.119939 68.3685 18.5249 0.254559 7.143 476.125 17.8664 0.0227332 22.3001 
188.325 362.058 148.675 145.91 207.682 6.53465 233.886 123.304 6.49302 36.0756 0.204538 121.191 106.169 1.96363 67.0942 23.2422 284.337 0 77.2181 76.835 86.9641 10.3799 1.21441 24.8007 30.2033 29.1969 40.242 1.90097 
19.7552 172.294 52.3581 1.70955 1.81867 90.5002 156.984 24.2024 25.4843 107.615 117.109 7.64579 8.77602 17.9278 38.3711 27.5644 246.858 52.8009 0 14.9582 30.7049 5.65823 2.37117 1.04834 16.6468 2.96161 4.79869 22.3733 
123.15 136.887 1.4302 6.68829 93.0029 23.3916 91.7127 110.238 102.376 33.7291 56.2205 16.2564 7.96931 3.96856 4.21814 1.7663 33.9977 70.9342 32.1063 0 262.399 5.33466 1.91239 4.01305 0.0178017 0.0862793 1.69289 0.0258669 
136.005 13.6654 8.71767 196.337 115.562 55.588 8.59315 1.01809 77.6914 49.2199 101.519 49.6093 49.2647 0.0733188 17.6506 39.5161 60.5662 100.766 72.7514 0.0271198 0 20.323 34.47 12.0885 3.43171 0.0158537 39.7297 50.5378 
13.381 0.315456 3.70744 11.3865 0.274452 4.50649 60.6563 11.6948 42.3373 35.6388 6.87191 55.0617 0.19366 0.0483165 17.4406 10.8208 15.2728 1.34378 4.35043 0.119037 32.7159 0 7.09538 3.5622 11.7682 2.37246 8.61948 2.99106 
16.005 45.5246 2.65788 3.24653 36.5295 10.0118 9.14166 28.4927 1.25228 33.1126 1.69984 123.122 90.6451 6.50629 13.3771 12.4271 3.66823 16.0882 12.5143 1.65787 36.0724 7.20336 0 8.79889 19.6833 1.88249 7.65982 0.213296 
0.0732989 58.5769 7.46203 20.0754 12.0305 9.42253 33.1953 87.5236 92.024 42.6537 118.542 184.049 0.00369245 0.847432 0.680361 21.2861 20.9873 29.8284 0.0287644 6.06949 32.345 14.016 8.88475 0 6.58857 9.86905 8.6203 4.35842 
524.643 503.973 26.3776 483.165 18.377 477.175 2.98853 94.4821 450.053 41.2418 124.457 594.986 34.7383 0.57338 27.4849 83.5499 450.936 25.5715 23.469 13.5104 28.3553 57.7997 7.23108 40.3055 0 43.475 111.875 21.16 
2.24017 2.2192 16.4274 14.6594 70.7069 2.70509 40.0181 233.403 138.173 31.3893 41.7684 367.862 49.0504 5.94881 28.117 9.95248 11.3923 30.3648 30.1242 11.4275 26.2544 7.12564 3.5917 13.0326 8.7455 0 13.7533 40.925 
46.3189 11.6875 2.57311 1.47862 45.5107 0.0211018 21.4339 5.07217 36.28 15.3781 24.2342 59.3461 19.5148 0.00111899 19.8218 12.854 21.6674 21.9008 0.552179 3.41376 3.87566 8.79566 2.06779 11.5879 63.1128 1.09113 0 5.69968 
61.0098 32.3559 4.37723 31.8763 55.2714 22.8075 47.9186 10.2301 77.9513 18.023 45.2453 172.972 42.5876 8.69977 20.2509 22.7907 23.1396 0.554773 0.0958687 2.48924 16.5478 10.2484 5.94144 0.082875 16.0795 56.8245 65.8807 0 
