0 725.853 66.5248 686.439 9.18475 446.834 172.92 188.272 624.543 15.7258 112.009 158.551 71.5317 49.2545 4.95985 57.7649 540.86 1.18988 110.304 204.852 207.789 0.691253 46.2126 55.373 445.082 79.2572 2.04669 32.329 
658.152 0 1.10317 616.437 436.388 644.848 512.01 270.571 771.977 185.651 147.431 51.1688 82.7777 70.9745 96.7499 5.6131 502.392 70.6167 68.4541 33.7593 45.3512 8.53277 42.1262 0.946859 489.869 26.9061 19.4577 62.8353 
15.7181 472.631 0 51.696 26.408 31.2165 237.748 218.299 3.69683 96.467 124.174 155.306 0.150681 10.647 0.054695 5.70321 47.5312 0.00471855 3.80734 15.1916 3.61121 11.2595 10.0092 11.0458 5.60515 0.03543 2.46838 0.383313 
729.558 444.912 8.59923 0 57.9013 479.394 134.317 1044.27 571.202 69.961 163.583 257.478 50.9065 0.153001 11.5092 34.5957 490.544 42.6741 49.1538 7.19832 284.812 11.8245 5.20985 18.1692 488.083 10.4056 27.0319 4.20309 
66.0753 80.3282 85.7891 97.1225 0 144.129 342.175 41.4549 52.8843 325.05 22.4638 149.652 41.0892 32.7103 46.1228 32.3527 145.109 199.486 2.10616 81.9689 86.4194 11.698 55.1088 50.5566 28.7272 38.5392 48.4899 55.9452 
479.895 595.454 0.0911946 446.182 1059.62 0 683.662 22.1157 499.585 425.249 273.523 116.635 531.961 2.27833 1.30399 26.3254 498.814 123.821 52.3133 18.7043 76.4377 1.91573 6.01057 18.0161 454.121 18.9327 4.86644 14.095 
68 517.94 6.87993 145.963 0.220295 154.021 0 76.743 827.708 480.78 195.323 190.073 165.288 10.1338 119.321 2.12608 57.8852 233.838 144.174 0.181058 1.31969 61.3604 59.7188 12.041 91.8816 0.185123 43.2933 64.3131 
162.979 138.406 105.848 69.438 34.0056 212.591 33.4228 0 203.475 28.8239 213.013 1022.5 138.086 1.11962 178.319 107.45 12.1416 75.5385 6.88144 0.165232 48.2548 12.8934 0.369477 128.318 179.653 93.0378 10.6042 115.799 
475.313 691.209 149.268 620.611 333.031 445.416 1305.06 576.103 0 334.501 797.047 235.01 140.64 104.051 236.903 152.281 486.787 18.7918 133.042 0.0915602 77.2571 44.4812 13.4456 37.6209 571.25 127.662 39.5459 81.4916 
156.269 159.483 73.9036 16.5178 56.5246 521.111 31.0768 192.591 371.4 0 583.565 136.681 191.001 72.9034 113.374 55.6363 76.6924 43.5107 118.458 0.64499 16.834 27.8434 4.39987 0.0400182 37.9039 76.3646 41.6408 14.3659 
0.412344 4.63628 79.9673 5.28677 179.349 225.655 91.6227 122.532 621.647 0.481468 0 512.631 120.622 196.939 174.144 224.248 74.5201 133.828 129.185 56.1293 7.76508 74.966 109.728 60.7703 0.602243 32.7585 0 109.857 
227.552 70.3487 0.227987 199.674 41.0059 157.862 2.02298 953.88 170.849 202.927 238.224 0 51.6543 23.5701 192.714 482.529 1.25565 114.61 41.3437 59.23 114.437 71.8762 110.206 171.789 312.856 80.7563 103.235 58.4939 
28.3002 140.861 26.9302 73.0116 7.31227 126.629 168.717 13.1496 176.1 187.278 1.64475 7.6421 0 0.584813 106.822 83.7968 52.4247 34.8972 36.8158 20.1997 59.4427 43.3949 91.1808 4.62194 55.0324 33.8997 11.7898 0.41686 
42.8071 0.158118 16.4163 23.0931 8.76105 4.62664 91.1567 119.488 113.535 3.46803 170.614 161.456 126.671 0 30.5548 3.74199 0.653062 35.9628 0.580251 3.81524 43.8063 8.8628 5.38879 0.0886023 0.0771126 10.722 1.60434 11.5757 
64.2303 0.0144986 12.04 14.7194 13.9205 41.7089 136.487 53.342 0.508193 8.53198 260.798 244.498 75.5906 56.9938 0 78.0771 0.0271099 0.0477213 9.60069 8.88911 3.73713 0.0478868 0.0988373 4.78532 25.545 30.882 11.8113 8.33355 
73.7344 73.0497 23.3759 41.8603 49.6262 11.8588 3.69456 222.747 2.21249 85.2129 223.433 454.247 67.1572 18.8175 89.1779 0 16.4594 2.46536 2.61052 4.20405 13.3515 7.08665 12.3057 4.97239 19.2586 14.3632 11.5902 21.6485 
445.306 516.439 39.0971 471.602 65.3026 497.661 19.5176 6.5238 449.234 77.8183 95.0798 82.0712 9.95436 15.5857 29.0782 3.36197 0 125.656 20.9224 0.106673 68.3519 18.5539 0.264068 7.0989 471.069 17.8001 0.0201475 22.3294 
186.89 361.047 149.435 145.87 206.603 6.20501 233.703 124.122 6.06599 36.7066 0.261939 120.697 106.154 2.02731 67.0112 23.0375 283.626 0 78.1064 77.112 86.5218 10.4636 1.17602 24.934 30.3844 28.9944 40.1804 1.85047 
20.1907 172.365 52.5902 1.61655 1.30785 90.4918 156.853 23.8296 24.8823 108.09 116.778 7.82857 8.56876 17.8477 38.3519 27.5077 247.692 53.6511 0 14.8276 30.4832 5.60649 2.40764 1.07323 16.5648 2.91011 4.83803 22.4202 
126.187 136.464 1.50871 6.9456 92.8536 23.3478 91.886 110.533 102.174 33.9508 55.8986 15.9424 8.07244 3.95832 4.25424 1.79368 34.0073 71.2657 32.0189 0 267.85 5.34444 1.902 3.99525 0.0147624 0.0793324 1.67442 0.0289545 
134.021 13.1325 9.18013 194.848 115.196 55.3022 8.28515 0.856064 78.658 48.862 102.1 50.3344 49.0522 0.0629783 17.4701 39.7533 60.6928 100.389 72.7557 0.287923 0 20.26 34.3961 12.2158 3.33719 0.00930407 39.6641 50.5702 
13.2887 0.293288 3.67662 11.3463 0.299346 4.44378 60.7364 11.8478 42.1248 35.8943 7.02829 55.2958 0.144697 0.0408672 17.4282 10.8488 15.2336 1.37802 4.30365 0.115496 32.7239 0 6.97684 3.49373 11.8184 2.34705 8.65005 3.01331 
15.8667 45.3703 2.69809 3.19194 36.3506 9.94687 8.93765 28.9381 1.1454 32.8289 1.89524 122.85 90.7455 6.35004 13.1269 12.413 3.63591 15.9738 12.4545 1.64766 36.0084 7.08468 0 8.39016 19.8136 1.91854 7.60948 0.203686 
0.0892321 58.6752 7.3973 20.1822 12.1793 9.49242 33.4883 86.6629 91.7675 42.4056 118.114 184.464 0.000291124 0.900504 0.604516 21.6523 20.9835 29.6986 0.0247241 6.07711 32.4821 14.0293 9.29646 0 6.31671 9.77385 8.53146 4.30526 
519.631 498.655 26.4455 478.339 18.1707 472.1 2.83819 96.0611 444.982 41.5661 123.815 306.816 34.5433 0.604781 27.3596 82.724 445.935 25.7508 23.5392 13.5236 28.1501 62.0554 7.37974 40.5847 0 49.9921 125.796 14.2494 
2.11863 2.10155 16.5743 14.3916 70.7205 2.62798 40.534 233.076 138.478 31.0001 40.7242 363.984 49.1797 5.87834 28.2414 9.65733 11.3238 30.162 30.1472 11.4084 26.024 7.0965 3.54739 12.9522 8.83157 0 14.0098 40.1257 
46.2338 11.5661 2.61355 1.43734 45.4474 0.0249372 21.6085 5.25675 36.5419 15.5112 23.9582 59.9504 19.4183 0.000532852 19.8138 12.9258 21.6826 21.8004 0.537567 3.43751 3.81514 8.82589 2.1045 11.5002 63.064 1.18184 0 6.39313 
61.0005 32.1417 4.30958 31.9289 55.213 22.7951 47.6546 10.6444 78.2969 17.8257 44.7393 172.598 42.5283 8.7406 20.1775 22.7946 23.1162 0.527311 0.0885132 2.51537 16.6864 10.2401 5.90804 0.0743505 16.2097 57.3304 67.1502 0 
