0 452.759 100.439 336.088 24.2618 28.0929 201.917 151.288 232.099 9.05791 126.479 139.057 77.1809 50.6453 3.05252 52.5521 127.592 0.268416 113.5 167.529 225.248 1.09252 45.5828 56.4384 28.9512 78.2903 1.33162 29.3858 
388.742 0 66.4611 136.999 507.557 196.429 525.033 250.236 300.566 207.366 173.55 67.5676 72.273 71.3229 96.0388 8.69704 98.0227 256.946 84.6992 47.796 33.6164 7.08179 39.712 1.84212 77.3243 22.1851 17.4932 63.7191 
2.60126 408.983 0 11.3955 11.5322 22.289 212.199 250.185 16.8618 104.096 157.79 169.514 0.0303275 9.48952 0.0852662 7.49704 49.9798 2.38287 6.29127 17.596 8.97196 11.5388 10.5413 11.85 7.19114 0.0447216 3.04856 0.134802 
361.603 39.3301 184.394 0 74.905 55.3073 158.221 428.516 100.236 78.3481 179.956 245.45 54.7025 0.474246 14.3418 31.0397 70.8544 30.763 52.3312 11.2435 566.139 12.3642 6.14428 19.7437 70.914 7.23129 26.6069 2.9708 
40.6667 180.194 61.2869 79.8573 0 45.2235 397.731 28.0681 90.3778 332.6 10.3429 158.105 54.4811 36.7589 52.7503 36.7029 150.225 214.5 2.02285 76.799 78.9622 9.77373 54.2096 48.9183 25.5412 34.8222 48.827 56.4959 
52.1495 213.176 0.665275 28.0921 751.38 0 174.706 8.86237 186.661 438.47 264.898 103.422 383.949 3.3611 0.281086 26.9539 83.4385 122.138 61.1594 17.3151 75.3196 2.57798 6.91856 17.9864 35.7371 17.1841 5.56348 13.0025 
97.2079 522.082 28.3847 120.657 17.9677 579.322 0 130.877 1272.35 400.552 113.687 160.763 183.647 15.3087 129.202 0.411532 51.2386 234.083 150.797 1.28863 0.14867 62.1713 62.8324 9.13219 91.3549 0.09447 45.5505 61.5977 
199.57 170.541 64.568 203.174 21.8108 214.891 75.1852 0 84.1476 44.2656 165.988 962.126 132.938 0.0141913 183.973 150.074 9.22373 87.745 10.2321 0.156642 34.745 10.7495 1.667 120.824 166.168 126.427 7.28476 122.82 
43.2687 332.334 46.2464 261.257 304.899 54.0074 977.973 648.668 0 285.125 113.308 287.084 123.751 118.209 254.611 149.963 64.127 30.0004 124.481 0.990336 90.8896 41.5228 9.10909 31.447 155.876 119.216 35.8726 85.7975 
153.958 184.717 84.6675 10.5 23.1025 385.904 113.491 205.723 386.27 0 494.513 111.262 248.1 67.2416 100.053 47.2554 73.8366 53.112 113.789 1.49103 13.2469 24.2548 2.56105 0.473211 42.464 76.288 40.2533 11.8659 
0.17864 14.1186 49.7986 14.7924 154.997 253.242 33.9271 168.356 823.174 29.9854 0 516.107 147.533 177.498 81.9628 228.804 70.8007 142.417 128.492 60.5499 4.35322 76.4628 118.117 71.557 0.0699313 20.4291 0.21532 108.517 
222.925 88.1225 3.95704 227.507 31.361 154.252 0.133741 680.508 118.576 220.577 327.75 0 41.9797 12.3094 230.383 484.658 2.2718 106.981 36.669 53.4111 103.836 73.4859 102.286 157.074 337.057 170.039 96.8663 76.3812 
23.1625 135.497 31.6465 72.8481 14.4703 174.132 148.306 18.8338 162.713 126.902 8.76357 12.8118 0 1.79538 113.75 84.2873 50.2016 40.0213 41.6046 18.3547 61.9988 35.5182 89.7918 2.41286 55.6149 31.0558 10.5712 0.840627 
44.8875 0.00921164 16.651 23.2101 6.26611 6.01688 86.9895 113.923 123.904 7.11519 191.893 165.89 144.252 0 11.6483 6.63044 0.934813 38.1368 0.965882 3.96339 43.1323 8.18836 3.11217 0.0136979 0.322234 11.4275 1.27911 11.7729 
61.4854 0.669882 15.0407 17.6894 9.56968 41.7858 141.023 35.677 2.72753 18.4257 161.004 211.057 87.9213 41.1792 0 89.6632 0.00211327 0.408054 11.2828 8.4241 2.50336 0.224519 0.146427 7.72365 23.3613 30.849 12.7618 6.92873 
76.5292 68.9478 22.2671 42.8221 45.4219 9.8543 7.40637 188.31 7.08901 88.8778 228.789 495.537 61.0851 19.3454 74.3386 0 17.3788 3.75331 1.92157 4.69702 16.2621 7.73803 12.4787 1.48433 22.5683 10.0162 12.626 22.3021 
29.7235 87.0715 35.602 58.139 78.3231 82.5524 24.8473 4.384 35.0377 75.1441 94.1613 80.1294 8.05636 14.8823 29.4596 4.03179 0 82.1813 316.463 0.00252659 67.9986 18.9456 0.415131 6.48916 53.7641 16.8616 0.000331734 22.7196 
165.346 352.63 158.041 143.92 189.761 2.459 228.772 135.202 1.59212 45.8926 1.80455 113.482 105.655 3.0199 65.6724 20.2145 266.387 0 90.4519 80.6525 80.1836 11.6569 0.701976 26.797 32.9151 26.1719 39.2811 1.2129 
26.6582 171.696 55.5716 0.583848 2.99119 89.384 153.77 18.8458 17.0987 114.055 111.726 10.5894 5.90481 16.7119 37.9851 26.6654 245.392 65.8203 0 13.0221 27.4092 4.90091 2.94368 1.451 15.414 2.23273 5.40134 23.0546 
166.961 128.903 2.80886 10.943 90.2493 22.6332 93.7938 114.047 98.8751 37.01 51.3186 11.815 9.56802 3.80984 4.76603 2.19332 34.0592 75.6233 30.7221 0 322.851 5.4775 1.75708 3.74344 0.00206941 0.012617 1.4249 0.0903356 
106.136 6.72378 16.7618 164.941 109.723 51.19 4.5389 0.0623072 92.3101 43.8626 110.013 60.7709 46.0462 0.000701622 15.0035 43.0144 62.3705 94.8785 72.671 31.9192 0 19.3713 33.32 14.0429 2.14653 0.0998008 38.7036 50.9351 
12.0144 0.0675819 3.25348 10.7767 0.760171 3.60076 61.713 14.0695 39.1251 39.4222 9.38081 58.4866 0.207645 0.00205544 17.1849 11.2073 14.6784 1.90063 3.67012 0.0714838 32.8091 0 5.34689 2.58587 12.4828 2.00227 9.07174 3.32968 
13.9636 43.1344 3.28294 2.46803 33.8113 9.02828 6.29611 35.3755 0.147955 28.8447 5.71186 118.163 91.198 4.06256 9.64819 12.042 3.1952 14.3929 11.6166 1.50589 35.0663 5.45034 0 3.28976 21.4614 2.44955 6.90097 0.0921219 
0.475722 59.9049 6.49665 21.6108 14.3294 10.4658 37.5977 74.3771 87.8127 38.8375 111.347 187.371 0.353122 1.78696 0.0120881 26.0701 20.9087 27.8649 0.00025435 6.17346 34.3662 14.1231 14.9541 0 3.55713 8.42686 7.30104 3.58256 
102.704 77.6375 27.2759 64.1278 15.3648 54.4758 1.1338 117.988 28.2975 46.0439 114.06 1185.94 31.7821 1.12716 25.4371 54.51 29.4713 28.2745 24.497 13.6794 25.2904 71.0693 9.63451 47.633 0 113.169 8.81964 112.893 
0.76747 0.786555 18.5881 10.7983 70.7006 1.6564 47.8412 223.496 141.63 25.6504 27.1441 291.255 50.8594 4.9036 29.7069 5.84816 10.371 27.33 30.4188 11.1143 22.8346 6.68333 2.94295 11.7667 10.3066 0 17.6806 28.5943 
44.9746 9.91628 3.20679 0.918044 44.5085 0.112148 24.0833 8.1619 40.2178 17.4023 20.2023 68.3862 18.0689 0.0149054 19.6516 13.905 21.8802 20.3971 0.353272 3.77445 3.01388 9.2423 2.64498 10.2602 61.318 2.81002 0 19.6077 
60.7195 29.1462 3.40617 32.5454 54.3019 22.5643 43.9016 17.2099 82.9107 15.1313 37.7711 165.436 41.6291 9.29419 19.0782 22.6995 22.7683 0.215433 0.0163428 2.8912 18.654 10.1137 5.43724 0.00352227 17.8704 62.4539 82.4433 0 
