0 445.542 103.757 321.326 26.0393 8.40932 204.505 147.741 214.64 8.51189 127.827 137.149 77.7054 50.7659 2.89374 52.0417 108.257 0.450614 113.75 160.877 226.641 1.13538 45.514 56.5248 9.4078 78.1634 1.27128 29.1056 
382.788 0 77.3225 111.648 512.036 173.46 523.634 248.025 275.32 209.213 175.971 69.2003 71.2713 71.3307 95.9206 9.02206 79.5872 52.0487 86.2586 49.2019 32.5677 6.94948 39.4766 1.94235 58.0903 21.7502 17.3089 63.7893 
1.91974 398.249 0 15.0552 10.4089 21.4719 209.138 252.653 21.8206 104.725 160.877 170.685 0.0518462 9.37775 0.116983 7.67555 50.1931 2.83374 6.55668 17.82 9.5991 11.5639 10.5894 11.924 7.34916 0.062258 3.10643 0.11771 
344.773 22.0509 204.024 0 76.553 34.9901 160.319 618.293 75.9683 79.1127 181.327 243.804 55.052 0.513895 14.6192 30.6799 50.9347 29.7008 52.6163 11.6627 144.736 12.4146 6.23551 19.8883 51.2186 6.95277 26.5605 2.86338 
38.5034 190.919 59.0489 78.2055 0 42.8509 401.885 26.908 94.3123 332.456 9.41967 158.848 55.8152 37.1441 53.3782 37.1188 150.605 215.743 2.87364 76.272 78.241 9.59757 54.112 48.7533 25.2413 34.4679 48.8532 56.5387 
31.5535 196.523 0.849388 8.41686 1103.35 0 736.522 7.89545 178.639 565.274 263.413 102.116 75.4998 3.47331 0.22238 26.9983 63.9181 121.888 61.9734 17.1779 75.1874 2.64547 7.00608 17.978 15.9571 17.0141 5.6314 12.8976 
100.124 519.84 31.1135 118.151 21.0901 624.012 0 136.478 1289.14 390.788 106.643 157.908 185.24 15.8474 130.017 0.317452 50.6071 233.872 151.318 1.44602 0.0978105 62.234 63.1099 8.87282 91.264 0.142584 45.76 61.3242 
202.949 173.567 60.9774 221.823 20.7737 214.776 79.863 0 75.0045 45.8697 161.532 944.288 132.399 0.000873776 184.276 154.093 8.96452 88.9139 10.5826 0.222897 33.5487 10.5536 1.83853 120.019 164.684 129.612 6.9984 123.417 
22.436 317.815 39.0674 246.75 301.72 40.1982 924.043 652.474 0 279.836 871.854 291.774 122.102 119.497 264.687 149.596 43.9467 31.184 123.61 1.12556 92.1958 41.238 8.73544 30.8738 136.303 118.332 35.5243 86.1822 
153.637 186.966 85.6394 9.98932 20.6196 367.207 123.409 206.809 386.651 0 483.053 108.852 253.078 66.6562 98.6619 46.4502 73.5438 54.05 113.272 1.58935 12.9241 23.9168 2.41043 0.539145 42.8938 76.2388 40.115 11.6369 
0.274602 15.2769 47.1854 15.9297 152.615 255.321 29.7663 172.828 829.23 36.6187 0 514.802 150.067 175.325 74.4041 228.739 70.4361 143.189 128.376 60.9609 4.07779 76.5871 118.836 72.5791 0.132169 19.3827 0.258202 108.341 
222.3 89.8568 4.54637 229.784 30.4946 153.779 0.287399 647.995 113.858 222.053 336.013 0 41.0904 11.4094 233.497 479.849 2.38373 106.233 36.2297 52.8516 102.805 73.6229 101.47 155.465 329.449 179.266 96.2205 78.1243 
22.6924 134.921 32.1014 72.8069 15.2681 177.896 146.26 19.421 161.339 121.299 9.72625 13.3678 0 2.36946 114.275 84.2711 49.9829 40.5171 42.0625 18.18 62.235 34.7797 89.5682 2.23815 55.6559 30.7825 10.4573 0.888527 
45.0767 0.0204472 16.6647 23.2119 6.048 6.15544 86.5401 113.317 124.801 7.52435 193.59 166.105 145.563 0 10.166 6.92936 0.964162 38.3395 1.00755 3.97701 43.0607 8.12067 2.9079 0.0245057 0.354197 11.489 1.24979 11.7883 
61.2052 0.782848 15.3314 17.9759 9.19263 41.7534 141.298 34.1306 3.35696 19.5364 151.667 207.385 89.0318 39.3206 0 89.6658 0.00435941 0.460706 11.4473 8.37868 2.39807 0.248046 0.201484 8.02777 23.1411 30.8145 12.851 6.79864 
76.7594 68.532 22.1472 42.8719 45.0149 9.66714 7.82186 184.637 7.69135 89.1525 228.801 494.482 60.4757 19.3378 72.0162 0 17.4652 3.88917 1.86106 4.74413 16.5493 7.79903 12.4779 1.25197 22.8794 9.62247 12.7227 22.3506 
10.2488 66.2598 35.2609 38.823 79.5671 63.0582 25.379 4.2013 15.6828 74.8679 94.0538 79.9311 7.88446 14.8143 29.4915 4.09822 0 78.2954 375.378 0.000573532 67.9533 18.9814 0.431253 6.43185 34.0797 16.7713 4.14668e-05 22.7548 
163.172 349.009 158.653 143.601 188.001 2.1891 228.075 136.218 1.31523 46.7984 2.02303 112.769 105.58 3.12412 65.528 19.9503 264.073 0 91.6114 80.9554 79.5673 11.7726 0.663062 26.9738 33.1552 25.9048 39.1919 1.159 
27.3079 171.471 55.8283 0.51207 4.00776 89.1831 153.357 18.3953 16.4231 114.554 111.206 10.8716 5.67483 16.6026 37.9407 26.5807 243.751 66.9978 0 12.8527 27.1195 4.83559 2.99714 1.48975 15.3044 2.17252 5.45615 23.1129 
170.553 128.031 2.95146 11.3583 89.9524 22.5557 93.9243 114.319 98.517 37.2962 50.8765 11.4493 9.71528 3.79523 4.81533 2.2329 34.0562 76.0092 30.5917 0 325.65 5.48978 1.74335 3.71924 0.00376871 0.00925079 1.40202 0.0979439 
103.501 6.21936 17.5858 163.444 109.17 50.7888 4.23834 0.130684 93.6163 43.3886 110.743 61.7889 45.7573 0.00280112 14.7749 43.3185 62.5207 94.3321 72.6488 37.4433 0 19.2862 33.2136 14.2209 2.04625 0.12614 38.6081 50.9612 
11.895 0.0543437 3.21405 10.7218 0.814916 3.52408 61.7918 14.2885 38.8374 39.7525 9.6202 58.7815 0.2865 0.00474845 17.1552 11.2381 14.6248 1.95456 3.61195 0.0678334 32.8146 0 5.19613 2.50482 12.5424 1.97052 9.11123 3.36027 
13.7859 42.9144 3.34063 2.40318 33.5666 8.94006 6.06614 36.0057 0.101901 28.4655 6.17832 117.634 91.148 3.84564 9.32471 11.9901 3.15441 14.2445 11.5368 1.49252 34.9721 5.29893 0 2.89659 21.5998 2.50252 6.83329 0.0837524 
0.528351 60.0075 6.41163 21.7399 14.5404 10.5578 37.9887 73.1924 87.4017 38.4896 110.631 187.362 0.425556 1.88419 0.00212549 26.4079 20.8995 27.689 0.00105241 6.18162 34.542 14.123 15.4469 0 3.40218 8.29794 7.18558 3.51597 
83.0311 57.5947 27.3429 44.7237 15.106 34.7546 1.01105 120.036 8.75094 46.4626 113.062 540.104 31.5167 1.18476 25.2388 51.283 9.87264 28.5157 24.5857 13.6914 25.0201 66.4995 9.86376 48.4394 0 110.504 3.12973 121.594 
0.673427 0.693983 18.7748 10.4736 70.6783 1.57472 48.5418 222.113 141.82 25.1529 25.9632 282.887 51.0063 4.81236 29.8183 5.52281 10.2811 27.0615 30.4397 11.0837 22.5352 6.64351 2.8871 11.6486 10.4721 0 18.0352 27.4944 
44.8483 9.76427 3.26585 0.874415 44.4141 0.123708 24.3216 8.46901 40.5682 17.585 19.8559 69.184 17.9407 0.0184711 19.6312 13.9954 21.8975 20.2638 0.337697 3.80696 2.94215 9.28125 2.69893 10.1412 61.0513 2.99871 0 21.1594 
60.678 28.862 3.32461 32.5922 54.206 22.5369 43.5392 17.9059 83.3269 14.8817 37.1211 164.572 41.5367 9.34501 18.967 22.6759 22.7332 0.192861 0.0124701 2.92791 18.844 10.1005 5.3922 0.00152229 18.012 62.7372 83.6029 0 
