0 913.398 139.656 713.354 49.0624 369.693 230.325 109.355 596.761 3.58807 142.17 115.847 83.2938 51.9495 1.41965 46.3093 471.369 5.5172 115.855 76.7154 238.556 1.65922 44.6592 57.2981 370.975 76.3774 0.698263 26.0366 
873.545 0 228.379 416.024 531.047 494.867 479.199 221.02 571.439 226.543 201.415 87.7764 60.3308 71.125 94.0515 12.9313 453.052 4.19364 103.299 65.1572 21.937 5.56542 36.8335 3.212 422.677 17.1631 15.3183 64.3993 
1.26531 247.945 0 123.865 1.77328 13.1335 169.976 272.11 112.008 110.404 192.421 181.213 0.665435 8.14036 0.791869 9.70583 52.2925 10.2584 9.78304 20.1949 17.723 11.8218 11.0871 12.7028 9.15524 0.444413 3.77123 0.00607278 
711.75 421.256 223.889 0 94.6775 388.009 180.699 670.072 393.951 87.0383 193.946 220.554 58.7369 1.05131 17.7294 26.5417 407.958 19.0064 55.5311 16.5765 752.54 12.9565 7.26052 21.4077 410.517 4.20107 25.9841 1.80327 
18.1988 313.396 36.2488 60.2843 0 65.5077 432.076 15.6032 140.526 321.043 2.06908 166.261 70.9874 41.3565 60.1933 41.6843 153.495 227.06 21.66 70.1275 70.2301 7.74656 52.9078 46.8418 21.9953 30.5842 49.0729 56.8967 
382.33 584.691 4.29732 369.176 1050.57 0 1068.2 0.906175 671.409 330.908 240.116 87.3938 56.7564 4.80101 0.0304659 27.3062 425.174 118.131 70.4529 15.6215 73.4458 3.43528 7.97602 17.8226 374.685 15.118 6.39438 11.737 
133.002 466.882 67.4051 90.2474 70.0258 913.389 0 200.865 1115.48 269.218 41.6515 126.333 200.661 22.237 137.378 0.0879359 43.715 228.897 155.712 3.75806 0.238547 62.7557 65.9252 6.23914 89.8055 1.31816 47.9962 58.1594 
238.042 205.805 27.0885 340.336 10.9171 209.728 137.406 0 7.92319 64.7877 114.058 647.189 125.955 0.911423 184.83 195.879 6.33747 101.75 14.7794 1.71545 21.5726 8.49725 4.26232 110.248 146.399 163.505 4.20633 129.098 
372.657 727.641 2.82139e-05 656.517 262.031 496.071 288.114 655.414 0 217.403 70.1964 338.75 103.722 132.685 261.364 143.963 398.373 45.3939 113.466 3.17192 106.523 38.0824 5.10696 24.781 496.372 107.802 31.7183 90.1014 
148.986 209.37 95.5421 5.15478 2.44764 160.538 245.884 216.694 378.79 0 335.798 82.9063 299.603 59.7731 82.3579 37.637 70.1019 64.5541 106.796 2.86946 9.60307 20.265 1.04792 1.54262 47.5364 75.2218 38.5286 9.23223 
2.67716 30.7399 22.3772 30.8551 126.092 271.004 1.73018 222.011 865.169 145.9 0 482.391 177.094 148.515 13.4054 222.328 66.3203 151.096 126.527 65.3473 1.6324 77.738 125.714 83.6294 2.10457 9.53428 0.98465 105.872 
213.395 109.204 13.5869 249.721 21.6338 147.161 5.77438 284.279 66.4831 235.666 419.384 0 31.7538 3.68056 260.781 377.954 3.78658 97.7831 31.4807 46.6744 91.3127 74.9347 91.899 135.775 206.987 279.284 88.7225 97.4077 
17.7681 127.88 37.1381 72.0606 25.2706 192.097 122.982 26.365 145.277 64.688 23.3862 20.1693 0 13.6554 118.373 83.3736 47.5045 46.0376 47.0927 16.2762 64.7427 26.8957 86.1012 0.742445 55.9392 27.7609 9.23145 1.50044 
47.0485 0.435071 16.7159 23.1246 3.88569 7.73676 81.0459 105.839 133.481 12.6765 207.864 166.05 155.167 0 0.314647 10.3367 1.31528 40.5133 1.52082 4.12081 42.1896 7.3434 1.01231 0.345995 0.801724 12.0942 0.947476 11.9166 
57.9245 2.59525 18.5434 21.1381 5.50656 40.9474 142.474 19.0237 14.8782 33.3725 60.9136 163.21 100.267 18.3735 0 77.1082 0.0821223 1.24796 13.2986 7.86813 1.38489 0.582239 1.36767 11.5634 20.6054 30.0802 13.8141 5.42034 
78.8595 63.7015 20.68 42.9308 40.4888 7.67089 13.0542 141.519 15.7964 91.2785 223.223 427.653 53.4932 18.5946 41.0659 0 18.4007 5.52955 1.25617 5.26198 19.8081 8.45491 12.2706 4.45538e-05 26.18 5.65569 13.758 22.7206 
372.755 413.945 31.442 402.57 93.1369 424.61 31.4728 2.43977 379.364 71.5972 92.6445 77.6033 6.102 14.0564 29.7916 4.85705 0 40.2083 10.775 0.0705678 67.3221 19.3597 0.628286 5.81139 393.768 15.7697 0.0151809 23.1198 
138.274 246.583 162.866 138.618 167.154 0.250178 217.93 146.861 0.0145784 57.0322 5.22963 104.655 104.429 4.37829 63.7517 17.1095 231.934 0 104.031 83.8717 72.6762 13.0683 0.307592 28.9065 35.7791 22.9965 38.1729 0.645656 
34.7871 167.178 58.3132 0.0325863 24.5074 85.915 147.5 13.7449 9.8145 119.19 105.09 14.1853 3.43126 15.388 37.3453 25.6 211.215 80.0221 0 11.0263 23.979 4.13969 3.61162 1.94714 14.0996 1.56106 6.07179 23.7289 
204.393 116.898 4.7146 16.2381 86.1529 21.5993 94.7592 116.576 94.1025 40.3681 45.9703 7.76681 11.3853 3.62953 5.36176 2.68364 33.9315 79.8879 29.0833 0 324.511 5.62023 1.59335 3.45122 0.0557934 0.0066406 1.16102 0.201624 
75.3685 1.94709 27.6701 186.966 102.745 46.2887 1.6009 2.52735 107.928 38.2244 118.459 73.186 42.5577 0.117999 12.34 46.5719 64.0598 88.1013 72.2432 119.031 0 18.3448 32.0014 16.2191 1.09775 0.617935 37.5125 51.149 
10.6048 0.00388434 2.79116 10.1113 1.54007 2.72525 62.4919 16.7758 35.6599 43.2979 12.4206 61.908 1.97832 0.107445 16.7537 11.5362 14.0277 2.59485 2.99831 0.033949 32.8451 0 3.62085 1.68398 13.1535 1.63471 9.53716 3.70136 
11.878 40.4225 3.99493 1.74039 30.8513 7.96661 3.80001 43.0798 0.160699 24.3269 12.4217 110.913 89.5407 1.69083 5.9676 11.2421 2.71989 12.6415 10.6589 1.3473 33.8889 3.71332 0 0.168653 22.8841 3.10893 6.08968 0.0179056 
1.28662 60.9646 5.48999 23.0694 16.923 11.5566 42.2641 60.1629 82.5211 34.5973 102.028 183.983 1.661 3.07147 0.428387 28.9383 20.7743 25.7434 0.0457201 6.2594 36.4259 14.0183 19.6671 0 3.01125 6.88713 5.94418 2.81338 
442.575 413.308 27.9355 407.306 12.3682 393.971 0.123173 141.638 370.849 50.9501 101.443 1124.22 28.5813 1.90307 22.9078 33.1857 370.569 31.1716 25.5299 13.7906 22.0793 10.2502 12.4979 54.8816 0 32.5101 144.445 11.9585 
0.0438135 0.0574093 20.7503 7.15035 70.2001 0.807195 56.2342 202.011 142.618 19.8663 14.4848 183.192 52.4657 3.83644 30.7014 2.4821 9.30303 24.1318 30.6114 10.7191 19.3064 6.20128 2.29621 10.3041 12.5498 0 21.9299 16.0269 
43.3898 8.15445 3.94294 0.463069 43.3214 0.287827 26.9646 12.1778 44.4132 19.6179 16.1917 77.8268 16.5363 0.0827729 19.3511 14.9518 22.0704 18.8037 0.189342 4.16848 2.20645 9.70065 3.31799 8.83127 57.0612 5.42713 0 40.35 
60.0545 25.7583 2.48314 32.9667 53.0506 22.1734 39.518 26.2948 87.6155 12.2324 30.1768 153.156 40.4465 9.87984 17.6747 22.2514 22.3249 0.0268904 0.00438755 3.34138 20.9577 9.94377 4.89558 0.0340918 19.3725 63.3397 92.0309 0 
