0 812.276 170.208 565.54 76.0098 236.245 249.483 75.3493 476.399 0.819138 154.8 95.4525 88.2686 52.8286 0.491206 40.716 336.246 15.3989 116.737 35.8346 243.702 2.24711 43.6797 57.7283 235.677 74.0289 0.308788 23.1493 
804.911 0 377.388 243.572 496.509 319.871 394.533 191.602 373.217 237.392 222.976 106.195 50.1715 70.4328 91.3242 17.1854 328.378 373.346 118.947 80.6858 13.5197 4.3719 34.2351 4.70093 289.579 13.1716 13.489 64.7 
12.1864 98.3916 0 254.226 0.251677 6.70978 126.782 276.334 237.143 113.558 216.689 186.917 1.88649 6.96329 1.97533 11.7194 53.8502 21.2498 13.3351 22.2588 27.3371 12.0361 11.5037 13.3797 10.9718 1.12548 4.45044 0.0307723 
540.315 338.701 414.768 0 111.408 244.733 194.618 906.791 234.866 93.6121 201.38 190.957 61.9477 1.73118 20.7474 22.3936 267.675 10.7531 57.9014 21.6237 141.003 13.4501 8.2673 22.7175 272.064 2.16759 25.3246 1.0089 
5.53575 421.24 18.6813 44.1561 0 72.0093 432.205 7.51356 187.354 294.394 0.0175078 171.938 86.0148 45.2938 66.4483 45.9852 154.009 233.55 54.0089 63.7635 62.5231 6.1381 51.54 44.8628 19.0083 26.9306 49.1653 57.0448 
238.338 464.038 9.81317 234.189 550.162 0 927.354 0.6997 642.469 303.548 207.705 73.0697 179.527 6.20723 0.623718 27.2864 288.617 112.913 77.4974 14.0752 71.3092 4.26426 8.90532 17.5677 236.298 13.2862 7.1464 10.6265 
164.471 376.457 109.431 64.3864 136.683 632.949 0 262.832 530.938 149.254 6.44005 96.9097 211.35 29.015 141.455 1.24444 37.3033 219.772 157.544 6.9203 1.56536 62.9623 68.1808 4.12245 87.6468 3.52389 50.0021 54.8956 
266.582 233.725 6.64099 363.983 4.34268 198.696 198.86 0 8.48161 84.5531 73.4221 298.829 118.987 3.56235 180.631 228.577 4.22983 113.801 19.3319 4.41842 12.3734 6.7148 7.45969 99.5703 126.297 192.032 2.17945 132.907 
231.651 623.414 35.8015 550.746 218.083 482.828 0.00440161 593.361 0 155.16 1118.9 373.382 86.1396 143.149 168.983 136.001 256.086 60.7208 102.985 6.05221 119.918 35.046 2.51236 19.3997 357.667 96.6123 28.1556 93.2689 
142.718 225.997 103.364 1.97051 1.73671 50.8384 365.276 222.384 351.589 0 186.071 59.8826 325.916 52.6055 65.7925 29.5057 66.4665 74.7581 99.4049 4.41866 6.84986 16.9268 0.264462 2.96432 51.771 73.4545 36.9096 7.1512 
7.22619 49.6964 6.71278 48.6861 100.936 272.829 7.20029 266.76 884.127 290.785 0 423.892 200.609 119.494 1.71599 206.969 62.2351 157.556 123.81 69.2662 0.319425 78.4606 130.385 93.6386 6.1384 3.23933 2.10816 102.628 
201.644 127.751 26.2485 259.029 14.4277 138.588 17.2862 43.416 31.3308 243.792 479.39 0 23.7115 0.251392 273.057 229.087 5.41112 89.4299 27.1223 40.8026 80.2128 75.8475 81.9316 114.441 217.004 356.073 80.9962 115.418 
13.5307 120.061 41.9397 70.8562 36.7075 165.952 100.153 33.747 128.656 24.3032 41.211 27.7469 0 31.8894 119.31 81.3098 45.0269 51.3818 51.8401 14.4989 66.9716 19.945 81.173 0.0631759 55.921 24.8744 8.11159 2.22705 
48.7292 1.32352 16.5936 22.8592 2.24584 9.31942 74.9591 97.4785 139.535 18.5828 213.29 161.89 155.483 0 4.05413 13.5175 1.69759 42.4802 2.10229 4.24718 41.2202 6.5578 0.0780452 0.980928 1.38611 12.5405 0.694787 11.9692 
54.4855 5.27103 21.561 24.124 2.82461 39.4333 140.416 8.36391 33.0903 48.7243 9.05607 118.036 108.941 3.66984 0 49.3736 0.246665 2.34895 15.1253 7.3646 0.67115 1.0264 3.36549 15.1048 18.0426 28.7972 14.6951 4.20977 
80.0984 58.7114 19.053 42.1552 36.1256 5.90257 19.0823 99.0143 25.8395 91.7349 208.584 293.012 46.4933 16.837 13.1091 0 19.2642 7.33408 0.785509 5.7519 23.0617 9.04924 11.7442 1.11504 29.0062 2.69312 14.6885 22.7891 
238.655 265.763 27.7298 268.785 105.623 288.345 37.6424 1.19428 246.138 68.1068 90.9209 75.1414 4.59369 13.3184 29.9892 5.62694 0 14.321 397.175 0.293176 66.4961 19.6914 0.849502 5.23759 256.131 14.8026 0.0609421 23.4285 
113.601 130.644 162.452 131.475 145.291 0.192203 204.296 155.973 1.76903 67.1279 9.62631 96.5316 102.795 5.75266 61.7487 14.5268 192.235 0 115.085 85.9071 65.9646 14.3394 0.0936043 30.7229 38.2403 20.2884 37.1372 0.29351 
42.3923 160.1 60.0705 0.10959 58.1771 81.0912 139.795 9.86354 5.00604 122.078 98.6283 17.6855 1.79732 14.2161 36.5984 24.5855 164.881 92.3249 0 9.35948 21.0755 3.51661 4.24107 2.43519 12.9571 1.0672 6.67962 24.2717 
223.809 104.014 6.69068 21.2689 81.6752 20.5218 94.5207 117.435 89.1339 43.144 41.2534 4.86904 13.0568 3.46356 5.88775 3.13703 33.6572 82.917 27.529 0 271.898 5.73647 1.45256 3.19352 0.162077 0.0629531 0.94987 0.334352 
50.9857 0.114064 38.7545 235.092 96.0985 41.8877 0.25261 7.57066 121.278 33.4133 125.213 84.2645 39.4802 0.384756 10.1688 49.4949 65.3276 81.8314 71.5824 212.7 0 17.4403 30.7771 18.1847 0.462318 1.42872 36.3943 51.1571 
9.41868 0.118507 2.40778 9.51964 2.43832 2.04537 62.8713 19.2719 32.6212 46.4986 15.359 64.6739 4.96026 0.32837 16.2487 11.7493 13.4462 3.28443 2.45928 0.0124015 32.8228 0 2.31061 1.03524 13.6618 1.33859 9.92768 4.03385 
10.1467 37.936 4.64769 1.19895 28.2356 7.04057 2.10826 49.9856 1.18025 20.4812 20.14 103.114 86.2512 0.351713 3.28203 10.2551 2.33047 11.1671 9.82579 1.21233 32.7771 2.38872 0 0.732458 23.6677 3.72163 5.38723 0.000225065 
2.31076 61.5793 4.64217 24.1688 19.2913 12.4794 46.2608 48.0234 77.3033 30.8107 92.7434 175.341 3.56965 4.34976 1.72337 29.106 20.6144 23.8766 0.149527 6.31288 38.1316 13.7435 20.86 0 4.88299 5.57926 4.82255 2.19961 
304.336 271.859 28.2479 272.067 9.95718 255.777 0.0758491 159.893 237.003 54.979 89.4869 358.475 25.7726 2.72293 20.4741 56.8474 234 33.6972 26.3738 13.8286 19.3478 40.6201 15.1121 51.6364 0 82.1862 29.7673 107.862 
0.140757 0.107481 22.4712 4.47433 69.3495 0.307126 63.4346 175.711 141.164 15.2129 6.42333 91.6473 53.5799 2.96784 30.9384 0.648684 8.39208 21.3933 30.6758 10.3254 16.3585 5.77386 1.77885 8.96788 14.911 0 25.5352 7.1955 
41.8851 6.73102 4.63261 0.190017 42.1884 0.506963 29.5119 16.2472 48.0442 21.5888 12.968 85.7306 15.2108 0.186671 18.9905 15.791 22.2051 17.4246 0.0872754 4.51942 1.59835 10.0841 3.94796 7.59443 51.6886 8.28017 0 59.8345 
59.1779 22.8534 1.78178 33.0814 51.7801 21.7236 35.6477 35.3982 91.1711 9.88456 23.9823 139.352 39.284 10.3446 16.3403 21.573 21.8984 0.00978888 0.0556906 3.75078 23.0064 9.77367 4.42309 0.158033 20.3431 59.6516 91.8521 0 
