0 638.71 195.112 383.296 108.516 113.646 262.83 44.047 359.789 0.0258936 166.843 74.2881 93.1387 53.4886 0.0297901 34.717 208.275 30.9569 116.44 52.2379 242.16 2.96909 42.4615 57.8501 108.935 70.8617 0.0649208 20.1326 
668.021 0 468.017 102.512 410.188 153.655 276.628 157.758 185.074 242.185 242.134 126.085 39.8284 69.1647 87.4434 22.2247 211.854 475.903 134.394 96.7914 6.61952 3.24 31.3959 6.57969 164.426 9.38542 11.6179 64.7143 
35.0325 6.08503 0 279.349 6.02796 2.04329 80.3863 264.807 370.015 114.326 234.126 187.998 3.85913 5.73384 3.78351 13.8965 55.0037 36.5808 17.563 24.1754 39.2154 12.2298 11.881 14.0223 12.9808 2.17978 5.22081 0.199162 
339.437 276.559 205.138 0 127.853 109.998 202.43 450.945 105.213 99.3616 203.928 153.936 65.0054 2.6284 23.9527 17.9163 134.971 4.36591 59.9487 27.1512 730.243 13.9507 9.36374 23.9428 140.935 0.706715 24.506 0.406868 
0.071105 502.878 5.8448 28.7671 0 89.8397 401.254 2.03052 236.703 251.826 3.2889 176.385 102.208 49.3619 72.7386 50.4643 152.11 235.542 100.224 56.5619 54.3216 4.60024 49.8516 42.5935 15.9603 23.1206 49.1363 56.9925 
104.364 339.42 17.6588 108.869 392.736 0 585.78 7.49749 573.949 381.75 165.54 57.9656 528.543 7.82887 2.07593 26.9258 159.502 105.724 83.5757 12.383 68.5389 5.22361 9.89108 17.1825 105.885 11.3363 7.97241 9.44569 
196.252 256.216 156.441 39.5658 219.644 93.0311 0 323.15 37.1455 48.2087 3.05226 67.678 217.9 36.8161 142.422 3.93974 30.7226 205.656 156.884 11.2656 4.25468 62.8657 70.0927 2.3171 84.5456 7.006 51.9953 51.1766 
289.877 259.008 0.0973489 503.504 0.578849 180.896 265.205 0 78.8744 106.782 37.9111 39.7447 110.762 8.24821 171.253 251.769 2.42694 126.24 24.7375 8.63169 5.21813 5.01513 11.7752 87.0612 103.091 215.771 0.73124 135.124 
104.566 510.268 140.802 433.193 167.964 481.085 322.498 470.624 0 93.0414 755.303 396.511 67.8581 151.441 235.484 125.012 121.764 78.5818 91.1512 10.0829 133.636 31.7927 0.729275 14.2092 225.2 83.7815 24.45 95.9899 
134.204 237.64 109.601 0.215343 19.076 77.2278 464.306 224.192 304.362 0 58.8211 38.2288 330.484 44.549 48.1446 21.416 62.2435 85.6545 90.3985 6.41072 4.38401 13.5645 0.00115144 4.9644 56.0141 70.7408 35.0747 5.17966 
14.4228 73.6884 0.058541 70.6657 75.2492 260.343 47.1471 309.073 637.256 448.225 0 339.475 222.109 87.335 42.7722 181.983 57.7276 163.178 119.913 73.1207 0.0401183 78.8194 133.167 103.457 12.6535 0.159655 3.76515 98.2543 
185.962 147.12 43.471 257.615 8.21315 127.28 35.8244 27.5578 7.53898 246.828 514.166 0 16.2024 1.04712 269.757 79.0852 7.44787 80.2916 22.6874 34.6387 68.402 76.4479 70.6797 90.2685 172.662 397.449 72.2753 133.378 
9.55275 110.675 46.9822 69.0514 50.6293 148.66 76.1774 42.342 110.016 1.99968 64.5706 36.8866 0 57.1432 117.036 77.8586 42.2717 57.1257 56.799 12.6531 69.1651 13.3681 74.3603 0.163188 55.5891 21.8156 6.97242 3.15444 
50.2925 2.79541 16.2798 22.3824 0.973757 11.0545 67.7014 87.4642 143.35 25.7589 209.725 153.214 146.194 0 20.466 16.4281 2.15622 44.453 2.81963 4.36988 40.0398 5.68912 0.26614 1.96834 2.16879 12.8642 0.465103 11.9491 
50.5214 9.10087 24.6288 27.2073 0.91808 37.0674 134.866 1.63255 58.9519 66.395 5.39816 72.0468 115.516 0.716307 0 17.676 0.519758 3.89443 17.1262 6.81218 0.188452 1.63025 6.28832 18.82 15.2256 26.849 15.5877 3.04965 
80.5683 53.0541 17.1147 40.4568 31.4732 4.20247 26.4808 57.2853 38.6683 90.5016 184.219 131.204 38.8605 14.0507 0.0238348 0 20.1521 9.50699 0.400985 6.26618 26.6582 9.64293 10.8565 4.61335 31.5113 0.668134 15.6089 22.5521 
113.494 126.001 23.7564 143.022 118.082 159.547 44.5314 0.34512 121.65 64.0169 88.6804 72.2636 3.19958 12.5159 30.1033 6.49654 0 0.887116 65.1192 0.698249 65.3748 20.0139 1.1215 4.64539 126.321 13.7603 0.143762 23.7151 
87.4241 110.047 157.229 121.526 120.713 2.07482 186.01 164.411 6.84143 78.0726 15.7021 87.5391 100.482 7.40494 59.2929 11.9269 144.474 0 125.711 87.2343 58.7212 15.7323 0.00152736 32.6258 40.8097 17.4869 35.964 0.067871 
50.877 149.58 61.2432 0.770079 105.301 74.3035 129.514 6.36405 1.5996 123.42 91.1404 21.7638 0.620491 12.957 35.613 23.4225 117.039 104.979 0 7.67641 18.0917 2.89713 4.95811 3.01107 11.7485 0.639083 7.3505 24.8016 
227.407 88.4752 9.05435 26.7968 76.0663 19.21 93.1486 116.929 83.0957 45.9083 36.2273 2.48307 14.9173 3.27845 6.45128 3.64242 33.1979 85.3688 25.758 0 178.99 5.85161 1.3051 2.91734 0.336337 0.186397 0.74516 0.512243 
29.0093 0.636139 51.7068 219 88.526 37.1254 0.100341 15.8067 134.915 28.4436 131.68 96.1278 36.1799 0.838381 8.03058 52.3887 66.4579 74.8508 70.5834 295.966 0 16.4677 29.4002 20.3373 0.0807704 2.65724 35.1233 50.9802 
8.20333 0.41695 2.02154 8.87971 3.61635 1.41491 62.9607 22.0577 29.3857 49.6769 18.7627 67.3718 9.53065 0.69255 15.5842 11.897 12.8131 4.10486 1.93528 0.00109968 32.7432 0 1.1881 0.504595 14.1279 1.04995 10.3264 4.39594 
8.40433 35.1804 5.36868 0.724712 25.4334 6.06553 0.834287 57.4038 3.295 16.5512 30.0344 93.5136 80.9733 0.0404724 1.20337 8.96235 1.94236 9.65703 8.94339 1.07245 31.5086 1.24675 0 4.56757 23.9901 4.4037 4.65156 0.0304203 
3.721 61.9071 3.78156 25.1415 21.9081 13.4222 50.3914 35.7896 71.2081 26.7454 81.9309 160.796 6.35824 5.77922 3.97815 26.822 20.3999 21.879 0.32645 6.34727 39.8444 13.2674 18.6566 0 9.10975 4.2595 3.71125 1.61254 
173.395 138.006 28.3015 144.38 7.6192 125.271 0.893243 175.798 112.785 58.9428 76.146 1042.55 22.7888 3.72748 17.7193 85.8696 105.445 36.372 27.2107 13.8074 16.5315 83.2441 17.8768 36.0697 0 106.475 103.277 18.5638 
0.999102 0.873051 24.0903 2.24368 68.0218 0.0333825 70.8137 142.301 137.258 10.7657 1.30753 22.1328 54.4571 2.12851 30.525 0.00130158 7.44587 18.549 30.6362 9.85827 13.3826 5.31333 1.28453 7.51918 17.7414 0 29.1165 1.36715 
40.1619 5.33811 5.41271 0.0298658 40.8831 0.807928 32.2468 21.1169 51.8562 23.7176 9.84832 93.6456 13.8141 0.343177 18.507 16.5976 22.3162 15.9689 0.0211614 4.90007 1.05205 10.4743 4.65719 6.30798 44.7156 11.7906 0 78.0089 
57.9431 19.8324 1.15003 32.9394 50.2471 21.1352 31.516 46.0695 94.34 7.59469 17.9377 122.109 37.9152 10.7866 14.8266 20.5695 21.4033 0.144756 0.17437 4.20257 25.2198 9.57008 3.92328 0.389664 21.0749 51.6445 82.7934 0 
