0 891.003 207.587 662.607 137.375 468.624 267.69 23.2631 713.114 1.12467 175.582 57.5315 96.8308 53.8134 0.0751346 29.7423 556.029 47.5405 115.193 58.8358 235.234 3.6502 41.3046 57.6786 458.856 67.7074 0 17.6701 
944.932 0 455.488 462.586 311.299 475.913 173.694 128.646 492.528 240.512 254.506 142.552 31.7023 67.684 83.4582 26.7961 569.202 419.228 145.916 109.323 2.64308 2.40823 28.9746 8.37946 515.056 6.6315 10.1184 64.478 
61.2793 16.9149 0 184.451 16.5425 0.17992 45.8921 243.111 447.838 112.845 240.781 184.811 6.0322 4.74146 5.69747 15.7027 55.5452 51.7158 21.397 25.5066 50.1295 12.3634 12.1403 14.4914 14.6978 3.31149 5.90103 0.454119 
612.05 678.614 202.623 0 139.937 453.862 202.854 421.782 471.001 103.036 201.607 120.828 67.245 3.51057 26.5744 14.2494 479.424 1.13998 61.2525 31.7055 321.312 14.3484 10.2938 24.8167 486.407 0.0906441 23.7305 0.106394 
2.24907 531.203 0.591554 17.8671 0 203.619 353.355 0.0926382 274.854 208.067 10.359 178.758 115.569 52.6311 77.6176 54.0921 148.576 233.159 144.41 50.3001 47.5334 3.46056 48.2582 40.5724 13.5327 20.0226 49.009 56.7787 
450.04 679.82 25.3607 460.75 636.795 0 827.645 18.5665 913.513 467.394 127.278 45.8133 419.214 9.2616 3.91696 26.3545 506.621 98.5346 87.3178 10.9493 65.8421 6.08252 10.7051 16.7707 452.458 9.72806 8.68203 8.46502 
220.058 154.784 192.899 22.349 290.007 68.1254 0 364.539 93.7448 4.4643 28.3087 45.9296 219.242 43.6754 140.46 7.33177 25.4781 190.683 154.228 15.6297 7.51114 62.5286 71.2777 1.18492 81.3354 10.7854 53.5412 47.8917 
302.551 275.621 7.5503 500.681 0.130728 161.917 316.53 0 183.385 125.757 16.256 13.7116 103.307 13.5847 159.787 259.721 1.28479 136.175 29.6729 13.1749 1.51033 3.75895 16.0709 75.9706 83.1455 228.704 0.107513 135.447 
458.806 854.577 257.155 771.528 126.093 901.774 877.531 341.369 0 49.6156 1288.76 403.359 53.3149 155.73 141.393 114.088 465.288 94.4298 80.8839 14.1877 144.464 29.0658 0.0542564 10.3618 568.705 72.5901 21.4366 97.7142 
125.743 241.984 112.923 0.110744 46.9077 184.3 505.597 222.208 253.935 0 4.71999 23.1349 314.745 37.6606 34.2321 15.3134 58.4556 94.6513 82.1111 8.33984 2.71253 10.9375 0.246861 7.01155 59.3021 67.8352 33.4549 3.74052 
22.2336 96.1281 3.05601 90.6511 55.3842 239.131 104.108 338.048 391.133 550.216 0 259.047 236.484 61.4348 112.693 155.726 53.8467 166.804 115.876 76.0604 0.716002 78.7848 133.65 110.79 19.764 0.619718 5.51584 93.8999 
170.645 162.624 60.2669 247.324 4.27109 116.323 55.7933 217.674 0.0841771 244.711 516.214 0 10.8648 5.29228 253.98 7.9071 9.39499 72.5196 19.1651 29.6121 58.6649 76.6463 60.9811 69.9689 65.7636 391.198 64.6957 146.82 
6.68715 102.091 51.086 67.133 63.3983 166.535 57.1814 50.0436 94.0574 2.56828 86.8625 45.293 0 80.7306 112.566 74.0261 39.8803 61.9422 60.8319 11.1529 70.8491 8.68409 67.5916 0.91311 55.0597 19.2879 6.06374 4.05248 
51.4086 4.44072 15.8728 21.8307 0.304226 12.5201 61.1306 78.3875 144.303 32.3079 199.379 142.833 131.44 0 38.6771 18.2076 2.58121 45.9979 3.49704 4.46262 38.9354 4.94994 1.35303 2.9961 2.94266 13.007 0.305654 11.8708 
46.9933 13.0469 27.0039 29.6577 0.118143 34.5411 127.684 0.0101623 84.4125 81.3942 45.0976 39.3142 118.607 9.67771 0 1.80852 0.826982 5.48113 18.8355 6.33895 0.0116594 2.23585 9.20228 21.6978 12.855 24.8044 16.293 2.19607 
80.2663 48.1066 15.3635 38.3764 27.6145 2.95532 33.3272 28.847 50.7741 88.106 158.321 31.816 32.4889 11.2329 7.8938 0 20.8679 11.5183 0.175122 6.68743 29.7487 10.1034 9.8849 8.98272 33.0942 0.0115154 16.3145 22.1066 
464.967 465.83 20.4631 493.241 127.566 506.933 50.49 0.0254372 473.485 60.3222 86.4865 69.6566 2.2095 11.8318 30.1206 7.26289 0 2.19866 328.326 1.17151 64.2438 20.2588 1.37857 4.16534 473.23 12.8795 0.240741 23.9207 
66.474 95.0251 149.193 111.567 99.8104 5.18808 168.182 170.34 13.5867 87.2418 21.8516 79.8075 98.096 8.9346 56.9906 9.88601 103.854 0 133.461 87.6468 52.6341 16.9288 0.0347303 34.1884 42.9099 15.2212 34.9257 0.000515124 
58.1783 138.642 61.6396 1.78453 149.762 67.4958 119.456 3.97574 0.190986 123.112 84.4554 25.4415 0.101436 11.8985 34.6396 22.3861 88.0766 114.951 0 6.35251 15.693 2.41509 5.59487 3.53765 10.746 0.361175 7.93104 25.2056 
216.086 74.5715 11.1874 31.3658 70.7759 17.9939 91.1144 115.362 77.5106 48.0445 32.0552 1.07691 16.5332 3.11724 6.92337 4.08066 32.6802 86.7625 24.1926 0 95.4279 5.94094 1.18393 2.68559 0.530975 0.340517 0.590346 0.690331 
14.7482 3.07025 63.0885 174.006 81.8523 33.1182 1.0154 24.8639 145.65 24.4378 136.447 105.969 33.4075 1.35413 6.39242 54.6121 67.2226 68.8135 69.5115 330.387 0 15.6461 28.1913 22.1797 0.00255855 3.97362 33.9963 50.6822 
7.22634 0.808949 1.71692 8.33706 4.77767 0.967046 62.7801 24.484 26.6903 52.1212 21.8155 69.4159 14.3819 1.09605 14.9318 11.9551 12.2719 4.86065 1.53799 0.00108216 32.6314 0 0.511217 0.199817 14.4625 0.830804 10.6456 4.70515 
7.03456 32.7999 5.98779 0.413933 23.0873 5.26627 0.207556 63.5703 5.87248 13.442 39.4417 84.631 75.2725 0.745992 0.224687 7.7379 1.63922 8.44489 8.21033 0.958718 30.3809 0.550879 0 9.4643 23.8339 4.99138 4.05074 0.0952931 
5.15174 61.9145 3.1028 25.7837 24.1647 14.1724 53.7124 26.4082 65.7391 23.359 72.3536 144.955 9.26332 6.9566 6.46325 23.1933 20.1848 20.2039 0.528057 6.35767 41.1878 12.7286 14.5241 0 14.1203 3.23944 2.86121 1.17977 
518.974 481.579 28.1194 492.688 5.86033 471.523 2.27164 185.598 465.553 61.9517 64.7799 763.177 20.3146 4.6604 15.3386 75.029 453.497 38.5899 27.8591 13.7398 14.2632 39.009 20.0776 18.4623 0 36.6508 76.2076 79.017 
2.31982 2.08351 25.2454 0.932369 66.5774 0.0173637 76.6412 112.124 132.163 7.52194 0.00179526 0.108478 54.935 1.5094 29.6512 0.557752 6.67488 16.2392 30.5157 9.43111 11.0429 4.92477 0.921874 6.31361 20.2815 0 31.7998 0.0212465 
38.626 4.27504 6.09992 0.00247106 39.7122 1.11382 34.5446 25.5853 54.9854 25.5169 7.50891 99.7551 12.659 0.51079 18.0244 17.1953 22.3829 14.7622 0.000350897 5.22389 0.677595 10.7857 5.27719 5.27078 38.2791 15.0091 0 88.5022 
56.6717 17.3765 0.719057 32.6077 48.8227 20.557 28.077 55.5933 96.4636 5.86324 13.3961 106.19 36.6675 11.1107 13.5012 19.5193 20.956 0.381635 0.325506 4.59245 27.0917 9.38166 3.50999 0.662496 21.508 42.4828 69.2995 0 
