0 882.281 207.999 656.069 138.903 466.451 267.777 22.3347 710.683 1.22705 176.003 56.6869 97.0137 53.8246 0.088573 29.4845 553.412 48.489 115.103 58.2223 234.732 3.6878 41.2405 57.6626 456.381 67.53 0.000171065 17.543 
937.225 0 452.482 461.192 305.746 472.175 168.532 127.124 488.125 240.279 255.051 143.402 31.2929 67.596 83.2318 27.0433 567.083 701.668 146.477 109.945 2.48265 2.36769 28.8469 8.47932 512.602 6.49858 10.0417 64.4593 
62.7914 19.8374 0 177.68 17.228 0.13761 44.2718 241.699 450.597 112.713 240.915 184.541 6.15885 4.69077 5.80701 15.7961 55.5626 52.5548 21.6039 25.5686 50.7191 12.3697 12.1523 14.5141 14.7882 3.37676 5.93752 0.47035 
605.426 678.669 199.087 0 140.518 451.089 202.717 777.19 469.797 103.197 201.373 119.082 67.3537 3.55995 26.7092 14.0615 476.652 1.0275 61.3099 31.9387 176.009 14.3687 10.3427 24.8584 483.68 0.0742908 23.6877 0.0959384 
2.53569 531.531 0.464963 17.3552 0 211.325 350.378 0.0601723 276.727 205.637 10.8367 178.847 116.258 52.7983 77.8619 54.2783 148.343 232.932 146.786 49.9682 47.1811 3.40474 48.1703 40.4637 13.4089 19.8633 48.9997 56.7631 
447.391 676.565 25.7841 458.395 340.503 0 610.487 19.2743 908.945 491.824 125.258 45.1958 529.362 9.33807 4.02841 26.3179 503.979 98.1311 87.4766 10.8741 65.6916 6.12879 10.7473 16.7469 449.802 9.6449 8.71963 8.41399 
221.211 149.785 194.656 21.5594 293.558 82.9625 0 366.405 109.98 3.43632 30.3113 44.8767 219.205 44.0405 140.288 7.5372 25.2114 189.827 154.036 15.8755 7.70663 62.5044 71.3289 1.13556 81.1523 11.0044 53.6189 47.7158 
303.026 276.36 8.26444 495.803 0.176921 160.837 319.029 0 189.715 126.749 15.353 17.8783 102.904 13.8984 159.103 259.824 1.23453 136.68 29.9411 13.4373 1.37631 3.69754 16.3122 75.3796 82.1036 229.183 0.0900583 135.425 
456.673 851.372 263.397 767.963 123.95 901.729 905.749 334.334 0 47.6411 1585.59 403.386 52.5798 155.882 134.859 113.478 462.478 95.2762 80.3398 14.4203 145.011 28.9231 0.0400819 10.1741 565.854 71.9976 21.2815 97.7899 
125.269 242.069 113.046 0.140412 48.6656 191.211 506.486 222.015 251.099 0 3.52498 22.4331 313.444 37.2998 33.5399 15.0142 58.2515 95.1166 81.6614 8.4472 2.6353 10.8052 0.271625 7.12781 59.4668 67.6677 33.3681 3.67074 
22.6859 97.3497 3.4315 91.7233 54.397 237.774 107.581 339.369 382.275 554.316 0 254.745 237.133 60.1386 117.012 154.249 53.641 166.965 115.646 76.2065 0.774589 78.7744 133.628 111.148 20.1756 0.721805 5.61663 93.6551 
169.794 163.411 61.1947 246.562 4.09795 115.717 56.9393 231.707 0.0257388 244.482 515.61 0 10.611 5.60357 252.843 6.15637 9.50296 72.1109 18.986 29.3534 58.161 76.6488 60.4706 68.9236 63.5065 389.805 64.2937 147.473 
6.54933 101.625 51.297 67.0224 64.09 167.942 56.2276 50.4583 93.2203 3.10048 88.0842 45.7503 0 81.9852 112.269 73.8029 39.7532 62.194 61.0394 11.0756 70.9333 8.46222 67.2141 0.969251 55.0256 19.1567 6.01733 4.10254 
51.462 4.53716 15.8479 21.798 0.27942 12.5967 60.7762 77.8982 144.295 32.6613 198.66 142.217 130.513 0 39.6169 18.2802 2.6045 46.076 3.53445 4.46722 38.8746 4.91117 1.43045 3.05401 2.98601 13.0111 0.298155 11.8651 
46.8038 13.2714 27.1221 29.7818 0.096921 34.3962 127.247 0.0300785 85.8153 82.1699 48.1524 37.8105 118.704 10.3951 0 1.41134 0.845084 5.57145 18.9257 6.31395 0.00824738 2.27002 9.3633 21.8395 12.7316 24.6879 16.3288 2.15458 
80.2328 47.8435 15.2692 38.2517 27.4141 2.89498 33.6997 27.5788 51.436 87.9467 156.858 28.2797 32.1587 11.0781 8.7634 0 20.9046 11.6284 0.165772 6.7092 29.9121 10.1265 9.82896 9.23796 33.1624 0.00487039 16.3496 22.0771 
462.579 462.852 20.2924 490.768 128.034 504.305 50.8056 0.0187543 471.111 60.1224 86.3635 69.5151 2.16223 11.7957 30.1194 7.30394 0 2.59209 402.186 1.19969 64.1798 20.2709 1.39279 4.14063 470.587 12.8332 0.246525 23.9306 
65.4166 92.4688 148.684 111.009 98.7206 5.38928 167.194 170.62 14.0012 87.7195 22.1994 79.3988 97.9599 9.01828 56.864 9.78275 101.778 0 133.834 87.6504 52.3158 16.9922 0.0392923 34.2694 43.0183 15.1048 34.8699 0.000103942 
58.5636 138.021 61.6452 1.84928 152.14 67.1148 118.897 3.86492 0.154727 123.059 84.0963 25.6405 0.0862939 11.8431 34.5849 22.3303 86.8927 115.453 0 6.28553 15.5701 2.39082 5.62913 3.56637 10.6938 0.348699 7.96192 25.2257 
215.144 73.831 11.3022 31.6003 70.4853 17.9275 90.9858 115.251 77.2061 48.1515 31.8382 1.01873 16.6191 3.10864 6.94805 4.10393 32.6497 86.8182 24.1087 0 91.3627 5.94543 1.17765 2.67344 0.542397 0.349881 0.582675 0.700397 
14.1206 3.24816 63.6912 172.398 81.4957 32.9085 1.08982 25.3899 146.191 24.2326 136.68 106.48 33.2623 1.3846 6.31072 54.7232 67.2579 68.4931 69.4494 331.04 0 15.6029 28.1266 22.2771 0.00465306 4.04981 33.9357 50.6628 
7.17627 0.833096 1.70146 8.30847 4.84289 0.945693 62.7641 24.6132 26.5497 52.2432 21.9803 69.5173 14.6599 1.11958 14.8953 11.9565 12.2433 4.90202 1.51825 0.00132297 32.6244 0 0.483067 0.187563 14.4788 0.819929 10.6619 4.72149 
6.96524 32.6736 6.02051 0.399918 22.9647 5.22498 0.186144 63.8906 6.02746 13.2846 39.9585 84.1482 74.9447 0.805903 0.194419 7.67113 1.6239 8.38282 8.17211 0.952853 30.3202 0.52167 0 9.74024 23.8148 5.02245 4.01974 0.0997 
5.23286 61.9081 3.06845 25.8127 24.2843 14.2105 53.8822 25.9439 65.4447 23.1828 71.8429 144.047 9.42918 7.01648 6.60628 22.9677 20.1726 20.1162 0.539981 6.35774 41.2557 12.697 14.2679 0 14.4125 3.1886 2.81896 1.15868 
516.252 478.763 28.1041 490.108 5.77347 468.844 2.36126 186.013 463.244 62.1007 64.1846 320.314 20.1859 4.71132 15.2131 73.546 450.916 38.7052 27.8917 13.735 14.1471 36.0303 20.1884 17.5735 0 35.5778 88.3289 86.8107 
2.40408 2.16124 25.3004 0.878649 66.4934 0.0219969 76.9355 110.527 131.852 7.3653 0.0109997 0.00936243 54.9534 1.47935 29.5924 0.614683 6.63507 16.1203 30.5071 9.40786 10.9246 4.90439 0.904268 6.25113 20.4173 0 31.9306 0.046312 
38.5433 4.22209 6.1367 0.00377404 39.6489 1.1312 34.665 25.8286 55.1472 25.6114 7.39367 100.06 12.5989 0.52049 17.9972 17.2245 22.3857 14.6994 0.000145299 5.24097 0.66012 10.8016 5.31024 5.21774 37.9342 15.1828 0 88.8952 
56.5991 17.25 0.699069 32.5849 48.7445 20.5246 27.8979 56.1032 96.5608 5.77752 13.1727 105.329 36.5997 11.1265 13.4306 19.4593 20.9318 0.397208 0.334741 4.61314 27.1901 9.37134 3.48853 0.678763 21.5274 41.959 68.4777 0 
