0 806.904 209.539 591.331 145.765 421.617 267.958 18.3736 664.479 1.74262 177.841 52.9402 97.8218 53.8673 0.162675 28.3303 506.505 52.8422 114.665 54.328 232.306 3.85916 40.9488 57.5822 410.149 66.7189 0.00537787 16.9747 
866.003 0 436.276 420.46 280.574 420.521 145.835 120.304 433.63 239.053 257.37 147.204 29.4749 67.1877 82.1933 28.1634 522.408 129.965 148.937 112.691 1.82204 2.18931 28.2723 8.93472 466.445 5.91567 9.69919 64.3674 
69.7229 35.6818 0 146.477 20.4653 0.0172318 37.2709 235.044 461.128 112.057 241.244 183.202 6.74345 4.46457 6.31002 16.2139 55.6266 56.3722 22.5412 25.8373 53.3863 12.3969 12.2048 14.6138 15.1945 3.67718 6.10241 0.546868 
540.639 643.449 168.318 0 143.057 403.546 201.906 369.601 429.786 103.883 200.18 111.259 67.8308 3.78559 27.311 13.225 429.07 0.593154 61.5544 32.9779 805.369 14.459 10.5624 25.0403 436.295 0.0208354 23.4925 0.0555685 
4.03473 531.54 0.0833961 15.1339 0 246.053 336.498 0.000425434 284.952 194.598 13.1124 179.203 119.335 53.5434 78.9438 55.1097 147.235 231.783 157.481 48.4735 45.6038 3.15893 47.7701 39.9715 12.8578 19.1506 48.9546 56.6879 
400.438 626.492 27.7035 412.72 756.958 0 474.75 22.6061 851.476 1019.78 116.209 42.4488 70.0532 9.68322 4.54709 26.145 456.971 96.2872 88.1425 10.5365 65.0047 6.33832 10.9362 16.6373 402.745 9.27264 8.88898 8.18514 
226.258 127.933 202.309 18.1622 309.248 166.776 0 374.376 196.932 0.469577 40.1005 40.263 218.903 45.6857 139.426 8.49391 24.0232 185.897 153.109 17.0003 8.61591 62.3877 71.5451 0.926208 80.3117 12.0128 53.9638 46.9208 
304.92 279.513 11.8616 471.45 0.471082 155.885 329.965 0 218.94 131.2 11.5983 43.2356 101.076 15.3475 155.93 259.892 1.02054 138.931 31.1574 14.6462 0.849994 3.42707 17.4159 72.7144 77.4428 231.082 0.0306336 135.274 
412.111 801.326 291.197 716.252 114.421 864.627 1025.16 302.706 0 39.1875 1067.33 403.087 49.313 156.476 110.211 110.695 414.741 99.0954 77.8922 15.4867 147.44 28.2825 0.00279833 9.34816 517.885 69.3323 20.5875 98.1121 
123.103 242.267 113.533 0.317302 56.9001 223.262 508.821 221.04 238.174 0 0.299374 19.396 307.039 35.6806 30.4851 13.6982 57.327 97.1984 79.6229 8.93737 2.30113 10.218 0.397644 7.66145 60.1966 66.8966 32.9754 3.36445 
24.7692 102.887 5.38411 96.5583 50.0413 231.4 123.696 345.038 346.981 570.922 0 235.411 239.913 54.4158 137.012 147.512 52.7147 167.653 114.588 76.853 1.06662 78.717 133.468 112.723 22.0717 1.27681 6.0806 92.5355 
165.917 166.912 65.4128 242.875 3.36268 112.955 62.2031 298.422 0.179102 243.305 512.02 0 9.50346 7.11036 247.375 0.974359 9.99568 70.2729 18.1877 28.197 55.9077 76.6507 58.175 64.2633 59.4622 382.278 62.4833 150.34 
5.9465 99.5148 52.2386 66.5134 67.222 174.242 52.0019 52.334 89.461 6.10723 93.6301 47.8256 0 87.6129 110.861 72.7731 39.1793 63.3244 61.9665 10.73 71.3065 7.49582 65.4914 1.24223 54.8645 18.5689 5.81035 4.33132 
51.6954 4.98306 15.7317 21.6465 0.180834 12.9403 59.1736 75.6857 144.185 34.2602 195.22 139.366 126.179 0 43.7275 18.5786 2.71042 46.423 3.7048 4.48754 38.5982 4.73706 1.80019 3.31846 3.18402 13.0255 0.265548 11.8377 
45.9472 14.3014 27.6446 30.3335 0.0273828 33.7306 125.215 0.250271 92.182 85.6313 62.9444 31.3549 119.058 13.8644 0 0.229246 0.928803 5.98653 19.3315 6.20129 0.000182042 2.42641 10.0946 22.4629 12.1787 24.1539 16.4881 1.97234 
80.0599 46.6562 14.8429 37.673 26.5161 2.63016 35.3891 22.1867 54.4402 87.1903 150.179 14.8329 30.6805 10.3776 13.1606 0 21.0687 12.1285 0.126853 6.80659 30.6478 10.229 9.57196 10.4088 33.4497 0.00981031 16.5053 21.9369 
416.743 414.389 19.5279 444.529 130.099 457.36 52.228 0.00126159 425.332 59.2171 85.802 68.8738 1.9558 11.6331 30.112 7.48967 0 4.7575 391.561 1.33041 63.8859 20.3249 1.45755 4.03005 423.584 12.6249 0.273392 23.9739 
60.7241 78.8754 146.296 108.461 93.8376 6.3396 162.697 171.838 15.939 89.8611 23.7937 77.5582 97.3342 9.39886 56.2879 9.324 92.5595 0 135.468 87.6439 50.8863 17.278 0.0632975 34.632 43.5039 14.5849 34.6176 0.00213081 
60.2976 135.173 61.6515 2.15431 162.825 65.3752 116.347 3.38509 0.0387604 122.776 82.4711 26.5419 0.0332889 11.594 34.3348 22.0778 81.9557 117.682 0 5.98762 15.0215 2.28288 5.78411 3.69666 10.4596 0.295257 8.10126 25.3148 
210.507 70.4963 11.82 32.6451 69.1638 17.626 90.381 114.717 75.8236 48.6256 30.866 0.776743 17.007 3.06985 7.0589 4.20889 32.5087 87.0468 23.7295 0 73.8027 5.9654 1.1495 2.61893 0.59525 0.393492 0.54871 0.746519 
11.4549 4.10894 66.4028 167.009 79.8845 31.9673 1.45717 27.8158 148.595 23.316 137.701 108.767 32.6097 1.52569 5.94872 55.2148 67.4109 67.0504 69.1632 332.469 0 15.4085 27.8342 22.7155 0.0217612 4.4007 33.6615 50.5708 
6.95254 0.946085 1.63264 8.17993 5.14125 0.852469 62.6841 25.1968 25.9188 52.7835 22.726 69.9652 15.9377 1.22816 14.7286 11.9605 12.1144 5.0898 1.43094 0.00270596 32.5914 0 0.365996 0.137131 14.5501 0.771751 10.7348 4.79507 
6.65678 32.1043 6.16784 0.33976 22.4142 5.04031 0.104179 65.3243 6.74823 12.5847 42.3078 81.9583 73.4369 1.101 0.0851727 7.3688 1.55581 8.10564 8.00069 0.926622 30.0456 0.399842 0 10.9853 23.7157 5.16235 3.88115 0.12074 
5.60506 61.8706 2.9157 25.9374 24.8234 14.3805 54.6396 23.8939 64.1125 22.3934 69.5383 139.874 10.1908 7.28241 7.26285 21.9171 20.1168 19.7223 0.595227 6.35748 41.5578 12.5509 13.0842 0 15.7562 2.96373 2.63209 1.06596 
468.882 430.986 28.0282 443.376 5.39001 421.677 2.78553 187.745 417.781 62.7586 61.5148 958.068 19.6093 4.94258 14.6487 66.1791 404.196 39.2227 28.0364 13.7118 13.6281 23.9685 20.6796 13.7371 0 36.5522 139.462 113.925 
2.80134 2.52815 25.54 0.656373 66.1059 0.0496236 78.2427 103.362 130.4 6.67929 0.149002 0.901867 55.0277 1.34737 29.3123 0.904227 6.45698 15.5888 30.466 9.30236 10.3984 4.81266 0.826994 5.97168 21.0299 0 32.5049 0.278012 
38.1688 3.98744 6.30305 0.0130265 39.3622 1.21098 35.2057 26.9322 55.8724 26.0365 6.88524 101.41 12.3294 0.565214 17.8725 17.3531 22.3976 14.4173 0.000322564 5.31787 0.584271 10.8725 5.4594 4.98114 36.3808 15.9687 0 90.4484 
56.266 16.6845 0.612465 32.476 48.3892 20.3764 27.095 58.4066 96.98 5.39893 12.1876 101.436 36.2917 11.1957 13.1122 19.1838 20.8218 0.47106 0.377877 4.70645 27.6325 9.3244 3.39231 0.754265 21.6119 39.5672 64.6745 0 
