0 458.827 211.098 275.537 163.131 157.475 266.853 9.92858 395.294 3.46282 182.144 43.7882 99.7753 53.9213 0.453165 25.431 236.531 64.5438 113.321 38.9712 224.915 4.31281 40.176 57.3134 142.152 64.5509 0.0516816 15.5494 
525.202 0 377.142 170.976 216.18 140.778 93.0235 103.178 147.811 234.624 262.262 156.704 25.02 66.0551 79.3996 31.0752 258.039 875.806 154.745 119.277 0.594675 1.76398 26.805 10.1429 198.491 4.54235 8.84551 64.0753 
88.1664 94.0508 0 69.7904 29.8111 0.231602 21.7593 215.983 473.314 109.904 240.061 178.878 8.34406 3.90337 7.66662 17.2592 55.6867 66.3866 24.9725 26.4445 60.2748 12.4593 12.3239 14.8495 16.2282 4.49298 6.52914 0.767718 
227.228 400.37 33.495 0 148.961 132.422 198.399 482.505 181.178 105.329 196.131 91.6437 68.9613 4.38698 28.8104 11.1561 157.547 0.0215313 62.0734 35.543 333.232 14.6834 11.1218 25.4631 165.203 0.0336853 22.9761 0.00215913 
9.40017 520.689 0.512732 10.0923 0 323.685 297.965 0.48988 304.345 165.919 19.8462 179.776 127.009 55.3963 81.5789 57.1833 143.986 227.931 184.532 44.6532 41.6326 2.57035 46.7122 38.6944 11.49 17.3678 48.8156 56.4566 
131.064 346.31 32.6812 146.271 92.4308 0 262.248 32.1525 542.163 871.99 93.5908 35.69 14.0833 10.5704 5.99476 25.6451 186.819 91.3771 89.4748 9.68018 63.1771 6.88234 11.4117 16.3384 132.599 8.33885 9.32323 7.60697 
238.048 77.9759 219.745 10.7062 346.601 467.17 0 391.374 498.01 5.298 70.5491 29.4521 217.142 49.9007 136.605 11.1714 21.0833 175.321 150.277 20.008 11.1528 62.0309 71.9925 0.487237 78.0427 14.7601 54.8098 44.8664 
307.915 286.23 23.7979 415.688 1.86118 142.664 355.379 0 297.638 142.418 4.34766 153.26 96.3236 19.3256 147.177 257.135 0.565501 144.493 34.3336 17.9346 0.0777631 2.78031 20.3642 65.8912 65.7675 233.972 0.0209297 134.527 
149.375 519.747 357.818 430.194 91.0669 605.935 1246.82 223.741 0 21.0357 892.236 399.242 41.3037 157.295 100.75 103.325 142.922 108.904 71.6416 18.3524 153.4 26.6564 0.104672 7.38188 245.121 62.5417 18.8489 98.7944 
117.336 241.434 114.284 1.09038 80.1337 308.732 502.382 217.752 204.319 0 8.12502 12.5706 286.824 31.5921 23.1722 10.5674 54.927 102.417 74.321 10.2402 1.54817 8.77806 0.82733 9.09842 61.9762 64.8018 31.9591 2.63905 
30.4404 117.267 12.2878 108.943 39.5642 213.276 167.93 357.403 272.174 598.696 0 186.862 245.943 40.7068 190.991 129.778 50.3395 169.133 111.729 78.4208 2.0224 78.4918 132.621 116.461 27.2265 3.39941 7.34286 89.5428 
155.676 175.529 76.4633 231.605 1.80919 105.679 76.3796 486.85 3.65508 239.24 496.508 0 6.93599 11.7254 230.941 8.03887 11.3037 65.5937 16.2094 25.3065 50.2562 76.5827 52.3478 52.7426 83.4185 354.214 57.8522 157.086 
4.5314 94.0216 54.5879 65.1286 75.3489 186.737 41.7457 57.1946 79.9466 18.2067 108.09 53.2432 0 101.704 106.739 69.9616 37.7028 66.1903 64.2842 9.86374 72.2177 5.27275 60.9337 2.0899 54.3964 17.0886 5.29514 4.94094 
52.241 6.20938 15.4041 21.2273 0.0258727 13.8088 55.0258 69.9653 143.367 38.3946 184.987 131.527 114.025 0 52.8997 19.1237 2.98929 47.2778 4.15526 4.53676 37.869 4.296 2.8802 4.0184 3.71155 13.0308 0.190619 11.7536 
43.7305 17.0745 28.9064 31.6901 0.0429715 31.935 119.539 1.77884 108.742 94.2096 107.496 17.3455 119.346 24.1031 0 1.7863 1.16013 7.10788 20.3682 5.91298 0.0338581 2.84563 11.9982 23.9399 10.7881 22.7208 16.8816 1.5403 
79.4574 43.6093 13.7411 36.0685 24.2536 2.00584 39.7915 10.9038 62.2743 84.9672 132.545 0.00161041 26.9756 8.57915 27.3719 0 21.4791 13.4419 0.050967 7.0511 32.5293 10.4795 8.87959 13.519 34.0339 0.280655 16.8835 21.5251 
149.799 140.977 17.6064 176.391 135.052 187.367 55.8687 0.0500472 158.492 56.8612 84.3019 67.1993 1.47397 11.2172 30.0744 7.97048 0 13.1621 493.401 1.69382 63.0943 20.456 1.62916 3.75275 153.53 12.0941 0.348297 24.0758 
49.2807 36.015 139.486 101.697 81.5722 9.09527 150.86 174.639 21.4076 95.2624 28.0738 72.8529 95.6418 10.3991 54.7699 8.19327 70.1673 0 139.295 87.4603 47.2625 18.0117 0.150458 35.5455 44.7239 13.2855 33.9628 0.0361504 
64.7175 127.538 61.5267 3.03499 189.726 60.7661 109.602 2.29982 0.0932387 121.72 78.2651 28.8899 0.0104208 10.9607 33.6656 21.4222 71.8232 123.126 0 5.25323 13.6531 2.01735 6.18645 4.03822 9.86702 0.178711 8.46004 25.532 
195.865 61.9963 13.1551 35.2276 65.6929 16.8364 88.6448 113.097 72.2081 49.7829 28.4136 0.30648 18.0051 2.96988 7.34016 4.47837 32.1194 87.4655 22.7492 0 35.7695 6.01451 1.07854 2.48044 0.74089 0.516117 0.466318 0.870569 
5.86579 6.754 73.2971 167.917 75.73 29.5819 2.63433 34.4307 154.485 21.031 140.128 114.517 30.9507 1.91607 5.06721 56.4117 67.7558 63.3521 68.381 324.87 0 14.9126 27.0784 23.8376 0.122552 5.35804 32.9498 50.3017 
6.39377 1.26669 1.46231 7.85175 5.93981 0.635405 62.4207 26.7001 24.3215 54.0977 24.6649 71.0497 19.387 1.52521 14.2842 11.955 11.7839 5.58362 1.21891 0.00846158 32.4969 0 0.139465 0.0438707 14.7208 0.65481 10.9164 4.98352 
5.89524 30.6433 6.54446 0.208001 21.0183 4.57712 0.00200995 68.9309 8.75996 10.8612 48.4652 76.2603 69.3629 2.02535 0.00809913 6.58534 1.38789 7.41409 7.56659 0.860779 29.3324 0.160816 0 14.0906 23.365 5.51973 3.53376 0.183516 
6.60738 61.7121 2.53925 26.2112 26.2067 14.8014 56.5232 18.9679 60.6611 20.4033 63.6276 128.672 12.2463 7.93143 9.02671 19.0149 19.9664 18.7215 0.748259 6.35245 42.3029 12.1496 9.92986 0 19.3659 2.4192 2.17953 0.845341 
197.811 158.989 27.7822 173.919 4.46535 151.193 4.02279 191.176 151.891 64.3458 54.7719 997.305 18.1539 5.54733 13.2141 45.5495 134.882 40.5308 28.3916 13.6412 12.3339 11.6085 21.8751 5.68024 0 74.9509 133.251 89.3453 
3.94835 3.59145 26.095 0.2341 65.0453 0.170389 81.4506 85.3486 126.319 5.06564 1.21753 12.9982 55.1546 1.03532 28.4853 1.88599 6.00959 14.258 30.3407 9.02635 9.10219 4.57915 0.644018 5.2713 22.6 0 33.8621 1.74252 
37.1958 3.41614 6.73323 0.0618859 38.6152 1.42635 36.5799 29.817 57.6962 27.1191 5.66156 104.69 11.6483 0.687393 17.5381 17.6599 22.4215 13.7034 0.00896278 5.51451 0.411246 11.049 5.84342 4.3934 32.4254 17.9983 0 92.7513 
55.3649 15.2678 0.416618 32.1497 47.4539 19.9803 25.0661 64.3375 97.9133 4.48426 9.82503 91.3851 35.4859 11.3599 12.2942 18.4406 20.5342 0.688097 0.499786 4.94613 28.7601 9.20086 3.14961 0.964159 21.8109 33.2742 54.351 0 
