0 338.07 210.77 168.938 169.812 70.8507 265.811 7.30432 306.102 4.29136 183.669 40.3869 100.495 53.9208 0.606213 24.3192 147.426 69.3238 112.708 32.7965 221.575 4.49633 39.8632 57.1836 53.9195 63.6672 0.0827025 15.0028 
405.892 0 348.358 91.5718 191.574 48.8253 74.8799 96.6353 53.9679 232.394 263.763 160.324 23.3558 65.5778 78.2543 32.2313 171.08 205.958 156.82 121.67 0.296211 1.60959 26.2318 10.6325 110.217 4.05147 8.52009 63.9387 
95.5725 122.613 0 44.8122 33.8553 0.518974 16.7149 207.819 472.136 108.881 238.811 176.843 9.01075 3.69087 8.22305 17.6581 55.6696 70.3811 25.9352 26.65 62.9858 12.4809 12.3647 14.9341 16.6299 4.83012 6.69806 0.863967 
122.516 320.416 3.28299 0 151.031 43.0562 196.477 1113.76 101.767 105.773 194.164 84.1927 69.368 4.63156 29.3803 10.3775 67.9062 0.00949117 62.2347 36.5058 698.249 14.7687 11.3395 25.6118 75.7031 0.0971928 22.7674 0.00076309 
12.0856 512.293 1.22883 8.3788 0 345.479 281.933 0.932026 311.23 154.653 22.8279 179.869 129.926 56.0997 82.5566 57.9733 142.556 226.073 194.862 43.1619 40.105 2.35577 46.285 38.1875 10.9715 16.6861 48.752 56.3508 
42.4741 252.437 34.6394 58.685 760.476 0 695.953 36.2641 433.397 519.024 85.0459 33.1582 555.864 10.9186 6.60652 25.4273 97.6755 89.3854 89.8488 9.34825 62.4349 7.09827 11.5945 16.2144 43.5095 7.98112 9.4936 7.38359 
242.196 61.1973 225.631 8.29359 359.906 594.964 0 396.63 632.872 11.9887 84.396 25.6287 216.07 51.5489 135.265 12.3068 19.9724 170.994 148.991 21.2337 12.2269 61.8684 72.1261 0.353255 77.1094 15.8988 55.1268 44.0547 
308.356 288.317 29.4806 404.74 2.65307 137.305 364.215 0 329.244 146.727 2.45024 211.45 94.4349 20.9845 143.52 254.922 0.423542 146.591 35.6011 19.2955 0.000731567 2.54485 21.5649 63.2266 61.3205 234.323 0.0727657 134.093 
63.5743 424.752 381.155 333.408 82.3985 515.7 1290.7 194.333 0 15.3751 1058.25 396.546 38.314 157.341 116.278 100.354 53.2061 112.748 69.2041 19.5263 155.629 26.0251 0.22161 6.67066 154.898 59.9031 18.1829 99.0058 
114.997 240.585 114.384 1.51743 89.9686 341.853 495.079 216.161 190.92 0 17.3786 10.2805 277.541 30.0181 20.5258 9.43843 53.9747 104.415 72.2172 10.7688 1.29338 8.23942 1.03726 9.68839 62.6379 63.9358 31.5567 2.37806 
32.7892 122.959 15.711 113.772 35.7393 205.551 186.153 361.374 239.919 603.483 0 168.486 247.868 35.7553 212.595 122.708 49.408 169.602 110.551 79.0005 2.47776 78.373 132.12 117.807 29.3571 4.50121 7.86604 88.323 
151.554 178.76 80.8671 226.515 1.33015 102.759 82.1805 563.216 6.20944 237.243 488.049 0 6.03621 13.8196 223.635 18.6148 11.8342 63.7726 15.4604 24.2028 48.0914 76.5278 50.091 48.4204 96.59 340.104 56.0427 159.485 
4.02765 91.8382 55.4826 64.5549 78.5655 188.805 37.9662 59.1191 76.2736 24.5901 113.829 55.403 0 107.027 104.932 68.7949 37.1216 67.3012 65.1694 9.53177 72.5574 4.50257 59.0986 2.47941 54.1914 16.5185 5.09906 5.18906 
52.4343 6.72241 15.2643 21.051 0.00328751 14.1439 53.3874 67.7087 142.839 40.0243 180.458 128.261 108.913 0 55.774 19.2486 3.10156 47.5994 4.33734 4.55495 37.575 4.12538 3.34366 4.29944 3.92586 13.0206 0.164623 11.7152 
42.8538 18.2121 29.3693 32.1986 0.124686 31.1985 117.141 2.75124 115.28 97.4358 127.042 12.9121 119.216 28.4308 0 4.14973 1.25735 7.56986 20.7731 5.80011 0.0682589 3.017 12.7495 24.4679 10.2546 22.136 17.0301 1.38473 
79.1593 42.4142 13.3066 35.3944 23.3824 1.7828 41.5418 7.52439 65.3872 83.9877 125.495 2.12484 25.5594 7.88235 33.757 0 21.636 13.9691 0.0305183 7.14494 33.2649 10.573 8.59652 14.7584 34.2021 0.486664 17.0236 21.3434 
61.9938 50.7425 16.869 88.0541 136.856 98.2851 57.2934 0.1057 70.7093 55.9242 83.6901 66.5307 1.30355 11.0543 30.0525 8.16093 0 17.5332 313.318 1.84732 62.7689 20.5047 1.69868 3.64633 64.4594 11.887 0.380047 24.1122 
45.0415 20.6809 136.561 98.9624 76.8787 10.2977 146.115 175.611 23.7425 97.3428 29.8263 71.014 94.9439 10.801 54.1586 7.76772 61.9711 0 140.651 87.3232 45.8579 18.2998 0.194644 35.8976 45.1926 12.789 33.7029 0.0607326 
66.4384 124.424 61.4229 3.41849 199.951 58.9074 106.884 1.93098 0.251776 121.179 76.6012 29.8249 0.0455422 10.7145 33.3922 21.1619 68.6013 125.152 0 4.97673 13.1315 1.91754 6.34624 4.17514 9.63766 0.140989 8.60144 25.6127 
189.147 58.6991 13.68 36.1984 64.3015 16.5208 87.8928 112.366 70.7643 50.2138 27.4678 0.180786 18.3979 2.93047 7.44931 4.5842 31.9559 87.5643 22.3616 0 24.1669 6.03297 1.05117 2.4266 0.801972 0.568415 0.435824 0.921489 
4.17177 7.95982 75.9683 173.259 74.0924 28.6578 3.18733 37.1729 156.685 20.1602 141.006 116.725 30.3054 2.08043 4.73969 56.8562 67.8727 61.9026 68.0552 317.615 0 14.7189 26.7794 24.277 0.184282 5.75589 32.6673 50.1831 
6.1803 1.40452 1.39789 7.72354 6.26616 0.558849 62.2945 27.2925 23.7028 54.5852 25.4354 71.45 20.804 1.64879 14.1034 11.9467 11.6543 5.78205 1.14035 0.0115829 32.4559 0 0.0797712 0.02143 14.7833 0.611509 10.9856 5.05737 
5.60807 30.0699 6.69167 0.165113 20.4769 4.39956 0.00409331 70.3165 9.61168 10.2138 50.9257 73.9984 67.6904 2.44335 0.0573125 6.27658 1.32457 7.1502 7.3984 0.835497 29.0491 0.0961388 0 15.2292 23.1903 5.65925 3.40069 0.211575 
7.01908 61.6255 2.39766 26.3004 26.7495 14.9606 57.2385 17.1707 59.2952 19.6367 61.3141 124.11 13.0912 8.1713 9.74516 17.8162 19.9046 18.3323 0.812744 6.34877 42.5837 11.9823 8.69208 0 20.8294 2.21861 2.01257 0.765546 
108.311 69.1714 27.6659 85.0434 4.12557 61.9504 4.56574 192.12 64.5337 64.9288 52.1743 445.517 17.5922 5.78876 12.6577 38.4053 46.1075 41.0365 28.5247 13.6091 11.8405 15.9567 22.3172 3.42895 0 95.575 82.401 52.7045 
4.44776 4.05586 26.289 0.126582 64.6033 0.237167 82.6504 78.4898 124.583 4.49077 1.91346 21.4325 55.1796 0.923435 28.1197 2.36113 5.83766 13.7486 30.2838 8.91598 8.61449 4.48817 0.578237 5.00353 23.213 0 34.3474 2.64748 
36.8092 3.20381 6.90337 0.0908452 38.3175 1.51503 37.1142 30.9692 58.3977 27.541 5.21314 105.904 11.3848 0.738239 17.4012 17.7712 22.4284 13.4267 0.0155463 5.59147 0.351708 11.1162 5.99458 4.17043 30.8969 18.797 0 92.9803 
54.9933 14.7254 0.350014 32.0035 47.0775 19.8188 24.2824 66.6678 98.2239 4.1475 8.96309 87.4333 35.1634 11.4191 11.9731 18.1352 20.4193 0.784035 0.552032 5.04034 29.1997 9.15113 3.05596 1.05279 21.885 30.7819 50.1649 0 
