0 252.086 208.538 112.79 182.881 53.1561 262.711 3.24297 282.295 6.20562 186.439 33.9165 101.856 53.8834 0.978251 22.1392 124.458 79.1695 111.34 24.7632 214.185 4.87341 39.2207 56.8826 32.857 61.8439 0.166447 13.9296 
320.334 0 284.513 90.4513 144.599 21.8874 43.7581 83.8982 24.1053 227.127 266.049 167.374 20.1701 64.567 75.8818 34.567 152.313 586.267 160.616 126.115 0.0081112 1.32144 25.0885 11.6386 88.973 3.15024 7.8843 63.6282 
110.496 186.176 0 9.97487 42.5252 1.43192 8.52067 190.518 459.804 106.537 235.007 172.22 10.4093 3.27897 9.37437 18.4363 55.567 78.4425 27.8743 27.0053 68.4059 12.5192 12.4362 15.0901 17.4269 5.53262 7.03895 1.07268 
71.6421 313.052 41.2666 0 154.739 19.89 191.738 295.374 100.12 106.451 189.61 69.8216 70.1201 5.13541 30.4883 8.8798 43.9858 0.342896 62.4862 38.3506 775.486 14.9347 11.7723 25.8802 52.0201 0.322374 22.3393 0.0308933 
18.4063 488.905 3.57351 5.40984 0 371.225 248.804 2.23625 323.689 132.331 29.3481 179.832 135.595 57.4679 84.4174 59.5146 139.439 221.783 214.801 40.1941 37.0993 1.95359 45.4095 37.1629 9.96376 15.3516 48.609 56.1137 
21.0041 218.754 38.5356 38.9751 475.113 0 879.586 45.06 365.336 398.224 68.6819 28.3059 491.384 11.6149 7.90072 24.9555 74.6836 85.2972 90.3445 8.69135 60.9073 7.53469 11.9541 15.9546 20.7098 7.28009 9.83482 6.94222 
249.644 33.1564 235.632 4.36424 383.848 816.106 0 404.657 899.401 33.0956 114.886 18.7127 213.29 54.8325 132.203 14.7177 17.8225 162.064 146.132 23.7612 14.5082 61.5056 72.3228 0.149603 75.1701 18.2766 55.7361 42.4209 
307.999 291.554 42.4034 402.827 4.64981 126.359 379.806 0 392.228 155.172 0.273256 346.434 90.6156 24.4627 135.863 248.645 0.200909 150.645 38.1738 22.1352 0.227257 2.10408 24.0405 57.9291 52.6919 233.701 0.270154 132.991 
47.9767 387.869 421.366 292.992 66.0122 481.175 1294.84 139.524 0 6.64142 1476.64 389.191 32.6003 156.969 152.278 94.2929 29.2023 120.42 64.3564 21.957 159.901 24.7719 0.584963 5.34945 129.655 54.677 16.8767 99.334 
110.194 238.016 114.253 2.5786 110.645 403.647 472.818 212.478 164.222 0 45.7613 6.36767 256.969 26.927 15.6391 7.35271 52.0505 108.325 67.9739 11.856 0.851802 7.20572 1.52664 10.9126 63.8996 62.1299 30.7446 1.8952 
37.6916 134.39 23.7073 123.338 28.5907 189.224 223.526 367.785 161.264 602.451 0 133.352 250.965 26.648 255.279 108.5 47.5439 170.351 108.102 80.1008 3.52419 78.0841 130.834 120.293 33.7939 7.1513 8.96078 85.8062 
143.154 184.965 89.7543 215.292 0.591532 96.8177 94.1421 711.117 13.2884 232.587 467.358 0 4.41804 18.4694 207.752 51.9499 12.9258 60.1528 14.0063 22.0456 43.8503 76.3703 45.6331 40.1535 107.25 307.443 52.437 163.848 
3.10638 87.4247 57.2268 63.3553 85.0373 186.311 30.8443 62.9989 69.041 39.9265 125.378 59.7812 0 117.194 101.011 66.3582 35.9549 69.5028 66.9007 8.88019 73.2078 3.13682 55.359 3.35378 53.745 15.3952 4.71636 5.70103 
52.7864 7.80265 14.9657 20.6784 0.0224154 14.8042 50.0957 63.181 141.433 43.291 170.608 121.437 98.238 0 59.9924 19.3457 3.33122 48.2206 4.71087 4.58948 36.9729 3.7884 4.31275 4.8689 4.36656 12.9796 0.118264 11.6294 
41.088 20.5705 30.2393 33.1748 0.41535 29.6754 112.073 5.31537 128.333 103.616 168.497 5.94196 118.55 37.1529 0 11.559 1.46296 8.5317 21.5808 5.57452 0.172814 3.37147 14.2484 25.431 9.20941 20.9317 17.3178 1.09709 
78.4593 40.0253 12.435 33.9747 21.6669 1.37367 45.0773 2.61008 71.6631 81.8521 111.294 19.5976 22.7949 6.52083 47.129 0 21.9434 15.0447 0.00525888 7.32926 34.7329 10.7519 8.01379 17.2265 34.4339 1.06375 17.29 20.9465 
41.8091 25.8881 15.4217 66.7015 140.224 75.415 60.1366 0.278598 50.5446 54.0275 82.426 65.172 0.993541 10.7286 29.9965 8.54546 0 27.9932 469.351 2.17303 62.0922 20.5976 1.84162 3.43718 41.668 11.474 0.447586 24.1793 
37.0142 2.11804 130.315 93.3707 67.7197 12.9034 136.482 177.339 28.7259 101.437 33.4543 67.3459 93.4894 11.6215 52.9085 6.9459 46.7384 0 143.113 86.9395 43.0761 18.8778 0.299966 36.592 46.1147 11.8172 33.1771 0.128905 
69.8577 118.012 61.1231 4.24939 219.603 55.1158 101.335 1.28867 0.799648 119.881 73.25 31.7203 0.19005 10.2252 32.8269 20.6353 62.8827 129.013 0 4.44287 12.112 1.72494 6.66957 4.45438 9.18332 0.0789003 8.8858 25.767 
174.289 52.1933 14.7295 38.0612 61.4706 15.8795 86.2702 110.741 67.8348 51.037 25.6026 0.02827 19.1867 2.85119 7.66587 4.79614 31.6106 87.6517 21.5808 0 7.48247 6.06857 0.997133 2.31963 0.930881 0.680178 0.377811 1.02728 
1.63874 10.6521 81.2381 187.882 70.8036 26.8282 4.44696 42.8984 160.895 18.4606 142.635 121.063 29.0226 2.42827 4.11475 57.7033 68.076 59.0047 67.3715 296.451 0 14.3322 26.1764 25.1552 0.345226 6.58975 32.0954 49.9238 
5.7623 1.7009 1.27287 7.46766 6.94162 0.420148 62.0037 28.4833 22.4774 55.5129 26.9945 72.2091 23.7394 1.90755 13.7311 11.9198 11.3946 6.18771 0.99071 0.0192862 32.3671 0 0.0100028 0.000406175 14.9014 0.529079 11.1209 5.2052 
5.0525 28.9214 6.98535 0.0940789 19.4036 4.05134 0.079256 73.0374 11.4202 8.96737 55.9113 69.4358 64.2295 3.35032 0.288843 5.65948 1.20208 6.63418 7.06507 0.78579 28.4758 0.0163094 0 17.287 22.7795 5.93722 3.13969 0.273531 
7.87431 61.4114 2.12461 26.4483 27.8365 15.2693 58.6303 13.8108 56.5431 18.1271 56.7029 114.752 14.8447 8.62323 11.2178 15.3594 19.776 17.5592 0.949422 6.33854 43.1263 11.631 6.30858 0 23.8039 1.83989 1.6965 0.617234 
84.6132 44.9135 27.3998 62.5759 3.48395 38.809 5.74856 193.323 45.3029 66.0282 47.0681 681.967 16.4836 6.27854 11.5577 28.6101 23.9202 42.0366 28.7809 13.5375 10.877 37.4943 23.1537 0.767787 0 123.579 27.6386 1.21917 
5.52978 5.06438 26.6367 0.00986842 63.6749 0.403393 84.9496 65.2329 120.892 3.43905 3.7675 44.0514 55.1879 0.717592 27.3212 3.45615 5.49931 12.7498 30.157 8.69152 7.67338 4.30704 0.456738 4.48047 24.4311 0 35.2357 4.98752 
36.0265 2.7984 7.24644 0.165308 37.7133 1.69977 38.1758 33.3087 59.7788 28.3812 4.36841 108.207 10.8632 0.844968 17.1174 17.9787 22.4379 12.8784 0.0341141 5.74532 0.246515 11.2473 6.29798 3.73742 27.898 20.394 0 92.2914 
54.2189 13.6614 0.234004 31.6805 46.3078 19.485 22.7346 71.33 98.7521 3.51061 7.34844 79.5428 34.507 11.5289 11.3304 17.5022 20.1855 0.994325 0.66414 5.22932 30.0757 9.04941 2.87116 1.24072 22.0323 25.8318 41.7374 0 
