0 361.577 204.537 251.127 194.765 224.856 258.565 0.892424 447.059 8.32147 188.705 28.2399 103.043 53.8035 1.4096 20.1397 290.822 88.7589 109.876 26.6434 206.389 5.24149 38.594 56.5483 201.216 60.0579 0.27207 12.9421 
427.203 0 220.513 279.958 104.234 186.676 21.489 72.3785 187.21 221.203 267.323 173.773 17.344 63.5458 73.5473 36.7958 322.516 862.311 163.749 129.869 0.114929 1.07476 24.0139 12.6207 257.042 2.39935 7.30275 63.2897 
124.505 250.119 0 0.139127 51.3387 2.69819 3.23634 173.243 436.527 103.975 229.862 167.208 11.8068 2.90709 10.5039 19.1441 55.3865 86.0863 29.7167 27.2711 73.4933 12.5495 12.4914 15.2211 18.1698 6.22835 7.36418 1.28936 
216.616 490.522 149.709 0 157.691 186.468 186.213 1097.69 288.618 106.831 184.58 57.055 70.7537 5.62818 31.4923 7.54603 209.6 1.09343 62.6361 39.9828 776.012 15.086 12.1772 26.0976 217.805 0.654229 21.9223 0.0995922 
25.4889 459.399 6.88092 3.18399 0 377.447 216.812 3.977 333.734 111.815 36.1534 179.525 140.725 58.7101 86.0537 60.9201 136.192 217.052 232.45 37.4175 34.3272 1.60717 44.5575 36.183 9.04906 14.1285 48.455 55.8588 
189.351 373.719 42.1507 208.668 192.172 0 870.006 53.996 483.907 423.407 54.3306 24.0036 262.241 12.2701 9.20309 24.467 241.092 81.3241 90.5009 8.08084 59.4144 7.95184 12.2857 15.6954 187.403 6.63736 10.1574 6.5325 
255.586 14.144 242.742 1.78513 402.768 936.719 0 409.1 1113.06 61.7726 146.551 13.1173 209.904 57.9069 128.861 17.1578 15.8835 153.338 143.089 26.2338 16.8204 61.1167 72.422 0.0363004 73.2545 20.6388 56.2812 40.867 
306.148 293.441 56.3227 408.221 7.03341 115.83 391.785 0 449.726 162.892 0.214714 487.682 86.9658 27.9309 128.264 240.544 0.0659153 154.289 40.6452 24.9523 0.906102 1.72511 26.4628 52.988 44.9297 231.502 0.570918 131.666 
222.194 538.664 449.767 440.648 51.8542 625.784 1197.44 94.1415 0 1.68009 1430.62 379.919 27.5529 156.053 157.483 88.4543 194.82 127.619 59.8257 24.3483 163.696 23.6013 1.08573 4.22857 293.833 49.8262 15.676 99.5275 
105.521 234.543 113.727 3.83001 131.118 451.871 443.171 208.405 139.512 0 83.6143 3.51145 235.474 24.0911 11.5617 5.6033 50.2129 111.904 63.9388 12.9176 0.518532 6.28515 2.0728 12.1204 65.013 60.3392 29.9695 1.48789 
42.5561 145.184 32.576 132.197 22.4896 172.946 259.285 371.911 79.4159 588.584 0 102.731 252.948 19.1216 293.523 95.1608 45.7836 170.825 105.679 81.0662 4.67654 77.7486 129.279 122.378 38.1812 10.1852 10.0521 83.3408 
135.063 190.481 98.1848 203.539 0.164592 91.11 105.807 835.258 22.3099 227.406 443.551 0 3.11555 23.3936 191.435 96.4525 13.9929 56.7681 12.6886 20.0743 39.9626 76.1634 41.5088 32.8752 86.8405 272.252 49.0577 167.413 
2.34316 83.2122 58.8147 62.1613 91.1703 175.574 24.6952 66.6921 62.378 57.2663 136.3 63.9757 0 126.055 96.9608 63.9398 34.8486 71.5538 68.4845 8.28066 73.7859 2.06628 51.7625 4.29373 53.2796 14.357 4.36681 6.2033 
53.0762 8.88713 14.6613 20.3029 0.119142 15.4137 46.9795 58.9044 139.687 46.3693 160.443 114.677 87.7686 0 61.8661 19.249 3.5543 48.7794 5.07483 4.6198 36.3876 3.47643 5.24891 5.41055 4.79639 12.9156 0.0814458 11.5374 
39.4083 22.8925 30.9887 34.0436 0.844787 28.183 106.985 8.4771 140.509 109.067 209.144 1.78151 117.426 44.9533 0 21.3156 1.67068 9.485 22.34 5.36189 0.315178 3.71985 15.6435 26.2183 8.2531 19.7582 17.5774 0.854792 
77.673 37.7757 11.6117 32.5537 20.083 1.03392 48.4465 0.295033 77.6197 79.6292 97.9229 51.2408 20.2772 5.29582 59.5896 0 22.2255 16.0852 0.000575903 7.49898 36.1129 10.9108 7.44736 19.4912 34.5226 1.80457 17.5243 20.532 
211.024 190.936 14.0922 234.687 143.1 241.936 62.8095 0.517042 219.747 52.2116 81.1841 63.8639 0.738833 10.4213 29.9288 8.91274 0 39.8271 171.075 2.50314 61.4221 20.6798 1.98134 3.24424 208.333 11.0859 0.516346 24.2355 
30.0316 5.71807 123.974 87.9669 59.3952 15.5999 127.258 178.705 33.7987 105.213 37.0242 63.9 92.0462 12.4163 51.696 6.20692 33.9851 0 145.125 86.4442 40.4865 19.4252 0.420093 37.2354 46.9659 10.9266 32.6733 0.216485 
73.0499 111.763 60.7281 5.11047 236.892 51.4667 95.9795 0.799839 1.59783 118.398 70.0628 33.5388 0.417157 9.76748 32.271 20.1313 57.8119 132.41 0 3.96277 11.1798 1.55171 6.97925 4.72446 8.76012 0.0366585 9.15612 25.9037 
158.814 46.2003 15.716 39.7126 58.746 15.2631 84.5973 109.015 65.0235 51.7659 23.8765 0.00558594 19.9346 2.77586 7.868 4.99639 31.2624 87.599 20.8376 0 0.406776 6.10057 0.946994 2.21955 1.06079 0.794326 0.326699 1.13192 
0.310612 13.5286 86.0978 199.839 67.6862 25.1265 5.82174 48.5805 164.628 16.9089 144.017 125.051 27.8216 2.77993 3.56217 58.4509 68.2303 56.273 66.6866 269.305 0 13.9681 25.6013 25.9832 0.542891 7.42267 31.5477 49.6521 
5.37883 2.00583 1.1596 7.22677 7.60668 0.306964 61.682 29.6142 21.3359 56.3296 28.4873 72.8742 26.6243 2.16542 13.3671 11.8817 11.1489 6.58128 0.858684 0.028351 32.2751 0 0.0052539 0.00981975 15.0053 0.456447 11.2447 5.34485 
4.5513 27.8361 7.26134 0.0451565 18.4027 3.73143 0.236971 75.5393 13.2521 7.85234 60.679 65.0984 60.8373 4.26489 0.667811 5.08182 1.0915 6.16164 6.75428 0.739921 27.9265 0.00200538 0 18.8761 22.3187 6.1978 2.89993 0.339125 
8.71983 61.159 1.87961 26.5503 28.8636 15.5483 59.8947 10.9396 53.9256 16.7336 52.3847 105.702 16.5738 9.01193 12.6396 13.0195 19.6485 16.8356 1.08782 6.32536 43.6152 11.2804 4.27046 0 26.6296 1.51102 1.42056 0.491234 
250.363 210.228 27.1083 229.466 2.92524 205.137 6.98159 193.61 215.483 66.9825 42.375 122.359 15.4561 6.74817 10.5383 26.7201 191.169 42.9663 29.0104 13.4608 9.99657 63.9652 23.8809 0.66434 0 118.557 98.9569 27.2887 
6.651 6.11246 26.9149 0.0204479 62.7453 0.599976 86.9915 53.4282 117.151 2.56913 6.0729 71.6854 55.1447 0.545765 26.4891 4.65578 5.18673 11.8323 30.0213 8.47525 6.82789 4.1371 0.354612 4.00359 25.5651 0 35.9695 7.80222 
35.2764 2.43941 7.57352 0.255812 37.1322 1.88306 39.169 35.5571 61.0544 29.1694 3.6358 110.225 10.3776 0.951818 16.8377 18.1558 22.4417 12.3668 0.0582526 5.89045 0.164206 11.367 6.58537 3.3452 25.1642 21.8935 0 90.2576 
53.4502 12.6837 0.145629 31.3385 45.5608 19.157 21.2988 75.7177 99.1359 2.95493 5.96107 72.1531 33.8737 11.6218 10.7245 16.8789 19.9598 1.21536 0.779269 5.40833 30.8981 8.9506 2.69985 1.43096 22.1767 21.2896 33.9169 0 
