0 538.731 195.904 467.443 210.569 481.162 250.774 0.0715207 691.743 11.8004 191.311 21.0024 104.553 53.6172 2.14896 17.4276 539.07 102.642 107.536 49.1959 194.165 5.78038 37.6774 55.9947 452.594 57.4405 0.464814 11.594 
595.9 0 133.275 563.824 56.3939 436.358 3.17721 57.136 436.336 211.372 267.639 182.321 13.6745 61.9984 70.1116 39.9678 575.938 282.287 167.39 134.373 0.89126 0.769071 22.5082 14.0566 507.813 1.50912 6.51414 62.7378 
143.65 337.631 0 26.9513 64.6112 5.12263 0.0413941 147.896 386.841 99.8175 220.167 159.144 13.8983 2.41283 12.1562 20.0926 54.9946 96.7951 32.3229 27.5284 80.559 12.5824 12.5486 15.3784 19.1979 7.2588 7.82802 1.62684 
444.522 747.902 220.94 0 160.907 435.681 176.802 1013.24 570.506 106.937 176.357 40.693 71.5188 6.34928 32.8319 5.81309 457.038 2.86455 62.702 42.0804 347.25 15.29 12.741 26.3437 465.397 1.31622 21.3138 0.262786 
37.1965 407.381 13.2791 1.0292 0 375.312 171.846 7.26023 344.842 84.4482 46.7474 178.643 147.547 60.376 88.1532 62.8149 131.137 209.309 254.793 33.5611 30.5353 1.17421 43.3156 34.7819 7.82197 12.4678 48.2064 55.4481 
441.316 604.16 47.0603 461.984 674.66 0 1150.51 67.478 660.63 246.416 36.3406 18.4388 548.343 13.1868 11.1588 23.7101 489.509 75.5663 90.2045 7.23867 57.2305 8.54747 12.7392 15.3075 436.394 5.7657 10.6126 5.96718 
262.062 0.79959 248.637 0.0713084 422.579 909.618 0 410.055 1289.14 114.508 194.645 6.84775 203.914 62.1777 123.445 20.8518 13.3068 140.648 138.258 29.8487 20.3334 60.4926 72.4183 0.0075161 70.4209 24.1491 56.9988 38.6616 
301.07 294.145 78.3302 378.015 11.2 100.85 403.804 0 523.949 173.285 3.4332 688.108 81.7604 33.0983 117.051 225.807 0.000187454 159.107 44.1935 29.134 2.62713 1.25272 30.0074 46.1653 34.7386 225.792 1.18326 129.337 
482.898 761.403 471.29 659.607 34.3661 827.552 924.042 43.4877 0 0.270653 1469.91 363.208 21.0512 153.844 97.0505 80.0927 442.399 137.641 53.5407 27.8686 168.631 21.9731 2.05026 2.86225 538.947 43.166 14.0388 99.6074 
98.737 227.97 112.326 5.99681 160.92 492.471 389.336 201.717 106.295 0 152.148 0.905575 202.642 20.2556 6.77627 3.51685 47.5917 116.743 58.2299 14.4696 0.187705 5.08144 2.97971 13.9046 66.4498 57.683 28.8637 0.994873 
49.776 160.281 47.0423 144.272 15.0259 149.056 309.012 374.468 4.16067 548.915 0 64.9292 254.161 10.4631 341.116 76.822 43.3039 171.109 102.087 82.3032 6.56985 77.1726 126.536 124.87 44.6584 15.3054 11.6845 79.7272 
123.465 197.655 110.016 185.345 0.0116337 82.9545 122.713 966.068 38.6931 218.866 403.828 0 1.65752 31.1485 166.803 175.064 15.5572 52.0597 10.9243 17.4098 34.6918 75.7756 35.8659 23.612 28.2951 218.103 44.3516 171.474 
1.44547 77.2192 60.9489 60.3794 99.8068 150.049 17.054 71.936 53.3102 85.7082 151.584 69.9735 0 137.015 90.734 60.3539 33.2822 74.3961 70.6297 7.46185 74.541 0.928151 46.6233 5.80319 52.5516 12.932 3.89358 6.94243 
53.4137 10.5197 14.1967 19.7355 0.385356 16.2467 42.5938 52.9048 136.551 50.6722 144.93 104.721 72.7334 0 60.7868 18.8052 3.87909 49.5208 5.60619 4.65877 35.5348 3.04869 6.53619 6.16998 5.42293 12.7842 0.0410603 11.3898 
37.0243 26.3126 31.9194 35.1758 1.70452 26.0044 99.3743 14.1124 157.17 116.016 265.805 0.0535435 115.042 54.1666 0 38.0859 1.98586 10.9023 23.4032 5.06294 0.587877 4.23253 17.5445 27.1119 6.96268 18.0566 17.9231 0.562575 
76.361 34.6235 10.4563 30.4326 17.9133 0.633802 53.2248 0.948266 86.0061 76.1742 79.4743 116.809 16.8997 3.71254 74.9529 0 22.6101 17.5916 0.0256774 7.73078 38.0452 11.1176 6.63089 22.4656 34.4301 3.15572 17.8255 19.8846 
463.648 438.108 12.2846 485.375 146.627 490.509 66.5491 0.977274 472.303 49.6144 79.3543 61.9787 0.442767 9.98825 29.8087 9.4375 0 59.3804 337.926 3.00544 60.4261 20.7867 2.18621 2.97965 457.222 10.5417 0.62155 24.3029 
21.2633 43.7804 114.403 80.196 48.2851 19.7715 114.143 180.183 41.5201 110.366 42.281 59.0798 89.8985 13.569 49.9354 5.2271 19.0827 0 147.43 85.5278 36.9031 20.1999 0.623659 38.122 48.1329 9.71658 31.9511 0.378339 
77.4759 102.693 59.9881 6.44778 258.593 46.2495 88.2812 0.306443 3.18335 115.893 65.5426 36.1484 0.886785 9.12945 31.4513 19.41 50.2317 136.767 0 3.32654 9.91617 1.32186 7.42314 5.11583 8.17318 0.00424393 9.5405 26.0818 
135.31 38.0828 17.0911 41.8406 54.8349 14.3785 82.0151 106.271 60.9977 52.7117 21.5047 0.174315 20.9938 2.66886 8.14893 5.27858 30.7354 87.3013 19.7814 0 5.43572 6.14305 0.877773 2.08006 1.25732 0.969402 0.260691 1.28727 
0.216141 18.119 92.7034 200.689 63.2805 22.775 8.06169 57.0063 169.47 14.8118 145.703 130.481 26.1457 3.314 2.84596 59.4166 68.3855 52.4368 65.6572 222.043 0 13.4561 24.781 27.1477 0.896903 8.67071 30.7623 49.2247 
4.85661 2.47725 1.00782 6.88848 8.58897 0.177001 61.1514 31.2183 19.7536 57.3805 30.6232 73.7255 30.8537 2.54985 12.8342 11.8073 10.8015 7.15359 0.687866 0.0440915 32.1316 0 0.0996641 0.0714186 15.1405 0.362677 11.4126 5.54191 
3.88389 26.306 7.64762 0.00629089 17.0135 3.29597 0.602331 78.9435 16.0322 6.38731 67.4582 58.9672 55.8882 5.58436 1.45819 4.28465 0.943973 5.51973 6.3226 0.67702 27.1391 0.0829915 0 20.379 21.554 6.56114 2.57347 0.443231 
9.97298 60.7209 1.55611 26.6314 30.3119 15.9205 61.5914 7.41519 50.2139 14.8267 46.3881 92.7509 19.1238 9.48938 14.6689 9.80092 19.4588 15.8265 1.29839 6.30098 44.2654 10.7567 1.94544 0 30.5519 1.09715 1.0698 0.337092 
497.869 457.276 26.6321 478.54 2.21628 453.544 8.90702 192.612 469.565 68.1854 36.0081 63.8669 14.0412 7.41959 9.14095 36.2688 440.904 44.2523 29.3133 13.3379 8.80502 86.4702 24.7959 4.38699 0 70.1997 171.596 113.901 
8.39187 7.74472 27.2222 0.234971 61.3489 0.941822 89.6453 38.255 111.485 1.55087 10.2134 118.917 54.9994 0.341788 25.1957 6.59335 4.75757 10.5823 29.8037 8.16351 5.70889 3.89952 0.231779 3.36264 27.1247 0 36.8224 12.653 
34.2011 1.97278 8.03956 0.416655 36.2955 2.15604 40.5533 38.7859 62.8045 30.2717 2.71161 112.8 9.70434 1.11241 16.4243 18.3739 22.4385 11.6558 0.103221 6.09488 0.0762946 11.529 6.99149 2.82132 21.5227 23.9772 0 85.223 
52.3058 11.3508 0.0562323 30.7963 44.4747 18.674 19.3205 81.8506 99.4858 2.24803 4.23748 61.9288 32.9587 11.7348 9.87386 15.962 19.6336 1.56408 0.956926 5.66158 32.049 8.80674 2.46386 1.71985 22.4027 15.2913 23.5551 0 
