0 401.965 184.615 363.493 224.401 405.549 241.301 2.03901 603.112 15.6504 193.138 14.9826 105.811 53.3585 2.99798 14.9643 455.24 116.16 105.003 88.6056 181.289 6.31726 36.7664 55.3761 372.094 54.8388 0.697123 10.3559 
446.431 0 63.6442 515.818 23.1192 357.897 0.95809 43.8474 359.358 200.481 266.314 189.914 10.5298 60.405 66.6845 43.0208 496.762 1035.29 169.984 137.759 2.31679 0.52341 21.0815 15.4833 426.52 0.846066 5.7952 62.1289 
160.735 407.876 0 89.2094 77.9828 8.09538 1.763 123.285 325.001 95.2863 208.422 150.438 16.0233 1.97563 13.7884 20.9388 54.4704 106.811 34.8109 27.6433 87.1259 12.6031 12.5806 15.4982 20.1555 8.29267 8.27677 1.98383 
353.358 665.291 204.436 0 162.906 353.5 166.193 748.34 520.385 106.564 167.351 27.1911 72.107 7.06525 34.0217 4.33477 372.707 5.3258 62.6047 43.8377 356.773 15.4749 13.271 26.5115 381.122 2.15739 20.7105 0.491274 
50.1117 348.974 21.1835 0.0746256 0 383.132 130.587 11.2887 351.904 60.7145 57.8741 177.31 153.572 61.8699 89.923 64.5257 125.816 200.802 272.715 29.9572 27.0497 0.821792 42.0854 33.4229 6.71957 10.9538 47.9343 54.9995 
362.021 501.914 51.4519 383.362 44.0382 0 1101.43 81.1312 509.523 334.643 22.0605 13.7139 548.075 14.0506 13.1422 22.9153 405.959 69.9298 89.3559 6.45725 55.0614 9.12396 13.1561 14.913 353.578 4.9736 11.0479 5.44127 
266.071 3.48498 249.547 0.576049 433.292 692.793 0 405.114 1278.07 175.099 242.734 2.70513 196.916 66.165 117.554 24.6394 11.024 128.208 133.079 33.4281 23.9575 59.8136 72.2569 0.124094 67.5774 27.685 57.6284 36.5415 
293.577 292.657 101.373 287.612 16.0418 86.6103 409.649 0 583.48 182.588 10.0844 855.45 76.7359 38.309 105.927 208.497 0.0745025 163.342 47.6471 33.3402 5.10147 0.869635 33.5237 39.8556 25.9595 217.592 1.97401 126.619 
412.37 649.92 469.827 545.618 20.6812 685.69 584.08 12.3556 0 5.09392 1602.43 343.552 15.5581 150.754 34.4291 72.0334 358.35 147.018 47.6768 31.3834 172.866 20.4428 3.25263 1.79638 452.084 37.0448 12.5373 99.4713 
92.0772 219.933 110.277 8.4955 189.66 490.26 328.061 194.343 77.2336 0 229.594 0.00417088 169.651 16.7987 3.33691 1.95754 45.0592 121.123 52.7867 16.0101 0.0249722 4.03801 3.99364 15.6936 67.6717 55.0119 27.7932 0.613889 
57.035 174.43 62.7209 155.208 9.21197 125.791 354.064 373.288 28.0106 491.667 0 35.8975 253.568 4.51178 376.585 60.2073 40.939 170.955 98.4715 83.3464 8.66959 76.5096 123.331 126.741 51.1243 21.0735 13.345 76.1353 
112.258 203.803 121.117 166.547 0.359786 75.1027 139.189 1026.16 58.0667 209.437 360.372 0 0.685515 39.3595 142.183 259.256 17.1168 47.641 9.34325 14.9975 29.9042 75.2999 30.6995 15.9942 0.0737183 164.831 39.9378 174.253 
0.785638 71.4581 62.8665 58.5727 107.991 122.506 10.9632 76.9722 45.066 116.272 165.897 75.7746 0 145.484 84.2922 56.7575 31.7789 77.0534 72.578 6.70911 75.1966 0.256872 41.6856 7.44136 51.7779 11.6158 3.46284 7.68232 
53.6575 12.1896 13.7156 19.1533 0.781919 17.0098 38.4357 47.2428 132.839 54.71 129.124 94.8596 58.5068 0 55.8195 18.057 4.20071 50.1776 6.13369 4.69184 34.6903 2.6553 7.65229 6.87834 6.04147 12.6138 0.0151829 11.2292 
34.7346 29.7269 32.6633 36.1499 2.80217 23.8597 91.7026 20.7215 172.237 121.739 315.579 2.99454 111.913 59.9558 0 55.202 2.3115 12.3347 24.4099 4.7785 0.927332 4.74466 19.2514 27.7135 5.8013 16.3947 18.2308 0.338572 
74.8889 31.6436 9.36525 28.2955 15.9153 0.340177 57.7939 5.85436 93.9324 72.548 62.6861 195.463 13.8845 2.405 85.218 0 22.9627 19.0728 0.0845182 7.9437 39.8733 11.2961 5.84185 24.946 34.102 4.75786 18.0804 19.2002 
384.378 354.117 10.6373 404.037 149.395 407.103 70.0814 1.55294 392.917 47.0973 77.5212 60.1336 0.229429 9.57482 29.6671 9.94641 0 80.7095 555.245 3.52538 59.4187 20.8789 2.39077 2.73498 374.24 10.025 0.731236 24.3543 
14.1604 94.4737 104.692 72.6697 38.46 24.1374 101.608 181.099 49.4792 115.085 47.5351 54.5264 87.7252 14.7051 48.1996 4.36028 8.61046 0 149.033 84.4159 33.5603 20.9436 0.855729 38.9461 49.2109 8.61175 31.2476 0.575175 
81.6053 93.8182 59.0833 7.85683 275.772 41.2362 80.8153 0.0512841 5.19701 113.057 61.2058 38.6883 1.4988 8.52835 30.6298 18.7094 41.9788 140.426 0 2.76421 8.76574 1.11798 7.85521 5.50141 7.623 0.00312946 9.91148 26.2358 
111.895 30.7855 18.3777 43.6306 51.0382 13.5192 79.3135 103.322 57.0964 53.5234 19.3111 0.555808 22.0102 2.56582 8.41262 5.54763 30.1925 86.7725 18.7644 0 26.2122 6.18075 0.813254 1.94859 1.45964 1.15195 0.204261 1.44431 
2.08132 23.0679 98.6819 178.306 59.0699 20.5855 10.5267 65.4649 173.61 12.9108 147.02 135.438 24.5641 3.86603 2.23148 60.2405 68.465 48.7948 64.6035 171.147 0 12.9683 23.9868 28.2568 1.31763 9.94232 29.9974 48.7676 
4.37792 2.97311 0.871539 6.56663 9.57595 0.0856129 60.5601 32.7609 18.2724 58.2716 32.6964 74.443 35.0431 2.93832 12.3049 11.7134 10.4685 7.71967 0.541486 0.0624011 31.9794 0 0.2999 0.183077 15.2594 0.282612 11.5658 5.73042 
3.28978 24.8457 8.01287 0.00234192 15.7117 2.89795 1.10776 82.049 18.8956 5.10993 73.9497 53.1311 51.0215 6.79787 2.47919 3.55248 0.812135 4.93331 5.91735 0.618863 26.3727 0.270602 0 20.8845 20.7044 6.90278 2.27479 0.555388 
11.2355 60.2122 1.27183 26.6395 31.6947 16.2522 63.1144 4.64952 46.6561 13.0737 40.7964 80.3521 21.6722 9.86011 16.6023 6.94566 19.2664 14.8747 1.51657 6.27132 44.8431 10.227 0.515176 0 34.1281 0.758866 0.777879 0.21601 
413.468 372.608 26.1068 395.591 1.62633 370.095 10.9463 190.127 391.78 69.1746 30.2424 47.9817 12.7282 8.06867 7.85827 53.3179 358.754 45.453 29.58 13.2042 7.72273 75.2765 25.5419 11.4367 0 35.9226 59.5697 87.7713 
10.2255 9.46992 27.4212 0.657825 59.9225 1.33848 91.9215 25.6905 105.68 0.811295 15.1069 170.116 54.768 0.18999 23.8399 8.67826 4.36011 9.43691 29.5668 7.85856 4.72191 3.67472 0.138043 2.78847 28.558 0 37.43 18.0868 
33.1543 1.57047 8.48991 0.606777 35.4769 2.43281 41.8575 41.9279 64.4219 31.3144 1.94928 114.954 9.07349 1.2767 16.0089 18.547 22.4261 10.9873 0.158243 6.29002 0.023255 11.6763 7.37988 2.35441 18.3315 25.9159 0 78.274 
51.1469 10.1287 0.00969593 30.2135 43.4013 18.1905 17.484 87.6169 99.609 1.65792 2.8519 52.4799 32.0605 11.8228 9.06783 15.0487 19.3129 1.93807 1.14361 5.90447 33.1392 8.66424 2.24469 2.01802 22.6587 10.2143 14.8728 0 
