0 375.956 183.505 340.023 225.535 384.02 240.39 2.33684 580.369 16.0082 193.265 14.5036 105.912 53.3323 3.07819 14.7569 432.977 117.339 104.77 92.4809 180.122 6.36485 36.6857 55.3183 350.135 54.6088 0.719536 10.2509 
419.136 0 58.5707 496.691 20.8794 336.282 1.48573 42.7596 337.965 199.471 266.123 190.544 10.2742 60.2616 66.3809 43.2864 474.888 944.754 170.167 138.009 2.47193 0.50425 20.9583 15.6096 404.482 0.797324 5.73442 62.0724 
162.143 413.017 0 95.7458 79.1663 8.3817 2.13323 121.156 319.151 94.8689 207.296 149.64 16.2133 1.93939 13.932 21.0093 54.418 107.666 35.0263 27.6471 87.6848 12.6044 12.5824 15.5072 20.2373 8.38448 8.31597 2.0164 
331.047 642.782 206.608 0 163.028 331.414 165.204 991.595 501.079 106.509 166.521 26.1293 72.1514 7.12856 34.1205 4.21528 350.413 5.57448 62.5888 43.978 588.59 15.4904 13.3165 26.523 358.829 2.23982 20.6572 0.514433 
51.3064 343.613 21.9476 0.0435251 0 384.61 127.14 11.6787 352.347 58.7906 58.882 177.172 154.07 61.9949 90.0653 64.6694 125.333 200.016 274.092 29.6488 26.7538 0.794069 41.9768 33.3041 6.62718 10.8259 47.909 54.9579 
340.196 478.008 51.8161 361.565 45.432 0 901.602 82.3441 481.672 495.249 20.9703 13.3327 425.796 14.1249 13.319 22.8432 383.726 69.4357 89.2563 6.39063 54.8695 9.17432 13.1915 14.8777 331.417 4.90688 11.0856 5.39629 
266.315 4.43637 249.404 0.7192 433.824 668.226 0 404.417 1268.48 180.694 246.944 2.43325 196.253 66.506 117.012 24.9792 10.8345 127.119 132.605 33.7439 24.284 59.7509 72.2356 0.140886 67.3248 27.9999 57.6804 36.357 
292.808 292.428 103.443 278.053 16.5008 85.3867 409.888 0 587.995 183.363 10.824 868.011 76.2981 38.7729 104.947 206.863 0.0873118 163.691 47.9495 33.7146 5.35422 0.839577 33.8342 39.3192 25.2465 216.759 2.05211 126.361 
391.321 625.129 468.667 520.676 19.6434 657.923 554.033 10.5245 0 5.79554 1244.9 341.689 15.1162 150.442 31.9748 71.334 336.087 147.82 47.1756 31.6949 173.21 20.3112 3.36981 1.71518 429.556 36.5266 12.4099 99.4496 
91.4923 219.158 110.067 8.73165 192.138 487.911 322.425 193.66 74.8653 0 236.681 0.000154477 166.755 16.5094 3.09317 1.84285 44.8383 121.491 52.3159 16.1464 0.0179791 3.95258 4.08837 15.8525 67.7706 54.7743 27.6997 0.585045 
57.6805 175.64 64.1568 156.125 8.77093 123.773 357.8 373.018 34.6993 485.935 0 33.7443 253.435 4.10791 379.107 58.8212 40.7342 170.922 98.1496 83.4304 8.86521 76.4468 123.026 126.88 51.6965 21.6126 13.4936 75.8177 
111.283 204.302 122.066 164.865 0.412936 74.4212 140.627 1028 59.9066 208.564 356.395 0 0.620835 40.1055 140.022 266.659 17.2551 47.2617 9.21103 14.7946 29.5007 75.2538 30.2629 15.3947 0.580167 160.263 39.5592 174.441 
0.73761 70.9575 63.027 58.4113 108.696 120.306 10.4933 77.4099 44.3718 119.043 167.119 76.2804 0 146.116 83.7134 56.4383 31.6482 77.2811 72.7423 6.64519 75.2505 0.218139 41.2578 7.59232 51.7072 11.5038 3.42646 7.74812 
53.675 12.3395 13.6722 19.101 0.822909 17.0743 38.0772 46.7561 132.485 55.0557 127.719 93.9921 57.2948 0 55.2235 17.9778 4.22916 50.2322 6.18034 4.69451 34.6156 2.62194 7.74128 6.93856 6.09595 12.597 0.013527 11.2143 
34.5356 30.0294 32.7209 36.2293 2.91008 23.6714 91.0215 21.349 173.495 122.189 319.572 3.46079 111.604 60.2899 0 56.654 2.34088 12.4626 24.4968 4.75387 0.96047 4.79008 19.3932 27.7536 5.70418 16.2494 18.2564 0.321733 
74.7512 31.3867 9.27144 28.1058 15.7456 0.318877 58.1895 6.47459 94.6134 72.2191 61.2819 202.731 13.6333 2.30262 85.8477 0 22.9926 19.2032 0.0912401 7.96176 40.031 11.3106 5.77335 25.1405 34.0625 4.91025 18.1009 19.1378 
362.528 331.88 10.4983 381.997 149.606 384.882 70.3855 1.60918 371.054 46.8774 77.3584 59.9714 0.21414 9.53895 29.6535 9.99089 0 82.6632 510.596 3.57234 59.3286 20.8865 2.40892 2.71414 352.061 9.98035 0.741179 24.3582 
13.6062 98.5322 103.827 72.0144 37.6477 24.5329 100.525 181.155 50.1947 115.484 48.0009 54.1341 87.5311 14.8051 48.0467 4.28833 7.88781 0 149.143 84.3086 33.2742 21.0083 0.877618 39.0167 49.3028 8.5183 31.1859 0.594221 
81.9586 93.0412 58.9958 7.98501 277.078 40.8018 80.1642 0.0392052 5.39452 112.791 60.8291 38.9109 1.55946 8.47658 30.5568 18.6481 41.2192 140.719 0 2.71756 8.66858 1.10103 7.89308 5.5354 7.5758 0.00441855 9.94385 26.2485 
109.852 30.1769 18.4877 43.774 50.7067 13.444 79.0686 103.052 56.7559 53.5896 19.1242 0.5991 22.0985 2.55684 8.43528 5.57094 30.1436 86.7153 18.6759 0 28.7013 6.18388 0.807729 1.93728 1.47788 1.16851 0.199672 1.45832 
2.33326 23.5221 99.1831 175.462 58.7047 20.3984 10.7554 66.2156 173.946 12.7507 147.121 135.857 24.4277 3.91592 2.18142 60.3074 68.4688 48.48 64.5089 166.625 0 12.926 23.9175 28.3529 1.35794 10.0564 29.9304 48.7257 
4.33731 3.01824 0.860121 6.53878 9.66383 0.0792172 60.5049 32.8952 18.1453 58.3435 32.8775 74.5008 35.4124 2.97295 12.2581 11.7042 10.4395 7.76975 0.529561 0.0641415 31.9655 0 0.322307 0.195214 15.2693 0.2761 11.5788 5.74678 
3.24028 24.7191 8.04436 0.00353924 15.6 2.86429 1.15882 82.3112 19.1533 5.00496 74.5119 52.6269 50.5943 6.89822 2.57942 3.49065 0.801127 4.88366 5.88252 0.613907 26.3055 0.29192 0 20.883 20.6254 6.93215 2.24952 0.56571 
11.348 60.1638 1.24836 26.637 31.8147 16.2798 63.2418 4.43822 46.3472 12.9251 40.319 79.2818 21.8981 9.88807 16.7687 6.71253 19.2492 14.7927 1.53628 6.26845 44.8913 10.1798 0.432813 0 34.4268 0.732247 0.754594 0.206727 
391.161 350.287 26.0581 373.408 1.5792 347.875 11.1322 189.841 370.062 69.2528 29.7583 118.104 12.6162 8.12529 7.74976 54.8594 336.649 45.5559 29.6021 13.1919 7.63147 72.9075 25.6005 12.1685 0 35.4154 51.4581 80.0525 
10.3923 9.62709 27.434 0.704514 59.7947 1.37609 92.1066 24.6997 105.16 0.758106 15.5733 174.722 54.7436 0.178846 23.7171 8.86858 4.32621 9.33984 29.545 7.83177 4.64014 3.65532 0.131018 2.74057 28.6792 0 37.4729 18.5884 
33.0625 1.53758 8.52919 0.624955 35.405 2.45755 41.9698 42.203 64.5595 31.4044 1.88882 115.126 9.01932 1.29145 15.9719 18.5604 22.4246 10.9298 0.163575 6.30695 0.0200918 11.6888 7.41358 2.31555 18.0696 26.0811 0 77.5832 
51.0434 10.0251 0.00746472 30.16 43.3065 18.1475 17.3272 88.1119 99.6099 1.61069 2.74398 51.6788 31.9815 11.8295 8.99824 14.968 19.2847 1.97239 1.16059 5.92557 33.2332 8.65163 2.22598 2.0449 22.6833 9.81104 14.1917 0 
