0 306.12 180.647 276.278 228.318 324.746 238.051 3.16905 518.005 16.918 193.562 13.3378 106.157 53.2643 3.28315 14.2431 371.853 120.288 104.178 102.268 177.176 6.48453 36.4831 55.1711 289.783 54.0309 0.777026 9.99013 
345.972 0 46.6911 443.399 15.7619 276.904 3.30589 40.0899 279.204 196.907 265.596 192.099 9.64804 59.8996 65.6185 43.9501 414.727 341.943 170.595 138.601 2.88156 0.4579 20.651 15.9267 343.927 0.681736 5.58375 61.9284 
165.602 425.073 0 112.563 82.1351 9.11616 3.21123 115.854 304.276 93.8098 204.413 147.619 16.6918 1.85005 14.2922 21.1831 54.2823 109.787 35.5636 27.6524 89.0726 12.6072 12.5859 15.5286 20.4408 8.61524 8.41401 2.09883 
270.222 580.8 217.234 0 163.299 270.755 162.688 171.601 447.349 106.358 164.413 23.5573 72.2574 7.28749 34.3643 3.92297 289.221 6.21953 62.544 44.3196 768.085 15.529 13.43 26.5493 297.637 2.45228 20.5233 0.574656 
54.3386 330.061 23.9085 0.00223193 0 388.787 118.648 12.6813 353.332 54.0889 61.4301 176.811 155.297 62.3038 90.4128 65.0249 124.111 198.018 277.397 28.8817 26.0197 0.726811 41.7038 33.0066 6.39882 10.509 47.8449 54.8524 
280.197 412.754 52.7122 301.618 669.781 0 1298.18 85.3914 406.842 624.296 18.3565 12.4013 63.0511 14.3098 13.7637 22.6609 322.681 68.1984 88.9894 6.22503 54.3878 9.30024 13.2793 14.7887 270.558 4.74159 11.18 5.28449 
266.853 7.30987 248.892 1.14629 434.87 604.671 0 402.49 1238.77 194.85 257.464 1.81609 194.556 67.3535 115.637 25.8357 10.3671 124.391 131.403 34.5364 25.1079 59.5915 72.1773 0.187526 66.6892 28.7912 57.8085 35.8961 
290.806 291.787 108.652 253.985 17.6744 82.339 410.296 0 598.773 185.276 12.7837 897.714 75.2032 39.9386 102.494 202.695 0.123773 164.553 48.7066 34.6548 6.012 0.766703 34.614 37.9889 23.5013 214.596 2.2538 125.701 
333.272 557.615 465.054 452.833 17.1602 582.796 479.985 6.58073 0 7.74336 860.585 336.928 14.0374 149.632 28.7071 69.5859 274.979 149.816 45.929 32.4775 174.055 19.9833 3.67156 1.52019 367.772 35.2412 12.094 99.3886 
90.0272 217.168 109.52 9.33482 198.306 480.487 308.181 191.924 69.0707 0 254.552 0.0422311 159.519 15.7944 2.52339 1.57105 44.2858 122.402 51.1419 16.4884 0.00550627 3.74258 4.32959 16.2522 68.0126 54.1771 27.4657 0.515922 
59.3025 178.647 67.7894 158.389 7.71344 118.743 366.989 372.225 54.0117 471.149 0 28.6318 253.047 3.17986 384.984 55.4029 40.2225 170.826 97.34 83.6356 9.36284 76.2865 122.247 127.208 53.133 22.9856 13.8682 75.02 
108.847 205.524 124.425 160.632 0.56166 72.718 144.222 1030.15 64.6112 206.344 346.339 0 0.473153 41.9914 134.618 285.077 17.6025 46.317 8.88411 14.2924 28.5019 75.1351 29.181 13.9417 4.05863 148.939 38.617 174.876 
0.624141 69.7066 63.4237 58.0048 110.453 115.076 9.36143 78.5038 42.6551 126.029 170.157 77.5459 0 147.619 82.2544 55.6364 31.3215 77.8479 73.149 6.48648 75.3827 0.135108 40.1895 7.97544 51.5281 11.2254 3.33628 7.91347 
53.7162 12.7173 13.5626 18.969 0.929863 17.2344 37.1838 45.544 131.577 55.9158 124.189 91.8181 54.2885 0 53.6303 17.7703 4.30056 50.3669 6.29759 4.70106 34.4282 2.53917 7.95698 7.08793 6.23264 12.5536 0.00980685 11.1767 
34.0382 30.7892 32.8599 36.4238 3.18845 23.1996 89.3099 22.9529 176.599 123.281 329.271 4.77177 110.804 60.998 0 60.2234 2.41512 12.7845 24.7135 4.69241 1.0457 4.90419 19.7424 27.8451 5.46404 15.8859 18.3197 0.281469 
74.4004 30.7469 9.03769 27.6287 15.3243 0.268587 59.177 8.1581 96.3093 71.3886 57.8162 221.071 13.0137 2.05509 87.2203 0 23.0669 19.5303 0.109169 8.0066 40.4241 11.3464 5.60239 25.6104 33.9561 5.29971 18.1513 18.9802 
302.447 270.851 10.1539 321.437 150.114 323.867 71.1439 1.75407 310.942 46.3271 76.9486 59.5651 0.17824 9.44938 29.6188 10.1023 0 87.6065 325.312 3.69091 59.1021 20.905 2.45458 2.66229 291.156 9.86884 0.766334 24.3674 
12.2659 108.059 101.655 70.3758 35.6474 25.5322 97.8228 181.28 51.9998 116.474 49.172 53.1561 87.0424 15.0565 47.6626 4.11085 6.2154 0 149.4 84.033 32.5624 21.1701 0.933497 39.1919 49.5308 8.28657 31.0314 0.643144 
82.8368 91.0964 58.7709 8.30934 280.206 39.7175 78.5362 0.0160901 5.90393 112.113 59.888 39.468 1.71624 8.34762 30.3732 18.4946 39.3003 141.434 0 2.60254 8.42772 1.05916 7.98792 5.62072 7.45816 0.00860945 10.0248 26.2795 
104.753 28.675 18.7613 44.1231 49.877 13.256 78.4498 102.366 55.9042 53.7516 18.6599 0.714381 22.3194 2.53439 8.49172 5.62912 30.0202 86.5646 18.4544 0 35.363 6.19163 0.793983 1.90905 1.52386 1.21032 0.188428 1.49363 
3.02517 24.675 100.422 167.921 57.7931 19.9331 11.3371 68.1027 174.769 12.3543 147.363 136.895 24.088 4.04172 2.05869 60.4711 68.4758 47.6949 64.2702 155.33 0 12.8204 23.7438 28.5926 1.46133 10.3435 29.7625 48.6195 
4.23652 3.13243 0.831884 6.46924 9.88482 0.064293 60.3643 33.231 17.8289 58.5196 33.3313 74.642 36.339 3.06002 12.1406 11.6805 10.3671 7.89531 0.500328 0.0685978 31.9302 0 0.381768 0.227179 15.2937 0.260165 11.6109 5.78768 
3.118 24.403 8.12288 0.00761456 15.3218 2.78082 1.29146 82.961 19.8033 4.74687 75.9149 51.3701 49.5252 7.14423 2.83766 3.33765 0.773893 4.76055 5.79574 0.601588 26.1372 0.348694 0 20.847 20.4247 7.00526 2.18679 0.59189 
11.6312 60.0403 1.19052 26.6285 32.1141 16.3481 63.5569 3.93093 45.5761 12.556 39.1322 76.615 22.4656 9.95487 17.1828 6.14229 19.2058 14.5882 1.58611 6.26107 45.01 10.061 0.257729 0 35.1637 0.667669 0.697862 0.1844 
329.934 289.028 25.934 312.489 1.46441 286.868 11.6029 189.079 310.315 69.4431 28.5611 913.412 12.3376 8.26674 7.48058 58.6078 275.928 45.8119 29.6565 13.1605 7.40532 66.3127 25.7425 14.0589 0 36.2138 38.2711 59.4659 
10.8141 10.025 27.4629 0.82814 59.4721 1.4723 92.5601 22.2994 103.849 0.632872 16.7671 186.291 54.6798 0.152445 23.407 9.34988 4.24194 9.09896 29.4894 7.76468 4.43854 3.60694 0.114247 2.62223 28.9796 0 37.573 19.86 
32.8328 1.45686 8.62751 0.671556 35.2247 2.51988 42.2496 42.8915 64.9018 31.6288 1.74163 115.546 8.88447 1.32866 15.8789 18.5926 22.4205 10.7865 0.177302 6.34922 0.0131873 11.7196 7.49774 2.21952 17.4266 26.4911 0 75.8016 
50.7826 9.7681 0.00316248 30.0242 43.0686 18.0395 16.9373 89.3436 99.6052 1.49561 2.48307 49.6916 31.7833 11.8456 8.82487 14.7651 19.2138 2.05953 1.20357 5.97836 33.468 8.61999 2.17942 2.11272 22.7466 8.83211 12.5472 0 
