0 247.996 178.277 222.75 230.492 274.392 236.122 3.92464 465.124 17.6617 193.776 12.4381 106.347 53.2073 3.45161 13.8374 320.008 122.646 103.696 110.117 174.789 6.5809 36.3199 55.0504 238.564 53.5664 0.824593 9.78349 
285.079 0 38.0583 397.8 12.1707 226.581 5.27538 38.0066 229.442 194.814 265.12 193.32 9.16022 59.6068 65.0049 44.4808 363.64 606.23 170.906 139.042 3.23138 0.422414 20.4058 16.1819 292.539 0.5957 5.46447 61.8106 
168.302 433.854 0 126.368 84.5187 9.72237 4.22958 111.635 292.16 92.9466 202.037 145.974 17.0781 1.77994 14.5812 21.3198 54.169 111.468 35.9926 27.6522 90.1724 12.6092 12.588 15.5447 20.6023 8.80107 8.49254 2.16582 
219.043 528.018 231.234 0 163.478 219.305 160.633 458.633 401.411 106.222 162.696 21.5861 72.3374 7.41531 34.5557 3.69595 237.331 6.75995 62.5028 44.5834 349.084 15.5595 13.5203 26.568 245.744 2.62885 20.4155 0.625198 
56.812 319.087 25.5288 0.00670068 0 392.54 111.984 13.5109 353.994 50.4415 63.4948 176.506 156.26 62.5472 90.6824 65.3055 123.12 196.387 279.9 28.2723 25.4379 0.675112 41.4843 32.7683 6.2187 10.2582 47.7925 54.7661 
229.281 357.586 53.4142 250.723 580.234 0 1605.9 87.8427 344.338 335.994 16.3821 11.6783 123.29 14.457 14.1222 22.5128 270.902 67.2069 88.7576 6.09355 54.0003 9.4011 13.3489 14.7168 218.934 4.61098 11.2555 5.19561 
267.206 10.114 248.324 1.55887 435.414 552.375 0 400.76 1209.33 206.318 265.861 1.38686 193.161 68.0265 114.517 26.5278 9.99971 122.206 130.426 35.1731 25.7748 59.4613 72.1253 0.229623 66.1775 29.4288 57.909 35.5274 
289.122 291.203 112.853 234.976 18.6395 79.9168 410.427 0 606.855 186.781 14.4646 919.611 74.3272 40.878 100.525 199.28 0.1575 165.228 49.3135 35.4129 6.56473 0.71077 35.241 36.9351 22.1444 212.784 2.42179 125.157 
283.925 500.585 461.44 395.597 15.2882 519.53 422.391 4.08427 0 9.49999 1575.71 333.019 13.2008 148.954 29.0653 68.1905 223.159 151.401 44.9389 33.1074 174.712 19.7223 3.92189 1.37254 315.398 34.2244 11.8435 99.3327 
88.8521 215.525 109.06 9.83037 203.209 472.962 296.657 190.506 64.5672 0 268.981 0.129496 153.737 15.2313 2.10869 1.36896 43.8437 123.121 50.2054 16.7636 0.000693097 3.5785 4.5272 16.5741 68.2007 53.6959 27.2782 0.463721 
60.6092 181.035 70.7387 160.171 6.91513 114.736 374.175 371.471 71.7538 458.875 0 24.8274 252.678 2.52173 389.236 52.7187 39.8137 170.734 96.6875 83.7949 9.77006 76.1546 121.606 127.453 54.289 24.1093 14.1708 74.3784 
106.899 206.475 126.297 157.219 0.697034 71.3581 147.097 1029.35 68.4785 204.532 338.185 0 0.369357 43.5205 130.296 299.668 17.8826 45.5652 8.62639 13.8957 27.7129 75.0368 28.3254 12.8271 8.99705 140.004 37.8677 175.185 
0.540165 68.7067 63.7364 57.6766 111.853 111.211 8.50056 79.378 41.2991 131.673 172.568 78.5585 0 148.742 81.0757 54.991 31.0601 78.2989 73.4706 6.36068 75.4862 0.0829282 39.3368 8.28791 51.3823 11.0046 3.2649 8.04676 
53.7464 13.0227 13.4739 18.8623 1.02007 17.361 36.472 44.5793 130.83 56.5995 121.351 90.0749 51.911 0 52.2547 17.5947 4.35801 50.4727 6.39194 4.70615 34.2774 2.47366 8.12226 7.20618 6.34245 12.5174 0.00726163 11.1459 
33.6406 31.4009 32.9658 36.5755 3.42 22.8213 87.9324 24.272 179.037 124.118 336.718 5.96905 110.139 61.4315 0 63.0024 2.47525 13.0443 24.8863 4.64335 1.11645 4.99611 20.0162 27.9094 5.27493 15.595 18.3694 0.251169 
74.113 30.237 8.85163 27.2446 14.9903 0.231427 59.9651 9.64003 97.6584 70.7151 55.0921 235.857 12.5265 1.86606 88.1058 0 23.1257 19.793 0.124664 8.04213 40.7375 11.3743 5.46597 25.9689 33.8631 5.61995 18.1903 18.8521 
251.447 219.111 9.88155 270.047 150.499 272.112 71.7484 1.87442 259.915 45.8864 76.6183 59.2389 0.151888 9.3778 29.5902 10.1916 0 91.6192 213.454 3.78702 58.9191 20.9195 2.49136 2.62112 239.492 9.77984 0.786737 24.3744 
11.2414 114.941 99.9062 69.0665 34.0794 26.3421 95.6687 181.362 53.4598 117.257 50.1146 52.3768 86.6478 15.2584 47.3541 3.9714 5.018 0 149.585 83.805 31.9966 21.2995 0.979412 39.3312 49.7118 8.10314 30.9075 0.683661 
83.5345 89.5387 58.5846 8.57271 282.563 38.8524 77.2341 0.00489065 6.32736 111.556 59.1357 39.9149 1.84691 8.24484 30.2252 18.3715 37.7506 141.988 0 2.51221 8.23726 1.02623 8.06396 5.68933 7.36445 0.0129613 10.0897 26.3037 
100.69 27.4942 18.9785 44.393 49.2129 13.1055 77.9479 101.807 55.2223 53.8779 18.2916 0.813846 22.496 2.51641 8.53665 5.67557 29.9203 86.4361 18.2773 0 41.1298 6.19772 0.783052 1.88656 1.5611 1.24425 0.179659 1.52214 
3.6426 25.6141 101.398 161.539 57.065 19.5633 11.8124 69.6225 175.41 12.0409 147.546 137.716 23.8171 4.14367 1.96297 60.5986 68.4792 47.0684 64.0772 146.327 0 12.7361 23.6047 28.7841 1.54669 10.5755 29.6278 48.5329 
4.15668 3.22523 0.809608 6.41369 10.0631 0.0534716 60.2491 33.4996 17.5772 58.6564 33.695 74.7516 37.0828 3.13026 12.0461 11.6609 10.3092 7.99633 0.47753 0.0722682 31.9015 0 0.432855 0.254483 15.313 0.247753 11.6363 5.82038 
3.02176 24.1505 8.18547 0.011982 15.1004 2.71471 1.40261 83.4746 20.3292 4.54486 77.0343 50.3681 48.6679 7.33566 3.05196 3.21679 0.752439 4.66307 5.72665 0.591809 26.0023 0.397656 0 20.7853 20.2607 7.06345 2.13714 0.613236 
11.8595 59.9385 1.14514 26.6194 32.3534 16.4018 63.8053 3.54663 44.9596 12.2637 38.19 74.4923 22.9224 10.0051 17.5121 5.69961 19.1708 14.4252 1.6265 6.25497 45.1034 9.96521 0.149843 0 35.7421 0.618069 0.654013 0.167451 
278.011 237.084 25.8326 260.809 1.37559 235.123 11.9856 188.42 259.585 69.5896 27.6165 208.383 12.1164 8.37988 7.26767 61.4451 224.413 46.0154 29.6993 13.1349 7.22655 60.5069 25.8514 15.625 0 38.9364 36.1612 42.9783 
11.1569 10.3483 27.4828 0.934094 59.2114 1.55147 92.9133 20.4589 102.79 0.540767 17.7502 195.583 54.6257 0.132826 23.1559 9.74049 4.17499 8.90814 29.4439 7.71081 4.28028 3.56834 0.101649 2.5291 29.2173 0 37.6459 20.8937 
32.6486 1.39379 8.70629 0.710007 35.0799 2.57025 42.4727 43.4434 65.1733 31.8078 1.62814 115.871 8.77706 1.35875 15.8039 18.6172 22.4169 10.6723 0.188666 6.38301 0.0087066 11.744 7.56498 2.14401 16.9246 26.8163 0 74.3222 
50.5721 9.56442 0.00103121 29.9137 42.8773 17.9524 16.6279 90.3233 99.5943 1.40651 2.28352 48.1189 31.6241 11.8578 8.68665 14.602 19.1569 2.13047 1.23849 6.02056 33.6554 8.59453 2.14244 2.16766 22.7992 8.08013 11.2935 0 
