0 137.387 173.324 120.548 234.688 177.451 232.107 5.67473 362.985 19.191 194.143 10.7282 106.709 53.0862 3.80056 13.0399 220.051 127.356 102.707 125.52 169.941 6.77535 35.991 54.8015 139.889 52.6306 0.92389 9.37546 
168.672 0 23.2616 310.247 6.35676 130.002 10.5688 33.9834 134.158 190.524 264.026 195.699 8.22033 59.012 63.769 45.541 265.168 724.077 171.446 139.834 3.99005 0.355705 19.9176 16.6962 193.506 0.440976 5.2294 61.5681 
173.514 448.968 0 154.375 89.3041 10.9827 6.67692 103.279 267.494 91.1804 197.109 142.617 17.8598 1.64329 15.1613 21.5866 53.9296 114.787 36.8471 27.64 92.3434 12.6121 12.5901 15.574 20.9223 9.17584 8.64989 2.30265 
121.561 425.531 272.191 0 163.737 120.201 156.412 177.253 313.221 105.907 159.179 17.8809 72.4841 7.67272 34.9291 3.26053 137.308 7.90449 62.4063 45.0851 584.752 15.6195 13.6999 26.5994 145.707 2.99898 20.1984 0.732515 
61.8759 296.874 28.9016 0.115611 0 400.694 99.047 15.244 354.982 43.4655 67.6936 175.854 158.131 63.0241 91.1985 65.8564 121.102 193.045 284.516 27.0648 24.2897 0.577385 41.0421 32.2906 5.86542 9.76411 47.6847 54.5889 
131.265 250.951 54.7771 152.689 259.94 0 905.472 92.7754 224 186.583 12.7516 10.2929 584.704 14.7493 14.8457 22.2116 171.088 65.2203 88.2455 5.83351 53.2198 9.60307 13.4864 14.5712 119.446 4.35419 11.4062 5.01951 
267.71 17.0494 246.767 2.57195 435.716 447.074 0 396.804 1136.41 229.538 282.568 0.701182 190.273 69.3593 112.226 27.9297 9.28324 117.831 128.43 36.4538 27.1289 59.1942 72.0076 0.326515 65.1442 30.7163 58.1046 34.7904 
285.542 289.847 121.324 199.302 20.6396 75.1177 410.166 0 621.517 189.718 18.1233 958.041 72.5752 42.7734 96.5782 192.248 0.237117 166.541 50.5303 36.9422 7.74063 0.605197 36.5027 34.8559 19.536 208.946 2.77545 124.029 
189.062 390.09 452.33 284.843 11.8567 396.278 313.621 0.864531 0 13.5349 770.737 324.94 11.6003 147.52 37.1188 65.4072 123.291 154.542 42.9776 34.3773 175.98 19.2032 4.44624 1.09961 214.384 32.2215 11.3493 99.2022 
86.4948 212.102 108.081 10.8559 212.91 453.76 273.36 187.596 55.9309 0 298.028 0.446748 142.226 14.1291 1.38937 1.006 42.9585 124.532 48.3409 17.3178 0.00482206 3.26062 4.93444 17.2239 68.5624 52.7246 26.9026 0.36761 
63.2465 185.76 76.7445 163.657 5.44591 106.784 388.072 369.646 111.637 433.275 0 17.9985 251.787 1.43216 396.503 47.4935 38.998 170.514 95.3691 84.1003 10.6087 75.8812 120.277 127.895 56.6148 26.4232 14.784 73.0862 
103.011 208.306 129.997 150.338 1.01138 68.6451 152.841 1021.06 76.4759 200.815 321.629 0 0.200253 46.6313 121.678 328.237 18.4473 44.072 8.12135 13.1165 26.1617 74.831 26.6417 10.7283 23.7584 122.541 36.3812 175.699 
0.390313 66.7105 64.3491 57.0125 114.633 104.487 6.8989 81.1241 38.6376 143.081 177.332 80.5846 0 150.767 78.69 53.6903 30.5378 79.1936 74.103 6.11211 75.687 0.0165662 37.6392 8.92836 51.0844 10.5679 3.12429 8.31586 
53.7997 13.642 13.2937 18.6458 1.21281 17.6105 35.0566 42.6643 129.279 57.9533 115.646 86.5797 47.2392 0 49.2579 17.2188 4.47376 50.6795 6.58209 4.71594 33.9737 2.34441 8.43206 7.43898 6.5631 12.4412 0.00331313 11.0828 
32.8461 32.6334 33.1634 36.8679 3.90645 22.0628 85.1584 27.0027 183.79 125.696 350.719 8.75369 108.74 61.937 0 68.3062 2.59755 13.5698 25.2305 4.54549 1.26481 5.18142 20.5482 28.0139 4.90469 15.0129 18.4668 0.195712 
73.5204 29.2231 8.48216 26.4708 14.3307 0.165345 61.5353 12.9573 100.335 69.346 49.7816 265.505 11.5754 1.51275 89.2944 0 23.2419 20.3211 0.158708 8.11229 41.3613 11.4283 5.19428 26.6375 33.6565 6.28234 18.2654 18.5911 
153.211 119.442 9.3457 171.012 151.212 172.346 72.95 2.12679 161.621 45.0037 75.9513 58.5837 0.105484 9.23484 29.5306 10.3707 0 99.783 346.911 3.9824 58.5487 20.9475 2.56562 2.5396 139.92 9.60237 0.828333 24.3871 
9.32011 126.427 96.3828 66.451 31.0334 27.9892 91.3834 181.482 56.4204 118.8 52.0159 50.8262 85.8496 15.6646 46.7336 3.69924 3.00211 0 149.9 83.3292 30.8748 21.5582 1.0745 39.6073 50.07 7.74151 30.6586 0.768381 
84.917 86.4205 58.1957 9.10983 286.881 37.1293 74.6313 0.00192915 7.21605 110.409 57.634 40.8109 2.1224 8.04036 29.9263 18.1248 34.639 143.045 0 2.33593 7.86186 0.961867 8.21658 5.82732 7.17835 0.0243217 10.2196 26.3507 
92.6283 25.19 19.4087 44.9072 47.8839 12.8038 76.9264 100.664 53.8575 54.1218 17.5629 1.03203 22.8492 2.48045 8.62595 5.76827 29.7173 86.1578 17.923 0 53.7555 6.20964 0.761363 1.8418 1.63676 1.31333 0.162743 1.57981 
5.04592 27.5349 103.31 148.27 55.6123 18.8308 12.7897 72.686 176.643 11.4248 147.885 139.333 23.2779 4.35101 1.77812 60.844 68.4797 45.8207 63.6854 128.524 0 12.5677 23.3259 29.1661 1.72452 11.0458 29.3574 48.3557 
3.99899 3.41461 0.765897 6.3029 10.4233 0.0348153 60.0117 34.0369 17.0771 58.9193 34.4236 74.9618 38.577 3.2721 11.8557 11.6196 10.1934 8.19993 0.433489 0.0798898 31.8429 0 0.544338 0.313609 15.3509 0.223806 11.6865 5.8857 
2.83355 23.6465 8.31003 0.023673 14.6606 2.58449 1.63841 84.4859 21.3965 4.15307 79.2644 48.3747 46.9511 7.70261 3.50043 2.97954 0.7104 4.47074 5.58928 0.57245 25.7315 0.504909 0 20.575 19.9239 7.17903 2.03923 0.656986 
12.3212 59.7274 1.05684 26.595 32.8308 16.5069 64.2921 2.83595 43.7295 11.6867 36.3257 70.2775 23.8429 10.0969 18.1645 4.8528 19.0998 14.1008 1.70868 6.2422 45.2861 9.77167 0.0210875 0 36.8675 0.524411 0.570451 0.135968 
177.91 136.959 25.6242 161.192 1.20618 135.388 12.7664 186.973 161.893 69.8673 25.7645 910.403 11.6783 8.60616 6.84828 66.476 125.138 46.4196 29.7826 13.0823 6.87468 48.2051 26.057 18.8619 0 49.3767 54.9447 15.2037 
11.8555 11.0081 27.5139 1.16464 58.6828 1.71564 93.5939 16.9942 100.647 0.378147 19.7897 214.171 54.5094 0.0976051 22.6453 10.5351 4.04245 8.53157 29.3507 7.60266 3.97182 3.49147 0.0786391 2.34703 29.6848 0 37.7719 22.9996 
32.2789 1.27177 8.86396 0.790027 34.7891 2.67225 42.9164 44.5497 65.7107 32.1642 1.41241 116.491 8.56364 1.41981 15.6523 18.6631 22.4089 10.4452 0.212461 6.45048 0.00252551 11.7921 7.69921 1.99642 15.954 27.4583 0 71.2303 
50.1459 9.16232 0.000260782 29.6873 42.4919 17.7767 16.0148 92.2668 99.5537 1.23631 1.90899 45.0222 31.3041 11.8803 8.41153 14.2737 19.0423 2.27592 1.30977 6.10492 34.0285 8.54322 2.06919 2.27925 22.9097 6.66353 8.96025 0 
