0 112.851 172.043 97.9417 235.705 155.931 231.071 6.16143 340.136 19.5817 194.222 10.3194 106.796 53.0544 3.89027 12.8436 197.77 128.532 102.456 129.253 168.715 6.82431 35.9083 54.7377 117.935 52.3954 0.949581 9.2746 
142.639 0 20.0984 291.042 5.19218 108.635 12.17 33.0081 113.15 189.429 263.724 196.281 7.99274 58.8615 63.4582 45.8056 243.252 453.043 171.563 140.013 4.19188 0.339924 19.7959 16.8256 171.459 0.405906 5.17134 61.5061 
174.776 452.214 0 161.364 90.5031 11.3073 7.37298 101.21 261.265 90.7305 195.842 141.764 18.0572 1.60989 15.3068 21.6519 53.8671 115.607 37.0599 27.6345 92.8798 12.6126 12.5902 15.5808 21.0016 9.27015 8.68924 2.33743 
100.135 402.482 284.454 0 163.781 98.1476 155.335 76.5589 293.868 105.819 158.284 17.0052 72.518 7.7374 35.0205 3.15561 115.017 8.204 62.3792 45.2051 769.276 15.6343 13.7445 26.6059 123.411 3.09514 20.1438 0.760647 
63.1653 291.278 29.7717 0.163659 0 402.775 95.8996 15.6925 355.159 41.7903 68.7573 175.682 158.588 63.1412 91.3228 65.992 120.59 192.192 285.587 26.7652 24.0057 0.554137 40.9309 32.1709 5.77859 9.6422 47.6571 54.5436 
109.487 226.998 55.1088 130.894 554.74 0 1111.03 94.0139 196.84 345.023 11.9114 9.95928 505.385 14.8219 15.0279 22.1351 148.846 64.7229 88.1074 5.76911 53.0234 9.65355 13.5204 14.5345 97.2882 4.29095 11.4438 4.97583 
267.793 19.0551 246.291 2.86423 435.628 421.126 0 395.713 1115.48 235.383 286.72 0.565862 189.531 69.6896 111.643 28.2837 9.10781 116.737 127.922 36.7753 27.4715 59.126 71.9753 0.353383 64.8841 31.0409 58.1524 34.6062 
284.603 289.469 123.453 191.133 21.154 73.929 409.993 0 624.86 190.437 19.0993 966.47 72.1373 43.2504 95.5904 190.451 0.259555 166.861 50.835 37.3272 8.04919 0.580094 36.8196 34.3424 18.9066 207.944 2.86754 123.739 
168.075 365.142 449.67 259.866 11.0643 368.104 288.113 0.430962 0 14.6511 1185.02 322.867 11.2152 147.145 40.4524 64.7141 101.041 155.321 42.4916 34.6967 176.287 19.0742 4.58232 1.03602 191.84 31.7274 11.2271 99.1657 
85.9044 211.218 107.825 11.1193 215.31 448.119 267.504 186.853 53.8515 0 305.308 0.55578 139.364 13.8588 1.23263 0.923853 42.7372 124.879 47.877 17.4572 0.00871999 3.18333 5.03874 17.3874 68.6498 52.48 26.8086 0.345321 
63.9106 186.93 78.2667 164.512 5.10534 104.811 391.441 369.124 122.216 426.674 0 16.4562 251.532 1.20735 398.055 46.2185 38.7946 170.451 95.0368 84.174 10.8234 75.811 119.936 127.996 57.1991 27.0152 14.9389 72.7615 
102.041 208.748 130.912 148.608 1.09909 67.9692 154.275 1017.6 78.5286 199.867 317.443 0 0.166004 47.4192 119.532 335.217 18.5895 43.701 7.99725 12.9247 25.7796 74.7777 26.2267 10.231 28.2637 118.271 36.0121 175.806 
0.356625 66.2123 64.4995 56.8449 115.324 103.036 6.52374 81.5601 37.9824 145.951 178.51 81.0908 0 151.227 78.0879 53.3633 30.4073 79.416 74.259 6.0506 75.7359 0.0078992 37.2163 9.09166 51.0086 10.4598 3.08959 8.38372 
53.8116 13.7986 13.2481 18.5911 1.26357 17.672 34.7046 42.1889 128.88 58.2888 114.214 85.7049 46.0909 0 48.4617 17.1198 4.50288 50.7301 6.62995 4.71831 33.8973 2.31249 8.50492 7.49636 6.61846 12.4214 0.00256545 11.0667 
32.6478 32.9434 33.2099 36.9388 4.0329 21.8729 84.4611 27.7043 184.952 126.069 354.02 9.53007 108.376 61.9873 0 69.57 2.62857 13.7024 25.3162 4.52108 1.30329 5.22805 20.6779 28.0349 4.81384 14.8675 18.4907 0.182922 
73.3685 28.9709 8.39036 26.2762 14.1675 0.150554 61.9264 13.859 100.999 68.9988 48.4842 272.891 11.3424 1.42974 89.468 0 23.2707 20.4537 0.167862 8.12964 41.5166 11.4415 5.12667 26.7943 33.6005 6.45228 18.2835 18.5248 
131.367 97.2497 9.21357 148.965 151.378 150.116 73.2491 2.19233 139.762 44.7829 75.7833 58.4194 0.0952006 9.19915 29.5152 10.4156 0 101.85 427.702 4.03192 58.4552 20.9543 2.58434 2.51941 117.74 9.55811 0.838889 24.39 
8.86681 128.795 95.4971 65.7986 30.2901 28.4066 90.3178 181.503 57.1691 119.181 52.4942 50.4403 85.648 15.7668 46.5779 3.63261 2.57796 0 149.967 83.2061 30.5964 21.6229 1.09893 39.6758 50.1587 7.65221 30.5963 0.790304 
85.2599 85.6411 58.095 9.24621 287.876 36.7004 73.9812 0.00523825 7.44687 110.115 57.2588 41.0355 2.19418 7.9895 29.851 18.063 33.8638 143.299 0 2.2928 7.76922 0.946102 8.25484 5.86199 7.13211 0.0277163 10.2521 26.3621 
90.63 24.6263 19.5152 45.0304 47.5513 12.7284 76.6674 100.374 53.5163 54.181 17.3824 1.09058 22.9374 2.47146 8.64816 5.7914 29.6659 86.0839 17.8345 0 57.1269 6.21256 0.75598 1.83068 1.65591 1.33086 0.158642 1.59437 
5.43172 28.0242 103.779 144.922 55.2497 18.649 13.0394 73.4573 176.941 11.273 147.964 139.732 23.1437 4.40357 1.73331 60.9034 68.4785 45.5099 63.5863 124.134 0 12.5257 23.2561 29.2614 1.77039 11.1645 29.2896 48.3106 
3.96 3.46274 0.755148 6.27524 10.5141 0.0307713 59.9508 34.1713 16.9529 58.9827 34.6061 75.0125 38.9518 3.30786 11.8078 11.6088 10.1645 8.25111 0.422809 0.0818548 31.8279 0 0.574132 0.329325 15.3602 0.218 11.6989 5.90202 
2.78735 23.5208 8.34104 0.0272134 14.5513 2.55235 1.70014 84.7354 21.6664 4.05764 79.8197 47.8789 46.521 7.79072 3.6166 2.92121 0.700065 4.42324 5.5551 0.567652 25.6637 0.533668 0 20.5045 19.8379 7.20777 2.01505 0.668148 
12.4376 59.6729 1.03529 26.5876 32.9501 16.5326 64.4117 2.67046 43.4224 11.544 35.8642 69.2312 24.0745 10.118 18.3262 4.64957 19.0819 14.0201 1.72951 6.23889 45.3308 9.72294 0.007169 0 37.1419 0.502165 0.550427 0.128604 
155.597 114.642 25.5709 138.999 1.16556 113.167 12.965 186.584 140.186 69.9335 25.3094 684.599 11.5697 8.66269 6.74483 67.5669 103.033 46.5199 29.803 13.0689 6.78784 45.115 26.1057 19.6864 0 52.8705 63.7884 10.1379 
12.0328 11.1757 27.5199 1.22616 58.5491 1.75788 93.7587 16.1745 100.105 0.342021 20.3146 218.807 54.4786 0.0896377 22.5161 10.7363 4.00955 8.43849 29.3268 7.57553 3.89637 3.47231 0.0733447 2.30241 29.7999 0 37.7994 23.5331 
32.1862 1.24211 8.9034 0.810663 34.7161 2.698 43.0268 44.8267 65.8437 32.253 1.36077 116.64 8.51064 1.43526 15.6141 18.6739 22.4068 10.3887 0.218625 6.46734 0.00155913 11.804 7.73271 1.96023 15.7185 27.617 0 70.4313 
50.0383 9.06294 0.000796246 29.6296 42.3951 17.7324 15.8628 92.7494 99.5397 1.19542 1.82051 44.2586 31.2238 11.8856 8.34304 14.1912 19.0135 2.31301 1.32788 6.12601 34.1215 8.53031 2.05103 2.3075 22.9386 6.32822 8.41444 0 
