0 9.56921 163.33 5.43105 241.996 68.2134 224.048 9.80032 243.509 22.2033 194.612 7.84861 107.325 52.834 4.4973 11.5968 105.057 136.144 100.772 151.554 160.612 7.14598 35.3652 54.3081 27.3958 50.8548 1.12499 8.62974 
29.2238 0 5.0633 217.976 0.485294 22.5033 25.231 26.9764 29.7011 182.125 261.471 199.932 6.58802 57.8659 61.4217 47.523 152.84 765.446 172.157 140.995 5.62175 0.245985 19.0096 17.674 80.2773 0.213209 4.80113 61.0891 
182.546 467.81 0 205.144 98.3017 13.5068 12.7044 87.9999 220.535 87.7314 187.28 136.096 19.357 1.40029 16.2545 22.0628 53.4352 120.831 38.436 27.5748 96.3 12.6141 12.5867 15.6189 21.5103 9.88871 8.94557 2.5691 
15.238 303.486 366.828 0 163.863 7.03077 148.138 146.829 219.961 105.168 152.316 11.8184 72.7115 8.16116 35.5943 2.51237 22.2807 10.2758 62.1747 45.9309 348.707 15.7284 14.0321 26.636 30.6284 3.75349 19.7859 0.956018 
71.7666 254.753 35.6753 0.678395 0 414.979 76.3782 18.7519 355.618 31.6072 75.7941 174.481 161.445 63.8819 92.0828 66.8515 117.195 186.495 291.719 24.8443 22.1927 0.414552 40.2022 31.3917 5.22836 8.8656 47.4719 54.2396 
20.191 123.4 57.1723 41.3743 263.267 0 812.806 102.102 74.7999 62.593 7.12488 7.9168 368.625 15.2891 16.2231 21.628 56.3999 61.4877 87.1134 5.35654 51.7374 9.98235 13.7374 14.2919 5.4249 3.88912 11.6879 4.69526 
267.92 34.6596 242.361 5.13851 433.464 264.172 0 387.648 957.43 273.49 313.328 0.0394156 184.519 71.8057 107.758 30.6182 8.00541 109.632 124.542 38.8769 29.7384 58.6687 71.7371 0.553758 63.1754 33.1705 58.452 33.4109 
278.086 286.635 137.356 148.555 24.6334 66.3167 407.807 0 643.304 194.955 26.0247 1008.92 69.2935 46.3814 89.1648 178.426 0.430001 168.867 52.8205 39.8556 10.1947 0.429933 38.894 31.068 15.0435 201.025 3.50146 121.774 
83.95 254.837 428.82 149.721 6.56687 236.76 143.74 1.25301 0 22.9258 1284.46 308.921 8.86337 144.555 69.6865 60.232 8.59947 160.311 39.3754 36.7909 178.183 18.2418 5.51373 0.668613 97.4145 28.5839 10.4464 98.8902 
82.0566 205.216 106.039 12.8989 230.616 403.825 229.409 181.883 41.1678 0 352.395 1.55286 120.995 12.1534 0.441407 0.474722 41.2982 127.08 44.8806 18.3702 0.0619996 2.70245 5.74086 18.4618 69.1875 50.8741 26.1964 0.217316 
68.267 194.412 88.3372 169.893 3.156 92.1786 412.217 365.097 192.15 382.196 0 8.07962 249.566 0.212528 405.496 38.2583 37.4763 169.966 92.8524 84.6255 12.2665 75.3346 117.622 128.551 61.0222 30.9886 15.961 70.6344 
95.7605 211.475 136.756 137.292 1.75683 63.5963 163.557 982.033 92.3546 193.528 289.897 0 0.0215647 52.6334 105.71 378.4 19.5233 41.3129 7.21207 11.7071 23.3526 74.413 23.5893 7.27303 61.3649 91.7122 33.6407 176.288 
0.174671 62.9834 65.4509 55.7404 119.773 96.0628 4.33463 84.387 33.8339 164.724 186.037 84.3804 0 153.753 74.1274 51.2202 29.5598 80.8451 75.2501 5.65726 76.0409 0.0288919 34.4878 10.1835 50.5031 9.76752 2.86829 8.82971 
53.8739 14.8324 12.9463 18.2294 1.6182 18.0639 32.4369 39.1316 126.172 60.4393 104.891 80.0157 38.8395 0 42.9032 16.43 4.69384 51.0491 6.9437 4.7329 33.3966 2.10902 8.93044 7.86052 6.98015 12.2851 3.27131e-05 10.9587 
31.361 34.9746 33.4827 37.3768 4.90141 20.6376 79.9009 32.4412 192.221 128.291 373.382 15.3417 105.879 61.5695 0 77.0526 2.83403 14.5761 25.8701 4.3631 1.56722 5.53408 21.4851 28.1225 4.24062 13.9241 18.6412 0.110231 
72.3463 27.3448 7.80001 25.0022 13.1247 0.07121 64.4537 20.4072 105.261 66.7017 40.368 320.08 9.87835 0.943598 89.3788 0 23.4545 21.3206 0.23357 8.24049 42.5193 11.5229 4.69076 27.7056 33.1956 7.59781 18.3948 18.0845 
41.547 5.268 8.37354 57.7913 152.338 57.7462 75.177 2.64189 49.8353 43.3455 74.6783 57.3454 0.0411937 8.96767 29.4105 10.7078 0 115.496 425.117 4.36017 57.8386 20.9968 2.70734 2.38981 25.7185 9.27167 0.909082 24.4067 
6.18701 139.322 89.7043 61.5729 25.6526 31.171 83.4506 181.545 62.1087 121.606 55.6329 47.951 84.3203 16.4348 45.5579 3.21341 0.604322 0 150.289 82.3666 28.8078 22.0433 1.2643 40.1161 50.7272 7.08269 30.189 0.940294 
87.4584 80.577 57.408 10.153 293.5 33.9333 69.7654 0.0662446 9.03099 108.133 54.8287 42.4993 2.68891 7.66111 29.356 17.6603 28.9511 144.845 0 2.02161 7.17888 0.846613 8.50445 6.0891 6.83392 0.0551646 10.4638 26.4333 
77.87 21.088 20.1976 45.7772 45.3917 12.2374 74.9501 98.4325 51.2984 54.5471 16.2268 1.50995 23.5102 2.41298 8.79121 5.94108 29.3256 85.5605 17.2592 0 80.887 6.23099 0.721337 1.75877 1.78277 1.44726 0.133251 1.69039 
8.27475 31.2877 106.738 124.077 52.9024 17.483 14.7155 78.5103 178.779 10.3078 148.423 142.269 22.2765 4.75187 1.45549 61.2701 68.4585 43.5002 62.9312 96.5049 0 12.2531 22.8014 29.8786 2.08306 11.9489 28.8473 48.009 
3.71065 3.78316 0.687022 6.09622 11.1118 0.0105719 59.541 35.0439 16.153 59.3726 35.7944 75.3233 41.3974 3.5428 11.4943 11.5352 9.97649 8.58678 0.356577 0.0952026 31.7283 0 0.786196 0.440665 15.4196 0.182128 11.778 6.00792 
2.49592 22.7059 8.54118 0.0562025 13.8475 2.34741 2.12855 86.3213 23.4508 3.46281 83.4054 44.6813 43.7281 8.32409 4.4092 2.55205 0.634714 4.11995 5.33478 0.536886 25.2209 0.739039 0 19.8766 19.2621 7.39266 1.86078 0.742782 
13.2038 59.3041 0.900214 26.527 33.7226 16.6952 65.1684 1.71399 41.4341 10.6337 32.9094 62.5169 25.592 10.2371 19.361 3.41813 18.9635 13.4986 1.8678 6.21629 45.6132 9.40244 0.0953991 0 38.8519 0.368982 0.428755 0.0857097 
62.694 21.7507 25.2132 46.8627 0.918097 20.8809 14.2857 183.802 51.2661 70.333 22.4306 502.141 10.873 9.02968 6.08675 72.589 11.5023 47.1654 29.931 12.9789 6.23563 26.9688 26.397 25.088 0 80.5577 138.615 3.33552 
13.2118 12.2912 27.5411 1.66316 57.6665 2.04406 94.776 11.3098 96.542 0.151196 23.8676 248.568 54.2625 0.0460877 21.6614 12.0667 3.79869 7.84406 29.1671 7.39845 3.42255 3.34853 0.0434011 2.02121 30.5315 0 37.9376 27.0553 
31.5818 1.0577 9.16021 0.951193 34.2391 2.86798 43.7395 46.6311 66.6964 32.8267 1.04857 117.547 8.16868 1.53737 15.3628 18.7372 22.391 10.024 0.260841 6.57659 0.000929408 11.8795 7.94983 1.73231 14.26 28.6296 0 65.0156 
49.3292 8.4281 0.0113731 29.2442 41.7606 17.4414 14.888 95.8476 99.4099 0.946231 1.29583 39.4041 30.6985 11.9159 7.90111 13.6514 18.8252 2.56092 1.44848 6.2629 34.7228 8.44565 1.93442 2.49453 23.1383 4.3409 5.25362 0 
