0 493.15 115.217 493.501 263.483 527.085 184.614 37.7841 654.372 36.4595 193.483 0.668986 108.986 51.4522 7.93924 6.42311 539.243 170.88 91.7267 187.879 120.03 8.75723 32.6644 51.9122 473.147 43.3017 2.15882 5.83263 
462.336 0 69.1133 730.114 45.7568 501.67 141.658 6.21536 529.285 143.703 244.242 213.974 1.71549 52.7414 51.4318 55.5468 596.27 611.906 170.901 141.213 15.1442 0.00639937 15.3817 21.877 522.118 0.141204 3.21034 58.7815 
207.398 406.364 0 281.538 134.205 25.6588 55.1004 34.1565 52.7483 71.9657 140.623 106.833 25.9122 0.590793 20.7568 23.6657 50.7876 142.548 44.7299 26.7276 110.696 12.574 12.4714 15.6628 23.7472 12.9332 10.1721 3.79928 
533.744 681.045 207.487 0 159.452 451.672 110.46 313.756 732.804 100.126 121.103 0.00976701 72.9865 10.2413 37.8203 0.429815 457.543 22.9545 60.5287 48.0256 339.322 16.1277 15.3351 26.4805 465.355 7.63951 18.0152 2.1792 
116.632 95.0551 68.5742 7.85389 0 333.692 11.5194 36.5614 341.544 2.11465 111.631 166.793 172.208 66.8968 94.5434 70.4084 99.6521 156.213 299.888 16.3935 14.3723 0.0265917 36.6012 27.6522 2.9605 5.56212 46.449 52.5673 
474.101 508.704 64.4384 491.419 605.252 0 245.053 140.298 444.888 67.731 1.24016 1.33719 540.61 17.3764 22.0756 18.9931 492.345 46.229 80.1969 3.55274 45.4025 11.5483 14.6755 13.0576 444.873 2.21279 12.8366 3.44521 
258.725 160.113 205.505 24.3909 387.01 161.72 0 328.379 120.499 435.188 422.73 5.92935 156.718 81.0373 87.423 42.3766 3.67744 76.5768 106.788 49.0651 41.3916 56.1687 69.9426 2.11432 54.6881 43.7269 59.6135 27.7812 
238.211 264.601 201.384 120.736 44.2138 33.9517 373.241 0 647.036 212.435 71.6263 897.456 55.9011 61.7857 59.2773 116.439 1.82488 176.494 62.3385 52.3657 23.5994 0.0222316 49.0186 17.2466 2.50482 160.042 7.34387 110.66 
562.512 603.46 266.293 509.09 1.24699 508.395 180.468 87.8202 0 83.9612 1078.67 233.86 1.39155 128.939 29.5806 39.9132 445.859 182.12 25.7117 47.1083 184.773 14.449 11.0345 0.0196306 523.644 15.4529 7.06424 96.6835 
63.7443 171.297 94.9773 22.8432 292.789 106.224 69.5512 155.261 3.3785 0 541.572 13.0145 45.1554 5.39848 2.14394 0.375751 34.478 136.131 31.301 22.8688 0.979456 0.937178 9.62717 23.8027 71.0135 42.9216 23.2624 0.0130481 
89.7659 226.454 138.402 190.754 0.292986 39.5082 478.354 331.65 443.297 162.969 0 9.00112 233.12 6.61365 376.514 9.68496 31.3198 165.864 81.9307 86.1228 20.2383 72.6173 104.61 128.828 79.5338 52.4917 21.1754 60.2012 
66.919 220.733 161.433 84.0508 6.95435 43.6529 205.894 572.942 167.059 159.843 159.225 0 1.19876 79.0337 46.6986 494.773 24.1895 30.5569 3.99527 6.64779 13.2387 72.2484 12.6292 0.0696905 76.3207 7.65491 23.0967 173.526 
0.191624 47.9911 69.3103 50.1556 139.625 107.82 0.0365652 97.591 16.9154 250.332 217.901 99.8644 0 154.294 54.6261 40.7608 25.5546 87.2649 79.4193 3.94117 77.1872 1.9586 22.2215 16.0494 47.8019 6.7358 1.91908 11.071 
53.8226 20.1138 11.3963 16.3792 3.88708 19.7149 22.2468 25.5747 110.89 69.7891 61.8319 53.55 11.3596 0 14.0136 12.2659 5.64267 52.3199 8.50181 4.78334 30.916 1.24486 9.62331 9.32843 8.72845 11.4655 0.0434696 10.3706 
25.3334 44.9504 34.0695 38.906 10.1069 14.8334 57.9865 58.5848 218.996 133.67 406.353 59.2208 91.1801 43.8902 0 88.1067 3.90676 18.9971 28.4192 3.62771 3.14589 7.04948 24.3496 27.3629 1.95704 9.56421 19.246 0.0157374 
66.6861 19.9782 5.17339 18.8322 8.60945 0.0972162 75.9713 65.7898 123.911 54.9494 10.8422 480.916 4.17597 0.0155068 63.0055 0 24.2553 25.558 0.693467 8.72058 47.1095 11.8177 2.75798 29.224 30.3345 13.7841 18.7687 15.7867 
490.78 446.669 4.84885 499.816 154.036 494.022 83.937 5.33782 498.414 36.4998 69.1324 52.1125 0.0904564 7.87846 28.8008 12.1159 0 181.986 295.179 6.07052 54.6996 21.1542 3.32599 1.81364 464.116 7.93731 1.28063 24.4291 
0.0148293 171.03 62.0221 42.1998 8.49385 45.3739 52.8328 179.565 87.1185 131.861 71.1563 36.6023 77.5911 19.7177 40.5624 1.55522 10.0078 0 149.113 77.4622 20.833 24.0403 2.20581 42.0865 53.2334 4.63905 28.2096 1.82961 
97.1417 56.994 53.3925 14.9174 299.086 21.5312 50.2262 1.29427 18.4794 97.1749 43.4914 49.552 5.70339 6.1576 26.875 15.7215 18.1718 149.649 0 0.954321 4.65734 0.446394 9.71386 7.20912 5.47767 0.314054 11.4795 26.6989 
27.024 7.62196 23.1547 47.98 35.2299 9.90794 66.0466 88.1033 40.8351 55.8484 11.1611 4.41633 26.2166 2.13459 9.44124 6.63736 27.5625 82.0777 14.5394 0 216.004 6.30548 0.565253 1.42898 2.44048 2.05807 0.0424029 2.17915 
29.3683 48.6357 118.424 101.544 41.9965 12.3163 23.8875 103.275 185.078 6.24796 149.275 152.972 18.2877 6.569 0.459887 62.5465 68.066 34.2442 59.554 7.16785 0 10.9715 20.6174 32.7579 3.90518 15.9535 26.7002 46.3806 
2.62394 5.48689 0.404552 5.25932 14.126 0.059293 57.2569 39.1839 12.5353 60.6882 41.4888 76.36 53.091 4.71101 9.95347 11.0934 9.08371 10.2537 0.117703 0.172407 31.1917 0 2.2061 1.18052 15.6826 0.0549936 12.1188 6.50811 
1.31896 18.8993 9.45653 0.336126 10.6641 1.47314 4.79921 92.9836 32.5781 1.2529 99.6337 30.2869 30.6845 9.66581 8.91082 1.08071 0.365969 2.80985 4.32911 0.40046 23.0756 2.13055 0 13.5873 16.1817 8.22431 1.1992 1.14743 
17.0647 57.1874 0.38116 25.9444 37.3375 17.3477 68.2565 0.0625218 32.1976 6.72293 20.1146 33.5318 33.0428 10.3581 23.7477 0.0948183 18.357 11.1005 2.5928 6.08241 46.7489 7.81167 4.42882 0 44.8365 0.0145628 0.0558455 0.000492342 
496.587 456.433 23.2568 484.14 0.141783 458.04 21.2578 164.863 504.926 71.4782 10.8096 262.21 7.7893 10.748 3.33413 41.7064 452.319 50.0718 30.4346 12.4864 3.89642 58.9552 27.1687 44.3425 0 73.446 67.0111 67.591 
19.4011 18.1801 27.2219 4.59304 53.1491 3.67159 98.2985 0.023459 78.7215 0.299032 43.7805 364.429 52.8507 0.0361675 17.3242 18.6742 2.86066 5.27354 28.2908 6.53965 1.5701 2.77663 0.00816794 0.910412 33.5428 0 37.6354 43.9008 
28.657 0.379775 10.3869 1.76758 31.9082 3.73607 47.0038 55.2607 70.4499 35.4745 0.11659 120.372 6.61227 2.06355 14.0992 18.878 22.2755 8.35137 0.51254 7.09098 0.132486 12.2032 8.96383 0.826804 9.15642 32.9101 0 36.5514 
45.7276 5.68013 0.230273 27.1745 38.625 15.9843 10.5762 109.542 97.885 0.155676 0.0162667 19.3888 28.1274 11.9702 5.88732 11.0263 17.8969 3.90486 2.09055 6.91048 37.5052 8.02461 1.41606 3.46125 24.4287 0.00198255 0.489867 0 
