0 403.405 101.95 392.383 266.533 406.374 173.23 47.5738 520.137 40.5464 192.395 0.0913856 109.18 51.0093 8.96613 5.31241 412.077 179.16 89.15 186.424 109.406 9.19244 31.9412 51.2052 349.257 41.3195 2.47749 5.18988 
361.294 0 116.865 616.775 74.0222 389.027 182.301 3.17781 423.706 133.18 238.174 216.626 0.965392 51.3302 48.8145 57.5488 470.991 515.74 169.489 140.071 18.2854 0.000754046 14.4837 22.9966 397.001 0.350085 2.84832 58.1039 
210.071 359.06 0 252.892 142.679 29.0824 69.6679 23.7034 25.5143 67.619 127.672 98.9325 27.6797 0.435684 21.8885 23.9763 49.9547 147.092 46.2582 26.3627 113.798 12.5511 12.4154 15.637 24.2668 13.7319 10.4882 4.14792 
437.651 533.87 208.391 0 157.06 327.91 100.289 908.318 621.324 98.332 112.576 0.592008 72.883 10.7884 38.2488 0.170375 330.968 26.8987 59.9287 48.183 450.295 16.217 15.6503 26.3606 338.567 8.82085 17.5439 2.57001 
128.801 63.1744 77.9297 10.9162 0 275.241 3.83741 41.9353 333.723 0.127121 121.254 164.308 174.164 67.5291 94.8577 71.1723 94.8496 147.765 296.192 14.4347 12.5945 0.00150705 35.6435 26.6862 2.47445 4.82328 46.1483 52.078 
352.831 370.699 65.5286 368.414 764.446 0 272.027 149.66 324.923 305.375 4.36113 0.524391 227.765 17.8694 23.5898 18.2654 365.757 42.4124 77.8772 3.13652 43.7283 11.949 14.8894 12.7208 319.375 1.84971 13.1277 3.14828 
253.813 201.952 191.942 31.3833 366.405 312.243 0 308.465 19.6827 464.993 443.778 9.65665 148.708 83.1484 81.8447 45.5258 2.8211 68.4898 101.86 51.7007 44.5923 55.4421 69.3072 2.67586 52.4323 46.5182 59.8401 26.3583 
225.966 256.812 216.122 89.0049 49.974 26.9893 358.408 0 625.32 215.748 86.2658 794.214 52.5266 65.8131 52.0279 100.365 2.3389 177.919 64.7874 55.6674 27.8481 0.000331365 51.6612 14.238 0.960926 147.908 8.54629 107.373 
447.409 455.213 216.198 366.631 4.26395 353.529 376.097 129.308 0 104.389 582.024 213.152 0.506289 124.174 1.27649 35.0842 319.953 187.112 22.5581 49.8269 185.791 13.5226 12.731 0.150088 394.518 12.6325 6.28778 95.8797 
59.109 161.436 91.5197 25.7505 304.856 46.2285 40.6226 147.77 0.395683 0 572.563 17.6869 30.4963 4.06352 4.03344 0.898933 32.7436 138.049 28.0483 24.0585 1.39261 0.627662 10.7628 25.2245 71.2813 40.8195 22.5049 0.0697131 
95.4212 233.526 151.17 194.671 1.29865 28.8269 485.086 319.566 532.405 114.187 0 20.1717 227.108 11.1654 353.01 5.24446 29.7747 164.337 79.0055 86.33 22.569 71.8009 100.793 128.263 84.291 58.5714 22.6032 57.4624 
59.9348 222.073 166.734 71.2429 8.83231 38.8633 215.972 437.453 187.736 150.471 128.437 0 1.99965 86.0344 34.4441 492.94 25.4451 27.9749 3.31187 5.55566 11.0511 71.5791 10.2892 0.135684 62.7775 0.836318 20.6168 171.475 
0.4334 44.2832 70.1129 48.6425 144.283 111.207 0.607289 100.889 13.4048 269.385 224.792 103.758 0 151.338 49.597 38.0492 24.5358 88.8037 80.3363 3.54339 77.3989 2.93716 19.3394 17.7184 47.0316 6.03159 1.70338 11.6775 
53.7159 21.5584 10.972 15.8731 4.62235 20.0763 19.8292 22.4164 106.406 71.9056 51.6925 47.1214 6.71193 0 8.09789 11.0403 5.897 52.579 8.9185 4.79115 30.254 1.0537 9.41695 9.61833 9.17964 11.2118 0.0695224 10.2003 
23.8213 47.567 34.026 39.1443 11.718 13.3957 52.453 66.0566 223.461 133.6 397.587 74.0408 86.764 36.4726 0 83.4497 4.2074 20.1983 29.0479 3.44381 3.63667 7.45165 24.7865 26.8597 1.49973 8.50597 19.3706 0.0592871 
65.0338 18.2034 4.55843 17.2553 7.57765 0.212323 78.748 80.4417 128.152 51.7719 6.114 494.294 3.07622 0.167159 51.5277 0 24.4409 26.6723 0.850904 8.83058 48.2331 11.868 2.31623 28.8172 29.369 15.4937 18.8223 15.1505 
367.79 322.341 4.07943 374.785 153.693 367.51 86.0585 6.17744 375.224 34.7501 67.6348 50.7388 0.185453 7.60223 28.6145 12.4818 0 198.37 545.297 6.54811 53.8399 21.1827 3.49382 1.6766 338.268 7.60268 1.38621 24.4195 
0.241544 207.418 55.1211 37.5283 5.51123 49.2425 45.7069 178.474 93.846 134.122 75.2677 33.8393 75.7599 20.5863 39.2468 1.2214 17.3151 0 148.087 75.9705 18.9404 24.5522 2.48888 42.5583 53.822 4.08518 27.6901 2.105 
99.3929 51.2078 52.1732 16.2513 294.73 18.6317 45.4374 1.86001 21.3906 93.992 40.6632 51.38 6.65046 5.78827 26.2066 15.2188 21.7854 150.176 0 0.741459 4.08877 0.363374 10.03 7.5071 5.1466 0.414921 11.7427 26.7474 
17.8574 5.17341 23.8219 48.1664 32.6825 9.31687 63.5908 85.1895 38.198 56.062 9.98378 5.4021 26.9047 2.06318 9.59942 6.81107 27.0726 80.9252 13.8488 0 249.072 6.32105 0.527557 1.34775 2.62346 2.22965 0.0271485 2.31306 
36.6405 53.5146 120.708 112.163 39.2851 11.1007 26.5451 109.731 186.018 5.35323 149.133 155.326 17.302 7.07769 0.292876 62.7465 67.8853 31.9627 58.619 0.494289 0 10.6463 20.0515 33.4801 4.46143 17.05 26.1378 45.9113 
2.37185 5.97188 0.343324 5.04866 14.9438 0.110705 56.5824 40.2412 11.6593 60.8784 42.956 76.5062 56.054 5.02068 9.54758 10.9561 8.85487 10.7004 0.076922 0.195919 31.0372 0 2.67037 1.42438 15.7478 0.0341276 12.1967 6.63552 
1.07388 17.9442 9.68034 0.445831 9.89371 1.27713 5.65023 94.4397 35.07 0.857447 103.499 26.873 27.4814 9.63715 10.2059 0.792106 0.308325 2.50961 4.0826 0.368141 22.5151 2.58863 0 11.4206 15.3191 8.4232 1.04964 1.26431 
18.1091 56.5488 0.281985 25.7169 38.2468 17.4818 68.9067 0.426184 29.9071 5.8399 17.2227 27.1609 34.9954 10.2681 24.6841 0.00986298 18.1896 10.508 2.79685 6.04101 46.9838 7.39112 6.36071 0 45.6924 3.03692e-05 0.0163376 0.0107181 
369.508 329.752 22.6908 357.856 0.0510835 331.883 23.2173 158.626 383.085 71.5666 8.43591 158.313 7.06293 11.1768 2.74081 27.1094 327.114 50.7721 30.5353 12.343 3.37548 80.4858 27.2033 45.945 0 40.7413 156.856 10.7726 
21.1319 19.8368 27.0282 5.55972 51.9094 4.15711 98.8377 0.465235 73.9956 0.62049 49.5722 382.565 52.3868 0.0867158 16.1643 20.3633 2.63756 4.68493 28.0349 6.3156 1.20483 2.6346 0.0280352 0.690577 34.1723 0 37.3015 47.8715 
27.894 0.259609 10.7024 2.01624 31.2936 3.9746 47.8062 57.4739 71.3289 36.1309 0.0271707 120.69 6.23177 2.20916 13.7578 18.8706 22.235 7.9387 0.590883 7.22153 0.202438 12.2765 9.2178 0.644469 8.3603 33.8391 0 29.3835 
44.745 5.05009 0.331532 26.5833 37.7902 15.5921 9.5622 112.725 97.2521 0.0599471 0.0179229 15.2162 27.4492 11.9598 5.39859 10.3465 17.6499 4.29376 2.27372 7.0755 38.1973 7.91163 1.29321 3.72863 24.862 0.359299 2.1689 0 
