0 255.525 89.5607 229.818 268.409 222.181 162.264 57.5737 322.983 44.5044 191.084 0.0329195 109.273 50.5628 9.97707 4.3607 221.856 186.573 86.6564 187.928 99.5311 9.60718 31.2548 50.5113 162.204 39.4578 2.79511 4.6184 
204.274 0 168.787 436.57 105.519 213.178 222.483 1.2405 255.029 123.229 231.938 218.729 0.455747 49.9789 46.359 59.3912 282.344 532.469 167.77 138.562 21.4662 0.0164302 13.6583 24.0566 208.721 0.630085 2.52759 57.4396 
211.077 307.415 0 211.791 150.17 32.3351 84.2423 15.4982 8.56015 63.4861 115.453 91.4936 29.3574 0.311186 22.9289 24.2267 49.1219 150.891 47.6467 25.9687 116.445 12.525 12.3532 15.599 24.73 14.481 10.7838 4.48539 
278.379 323.714 218.377 0 154.372 141.118 90.7648 490.742 443.566 96.478 104.513 2.5008 72.7211 11.303 38.5933 0.0340732 141.415 30.8126 59.3034 48.1844 667.999 16.2956 15.9372 26.2188 148.791 9.98578 17.0976 2.96296 
140.256 38.5348 86.8556 14.2073 0 221.448 0.366038 47.2274 324.948 0.453962 130.324 161.802 175.675 68.0651 95.0308 71.8284 90.2795 139.692 290.62 12.6923 11.0237 0.00603671 34.7371 25.782 2.05694 4.17505 45.8531 51.5986 
168.391 171.318 66.2328 182.084 779.533 0 251.621 158.107 150.42 721.649 8.97363 0.101227 120.322 18.3117 24.9967 17.5694 176.123 38.9073 75.5261 2.76653 42.1497 12.3223 15.0788 12.3993 130.826 1.53689 13.3981 2.88018 
248.321 242.756 178.113 38.5794 344.49 480.125 0 288.52 3.37845 486.466 460.046 13.9382 140.974 85.0123 76.5536 48.5001 2.11884 61.1537 97.148 54.1598 47.6518 54.7319 68.6494 3.25966 50.3025 49.1445 60.0248 25.0393 
213.933 248.815 228.86 47.2837 55.5991 21.0929 342.612 0 597.271 218.374 100.836 679.718 49.4066 69.579 45.499 85.7132 2.87707 179.045 67.073 58.7719 32.0986 0.010923 54.1376 11.6517 0.171234 136.197 9.74815 104.158 
268.605 246.14 170.026 164.165 8.69718 145.184 594.365 173.513 0 124.771 80.527 193.623 0.0739748 119.492 10.3992 30.7583 131.082 191.52 19.7592 52.384 186.484 12.6754 14.4151 0.383237 202.509 10.2236 5.59769 95.0415 
54.8271 151.907 88.0884 28.5825 314.346 10.9705 20.0782 140.581 0.25669 0 592.558 22.6607 19.1436 2.97633 6.32194 1.59073 31.1325 139.682 25.1152 25.1809 1.84477 0.393163 11.8721 26.5681 71.4551 38.8415 21.796 0.163527 
100.73 239.634 162.82 197.743 2.88676 20.1839 487.211 307.129 637.084 74.7461 0 34.4718 220.875 16.4378 326.18 2.28939 28.3462 162.737 76.2346 86.4568 24.848 70.9946 97.0723 127.498 88.7072 64.4063 23.9686 54.8895 
53.6165 222.925 171.236 59.8514 10.7851 34.5473 224.984 315.133 207.261 141.533 101.656 0 2.9327 92.5814 24.4344 478.517 26.6391 25.6352 2.72754 4.6158 9.16801 70.9119 8.29555 0.922528 74.7471 0.688151 18.3947 169.073 
0.747967 40.8859 70.7895 47.2021 148.441 109.542 1.76759 103.926 10.4612 285.423 230.673 107.351 0 147.473 44.9476 35.5224 23.5881 90.1985 81.1338 3.18804 77.5658 4.02696 16.7722 19.3323 46.2841 5.40257 1.51234 12.2556 
53.5812 22.9382 10.5672 15.3898 5.36514 20.3889 17.658 19.606 102.04 73.7607 42.7629 41.3261 3.42271 0 3.85334 9.86998 6.13862 52.7956 9.3138 4.79653 29.6264 0.887523 9.08522 9.85157 9.60032 10.9596 0.0994353 10.0343 
22.4254 50.0225 33.9125 39.3076 13.3204 12.0838 47.3735 73.2388 226.643 132.986 383.151 88.8496 82.4457 29.1976 0 76.5832 4.49768 21.344 29.6249 3.27399 4.12688 7.83131 25.073 26.2802 1.12378 7.54961 19.4755 0.125322 
63.4212 16.5948 4.00964 15.7982 6.66386 0.36013 81.2592 94.8901 131.874 48.7662 2.87949 494.08 2.1926 0.454129 40.3198 0 24.6068 27.722 1.01266 8.92822 49.2603 11.9054 1.92964 28.1449 28.3896 17.1062 18.8563 14.5417 
181.577 135.131 3.41401 186.6 153.08 177.943 87.9876 7.01632 188.815 33.1214 66.2095 49.4447 0.305038 7.34543 28.4294 12.8252 0 213.014 237.82 7.00824 53.0167 21.2048 3.65408 1.55261 149.362 7.29299 1.48872 24.4048 
1.1356 252.707 48.8365 33.3146 3.28806 52.9175 39.3871 177.241 100.21 136.085 79.1444 31.32 74.0127 21.4071 38.0069 0.944409 25.8343 0 146.863 74.4945 17.2338 25.0303 2.76882 42.9863 54.3511 3.59575 27.2005 2.37988 
101.4 45.9487 50.9684 17.535 288.56 16.0567 41.0802 2.48157 24.2803 90.8966 38.0591 53.0926 7.59856 5.4497 25.5713 14.7476 28.347 150.399 0 0.565822 3.58741 0.293174 10.3274 7.78945 4.84379 0.522017 11.9897 26.7853 
11.1224 3.29427 24.4062 48.1952 30.3363 8.76915 61.2424 82.3812 35.7618 56.216 8.93232 6.41057 27.5445 1.99651 9.74382 6.97118 26.6015 79.7553 13.2074 0 276.555 6.33428 0.493228 1.27321 2.79957 2.39528 0.015918 2.44129 
44.0492 58.2096 122.553 119.238 36.7911 10.0092 29.1339 115.764 186.637 4.57381 148.867 157.37 16.3957 7.56848 0.170244 62.8851 67.6867 29.8712 57.7207 1.3362 0 10.3437 19.521 34.148 5.01358 18.099 25.6082 45.4538 
2.1464 6.44266 0.290367 4.85343 15.7239 0.173264 55.92 41.2263 10.8613 61.0002 44.3272 76.5976 58.7878 5.31234 9.16554 10.8191 8.64105 11.1248 0.0465194 0.219287 30.8863 0 3.13682 1.67126 15.8089 0.0190537 12.266 6.75418 
0.866527 17.061 9.88484 0.56236 9.19228 1.10508 6.5055 95.6995 37.4455 0.553789 106.971 23.81 24.5713 9.46548 11.4451 0.559838 0.258698 2.24269 3.85667 0.338957 21.9878 3.04981 0 9.34772 14.4943 8.60297 0.917739 1.37828 
19.1036 55.9174 0.202347 25.4757 39.0887 17.5944 69.4594 1.0604 27.8047 5.06287 14.6859 21.7033 36.8264 10.1395 25.4728 0.231003 18.0287 9.96328 2.99423 5.99971 47.182 6.99579 8.33971 0 46.2101 0.0153245 0.00067719 0.0323096 
179.428 140.116 22.1399 168.492 0.00719574 142.693 25.1052 152.353 197.94 71.5716 6.46299 762.566 6.40979 11.571 2.23274 16.3714 138.819 51.4087 30.6187 12.2028 2.91909 89.3622 27.1761 46.0296 0 30.1808 188.609 8.7646 
22.7966 21.4345 26.8059 6.53705 50.723 4.63468 99.2016 2.14137 69.5533 1.02613 55.1865 393.841 51.9161 0.153688 15.0731 21.9081 2.43582 4.16226 27.7843 6.10522 0.90549 2.50376 0.0574075 0.510997 34.7011 0 36.8956 51.3134 
27.1768 0.16757 10.9973 2.26298 30.7133 4.20325 48.542 59.536 72.1176 36.7349 0 120.832 5.88341 2.34906 13.4328 18.8474 22.1931 7.55934 0.669242 7.34296 0.281377 12.3414 9.4523 0.493475 7.8093 34.6349 0 23.064 
43.8065 4.49038 0.442886 26.0099 36.9994 15.2193 8.65131 115.556 96.5716 0.0108948 0.143561 11.7245 26.809 11.941 4.95398 9.71248 17.4158 4.67356 2.45176 7.22919 38.8352 7.80421 1.18238 3.98514 25.307 1.24782 4.79036 0 
