0 186.267 80.6067 147.655 269.17 122.603 154.089 65.3685 213.768 47.477 189.945 0.287369 109.287 50.2166 10.747 3.71922 117.887 191.77 84.7834 192.37 92.3811 9.91527 30.7467 49.9837 60.6141 38.0926 3.03948 4.21877 
129.392 0 209.51 338.025 131.227 120.113 252.646 0.38705 167.524 115.918 227.046 220.031 0.20191 48.9719 44.5616 60.7187 179.407 1078.45 166.27 137.193 23.9379 0.0408172 13.0636 24.8394 106.186 0.88689 2.304 56.9348 
210.882 266.796 0 176.062 155.344 34.7282 95.3557 10.5288 1.81603 60.4327 106.519 86.0461 30.5981 0.23295 23.6766 24.3848 48.4801 153.378 48.6352 25.6488 118.217 12.503 12.3018 15.5628 25.0543 15.0291 10.9999 4.7391 
197.696 204.669 192.697 0 152.137 39.8025 83.8365 760.089 347.248 95.0166 98.5857 4.7279 72.5627 11.6808 38.8101 0.000292287 38.0065 33.8053 58.8068 48.0956 536.094 16.35 16.142 26.0971 45.2046 10.8724 16.7679 3.26712 
148.636 24.0652 93.4486 16.868 0 187.711 0.152041 51.2529 317.671 2.0398 136.978 159.859 176.581 68.4229 95.0828 72.2718 86.8962 133.7 285.282 11.475 9.93228 0.0266087 34.0679 25.1206 1.77459 3.72767 45.6285 51.2345 
68.8036 61.3311 66.5494 80.9511 300.833 0 104.154 164.061 63.1985 296.657 13.3603 0.000407353 636.312 18.6232 26.0169 17.0519 72.6113 36.3894 73.7004 2.50815 40.9879 12.5943 15.2106 12.1602 28.149 1.32489 13.5947 2.69008 
243.771 273.059 167.419 44.2128 327.039 603.307 0 273.25 41.1499 497.843 469.681 17.5478 135.189 86.3048 72.6527 50.6891 1.66651 55.9468 93.647 55.9517 49.9277 54.1939 68.1296 3.72254 48.7346 51.072 60.1431 24.0826 
204.821 242.551 237.434 20.0474 59.8501 17.1838 329.977 0 572.383 219.999 111.972 588.967 47.1493 72.3269 40.9013 75.3462 3.30603 179.739 68.7406 61.0492 35.3712 0.0378299 55.9494 9.90549 5.77032e-06 127.475 10.6742 101.722 
173.042 129.048 137.737 52.6391 12.9131 33.1968 760.47 208.534 0 140.317 157.607 179.341 0.00255423 115.944 36.3226 27.7225 28.2057 194.577 17.8079 54.261 186.83 12.0679 15.7054 0.622108 97.2633 8.60705 5.11517 94.3757 
51.7346 144.783 85.4661 30.7185 320.111 0.489075 9.42958 135.226 1.79205 0 601.251 26.6574 12.4042 2.28294 8.30747 2.22014 29.9618 140.774 23.0413 26.0071 2.21578 0.255741 12.7117 27.5581 71.5349 37.3895 21.2773 0.257272 
104.617 243.774 171.094 199.615 4.44372 14.7536 486.171 297.387 718.196 50.4621 0 47.185 215.959 20.8912 304.041 0.884673 27.3116 161.461 74.1878 86.5081 26.5745 70.3787 94.2658 126.794 91.909 68.7503 24.9856 53.0026 
49.1396 223.301 174.232 51.9459 12.3326 31.4993 231.294 232.778 221.557 134.913 83.5432 0 3.72779 97.3478 18.088 460.525 27.5246 23.9714 2.33409 3.97925 7.89271 70.3986 6.96102 1.94217 100.215 4.43218 16.8315 167.024 
1.0324 38.4485 71.2381 46.134 151.353 104.687 2.99939 106.117 8.5226 295.9 234.609 109.948 0 143.998 41.596 33.6842 22.8981 91.1908 81.6794 2.93846 77.6686 4.92962 14.9805 20.5431 45.7208 4.96102 1.37918 12.6851 
53.4613 23.9643 10.2668 15.0307 5.94199 20.6015 16.1283 17.6433 98.7517 75.0373 36.623 37.2402 1.69656 0 1.6839 9.009 6.31771 52.9383 9.60633 4.79927 29.1621 0.77396 8.76246 9.99774 9.90676 10.7663 0.124732 9.90871 
21.4164 51.8208 33.7848 39.3902 14.5499 11.1475 43.7315 78.5869 228.341 132.2 368.996 100.15 79.1858 23.9031 0 70.2574 4.71563 22.1952 30.0399 3.15115 4.50447 8.11092 25.2057 25.7917 0.881336 6.873 19.5449 0.189182 
62.202 15.451 3.62541 14.7469 6.02745 0.492862 83.0395 105.806 134.436 46.5536 1.26566 486.051 1.63723 0.7512 32.2407 0 24.7234 28.4942 1.13987 8.99638 49.9967 11.9268 1.66465 27.4804 27.6293 18.2854 18.8713 14.0889 
80.5993 33.5816 2.96137 84.1426 152.453 74.479 89.3632 7.66284 87.6896 31.9359 65.1519 48.4924 0.411451 7.1585 28.2872 13.0772 0 223.203 427.379 7.35302 52.403 21.2183 3.77334 1.46447 46.4049 7.06853 1.56605 24.3906 
2.20766 288.518 44.3679 30.3381 2.01625 55.6342 34.9931 176.208 104.898 137.425 81.9958 29.5186 72.714 22.0124 37.0945 0.763575 33.0444 0 145.806 73.3664 16.0253 25.3796 2.98296 43.291 54.7248 3.2555 26.8398 2.59163 
102.805 42.2088 50.0489 18.4953 282.801 14.2646 37.9759 2.99292 26.4935 88.5638 36.1815 54.3463 8.3299 5.20631 25.1004 14.4024 35.1557 150.396 0 0.451862 3.2396 0.246432 10.546 7.99818 4.62649 0.60822 12.1708 26.8084 
7.40169 2.17928 24.8079 48.1264 28.6454 8.37205 59.496 80.279 34.0006 56.3002 8.19424 7.20089 28.0103 1.94782 9.84721 7.08682 26.249 78.8439 12.7412 0 293.857 6.34313 0.46869 1.21955 2.93142 2.51957 0.00957326 2.53692 
49.8162 61.7164 123.716 120.017 34.9943 9.23936 31.0891 120.164 186.929 4.0395 148.589 158.766 15.7423 7.93666 0.101278 62.9565 67.5231 28.3682 57.0489 6.31301 0 10.1234 19.1323 34.6319 5.43717 18.8799 25.2184 45.1077 
1.98781 6.7976 0.25429 4.7117 16.3038 0.227929 55.4161 41.9446 10.2909 61.0546 45.3289 76.6366 60.7589 5.52652 8.88486 10.7137 8.4848 11.4395 0.0290497 0.237226 30.7721 0 3.49637 1.8631 15.854 0.0107681 12.3143 6.84069 
0.728329 16.4215 10.0313 0.656138 8.69119 0.986261 7.16695 96.5569 39.2083 0.37282 109.415 21.6556 22.5033 9.25329 12.3619 0.414007 0.225035 2.05599 3.69428 0.318255 21.6003 3.40583 0 7.85044 13.882 8.73049 0.826247 1.46448 
19.8413 55.4345 0.152231 25.282 39.699 17.6687 69.8291 1.70433 26.293 4.52525 12.9384 18.042 38.1665 10.0186 25.9925 0.575832 17.9084 9.57073 3.14263 5.96791 47.3136 6.70593 9.8482 0 46.4104 0.0443002 0.00236528 0.0555057 
75.5992 36.6564 21.7242 65.1703 0.000350619 39.5332 26.5189 147.516 97.738 71.5274 5.17596 520.221 5.9484 11.8548 1.89084 11.5879 36.3132 51.863 30.6731 12.0965 2.60447 86.6333 27.1205 45.3113 0 38.7541 148.033 43.2045 
24.0414 22.6317 26.6184 7.29508 49.839 4.99801 99.3808 4.13688 66.2994 1.3871 59.3994 398.377 51.5492 0.214727 14.274 23.0083 2.29248 3.79725 27.5941 5.95088 0.712744 2.4093 0.0855239 0.395974 35.0498 0 36.542 53.6299 
26.65 0.1128 11.2127 2.45217 30.2853 4.37391 49.0711 61.0383 72.6738 37.1707 0.0149344 120.84 5.63321 2.45366 13.1917 18.8204 22.1599 7.28585 0.729727 7.43139 0.347448 12.3865 9.62185 0.395243 7.52383 35.17 0 18.7622 
43.108 4.0993 0.534546 25.5782 36.4148 14.943 8.00854 117.533 96.0197 1.71033e-06 0.311854 9.43385 26.3372 11.9217 4.63688 9.25078 17.2426 4.96131 2.58615 7.34119 39.296 7.72456 1.10387 4.17659 25.6569 2.23131 7.3221 0 
