0 195.983 71.8393 142.951 269.409 99.5371 145.838 73.5191 180.984 50.5032 188.658 0.792835 109.255 49.8548 11.5405 3.12647 90.4655 196.746 82.8757 200.171 85.3377 10.2267 30.2348 49.4409 35.6166 36.7295 3.29337 3.836 
134.509 0 251.077 314.345 158.756 103.826 282.949 0.016895 157.017 108.627 221.901 221.128 0.0499357 47.9523 42.7695 62.0242 152.914 947.709 164.573 135.605 26.5228 0.0760985 12.4781 25.6263 80.2048 1.18694 2.09031 56.4156 
209.9 225.246 0 138.45 160.217 37.1143 106.724 6.4867 0.0565125 57.37 97.663 80.6257 31.8461 0.165886 24.4095 24.521 47.8132 155.601 49.5968 25.3034 119.841 12.4786 12.2454 15.5195 25.3652 15.5752 11.2154 4.99785 
193.655 161.985 133.332 0 149.686 15.1445 76.9927 933.318 326.152 93.4729 92.6707 7.64208 72.3708 12.0585 38.9963 0.0226215 11.2032 36.8936 58.2789 47.9311 160.259 16.4016 16.3418 25.9604 18.2131 11.7843 16.4365 3.5844 
156.961 12.8679 100.045 19.7288 0 161.231 1.91499 55.3926 309.72 4.75301 143.616 157.83 177.315 68.7503 95.0711 72.6829 83.4936 127.667 278.93 10.3111 8.89358 0.0617654 33.3951 24.4608 1.51251 3.3043 45.3972 50.86 
45.8725 28.5406 66.6951 56.3449 615.722 0 729.099 169.784 56.6018 719.614 18.5649 0.0771649 99.8383 18.9231 27.0243 16.5291 45.6695 33.9215 71.7949 2.26101 39.824 12.8646 15.3362 11.9186 2.07298 1.12788 13.7899 2.50565 
238.799 303.231 156.358 50.1199 308.597 714.665 0 257.541 118.536 505.312 477.274 21.5425 129.328 87.5318 68.7477 52.8802 1.26764 50.9013 90.1154 57.731 52.2283 53.6418 67.5786 4.21443 47.1633 52.9976 60.2469 23.1356 
195.505 235.973 245.289 4.17146 64.199 13.6437 316.541 0 544.216 221.363 123.435 495.785 44.9204 75.0577 36.4813 65.3856 3.76368 180.322 70.3995 63.3226 38.7685 0.0809174 57.755 8.29089 0.174772 118.696 11.637 99.2272 
154.028 89.2007 107.548 18.9519 17.9229 2.43232 919.655 245.23 0 156.243 365.973 165.17 0.13916 112.312 68.1641 24.8112 1.96238 197.477 15.945 56.1366 187.039 11.4721 17.0405 0.918088 68.5973 7.1214 4.65303 93.6672 
48.6883 137.573 82.7631 32.8998 324.82 3.79985 2.71695 129.816 4.70152 0 604.714 30.9362 7.07809 1.67911 10.544 2.95123 28.8012 141.777 21.0369 26.8353 2.61999 0.147639 13.5721 28.5511 71.5742 35.9389 20.7598 0.372071 
108.493 247.615 179.09 201.156 6.32861 10.1319 482.94 287.167 793.122 30.5859 0 61.6646 210.768 25.8146 280.232 0.134525 26.2885 160.101 72.1314 86.5241 28.3465 69.7424 91.4 125.972 95.073 73.1351 26.015 51.1183 
44.8061 223.464 176.959 44.4674 13.9758 28.559 237.331 159.68 235.753 128.26 66.8965 0 4.61571 102.068 12.637 436.79 28.4178 22.3534 1.97063 3.38803 6.7084 69.8653 5.73726 3.33188 135.206 11.373 15.3271 164.739 
1.36213 36.0606 71.646 45.0569 154.142 96.7632 4.54937 108.274 6.77478 305.179 238.211 112.507 0 140.011 38.306 31.8628 22.2128 92.1563 82.1915 2.69834 77.7547 5.91785 13.2713 21.7754 45.1453 4.53644 1.25195 13.119 
53.3235 25.0014 9.96374 14.6679 6.54545 20.7996 14.6545 15.7681 95.3982 76.2396 30.866 33.3081 0.566099 0 0.387667 8.15328 6.49833 53.0671 9.90094 4.80099 28.6948 0.667614 8.37799 10.1221 10.2109 10.5662 0.152852 9.78005 
20.4207 53.6144 33.6198 39.4411 15.8234 10.2355 40.1722 83.9833 229.492 131.135 352.084 111.727 75.8592 18.82 0 63.0754 4.93775 23.055 30.448 3.02982 4.89715 8.39121 25.272 25.2518 0.66757 6.2194 19.6079 0.266018 
60.9537 14.3391 3.25735 13.7132 5.42031 0.645906 84.7643 116.902 136.848 44.3393 0.304222 471.587 1.16154 1.119 24.5863 0 24.8357 29.2679 1.27435 9.06156 50.7179 11.9431 1.41639 26.6789 26.8359 19.4549 18.8778 13.6317 
56.2103 8.75387 2.53922 58.2465 151.678 47.5822 90.7044 8.33539 63.15 30.7587 64.0845 47.538 0.533622 6.97286 28.1396 13.3292 0 232.845 486.208 7.70377 51.7811 21.2293 3.89404 1.37872 20.0343 6.84635 1.64519 24.3733 
3.62858 322.615 40.0366 27.4652 1.05196 58.3633 30.8159 175.067 109.595 138.681 84.8512 27.758 71.4015 22.6204 36.1804 0.601704 41.0144 0 144.616 72.2013 14.8544 25.7277 3.20451 43.588 55.0863 2.93126 26.4781 2.81196 
104.151 38.5774 49.1005 19.4703 276.046 12.5599 34.956 3.55076 28.7829 86.1828 34.3332 55.5977 9.09107 4.96721 24.6256 14.0576 43.6033 150.251 0 0.350562 2.90868 0.20371 10.765 8.20833 4.41332 0.700865 12.352 26.8277 
4.75334 1.29106 25.1858 47.9818 26.9824 7.97942 57.7319 78.1448 32.2635 56.3602 7.48478 8.03326 28.4727 1.89932 9.94844 7.20087 25.8908 77.8886 12.279 0 308.309 6.35126 0.444705 1.16678 3.06546 2.64616 0.00483227 2.63387 
55.8437 65.2718 124.717 115.898 33.2265 8.49637 33.0899 124.533 187.083 3.53698 148.242 160.072 15.0992 8.31174 0.0500998 63.0022 67.3444 26.8924 56.3665 14.8622 0 9.90432 18.7439 35.1104 5.87612 19.6702 24.8278 44.7528 
1.83502 7.16059 0.220556 4.57129 16.8899 0.289974 54.8973 42.6588 9.73317 61.0795 46.3267 76.6516 62.697 5.74063 8.60407 10.6042 8.32902 11.7569 0.0156703 0.255846 30.6549 0 3.86941 2.06371 15.8995 0.00482937 12.3607 6.92675 
0.601957 15.7894 10.1748 0.756874 8.20161 0.873792 7.85693 97.3566 40.9864 0.22735 111.766 19.5827 20.4976 8.97169 13.2802 0.289474 0.193691 1.87701 3.53473 0.298155 21.2121 3.77563 0 6.40818 13.2653 8.85417 0.73926 1.55284 
20.5857 54.9352 0.10917 25.0743 40.3028 17.736 70.1683 2.49811 24.8088 4.01543 11.2897 14.6859 39.5023 9.87574 26.4599 1.0713 17.7861 9.18408 3.29404 5.93486 47.4335 6.41672 11.3693 0 46.4573 0.0882485 0.015198 0.0849099 
48.3487 9.81037 21.2991 38.4103 0.0149497 12.9632 27.9554 142.497 74.1147 71.4428 4.02695 262.11 5.50226 12.1335 1.57566 9.97138 10.3972 52.3064 30.7216 11.9874 2.30702 76.6048 27.0353 44.0474 0 58.3364 84.914 88.4538 
25.3047 23.8493 26.4104 8.08624 48.9442 5.37196 99.4856 6.76863 63.0554 1.80122 63.6793 399.665 51.1642 0.28576 13.4779 24.0743 2.15309 3.44794 27.3986 5.79655 0.542785 2.31615 0.119172 0.295289 35.3643 0 36.1421 55.7467 
26.1229 0.0688116 11.4274 2.64819 29.8556 4.547 49.591 62.5305 73.2108 37.6001 0.0593599 120.767 5.38752 2.5599 12.9484 18.785 22.1247 7.01644 0.792728 7.51926 0.420404 12.4296 9.78921 0.307702 7.33657 35.6623 0 14.8013 
42.4016 3.72488 0.634591 25.1376 35.8267 14.6646 7.38773 119.421 95.4235 0.0103355 0.544395 7.37951 25.8636 11.8976 4.32778 8.7927 17.0682 5.25666 2.72375 7.45253 39.7506 7.64419 1.02772 4.37069 26.0265 3.48581 10.3358 0 
