0 377.597 58.8086 300.001 268.747 227.141 133.007 86.7378 293.472 55.2732 186.384 2.06505 109.114 49.2653 12.811 2.30806 211.432 203.968 79.8649 218.304 74.7213 10.7141 29.437 48.5726 160.411 34.6304 3.70438 3.27799 
311.222 0 313.987 437.724 204.012 242.283 329.127 0.397852 304.778 97.4576 213.481 222.413 0.0158207 46.3545 40.016 63.9955 275.108 1117.72 161.571 132.734 30.7291 0.152026 11.5927 26.8492 203.407 1.73498 1.77976 55.5856 
206.852 162.189 0 82.8675 167.106 40.7597 124.565 2.13085 7.19439 52.6389 84.243 72.3447 33.7856 0.0844261 25.5093 24.6876 46.7346 158.499 51.0271 24.7212 122.049 12.4362 12.1487 15.4386 25.8182 16.4131 11.5468 5.40719 
350.095 259.429 28.6201 0 145.492 140.584 66.658 112.939 454.18 90.9316 83.5982 13.4584 72.0088 12.6412 39.2229 0.167321 133.237 41.8374 57.4025 47.5292 153.42 16.4759 16.6405 25.7201 139.937 13.2386 15.9212 4.09993 
169.644 2.33224 110.174 24.5231 0 135.476 8.4862 61.9969 296.2 11.1182 153.803 154.531 178.106 69.196 94.9282 73.2537 78.212 118.295 267.23 8.62119 7.39356 0.144747 32.3495 23.4455 1.14783 2.69797 45.0265 50.2612 
173.969 142.592 66.5826 181.605 410.55 0 657.242 178.119 216.84 909.358 28.1359 0.544512 191.578 19.3631 28.5503 15.7128 167.419 30.2169 68.7048 1.90194 38.0234 13.2784 15.5181 11.5407 125.22 0.853469 14.0884 2.23202 
230.329 348.678 138.768 59.7176 278.536 842.017 0 232.645 303.694 508.909 484.839 28.4448 120.161 89.2942 62.7315 56.2616 0.757477 43.4512 84.6143 60.4502 55.8266 52.7614 66.667 5.03046 44.7328 55.963 60.3785 21.6927 
180.798 225.239 255.882 12.3553 71.0936 8.93146 294.407 0 495.135 222.953 141.678 354.119 41.5372 79.231 30.0364 50.9636 4.52676 181.002 72.9426 66.8217 44.251 0.179291 60.5281 6.06295 1.12338 105.128 13.1954 95.2627 
287.942 192.53 66.4913 132.923 27.1685 127.61 1128.46 304.07 0 181.338 264.715 143.658 0.758699 106.564 102.235 20.5725 124.914 201.642 13.248 59.028 187.09 10.5755 19.1885 1.48714 187.709 5.08988 3.97938 92.49 
44.0836 126.321 78.4438 36.3496 329.949 35.2558 0.314851 121.375 11.8489 0 599.662 38.0759 1.7362 0.925341 14.4708 4.27716 27.0298 143.146 18.0846 28.1172 3.3092 0.0385552 14.9405 30.0889 71.5553 33.7039 19.963 0.590637 
114.445 252.935 190.797 202.878 9.8745 4.64904 473.712 270.536 877.497 9.32828 0 87.2328 202.243 34.2829 241.08 0.271279 24.7317 157.836 68.9388 86.4794 31.1697 68.72 86.8682 124.469 99.8715 79.9634 27.6285 48.2163 
38.413 223.299 180.623 33.8461 16.6984 24.2407 246.076 70.3976 257.327 117.956 44.3629 0 6.16756 109.234 6.06762 390.34 29.8126 19.9457 1.46833 2.56488 5.06083 69.0027 4.06936 6.19417 190.751 28.1086 13.1218 160.758 
1.96003 32.4746 72.1948 43.3771 158.198 79.5471 7.55987 111.536 4.45701 316.97 243.098 116.383 0 132.915 33.3686 29.0887 21.1638 93.5946 82.9156 2.34612 77.8551 7.60826 10.8019 23.7174 44.2327 3.91456 1.06706 13.7979 
53.0756 26.6235 9.49118 14.101 7.52908 21.0767 12.493 13.0503 90.1068 77.9451 22.7968 27.5638 0.0100518 0 0.183068 6.85694 6.78035 53.2388 10.36 4.80165 27.9668 0.517824 7.67684 10.2701 10.6756 10.2445 0.201848 9.57535 
18.9108 56.3712 33.2922 39.4575 17.8744 8.87956 34.8586 92.3753 230.182 128.95 321.192 129.961 70.6134 11.7291 0 50.8616 5.28907 24.3994 31.0638 2.8454 5.53312 8.82509 25.2433 24.322 0.394559 5.25865 19.6926 0.410082 
58.9707 12.687 2.72196 12.1565 4.54093 0.921868 87.3136 134.21 140.27 40.9261 0.112922 437.54 0.58493 1.81955 14.1853 0 25.0006 30.4655 1.49617 9.15634 51.8014 11.9581 1.06777 25.1907 25.5509 21.2295 18.8711 12.9177 
181.935 134.062 1.94791 181.593 150.191 169.397 92.706 9.42492 188.638 28.9586 62.417 46.0598 0.753355 6.68856 27.9012 13.7184 0 246.522 363.246 8.25701 50.8045 21.2417 4.08334 1.25094 142.698 6.50769 1.77103 24.3408 
6.50059 364.714 33.6484 23.2466 0.172311 62.5931 24.8111 173.098 116.852 140.449 89.2652 25.1208 69.3483 23.564 34.7656 0.389134 54.6984 0 142.521 70.3311 13.121 26.2632 3.5612 44.0314 55.6201 2.4621 25.9168 3.16899 
106.113 33.2004 47.5814 21.0035 263.769 10.1077 30.4692 4.5032 32.4624 82.4184 31.5388 57.5248 10.3245 4.60638 23.8849 13.5261 59.598 149.751 0 0.219084 2.43099 0.145625 11.104 8.53556 4.09216 0.856635 12.6318 26.8496 
2.82571 0.370909 25.7216 47.6103 24.4732 7.38237 54.9764 74.7896 29.6306 56.4049 6.44603 9.40037 29.1805 1.82479 10.1005 7.37377 25.3266 76.3285 11.5732 0 324.309 6.3624 0.408725 1.08702 3.2768 2.84613 0.000661991 2.7862 
65.6197 70.8458 125.935 99.7962 30.5554 7.40225 36.2669 131.212 187.051 2.8239 147.569 161.913 14.1253 8.90445 0.00606114 63.0223 67.0388 24.6685 55.2921 34.6336 0 9.5685 18.1446 35.8389 6.58416 20.9086 24.2223 44.1876 
1.61038 7.73712 0.173068 4.35695 17.8073 0.400284 54.0667 43.7541 8.89713 61.0597 47.8598 76.6281 65.618 6.07046 8.17058 10.4271 8.0893 12.2525 0.00304913 0.285938 30.4679 0 4.46961 2.39015 15.9711 0.000272123 12.4282 7.05878 
0.430073 14.8277 10.3902 0.92606 7.46837 0.712709 8.97729 98.4772 43.7587 0.0728045 115.208 16.5501 17.5318 8.41063 14.6911 0.140048 0.149828 1.61584 3.29385 0.268282 20.6115 4.37144 0 4.35808 12.3079 9.03751 0.613848 1.69353 
21.7479 54.1324 0.0566029 24.7265 41.2228 17.8261 70.6319 4.01528 22.5733 3.28362 8.94405 10.1302 41.5533 9.61349 27.0749 2.12036 17.5934 8.59871 3.53393 5.88133 47.5957 5.97199 13.6699 0 46.2277 0.185422 0.0569133 0.142501 
169.638 131.795 20.625 160.427 0.0796771 135.327 30.2161 134.428 201 71.2326 2.52833 909.858 4.84349 12.5536 1.14253 13.7887 133.769 52.9697 30.7851 11.8133 1.88155 52.1766 26.8474 41.3386 0 94.9899 51.947 123.953 
27.2899 25.7679 26.0495 9.37006 47.5413 5.96973 99.5007 12.0518 58.0784 2.54445 70.3991 395.235 50.5346 0.41492 12.259 25.6421 1.94557 2.93944 27.086 5.55844 0.325308 2.17483 0.181955 0.168303 35.7815 0 35.4356 58.5813 
25.3078 0.0220892 11.7575 2.96424 29.1881 4.81917 50.3759 64.8137 74.0022 38.2508 0.185942 120.494 5.01702 2.72718 12.5686 18.7137 22.0662 6.6083 0.895055 7.65389 0.546679 12.4921 10.0433 0.193661 7.2355 36.3363 0 9.46221 
41.2951 3.17954 0.805507 24.4401 34.9112 14.2301 6.47227 122.159 94.4165 0.0680404 1.02946 4.68309 25.1289 11.8513 3.86648 8.09368 16.7964 5.72792 2.94259 7.62326 40.4407 7.51862 0.914821 4.67546 26.6348 5.93036 15.8523 0 
