0 619.233 47.996 518.502 267.129 419.497 121.69 98.9416 472.468 59.5624 184.095 3.67786 108.899 48.7154 13.9748 1.68628 398.05 209.832 77.1518 238.13 65.6886 11.1501 28.7269 47.7781 350.483 32.7901 4.08542 2.82007 
550.901 0 364.931 623.065 245.649 444.433 368.191 1.69248 515.429 87.77 205.62 223.129 0.188231 44.9247 37.6088 65.684 462.599 1100.3 158.551 129.798 34.6421 0.240539 10.8318 27.9339 392.003 2.30261 1.52584 54.8259 
202.659 110.951 0 42.9928 172.478 43.9019 140.323 0.245108 23.1551 48.4893 72.7944 65.1808 35.504 0.0351072 26.4424 24.79 45.7368 160.496 52.2293 24.1608 123.683 12.3941 12.0539 15.3534 26.1895 17.1443 11.8374 5.77738 
566.435 425.832 2.44564 0 141.402 331.335 57.864 361.514 644.218 88.5409 75.7135 19.8597 71.6241 13.1532 39.3606 0.405432 320.907 46.3509 56.57 47.0277 313.437 16.5359 16.8936 25.4794 327.316 14.5616 15.4641 4.5793 
180.57 0.0907094 118.96 29.105 0 124.508 18.0579 68.011 283.134 18.85 162.673 151.462 178.455 69.5278 94.6764 73.6914 73.5467 110.023 255.157 7.24398 6.17872 0.246769 31.4221 22.5548 0.867173 2.21208 44.6864 49.7132 
367.044 324.603 66.144 371.939 444.656 0 869.435 184.903 443.991 690.983 38.013 1.30671 585.851 19.7263 29.8593 14.9861 354.769 27.0704 65.8468 1.60884 36.4357 13.6392 15.6659 11.2031 313.861 0.64215 14.3484 2.00235 
222.117 386.581 122.997 68.5843 250.899 891.34 0 210.314 512.765 503.989 487.2 35.2346 112.008 90.7095 57.4728 59.2302 0.415236 37.2615 79.7355 62.8117 59.0375 51.9581 65.8036 5.80563 42.591 58.5615 60.4655 20.4421 
167.605 215.255 263.543 50.7463 77.3298 5.57046 273.731 0 447.361 223.826 158.174 239.212 38.6201 82.8526 24.7761 39.3945 5.25557 181.378 75.1624 69.8852 49.3054 0.298044 62.9514 4.37445 2.63895 93.2852 14.639 91.6683 
485.88 365.369 37.3573 316.206 36.7681 327.301 1253.01 356.788 0 203.668 838.065 125.249 1.71499 101.387 98.4201 17.1144 313.445 204.984 11.0574 61.5653 186.862 9.80942 21.1643 2.10059 372.765 3.57116 3.42652 91.3701 
40.1378 116.354 74.5109 39.4619 332.25 86.1308 6.28347 113.881 20.7412 0 584.884 44.8711 0.0160585 0.443911 18.3818 5.63948 25.4917 144.169 15.6346 29.2485 3.98154 0.000928384 16.1842 31.4464 71.4583 31.7447 19.2636 0.824744 
119.645 256.987 200.363 203.722 13.6257 1.54482 461.442 255.135 908.897 0.708658 0 112.65 194.257 42.5445 205.259 1.69687 23.384 155.678 66.1125 86.3699 33.7416 67.7795 82.7828 122.915 103.998 86.0081 29.0732 45.6715 
33.1025 222.733 183.28 25.5154 19.28 20.6742 253.161 20.2871 275.815 108.893 28.0169 0 7.71504 115.387 2.22219 341.629 31.0567 17.9187 1.08563 1.93131 3.79434 68.2038 2.82827 9.42052 222.499 48.4638 11.3019 156.813 
2.57586 29.4241 72.596 41.8821 161.507 61.4932 10.8211 114.337 2.80639 324.625 246.7 119.715 0 125.805 29.1891 26.6915 20.249 94.8075 83.4859 2.05467 77.9106 9.25835 8.80764 25.4645 43.4051 3.40118 0.915866 14.4048 
52.822 28.0716 9.07111 13.5956 8.44699 21.2911 10.7089 10.8428 85.35 79.2902 16.5837 22.8628 0.726499 0 1.82008 5.75653 7.03197 53.3625 10.7684 4.8002 27.3194 0.400739 6.9689 10.3551 11.079 9.94898 0.250612 9.38908 
17.6096 58.7821 32.9312 39.4089 19.7632 7.74249 30.386 99.7838 229.688 126.493 290.016 146.164 65.9097 6.5925 0 39.6509 5.60687 25.5999 31.5918 2.68598 6.12301 9.20782 25.086 23.4121 0.212386 4.46493 19.7545 0.562448 
57.1714 11.2991 2.28486 10.8312 3.82575 1.20443 89.4381 149.431 142.964 37.937 1.25072 397.267 0.238088 2.56157 7.02583 0 25.1373 31.5227 1.70589 9.23385 52.7248 11.9611 0.797628 23.6531 24.3647 22.7467 18.8484 12.2827 
372.816 324.837 1.48911 370.331 148.592 356.801 94.3971 10.4358 379.307 27.392 60.9293 44.7533 0.978185 6.44052 27.6806 14.0614 0 257.198 361.754 8.75589 49.9279 21.2478 4.25308 1.14306 330.883 6.21382 1.88555 24.3063 
9.70142 386.49 28.3596 19.7641 0.0154247 66.3237 19.9943 171.155 123.23 141.831 93.1516 22.8823 67.514 24.4 33.5168 0.239711 67.991 0 140.421 68.6146 11.6708 26.7328 3.89019 44.4066 56.066 2.08078 25.4198 3.5005 
107.72 28.7147 46.1909 22.3799 251.238 8.13939 26.7073 5.43343 35.8425 79.0224 29.1407 59.2162 11.4686 4.29709 23.2254 13.059 76.1783 149.031 0 0.128493 2.04397 0.102412 11.4035 8.82669 3.81734 1.00662 12.8786 26.8611 
3.33553 0.0204029 26.1435 47.1352 22.3264 6.86656 52.5229 71.7811 27.3655 56.3959 5.58896 10.6856 29.7974 1.75952 10.2301 7.52271 24.8186 74.8709 10.9597 0 331.457 6.3708 0.378102 1.01852 3.46727 3.02671 0.000166811 2.92299 
74.6497 75.8298 126.675 78.2462 28.2642 6.49322 39.1492 137.007 186.748 2.25948 146.84 163.353 13.2872 9.44009 0.00259714 62.9891 66.7397 22.767 54.3248 57.9377 0 9.27507 17.6172 36.47 7.23812 22.017 23.6868 43.6722 
1.42385 8.26095 0.135883 4.17059 18.6275 0.512038 53.3061 44.711 8.18626 60.9835 49.2015 76.56 68.1097 6.35967 7.78928 10.2633 7.87891 12.695 4.24648e-05 0.313817 30.2971 0 5.01983 2.69388 16.0359 0.000915439 12.4837 7.17424 
0.302172 13.9956 10.5736 1.08873 6.8457 0.583617 10.0187 99.3471 46.2235 0.00757201 118.037 14.0562 15.0642 7.80362 15.9152 0.0524446 0.115766 1.40105 3.08724 0.243144 20.0811 4.91841 0 2.80158 11.4632 9.19108 0.512435 1.82169 
22.7838 53.3932 0.0243957 24.393 42.0202 17.8914 70.9791 5.64121 20.6636 2.69579 7.08584 6.7775 43.3447 9.34222 27.5047 3.31273 17.4197 8.09482 3.75136 5.83167 47.7154 5.58319 15.568 0 45.7234 0.300369 0.115701 0.205483 
356.599 319.438 20.0144 347.998 0.179215 323.257 32.2478 127.038 392.875 70.9676 1.49038 384.85 4.29397 12.9125 0.816199 22.4364 322.584 53.5324 30.8295 11.6542 1.54103 30.4873 26.6271 38.5981 0 114.409 121.358 92.4391 
29.071 27.4943 25.6922 10.5596 46.2848 6.51606 99.366 17.8891 53.7416 3.30239 76.4014 384.985 49.9447 0.548069 11.2003 26.9314 1.77059 2.52287 26.8 5.34895 0.179229 2.05291 0.248124 0.0854874 36.0784 0 34.7261 60.5985 
24.5889 0.00233067 12.0467 3.25605 28.5962 5.06381 51.049 66.8016 74.6609 38.8112 0.355912 120.094 4.69948 2.87777 12.23 18.6343 22.0106 6.25658 0.990285 7.77145 0.671678 12.543 10.2625 0.114696 7.32846 36.8405 0 5.64847 
40.305 2.73245 0.972534 23.809 34.0976 13.8433 5.71021 124.384 93.4433 0.160951 1.58324 2.80003 24.4781 11.8012 3.47694 7.48794 16.5544 6.15833 3.1418 7.77239 41.0363 7.40651 0.820156 4.94881 27.2071 8.55901 21.4717 0 
