0 718.132 43.2153 606.396 266.045 495.402 116.433 104.784 542.15 61.5852 182.938 4.5859 108.769 48.4494 14.531 1.42874 471.322 212.396 75.8695 247.586 61.5987 11.3555 28.3937 47.3985 425.388 31.9363 4.26905 2.61765 
649.671 0 386.356 694.664 265.319 524.929 385.592 2.60207 599.963 83.3224 201.824 223.329 0.333547 44.2518 36.4948 66.4546 536.211 463.859 157.028 128.303 36.5289 0.288732 10.4835 28.4414 466.199 2.59415 1.41384 54.463 
200.236 89.3405 0 28.9785 174.744 45.3354 147.608 0.00194582 33.5337 46.5673 67.6125 61.8966 36.307 0.0193662 26.8647 24.8233 45.2571 161.245 52.77 23.8851 124.341 12.3729 12.0067 15.3092 26.3533 17.4822 11.9724 5.95284 
652.816 489.98 22.2063 0 139.375 406.591 53.8875 585.469 718.173 87.3802 72.0879 23.2357 71.4238 13.3911 39.4048 0.551677 394.705 48.4994 56.163 46.7474 388.616 16.5621 17.0083 25.3579 400.973 15.1904 15.2501 4.81058 
185.561 1.33306 122.988 31.3481 0 121.262 23.6912 70.8715 276.707 23.1087 166.761 149.981 178.506 69.6628 94.5187 73.8742 71.3729 106.173 249.011 6.63891 5.64726 0.303602 30.988 22.1411 0.749458 2.00138 44.5235 49.4512 
443.373 396.229 65.8316 446.916 938.145 0 923.568 187.871 537.653 928.277 43.0467 1.77375 118.717 19.8876 30.4564 14.6455 428.395 25.6448 64.4754 1.47987 35.6958 13.806 15.7307 11.0444 388.107 0.553595 14.4687 1.89903 
218.065 403.284 115.633 72.8268 237.781 890.985 0 199.856 617.741 499.128 486.902 38.6156 108.196 91.3236 55.0431 60.608 0.290352 34.5051 77.4566 63.8998 60.5458 51.575 65.3823 6.18467 41.5935 59.7659 60.4967 19.8664 
161.407 210.449 266.545 74.6834 80.2828 4.26562 263.788 0 423.988 224.063 165.961 190.948 37.2824 84.5197 22.468 34.4155 5.61319 181.48 76.1895 71.3047 51.7284 0.363692 64.0731 3.67778 3.56106 87.8368 15.3339 89.9629 
564.383 432.837 26.3898 388.859 41.6854 409.569 1287.17 381.252 0 214.06 12.8358 116.894 2.29166 98.9457 86.0417 15.5959 387.66 206.432 10.0978 62.7431 186.668 9.46014 22.1108 2.42227 445.334 2.95199 3.18206 90.8222 
38.3381 111.708 72.6426 40.9329 332.6 115.696 11.6222 110.379 25.687 0 574.805 48.1906 0.184633 0.278807 20.3409 6.33531 24.7826 144.587 14.5438 29.776 4.31571 0.00220446 16.7755 32.0792 71.3873 30.8361 18.9386 0.947153 
122.049 258.665 204.554 203.897 15.5712 0.66462 454.45 247.753 910.213 0.0375975 0 125.313 190.394 46.6292 188.462 2.77692 22.7639 154.62 64.7922 86.2964 34.9667 67.3288 80.8534 122.118 105.885 88.8257 29.7537 44.4905 
30.7368 222.334 184.331 21.9872 20.5407 19.0927 256.252 7.09417 284.216 104.688 21.5996 0 8.49335 118.192 1.0708 317.13 31.6411 17.005 0.926549 1.66574 3.26423 67.819 2.32454 11.1442 228.593 59.5805 10.4944 154.84 
2.89123 28.0394 72.7562 41.1812 162.961 52.942 12.532 115.617 2.16449 327.274 248.146 121.239 0 122.244 27.3033 25.5917 19.826 95.355 83.7297 1.92497 77.9259 10.0774 7.93946 26.289 43.0121 3.17315 0.849168 14.6904 
52.6926 28.7522 8.87436 13.3583 8.89094 21.3814 9.91765 9.87617 83.1088 79.8647 13.9941 20.7958 1.4459 0 3.14483 5.26179 7.15022 53.4113 10.96 4.79888 27.0159 0.351047 6.61588 10.3799 11.2649 9.80752 0.275132 9.30044 
17.0133 59.8984 32.7401 39.3661 20.6684 7.23251 28.3752 103.228 229.105 125.183 274.49 153.696 63.6992 4.64254 0 34.4879 5.75765 26.1643 31.833 2.61268 6.40725 9.3862 24.9707 22.9611 0.14641 4.11302 19.7793 0.641572 
56.3172 10.6746 2.09268 10.23 3.51186 1.34857 90.3875 156.454 144.113 36.5529 2.19792 375.777 0.128595 2.94443 4.47169 0 25.1983 32.0159 1.80816 9.26803 53.1448 11.9592 0.684134 22.8723 23.7963 23.4348 18.8324 11.9852 
448.094 400.148 1.29553 444.596 147.755 430.45 95.1612 10.9229 454.487 26.6685 60.2303 44.1434 1.093 6.32572 27.5744 14.2212 0 261.693 173.125 8.99194 49.5142 21.2492 4.33314 1.09426 404.907 6.07831 1.94012 24.2884 
11.4042 391.59 26.0137 18.2205 0.141244 68.06 17.9081 170.184 126.192 142.418 94.9604 21.8671 66.6514 24.791 32.9345 0.182253 74.5354 0 139.362 67.7937 11.02 26.951 4.0482 44.5764 56.2658 1.91344 25.1873 3.66043 
108.428 26.711 45.5269 23.029 244.896 7.28679 25.0195 5.89585 37.46 77.4176 28.0445 60.0021 12.0199 4.15576 22.9159 12.8417 84.5212 148.606 0 0.0944198 1.87449 0.0848303 11.5433 8.96329 3.69196 1.08063 12.9937 26.864 
4.2811 0.00560021 26.3237 46.8671 21.3479 6.62972 51.3728 70.3641 26.3288 56.3761 5.20853 11.3101 30.0826 1.72922 10.2891 7.59103 24.5785 74.1657 10.6767 0 332.456 6.37426 0.364181 0.98717 3.55738 3.11226 0.000957851 2.98759 
78.9759 78.1711 126.912 67.1122 27.2172 6.08752 40.5182 139.674 186.52 2.01715 146.457 163.965 12.903 9.69396 0.012339 62.9573 66.5907 21.8998 53.8674 70.4165 0 9.13906 17.3717 36.7606 7.55246 22.5388 23.4366 43.4265 
1.34059 8.51014 0.120053 4.08456 19.0137 0.568767 52.9423 45.1542 7.86328 60.9292 49.8237 76.5131 69.2424 6.49382 7.61192 10.1844 7.78112 12.903 0.00124816 0.327243 30.2155 0 5.28219 2.84039 16.0667 0.0027119 12.5082 7.22776 
0.250138 13.6129 10.657 1.16887 6.56311 0.527628 10.5211 99.7143 47.3781 3.61519e-06 119.288 12.9538 13.9639 7.48951 16.4761 0.0259492 0.101362 1.3059 2.99275 0.231811 19.8335 5.17947 0 2.17495 11.0704 9.26 0.468119 1.88274 
23.2702 53.0386 0.0139306 24.2291 42.3876 17.9173 71.1211 6.4901 19.7937 2.44041 6.28839 5.43449 44.1733 9.20351 27.668 3.94793 17.3374 7.86377 3.85463 5.80773 47.7636 5.40328 16.3889 0 45.393 0.36327 0.150154 0.238748 
430.049 393.228 19.7247 421.723 0.239257 397.166 33.2063 123.518 468.608 70.8185 1.09845 820.947 4.04791 13.0759 0.682168 27.5774 396.904 53.7875 30.8466 11.5783 1.39349 22.9698 26.5075 37.3351 0 115.275 161.055 64.4927 
29.9105 28.3099 25.5133 11.1316 45.6932 6.77662 99.2558 20.9726 51.7401 3.68828 79.2169 378.251 49.6587 0.616259 10.7132 27.4992 1.69155 2.33891 26.6634 5.25146 0.125798 1.99694 0.282418 0.056306 36.1938 0 34.3684 61.3742 
24.2536 1.62756e-06 12.1809 3.39627 28.3191 5.17935 51.3568 67.7197 74.9554 39.0683 0.453862 119.856 4.55434 2.94895 12.071 18.5919 21.9834 6.09522 1.03629 7.82589 0.73434 12.5655 10.3631 0.0848441 7.42784 37.0459 0 4.18356 
39.8389 2.53489 1.0556 23.5098 33.7162 13.6618 5.36955 125.359 92.9626 0.217761 1.88167 2.08366 24.1738 11.7748 3.30101 7.20936 16.4407 6.3638 3.2367 7.84147 41.31 7.3538 0.777588 5.07764 27.4847 9.92433 24.2982 0 
