0 753.014 41.2235 636.553 265.517 520.496 114.188 107.312 564.583 62.4561 182.425 5.00512 108.708 48.3336 14.7718 1.32476 495.297 213.46 75.3173 251.529 59.8721 11.4438 28.2507 47.2342 450.068 31.5716 4.34891 2.53307 
684.65 0 394.979 717.717 273.758 551.99 392.854 3.051 628.765 81.4338 200.174 223.388 0.408422 43.9623 36.0191 66.7812 560.319 461.973 156.354 127.639 37.349 0.310725 10.3355 28.6592 490.57 2.72416 1.36712 54.3058 
199.109 80.629 0 24.0311 175.667 45.9422 150.708 0.0222533 38.5222 45.7472 65.4271 60.5025 36.6512 0.0140413 27.043 24.8348 45.0488 161.529 52.9977 23.7642 124.603 12.3635 11.9858 15.2894 26.4217 17.6263 12.0301 6.02857 
682.232 510.123 35.9573 0 138.485 431.427 52.2109 139.64 742.264 86.8744 70.5461 24.7554 71.3339 13.4929 39.4199 0.621137 418.912 49.4279 55.985 46.6185 699.153 16.573 17.0567 25.3041 425.12 15.4618 15.1582 4.91119 
187.675 2.3102 124.697 32.329 0 119.956 26.3255 72.1068 273.892 25.0563 168.502 149.337 178.506 69.7167 94.4433 73.9484 70.4427 104.527 246.284 6.3871 5.42654 0.329749 30.8017 21.9642 0.701604 1.91417 44.4529 49.3377 
468.667 419.601 65.6769 471.617 1076.24 0 1336.73 189.103 570.596 713.541 45.2818 1.99548 186.336 19.955 30.7093 14.4994 452.525 25.0426 63.8809 1.42614 35.379 13.8772 15.7577 10.9761 412.506 0.517609 14.5199 1.85551 
216.288 410.218 112.486 74.6618 232.134 886.135 0 195.377 663.174 496.556 486.502 40.1046 106.562 91.5776 54.0078 61.1964 0.243624 33.3508 76.48 64.3631 61.1938 51.4094 65.1982 6.35038 41.1668 60.2804 60.5083 19.6212 
158.748 208.363 267.717 85.3808 81.5555 3.75872 259.478 0 413.807 224.131 169.31 171.55 36.7138 85.2288 21.5086 32.3692 5.76988 181.51 76.6278 71.911 52.7788 0.393819 64.552 3.39715 3.99759 85.521 15.6358 89.2275 
590.589 454.454 22.237 412.754 43.8751 437.941 1296.75 391.662 0 218.498 418.485 113.364 2.56406 97.8956 79.3339 14.9642 412.05 207.031 9.69888 63.2464 186.568 9.31215 22.5211 2.56693 469.014 2.70429 3.07994 90.5825 
37.5751 109.722 71.8359 41.5665 332.609 129.253 14.3957 108.879 27.9567 0 569.888 49.6405 0.446107 0.219712 21.2056 6.64491 24.4804 144.754 14.0866 30.002 4.46285 0.00641859 17.0308 32.3502 71.3518 30.4479 18.7996 1.00216 
123.075 259.342 206.292 203.93 16.4419 0.399137 451.217 244.556 908.624 0.40694 0 130.882 188.715 48.4207 181.288 3.31979 22.4997 154.158 64.2264 86.2606 35.4963 67.1332 80.0225 121.763 106.685 90.0315 30.0466 43.986 
29.7455 222.137 184.743 20.5482 21.0914 18.4315 257.533 3.50289 287.766 102.893 19.0937 0 8.83787 119.381 0.704187 306.383 31.8924 16.6198 0.862198 1.55783 3.04906 67.6518 2.12345 11.9244 229.477 64.6325 10.1566 153.969 
3.03181 27.4539 72.8196 40.8802 163.566 49.3598 13.3012 116.16 1.91453 328.225 248.719 121.886 0 120.675 26.5086 25.1242 19.6453 95.586 83.8298 1.87061 77.9304 10.4377 7.57983 26.6441 42.8423 3.07768 0.821344 14.8132 
52.6349 29.0446 8.78995 13.2563 9.0841 21.4181 9.58676 9.4746 82.1451 80.1005 12.9471 19.9356 1.82845 0 3.8166 5.05399 7.20106 53.4305 11.0423 4.79819 26.8855 0.330718 6.46099 10.3876 11.344 9.74625 0.285979 9.26211 
16.7598 60.3749 32.6539 39.3439 21.061 7.01807 27.5295 104.7 228.787 124.59 267.682 156.91 62.75 3.90313 0 32.3141 5.82271 26.4069 31.9354 2.5815 6.53081 9.46256 24.9132 22.7628 0.121858 3.96589 19.7891 0.677011 
55.9485 10.4117 2.01267 9.97593 3.38128 1.41274 90.7858 159.44 144.585 35.9625 2.68423 366.119 0.0918855 3.11521 3.54405 0 25.2239 32.2271 1.85286 9.28228 53.3226 11.9577 0.638005 22.5264 23.5502 23.7252 18.8245 11.8576 
472.933 425.018 1.21656 468.999 147.38 454.59 95.4838 11.1349 479.283 26.36 59.9297 43.8819 1.14409 6.2767 27.5282 14.2896 0 263.519 203.283 9.09378 49.3361 21.2495 4.36761 1.07367 429.209 6.02056 1.96372 24.2803 
12.1737 392.909 25.0332 17.5755 0.233954 68.8027 17.0462 169.755 127.458 142.658 95.7343 21.4378 66.2806 24.9588 32.6849 0.160026 77.3999 0 138.894 67.4381 10.7463 27.0443 4.11679 44.6482 56.3498 1.84379 25.0876 3.72999 
108.724 25.8702 45.2398 23.3084 242.089 6.93458 24.3097 6.09945 38.1608 76.7259 27.5794 60.3382 12.2597 4.09579 22.783 12.7487 88.1874 148.407 0 0.0814147 1.80404 0.0778031 11.6032 9.02191 3.63875 1.11311 13.043 26.8647 
4.82304 0.0282635 26.3976 46.7432 20.9334 6.529 50.8791 69.7543 25.8885 56.3646 5.04938 11.5824 30.2043 1.71627 10.3141 7.62006 24.475 73.8587 10.5562 0 332.424 6.37565 0.358284 0.973856 3.59624 3.14916 0.00149605 3.01539 
80.8499 79.1765 126.992 62.3253 26.773 5.91729 41.1093 140.809 186.405 1.91735 146.284 164.216 12.7398 9.80353 0.0187261 62.9405 66.5251 21.5321 53.6704 76.0374 0 9.08097 17.2665 36.8843 7.68895 22.7634 23.3293 43.3202 
1.30565 8.6179 0.113564 4.04788 19.1798 0.593964 52.7846 45.3435 7.72661 60.9023 50.0894 76.49 69.7214 6.55112 7.53608 10.1502 7.73928 12.9924 0.00227338 0.333077 30.1802 0 5.39561 2.90406 16.0801 0.00377273 12.5185 7.25063 
0.229337 13.45 10.6923 1.20404 6.44361 0.50447 10.7396 99.8641 47.8737 0.00121651 119.81 12.4933 13.5029 7.34961 16.714 0.0174111 0.09548 1.26611 2.95264 0.227032 19.7274 5.2924 0 1.92789 10.9024 9.28902 0.449716 1.90915 
23.4791 52.8848 0.0103371 24.1573 42.544 17.9275 71.178 6.87128 19.4253 2.33469 5.96051 4.90295 44.5268 9.1418 27.7306 4.23457 17.3019 7.76566 3.89923 5.79732 47.7829 5.32651 16.7255 0 45.2332 0.392013 0.166282 0.253765 
454.105 417.434 19.5997 445.894 0.267633 421.419 33.6191 121.997 493.639 70.7497 0.948638 856.299 3.94451 13.1451 0.628312 29.9009 421.333 53.8954 30.8531 11.5454 1.33246 20.5263 26.4531 36.813 0 113.872 174.668 52.0958 
30.2718 28.6612 25.4344 11.3798 45.4387 6.88937 99.1992 22.362 50.8866 3.85996 80.4252 375 49.534 0.646639 10.5059 27.7354 1.6582 2.26211 26.6042 5.20972 0.105789 1.97313 0.297778 0.0456529 36.2387 0 34.21 61.6733 
24.11 0.00034667 12.2382 3.45717 28.2002 5.22912 51.4874 68.1112 75.0791 39.1776 0.499454 119.744 4.49275 2.97963 12.0027 18.5728 21.9715 6.02659 1.05633 7.84913 0.762038 12.5748 10.4059 0.073418 7.481 37.1281 0 3.61981 
39.6384 2.45242 1.0922 23.3807 33.5525 13.5838 5.22649 125.764 92.7513 0.244725 2.01732 1.80857 24.0433 11.763 3.22675 7.09081 16.3919 6.45275 3.27774 7.87098 41.4264 7.33112 0.759661 5.1331 27.6056 10.5346 25.5443 0 
