0 821.673 35.4665 691.092 263.706 560.197 107.491 114.98 596.328 65.0801 180.826 6.36966 108.504 47.9798 15.5031 1.03615 531.678 216.523 73.6502 262.547 54.7949 11.7101 27.8204 46.7352 488.577 30.4816 4.59239 2.28738 
754.153 0 418.593 750.601 298.988 597.567 413.842 4.6091 679.595 75.8317 195.144 223.472 0.678407 43.0907 34.6007 67.7484 597.051 872.79 154.252 125.564 39.849 0.381506 9.89666 29.313 528.138 3.1328 1.23153 53.8285 
195.419 56.7217 0 13.3356 178.255 47.7331 159.899 0.531168 55.3356 43.3025 59.0112 56.3715 37.6838 0.00319116 27.5679 24.859 44.4147 162.252 53.6657 23.3921 125.315 12.3344 11.9213 15.227 26.62 18.0558 12.2026 6.2575 
734.211 535.327 89.0829 0 135.737 470.423 47.2878 657.377 778.352 85.3276 65.9696 29.5699 71.0499 13.7972 39.4508 0.85378 456.014 52.2384 55.4385 46.1999 138.724 16.6043 17.1995 25.1365 462.034 16.2826 14.8824 5.21802 
193.925 6.82848 129.756 35.3387 0 115.606 34.9978 75.8461 265.248 31.3291 173.68 147.372 178.427 69.8645 94.1893 74.1558 67.658 99.6044 237.787 5.65886 4.78953 0.414626 30.2422 21.4351 0.56745 1.66397 44.2383 48.9931 
509.029 454.541 65.1388 510.151 508.862 0 750.245 192.647 634.549 649.667 52.2535 2.7377 641.394 20.1513 31.4571 14.0605 489.378 23.2683 62.0743 1.27057 34.43 14.0894 15.8357 10.7708 450.178 0.416774 14.6729 1.72774 
210.819 430.121 103.099 80.2235 215.151 854.905 0 181.977 798.327 487.114 484.324 44.7118 101.668 92.3063 50.9257 62.9545 0.127999 29.9867 73.5533 65.7418 63.1429 50.9066 64.6332 6.85948 39.8889 61.8165 60.5364 18.8915 
150.763 202.017 270.811 116.929 85.3991 2.42733 246.403 0 382.805 224.214 179.389 118.572 35.0259 87.3376 18.7405 26.5577 6.25197 181.55 77.9358 73.7199 55.9714 0.491324 65.9804 2.62079 5.45472 78.6589 16.5557 87.0033 
633.614 484.237 11.8413 449.562 50.7268 489.389 1306.71 422.48 0 231.719 40.3678 102.981 3.47163 94.7361 56.9918 13.1396 449.709 208.748 8.54762 64.751 186.207 8.87395 23.7678 3.02543 504.528 2.02534 2.78318 89.846 
35.3187 103.783 69.3992 43.4773 332.125 172.358 24.4266 104.382 35.29 0 553.074 54.0854 1.91035 0.0845515 23.8855 7.61444 23.5808 145.213 12.7538 30.679 4.91825 0.0322677 17.804 33.162 71.2276 29.2886 18.3837 1.17627 
126.134 261.22 211.295 203.873 19.186 0.00655795 440.685 234.857 897.915 3.87309 0 148.049 183.592 53.9354 159.976 5.23329 21.714 152.736 62.5292 86.1374 37.1013 66.5387 77.5181 120.649 109.056 93.6392 30.9287 42.4783 
26.8558 221.453 185.845 16.5012 22.7817 16.5095 261.217 0.259305 298.216 97.534 12.4765 0 9.90935 122.89 0.0633544 273.52 32.6486 15.4877 0.682922 1.25548 2.44672 67.1423 1.57408 14.4109 226.723 80.7555 9.17356 151.27 
3.47297 25.726 72.9907 39.9757 165.315 39.1913 15.7365 117.77 1.2562 330.41 250.271 123.804 0 115.824 24.1758 23.7373 19.1065 96.2656 84.1142 1.712 77.9363 11.5512 6.54682 27.7144 42.3285 2.79961 0.740578 15.1833 
52.4543 29.9247 8.53653 12.9498 9.6744 21.5213 8.62429 8.31601 79.2429 80.7693 10.0365 17.4506 3.2408 0 6.18766 4.44744 7.35413 53.4817 11.2898 4.79565 26.4935 0.27328 5.98568 10.4002 11.5795 9.56018 0.319749 9.146 
16.0075 61.7965 32.3797 39.263 22.254 6.39065 25.0511 109.096 227.587 122.703 246.823 166.475 59.8985 2.05158 0 26.0043 6.01962 27.1371 32.2387 2.48877 6.90763 9.69135 24.7118 22.1514 0.0616875 3.53852 19.8155 0.788921 
54.833 9.63981 1.78121 9.22746 3.00363 1.61355 91.9498 168.297 145.919 34.2016 4.42984 335.805 0.0186801 3.65035 1.39235 0 25.2985 32.8606 1.99001 9.32363 53.848 11.951 0.508823 21.4528 22.8031 24.5794 18.797 11.4745 
511.915 464.148 0.994334 506.662 146.191 491.471 96.4331 11.781 518.138 25.4406 59.0252 43.0977 1.30432 6.13034 27.3875 14.4947 0 268.628 505.537 9.40136 48.7985 21.2493 4.47158 1.01299 466.584 5.84851 2.0353 24.2548 
14.6244 394.321 22.1867 15.7013 0.651249 71.0246 14.5791 168.425 131.24 143.338 98.0511 20.1717 65.1639 25.4623 31.9371 0.102012 86.1926 0 137.435 66.3582 9.9439 27.3235 4.32567 44.8597 56.596 1.6424 24.7881 3.94228 
109.581 23.4152 44.3685 24.1506 233.367 5.92632 22.2313 6.72997 40.2886 74.6399 26.2012 61.3437 12.9902 3.91805 22.3831 12.4703 99.4333 147.749 0 0.0481679 1.60065 0.0585355 11.783 9.19831 3.48115 1.21336 13.1908 26.8651 
6.93513 0.200604 26.6071 46.3399 19.7074 6.22986 49.3959 67.9188 24.583 56.3193 4.58572 12.4161 30.5676 1.67756 10.3879 7.70626 24.1625 72.9211 10.1968 0 330.668 6.3795 0.340864 0.934361 3.71362 3.26069 0.00382681 3.09934 
86.5351 82.2029 127.155 48.469 25.4569 5.42001 42.8977 144.185 185.999 1.63306 145.736 164.925 12.255 10.1349 0.0458452 62.8786 66.3215 20.4439 53.0751 93.7622 0 8.90738 16.9517 37.2526 8.10459 23.4396 23.0073 42.9978 
1.20353 8.94426 0.0951746 3.93852 19.6801 0.672724 52.3061 45.9088 7.32294 60.8084 50.8837 76.4103 71.135 6.72219 7.30905 10.0459 7.61405 13.2617 0.00717807 0.350882 30.0729 0 5.739 3.09815 16.1207 0.00800478 12.5484 7.31898 
0.172314 12.9653 10.7966 1.31244 6.09081 0.438024 11.4059 100.286 49.3617 0.0209084 121.324 11.1572 12.1587 6.91296 17.4179 0.00198259 0.0788869 1.15033 2.8337 0.212976 19.4092 5.63437 0 1.26886 10.4006 9.37404 0.39666 1.9892 
24.1076 52.4169 0.00276482 23.9362 43.0099 17.9548 71.3346 8.0762 18.3359 2.03103 5.02716 3.46903 45.5811 8.9487 27.8916 5.14324 17.1947 7.47412 4.03429 5.76558 47.8352 5.09753 17.6736 0 44.6895 0.484641 0.219544 0.30148 
490.739 454.532 19.2217 482.869 0.362254 458.65 34.8634 117.397 533.188 70.5256 0.564684 799.554 3.64174 13.3496 0.479828 37.0209 459.09 54.2137 30.8702 11.4457 1.15741 16.4858 26.2787 35.3587 0 103.675 193.345 20.0935 
31.3604 29.7211 25.1892 12.135 44.6717 7.23134 98.9968 26.7649 48.3479 4.39669 84.0519 363.984 49.1528 0.741928 9.89035 28.4179 1.55999 2.03915 26.4244 5.08481 0.0561344 1.9024 0.34621 0.0203763 36.3568 0 33.717 62.4476 
23.6795 0.00621565 12.4098 3.64256 27.843 5.37938 51.8746 69.2781 75.4409 39.5021 0.649258 119.372 4.31021 3.07228 11.7972 18.5116 21.9348 5.82274 1.11751 7.91857 0.848147 12.6019 10.533 0.0440823 7.67745 37.3531 0 2.16605 
39.0344 2.21283 1.20552 22.9905 33.0603 13.3493 4.80815 126.934 92.0995 0.33497 2.45198 1.09932 23.6515 11.7254 3.00837 6.73847 16.2449 6.72277 3.40221 7.95909 41.7723 7.26285 0.70705 5.30024 27.9751 12.4509 29.3923 0 
