0 776.313 24.4991 616.938 258.788 457.136 93.5944 131.486 476.656 70.6669 177.16 9.77028 107.973 47.2019 17.0881 0.542057 421.808 222.335 70.0887 278.752 44.6224 12.2781 26.9071 45.6536 383.262 28.2059 5.12599 1.80845 
713.23 0 455.605 629.901 350.994 506.671 453.555 8.92534 599.87 64.3855 184.171 223.18 1.47042 41.2359 31.6495 69.7229 487.69 382.444 149.452 120.795 45.3116 0.554549 8.99521 30.6955 420.769 4.08504 0.968061 52.7934 
186.177 18.9738 0 12.634 182.804 51.3439 178.577 3.79767 98.9556 38.2346 46.2428 47.9406 39.8603 0.00554167 28.6233 24.8599 43.032 163.123 54.9997 22.5618 126.448 12.2678 11.7749 15.0804 27.0046 18.9469 12.564 6.74908 
653.142 403.783 191.2 0 129.578 366.229 37.4812 776.238 664.755 81.9251 56.5883 40.9211 70.3802 14.4343 39.4464 1.46282 347.779 58.2773 54.2248 45.164 113.599 16.6643 17.4883 24.7524 353.393 18.0434 14.2987 5.89022 
206.592 23.9957 140.033 41.9998 0 99.7953 56.8832 83.8828 246.107 46.5691 184.354 143.073 177.873 70.1068 93.5162 74.5185 61.8242 89.3302 218.46 4.25846 3.57139 0.625391 29.0589 20.3266 0.330635 1.1921 43.7714 48.2451 
407.666 343.49 63.6458 404.703 1032.86 0 1284.47 199.353 584.82 587.724 68.1646 4.6801 670.781 20.5352 32.9764 13.133 380.545 19.6913 58.1605 0.970236 32.4356 14.5314 15.9856 10.3342 343.13 0.23935 14.9917 1.47184 
198.638 467.076 83.7569 92.1659 179.477 714.247 0 154.083 1056.24 459.123 474.971 55.087 91.3987 93.6767 44.5609 66.6199 0.00502573 23.3976 67.4035 68.5917 67.2775 49.819 63.38 7.99142 37.2079 65.0175 60.5632 17.3814 
133.962 188.239 275.214 167.084 93.6159 0.564064 218.287 0 316.168 223.796 200.706 36.5393 31.5549 91.6848 13.4646 16.0143 7.32865 181.382 80.6601 77.4874 62.898 0.732227 68.9532 1.30768 9.2441 64.6778 18.5658 82.2367 
537.489 362.911 0.512182 343.891 66.51 419.798 1235.68 484.484 0 258.952 981.647 82.197 5.82775 88.0406 23.1431 9.64632 342.703 211.971 6.3441 67.8947 185.144 7.97885 26.475 4.11245 392.928 0.910729 2.20457 88.2076 
30.7222 91.3997 64.183 47.5518 328.607 269.017 53.5665 94.9385 53.2178 0 508.209 63.9037 8.30241 0.00725845 29.9374 9.85522 21.7161 145.971 10.1354 32.103 5.94819 0.151822 19.468 34.8681 70.8773 26.8709 17.5115 1.58853 
132.486 264.417 220.735 202.998 25.6082 1.16944 414.626 213.962 861.88 22.5829 0 186.207 172.406 66.1862 116.892 10.6458 20.0884 149.57 58.9523 85.8005 40.5663 65.2445 72.1845 118.063 113.894 101.182 32.8093 39.3292 
21.1831 219.55 187.49 9.34186 26.5303 12.7641 268.179 30.3636 319.165 86.3995 3.0603 0 12.3578 129.999 0.977544 203.357 34.2565 13.2149 0.372675 0.723179 1.39021 66.0272 0.681734 20.3548 206.844 118.846 7.25061 145.164 
4.49899 22.2271 73.2575 38.0596 168.675 22.568 21.4876 121.067 0.318875 331.683 252.705 127.733 0 104.971 19.5238 20.8908 17.9835 97.6336 84.636 1.39939 77.9121 14.0571 4.59856 29.9968 41.2222 2.25369 0.583564 15.9718 
52.0354 31.7938 8.00122 12.2998 10.971 21.7043 6.74541 6.10341 73.0856 81.9884 5.06649 12.694 7.49467 0 12.7496 3.26184 7.67988 53.5587 11.8147 4.78807 25.6619 0.169637 4.94871 10.3748 12.0662 9.15699 0.397026 8.89546 
14.4604 64.7558 31.7262 39.0234 24.8456 5.14704 20.1303 118.239 223.865 118.2 201.507 186.122 53.8851 0.0703242 0 14.2411 6.44322 28.6898 32.86 2.29711 7.73291 10.1721 24.1477 20.7851 0.0012625 2.70739 19.857 1.05207 
52.4366 8.09666 1.33593 7.71929 2.27716 2.07821 94.2485 186.312 148.343 30.5473 9.49891 267.294 0.04615 4.88134 0.102618 0 25.4462 34.1948 2.29436 9.40384 54.9169 11.9256 0.282593 19.0362 21.1899 26.2862 18.7206 10.6659 
407.58 360.404 0.597719 399.509 143.383 382.692 98.3449 13.1961 413.536 23.5308 57.1025 41.4431 1.67621 5.82493 27.0796 14.9266 0 277.504 159.315 10.0608 47.6495 21.2436 4.6939 0.890414 358.878 5.49134 2.19017 24.1945 
20.4759 390.914 16.665 12.0553 2.2149 75.6733 9.96998 165.405 139.133 144.566 102.909 17.6071 62.7886 26.5268 30.3627 0.0222105 105.571 0 134.1 64.0174 8.34407 27.9089 4.78169 45.2878 57.0866 1.25456 24.1546 4.40795 
111.24 18.5789 42.4853 25.9457 213.638 4.04292 18.1037 8.15606 44.9002 70.1876 23.3799 63.4504 14.5885 3.55365 21.5347 11.886 123.733 146.061 0 0.00645951 1.21036 0.0268287 12.1621 9.57279 3.15857 1.43847 13.5023 26.8573 
13.7264 1.07644 26.9885 45.3352 17.2112 5.61379 46.26 64.0152 21.9067 56.1702 3.67651 14.256 31.3242 1.59653 10.5384 7.8837 23.4932 70.8624 9.45087 0 318.961 6.38602 0.305387 0.853232 3.96524 3.50008 0.0122734 3.27893 
98.8001 88.614 127.119 25.7446 22.7628 4.43701 46.7425 151.143 184.843 1.1067 144.433 166.209 11.257 10.847 0.142258 62.6917 65.86 18.2224 51.8 134.397 0 8.54438 16.2897 38.0153 9.01213 24.8799 22.3268 42.3001 
1.00117 9.64886 0.0616489 3.71114 20.7461 0.854455 51.2673 47.0891 6.50237 60.5457 52.5433 76.1899 73.9962 7.07884 6.83334 9.81798 7.35125 13.8351 0.0265382 0.389891 29.8402 0 6.47659 3.52232 16.2092 0.0220989 12.6067 7.46193 
0.0786056 11.9631 11.0085 1.5554 5.37495 0.312801 12.8653 101.039 52.5068 0.141439 124.259 8.56388 9.52108 5.9252 18.8454 0.0196221 0.0490325 0.923735 2.58957 0.184702 18.738 6.36978 0 0.315033 9.3547 9.54355 0.295302 2.16224 
25.442 51.3979 0.00260741 23.4424 43.9749 17.9967 71.5952 10.916 16.1176 1.45745 3.30925 1.24568 47.7722 8.50442 28.098 7.27671 16.9645 6.87382 4.32536 5.69599 47.9194 4.62171 19.3228 0 43.2351 0.711202 0.355881 0.415346 
381.464 346.31 18.4105 374.278 0.608549 350.654 37.5178 107.535 430.006 69.9664 0.0789487 164.647 3.0398 13.7657 0.231329 50.4987 352.197 54.859 30.8933 11.2298 0.827699 25.1455 25.858 33.1552 0 62.8634 119.849 14.445 
33.6793 31.986 24.6319 13.7774 43.0374 7.97041 98.407 37.1581 43.0972 5.63675 91.6958 334.992 48.3123 0.963087 8.62499 29.7192 1.36195 1.60529 26.0344 4.82254 0.00253645 1.75642 0.45995 5.02835e-05 36.5242 0 32.5921 63.4614 
22.7725 0.0424126 12.7688 4.04734 27.0867 5.70097 52.6686 71.7019 76.1588 40.1707 1.02928 118.415 3.93577 3.27073 11.3605 18.3646 21.853 5.40222 1.25203 8.06361 1.0447 12.6544 10.795 0.00657432 8.26568 37.7213 0 0.306199 
37.7476 1.74623 1.46194 22.153 32.0168 12.8517 3.97863 129.172 90.6351 0.571577 3.50489 0.177484 22.8233 11.6362 2.56899 6.01247 15.9326 7.30809 3.67145 8.14311 42.4866 7.11743 0.601748 5.65666 28.7852 16.8712 37.9389 0 
