0 913.652 0.774194 681.804 227.219 463.934 45.8448 195.66 424.301 92.245 159.716 28.9664 104.703 43.8499 23.6231 0.122691 405.604 235.653 56.102 217.845 14.1044 14.5255 23.3627 41.1817 385.142 19.9086 7.41063 0.483719 
894.801 0 405.693 537.787 502.645 552.261 526.518 37.5919 686.501 27.1453 139.026 216.244 7.24676 34.0111 21.0575 76.3506 470.61 569.661 127.028 98.393 68.1508 1.51334 5.87371 35.9877 413.969 8.81823 0.248048 48.4992 
136.26 65.7995 0 212.436 187.91 62.2178 233.833 41.9961 317.077 20.6357 10.1482 20.5333 48.052 0.331349 31.9073 24.2345 37.2502 158.208 59.071 18.9012 126.038 11.9484 11.0914 14.3367 28.0321 22.1065 13.9077 8.72303 
679.02 340.255 377.273 0 102.396 373.149 9.28164 913.553 599.129 67.4727 25.5653 96.1489 66.9545 16.7816 38.5552 5.19633 339.222 82.0783 48.8745 39.4494 552.328 16.8146 18.4271 22.9195 343.163 24.9669 12.0572 8.74722 
246.343 169.624 172.111 70.4218 0 12.9178 174.843 115.803 166.032 124.549 220.809 124.883 170.949 70.1521 89.2574 74.9512 40.5384 52.6415 134.246 0.696175 0.535352 1.82772 24.5165 16.205 0.0124913 0.106248 41.8105 45.1303 
424.517 346.707 53.8759 403.539 605.913 0 390.192 214.164 768.734 476.812 138.826 16.6224 272.7 21.5991 37.8883 9.6301 368.795 8.4017 42.4155 0.18646 24.9759 16.1335 16.3699 8.63649 338.837 0.013058 16.1549 0.671159 
146.274 525.695 23.2099 137.802 60.1002 29.3893 0 60.4099 1115.48 277.995 385.452 101.489 54.2369 96.7238 22.8026 79.8089 1.06081 5.31394 44.7556 78.5736 83.1905 45.3408 57.8645 13.0074 27.2729 76.5588 60.2568 12.0181 
73.3816 132.782 264.577 257.103 125.712 5.51715 112.689 0 88.8885 214.828 278.599 165.55 19.557 106.66 1.12896 0.327198 12.1739 177.604 90.5478 91.0355 91.2442 2.09359 79.6519 0.480753 32.001 21.0145 27.0551 63.4391 
568.875 337.222 89.8992 383.023 139.73 621.21 288.112 646.55 0 345.876 1366.71 21.4411 20.1541 62.9685 146.719 1.13526 339.464 219.039 0.885886 79.3713 177.377 4.93945 37.6486 9.72249 371.555 0.729879 0.599574 80.9389 
15.5483 47.961 43.9841 63.3189 285.707 494.449 237.095 60.3868 145.812 0 263.18 105.637 70.0389 2.31903 56.8216 20.6334 15.0639 146.179 2.75316 37.4484 10.7313 1.42204 26.1654 41.2369 68.4447 18.125 14.2554 3.71924 
155.079 266.702 240.669 190.378 57.3338 29.6749 279.369 132.892 697.895 212.103 0 340.87 126.491 117.518 7.41135 46.8242 14.3023 135.53 45.4671 83.5529 54.6779 59.8242 51.6769 105.432 129.94 128.203 40.1951 27.839 
5.35159 206.694 185.08 0.787155 42.9679 2.68984 283.735 503.831 380.809 47.4326 26.0465 0 23.9555 152.43 31.8303 10.9347 40.5421 6.05876 0.0487908 0.0366763 0.0944314 61.2844 0.685753 50.6344 331.612 283.529 1.90241 117.501 
9.58838 10.8855 73.0813 30.7045 177.087 39.4927 50.3433 132.274 2.47278 295.558 251.209 141.087 0 59.8743 5.81252 11.2505 13.8797 102.002 85.629 0.485982 77.3563 25.3634 0.270761 38.8855 36.7384 0.694761 0.152928 19.0738 
49.966 39.0295 5.97741 9.80009 16.5306 21.956 1.60132 0.731335 49.7817 84.1283 1.75563 1.28366 37.7579 0 46.3319 0.313258 8.95898 53.4614 13.8516 4.73091 22.4361 0.000304317 1.3358 9.64028 13.7726 7.50934 0.767361 7.87448 
9.10594 75.392 28.3536 37.2572 35.5497 1.5317 5.81663 150.126 195.749 95.4108 47.8755 247.813 31.8583 16.3721 0 3.54276 8.16288 34.74 34.9875 1.61806 11.2531 11.9667 20.4094 14.8904 0.608359 0.509205 19.8331 2.38684 
42.8663 3.34015 0.208235 3.01486 0.409309 4.33784 100.895 240.788 152.424 17.7114 44.5882 37.4835 2.42695 10.3767 32.3109 0 25.8848 39.2407 3.64331 9.62017 58.4729 11.6865 0.0308749 9.17686 14.802 31.2279 18.1981 7.62929 
412.914 371.316 0.00855034 393.705 129.139 371.083 104.436 19.2369 417.924 16.6647 49.5988 35.1394 3.51978 4.70109 25.7652 16.5624 0 285.285 451.635 12.7028 43.0804 21.1557 5.58011 0.490676 351.695 4.20123 2.8313 23.8822 
50.5539 468.462 2.49931 2.36271 16.535 92.5629 0.328123 151.314 167.593 146.617 120.897 9.22975 53.5185 30.6055 24.4238 0.255457 183.629 0 118.405 54.401 3.44584 30.1011 6.71521 46.689 58.592 0.245754 21.7124 6.41029 
115.639 4.90251 34.8414 32.96 128.935 0.123564 5.91575 14.7692 63.7785 52.8734 13.7908 71.2825 21.3686 2.30013 18.2483 9.69719 199.258 135.99 0 0.205976 0.214256 0.0186694 13.6094 11.0312 2.05213 2.46928 14.6892 26.7179 
64.6462 10.6706 27.6527 39.7229 8.95335 3.47691 34.3785 48.9527 12.7856 54.9313 1.09656 22.2388 34.0842 1.29557 11.044 8.50185 20.8224 62.084 6.77262 0 194.687 6.39082 0.186139 0.571594 4.97353 4.46165 0.0890808 3.99492 
147.055 113.003 122.254 56.6763 13.5963 1.54445 62.1824 175.184 176.736 0.032389 137.647 168.399 7.76356 13.7258 1.00276 61.2744 63.6955 10.7246 46.6997 285.498 0 7.19759 13.7919 40.7413 12.8493 30.5222 19.7168 39.4198 
0.394336 12.5378 0.000270293 2.88493 24.9375 1.74084 46.9513 51.4304 3.76952 58.7396 58.652 74.6948 83.1485 8.36577 5.07329 8.85591 6.36341 16.0913 0.214142 0.557342 28.8692 0 9.35022 5.29774 16.5923 0.140957 12.771 7.99227 
0.0565909 8.40622 11.7115 2.65734 3.00964 0.0263966 19.0652 102.163 64.4375 1.58905 131.949 1.69562 2.23084 2.08379 23.2452 0.707884 5.13895e-05 0.281704 1.74369 0.094209 16.1798 9.24466 0 2.60146 5.64839 10.0603 0.0437034 2.87262 
30.6133 47.1228 0.200988 21.2334 47.4268 17.955 71.7033 25.2194 8.74568 0.131431 0.0306551 3.10841 55.597 6.44137 27.1933 16.9768 16.0344 4.77011 5.51398 5.39797 47.9099 2.92805 20.0042 0 34.3927 1.95017 1.17203 1.01333 
368.272 338.02 15.1748 363.299 2.1337 342.544 47.9072 69.5205 439.03 66.7657 2.32365 265.042 1.21563 15.1371 0.113092 32.1009 348.184 56.9877 30.8188 10.3373 0.0721053 83.5301 23.6826 42.9724 0 91.8541 134.845 20.1817 
42.7152 40.9108 22.0374 20.511 36.6305 10.9823 94.1516 87.7657 24.8297 11.6508 119.834 178.561 44.6688 2.04624 4.35438 32.675 0.721619 0.414731 24.4107 3.84133 0.443228 1.24114 1.03531 0.337411 36.1293 0 27.364 59.3899 
19.3315 0.480744 14.1004 5.75846 24.1652 6.985 55.407 80.4038 78.3182 42.5157 3.27935 112.618 2.64156 4.06434 9.66468 17.5815 21.4839 3.91664 1.8351 8.59911 1.98339 12.7959 11.711 0.171213 12.3172 37.7549 0 8.69091 
32.6972 0.460317 2.65324 18.8031 27.9761 10.9237 1.49819 134.673 83.9662 2.05163 9.1882 3.93952 19.6472 11.1715 1.17815 3.50587 14.7094 9.73896 4.78348 8.82125 45.0123 6.54486 0.273006 7.05566 32.1235 36.4613 70.8401 0 
