0 1028.79 0.00113244 793.354 217.967 577.301 37.1096 209.14 526.189 96.8901 155.262 34.3516 103.732 43.0447 25.1321 0.346082 514.732 236.544 53.0262 194.831 9.55165 15.0297 22.5835 40.144 498.302 18.2133 7.95832 0.305132 
1023.09 0 358.238 625.78 519.666 671.476 522.762 46.1643 813.675 20.8065 128.857 213.528 9.06941 32.4262 18.9368 77.5771 578.973 418.935 121.431 92.8326 73.4357 1.78465 5.26756 37.1333 525.083 10.0691 0.153026 47.498 
123.345 112.802 0 258.43 186.33 63.8019 241.054 55.0098 362.132 17.3223 5.56808 15.8519 49.7832 0.468642 32.4422 23.9674 35.9038 155.428 59.7221 18.0219 124.94 11.8653 10.9175 14.1374 28.1581 22.7284 14.1908 9.16927 
781.241 448.51 414.459 0 95.9349 487.473 5.50171 1222.08 691.482 64.0955 20.1355 109.839 66.0321 17.2675 38.1786 6.282 450.288 87.2536 47.5738 37.8811 431.865 16.8304 18.5946 22.4482 453.853 26.4736 11.57 9.42335 
252.714 212.752 177.113 76.9974 0 34.0171 204.775 122.845 148.214 144.209 227.558 120.608 168.454 69.974 87.9857 74.841 36.2343 45.4747 115.518 0.316317 0.226998 2.17272 23.5297 15.3373 0.068826 0.0248059 41.3471 44.4007 
540.759 464.962 51.0246 515.474 703.278 0 298.736 214.91 904.069 707.833 154.977 20.1128 153.544 21.7405 38.7328 8.89093 478.983 6.51169 38.9429 0.0958309 23.4037 16.461 16.4125 8.26403 450.765 0.0608252 16.3954 0.535867 
134.201 518.549 14.3791 147.123 40.8475 57.5708 0 44.4911 916.489 231.117 356.799 112.63 46.9005 96.9059 18.7955 82.4419 1.61323 3.02334 40.1356 80.5136 86.6327 44.304 56.5227 14.2351 25.2065 78.8774 60.1033 10.9473 
61.6511 120.622 256.618 328.196 132.682 9.11459 92.0269 0 54.2007 211.363 293.837 276.318 17.2479 109.494 0.232563 2.50056 13.3775 176.126 92.5679 93.7491 97.6747 2.48255 81.8045 1.19963 38.493 14.2929 29.0553 59.3127 
686.975 451.938 132.273 511.419 157.426 779.339 116.555 659.447 0 359.355 789.051 13.0687 24.3288 57.8163 117.155 0.374869 451.809 219.422 0.351045 81.7179 174.927 4.36263 40.2205 11.2374 479.9 1.56141 0.381678 79.1595 
12.8262 39.7779 39.6916 66.7073 270.921 488.022 283.961 53.4229 169.212 0 206.519 115.281 89.8168 3.364 63.1503 23.383 13.7308 145.651 1.74164 38.5801 11.9451 1.86886 27.6747 42.5733 67.689 16.36 13.5664 4.29759 
159.542 265.063 241.251 185.771 65.5437 40.4778 245.812 115.979 589.195 269.008 0 372.733 116.217 128.858 0.686558 57.4133 13.1411 132.1 42.6065 82.8635 57.9016 58.5517 47.3079 102.163 132.823 133.487 41.8335 25.4884 
3.24784 202.771 182.724 3.07204 46.9436 1.4627 284.629 638.525 389.418 40.0309 43.0975 0 26.9214 156.092 43.7236 0.427956 41.9338 4.84267 0.162487 0.176388 0.400972 60.1563 1.41476 58.4956 350.642 315.672 1.18372 110.788 
10.9348 8.89066 72.7884 29.1136 177.929 49.1094 57.852 134.387 4.15313 279.894 248.593 143.598 0 50.2898 3.82636 9.4674 13.0309 102.762 85.6296 0.34813 77.1371 28.1279 0.0258055 40.8214 35.7151 0.470676 0.0955454 19.765 
49.4189 40.6073 5.5489 9.2594 17.857 21.9143 0.939801 0.247538 44.9157 84.0436 4.43355 0.350088 46.6617 0 52.5524 0.0762508 9.24394 53.3568 14.2993 4.71251 21.727 0.0124874 0.788377 9.35377 14.1049 7.13488 0.863555 7.64066 
8.07195 77.5251 27.4534 36.699 38.0126 1.01219 3.77882 156.109 187.048 89.5351 26.0536 257.053 27.4773 23.6294 0 9.626 8.55726 36.0718 35.3946 1.48246 12.0925 12.3436 19.314 13.5364 0.916036 0.255603 19.789 2.74366 
40.7286 2.5628 0.0907751 2.25067 0.200764 4.92359 101.853 248.418 152.179 15.2403 55.0057 12.4102 3.41781 11.6171 44.1323 0 25.9532 40.3204 3.97503 9.64766 59.1271 11.6047 0.109416 7.20069 13.4231 31.8936 18.0364 6.99343 
526.752 487.021 0.0797611 505.071 125.366 481.287 105.487 20.678 531.582 15.2764 47.9419 33.7778 4.00917 4.46634 25.4509 16.9142 0 281.247 105.299 13.3001 42.052 21.1225 5.78055 0.418476 462.916 3.9372 2.98128 23.7969 
58.4956 488.856 1.04152 1.22258 21.3268 95.963 0 147.751 173.284 146.493 124.637 7.72791 51.4749 31.491 23.1577 0.420649 199.947 0 114.438 52.1966 2.64866 30.5677 7.17533 46.943 58.8393 0.128405 21.1774 6.89222 
116.166 3.04392 33.1127 34.4989 110.335 0.000237348 4.09628 16.443 68.0808 49.1246 11.9832 72.9291 22.9731 2.05825 17.5287 9.2326 208.313 133.078 0 0.325582 0.104148 0.0409884 13.9231 11.3535 1.83908 2.72906 14.9465 26.6642 
79.58 14.0032 27.6242 38.1726 7.46148 3.0646 31.8604 45.7029 11.0655 54.5216 0.730858 24.1584 34.654 1.23217 11.1386 8.62256 20.2207 60.0078 6.23083 0 158.656 6.38756 0.163736 0.516608 5.20171 4.67944 0.115253 4.15651 
157.368 118.176 120.223 65.0298 11.8633 1.10564 65.6582 179.754 174.216 0.000133288 135.802 168.289 7.07443 14.3832 1.29376 60.8188 63.1409 9.31911 45.5467 307.688 0 6.91338 13.2568 41.2915 13.7578 31.7697 19.148 38.75 
0.298063 13.2061 0.00118493 2.71473 25.8702 1.97314 45.9442 52.335 3.26367 58.1797 59.9225 74.2324 84.7077 8.62438 4.70714 8.62912 6.15221 16.5952 0.279092 0.597658 28.6408 0 9.96122 5.70912 16.6866 0.180576 12.7941 8.10404 
0.123489 7.69517 11.8403 2.93215 2.57694 0.00564718 20.5322 102.03 66.9762 2.11016 132.826 0.885807 1.29299 1.4079 23.9117 0.983075 0.0032855 0.190164 1.57871 0.07831 15.6262 9.858 0 4.22884 4.93291 10.1435 0.0183417 3.03675 
31.7453 46.1179 0.286136 20.6906 48.1234 17.903 71.5374 28.9822 7.3987 0.0311411 0.0349558 5.70327 57.1531 5.94086 26.6462 19.1202 15.8215 4.35443 5.7882 5.32653 47.8372 2.59364 18.9065 0 31.9458 2.29342 1.41017 1.17691 
478.2 449.19 14.4521 473.628 2.5879 453.608 50.1895 61.5552 553.487 65.8516 3.67442 550.317 0.92311 15.384 0.26529 18.0663 460.108 57.3768 30.7679 10.1297 0.0162794 62.9418 23.1129 48.8209 0 105.446 53.6896 14.7124 
44.6917 42.8868 21.3845 22.0337 35.2131 11.6686 92.8154 100.297 21.3415 13.2089 125.509 142.152 43.7902 2.32818 3.57699 32.8444 0.607473 0.256805 24.0304 3.63374 0.675986 1.13854 1.18897 0.497717 35.8268 0 26.0658 56.9132 
18.5908 0.639779 14.3803 6.1636 23.5242 7.27513 55.937 82.1581 78.6608 42.9789 3.93566 110.921 2.38972 4.2437 9.29233 17.3656 21.3916 3.61976 1.97655 8.71143 2.2272 12.814 11.8906 0.272227 13.4883 37.469 0 13.5304 
31.5771 0.288172 2.95536 18.0506 27.0891 10.5012 1.10984 135.193 82.3019 2.49395 10.762 6.28093 18.9565 11.045 0.94091 3.02871 14.4373 10.3079 5.04273 8.96296 45.5163 6.41691 0.217603 7.36505 32.8619 40.7872 76.8868 0 
