0 923.56 1.2499 690.5 206.097 483.855 27.7657 224.534 420.022 102.316 149.719 41.2281 102.466 42.0588 26.9513 0.757552 416.676 236.627 49.3936 174.992 5.25963 15.6331 21.6596 38.8893 405.041 16.2701 8.62926 0.146064 
933.721 0 291.899 502.064 530.435 583.382 508.885 57.2523 734.262 14.2866 116.823 209.771 11.4798 30.5529 16.5313 78.9183 479.763 234.796 114.547 86.0354 79.7859 2.13471 4.58653 38.4822 429.338 11.6464 0.0697995 46.2848 
107.659 178.81 0 292.716 183.216 65.2512 246.878 72.1063 408.187 13.7036 1.87734 11.0176 51.7962 0.661449 32.9828 23.592 34.2784 151.385 60.3758 16.9533 123.18 11.7607 10.7007 13.8849 28.2603 23.4274 14.5206 9.70326 
667.878 354.275 333.774 0 88.1468 395.577 2.26673 616.407 571.679 60.0282 14.4494 126.385 64.8618 17.828 37.65 7.67983 354.644 93.3013 45.9786 35.9003 621.121 16.8411 18.7747 21.8593 357.766 28.2375 10.9952 10.2456 
259.015 265.834 181.932 84.8445 0 84.1455 240.6 131.146 127.462 167.949 234.876 115.428 165.062 69.6754 86.3274 74.6149 31.3455 37.495 94.0297 0.0570988 0.029936 2.6194 22.3655 14.3268 0.194513 0.00181569 40.782 43.5144 
450.995 379.77 47.3913 420.497 964.51 0 680.375 214.59 825.178 662.248 173.807 24.6206 190.258 21.864 39.6133 8.03345 382.221 4.56511 34.8696 0.0269505 21.5751 16.8373 16.4434 7.82349 356.104 0.162883 16.6737 0.394549 
119.869 500.807 6.51187 157.594 22.423 212.104 0 28.4314 636.276 176.607 320.014 126.108 38.7067 96.8916 14.4721 85.4182 2.41636 1.13001 34.8703 82.6835 90.6745 43.0507 54.875 15.7466 22.82 81.5102 59.881 9.72991 
48.7455 106.429 244.822 410.132 140.846 14.4875 69.5035 0 23.4359 206.592 310.647 428.624 14.6711 112.612 0.0431885 7.68119 14.8685 174.076 94.8875 96.8263 105.341 2.98555 84.2532 2.46758 46.7691 7.90685 31.4845 54.4546 
598.748 364.052 188.5 438.747 178.693 734.246 8.98112 662.495 0 372.081 1464.55 5.74598 29.7207 51.9425 85.675 0.00533307 357.731 219.325 0.0316067 84.4072 171.688 3.72126 43.3121 13.1593 381.094 2.94835 0.186336 76.9696 
9.90718 30.8792 34.7349 70.6578 251.408 456.456 338.185 45.5447 197.449 0 143.997 126.794 115.191 4.84393 70.7046 26.791 12.213 144.759 0.837002 39.8988 13.4588 2.47568 29.4753 44.1232 66.6926 14.351 12.7617 5.03392 
164.568 262.135 240.114 179.526 75.7525 55.0455 205.962 96.7583 435.133 338.012 0 407.93 104.115 141.979 2.04079 70.8793 11.8163 127.885 39.2722 81.9561 61.7726 57.006 42.2374 98.0836 135.91 139.367 43.7812 22.7933 
1.42199 197.637 179.109 7.69342 51.8095 0.484698 284.486 786.656 397.033 31.9138 68.2588 0 30.6194 159.772 59.7579 6.27306 43.5892 3.57037 0.383536 0.47749 1.0398 58.7793 2.61429 68.2152 334.811 348.563 0.549243 102.633 
12.6347 6.7692 72.3236 27.2437 178.446 54.8697 67.1891 136.722 6.69621 258.437 244.455 146.364 0 39.5173 1.99235 7.52711 12.0492 103.569 85.5285 0.21404 76.8317 31.5095 0.0711427 43.0968 34.4854 0.260701 0.0448249 20.5892 
48.7278 42.4678 5.05076 8.62428 19.4752 21.8197 0.380437 0.00521252 39.3261 83.6833 9.14729 0.00274127 57.8977 0 58.1541 0.00384615 9.58396 53.194 14.8302 4.68796 20.8859 0.0500068 0.314061 8.96198 14.4771 6.68762 0.984506 7.35943 
6.91542 79.9466 26.321 35.9613 40.9717 0.532064 1.9166 162.608 175.77 82.2952 8.36209 265.53 22.5792 32.81 0 20.0533 9.03281 37.6499 35.8487 1.32809 13.1178 12.7811 17.9174 11.9359 1.35989 0.0663874 19.7188 3.19505 
38.1891 1.7697 0.0136433 1.48153 0.0484572 5.65613 102.747 255.05 151.354 12.5029 68.3063 0.139352 4.80319 13.0461 58.1665 0 26.0212 41.5861 4.38485 9.67085 59.8419 11.4942 0.264275 5.07637 11.824 32.4635 17.8231 6.25896 
434.251 397.008 0.257813 409.639 120.624 384.537 106.596 22.4386 438.886 13.6897 45.9742 32.1742 4.62868 4.19346 25.066 17.3282 0 273.866 247.891 14.0156 40.8213 21.0765 6.02112 0.340056 367.385 3.63297 3.16359 23.6878 
68.4151 491.357 0.124356 0.349929 27.7188 99.8178 0.458219 143.322 179.721 146.078 128.96 6.10938 49.0516 32.5354 21.6762 0.669533 218.245 0 109.527 49.5501 1.83554 31.1144 7.73765 47.219 59.0935 0.0380374 20.5429 7.48354 
116.583 1.40248 31.0508 36.3161 89.1042 0.203437 2.35998 18.5269 73.2277 44.7361 9.98607 74.8457 24.9253 1.78718 16.6774 8.68943 215.235 129.322 0 0.502629 0.0243949 0.0787176 14.2932 11.7369 1.60031 3.05267 15.2504 26.5898 
98.2055 18.4747 27.5087 36.2102 5.85313 2.60424 28.9332 41.8986 9.16726 53.9725 0.392015 26.5057 35.3123 1.15825 11.2431 8.75847 19.5009 57.4867 5.61109 0 116.473 6.3817 0.138927 0.454629 5.47524 4.94046 0.150653 4.35021 
169.256 124.181 117.389 62.2996 9.945 0.678534 69.8041 184.8 170.898 0.0571272 133.452 167.883 6.29379 15.1742 1.68614 60.2122 62.4465 7.76878 44.1647 325.308 0 6.58135 12.6285 41.9209 14.8647 33.2502 18.4752 37.9384 
0.201101 14.0142 0.00898921 2.51814 26.9814 2.26567 44.7236 53.3843 2.70818 57.4415 61.394 73.6218 86.3285 8.91795 4.2838 8.35352 5.90415 17.1972 0.367243 0.647171 28.3624 0 10.6655 6.20372 16.8038 0.23387 12.8156 8.23448 
0.236256 6.88561 11.9808 3.27272 2.10481 0.000816897 22.3162 101.695 69.9353 2.8208 133.474 0.261381 0.506508 0.754713 24.5392 1.36256 0.0136502 0.104673 1.3927 0.0613058 14.9734 10.566 0 6.51637 4.14156 10.2275 0.00229859 3.235 
33.0837 44.8967 0.406302 20.0225 48.9203 17.8215 71.2524 33.6947 5.93497 0.00198892 0.380213 9.75724 58.9121 5.33771 25.8456 21.5308 15.565 3.88311 6.11968 5.23904 47.718 2.21729 17.1153 0 28.9035 2.73091 1.71905 1.38554 
381.155 353.69 13.593 377.023 3.18165 357.915 52.8856 52.449 461.622 64.6727 5.66573 603.458 0.627223 15.6498 0.528024 5.06871 365.414 57.8013 30.6915 9.87836 0.00158713 34.3677 22.4053 56.4903 0 84.7168 85.3652 82.0833 
47.0223 45.2299 20.5762 23.8432 33.5304 12.4907 91.0513 115.426 17.4865 15.1581 131.915 101.601 42.7134 2.68113 2.74153 32.812 0.484428 0.118058 23.5683 3.39157 1.01512 1.0218 1.38331 0.726912 35.3712 0 24.4737 53.3462 
17.7194 0.857677 14.706 6.65725 22.764 7.62294 56.5319 84.1596 79.0053 43.5039 4.78842 108.72 2.10607 4.45867 8.85143 17.0896 21.2767 3.28113 2.15073 8.84222 2.53399 12.8294 12.0931 0.421933 14.9656 36.9958 0 20.3784 
30.2453 0.135697 3.33181 17.1529 26.0377 10.0014 0.723303 135.484 80.2406 3.07233 12.7733 9.73486 18.1407 10.8837 0.692537 2.50103 14.1126 10.9989 5.35735 9.12764 46.0901 6.26404 0.159811 7.7321 33.7201 45.6921 83.0306 0 
