0 719.108 3.88065 492.918 196.134 299.022 21.2448 236.103 225.912 106.514 145.166 46.9983 101.382 41.2589 28.4053 1.19348 228.543 235.944 46.5499 166.688 2.75427 16.1124 20.9322 37.8833 220.69 14.7942 9.17418 0.0613505 
741.446 0 235.639 293.832 531.421 401.468 491.041 66.636 558.521 9.95595 107.415 206.412 13.5653 29.0838 14.7244 79.8858 290.538 198.645 108.961 80.5611 84.8366 2.4322 4.07937 39.5367 242.988 12.9591 0.0268564 45.3096 
95.2252 234.988 0 299.725 179.837 66.0504 249.273 86.6347 437.024 11.1081 0.341949 7.78712 53.3481 0.836015 33.3349 23.2524 32.9781 147.651 60.7984 16.0952 121.449 11.6737 10.5219 13.6738 28.3043 23.9471 14.7759 10.1273 
462.753 172.862 247.563 0 81.9552 212.276 0.70315 1220.46 365.375 56.7887 10.5811 139.502 63.8821 18.2567 37.1719 8.85991 168.496 97.9734 44.6836 34.2569 412.238 16.8434 18.9024 21.3732 171.27 29.6033 10.545 10.908 
262.973 307.849 184.836 91.024 0 133.922 268.498 137.623 111.574 186.691 240.087 111.272 162.067 69.3734 84.9086 74.3635 27.6746 31.6413 77.9377 0.000277784 0.00443627 3.00003 21.4535 13.5451 0.338698 0.040234 40.3249 42.8001 
269.257 203.212 44.3679 234.593 932.857 0 651.098 213.415 642.397 414.534 188.177 28.4391 570.803 21.9271 40.2104 7.37464 195.133 3.26383 31.714 0.00242712 20.1637 17.1242 16.4526 7.47765 170.7 0.277988 16.8875 0.298 
108.661 480.131 2.43654 165.31 11.5926 400.735 0 18.1261 414.662 136.08 289.469 136.86 32.6803 96.7037 11.4162 87.6429 3.16171 0.278784 30.903 84.2878 93.8227 42.0461 53.5357 16.9782 20.9926 83.4887 59.675 8.81201 
39.4402 95.4986 233.867 449.846 147.177 19.533 53.5347 0 7.92299 202.345 322.799 555.583 12.7687 114.875 0.566043 13.6941 16.0912 172.237 96.6543 99.1355 111.389 3.41381 86.0985 3.78105 53.685 4.15599 33.4393 50.6676 
417.699 186.568 235.217 272.203 195.49 582.07 10.7699 655.414 0 379.442 1506.65 2.04169 34.2908 47.5184 93.7749 0.124482 172.851 218.825 0.0224368 86.4497 168.888 3.249 45.7744 14.7669 192.512 4.34432 0.0809838 75.1855 
7.8521 24.5419 30.9549 73.7056 234.752 417.163 378.292 39.6597 219.71 0 100.315 135.867 136.244 6.18956 76.6384 29.5763 11.0672 143.854 0.353335 40.9189 14.7071 3.01223 30.8992 45.3155 65.832 12.8373 12.1376 5.65219 
168.311 259.084 237.825 174.041 84.1165 67.7031 175.164 82.4013 322.691 391.357 0 433.152 94.7043 151.942 10.2352 82.0506 10.8134 124.457 36.6947 81.173 64.8545 55.7612 38.3449 94.727 138.079 143.676 45.3181 20.7451 
0.503673 193.239 175.651 12.7585 55.7506 0.0841894 283.448 885.554 400.975 26.065 91.5056 0 33.6659 162.142 73.6609 24.6621 44.8962 2.69969 0.623765 0.818301 1.75352 57.6652 3.813 76.1108 307.841 369.483 0.217819 96.1005 
14.0518 5.2895 71.8677 25.7853 178.483 53.5185 74.8317 138.426 9.11469 239.674 240.421 148.378 0 31.6352 0.958327 6.13802 11.2952 104.132 85.3708 0.131008 76.5564 34.2413 0.364609 44.8694 33.505 0.138278 0.0181697 21.2418 
48.1512 43.9235 4.66697 8.12946 20.783 21.7107 0.114126 0.0695367 35.0834 83.2012 13.9974 0.314496 67.1147 0 60.8984 0.108117 9.85343 53.0361 15.2482 4.66654 20.2235 0.0971977 0.0882229 8.61636 14.7527 6.33385 1.08504 7.13507 
6.05907 81.7669 25.3831 35.3238 43.3269 0.260139 0.884403 167.235 166.24 76.4358 1.24999 270.19 18.9765 39.9852 0 30.0971 9.41339 38.8912 36.1842 1.21149 13.948 13.1179 16.7551 10.6911 1.76893 0.00378629 19.6496 3.57173 
36.1896 1.24516 0.000838211 0.984128 0.00160682 6.26067 103.261 258.332 150.297 10.5049 79.3781 4.50118 6.05197 14.1196 68.3714 0 26.0648 42.5711 4.72014 9.68187 60.3576 11.3969 0.432716 3.61168 10.601 32.7389 17.6389 5.69721 
250.466 215.379 0.469668 223.546 116.698 197.453 107.363 23.8644 254.962 12.4869 44.4229 30.9201 5.1467 3.98272 24.7537 17.6516 0 266.149 243.929 14.5844 39.8434 21.0353 6.21291 0.283802 181.271 3.40015 3.31069 23.5959 
76.5677 474.446 0.0307727 0.0341673 33.2715 102.707 1.46806 139.687 184.533 145.545 132.27 4.96062 47.1443 33.3538 20.5254 0.906182 231.631 0 105.513 47.4453 1.29728 31.5401 8.19343 47.4171 59.2638 0.0043625 20.0431 7.96451 
116.751 0.547917 29.4217 37.7391 73.2947 0.630931 1.32128 20.2431 77.3057 41.3353 8.52788 76.3265 26.4994 1.58577 16.0088 8.26771 218.131 126.141 0 0.669035 0.000609329 0.117091 14.5833 12.0398 1.42295 3.31948 15.4889 26.5229 
113.246 22.3721 27.3554 34.5795 4.71285 2.26423 26.6789 38.9479 7.78362 53.492 0.198219 28.4061 35.8175 1.10101 11.3193 8.85987 18.9294 55.46 5.14072 0 85.3727 6.37553 0.120732 0.408286 5.69292 5.14809 0.181891 4.50433 
178.291 128.798 114.843 50.7538 8.54078 0.414089 73.0835 188.475 168.037 0.175131 131.481 167.352 5.707 15.8059 2.03139 59.6838 61.8712 6.63811 43.0651 331.793 0 6.32357 12.1384 42.3989 15.7589 34.4168 17.9465 37.2859 
0.137933 14.6627 0.0202968 2.36725 27.8604 2.50908 43.7423 54.1928 2.30484 56.8036 62.5254 73.0935 87.4246 9.13855 3.95924 8.1316 5.71056 17.6748 0.445223 0.687483 28.1373 0 11.2009 6.59738 16.9002 0.280687 12.8278 8.33563 
0.350766 6.274 12.0819 3.55209 1.76459 0.0122029 23.7533 101.295 72.2217 3.45067 133.682 0.0293525 0.14049 0.372652 24.9027 1.69994 0.0268322 0.0550428 1.25358 0.0493284 14.462 11.105 0 8.50508 3.56572 10.2824 0.000447407 3.39386 
34.1343 43.9128 0.515572 19.4785 49.5254 17.7421 70.9604 37.5832 4.88661 0.0480154 0.912407 13.6736 60.2281 4.85979 25.1043 23.2828 15.3596 3.5285 6.38565 5.168 47.5989 1.9373 15.3972 0 26.4365 3.09776 1.98226 1.56092 
193.863 167.669 12.9161 190.052 3.6914 171.692 54.9975 45.5882 278.256 63.673 7.52741 234.121 0.433501 15.8379 0.797412 0.360308 179.962 58.1074 30.6189 9.67644 0.0295849 19.7875 21.8276 62.5276 0 50.5317 167.421 127.869 
48.8448 47.0722 19.915 25.2653 32.205 13.1435 89.5278 127.403 14.6785 16.7673 136.683 72.8748 41.8393 2.97268 2.15342 32.6076 0.396942 0.0460845 23.1959 3.20402 1.33049 0.933635 1.54546 0.936876 34.94 0 23.1858 50.1101 
17.0385 1.05183 14.9579 7.05608 22.165 7.8998 56.9747 85.6736 79.229 43.8986 5.51712 106.845 1.89409 4.62968 8.50479 16.8572 21.1821 3.02467 2.29294 8.94343 2.78928 12.8369 12.2445 0.562595 16.1828 36.5219 0 26.4732 
29.194 0.0553551 3.64205 16.4428 25.2099 9.60874 0.475912 135.46 78.5516 3.56899 14.4661 12.959 17.5008 10.7482 0.52257 2.11594 13.8554 11.5559 5.61075 9.25477 46.5238 6.14274 0.120384 8.021 34.375 49.3038 86.9452 0 
