0 506.46 10.6399 298.681 180.021 132.537 12.8268 252.628 46.6398 112.769 137.912 56.3722 99.5768 39.998 30.6589 2.04968 57.6064 233.623 42.2481 163.909 0.466082 16.852 19.822 36.3178 55.5259 12.6385 10.0346 0.00170802 
545.882 0 150.608 93.4825 520.021 237.11 452.985 81.9592 402.293 4.78646 93.2678 200.616 17.0626 26.8544 12.1241 81.2079 117.634 792.279 100.205 72.0661 92.6049 2.924 3.35545 41.1326 74.7017 15.0809 0.000100909 43.7873 
76.4984 320.208 0 274.297 173.154 66.6664 249.079 110.196 465.607 7.61052 0.38652 3.88729 55.6556 1.14085 33.7433 22.6601 30.9626 141.059 61.2836 14.7628 118.231 11.5328 10.2354 13.3308 28.3086 24.6849 15.158 10.78 
258.8 18.3266 218.977 0 72.4731 48.6409 0.0350814 950.045 165.678 51.8018 5.77118 159.381 62.289 18.8882 36.3379 10.7865 0.726062 104.91 42.6438 31.625 577.291 16.8363 19.0726 20.5943 2.97857 31.6377 9.86178 11.9433 
267.234 369.875 187.677 100.386 0 205.502 309.455 147.369 88.4118 214.843 247.041 104.807 156.959 68.798 82.5539 73.8544 22.402 23.5005 55.3145 0.166823 0.188307 3.63069 20.0701 12.3763 0.636383 0.19594 39.6058 41.6815 
107.802 52.1369 39.5376 66.7167 166.854 0 185.274 210.055 462.678 542.713 208.923 34.7 325.875 21.9644 40.9511 6.40016 25.8324 1.68361 27.0182 0.0161122 18.0612 17.5458 16.4407 6.95204 4.01323 0.51306 17.2048 0.175972 
91.8545 438.273 0.000937898 176.031 1.79227 714.573 0 6.68793 138.599 81.1821 241.32 153.385 24.2801 96.1143 7.38492 90.8215 4.49193 0.0860689 25.1821 86.5509 98.5601 40.4822 51.4218 18.9275 18.2973 86.3382 59.3075 7.48184 
26.8527 79.3761 214.623 455.91 156.633 28.5529 32.6175 0 0.103912 195.054 339.274 742.836 10.0868 117.985 2.51105 26.0017 18.0407 169.05 99.2461 102.455 120.609 4.12295 88.7666 6.31718 64.8283 0.711146 36.4921 44.9744 
256.39 36.188 306.333 136.224 220.885 453.199 160.077 628.769 0 385.891 1712.97 0.00377487 41.7927 41.1463 162.172 1.00971 7.07878 217.337 0.424793 89.4316 164.196 2.58443 49.5723 17.3779 21.1386 6.98738 0.00347043 72.3636 
5.14501 16.1086 25.4381 78.2296 207.595 340.947 432.239 31.2757 253.062 0 46.5249 149.632 169.381 8.54256 85.5696 33.98 9.40471 142.127 0.010428 42.4427 16.709 3.93083 33.0792 47.0839 64.3904 10.6498 11.2009 6.66148 
173.637 253.18 231.992 164.764 97.3634 88.7063 130.343 62.0695 206.825 466.96 0 466.473 80.6559 166.29 34.3544 99.8108 9.35189 119.047 32.8479 79.8611 69.6115 53.8142 32.6049 89.3753 140.925 149.655 47.6686 17.7511 
0.00100851 185.941 169.368 22.8243 61.943 0.110795 280.288 991.73 403.383 18.1328 132.059 0 38.5379 164.82 96.6275 74.1034 46.8983 1.59741 1.10404 1.51599 3.20279 55.9141 6.07157 88.4522 286.933 391.377 0.00206726 86.0107 
16.3475 3.36444 71.0191 23.5858 177.903 42.0404 86.9104 140.793 13.5039 208.569 232.977 151.162 0 20.8951 0.0979155 4.26524 10.177 104.866 84.9963 0.0430161 76.076 38.5102 1.25232 47.5343 31.9883 0.0252498 0.000282419 22.2443 
47.2158 46.1268 4.09718 7.38435 22.8349 21.4854 0.00817228 0.605591 28.917 82.1282 23.2459 1.79137 81.5124 0 61.8733 0.540514 10.2679 52.7437 15.8863 4.63021 19.2118 0.199324 0.0121841 8.03144 15.1424 5.79282 1.24759 6.78791 
4.84695 84.3893 23.879 34.2563 46.9566 0.0297824 0.0662197 173.39 150.769 67.32 2.60365 273.697 13.9614 49.8944 0 47.0521 10.0051 40.7831 36.658 1.04198 15.2543 13.618 14.8986 8.83908 2.4929 0.057226 19.5203 4.18207 
33.145 0.617639 0.0636959 0.415438 0.0557092 7.22826 103.719 259.909 147.993 7.74144 97.0418 34.6293 8.22117 15.6332 80.9697 0 26.1141 44.0546 5.25361 9.68627 61.0632 11.2309 0.767291 1.80112 8.81208 32.8556 17.3299 4.87122 
86.1051 54.6326 0.915444 55.672 110.401 28.1483 108.348 26.108 90.4191 10.7327 42.0522 29.0196 5.98943 3.66789 24.2607 18.1413 0 251.324 37.4229 15.4619 38.335 20.9636 6.51 0.20731 13.4594 3.0561 3.54159 23.4448 
89.5046 426.547 0.968654 0.192772 42.5861 106.846 4.1145 133.894 191.412 144.381 137.156 3.42494 44.2355 34.5957 18.7971 1.33722 249.926 0 99.1568 44.2033 0.651602 32.1823 8.91171 47.6866 59.4722 0.0173597 19.2792 8.72555 
116.731 0.00335168 26.9332 39.8935 51.2292 1.73851 0.307414 22.9892 83.5562 36.2562 6.50158 78.538 28.9632 1.29904 14.9919 7.63414 219.266 120.922 0 0.969248 0.0313317 0.190597 15.0242 12.504 1.17031 3.74755 15.8519 26.4063 
136.191 28.9174 27.0154 31.9633 3.19395 1.78487 23.334 34.5333 5.8668 52.6765 0.028058 31.3927 36.5657 1.01525 11.4256 9.00493 18.0491 52.3011 4.45336 0 44.6009 6.36344 0.0952467 0.341769 6.02903 5.46844 0.235392 4.74246 
191.392 135.629 110.441 25.3192 6.58258 0.134428 78.1052 193.55 163.257 0.480838 128.267 166.179 4.85895 16.7859 2.6206 58.7911 60.9442 5.06854 41.3673 328.394 0 5.93599 11.3977 43.0984 17.1621 36.1969 17.1407 36.2665 
0.0640795 15.6741 0.0464347 2.14351 29.2091 2.9028 42.2105 55.3968 1.74767 55.7339 64.2047 72.2056 88.7802 9.4561 3.47956 7.78474 5.41772 18.4106 0.579071 0.751366 27.7834 0 11.9786 7.20341 17.0546 0.360504 12.8386 8.48746 
0.569703 5.38518 12.2197 3.99739 1.29953 0.0556549 26.0002 100.454 75.6294 4.53109 133.478 0.122607 0.0203039 0.0426041 25.2255 2.2765 0.0555995 0.00964374 1.05373 0.0334652 13.6856 11.8894 0 11.6747 2.77401 10.3467 0.0161461 3.641 
35.7307 42.3734 0.707351 18.6186 50.41 17.5948 70.3991 43.7939 3.46845 0.236667 2.16871 20.8323 62.1123 4.13395 23.7954 25.6252 15.0401 3.01535 6.80035 5.05585 47.3736 1.53951 12.4094 0 22.6224 3.69402 2.41762 1.84748 
24.2837 0.122243 11.8842 20.9216 4.54178 3.74738 58.1958 35.7454 114.391 62.0267 10.8608 354.341 0.205407 16.0879 1.31422 4.82914 13.1665 58.5261 30.4867 9.36142 0.14028 24.1187 20.9177 70.5884 0 12.0895 145.81 89.8908 
51.5991 49.8757 18.8666 27.4206 30.1817 14.1472 86.9776 145.517 10.8034 19.3451 143.439 36.5849 40.4606 3.43969 1.38126 31.9927 0.279498 0.000285552 22.6126 2.92317 1.89462 0.805501 1.80825 1.30681 34.162 0 21.1733 44.5645 
16.0077 1.38709 15.3344 7.68216 21.2495 8.3276 57.6064 87.8751 79.4889 44.4693 6.72698 103.746 1.58987 4.89376 7.97691 16.477 21.0302 2.65031 2.5188 9.095 3.20287 12.8403 12.4614 0.816087 18.1081 35.6293 0 36.6557 
27.5856 0.000966741 4.13895 15.3549 23.9464 9.01115 0.196342 134.992 75.8636 4.39742 17.2326 18.7106 16.528 10.5269 0.307569 1.58253 13.4595 12.4287 6.0076 9.44451 47.1547 5.95586 0.0706663 8.4614 35.3239 54.2443 91.1286 0 
