0 541.993 16.2887 349.481 169.818 204.383 8.69176 261.863 111.613 116.451 133.356 62.3571 98.3966 39.2115 32.0418 2.68022 127.111 231.468 39.6739 164.238 0.00749023 17.3046 19.1501 35.353 128.521 11.394 10.5727 0.00710675 
590.374 0 103.81 146.511 505.674 308.826 424.288 91.7599 478.09 2.54195 84.8823 196.723 19.3612 25.5143 10.648 81.9143 185.779 825.291 94.7946 66.8801 97.3259 3.24411 2.94733 42.0897 145.767 16.4335 0.00699851 42.8459 
65.5253 367.299 0 240.225 168.248 66.6748 246.673 125.023 472.756 5.78331 1.83534 2.15921 57.0128 1.34776 33.9124 22.2592 29.727 136.572 61.4811 13.9467 115.952 11.4427 10.054 13.1112 28.2739 25.0972 15.3848 11.178 
305.041 101.193 232.44 0 66.7557 122.504 0.658722 1279.96 217.604 48.7708 3.53468 171.166 61.2676 19.2563 35.7726 12.0204 72.2279 108.97 41.3737 29.9697 652.937 16.8258 19.1608 20.1017 74.1704 32.8335 9.45091 12.5836 
268.729 404.85 188.431 105.972 0 237.384 332.71 153.161 75.2031 231.32 250.631 100.83 153.561 68.382 81.0193 73.4719 19.4204 19.0761 43.0343 0.418153 0.432129 4.04193 19.238 11.6834 0.862691 0.347905 39.1577 40.9877 
182.855 134.792 36.5222 137.87 134.583 0 454.865 207.108 517.152 99.3386 220.568 38.729 695.661 21.9518 41.2955 5.83068 96.351 0.972643 24.2658 0.0548134 16.8209 17.791 16.4181 6.63555 76.1383 0.690399 17.3915 0.117231 
81.9531 407.667 0.813425 181.816 0.00536324 864.965 0 2.43092 37.1477 53.4863 211.935 163.385 19.7054 95.5787 5.33836 92.6093 5.41042 0.628924 21.9337 87.8063 101.382 39.5179 50.1027 20.1472 16.7253 87.956 59.0534 6.71955 
20.269 70.0252 201.683 442.097 162.211 34.7436 22.2177 0 4.98426 190.184 347.906 842.515 8.59827 119.654 4.3617 35.1757 19.2698 166.898 100.751 104.336 126.16 4.58513 90.2895 8.16143 71.8666 0.0126898 38.3787 41.5927 
330.989 120.534 346.872 227.653 235.933 539.316 322.493 603.775 0 386.875 1539.27 0.938824 46.6272 37.5327 205.653 1.96121 79.8243 216.009 0.91555 91.1519 161.116 2.21576 51.8897 19.0489 90.5313 8.88511 0.00615698 70.599 
3.76795 11.7857 22.2706 80.8805 190.404 289.631 459.2 26.5833 272.515 0 23.1193 157.858 189.566 10.1379 90.8455 36.7228 8.45091 140.878 0.0390738 43.3441 17.9772 4.5455 34.3997 48.1218 63.4431 9.40255 10.6435 7.31093 
176.621 248.883 227.115 158.654 105.62 102.214 105.139 50.8356 170.707 507.176 0 483.134 72.4006 174.348 55.2386 110.83 8.50864 115.672 30.5755 78.9982 72.5187 52.6083 29.2663 86.0132 142.363 152.896 49.0931 16.0214 
0.233489 181.193 164.996 30.2253 65.7882 0.506614 277.451 1023.76 402.674 13.9564 159.106 0 41.6126 165.87 111.306 114.652 48.1143 1.06597 1.46222 2.0433 4.2925 54.8244 7.68851 96.0237 300.166 398.088 0.044529 79.8749 
17.8146 2.4007 70.4155 22.2721 177.174 31.7151 94.4181 142.084 16.5648 188.714 227.738 152.671 0 15.2903 0.00869024 3.28364 9.5196 105.235 84.6901 0.0128281 75.7494 41.1417 2.04831 49.1187 31.0589 0.000852022 0.00302575 22.8548 
46.6171 47.4476 3.76267 6.94015 24.1084 21.3144 0.123225 1.18946 25.389 81.2812 29.868 3.27448 90.2528 0 60.5015 0.959757 10.5209 52.5363 16.2725 4.60607 18.5992 0.278882 0.128081 7.64712 15.3591 5.46571 1.3514 6.57517 
4.17071 85.8797 22.9299 33.556 49.1691 0.00109746 0.0252927 176.546 140.962 61.7554 10.6613 273.633 11.2381 54.8026 0 57.3752 10.3697 41.9253 36.9218 0.944464 16.0676 13.912 13.7402 7.75855 2.98869 0.178093 19.428 4.57188 
31.3111 0.341644 0.150667 0.186687 0.163217 7.83897 103.801 258.801 146.197 6.24758 108.036 65.5625 9.68533 16.4567 86.1454 0 26.1338 44.94 5.58935 9.68152 61.4413 11.1201 1.01419 0.988133 7.78398 32.7446 17.1265 4.39167 
159.549 130.442 1.25763 126.998 106.424 98.6593 108.832 27.5055 163.771 9.72058 40.6156 27.8778 6.5303 3.48134 23.9525 18.4354 0 240.689 394.446 15.9982 37.4126 20.915 6.69248 0.166567 84.8785 2.85456 3.68526 23.347 
97.5755 394.94 2.1749 0.669653 48.6905 109.181 6.36498 130.249 195.282 143.469 140.009 2.62612 42.4776 35.343 17.7684 1.63957 259.535 0 95.1881 42.2275 0.3659 32.5666 9.36004 47.8301 59.5678 0.0635658 18.816 9.20225 
116.554 0.127898 25.4298 41.1846 39.3556 2.67567 0.0367044 24.7249 87.3445 33.2604 5.39583 79.8464 30.4892 1.13784 14.3787 7.25676 218.679 117.559 0 1.17837 0.0898295 0.243995 15.2899 12.7863 1.02816 4.01899 16.0711 26.3272 
149.714 33.2044 26.7474 30.3152 2.4091 1.51888 21.3724 31.9224 4.8253 52.1345 2.57862e-06 33.2485 37.005 0.964292 11.4838 9.08687 17.5117 50.3545 4.05582 0 25.3547 6.35454 0.0811775 0.304015 6.23472 5.66429 0.271258 4.88831 
198.845 139.621 107.486 12.0098 5.50921 0.0391764 81.1493 196.293 160.125 0.740509 126.202 165.256 4.37395 17.3882 3.01411 58.1998 60.3538 4.21256 40.328 318.535 0 5.70478 10.9537 43.5038 18.0339 37.2734 16.6534 35.6357 
0.0328031 16.2991 0.0675427 2.01198 30.0295 3.15415 41.2636 56.1075 1.44532 55.0303 65.1923 71.6198 89.4082 9.6363 3.19906 7.57017 5.24196 18.8602 0.668932 0.791463 27.5628 0 12.4222 7.57203 17.1523 0.413802 12.8404 8.57788 
0.728493 4.87402 12.2933 4.27797 1.05046 0.0974529 27.3897 99.8077 77.6383 5.25452 133.045 0.44522 0.209101 0.00173996 25.2802 2.6591 0.0781669 0.000229709 0.940188 0.0253001 13.218 12.3377 0 13.5668 2.34979 10.3739 0.0366672 3.79331 
36.6922 41.4199 0.838158 18.0817 50.9223 17.4902 69.9909 47.6996 2.72004 0.421155 3.19041 25.8272 63.1756 3.70162 22.9058 26.8067 14.843 2.72148 7.05661 4.98575 47.2113 1.3171 10.4833 0 20.3254 4.07522 2.70064 2.03195 
94.6528 71.7743 11.2617 91.5395 5.09926 75.1067 60.1131 30.2117 188.045 60.9606 13.1626 277.565 0.107674 16.2169 1.68868 13.6287 85.2045 58.7507 30.3939 9.16673 0.247721 41.2466 20.3542 74.2072 0 15.1859 65.8986 35.0639 
53.2468 51.5646 18.2105 28.71 28.9582 14.7579 85.3049 156.23 8.71252 20.9734 147.19 20.0537 39.6004 3.7346 0.991372 31.4448 0.217982 0.0107147 22.2506 2.75656 2.28505 0.73178 1.97614 1.55935 33.6226 0 19.9344 40.9249 
15.3889 1.61322 15.5576 8.07118 20.6945 8.58971 57.9625 89.1408 79.5975 44.7957 7.51693 101.734 1.4172 5.05537 7.65828 16.2319 20.9339 2.43382 2.66092 9.18502 3.46745 12.8376 12.5841 0.992305 19.3007 34.9913 0 43.1481 
26.6104 0.00868909 4.45337 14.6948 23.1817 8.65064 0.0856906 134.452 74.1733 4.94033 19.0126 22.6624 15.9416 10.3844 0.204106 1.29305 13.2178 12.9705 6.25388 9.55683 47.5181 5.84165 0.046808 8.7273 35.8598 56.8246 92.5133 0 
