0 722.351 44.6834 600.374 132.034 546.189 0.430313 288.769 435.032 128.66 116.408 85.0886 93.7052 36.2995 37.0127 5.58374 462.903 219.378 30.8432 133.614 4.15166 18.9313 16.7847 31.8536 476.525 7.40757 12.5758 0.283644 
789.782 0 3.62503 437.698 414.881 641.505 298.579 128.793 819.308 0.289532 56.9514 180.775 28.5307 20.8687 6.08779 83.8078 515.835 252.876 75.3447 48.73 113.92 4.51199 1.69727 45.4025 486.749 21.6019 0.174692 39.4089 
31.1591 469.338 0 75.9189 146.252 64.4591 224.697 178.02 433.097 1.25703 15.4964 0.112659 61.5257 2.21066 34.0169 20.5975 25.3007 118.081 61.5761 11.0485 106.012 11.0948 9.3672 12.2651 27.9204 26.3243 16.1554 12.5951 
549.789 501.762 5.64404 0 47.1484 473.07 9.12143 1273.83 494.851 38.1371 0 209.567 57.3275 20.4595 33.4241 16.7169 415.515 122.202 36.703 23.8736 577.013 16.7494 19.3797 18.2445 416.415 36.7704 8.02079 14.9149 
267.16 500.273 185.035 124.754 0 291.292 399.836 172.684 35.2149 283.069 259.249 86.5065 139.824 66.5009 74.9723 71.6684 10.3357 6.85424 10.7748 2.22972 2.11009 5.67378 16.342 9.33448 1.94525 1.24029 37.4971 38.4376 
536.782 521.845 25.7148 478.211 427.968 0 965.342 191.38 750.453 540.928 254.048 54.215 141.943 21.6897 41.8463 3.96602 435.842 0.0169486 15.3002 0.379081 12.6661 18.5915 16.2425 5.53355 421.412 1.52922 18.0164 0.0044198 
49.6496 278.262 17.5068 197.198 19.499 800.083 0 4.50656 207.901 0.893464 113.688 197.902 7.04975 92.6015 0.701225 98.0024 9.33719 6.59007 11.9541 91.4872 110.994 36.0148 45.2275 24.6778 11.5834 92.9516 57.962 4.30572 
4.08924 40.312 150.538 477.993 180.747 60.4671 1.14321 0 78.875 170.447 369.156 1029.33 4.2126 124.149 14.895 76.3603 23.8999 157.985 105.639 110.117 145.342 6.41805 95.0525 16.4856 97.8925 6.1857 45.2419 30.1917 
679.964 521.328 452.423 640.878 285.198 872.964 1037.53 470.624 0 372.228 1244.84 17.48 65.2803 26.4363 170.196 7.83239 427.698 208.722 4.16329 96.6528 148.852 1.12546 60.1206 25.4684 426.901 17.3332 0.323503 64.0537 
0.582448 1.7546 12.3792 89.5696 128.186 117.351 508.538 12.6646 333.028 0 6.53415 185.641 256.744 16.7421 108.085 46.7271 5.4249 135.249 1.60216 46.3818 22.7888 7.06629 39.0348 51.5605 59.6589 5.51693 8.73939 9.83378 
185.554 229.546 202.316 134.551 135.724 152.437 33.9277 19.0393 75.1336 597.157 0 516.824 45.4311 197.782 157.764 149.738 5.79711 103.218 22.949 75.5395 82.8962 48.1963 18.4959 73.5376 145.607 161.763 54.1156 10.472 
4.36432 162.598 146.419 63.3524 79.8602 4.23294 261.938 919.888 386.912 3.37909 264.02 0 53.1652 165.961 164.999 292.393 52.4239 0.0414186 3.14179 4.5447 9.42815 50.805 14.8677 122.596 369.063 379.321 1.26591 58.4976 
23.4505 0.276945 67.7418 17.7685 172.297 9.35304 121.575 145.735 29.7248 117.131 205.115 156.867 0 2.14458 2.3677 0.805639 7.32448 106.069 83.1216 0.0497235 74.3762 50.59 6.40504 54.4816 27.7186 0.188201 0.0969634 25.0302 
44.3084 52.0045 2.65653 5.42431 28.7762 20.502 1.63468 4.83044 14.415 77.1144 58.6077 12.0258 119.482 0 45.113 3.31867 11.4254 51.6169 17.6327 4.50758 16.4388 0.666827 1.46982 6.14848 15.9992 4.32531 1.75058 5.81109 
2.1529 90.495 19.3914 30.7745 57.0084 0.586849 2.6926 183.896 104.839 42.4387 79.3185 259.991 3.78769 61.8827 0 85.1844 11.6953 45.9274 37.7079 0.632631 19.0728 14.889 9.59621 4.31537 5.07259 1.14433 19.0156 6.06519 
24.9467 0.0185817 0.756918 0.108188 1.00433 10.1279 102.871 242.449 137.474 2.16716 147.068 228.456 15.7226 18.6242 85.5078 0 26.1399 47.9789 6.85203 9.61887 62.4657 10.6669 2.13692 0.0747062 4.58216 31.2485 16.311 2.84399 
508.892 489.099 2.90479 468.965 91.545 438.089 109.845 32.6687 512.92 6.47314 35.5488 23.9067 8.62755 2.84828 22.8061 19.4583 0 194.854 173.033 17.9182 34.1043 20.711 7.35314 0.0572446 427.516 2.18532 4.21658 22.9622 
126.948 344.484 10.2652 4.68142 72.7215 116.256 18.1753 116.633 206.956 138.991 149.36 0.631305 36.3118 37.9477 14.2583 2.9606 282.746 0 80.6037 35.2262 0.0141203 33.8952 11.0251 48.2146 59.7143 0.464205 17.176 10.9831 
114.914 3.37033 20.1935 45.6305 8.87468 7.56742 1.218 31.2797 100.619 23.2954 2.26581 84.2668 36.0647 0.646562 12.2365 5.9654 214.83 104.569 0 2.08386 0.543619 0.487633 16.22 13.7895 0.593747 5.0525 16.8422 25.9946 
191.639 49.9926 25.4302 24.2307 0.498631 0.736432 14.9024 23.1737 1.91301 49.9306 0.366259 40.0589 38.4682 0.790622 11.6508 9.33875 15.5923 43.3217 2.7727 0 1.20376 6.31319 0.0399873 0.186531 6.97302 6.36554 0.419403 5.41325 
221.53 152.664 95.4545 26.365 2.4341 0.163857 91.8487 203.816 147.7 2.11701 118.21 160.693 2.84054 19.568 4.62805 55.8063 58.0923 1.78757 36.596 242.758 0 4.90925 9.41522 44.8203 21.2417 41.0531 14.9382 33.3264 
0.00581271 18.5815 0.174802 1.57225 32.9445 4.11877 37.8074 58.4994 0.596798 52.2118 68.4881 69.2584 90.4001 10.1917 2.2759 6.78788 4.6307 20.4732 1.04086 0.941799 26.7447 0 13.7844 8.87028 17.5216 0.632558 12.8175 8.88765 
1.45086 3.24125 12.4904 5.33269 0.374799 0.34041 32.4508 96.6961 84.341 8.22083 129.62 3.21744 2.48082 0.836643 24.5989 4.18177 0.18984 0.0792011 0.585817 0.00542245 11.5842 13.72 0 19.0363 1.22219 10.3971 0.177204 4.34641 
40.0437 37.9291 1.38882 16.0979 52.5823 17.0267 68.1329 62.1823 0.778836 1.50406 8.36857 47.0298 66.4153 2.26894 19.265 29.2021 14.1247 1.78915 7.99323 4.72497 46.4791 0.6547 4.04938 0 12.7124 5.53049 3.81356 2.74831 
433.73 415.684 9.09456 431.37 7.32689 417.667 66.7156 13.7947 537.55 56.7906 22.9353 454.534 0.014179 16.5286 3.37504 51.989 430.049 59.3626 29.9878 8.45609 0.876825 90.9403 18.3288 75.3159 0 95.9763 179.553 125.419 
58.8999 57.4396 15.7862 33.0981 24.6634 16.9174 78.6553 190.935 3.01534 27.091 158.079 1.68492 36.4163 4.84069 0.120294 28.5023 0.0603802 0.284217 20.9198 2.19099 3.96209 0.495682 2.61971 2.61746 31.332 0 15.5152 27.22 
13.2391 2.55443 16.3142 9.50361 18.7308 9.53305 59.0538 93.1706 79.6777 45.8276 10.6537 93.8465 0.879262 5.63569 6.54276 15.2784 20.5658 1.73238 3.19582 9.4921 4.48962 12.7988 12.9629 1.75125 23.5639 32.1769 0 65.9689 
23.1671 0.288133 5.6431 12.3691 20.4867 7.38983 0.0599126 130.98 67.8476 7.10672 25.9041 39.2256 13.8896 9.83109 0.00693949 0.489614 12.3522 14.9651 7.16053 9.93696 48.6839 5.43196 0.0015449 9.65722 37.4254 62.8022 89.9669 0 
