0 559.532 53.0791 455.975 122.883 424.916 0.0104454 293.646 310.862 131.338 112.225 90.7816 92.4747 35.5798 38.206 6.42603 340.738 215.511 28.8267 115.192 6.46799 19.3234 16.2268 31.0051 357.213 6.56459 13.0742 0.40956 
627.98 0 0.0327792 309.05 385.796 516.14 265.606 137.963 694.49 1.10222 50.8355 176.519 30.9352 19.7929 5.16904 84.1124 392.116 669.309 70.7228 44.5539 117.796 4.8444 1.44668 46.1696 365.73 22.9122 0.248099 38.5695 
24.4349 473.474 0 44.7374 140.1 63.4225 216.604 190.151 409.701 0.655927 20.6315 0.591667 62.5226 2.44473 33.9255 20.15 24.2437 113.176 61.4567 10.3666 103.249 11.0056 9.19417 12.0489 27.7829 26.5588 16.3307 12.9324 
406.434 398.104 12.5165 0 42.726 354.219 12.5404 1255.75 360.531 35.6625 0.20594 217.598 56.3196 20.7204 32.7895 17.8921 295.22 125.033 35.559 22.3978 60.0251 16.7221 19.4096 17.7793 295.889 37.624 7.68761 15.4811 
265.187 514.296 182.83 128.9 0 306.708 411.29 177.041 27.59 293.284 260.304 83.0682 136.197 65.9603 73.4017 71.1364 8.54685 4.80439 6.11083 2.87287 2.69808 6.10201 15.6671 8.80196 2.26784 1.53468 37.0853 37.8108 
418.521 412.487 23.1987 356.83 41.6688 0 917.149 186.495 595.743 383.212 259.852 58.133 632.355 21.5769 41.8184 3.56241 314.577 0.158679 13.3887 0.499573 11.7387 18.7652 16.1786 5.27705 301.536 1.77673 18.1562 0 
42.8014 245.202 24.4981 199.547 29.9229 654.326 0 9.00391 356.32 0.378228 93.0523 205.74 4.92785 91.6475 0.231414 99.051 10.4238 8.93181 9.9685 92.1755 113.176 35.1636 44.0267 25.7996 10.4687 93.9568 57.6581 3.8009 
2.01311 34.1903 137.694 499.422 184.819 67.3171 0.0341268 0 108.186 165.239 371.884 1025.09 3.38358 124.874 18.2786 87.7263 25.0627 155.578 106.693 111.273 149.741 6.89909 96.0291 18.859 104.199 9.62934 46.9085 27.6449 
559.76 416.976 465.112 536.117 295.609 736.261 1167.99 431.277 0 364.651 1254.96 24.391 70.0205 24.2212 159.217 9.79319 308.532 206.404 5.28293 97.8129 145.643 0.917336 62.0689 27.1024 305.106 19.7219 0.470935 62.4358 
0.229521 0.661477 10.3799 91.4471 113.726 86.4693 508.208 10.0368 344.789 0 18.6143 191.813 270.756 18.5146 111.734 49.1402 4.79107 133.637 2.31247 47.0644 24.0041 7.74329 40.1197 52.3176 58.6643 4.72539 8.30387 10.4837 
187.275 224.058 194.859 128.362 142.969 164.433 22.2157 13.5608 47.4991 603.797 0 518.463 39.6732 201.964 186.201 158.622 5.21848 100.158 21.2447 74.6261 85.3705 47.1175 16.2155 70.4718 145.936 163.222 55.3005 9.29621 
6.10905 157.81 141.368 72.5781 83.2892 5.65219 257.038 849.368 380.175 1.89774 289.773 0 56.0488 165.131 177.55 335.217 53.4475 1.81065e-05 3.6363 5.28482 10.9405 49.8145 16.8955 128.698 350.927 365.342 1.80519 53.5916 
24.8878 0.0783234 66.9847 16.7378 170.613 12.961 128.046 146.382 33.3599 100.824 198.884 157.588 0 0.748033 3.54414 0.457498 6.83487 106.156 82.6369 0.0921954 73.9994 52.8381 7.78472 55.6878 26.9158 0.296773 0.139026 25.5495 
43.7172 53.0544 2.41401 5.07943 29.9177 20.262 2.2493 6.05524 12.2014 75.8637 66.4444 14.884 125.68 0 39.6897 4.05612 11.6424 51.3555 17.9538 4.48116 15.9282 0.783164 1.97501 5.77015 16.1202 4.06088 1.85268 5.62765 
1.76393 91.4279 18.5198 30.0487 58.8591 0.885206 3.97459 184.708 96.1877 38.0606 103.29 253.757 2.56856 60.8152 0 88.2782 12.0181 46.8654 37.8594 0.566516 19.8143 15.1051 8.63412 3.60924 5.63931 1.49651 18.8978 6.44444 
23.4756 0.095702 0.969426 0.261406 1.31131 10.6969 102.366 235.83 134.88 1.4944 156.03 272.895 17.3408 18.9376 80.9263 0 26.1265 48.6765 7.16888 9.59328 62.6345 10.5453 2.456 0.33395 3.94006 30.6456 16.0957 2.51501 
389.836 372.444 3.39578 348.195 87.8627 316.801 109.919 33.9433 393.852 5.78333 34.352 22.9815 9.16782 2.70437 22.521 19.6968 0 182.516 302.957 18.3784 33.3093 20.655 7.51351 0.0394725 306.982 2.03681 4.34821 22.8617 
133.986 343.418 13.0397 6.16611 78.9087 117.639 21.8386 113.252 209.225 137.641 151.393 0.354783 34.8648 38.5557 13.4579 3.33246 285.483 0 77.0506 33.5724 0.0855955 34.2033 11.4386 48.2768 59.704 0.614792 16.7865 11.4277 
114.289 4.78655 18.9797 46.6511 4.6927 9.07921 1.99721 32.9271 103.715 21.1031 1.70996 85.2645 37.4244 0.548697 11.7355 5.66961 214.211 101.262 0 2.33705 0.709108 0.558282 16.4383 14.0288 0.506781 5.31476 17.0243 25.9034 
199.556 54.2789 25.0348 22.754 0.252052 0.589017 13.4889 21.2283 1.40748 49.3424 0.562162 41.725 38.7936 0.750989 11.6812 9.38944 15.1335 41.6291 2.4979 0 6.6416 6.30107 0.032228 0.162458 7.15044 6.53352 0.459548 5.53981 
225.933 155.478 92.2745 42.9704 1.87699 0.301698 94.3578 205.072 144.457 2.55033 116.16 159.312 2.51969 20.0962 5.06236 55.1694 57.5155 1.35573 35.6984 217.762 0 4.72564 9.05777 45.1047 22.0305 41.9408 14.5331 32.7606 
0.0190454 19.1394 0.20789 1.47394 33.6381 4.36474 36.9641 59.0378 0.447636 51.4686 69.222 68.6313 90.3441 10.3032 2.07408 6.59743 4.48801 20.8613 1.14179 0.979495 26.5416 0 14.0527 9.17417 17.6142 0.691523 12.8052 8.95881 
1.65973 2.89574 12.5223 5.59683 0.262998 0.420164 33.6806 95.7685 85.8267 9.01618 128.374 4.25107 3.388 1.24497 24.2371 4.57488 0.223821 0.124289 0.512857 0.00282081 11.2015 13.9938 0 19.8675 1.04664 10.3854 0.226408 4.48075 
40.825 37.0751 1.53964 15.61 52.9398 16.8952 67.5966 65.7325 0.486575 1.86074 9.95157 52.7672 67.0557 1.9612 18.3083 29.3125 13.9492 1.59327 8.22249 4.66014 46.2685 0.52814 2.82221 0 11.1065 5.89746 4.1024 2.93265 
312.393 295.558 8.59161 310.186 7.91431 297.148 68.2313 10.7253 418.391 55.7129 25.6107 423.871 0.0512567 16.5682 3.85587 55.7698 310.043 59.4648 29.8731 8.28263 1.08424 82.9783 17.8487 72.6357 0 88.9513 137.016 134.134 
60.1924 58.8036 15.1914 34.0858 23.6551 17.4266 76.9179 198.132 2.07799 28.6156 160.06 7.21693 35.6297 5.11573 0.0361192 27.5904 0.0370816 0.404552 20.5924 2.06271 4.4283 0.445514 2.78328 2.90472 30.7072 0 14.474 23.9624 
12.7386 2.81081 16.4859 9.85596 18.2648 9.7605 59.2729 94.0178 79.6253 46.0434 11.4766 91.807 0.768739 5.77524 6.28141 15.0328 20.4721 1.58101 3.33041 9.5623 4.75241 12.7827 13.0395 1.96219 24.5674 31.3884 0 70.9229 
22.3536 0.413497 5.94269 11.8219 19.8502 7.09469 0.139667 129.797 66.2717 7.6771 27.6698 43.6931 13.4084 9.68858 2.78834e-05 0.352464 12.1442 15.4566 7.38401 10.0231 48.9322 5.33339 1.02852e-05 9.87459 37.703 63.3979 87.6606 0 
