0 494.695 55.9855 397.231 119.843 373.806 0.00679589 295.124 258.923 132.207 110.825 92.6939 92.0561 35.3383 38.6032 6.71885 289.378 214.145 28.1643 108.337 7.35039 19.4542 16.0418 30.7218 306.796 6.29398 13.2418 0.456622 
563.156 0 0.76837 255.945 375.65 463.516 254.577 141.029 641.915 1.48898 48.8559 175.068 31.7527 19.4384 4.87849 84.2009 340.225 132.06 69.1915 43.1841 119.075 4.95757 1.36745 46.4227 314.744 23.3544 0.275412 38.2888 
22.3509 472.921 0 36.2969 137.988 63.0358 213.693 194.1 400.9 0.4984 22.491 0.834587 62.8469 2.5249 33.8851 19.9971 23.8926 111.509 61.4047 10.1411 102.3 10.9753 9.13586 11.9758 27.7326 26.6316 16.3881 13.0445 
348.253 353.082 27.4318 0 41.2827 303.941 13.7932 567.879 305.344 34.8466 0.365543 220.15 55.9787 20.8048 32.5724 18.2864 244.489 125.943 35.1764 21.9068 479.732 16.7122 19.4176 17.6228 245.082 37.8999 7.57751 15.6702 
264.394 518.09 181.98 130.245 0 313.156 414.649 178.461 25.2378 296.463 260.566 81.9241 134.963 65.7726 72.8692 70.9507 7.98616 4.20034 4.8424 3.10482 2.90968 6.24783 15.4442 8.62728 2.38061 1.63963 36.947 37.6007 
368.421 365.401 22.3733 305.705 533.632 0 1131.98 184.78 533.16 676.258 261.573 59.4519 323.956 21.5351 41.7953 3.43195 263.517 0.237845 12.7747 0.543344 11.436 18.8214 16.1555 5.19232 250.939 1.86308 18.2019 0.000479997 
40.6101 234.218 27.061 200.209 33.8554 600.217 0 10.8381 411.499 1.28788 86.5232 208.302 4.30274 91.3097 0.131157 99.3785 10.7979 9.78831 9.34391 92.3876 113.892 34.8791 43.6242 26.1759 10.1079 94.2743 57.5533 3.63926 
1.48197 32.2469 133.408 504.306 186.14 69.646 0.0121707 0 118.784 163.469 372.581 1019.23 3.12695 125.084 19.4751 91.6035 25.4544 154.753 107.033 111.638 151.186 7.06281 96.3397 19.6798 106.296 10.9387 47.4649 26.814 
508.949 371.697 468.072 490.388 298.931 678.958 1203.1 417.771 0 361.798 825.402 26.9336 71.6185 23.5226 160.215 10.4919 258.179 205.584 5.68462 98.1851 144.553 0.852626 62.715 27.6542 253.89 20.5468 0.52617 61.8932 
0.147688 0.413107 9.74856 92.0532 108.996 77.6746 507.018 9.22538 348.427 0 23.9715 193.818 275.177 19.1197 112.901 49.943 4.58799 133.078 2.57761 47.2877 24.4138 7.97476 40.4784 52.5638 58.3257 4.47426 8.16064 10.7039 
187.811 222.163 192.263 126.274 145.376 168.388 18.8352 11.9332 40.2329 604.618 0 518.439 37.8247 203.221 195.788 161.519 5.03187 99.1336 20.6885 74.3149 86.1927 46.7564 15.4839 69.4466 146.006 163.649 55.6934 8.91842 
6.75392 156.19 139.642 75.7387 84.4346 6.16902 255.31 822.81 377.69 1.49759 298.302 0 57.0178 164.781 181.658 348.935 53.7873 0.00386121 3.80889 5.54321 11.4678 49.4823 17.5958 130.696 341.604 359.952 2.0059 51.9828 
25.3738 0.0390841 66.7228 16.3991 170.008 15.0793 130.19 146.578 34.6093 95.5378 196.748 157.803 0 0.441612 3.98718 0.363081 6.67493 106.175 82.4662 0.109239 73.8698 53.5836 8.27157 56.082 26.6483 0.338394 0.154719 25.7223 
43.5171 53.4001 2.33533 4.96625 30.2995 20.1783 2.47537 6.49267 11.5025 75.4263 69.1174 15.8976 127.651 0 37.8041 4.31407 11.7146 51.2649 18.0602 4.47212 15.7588 0.823837 2.1558 5.64324 16.1576 3.97375 1.88723 5.56658 
1.64268 91.7233 18.2283 29.8023 59.4719 0.997939 4.45564 184.895 93.3251 36.6331 111.754 251.443 2.21353 60.2219 0 88.9268 12.1259 47.1758 37.9067 0.545251 20.0631 15.1754 8.31872 3.38576 5.83338 1.62386 18.857 6.57244 
22.991 0.134702 1.04586 0.327161 1.42254 10.8878 102.174 233.412 133.975 1.29735 158.956 287.6 17.8933 19.0228 79.0668 0 26.1207 48.906 7.27556 9.58385 62.6841 10.5037 2.56612 0.461118 3.7381 30.425 16.0223 2.40928 
339.499 322.919 3.56744 297.292 86.6293 265.733 109.929 34.3706 343.514 5.5614 33.9549 22.6757 9.35089 2.65711 22.4251 19.7756 0 178.328 150.157 18.5315 33.0445 20.6358 7.5671 0.0342779 256.164 1.98838 4.39245 22.8275 
136.321 342.676 14.0321 6.70413 80.9988 118.071 23.127 112.117 209.934 137.169 152.052 0.280143 34.3858 38.7568 13.195 3.46102 286.138 0 75.8654 33.0243 0.122828 34.305 11.5775 48.295 59.6967 0.669631 16.657 11.5773 
114.062 5.31214 18.5799 46.9867 3.58795 9.6103 2.29904 33.4819 104.736 20.3914 1.54184 85.5914 37.8791 0.517818 11.5698 5.57231 214.04 100.147 0 2.42446 0.769073 0.582884 16.5106 14.1083 0.479297 5.40332 17.0847 25.872 
201.969 55.7231 24.8966 22.2625 0.188315 0.543434 13.0309 20.5945 1.25594 49.1414 0.636703 42.2823 38.8998 0.737962 11.6905 9.40548 14.9808 41.0654 2.40926 0 9.40698 6.29684 0.0298256 0.15479 7.20954 6.58946 0.473325 5.58204 
227.302 156.386 91.1935 48.86 1.70712 0.356877 95.188 205.442 143.356 2.70346 115.467 158.828 2.41687 20.2726 5.21105 54.9519 57.3204 1.22484 35.3992 209.092 0 4.66507 8.93978 45.1967 22.2949 42.2346 14.3987 32.5712 
0.0251507 19.3261 0.219545 1.44182 33.8686 4.44791 36.6822 59.214 0.402644 51.2155 69.4615 68.4172 90.3 10.3384 2.00859 6.53381 4.44082 20.9907 1.17643 0.992195 26.4733 0 14.1366 9.27454 17.6454 0.711722 12.8005 8.98225 
1.7324 2.78466 12.5315 5.68573 0.230101 0.448556 34.0914 95.4444 86.3103 9.28807 127.922 4.62644 3.72062 1.39643 24.1002 4.70763 0.235763 0.141556 0.489591 0.00214058 11.0748 14.0797 0 20.0925 0.996594 10.38 0.244121 4.52563 
41.0831 36.7893 1.59143 15.4466 53.0554 16.8497 67.4102 66.9185 0.404265 1.98782 10.5071 54.7249 67.257 1.86243 17.9841 29.3078 13.8905 1.53042 8.29926 4.63836 46.1953 0.488862 2.45451 0 10.5958 6.021 4.20041 2.9951 
261.313 244.885 8.42571 259.154 8.11448 246.338 68.7296 9.78274 368.007 55.3475 26.5283 1171 0.0687315 16.5783 4.02223 56.2045 259.401 59.495 29.8335 8.22458 1.15817 78.556 17.6897 71.5128 0 83.1746 113.534 128.015 
60.617 59.2535 14.9925 34.4083 23.3213 17.5953 76.328 200.413 1.80356 29.1276 160.663 9.90239 35.366 5.20801 0.0189776 27.2709 0.0305721 0.449338 20.4827 2.02062 4.58905 0.429358 2.83853 3.00311 30.4933 0 14.1298 22.8936 
12.5732 2.89887 16.5422 9.97406 18.11 9.83639 59.3422 94.2895 79.6017 46.1125 11.7567 91.1156 0.733528 5.82173 6.19494 14.9495 20.4404 1.53203 3.3758 9.58538 4.84141 12.7767 13.0638 2.03486 24.899 31.1167 0 72.4984 
22.0837 0.460269 6.04362 11.6407 19.6391 6.99707 0.173611 129.373 65.7421 7.87136 28.267 45.2184 13.2491 9.6403 0.00121223 0.31168 12.0749 15.6214 7.45898 10.0513 49.0122 5.30053 0.000302809 9.94643 37.7858 63.5203 86.756 0 
