0 205.46 92.1733 170.351 85.8162 225.772 4.83696 306.606 106.323 141.259 94.5863 114.995 86.9535 32.513 43.1352 10.4971 140.145 195.842 20.9575 30.425 21.2948 20.9589 13.9546 27.4591 168.067 3.56598 15.2162 1.17906 
262.628 0 74.5425 102.657 249.65 293.353 133.666 176.145 467.436 10.0097 28.4648 157.324 41.6709 15.5151 2.12214 84.743 184.493 55.8576 52.1062 28.4485 133.235 6.34113 0.614531 49.2291 169.452 28.6083 0.690959 35.0326 
4.74877 400.998 0 29.4048 112.02 57.2124 173.879 234.76 273.705 0.241584 48.6429 6.56601 66.2704 3.51952 33.0673 18.1157 19.9136 91.5058 60.3738 7.63981 90.4692 10.6106 8.44483 11.1012 26.9974 27.2706 17.0167 14.3158 
134.984 279.552 192.397 0 26.0172 166.215 31.9283 1039.28 122.029 25.8707 5.42912 244.372 51.8974 21.6802 29.8913 22.8679 102.642 135.115 30.7484 16.3792 6.49924 16.5716 19.4386 15.7818 102.436 40.7267 6.34902 17.8465 
250.616 528.284 168.282 144.166 0 418.727 435.519 193.502 5.4892 323.889 260.369 68.9072 119.999 63.3553 66.4442 68.5262 2.86562 0.161218 0.891063 6.38308 5.89793 8.03033 12.9558 6.72495 3.86497 3.08689 35.32 35.1484 
232.04 264.201 13.5531 158.285 594.245 0 897.796 162.306 253.095 657.359 273.214 74.9467 177.965 20.906 41.0381 2.08825 117.75 2.28452 6.63812 1.1738 8.19917 19.4071 15.824 4.2498 110.44 2.9889 18.694 0.0761055 
19.0842 116.3 63.6983 203.303 93.5647 68.8035 0 43.2679 1068.06 49.001 26.6849 235.581 0.151639 86.7405 1.00948 102.323 15.5083 22.2397 3.5635 94.1904 121.649 31.5946 38.9416 30.5757 6.37267 97.2771 56.2229 2.02376 
1.22118 13.6888 85.4863 417.031 199.911 97.5681 12.1477 0 262.894 142.079 372.894 808.333 0.895845 126.364 35.4807 137.916 30.0938 144.548 110.553 115.058 166.897 9.06469 99.3549 30.103 129.839 31.387 53.8716 17.9982 
362.242 295.742 454.84 397.622 331.117 429.346 1228.64 257.559 0 318.308 751.203 64.0595 90.4872 16.9528 279.235 20.0617 120.736 194.539 11.2992 101.922 131.357 0.277494 69.9773 34.225 107.038 30.9807 1.37875 55.5616 
0.498088 1.74243 3.83812 98.2553 59.376 49.3294 456.325 2.30762 378.952 0 127.613 214.739 315.26 26.5229 124.29 59.0228 2.55633 125.923 6.61899 49.6921 29.2852 10.8374 44.4744 55.1558 54.2036 2.06025 6.58703 13.3574 
192.576 198.259 159.151 101.724 172.492 211.039 0.000363001 0.646687 133.467 564.609 0 497.898 19.3685 212.471 302.057 191.72 3.121 87.2453 14.7393 70.503 95.5203 42.5667 8.17957 57.6335 145.404 166.354 60.1198 5.10201 
16.3654 136.863 118.533 114.322 97.6248 13.6262 232.32 454.281 341.146 0.30254 390.981 0 68.3854 158.233 224.713 469.685 57.647 0.681017 6.06555 8.92092 18.3354 45.6042 26.4563 151.994 239.705 276.565 5.04929 34.6702 
31.1817 0.557772 63.3846 12.691 161.587 61.3962 154.05 148.095 50.1991 42.4282 170.355 159.369 0 2.68582 10.8292 0.0615216 4.95925 106.04 80.1822 0.40837 72.2391 61.9338 14.7768 60.3062 23.5873 1.01087 0.395053 27.6923 
41.1146 57.207 1.51248 3.73576 34.7207 19.0889 5.81719 12.5268 4.94598 69.7189 101.311 29.5717 146.193 0 16.1006 7.61197 12.5429 50.1016 19.2622 4.3599 13.8438 1.35739 4.53255 4.18397 16.4819 3.01455 2.30229 4.86899 
0.554769 94.5365 14.872 26.8283 66.3434 2.75608 11.8379 184.014 61.8668 21.6391 218.738 217.302 0.0249075 46.0628 0 82.2578 13.3768 50.653 38.332 0.328906 22.9709 15.9193 4.96202 1.29057 8.2342 3.42766 18.3321 8.09452 
17.6587 1.0578 2.11859 1.60085 3.01687 13.1141 99.1284 198.968 122.245 0.030609 189.635 433.95 24.6627 19.2837 49.2974 0 26.0084 51.4335 8.53977 9.44339 63.0114 9.98976 3.946 3.29856 1.87984 27.2421 15.1247 1.34326 
201.472 194.552 5.81655 152.993 72.3462 119.849 109.521 39.3683 205.593 3.30533 29.4724 19.2602 11.5616 2.14004 21.2958 20.6578 0 128.883 307.578 20.2808 30.0072 20.3931 8.18779 0.000866393 113.067 1.47056 4.91284 22.4102 
162.433 277.751 27.6688 14.381 105.781 121.979 40.174 98.8605 216.295 130.947 158.897 0.0548807 29.0127 41.0053 10.3201 5.10094 284.338 0 62.2925 26.8733 1.03069 35.4387 13.2131 48.41 59.4725 1.46549 15.1842 13.3452 
110.757 13.2074 14.1747 50.6639 1.56714 16.6175 7.24586 40.0456 116.055 12.9526 0.231087 89.1336 43.1346 0.226264 9.71668 4.50208 211.498 86.9429 0 3.5345 1.63096 0.902593 17.3244 15.0151 0.217755 6.46194 17.7686 25.4764 
220.468 72.65 23.0908 16.7184 0.12227 0.149857 8.26377 13.883 0.131506 46.6641 1.82204 48.731 40.0356 0.595045 11.7673 9.55852 13.2404 34.6396 1.499 0 71.3904 6.2415 0.00886447 0.0797324 7.88663 7.22787 0.645534 6.06767 
239.305 165.688 78.1488 94.757 0.329788 1.32064 104.458 207.923 130.053 4.77257 107.148 152.435 1.38493 22.3082 7.05699 52.2756 54.9806 0.195664 31.9694 106.921 0 3.99246 7.62354 46.1523 25.3758 45.5313 12.878 30.3656 
0.156145 21.4974 0.375852 1.09571 36.4903 5.44275 33.4138 61.1211 0.0561617 48.1222 72.0222 65.7825 88.8896 10.6699 1.32368 5.79937 3.91166 22.478 1.60969 1.14294 25.6685 0 14.8915 10.388 18.011 0.963086 12.7256 9.24115 
2.6738 1.6577 12.5893 6.73514 0.00960147 0.839056 38.8207 91.1972 91.4297 12.6404 121.515 10.0118 8.57972 3.56174 21.9792 6.27094 0.395012 0.420355 0.26028 0.00105317 9.65109 14.8579 0 20.6384 0.73091 10.2652 0.494362 5.04397 
43.9619 33.4725 2.24005 13.5505 54.2513 16.2669 65.004 80.5218 0.0056335 3.73479 17.8436 78.4605 69.116 0.884645 14.1423 27.79 13.207 0.896357 9.19321 4.38185 45.2493 0.144347 0.0423374 0 5.78214 7.47412 5.38324 3.74622 
115.379 103.757 6.59211 113.708 10.567 103.438 74.1891 1.99587 228.989 50.9507 37.9163 674.087 0.452724 16.5841 6.1392 34.8509 118.313 59.7024 29.3257 7.55141 2.17861 19.2501 15.9225 52.7807 0 2.83312 139.411 27.1316 
65.2496 64.2365 12.6972 37.8421 19.5781 19.4868 69.1941 221.803 0.042041 35.1151 165.461 68.1527 32.2834 6.28411 0.214718 23.1216 0.000845488 1.131 19.2009 1.56256 6.62288 0.264368 3.49594 4.22008 27.8584 0 10.3246 11.6948 
10.7258 4.00211 17.1559 11.3518 16.3512 10.7089 60.0036 97.0169 79.1098 46.8057 15.1744 82.8064 0.387036 6.35493 5.22589 13.9478 20.0595 1.02271 3.91584 9.83938 5.91661 12.6874 13.2967 2.95118 28.5806 27.7142 0 86.993 
19.0371 1.17587 7.24015 9.60888 17.253 5.90355 0.827553 123.495 59.524 10.2467 35.4103 63.8266 11.4593 9.05891 0.139922 0.0222904 11.2784 17.55 8.33712 10.3592 49.8312 4.92287 0.0325239 10.7485 38.3568 62.17 72.1004 0 
