0 271.119 97.9539 243.456 80.8734 308.563 6.34576 307.433 189.231 142.476 92.1111 118.407 86.1332 32.0765 43.8163 11.1352 223.02 192.674 19.9323 22.7911 23.9973 21.1877 13.6441 26.9632 252.478 3.21504 15.5238 1.31796 
324.857 0 94.8178 187.566 230.06 372.134 117.231 181.392 544.778 11.943 25.7802 154.476 43.2551 14.9455 1.79951 84.7485 266.327 615.824 49.6178 26.4008 135.285 6.56457 0.525706 49.6382 252.866 29.4316 0.77047 34.5339 
3.17917 380.93 0 43.0268 107.879 56.1233 167.016 239.994 251.887 0.453699 53.2995 7.89957 66.7394 3.68167 32.8872 17.8118 19.3211 88.3736 60.148 7.27738 88.5425 10.5525 8.33673 10.9632 26.8608 27.3353 17.1068 14.5058 
211.166 373.907 183.576 0 23.9383 250.676 35.2354 493.041 201.541 24.5817 6.70911 247.147 51.2529 21.7975 29.4563 23.5648 186.66 136.287 30.0734 15.5679 623.833 16.5458 19.4304 15.4963 186.345 41.0974 6.16866 18.1765 
247.801 524.361 165.608 146.009 0 432.813 435.712 195.565 3.72189 326.472 259.82 66.9594 117.616 62.9471 65.4241 68.112 2.30689 0.0224595 2.02291 6.97744 6.44024 8.31804 12.5904 6.45331 4.12041 3.34518 35.0668 34.7702 
316.593 354.014 12.3482 241.296 212.05 0 965.867 158.501 317.523 416.159 273.623 77.3351 657.837 20.787 40.8448 1.91035 201.151 2.77668 5.86373 1.28977 7.74775 19.4861 15.7632 4.11198 194.631 3.18081 18.7633 0.0988862 
16.4535 100.698 70.2283 203.038 104.641 38.0147 0 49.8991 1144.25 61.7731 20.379 239.327 0.0174297 85.9398 1.46898 102.635 16.2879 24.5336 2.91752 94.3604 122.749 31.0938 38.2229 31.2543 5.87351 97.6265 56.0008 1.81794 
2.12513 11.5148 78.6348 387.754 201.761 101.929 15.9418 0 287.156 138.69 371.698 757.609 0.673965 126.373 38.2438 145.024 30.8197 142.885 111.022 115.451 169.125 9.38792 99.7216 31.8326 133.277 35.2946 54.8439 16.785 
444.894 390.037 445.398 487.472 334.944 493.15 1170.94 233.777 0 310.167 1367.77 70.8625 93.4133 16.1908 289.134 21.75 205.431 192.611 12.3086 102.401 129.255 0.217429 71.0498 35.2564 190.393 32.7074 1.54321 54.5871 
0.75929 2.61673 3.16693 99.0674 52.8099 58.8674 443.17 1.6544 381.635 0 149 217.539 319.39 27.7106 125.665 60.3666 2.29713 124.722 7.38921 50.0303 30.0498 11.3036 45.0588 55.5101 53.5423 1.77153 6.35989 13.7795 
193.071 194.323 153.704 97.9526 176.482 216.894 0.471756 0.158672 177.763 551.004 0 491.616 17.0482 213.007 316.46 195.703 2.86865 85.4275 13.9102 69.8875 96.9135 41.9248 7.25647 55.8464 145.086 166.406 60.7769 4.60928 
18.1687 133.833 115.164 120.419 99.6246 14.9944 228.364 395.775 334.419 0.672219 403.721 0 70.1426 156.842 230.383 480.035 58.2251 0.885774 6.45197 9.49827 19.5045 45.0061 27.9237 154.909 239.68 261.298 5.62856 32.2601 
32.098 0.792671 62.8265 12.1592 160.078 69.409 157.508 148.206 52.7487 35.8939 166.097 159.459 0 3.94593 12.1372 0.142474 4.71857 105.963 79.7842 0.470435 71.9688 63.1575 15.9018 60.8951 23.1253 1.14413 0.441231 27.9889 
40.7337 57.7569 1.40124 3.56075 35.3957 18.9037 6.44174 13.5997 4.19725 68.7488 106.333 31.9487 148.259 0 13.2073 8.15065 12.6684 49.9054 19.4411 4.34153 13.5582 1.44863 4.91847 3.9661 16.5138 2.87644 2.36819 4.76394 
0.439342 94.8681 14.3654 26.3561 67.3543 3.09527 13.2455 183.393 57.4109 19.6278 235.439 211.057 0.00204895 42.998 0 79.1166 13.5684 51.1659 38.3775 0.300612 23.42 16.0216 4.50601 1.05401 8.62376 3.75391 18.2435 8.33315 
16.8904 1.27414 2.31182 1.87602 3.30934 13.4558 98.5332 192.819 120.266 0.000776713 193.712 450.05 25.7511 19.2063 44.0591 0 25.984 51.7989 8.7377 9.41692 63.0219 9.90605 4.17112 3.9328 1.67622 26.6641 14.9799 1.20633 
285.955 280.544 6.20148 236.563 70.1746 203.228 109.375 40.1402 290.111 3.01097 28.8052 18.7578 11.9143 2.0657 21.1199 20.7878 0 121.367 348.91 20.5444 29.5473 20.3528 8.28284 3.32023e-05 196.854 1.3982 4.9939 22.3428 
166.236 257.435 30.0713 15.7773 109.631 122.398 43.1 96.8202 216.968 129.878 159.817 0.122816 28.2193 41.3364 9.90785 5.37591 282.565 0 60.2537 25.9666 1.24573 35.6052 13.4676 48.4124 59.4158 1.61296 14.9629 13.6215 
110.146 14.695 13.54 51.1913 2.99127 17.8163 8.23016 41.0703 117.697 11.9498 0.132956 89.6364 43.9358 0.192229 9.44389 4.34742 210.6 84.889 0 3.7198 1.78953 0.957117 17.4451 15.1517 0.186817 6.62916 17.8708 25.4107 
221.675 75.2419 22.7836 15.9027 0.219809 0.111305 7.62353 12.9606 0.0610104 46.2616 2.05473 49.7147 40.1943 0.574448 11.7741 9.57668 12.9786 33.6759 1.3785 0 84.7973 6.23201 0.0067542 0.0704458 7.98899 7.32401 0.673933 6.14145 
240.5 166.91 76.0873 95.0454 0.213953 1.51988 105.818 208.012 127.938 5.13614 105.832 151.334 1.25245 22.6185 7.35912 51.8414 54.6097 0.116306 31.4501 92.4275 0 3.89405 7.43019 46.2809 25.8503 46.0182 12.6509 30.0263 
0.185852 21.8311 0.403193 1.04691 36.8834 5.59991 32.9137 61.3914 0.0311208 47.624 72.3797 65.3546 88.5311 10.7082 1.23086 5.68758 3.83337 22.7039 1.68117 1.16661 25.543 0 14.9709 10.5496 18.0673 1.00435 12.7109 9.27878 
2.83382 1.51089 12.5902 6.8987 0.00158848 0.908572 39.5384 90.4706 92.1331 13.1845 120.352 10.997 9.47768 3.93787 21.5754 6.51115 0.422755 0.475643 0.23161 0.00197405 9.44021 14.9411 0 20.3855 0.740904 10.2392 0.539829 5.12302 
44.3841 32.9643 2.3469 13.2605 54.4114 16.1689 64.5967 82.5669 0.0335889 4.04553 19.1041 82.2084 69.3238 0.76414 13.5498 27.3335 13.1019 0.814339 9.33085 4.34193 45.0888 0.109594 3.85898e-05 0 5.24135 7.69882 5.57138 3.86542 
198.768 187.893 6.32646 197.16 10.9636 187.273 74.9717 1.32059 313.248 50.253 39.7692 580.325 0.540515 16.5671 6.49156 29.2035 202.404 59.7114 29.2402 7.44828 2.36089 17.29 15.6658 49.4475 0 4.93235 165.617 48.6265 
65.9109 64.9605 12.349 38.3154 19.0257 19.7654 68.0592 224.201 0.000990551 36.0371 165.838 80.8192 31.8079 6.44918 0.307541 22.4272 0.00361432 1.26136 19.0031 1.4972 6.96137 0.24266 3.59912 4.41766 27.4337 0 9.77646 10.2315 
10.454 4.18438 17.2437 11.564 16.0874 10.8414 60.0821 97.3662 78.9997 46.8945 15.7248 81.4908 0.343847 6.43564 5.08294 13.7888 19.999 0.953984 4.00086 9.87612 6.0882 12.6705 13.3246 3.10295 29.1168 27.1572 0 88.5022 
18.5839 1.31316 7.42737 9.30935 16.8974 5.74233 0.96928 122.444 58.5608 10.6299 36.5365 66.7951 11.1943 8.96649 0.181101 0.0075513 11.1575 17.8484 8.47316 10.4032 49.9393 4.86551 0.0420701 10.8662 38.3775 61.5281 69.2994 0 
