0 464.368 126.037 461.448 58.2107 560.697 16.451 307.901 444.989 147.729 80.1663 134.876 82.0015 29.9387 47.0769 14.4519 476.511 176.079 15.2548 14.5814 39.0749 22.2967 12.1668 24.5653 513.161 1.76132 17.0413 2.09924 
496.395 0 213.275 460.7 139.622 603.156 50.0361 206.101 765.981 23.567 14.4887 140.216 51.1796 12.2946 0.606786 84.4854 514.633 635.479 38.0962 17.3489 144.764 7.69603 0.192339 51.5516 508.736 33.4993 1.217 32.1063 
0.0239574 263.036 0 144.376 87.5293 50.2035 132.045 260.911 147.486 2.41523 77.8576 16.0085 68.8093 4.50469 31.812 16.2833 16.5078 73.1033 58.8007 5.60352 78.8346 10.261 7.80265 10.2772 26.1083 27.5244 17.5227 15.412 
446.736 680.198 270.104 0 14.9141 511.186 52.9876 147.183 446.509 18.6695 14.7432 256.828 48.0476 22.3038 27.2587 26.9055 445.749 141.071 26.8093 11.8012 622.945 16.4044 19.3476 14.0974 444.95 42.6543 5.31973 19.7683 
231.684 485.791 150.713 153.783 0 448.988 425.331 204.638 0.00807604 332.593 255.236 57.6786 105.751 60.8214 60.3414 65.9388 0.449167 1.14886 13.8653 10.203 9.39099 9.77406 10.8701 5.20448 5.46826 4.73831 33.8187 32.9175 
577.121 638.782 7.1627 494.971 73.9783 0 122.395 138.936 496.176 689.199 270.398 88.9244 220.41 20.1254 39.6236 1.15261 457.179 5.82434 2.75586 1.92511 5.72052 19.8302 15.4303 3.46619 454.436 4.18471 19.0788 0.251596 
6.34736 38.7144 104.22 199.006 163.578 149.64 0 87.498 1305.56 139.885 1.6968 255.714 1.24837 81.6885 4.89494 103.627 20.2925 37.033 0.690671 94.7878 127.755 28.6651 34.7262 34.5701 3.72375 98.9062 54.8503 0.972577 
9.98565 3.5735 48.2026 286.619 209.735 123.11 41.1424 0 406.007 121.924 361.324 478.825 0.0441814 125.72 52.6701 178.515 34.4102 134.451 113.044 116.862 179.231 11.024 101.145 40.6841 149.134 56.7554 59.5354 11.4275 
695.084 698.423 375.954 767.449 349.059 649.027 735.252 128.224 0 266.266 663.651 107.436 107.691 13.3823 242.153 30.7181 467.821 182.396 17.7588 104.369 118.765 0.0296717 76.1036 40.3557 446.647 41.5304 2.47031 49.8337 
2.79915 9.31887 0.812214 102.478 25.7153 158.511 363.613 0.0230733 386.801 0 265.366 229.5 331.085 33.6454 130.856 66.6768 1.23161 118.507 11.6828 51.5622 33.8388 13.6717 47.7915 57.0705 50.2201 0.675055 5.30551 15.8906 
194.589 174.335 126.422 79.8096 195.1 242.008 15.2821 2.47219 409.335 461.978 0 450.417 7.7894 212.251 373.967 212.195 1.79069 76.6142 10.1908 66.7763 103.55 38.8005 3.52955 47.2888 142.701 165.299 63.8955 2.56126 
28.1154 118.915 98.4746 150.082 109.25 22.4456 207.712 147.581 298.156 4.51907 457.95 0 78.7292 148.71 253.581 492.94 60.9916 2.25848 8.48463 12.5266 25.6186 42.0797 35.4315 167.568 273.919 183.269 8.85996 21.5713 
36.6526 2.51262 59.9429 9.70967 151.966 96.7928 173.407 148.299 65.6773 11.4431 144.819 159.336 0 13.3032 19.3894 1.00922 3.62892 105.374 77.6695 0.833302 70.575 68.8632 21.8018 63.5333 20.9028 1.9053 0.701265 29.4139 
38.832 60.3046 0.917061 2.76111 38.6692 17.9377 9.88541 19.3429 1.54115 63.7082 130.532 44.4207 155.052 0 2.76254 10.8046 13.2742 48.8828 20.293 4.2476 12.1963 1.92637 6.74092 2.94755 16.602 2.24047 2.69766 4.25992 
0.0695494 96.105 11.9475 24.007 72.1025 4.9926 21.0526 178.598 37.5301 11.0831 311.523 177.87 1.06128 26.7748 0 58.1696 14.5019 53.5862 38.5254 0.180919 25.6189 16.4751 2.55525 0.239909 10.5891 5.51186 17.782 9.5119 
13.3461 2.60393 3.35474 3.50155 4.91092 15.1129 95.172 160.614 110.042 0.470732 210.715 494.295 31.2087 18.4025 20.056 0 25.8376 53.4961 9.71777 9.26964 62.9249 9.48042 5.30197 7.61731 1.00322 23.5746 14.2489 0.641975 
546.85 548.83 8.22019 493.204 59.7367 459.138 108.351 43.9202 551.256 1.77131 25.6294 16.3882 13.684 1.72166 20.252 21.4027 0 86.1227 198.319 21.811 27.3276 20.1444 8.74616 0.011961 454.674 1.07151 5.39414 22.0015 
183.801 151.669 42.7621 23.3364 128.374 123.746 58.3758 86.8867 219.097 124.264 163.799 0.835696 24.47 42.8992 8.00751 6.80269 268.59 0 50.5389 21.7001 2.57514 36.3899 14.723 48.3669 59.0566 2.42627 13.9001 14.9884 
106.793 22.9101 10.613 53.6179 16.1954 24.0578 13.8342 46.1247 125.31 7.60595 0.0397967 91.9343 47.817 0.0662304 8.15756 3.62902 201.474 74.8365 0 4.6785 2.66122 1.24372 18.0191 15.8083 0.0701351 7.46293 18.36 25.0715 
221.165 87.6884 21.1857 12.1097 1.09491 0.00538401 4.85648 8.88816 0.0990911 44.2195 3.37729 54.4771 40.9103 0.478936 11.7884 9.64526 11.723 29.0778 0.862826 0 158 6.1819 0.000576778 0.0334536 8.48242 7.78565 0.819947 6.49875 
243.826 172.061 65.9218 76.7416 0.00647923 2.68054 112.196 207.351 117.394 7.07942 99.2797 145.534 0.702614 24.1244 8.90202 49.6397 52.7562 0.0228727 28.9445 33.7308 0 3.43134 6.51903 46.8407 28.1679 48.3184 11.5656 28.3676 
0.366674 23.4605 0.549084 0.824751 38.7673 6.38213 30.4817 62.6271 0.0138882 45.1127 73.9894 63.1815 86.2666 10.8473 0.825164 5.14675 3.46218 23.7983 2.04871 1.28424 24.9226 0 15.2168 11.2988 18.3406 1.21565 12.6267 9.45477 
3.67245 0.892718 12.5649 7.70471 0.0587889 1.2827 43.0009 86.6618 95.244 15.9394 114.055 16.3594 14.3794 5.80149 19.3593 7.66564 0.570529 0.792073 0.115985 0.0105223 8.43957 15.2057 0 18.003 0.978472 10.0821 0.787582 5.50643 
46.3676 30.4905 2.89422 11.8553 55.1047 15.6604 62.473 92.3 0.501851 5.71584 25.7096 100.569 70.0437 0.298669 10.704 24.3781 12.5873 0.471332 10.0043 4.14516 44.249 0.00864205 1.05511 0 3.42821 8.79399 6.51069 4.46042 
454.782 447.584 5.09412 453.452 12.9709 445.391 78.571 0.0182862 572.78 46.7763 49.1309 1085.25 1.07581 16.418 8.3005 8.26443 461.687 59.6698 28.7951 6.94602 3.34533 48.3718 14.4795 34.3122 0 68.0126 42.269 138.263 
68.9396 68.3308 10.6746 40.4047 16.4169 21.076 62.4004 232.296 0.657904 40.5225 166.311 151.874 29.4826 7.24961 0.989691 18.9032 0.0444423 1.99282 18.0334 1.1972 8.70799 0.150218 4.10942 5.41551 25.3088 0 7.26476 4.35254 
9.17177 5.1219 17.6477 12.6019 14.8224 11.483 60.3796 98.8086 78.3331 47.2624 18.5036 74.9513 0.170168 6.82508 4.408 12.9948 19.6956 0.653573 4.42414 10.0472 6.95082 12.5758 13.431 3.88236 31.6254 24.3388 0 92.7513 
16.4287 2.08475 8.35227 7.89804 15.2018 4.98134 1.81346 116.798 53.8415 12.5658 42.1219 81.5165 9.93768 8.50468 0.455519 0.046757 10.5718 19.3135 9.14209 10.6061 50.401 4.58772 0.10575 11.4189 38.2082 56.899 54.3509 0 
