0 974.491 11.3781 669.367 122.122 410.561 4.63769 214.08 400.548 1.02667 176.339 79.0078 9.88177 45.4194 55.8184 74.1816 500.577 226.015 33.3843 33.2228 198.872 0.691642 6.3807 33.9542 466.641 79.5335 50.8209 23.7631 
975.483 0 462.112 635.99 258.081 515.263 2.76426 40.6184 693.892 144.488 60.2394 7.78688 134.11 7.27775 20.6922 2.23561 410.562 497.882 156.82 138.486 0.634158 51.1222 20.9583 0.154169 412.79 0.0175886 54.0372 57.7974 
74.9059 12.2534 0 216.03 129.27 55.827 146.682 240.717 28.4217 12.0754 231.528 175.879 0.900287 14.0857 33.6992 4.83251 33.1928 12.0967 60.3111 6.56981 2.11233 1.00666 0.00184269 6.73705 0.401023 19.8135 19.3708 16.7775 
705.982 679.139 119.566 0 99.1793 407.287 103.086 1026.93 549.2 6.99247 197.7 41.9734 35.9146 9.35932 39.4286 31.5731 396.788 2.42764 55.2837 46.7475 540.328 2.82195 0.826653 18.2462 415.035 35.8029 19.8413 11.6259 
264.995 529.527 178.016 73.7029 0 128.915 149.309 98.4502 0.468548 154.652 7.69794 96.1058 3.01588 43.9651 0.895858 57.2905 66.5755 184.082 86.4073 14.1912 19.0414 20.38 36.303 11.6345 17.7684 70.6119 40.8927 1.17692 
458.176 616.341 60.8549 448.352 727.797 0 871.962 201.545 840.197 486.864 0.359374 30.5632 18.4419 20.8726 3.97253 6.07245 453.433 97.857 4.5936 18.5121 0.000177112 1.09836 8.54326 4.47929 405.631 21.7836 10.2013 11.737 
19.4748 0.599273 89.8554 171.993 79.4462 40.0753 0 170.147 1295.5 260.425 367.827 97.3759 6.3016 45.1368 2.39479 0.303058 1.39272 233.838 12.8052 93.7254 6.29821 62.5522 45.5261 58.711 91.8929 97.6265 32.6095 65.1606 
57.4486 291.923 77.6695 517.524 88.6375 0.205251 234.63 0 155.775 192.207 0.970405 547.117 57.1774 27.6467 176.017 42.4348 0.232336 11.4125 80.4648 114.879 43.8976 42.4424 18.6214 10.0705 176.81 226.579 73.9428 132.977 
656.484 402.329 222.454 545.128 351.736 864.605 896.181 372.928 0 235.011 1067.09 3.53906 195.25 145.074 261.499 139.705 509.78 16.0234 18.8111 11.7766 104.036 1.33846 61.3341 29.7361 426.008 77.3093 4.53058 51.7936 
126.214 115.619 1.15659 83.8482 89.9687 172.45 254.685 184.97 383.106 0 34.8879 229.189 7.85619 3.80371 0.881579 4.62312 32.9097 10.994 110.208 51.6794 41.7545 8.74706 7.41644 13.9808 51.9667 1.69337 1.7782 45.1829 
133.803 11.6306 29.8417 104.638 147.828 61.3798 258.435 373.322 817.329 604.37 0 195.165 139.331 8.40065 335.588 216.79 14.4502 165.313 65.1696 1.56836 116.335 74.9659 8.59094 17.2021 93.8297 143.002 2.93136 109.973 
2.79927 17.6042 82.8345 186.923 97.3162 0.00539979 283.161 879.607 399.366 4.3579 499.844 0 93.0127 22.4887 66.1229 178.618 87.6404 52.1534 19.345 0.481242 133.46 76.6448 123.298 45.9033 57.4543 116.726 91.8793 65.6248 
104.494 69.8946 22.3825 3.00685 30.6087 148.152 123.738 96.3405 169.165 331.729 253.334 0.292835 0 120.675 114.722 53.0052 1.27331 10.1667 32.5718 6.49656 5.37889 75.8 89.0558 68.369 48.6518 55.1782 24.4464 44.3886 
37.679 65.0591 2.30582 17.1783 56.8559 19.0365 59.7093 123.292 143.077 83.9602 140.199 115.889 1.82846 0 60.6479 10.885 0.558414 46.8837 26.0932 0.169247 0.15753 0.272771 0.385008 0.735901 13.6425 8.29245 5.06722 2.58256 
0.786371 76.4059 24.0793 39.3277 86.2103 34.4688 0.867473 3.9954 67.0349 126.966 388.606 267.933 117.592 54.4872 0 10.625 24.6866 6.00542 8.68032 0.588173 0.268915 10.1469 25.1963 25.1242 31.4012 29.7303 10.9124 3.7275 
13.933 78.1168 23.8415 42.7337 11.9857 7.57537 14.8193 257.058 21.2823 40.1264 218.007 119.971 83.2655 0.197395 0.76214 0 0.369145 9.35483 16.872 0.925208 19.4382 2.71543 10.9292 13.1787 37.4644 26.1999 7.6527 19.5648 
421.658 517.841 51.3944 445.878 1.50999 453.428 105.106 0.244074 449.053 30.9233 49.8058 0.759474 37.0145 20.84 2.32359 4.55418 0 17.5336 526.468 2.11701 0.412551 17.8523 6.39333 1.90176 423.871 27.2443 19.8839 22.9207 
112.803 161.641 114.8 81.825 218.332 56.5674 233.703 45.7393 7.85908 15.3477 18.9908 45.35 98.3965 45.3731 67.3786 12.0943 61.9705 0 45.718 42.3908 93.4576 14.6464 32.7765 5.39813 47.1649 1.77541 30.8764 35.0223 
12.9935 124.424 13.9923 0.0525478 81.6051 59.3935 58.6498 114.856 126.586 117.071 28.3562 25.243 84.185 1.82237 38.4791 0.392114 54.5934 24.9319 0 27.6296 11.6901 13.1021 3.01349 2.24053 30.2979 30.0667 22.4347 21.9756 
217.546 28.9733 22.1461 46.8671 2.7351 23.2571 1.21351 14.2865 103.837 12.7861 71.2083 15.3692 43.1398 2.05922 11.6715 0.0153571 31.6699 34.3151 36.5688 0 59.3458 5.80099 3.77989 2.6355 6.42627 0.0298789 1.58939 8.95486 
145.863 6.62593 0.0895684 82.6303 2.10407 15.501 0.595316 0.31569 102.623 75.4679 85.1626 31.8119 47.6309 44.1028 3.72084 1.39614 6.35774 78.5853 14.4844 331.652 0 0.110579 32.2527 46.7538 0.088354 19.1407 44.0355 0.0760176 
23.7288 48.9783 12.5826 16.8211 48.8781 15.0463 62.7954 63.8437 2.08367 50.3746 7.02829 70.2084 81.8905 9.62377 6.85824 0.155129 1.14462 3.45957 11.456 1.98634 12.673 0 0.91338 0.143689 0.969341 9.85268 2.05325 2.89526 
8.51711 24.7191 4.10266 16.47 10.421 8.41988 32.144 0.366636 34.6005 37.8782 121.999 111.064 85.2995 0.0943812 12.2784 12.1241 0.0431107 44.8269 23.066 3.62582 30.2055 0.862719 0 11.6958 2.85776 6.69568 13.4976 0.839607 
10.9536 56.3293 6.08851 20.2531 50.9581 0.893957 39.7567 51.3961 86.5631 14.7489 128.258 1.87817 69.6864 3.91314 10.7223 12.8553 18.4594 38.485 6.67814 0.17716 32.7722 10.3909 6.10734 0 2.18859 7.91128 7.18558 12.417 
403.67 439.399 19.2426 434.496 8.99021 396.879 3.14253 101.321 503.294 55.1634 116.822 47.81 46.3795 11.9209 31.1661 36.0471 396.332 50.7267 0.902135 8.98412 12.667 37.237 17.476 50.6588 0 6.47141 100.061 74.2272 
3.48116 16.3796 24.023 31.9963 40.0957 4.80366 68.059 118.517 14.5821 58.1068 149.273 336.696 16.5603 1.49802 24.9639 29.6557 24.907 2.18656 0.0485254 11.225 57.4798 5.66906 0.192275 11.2898 7.28068 0 12.9902 63.5334 
16.8684 54.4242 19.3826 0.928869 49.137 18.4152 52.2473 100.482 73.3539 39.2159 39.2637 1.7847 31.4875 9.09916 19.879 6.30154 5.14677 10.6438 9.4917 3.54892 12.1083 2.19335 1.18798 10.1412 12.7715 0.840169 0 10.9952 
59.3885 4.78514 21.3929 15.6857 1.75207 22.1734 73.1798 35.626 55.7917 48.1804 45.752 33.1995 2.88848 0.170478 15.7437 15.529 12.2655 30.6209 0.168483 4.14717 31.038 10.2828 1.79452 14.2607 29.0233 22.7558 73.953 0 
