0 370.674 135.703 371.374 50.8478 476.808 21.0702 306.661 363.578 149.313 76.0036 140.603 80.4889 29.1789 48.2054 15.7033 393.464 169.8 13.7304 21.8448 45.1047 22.6868 11.6584 23.7255 432.536 1.34965 17.5856 2.41665 
393.512 0 258.623 388.242 111.012 511.383 32.3662 214.418 669.674 28.5025 11.2324 135.046 54.0545 11.4077 0.336126 84.2781 429.724 683.034 34.288 14.5434 147.9 8.11308 0.113766 52.1962 426.43 34.957 1.3983 31.2492 
0.705391 217.693 0 185.289 80.3733 47.9007 119.412 266.332 113.889 3.46936 87.133 19.4838 69.4544 4.80781 31.3561 15.7264 15.545 67.758 58.2282 5.05154 75.3007 10.1545 7.61114 10.0296 25.8085 27.5414 17.6605 15.7244 
363.563 613.975 352.655 0 12.1862 430.331 59.8229 129.275 363.677 16.7354 18.2656 258.679 46.8904 22.4568 26.4537 28.0567 364.689 142.386 25.6672 10.5547 126.943 16.3481 19.3015 13.6008 363.739 43.1033 5.0315 20.3235 
225.102 465.087 144.787 156.034 0 430.885 417.302 207.447 0.645426 332.161 252.873 54.4878 101.477 60.0168 58.505 65.1105 0.136705 2.25532 20.448 11.4698 10.5548 10.3102 10.2858 4.79253 5.98549 5.28359 33.3712 32.2586 
496.104 565.586 5.62771 411.811 195.479 0 422.732 131.697 394.424 948.456 267.225 92.9791 386.994 19.86 39.0844 0.928712 375.018 7.15299 1.92761 2.177 5.07248 19.9356 15.2982 3.24826 373.578 4.56609 19.1814 0.322011 
3.88359 23.2613 116.768 196.519 185.774 271.458 0 102.614 1268.48 172.317 0.0251923 260.724 2.42367 80.0531 6.5646 103.767 21.7874 41.9434 0.270743 94.7802 129.383 27.8111 33.4939 35.7447 3.07666 99.1905 54.4167 0.736002 
14.0955 1.83808 38.8495 276.967 212.133 130.483 52.5231 0 446.431 115.932 355.91 378.509 3.09487e-05 125.215 58.1006 189.632 35.7003 131.344 113.654 117.162 182.494 11.6266 101.504 43.9627 154.332 65.1672 61.1738 9.75944 
610.015 634.14 343.887 690.595 352.189 531.988 554.029 96.6119 0 249.42 554.753 121.523 112.722 12.7404 218.244 34.1608 387.928 178.478 19.8896 104.92 114.97 0.00467876 77.8183 42.1842 364.746 44.7956 2.8477 48.154 
3.82021 12.6271 0.347479 103.463 18.2694 211.041 330.862 0.0620099 385.469 0 308.949 233.031 331.781 35.79 132.073 68.8007 0.93309 116.172 13.4074 52.0575 35.2025 14.5459 48.7104 57.5558 49.0085 0.410966 4.95332 16.6581 
194.771 167.001 116.644 73.5465 201.312 249.359 25.3011 5.13028 472.562 423.346 0 432.059 5.35127 210.66 388.211 216.773 1.46949 73.5217 9.00431 65.6331 105.834 37.6977 2.52333 44.336 141.533 164.375 64.9647 1.97778 
32.07 113.604 92.523 160.381 112.6 25.3748 199.93 83.7943 284.155 6.67511 473.52 0 81.768 145.328 259.843 482.358 61.9499 2.89124 9.26228 13.6805 27.9398 41.0406 38.214 171.38 273.675 155.715 10.1607 18.2394 
38.2966 3.34605 58.8609 8.90074 148.812 99.9107 178.608 148.154 70.4246 5.96035 137.151 159.071 0 17.7992 22.2754 1.50053 3.27647 105.082 76.8535 0.985484 70.0518 70.7683 24.0379 64.3715 20.1288 2.21834 0.807101 29.9101 
38.1419 61.1522 0.769211 2.49987 39.8187 17.5722 11.2563 21.5675 0.999789 61.8121 138.84 49.1398 156.106 0 0.865476 11.7311 13.4865 48.4949 20.5864 4.21264 11.7263 2.10776 7.32971 2.60916 16.6066 2.031 2.81746 4.08492 
0.01505 96.3916 11.1173 23.1603 73.7065 5.75533 24.1643 176.219 31.3238 8.59528 334.884 165.328 1.89396 21.0942 0 49.3734 14.8321 54.4106 38.5486 0.145786 26.4006 16.6174 1.9834 0.0892891 11.3072 6.1955 17.607 9.93421 
12.1747 3.1819 3.76191 4.18468 5.54615 15.6941 93.8067 148.606 106.222 0.878659 215.495 495.12 33.1892 17.9572 13.1089 0 25.775 54.063 10.0704 9.21038 62.8321 9.32312 5.711 9.11002 0.89389 22.3916 13.9807 0.483778 
466.245 470.841 8.98891 411.175 56.1207 376.93 107.867 45.2641 470.772 1.41023 24.5364 15.5812 14.33 1.60708 19.9407 21.6128 0 74.4695 122.373 22.2518 26.5509 20.066 8.91021 0.0224961 373.107 0.966147 5.53792 21.8755 
189.578 123.518 47.59 26.29 134.95 123.949 64.1414 83.3852 219.392 122.124 165.007 1.23814 23.1912 43.4317 7.37877 7.34132 261.65 0 47.2076 20.255 3.15588 36.6572 15.1731 48.3284 58.8968 2.75119 13.5302 15.4801 
105.462 26.1769 9.64728 54.4174 23.2235 26.4054 16.1242 47.9343 127.84 6.29117 0.158848 92.6868 49.1785 0.0373894 7.71999 3.38886 195.751 71.2811 0 5.03925 3.00839 1.35336 18.2165 16.0371 0.0423083 7.76521 18.5296 24.9439 
218.47 91.9759 20.5837 10.8514 1.5611 0.000344246 4.02042 7.61878 0.263101 43.4662 3.91883 56.1461 41.1409 0.447071 11.7861 9.66164 11.2869 27.4943 0.708884 0 185.085 6.16266 1.21492e-05 0.0236322 8.65471 7.94612 0.874611 6.62424 
244.004 173.559 62.3059 69.0194 0.0740861 3.16543 114.348 206.687 113.585 7.83375 96.9114 143.316 0.545903 24.6545 9.47532 48.8279 52.0824 0.105618 28.0682 19.182 0 3.27421 6.2089 47.0123 28.9897 49.1027 11.1899 27.7791 
0.44488 24.0381 0.605701 0.752344 39.4207 6.665 29.6241 63.0317 0.0491457 44.1929 74.5061 62.3786 85.266 10.8775 0.700346 4.95729 3.33478 24.183 2.18633 1.32677 24.6994 0 15.2473 11.5476 18.4362 1.29442 12.5921 9.5141 
3.99218 0.71257 12.5442 7.99301 0.116994 1.42879 44.2095 85.2124 96.2163 16.9522 111.592 18.4682 16.3076 6.43907 18.4903 8.06329 0.627796 0.922567 0.084583 0.0151493 8.09625 15.243 0 16.7667 1.13629 10.0146 0.885479 5.64128 
47.0394 29.6172 3.098 11.3624 55.3155 15.4685 61.668 95.63 0.798135 6.36689 28.2177 107.022 70.1818 0.184262 9.7272 23.0808 12.4044 0.372299 10.2437 4.07467 43.9292 7.74468e-05 1.89809 0 3.12469 9.17968 6.851 4.67614 
372.633 366.748 4.68398 371.39 13.7102 363.957 79.7562 0.346739 491.588 45.5188 52.5553 1098.75 1.30742 16.3392 8.97336 6.60069 380.632 59.6214 28.6263 6.76859 3.73124 66.8636 14.0873 30.0111 0 86.3322 23.6944 107.797 
69.9318 69.458 10.0936 41.0536 15.528 21.5199 60.3556 233.693 1.22711 42.1012 165.94 179.342 28.6579 7.53008 1.31984 17.621 0.0696765 2.2894 17.6883 1.09844 9.36368 0.122786 4.29249 5.78068 24.5409 0 6.44575 2.82754 
8.73486 5.47305 17.7813 12.9701 14.3828 11.7082 60.4511 99.2153 78.0464 47.3668 19.5237 72.5945 0.123249 6.96126 4.17796 12.707 19.5848 0.560877 4.57752 10.1046 7.26632 12.5375 13.457 4.17311 32.473 23.3082 0 92.9716 
15.6878 2.39806 8.68404 7.41877 14.6169 4.72204 2.17246 114.602 52.1648 13.277 44.1312 86.78 9.50689 8.33694 0.581451 0.104386 10.3659 19.8362 9.38115 10.6732 50.5387 4.49009 0.135031 11.606 38.0382 54.7182 48.761 0 
