0 142.691 149.671 143.428 40.5424 251.798 28.9614 303.441 143.433 151.413 69.8382 149.06 78.1717 28.0362 49.8719 17.6527 170.054 160.046 11.5763 37.8078 54.7591 23.2701 10.9098 22.4743 212.636 0.8334 18.4096 2.93269 
150.888 0 324.627 183.919 72.907 274.391 12.7575 226.388 424.909 36.6519 7.09724 127.196 58.4276 10.1286 0.0786707 83.8563 203.506 682.674 28.8644 10.7536 152.379 8.75535 0.0343164 53.1311 204.028 37.1591 1.69316 29.9652 
3.47263 151.502 0 240.277 69.8044 44.2837 100.607 272.379 69.5475 5.39342 101.438 25.2516 70.3355 5.27326 30.6016 14.8777 14.1347 59.8598 57.278 4.266 69.9327 9.99153 7.32152 9.65386 25.327 27.5178 17.8584 16.1847 
146.211 413.336 414.179 0 8.57619 209.915 70.5053 940.219 143.809 13.9986 24.1752 259.878 45.1335 22.6608 25.2225 29.7442 144.261 143.979 23.9692 8.78162 232.577 16.2575 19.2159 12.8554 143.103 43.6747 4.611 21.1478 
214.456 428.143 135.357 158.9 0 387.012 401.254 211.252 3.50162 328.978 248.623 49.801 95.016 58.7597 55.7189 63.8109 0.00661735 4.59826 32.4888 13.4881 12.4159 11.1351 9.43329 4.20367 6.80045 6.15233 32.6936 31.2666 
275.285 355.55 3.64625 188.074 112.869 0 49.6024 120.629 152.216 787.423 260.549 98.9907 540.899 19.4324 38.175 0.63686 152.922 9.38375 0.958034 2.58071 4.16883 20.078 15.0864 2.93184 153.404 5.16281 19.3268 0.443645 
1.30781 7.23818 135.708 191.791 219.644 487.51 0 126.718 1126.07 223.704 2.42373 267.417 4.89889 77.4791 9.50036 103.772 24.1035 49.746 0.00288449 94.6136 131.683 26.5355 31.6516 37.5063 2.21842 99.4512 53.74 0.442428 
21.5053 0.304127 26.4543 272.374 215.302 141.321 71.749 0 503.383 106.93 346.164 239.21 0.108373 124.191 66.5053 205.288 37.6548 126.571 114.464 117.415 187.067 12.5542 101.9 49.0037 161.662 78.4205 63.6081 7.48716 
382.77 437.841 290.977 473.204 355.008 260.857 300.774 56.4651 0 223.302 821.643 143.528 120.219 12.1128 216.969 39.5613 169.249 172.321 23.2758 105.604 109.209 0.00763738 80.3139 44.9464 143.216 49.814 3.46197 45.6383 
5.63957 18.4665 0.0146151 104.717 9.38305 298.645 279.209 0.722442 380.406 0 373.784 237.61 329.42 39.0365 133.273 71.8656 0.562177 112.542 16.1868 52.754 37.2704 15.8916 50.0396 58.2175 47.1581 0.136714 4.44526 17.829 
194.698 155.807 102.049 64.3746 210.214 258.709 44.6868 10.8786 544.631 360.941 0 401.371 2.53749 207.009 402.638 222.315 1.04636 68.9138 7.35286 63.8781 109.193 36.0463 1.3256 39.9958 139.471 162.475 66.535 1.24182 
38.4025 105.635 83.6153 175.433 117.559 30.0354 187.871 20.2867 262.251 10.6671 492.853 0 86.3186 139.797 267.155 452.529 63.3684 3.98334 10.4857 15.4899 31.5704 39.4785 42.4966 176.393 242.048 116.155 12.262 13.7132 
40.7931 4.81335 57.1797 7.74472 143.821 98.3347 185.943 147.761 77.688 1.03562 125.589 158.458 0 25.5786 26.8852 2.4153 2.77987 104.564 75.5641 1.23704 69.2373 73.5033 27.5191 65.5332 18.9801 2.73047 0.979456 30.6466 
37.0903 62.3701 0.570771 2.12966 41.5332 17.0021 13.4553 25.0813 0.58096 58.8706 150.892 56.4674 156.333 0 0.0326646 13.0819 13.8032 47.8875 21.0188 4.15848 11.0328 2.39127 8.12227 2.12843 16.5875 1.73276 3.00039 3.82588 
0.00790868 96.6729 9.9022 21.8784 76.0337 6.98334 29.1434 172.013 22.9301 5.42356 364.912 146.072 3.58159 13.2916 0 35.9513 15.3276 55.6157 38.5549 0.100116 27.5765 16.8128 1.25216 0.00013583 12.4029 7.27568 17.3333 10.5719 
10.5019 4.1525 4.4079 5.30944 6.56503 16.5583 91.593 130.319 100.326 1.72402 221.354 481.519 36.1979 17.1442 5.14638 0 25.6707 54.8808 10.6052 9.11452 62.636 9.08076 6.32827 11.4754 0.857641 20.5506 13.5694 0.287681 
246.321 254.825 10.193 189.194 50.7912 154.76 107.022 47.2857 251.057 0.944637 22.9264 14.4011 15.3188 1.44206 19.4694 21.9208 0 58.0776 185.991 22.9056 25.3936 19.9436 9.15669 0.0444711 151.863 0.817999 5.75598 21.6814 
197.759 99.1482 55.1051 30.9718 144.705 123.982 73.0957 78.156 219.387 118.769 166.622 1.98808 21.32 44.2107 6.47838 8.18225 249.452 0 42.3296 18.154 4.13419 37.0484 15.8543 48.2486 58.625 3.27487 12.9806 16.2259 
103.328 31.4057 8.27004 55.5575 35.8847 30.0427 19.8459 50.6673 131.468 4.54229 0.485635 93.7561 51.2083 0.00946862 7.08076 3.04223 184.243 65.9665 0 5.60122 3.56719 1.52596 18.5071 16.3773 0.013673 8.22602 18.7809 24.745 
212.055 98.2479 19.6489 9.05887 2.41169 0.0244777 2.90873 5.88692 0.655722 42.3071 4.80278 58.6313 41.4646 0.401128 11.7754 9.67852 10.6407 25.1655 0.505837 0 224.555 6.13227 0.000746498 0.0120852 8.91097 8.184 0.959626 6.81165 
243.291 175.483 56.8936 64.6143 0.313093 3.96461 117.471 205.275 107.807 9.03028 93.3132 139.833 0.347671 25.4473 10.362 47.579 51.0539 0.342696 26.7634 4.77757 0 3.04466 5.75539 47.2439 30.2238 50.2499 10.6343 26.894 
0.576195 24.9064 0.695543 0.6497 40.3882 7.09514 28.3404 63.6072 0.142416 42.784 75.2296 61.1411 83.576 10.9041 0.53163 4.67511 3.14737 24.7582 2.40032 1.39151 24.3609 0 15.2375 11.9037 18.5777 1.41656 12.5354 9.60032 
4.49429 0.479969 12.5018 8.42832 0.241371 1.6612 46.0047 82.9428 97.5468 18.5064 107.684 21.8265 19.3732 7.33567 17.1196 8.64433 0.718664 1.13651 0.0467304 0.0236592 7.59123 15.2433 0 14.6236 1.44371 9.90162 1.04223 5.84275 
48.0174 28.3097 3.41331 10.6285 55.5982 15.1689 60.4092 100.493 1.36943 7.40092 32.1334 116.572 70.2748 0.0636841 8.30593 20.9395 12.1289 0.245501 10.604 3.96804 43.4273 0.0137969 3.55898 0 3.00803 9.75463 7.36848 5.00459 
150.574 146.665 4.09502 149.451 14.8475 142.938 81.4451 1.6076 270.68 43.6085 57.7828 262.692 1.69597 16.196 10.0112 11.3645 160.151 59.516 28.3619 6.50262 4.34675 87.2164 13.5278 25.1388 0 85.1904 103.728 38.819 
71.3405 71.0829 9.23547 41.9344 14.2285 22.1652 57.2549 234.324 2.40657 44.4558 164.86 221.118 27.4191 7.94704 1.89919 15.6867 0.118086 2.77118 17.1683 0.95752 10.3836 0.0867727 4.56921 6.33849 23.3793 0 5.29212 1.13661 
8.09552 6.01905 17.9724 13.5234 13.7309 12.0445 60.5256 99.7236 77.5664 47.4984 21.0894 69.0238 0.0669954 7.16401 3.84147 12.2687 19.4153 0.434979 4.8113 10.1877 7.75007 12.4754 13.4847 4.62314 33.7097 21.7381 0 92.0289 
14.5979 2.90729 9.18593 6.72029 13.7538 4.34284 2.76948 111.125 49.6456 14.3691 47.1732 94.6786 8.87399 8.08125 0.798258 0.233317 10.0581 20.6251 9.74237 10.7694 50.7201 4.34418 0.185556 11.8781 37.6726 50.9874 40.3403 0 
