0 68.0878 154.88 67.08 36.7945 174.481 32.3272 301.755 68.3738 152.139 67.4712 152.297 77.256 27.5911 50.5108 18.4331 93.4639 156.158 10.7826 44.4049 58.6936 23.4962 10.6233 21.991 137.368 0.66573 18.7322 3.14614 
70.4444 0 348.629 115.697 59.9043 192.415 7.50101 230.86 339.613 40.0482 5.73772 124.12 60.145 9.64828 0.0269061 83.6566 125.823 60.6527 26.8568 9.42156 154.044 9.01034 0.0159014 53.4841 127.797 38.0192 1.81521 29.4667 
5.10458 127.367 0 257.604 65.7732 42.8337 93.4214 274.032 54.7391 6.25006 107.09 27.6652 70.6495 5.45741 30.286 14.5443 13.5982 56.8419 56.8795 3.97515 67.8302 9.92709 7.20825 9.50644 25.1296 27.4928 17.9323 16.3609 
73.9757 344.687 402.66 0 7.33385 134.392 74.7732 64.8417 69.635 12.9903 26.6661 259.83 44.4443 22.7316 24.7371 30.3857 68.8292 144.474 23.3146 8.12624 570.626 16.2203 19.1774 12.5658 67.5966 43.8631 4.45143 21.4651 
210.085 412.114 131.537 159.844 0 367.214 393.784 212.596 5.22164 326.929 246.746 48.0131 92.4933 58.255 54.6269 63.2877 0.0659301 5.72786 37.829 14.3099 13.176 11.4624 9.10963 3.98427 7.12988 6.50627 32.4283 30.8798 
199.554 283.665 2.98496 111.308 835.379 0 667.384 116.279 71.5353 917.639 257.353 101.299 96.5798 19.2568 37.7899 0.537849 76.8384 10.3261 0.670643 2.74588 3.83998 20.1281 14.9996 2.81231 78.0544 5.40255 19.3805 0.49611 
0.674095 3.43568 143.029 189.641 232.849 571.668 0 136.479 1046.92 244.17 4.93762 269.744 6.0887 76.4411 10.7775 103.707 25.0269 52.9121 0.0163392 94.4987 132.529 26.0416 30.938 38.1906 1.9216 99.4987 53.4685 0.348186 
24.7758 0.0567784 22.209 267.873 216.393 145.442 79.8634 0 523.949 103.435 341.867 190.947 0.207029 123.708 69.8431 210.988 38.4205 124.682 114.745 117.449 188.737 12.9224 102.007 50.9987 164.35 83.743 64.5461 6.68026 
304.435 371.379 269.403 397.876 355.489 167.271 216.509 43.4873 0 212.962 574.605 152.314 123.112 11.9758 229.528 41.7314 94.4962 169.842 24.6519 105.824 106.951 0.0218967 81.2581 46.0253 67.4094 51.7996 3.71628 44.6626 
6.43891 21.0106 0.00377395 105.132 6.69836 333.452 258.709 1.17366 377.461 0 398.26 239.152 327.408 40.3051 133.535 73.0146 0.44303 111.092 17.3277 53.0096 38.0812 16.4254 50.5399 58.453 46.4288 0.0697555 4.25434 18.2904 
194.557 151.405 96.4343 60.8946 213.53 261.769 53.5534 13.6728 569.206 335.766 0 388.54 1.72085 205.189 405.875 224.024 0.900985 67.1346 6.75306 63.1832 110.476 35.4056 0.962075 38.3407 138.571 161.572 67.1342 1.00114 
40.9883 102.541 80.1722 181.119 119.464 31.9293 183.075 7.09392 253.496 12.4593 498.986 0 88.0835 137.507 269.296 436.79 63.9135 4.45388 10.9796 16.2181 33.0281 38.8703 44.1931 178.104 221.031 101.667 13.1265 12.1126 
41.7725 5.45334 56.5082 7.31436 141.8 96.189 188.634 147.553 80.5514 0.21323 121.09 158.15 0 28.91 28.7612 2.82781 2.59724 104.336 75.042 1.34233 68.9112 74.5244 28.9096 65.953 18.5378 2.94316 1.05087 30.9303 
36.6762 62.8258 0.501313 1.99288 42.1959 16.7737 14.3549 26.5018 0.546097 57.6983 155.414 59.3853 155.98 0 0.375824 13.5892 13.9257 47.6432 21.1844 4.13687 10.7669 2.50498 8.39492 1.95127 16.5716 1.62218 3.07252 3.72633 
0.0293177 96.734 9.44071 21.3771 76.9116 7.48648 31.1734 170.177 19.9821 4.37836 374.713 138.513 4.37725 10.6062 0 30.8823 15.5201 56.0737 38.5481 0.0846495 28.0346 16.8829 1.01074 0.0100145 12.8339 7.71203 17.2232 10.821 
9.87975 4.56301 4.66995 5.77789 6.98219 16.8914 90.6804 123.185 97.9861 2.12749 223.192 471.589 37.3773 16.7842 2.98329 0 25.6268 55.1878 10.815 9.07502 62.5414 8.98455 6.56842 12.4236 0.885131 19.8178 13.4067 0.224942 
171.027 181.041 10.6772 113.127 48.7545 78.6452 106.656 48.0732 175.855 0.788413 22.3105 13.9522 15.7095 1.38013 19.2848 22.0382 0 52.1126 45.1093 23.1573 24.9463 19.8945 9.25258 0.055015 76.0968 0.763603 5.8415 21.6042 
200.772 95.3523 58.1021 32.8681 148.45 123.908 76.6658 76.1327 219.239 117.421 167.185 2.32679 20.6082 44.5071 6.1424 8.51966 244.171 0 40.4757 17.3598 4.549 37.1973 16.1212 48.2104 58.5091 3.49015 12.7687 16.5185 
102.455 33.5389 7.75854 55.981 41.4482 31.4899 21.3824 51.7351 132.821 3.936 0.660618 94.1525 51.9927 0.00359324 6.83792 2.91191 178.793 63.9109 0 5.82636 3.79676 1.59573 18.6184 16.5085 0.0067914 8.40747 18.8776 24.6652 
208.822 100.625 19.276 8.39527 2.79094 0.0441193 2.52342 5.27055 0.85571 41.8473 5.1693 59.5906 41.5831 0.383871 11.7689 9.68258 10.3922 24.2763 0.435975 0 239.088 6.11996 0.00154478 0.00862799 9.00984 8.27553 0.993647 6.88423 
242.698 176.125 54.7999 66.3318 0.450543 4.29835 118.649 204.592 105.544 9.51633 91.9009 138.429 0.282557 25.7547 10.7152 47.0838 50.6483 0.471415 26.2595 1.74753 0 2.95742 5.58288 47.3256 30.704 50.6861 10.4209 26.5494 
0.631762 25.2443 0.732063 0.61173 40.7601 7.2642 27.8425 63.8206 0.191752 42.2273 75.494 60.6495 82.8594 10.9084 0.472091 4.56616 3.0757 24.9811 2.48596 1.41698 24.228 0 15.2157 12.0363 18.6319 1.46533 12.5118 9.63293 
4.69667 0.401787 12.4817 8.59842 0.30172 1.75577 46.696 82.0306 98.0219 19.1212 106.099 23.1927 20.6174 7.65799 16.5683 8.86423 0.755576 1.22558 0.0350158 0.0274761 7.39821 15.2254 0 13.719 1.58574 9.854 1.10635 5.92079 
48.3879 27.8024 3.53892 10.3452 55.6972 15.0487 59.9036 102.336 1.63237 7.82109 33.7025 120.225 70.2738 0.0336086 7.77054 20.0546 12.0214 0.203263 10.7445 3.92631 43.2251 0.0277356 4.31617 0 3.07277 9.97654 7.57173 5.13378 
74.5088 71.3709 3.87489 73.4309 15.2986 67.268 82.0722 2.34482 194.971 42.8591 59.8397 989.687 1.86025 16.1322 10.4231 15.3976 84.6795 59.4644 28.2555 6.39935 4.59775 90.4559 13.32 23.817 0 75.1893 139.986 23.9955 
71.8616 71.6926 8.90678 42.2461 13.7347 22.4092 56.0398 234.093 2.96963 45.3657 164.272 237.214 26.9375 8.10766 2.15099 14.9357 0.140333 2.97036 16.9654 0.905114 10.7916 0.0744391 4.67738 6.5582 22.926 0 4.86922 0.68031 
7.85222 6.23754 18.0438 13.7389 13.4799 12.1747 60.5439 99.888 77.3638 47.5415 21.7094 67.626 0.0497092 7.24232 3.7135 12.0964 19.3482 0.390291 4.90338 10.219 7.94153 12.4497 13.4917 4.80243 34.18 21.1217 0 91.2547 
14.1812 3.11795 9.38224 6.45557 13.4229 4.19865 3.02046 109.717 48.6656 14.8016 48.3634 97.7397 8.63229 7.9806 0.89149 0.297138 9.93884 20.9332 9.88365 10.8053 50.7826 4.28763 0.207327 11.9811 37.4943 49.4043 37.1048 0 
