0 43.9524 157.068 41.8986 35.2348 148.519 33.8185 300.959 43.4414 152.434 66.4625 153.673 76.8611 27.4003 50.783 18.7712 67.8313 154.477 10.4501 47.138 60.4088 23.593 10.5014 21.7844 112.295 0.599608 18.8708 3.23981 
43.7977 0 358.502 93.7995 54.6737 164.463 5.66722 232.742 310.19 41.5401 5.19847 122.798 60.8833 9.44538 0.0130161 83.5649 99.7223 421.819 26.0139 8.87575 154.744 9.12053 0.0101497 53.6336 102.312 38.3885 1.86876 29.2532 
5.89742 117.428 0 264.113 64.0626 42.2059 90.3733 274.618 48.8651 6.63532 109.522 28.7273 70.7792 5.53684 30.1471 14.4008 13.3704 55.5597 56.7038 3.85314 66.9278 9.8993 7.15961 9.44309 25.0434 27.4794 17.9635 16.4359 
50.5447 322.288 392.027 0 6.83004 109.2 76.6198 524.806 45.2138 12.5682 27.7656 259.72 44.148 22.7605 24.528 30.6577 43.6926 144.665 23.0352 7.85153 247.216 16.204 19.16 12.4418 42.4292 43.9379 4.38373 21.6006 
208.175 404.991 129.877 160.219 0 358.638 390.383 213.149 6.06183 325.914 245.905 47.2535 91.4111 58.0362 54.1574 63.0604 0.110185 6.24882 40.2242 14.6682 13.5081 11.6037 8.97236 3.8919 7.27318 6.66074 32.3142 30.7139 
174.263 259.959 2.7208 85.5917 574.718 0 725.574 114.41 44.7207 673.867 255.883 102.282 200.722 19.18 37.6195 0.497909 51.4215 10.7424 0.563036 2.81804 3.70295 20.1487 14.9617 2.76171 52.9503 5.50654 19.403 0.519465 
0.46609 2.23224 146.151 188.667 238.495 606.416 0 140.719 1009.7 252.969 6.28275 270.693 6.63716 75.9902 11.3476 103.668 25.4264 54.29 0.0422761 94.4409 132.883 25.8303 30.633 38.4837 1.80073 99.5099 53.3508 0.311256 
26.2417 0.0108279 20.4935 264.768 216.837 147.19 83.4422 0 532.444 101.939 339.942 171.549 0.258983 123.487 71.2835 213.357 38.7495 123.866 114.86 117.453 189.434 13.0815 102.046 51.8588 165.471 86.0478 64.9464 6.34768 
278.013 350.007 260.059 372.599 355.589 134.682 183.798 38.4096 0 208.511 1018.84 156.111 124.346 11.9353 236.689 42.6726 69.6503 168.765 25.2516 105.91 105.981 0.0302514 81.6581 46.4885 42.121 52.6557 3.8279 44.2448 
6.79705 22.1467 0.0194766 105.296 5.68333 348.194 249.906 1.40017 376.035 0 408.549 239.771 326.361 40.8493 133.612 73.4994 0.396292 110.464 17.8267 53.1165 38.4296 16.6557 50.7513 58.5503 46.1147 0.0478931 4.17366 18.489 
194.477 149.513 94.0447 59.4209 214.924 262.978 57.5676 14.9645 579.825 324.897 0 382.907 1.419 204.342 406.845 224.679 0.841957 66.3745 6.50342 62.8834 111.022 35.1313 0.823926 37.6376 138.169 161.158 67.3889 0.90587 
42.1164 101.218 78.7023 183.522 120.276 32.7543 181.002 3.50274 249.71 13.2679 501.368 0 88.839 136.502 270.091 429.4 64.1459 4.66335 11.1943 16.5343 33.6607 38.6096 44.925 178.795 211.097 95.6541 13.5048 11.4547 
42.1937 5.73933 56.2174 7.13323 140.921 95.0969 189.759 147.454 81.7847 0.0498762 119.165 158.006 0 30.3857 29.5785 3.01417 2.52084 104.234 74.8147 1.38875 68.7698 74.9543 29.5111 66.1274 18.3491 3.03667 1.08223 31.0515 
36.498 63.0179 0.472879 1.93554 42.4791 16.6747 14.7478 27.1193 0.55313 57.1914 157.32 60.6462 155.754 0 0.636507 13.8029 13.9781 47.5371 21.2548 4.12752 10.6537 2.5543 8.50492 1.87713 16.5634 1.57576 3.10361 3.6839 
0.0426406 96.7519 9.24502 21.1619 77.2831 7.70639 32.0586 169.356 18.7755 3.96367 378.562 135.27 4.74173 9.5291 0 28.7646 15.6027 56.2681 38.5437 0.0784118 28.2311 16.9119 0.914865 0.0218838 13.0193 7.90161 17.1755 10.9278 
9.61814 4.74447 4.78403 5.98376 7.16445 17.0335 90.2806 120.134 96.976 2.31302 223.902 466.573 37.8837 16.6228 2.23003 0 25.6074 55.3176 10.9052 9.05772 62.4977 8.94299 6.67122 12.8331 0.904056 19.5014 13.3365 0.200398 
145.94 156.598 10.8872 87.7127 47.8884 53.215 106.492 48.4109 150.808 0.725738 22.0483 13.7615 15.878 1.35398 19.2054 22.0881 0 49.6334 101.102 23.2647 24.7552 19.8732 9.29371 0.0598782 50.8136 0.740855 5.87831 21.5709 
202.032 94.5457 59.3974 33.6931 150.046 123.861 78.209 75.2681 219.151 116.835 167.415 2.47999 20.306 44.6329 6.00094 8.66608 241.821 0 39.6893 17.0235 4.73264 37.2605 16.2358 48.1928 58.4576 3.58438 12.6782 16.6443 
102.073 34.4695 7.54375 56.159 43.9359 32.1149 22.0558 52.1933 133.391 3.689 0.743781 94.3188 52.328 0.00192978 6.73491 2.85684 176.293 63.0324 0 5.92394 3.89713 1.62606 18.6657 16.5645 0.00457118 8.48567 18.9188 24.6306 
207.315 101.632 19.1147 8.11706 2.96166 0.0542945 2.36644 5.01642 0.949472 41.6488 5.33028 60.0004 41.6327 0.376583 11.7657 9.68389 10.2862 23.8982 0.407604 0 245.121 6.11461 0.00197442 0.00732421 9.05208 8.31457 1.0084 6.91529 
242.39 176.382 53.9055 67.7308 0.51704 4.44529 119.147 204.276 104.571 9.72799 91.2933 137.82 0.25671 25.8861 10.8679 46.8699 50.4737 0.532837 26.0442 0.904058 0 2.92037 5.50963 47.3592 30.9097 50.8712 10.3299 26.4016 
0.656353 25.3892 0.747978 0.595796 40.9187 7.33691 27.6294 63.9103 0.215129 41.9874 75.6044 60.437 82.5424 10.9092 0.447634 4.51962 3.04519 25.0766 2.52307 1.42796 24.1709 0 15.2033 12.0922 18.6549 1.48645 12.5015 9.64675 
4.78464 0.370385 12.4724 8.6714 0.329635 1.79701 46.9911 81.6346 98.2182 19.3864 105.409 23.7882 21.1591 7.79073 16.3294 8.95728 0.771674 1.26473 0.0305107 0.0291985 7.31609 15.2147 0 13.3222 1.6504 9.83297 1.13436 5.95418 
48.5449 27.5852 3.59326 10.2242 55.7377 14.9966 59.6842 103.117 1.75205 8.00419 34.3823 121.778 70.267 0.0236256 7.54451 19.668 11.9753 0.186373 10.8047 3.90838 43.1372 0.0351798 4.65719 0 3.11932 10.0713 7.65912 5.18938 
49.1012 46.2939 3.78211 48.0419 15.4933 42.0275 82.3356 2.70264 169.7 42.5368 60.7246 358 1.93291 16.1035 10.6009 17.4427 59.5223 59.4405 28.2093 6.35512 4.70735 90.8691 13.2327 23.3531 0 69.6406 151.151 21.6163 
72.0803 71.95 8.76686 42.3742 13.525 22.5125 55.5179 233.912 3.22883 45.7542 163.991 244.044 26.731 8.17618 2.26336 14.6147 0.150438 3.05773 16.8784 0.883056 10.9684 0.0694379 4.72379 6.65276 22.7316 0 4.69257 0.520054 
7.74888 6.33221 18.0739 13.8312 13.3727 12.2303 60.5499 99.9528 77.2742 47.5585 21.9771 67.0258 0.0430859 7.27579 3.65921 12.0222 19.3193 0.371869 4.94307 10.2323 8.02415 12.4384 13.4941 4.87998 34.3797 20.8567 0 90.8545 
14.004 3.21039 9.46657 6.34337 13.2821 4.13743 3.13116 109.104 48.2457 14.9882 48.8746 99.0485 8.52949 7.93727 0.932963 0.326794 9.88777 21.0654 9.94435 10.8205 50.8079 4.26343 0.217021 12.0247 37.4118 48.7056 35.7322 0 
