0 20.9768 159.94 17.254 33.2002 122.494 35.8514 299.829 18.8459 152.813 65.1236 155.499 76.3325 27.1458 51.1441 19.2253 42.2607 152.223 10.0144 50.6265 62.7204 23.722 10.3396 21.5097 87.4637 0.516758 19.056 3.36671 
17.4759 0 371.227 73.3421 48.0306 135.793 3.61817 235.22 279.517 43.5635 4.51992 121.034 61.8702 9.17779 0.00225828 83.437 73.5285 760.784 24.9077 8.17172 155.664 9.26825 0.0044813 53.831 76.9325 38.8811 1.94133 28.9689 
7.04082 104.604 0 271.847 61.7992 41.3637 86.3455 275.286 41.496 7.16592 112.772 30.1689 70.9473 5.64321 29.9585 14.2092 13.0688 53.8608 56.4652 3.69289 65.7231 9.86211 7.09467 9.35846 24.9268 27.459 18.0046 16.5353 
28.2168 300.863 373.634 0 6.18471 84.2009 79.0935 891.487 21.4219 12.0149 29.2601 259.492 43.752 22.7977 24.2483 31.0177 18.7831 144.898 22.6639 7.49128 10.9308 16.182 19.1359 12.2765 17.4797 44.0323 4.29413 21.7805 
205.596 395.28 127.643 160.692 0 347.294 385.667 213.863 7.27817 324.433 244.748 46.2462 89.9677 57.742 53.5308 62.7547 0.186742 6.97799 43.5133 15.1515 13.9563 11.7932 8.79054 3.77031 7.46617 6.86916 32.1619 30.4925 
149.125 236.872 2.3869 59.9031 132.409 0 229.74 111.915 18.1137 440.801 253.833 103.588 520.536 19.0762 37.3876 0.447019 26.1379 11.3092 0.434107 2.9155 3.52397 20.1753 14.9104 2.69482 28.0814 5.64632 19.4325 0.551411 
0.248182 1.02869 150.288 187.321 246 650.953 0 146.419 957.427 264.704 8.32484 271.912 7.40382 75.3834 12.1282 103.604 25.9626 56.1461 0.0956861 94.3558 133.348 25.549 30.2266 38.8742 1.64556 99.516 53.1925 0.265205 
28.2562 0.00561997 18.305 259.294 217.404 149.501 88.3034 0 543.451 99.9484 337.298 146.998 0.337279 123.178 73.2127 216.444 39.189 122.775 115.007 117.448 190.345 13.2946 102.089 53.0097 166.939 89.1417 65.4787 5.91689 
251.35 330.035 247.54 347.329 355.624 100.168 143.738 32.1006 0 202.565 356.717 161.202 125.987 11.8979 247.453 43.9371 45.1283 167.319 26.0599 106.017 104.685 0.043487 82.1869 47.1063 17.0178 53.8019 3.97914 43.6886 
7.2888 23.703 0.059415 105.504 4.45744 367.539 238.182 1.73305 373.982 0 422.056 240.556 324.793 41.5753 133.681 74.1383 0.337988 109.622 18.501 53.2565 38.8951 16.9646 51.0304 58.6763 45.6948 0.0251105 4.06721 18.7547 
194.353 146.985 90.8752 57.4707 216.758 264.494 63.1155 16.7728 594.375 310.355 0 375.274 1.06157 203.15 407.745 225.478 0.766378 65.3636 6.17753 62.4818 111.746 34.7658 0.656334 36.7062 137.617 160.58 67.7267 0.786147 
43.6392 99.4555 76.7483 186.691 121.355 33.8667 178.227 0.662508 244.634 14.3829 504.31 0 89.8443 135.143 271.033 418.98 64.4545 4.94986 11.4834 16.9597 34.5109 38.2619 45.9051 179.677 197.359 87.8307 14.0166 10.6044 
42.7566 6.13165 55.8271 6.89488 139.738 93.5306 191.23 147.313 83.433 0.00893895 116.6 157.803 0 32.3964 30.68 3.27156 2.42061 104.094 74.5086 1.4518 68.5798 75.5202 30.318 66.3547 18.0982 3.16347 1.12472 31.2126 
36.2595 63.2712 0.436219 1.86023 42.8559 16.5418 15.2785 27.9507 0.58301 56.5115 159.828 62.3356 155.383 0 1.0889 14.084 14.0479 47.3944 21.3484 4.11498 10.5033 2.62057 8.64488 1.78006 16.551 1.51477 3.1452 3.62753 
0.0642613 96.768 8.98613 20.8747 77.7737 8.00333 33.2522 168.232 17.2211 3.44189 383.356 130.949 5.24935 8.16726 0 26.0042 15.7127 56.5255 38.5362 0.0704674 28.493 16.9497 0.794198 0.0448391 13.2671 8.15679 17.1112 11.0704 
9.27397 4.99164 4.93777 6.26296 7.41085 17.2225 89.7398 116.072 95.6234 2.57225 224.775 459.204 38.5602 16.4013 1.39233 0 25.581 55.4888 11.0257 9.03429 62.4365 8.88729 6.80808 13.3815 0.935938 19.0779 13.2426 0.169852 
121.086 132.603 11.1698 62.4285 46.7404 27.9133 106.268 48.8613 126.011 0.646181 21.7005 13.5091 16.1036 1.31948 19.0994 22.1543 0 46.4022 250.995 23.4075 24.5008 19.8445 9.34858 0.0666803 25.7059 0.711034 5.92746 21.5261 
203.684 94.1166 61.1342 34.8044 152.164 123.785 80.2787 74.1169 219.01 116.048 167.711 2.69169 19.9057 44.7997 5.81459 8.86287 238.61 0 38.6489 16.579 4.9829 37.3443 16.3889 48.1683 58.3873 3.71185 12.5579 16.8124 
101.558 35.7251 7.26122 56.393 47.345 32.9525 22.9672 52.8051 134.141 3.3718 0.862312 94.5376 52.7739 0.000509691 6.59848 2.78416 172.808 61.8639 0 6.05507 4.03296 1.66691 18.7286 16.6391 0.00229204 8.59019 18.9736 24.5841 
205.195 102.963 18.8984 7.75188 3.19692 0.0694935 2.16478 4.68675 1.08199 41.3827 5.5485 60.5453 41.6976 0.366964 11.7611 9.68524 10.1454 23.3971 0.371244 0 252.962 6.10739 0.00262962 0.00575212 9.10827 8.36646 1.02821 6.95663 
241.929 176.707 52.7158 70.2197 0.612839 4.64475 119.806 203.835 103.273 10.0136 90.4818 137 0.224165 26.0614 11.0729 46.5833 50.2397 0.620563 25.7576 0.207139 0 2.87133 5.41262 47.4026 31.184 51.1165 10.2089 26.2045 
0.689844 25.5824 0.769452 0.574862 41.1294 7.43408 27.3456 64.0282 0.248385 41.6661 75.7487 60.1522 82.1105 10.9093 0.415995 4.45771 3.00472 25.2037 2.57293 1.44263 24.0945 0 15.1838 12.1656 18.6855 1.51479 12.4874 9.66503 
4.90312 0.330504 12.4594 8.76879 0.368757 1.85264 47.3833 81.1025 98.473 19.7414 104.48 24.591 21.8888 7.96231 16.0086 9.08023 0.793402 1.31789 0.0249859 0.0315755 7.20711 15.1975 0 12.7862 1.7401 9.80435 1.1722 5.99863 
48.7525 27.2959 3.66612 10.0633 55.79 14.9266 59.3892 104.149 1.91803 8.25109 35.2954 123.834 70.252 0.0130417 7.24633 19.1464 11.9138 0.164984 10.8851 3.88444 43.0189 0.0464735 5.12607 0 3.1989 10.1973 7.77593 5.26368 
23.8307 21.4641 3.65986 22.7957 15.7544 16.9781 82.6819 3.21876 144.596 42.1062 61.9072 543.554 2.03188 16.064 10.8391 20.4266 34.5824 59.4069 28.1472 6.29619 4.85534 90.4871 13.1179 22.8306 0 61.366 160.138 22.4805 
72.3675 72.2895 8.58122 42.54 13.2474 22.649 54.8209 233.594 3.59061 46.2711 163.591 253.063 26.4558 8.26724 2.41723 14.1879 0.164471 3.17609 16.7623 0.854055 11.2059 0.063044 4.78576 6.77921 22.4725 0 4.46135 0.339614 
7.61197 6.45939 18.1134 13.9543 13.2303 12.3045 60.5562 100.034 77.1523 47.5799 22.3354 66.2245 0.0349953 7.32031 3.58724 11.9231 19.2805 0.347997 4.99615 10.2498 8.13482 12.4231 13.4967 4.98398 34.6444 20.5029 0 90.2576 
13.7689 3.3356 9.57911 6.1949 13.095 4.05639 3.28184 108.278 47.686 15.2383 49.557 100.789 8.39314 7.8793 0.989656 0.368531 9.81973 21.2421 10.0254 10.8404 50.8404 4.23119 0.230274 12.0823 37.2959 47.7563 33.9167 0 
